2.80997,1
1.8261,0
3.03205,0
1.62214,1
2.00891,0
2.12756,0
3.43839,2
4.18885,3
2.67715,2
3.03975,1
4.41413,1
2.67082,1
1.80164,1
2.52742,2
3.14239,1
2.18219,0
2.16958,0
2.00889,3
2.22097,1
2.60644,0
2.9178,2
2.55483,0
1.75201,2
2.38737,0
1.50954,0
2.51674,2
1.22624,0
1.13688,3
2.03959,2
3.00614,1
2.64145,3
0.841721,4
4.40377,0
2.16286,1
2.12623,0
0.953352,2
2.25933,1
2.34923,1
0.760311,2
1.69268,0
1.53401,1
1.52326,1
2.94761,1
1.98993,1
3.42245,1
2.16149,2
2.06208,1
2.24323,0
2.3698,2
1.95035,0
0.794982,0
1.47812,2
1.70843,0
3.27348,2
2.95622,0
1.90017,1
2.24418,0
3.10361,1
1.96147,2
1.69183,2
1.74165,1
3.38185,1
1.94437,2
2.59295,0
1.79819,2
1.78581,1
2.5612,2
1.29203,0
2.08284,2
2.00334,2
2.4386,4
3.10748,3
0.862676,0
1.27782,0
1.94577,0
1.88181,1
2.36822,1
1.08358,3
4.0747,2
3.65432,4
1.4403,1
2.20269,2
2.99686,1
1.68988,2
3.08413,1
0.936323,2
2.9926,0
1.4027,3
1.72497,2
4.65618,2
1.42888,0
2.5111,3
1.99896,2
3.52206,1
2.22918,1
3.88386,0
1.9777,3
1.89534,2
2.66906,1
2.27683,1
3.42295,2
2.12607,5
1.02005,0
1.4248,1
5.30136,1
1.81392,2
3.75258,0
1.45596,2
2.36915,0
1.95052,0
3.15531,3
3.38166,1
3.5274,3
2.09941,0
2.70353,2
2.75821,1
4.76544,1
1.88863,1
2.56778,0
2.01638,0
2.23391,1
0.847221,0
2.22935,1
4.31415,2
1.24675,2
2.66927,1
2.79031,0
2.21364,0
1.66531,0
1.97132,0
1.67362,1
3.61418,1
1.46961,2
1.67318,2
1.09406,1
1.33491,1
0.741227,2
3.68305,1
4.19386,2
1.50065,3
3.05436,2
1.50065,1
1.62993,0
1.30357,0
1.43828,1
1.32348,2
1.50124,1
3.17034,0
1.8795,2
1.35998,1
0.940819,3
1.01814,2
2.12305,2
4.40735,0
1.80838,2
4.09186,1
1.96341,2
1.88942,4
1.91957,0
1.84285,0
1.46516,1
2.25698,0
2.73509,1
1.45723,2
1.95784,0
2.45685,1
2.96404,0
0.954467,0
1.88289,0
1.49497,3
1.90356,2
4.73622,0
3.07847,1
2.56551,1
5.14205,1
1.9604,3
1.53924,0
2.45515,3
1.71283,0
2.66252,1
2.83378,1
2.55875,2
2.80071,4
1.94756,1
1.10575,1
3.16582,2
0.845836,0
2.926,1
2.21828,3
2.51349,1
0.792296,4
2.08381,2
1.90328,0
2.65397,1
1.21682,1
2.3317,3
1.60841,2
1.0037,1
2.11658,2
1.96194,1
2.54241,2
2.30062,0
2.91143,0
2.14256,2
1.64378,1
5.87553,5
2.25236,5
1.78443,2
1.91853,0
2.56378,0
1.67408,0
2.10026,0
2.0958,1
1.73541,1
2.08311,1
2.2162,1
3.92896,4
3.09121,2
2.57374,0
1.49081,1
4.07271,1
5.60658,0
1.89782,2
2.62596,2
2.30251,1
2.5795,1
4.98658,3
2.09817,2
4.21168,1
1.76773,2
1.14662,0
2.46347,0
2.08464,1
2.224,1
2.61601,2
1.73559,0
2.04087,2
2.34678,1
2.18467,1
1.06757,2
4.1945,2
1.8196,2
2.01807,1
3.65926,0
2.39188,1
3.17308,0
3.29659,2
1.56287,2
4.02008,0
1.5946,0
2.68626,3
2.58615,3
4.27621,1
4.15498,0
3.49946,1
1.52385,1
2.96264,0
1.42079,0
3.12071,1
1.79918,1
3.02438,1
1.37249,3
1.11303,0
1.51499,3
2.63043,0
2.62794,1
2.35679,1
2.81458,1
1.27713,1
2.12297,1
5.99163,1
2.96474,2
2.23248,1
2.16823,1
2.64567,2
1.34343,2
3.91576,1
2.36685,1
3.092,3
2.83028,1
0.894996,3
2.17829,3
2.5162,1
2.08692,2
1.09485,3
2.39113,3
0.853298,3
1.86525,2
1.14455,1
0.798176,2
1.67076,1
3.08718,1
1.15061,1
2.69412,1
1.5177,0
1.51348,3
1.70865,1
4.58466,1
1.25619,1
2.6027,2
2.61727,0
3.05676,1
4.65292,3
3.53814,0
3.69074,3
1.42405,0
3.30965,3
0.930183,0
3.34787,0
2.17252,0
1.37993,2
0.949425,1
1.65777,1
2.03817,1
1.91893,2
1.22134,1
1.87032,1
4.41127,0
1.74447,4
1.81465,1
2.84067,0
1.1898,0
1.98287,1
2.62317,4
2.70089,1
2.32045,1
1.78756,1
2.73426,0
2.7116,5
1.98475,2
1.80658,1
1.25046,1
1.99111,0
4.0169,0
1.61008,2
4.67544,1
2.18522,0
1.52967,1
1.59981,0
2.17927,1
1.73783,3
1.75771,1
1.5148,2
1.83802,2
3.59522,2
2.51235,0
2.21232,0
1.06165,0
2.02607,2
1.8823,1
3.18899,4
2.24875,1
2.02369,1
3.18491,2
1.17397,0
1.94565,1
3.67046,0
2.37381,0
1.4044,1
0.952849,2
1.5256,1
2.51077,1
2.56641,1
0.951951,0
1.56144,1
1.61076,1
2.14982,2
3.71047,0
2.61425,2
2.9328,1
1.26238,1
2.04394,1
2.9861,2
2.68492,3
1.88484,1
2.50823,1
1.30773,2
1.23083,2
2.51695,3
1.43759,1
1.22438,1
1.55051,3
1.21499,0
1.91952,5
3.54704,4
2.57995,3
2.84019,0
1.64255,0
2.4849,1
1.50472,2
2.94792,0
3.52084,1
2.69186,0
2.29667,0
2.03566,3
2.88241,2
2.31781,1
2.27624,2
2.64525,1
2.14595,0
2.41094,1
1.93421,0
1.79036,0
1.6322,1
4.68306,1
3.95245,1
1.70082,0
2.72136,1
1.08044,0
4.88782,2
1.18282,2
4.0693,1
1.48451,0
5.42184,0
1.86713,2
1.90529,0
1.20583,1
2.78055,1
3.56751,3
2.54178,0
2.49193,1
1.87813,0
2.62297,3
2.22962,2
2.09721,0
2.34774,1
1.55299,0
1.9832,1
1.66897,0
3.32951,1
2.34397,3
3.84081,1
0.937472,1
2.81948,1
3.44848,1
2.57348,2
1.97399,1
2.92518,1
0.724468,1
1.14407,1
1.3173,2
2.75473,3
0.969033,0
1.21059,3
1.56256,0
3.74865,1
2.82883,1
1.4965,2
1.2074,1
2.23027,2
2.99286,1
5.42558,1
2.4514,2
2.75555,2
3.77397,1
1.64302,2
2.03796,1
4.87727,0
1.89068,0
1.33236,0
2.42496,0
4.64679,2
1.00204,1
0.964883,0
5.19794,1
2.62165,2
2.00681,2
1.67567,1
3.12862,0
3.07207,1
2.41473,0
1.44279,1
1.06519,1
1.97478,1
2.11063,3
4.27669,3
2.25059,2
3.27638,3
4.90114,2
3.14064,4
1.4813,2
1.59284,0
1.37758,1
2.05276,0
2.13449,3
1.12408,2
2.13338,1
3.78996,2
2.24608,2
1.54885,1
1.46192,2
1.33264,3
3.76742,1
2.31962,2
2.14875,3
1.9443,2
1.40576,1
4.20259,1
1.93116,1
1.19542,0
2.4597,1
3.49784,2
3.50171,3
1.64394,2
1.7785,1
1.51253,1
2.79587,1
1.86054,4
1.81545,1
2.00663,2
2.52185,3
2.23127,2
2.23704,2
1.63591,2
5.53674,0
3.56859,1
2.86544,1
1.69391,2
4.14276,3
5.51583,0
2.45461,1
4.33151,3
2.88543,1
2.82039,4
2.38736,1
1.69102,1
3.67195,3
1.23693,1
4.17114,1
1.45949,1
2.60662,1
3.27895,2
1.43967,2
2.13306,2
2.00414,4
2.34668,0
2.42109,0
2.08531,1
1.06406,2
1.20127,1
1.18415,1
2.3087,0
3.36101,1
2.0891,1
4.31201,0
1.01923,1
1.38818,0
1.87616,1
2.35357,2
2.03862,2
2.2969,1
1.53775,1
2.97444,3
2.87812,2
2.45466,1
2.23463,1
0.931963,1
2.483,2
4.21476,0
1.55343,0
2.38323,3
2.00149,1
3.9956,3
3.36003,1
2.49314,2
1.59265,0
4.49405,0
2.49637,0
1.43886,0
0.938001,0
3.01648,1
1.93126,0
2.33948,2
3.50302,1
4.50691,0
3.19441,0
0.888893,2
4.3765,3
2.42205,0
1.05475,1
3.75879,5
2.3703,0
2.45604,1
2.49549,1
1.29823,1
2.43659,0
0.953088,0
2.55758,0
2.26137,2
2.2991,0
2.89637,2
1.99376,1
4.01175,0
4.30591,0
1.8455,0
1.13604,0
4.1251,1
1.53573,3
1.46781,0
1.43747,2
3.60426,2
1.38584,1
2.43687,1
2.49255,1
1.41402,0
1.53524,1
1.59114,0
2.25801,1
1.57713,1
3.09878,2
2.14105,0
1.30775,1
1.90473,0
4.45266,0
0.760948,2
2.80297,3
1.83007,0
1.52919,2
1.94025,1
2.39862,0
2.31904,1
1.6679,2
0.941135,2
3.08636,2
1.08965,1
1.2652,2
2.36109,1
2.24413,0
2.25472,0
1.50291,0
1.68929,0
5.20456,2
1.01204,1
4.62686,3
1.43863,3
2.47431,1
3.1617,0
1.38685,1
1.43518,2
5.21937,1
3.91638,1
1.73616,0
2.17613,3
4.81867,1
2.62528,0
2.00407,2
2.16956,0
1.39752,2
1.59869,4
2.92218,0
1.45842,1
1.55713,2
8.86665,3
3.16399,0
1.50667,0
2.21307,3
1.51169,0
2.40292,3
3.46833,0
3.60233,1
4.73694,1
1.93545,0
3.33755,3
2.31984,0
2.06864,0
1.22032,0
4.61145,1
2.61132,0
4.24881,2
1.33389,2
2.29696,1
3.70481,2
2.21289,2
2.03893,2
2.16572,0
7.30229,2
2.29921,1
3.23351,0
1.69642,2
1.40009,0
1.81755,3
1.97872,1
1.79492,1
1.22492,0
2.71932,3
3.03979,1
3.1355,2
1.99232,1
3.27651,0
2.11897,1
4.35561,5
2.40056,0
2.60008,1
0.937539,1
2.78054,1
1.81232,0
0.691644,3
1.39048,0
2.00164,2
2.03507,2
1.56915,0
2.42843,2
1.45011,3
1.33578,2
3.84506,1
2.1163,2
1.65667,0
1.71225,1
3.53809,2
1.86932,0
1.53783,0
4.63499,0
2.89272,2
1.76482,1
2.52107,3
1.23375,3
1.87652,1
1.44058,0
1.51028,1
3.25042,1
2.91488,0
2.42633,1
1.875,2
2.32742,1
1.61431,1
4.31958,1
2.88484,1
2.3033,5
2.06392,2
2.01023,0
3.23045,0
1.8215,1
1.98749,0
1.6805,3
2.61787,0
2.41861,2
4.80835,0
4.32539,2
3.32084,1
1.25452,4
4.70974,1
4.65584,3
2.6396,0
1.68875,1
2.65171,2
2.79967,1
3.36849,2
1.2657,1
2.46568,1
1.35793,0
1.9643,1
0.905866,0
2.31721,0
2.04338,3
1.85474,1
2.06387,2
1.69906,2
2.28632,2
1.52556,1
1.82545,1
5.16195,0
1.99738,1
2.18925,2
5.08138,2
1.73561,1
1.20572,0
1.45807,1
2.21249,0
1.96678,1
2.077,3
1.15638,2
2.49101,0
2.81992,0
1.63612,1
1.08454,1
1.07553,1
3.48381,1
2.14786,2
2.81049,1
5.10324,4
2.02375,2
1.13766,1
3.2334,1
0.957682,0
2.75373,4
2.37419,2
1.35437,3
2.8092,3
3.20685,1
1.85192,1
2.14914,2
1.97809,1
2.00523,1
2.90539,3
2.10505,1
1.34995,0
1.17473,1
1.91428,0
1.30207,2
5.11042,2
1.61558,0
2.32735,0
4.97474,2
1.90626,0
2.22793,0
1.83411,0
1.34045,1
1.22758,1
1.3479,1
2.6995,1
1.70397,2
3.4167,1
1.46664,0
3.11593,3
3.29922,1
6.16305,1
1.74564,1
2.4339,2
5.55888,1
4.64386,2
1.57338,0
2.3554,2
2.06558,1
3.1138,2
1.2773,1
3.54117,1
2.03203,1
6.47093,1
1.18619,4
4.00137,1
3.49609,1
2.53086,1
2.13501,0
2.69,0
2.44634,3
1.31391,1
1.61576,1
1.72411,1
1.87048,0
1.24149,0
2.63468,1
2.05591,2
3.43508,1
2.13259,0
1.91231,1
1.07146,0
2.2691,3
2.0525,1
2.72708,2
1.02833,1
2.70071,0
1.10559,1
4.06216,1
1.90993,1
2.18409,1
4.67604,0
2.8749,0
2.58873,0
2.98115,1
2.60632,1
0.802062,1
1.97635,1
1.12501,0
1.57527,1
2.60573,1
3.64757,0
2.91409,1
1.15531,1
1.39448,2
2.38362,2
2.22183,1
1.64398,2
1.16873,0
2.8022,0
1.86303,2
2.77507,1
2.25065,2
2.71812,1
1.63066,3
1.67024,3
5.806,2
4.31119,2
2.81435,0
5.54502,0
1.83746,0
2.64895,3
2.07673,2
2.02657,1
2.32299,2
2.31482,3
2.14566,0
3.72968,1
2.58742,0
2.6843,1
1.87317,2
1.42901,1
1.26515,3
2.46473,1
2.52291,1
1.5,3
2.18022,0
1.66161,0
1.62009,0
3.98282,4
3.19096,1
1.52992,3
1.4879,1
1.57904,0
1.17961,1
2.56646,2
3.25598,3
1.43234,1
1.19712,3
1.90927,2
2.54244,1
1.40045,3
4.29833,0
2.20639,0
2.20806,2
2.10812,0
1.64925,1
3.38121,1
2.80558,2
1.36491,1
4.79456,0
2.30222,0
0.970532,3
2.62693,2
1.23356,2
3.43756,1
2.01127,0
2.10163,1
1.27149,2
1.46262,0
2.32548,1
1.5527,1
2.74842,1
2.67588,0
1.70383,2
2.7985,0
1.82558,2
1.42993,2
3.03026,0
0.747346,3
2.57066,1
4.16226,0
4.09318,3
1.15169,2
1.70041,0
1.20766,0
1.20235,0
3.73743,0
1.13187,0
1.07532,0
2.47491,0
2.33859,2
1.07791,1
2.00745,0
2.9009,0
2.08864,2
2.03944,1
1.60238,1
2.52686,4
2.25587,2
2.82763,2
0.879058,1
1.60308,2
2.01457,0
2.12623,0
1.77248,0
3.08274,0
2.45838,3
1.62274,1
2.86263,1
3.09985,3
1.29757,0
2.25083,0
2.40443,1
2.28486,1
1.54942,1
4.37184,3
1.28189,4
1.95179,2
1.6584,0
2.55257,2
1.32098,2
3.19061,2
1.72907,2
2.31431,1
1.08376,2
2.3903,0
2.32603,0
2.70937,2
1.81678,2
2.47721,4
2.42859,2
1.5765,0
2.22479,0
1.99511,2
2.29996,2
3.47924,1
1.68109,1
1.35728,0
1.25259,2
1.37787,0
2.35252,2
1.82463,1
2.11487,0
2.35205,1
1.23867,2
2.08906,0
1.87993,3
5.92879,0
2.66966,3
2.0278,0
1.76101,2
0.965162,0
1.99434,1
1.42527,1
1.00474,0
1.90295,3
1.50001,2
3.33214,1
2.66868,2
2.41517,0
2.49512,3
1.9347,1
2.24044,3
2.95018,0
3.16733,0
1.96318,1
3.22644,1
1.67057,2
2.15677,1
3.75334,1
1.75951,2
2.06194,1
1.73657,1
2.28826,0
4.01859,1
4.56439,1
1.38792,0
3.58799,1
2.10265,2
1.80969,1
1.10347,0
2.50443,0
1.97382,2
0.814858,3
2.28549,2
0.785846,2
1.15693,2
1.4555,2
2.67323,0
2.53643,5
3.14298,1
3.66115,2
2.57775,0
3.37025,1
2.69406,0
0.979828,1
1.0829,1
3.45801,1
2.21585,2
1.058,1
2.64945,2
1.54993,1
0.969769,0
5.49566,0
1.56613,0
2.97097,3
1.07899,2
3.54996,2
1.31786,0
0.766479,1
1.65243,1
2.35355,0
1.21094,2
3.53751,0
2.5825,0
1.99291,3
3.41383,1
4.45833,1
1.57459,2
2.48059,1
2.49914,0
2.83393,0
1.34215,0
2.37778,1
1.82167,2
1.4297,1
1.74315,0
2.99712,0
1.68434,2
1.44521,1
4.4178,0
3.18091,0
2.83058,1
2.13222,4
1.19392,0
1.71635,0
1.2192,0
2.55015,1
1.24022,2
1.56496,4
1.83716,1
1.56744,3
1.13706,1
2.91004,2
2.72515,2
1.13217,3
2.4148,3
1.74815,3
2.43077,1
1.73195,2
4.24151,1
2.2098,1
2.07714,2
1.13881,3
3.23184,1
1.02975,0
1.50868,1
1.4705,3
2.91789,1
2.56287,0
2.5888,4
3.05508,0
2.23267,2
1.63865,0
3.76872,0
1.32735,1
2.08207,2
1.48241,0
3.05003,1
1.46455,1
1.64916,0
2.61236,0
1.3668,0
3.24062,3
2.29213,4
2.1882,0
1.34769,2
3.15687,2
2.13563,1
2.76227,3
2.54063,2
3.25552,3
3.93253,2
1.85254,0
1.86535,1
2.2313,2
2.0759,1
2.502,2
2.13844,1
2.94503,3
2.61017,2
0.921876,2
3.20374,1
1.92564,0
2.1818,0
5.15185,1
0.969864,2
1.67201,0
2.24543,3
1.72544,2
1.54837,1
2.74889,3
3.59519,0
3.89445,1
1.6435,0
7.29146,2
1.06157,1
1.12389,3
1.12202,0
1.08169,0
2.92255,0
3.57368,1
2.3525,1
1.73395,0
1.57146,1
1.21356,1
3.20514,1
2.44739,3
1.17984,1
1.3252,1
5.17405,0
2.86526,1
1.05285,1
3.30673,2
0.857158,1
1.94709,1
2.44916,0
3.54034,3
5.17571,0
0.930025,0
1.8671,1
2.2488,1
2.26639,0
1.46819,2
6.88928,1
3.31754,1
2.46878,1
2.27553,0
2.28864,4
1.05594,2
1.08108,0
3.46651,1
1.65422,2
1.44814,1
2.60938,2
1.12051,0
2.33697,1
3.09574,1
3.73141,2
2.32628,0
1.70703,1
1.8714,0
2.6367,1
3.25867,0
1.15592,0
3.87932,1
3.57946,3
2.63201,1
2.87241,2
3.74985,3
2.1454,1
3.47173,0
2.43027,1
1.65269,2
2.1496,2
1.81819,1
2.2953,3
3.32659,2
1.83042,1
1.80311,4
2.0236,2
4.78758,2
1.4061,2
3.25449,3
2.75034,3
2.46933,5
1.907,0
1.88573,2
0.884444,0
1.7386,2
3.42104,1
0.89839,2
1.27586,1
1.82699,0
1.76596,0
1.35739,2
1.25214,1
1.76604,2
1.30623,2
3.0897,0
1.28569,3
2.35791,1
1.41039,1
1.70018,1
2.32901,1
1.55218,0
1.54671,1
1.44137,0
3.98133,0
1.22769,1
2.26389,0
1.6936,2
3.72595,2
2.46949,0
1.25616,2
1.95722,1
1.2166,0
1.45032,2
1.97376,0
3.40267,4
2.12352,1
3.90857,1
2.89618,1
1.66853,3
2.00156,3
4.68266,2
1.13723,3
2.23451,1
1.58187,1
7.31614,2
2.60047,2
1.18298,3
1.07818,2
2.43192,2
1.48098,1
1.07523,1
2.82309,1
2.37961,0
1.41368,0
4.43357,3
1.95367,2
3.07884,1
1.92622,2
3.04118,1
3.95848,2
1.93925,5
1.43243,0
1.06294,1
1.38911,0
2.84741,0
1.94154,3
3.13764,1
2.00377,1
2.92432,0
3.06547,4
3.17661,0
2.01539,0
2.03838,2
1.81121,2
1.74451,2
2.60336,0
1.63566,2
1.89532,0
4.58899,0
1.58925,3
2.87713,2
4.48443,2
4.06505,2
1.78713,0
2.77292,1
1.67733,2
3.76208,2
1.64933,0
0.994896,2
3.64649,0
2.38697,2
2.15488,1
1.68727,5
2.09614,1
4.04875,2
2.37371,0
1.79182,2
2.11488,2
2.27058,0
1.18579,4
1.99911,0
2.69065,1
4.22259,0
1.24428,2
3.08871,0
1.80831,1
1.1172,0
1.50595,1
2.1216,0
6.02322,1
2.18012,0
2.79429,1
1.8859,0
2.24367,0
3.42515,3
2.82264,0
2.20472,5
5.59804,0
1.47193,3
2.13291,0
3.47096,1
0.738482,1
1.77834,1
3.36922,0
1.0919,3
1.72846,2
1.4027,1
2.87063,2
2.48816,2
5.09558,1
1.87847,0
2.01715,1
2.28109,0
6.17427,3
1.27122,1
1.34902,3
2.36063,1
4.0793,1
2.1742,2
1.57227,1
3.70473,2
2.46881,0
1.54473,1
2.438,2
3.56252,2
1.04625,1
1.43291,1
1.2983,1
1.25208,0
3.89788,2
1.27553,0
2.14613,1
6.67674,1
2.89652,1
2.77426,0
2.47252,4
2.61388,0
1.65933,0
5.66885,2
0.920867,0
0.984497,1
1.34931,3
1.94806,1
1.89259,2
1.86017,6
1.53707,0
1.57154,0
2.06308,1
2.08535,1
1.49872,1
2.75615,3
1.06753,3
3.00219,0
2.75971,0
0.85674,1
1.27154,1
1.60302,1
2.36853,1
1.07712,1
1.10822,0
2.89528,2
1.2866,1
2.07825,3
1.06143,1
1.46255,1
2.70691,1
1.85637,3
4.60593,1
1.27215,0
2.11575,3
1.48691,1
2.31292,0
2.10629,3
2.04413,2
2.73964,0
4.99793,0
2.70731,0
3.28309,2
3.55083,1
5.02792,0
2.98247,2
4.84405,1
2.04131,3
2.46543,1
1.83331,0
2.74158,2
1.34089,0
1.41571,2
1.13325,1
1.90525,3
1.61272,0
1.3782,1
2.49769,1
1.35776,0
1.37931,1
1.04283,3
3.99197,0
2.98713,0
1.62512,2
1.18345,1
1.55179,2
3.74035,2
3.07162,1
1.5002,2
2.8907,6
1.60624,2
1.3849,2
1.86724,1
4.1268,0
3.12538,0
1.8057,1
1.18521,1
3.39791,2
1.00858,1
6.23127,0
2.0625,1
2.29414,1
1.81652,0
2.62137,1
1.64608,1
3.08849,1
2.0328,2
1.31366,0
1.61931,0
3.52097,2
0.921865,1
1.1684,2
1.86452,2
3.5075,1
1.85592,0
1.18421,2
1.23227,0
3.06015,0
1.66802,1
2.32655,1
1.24254,0
1.82671,0
1.65409,1
1.15562,2
1.94961,1
3.52545,1
1.85624,1
3.9052,2
2.72917,3
1.923,0
1.66822,0
3.67325,2
3.21204,2
1.33395,1
1.93167,1
2.03742,3
2.75703,0
4.33383,1
1.46951,0
3.17884,1
3.08808,1
4.63235,0
1.16555,2
2.49715,2
2.09019,2
1.875,0
3.38684,3
1.00592,1
3.0138,3
1.19439,1
2.20844,1
1.7505,1
1.73367,1
2.84395,0
2.91712,2
1.60276,1
1.74728,4
2.46141,0
5.1279,0
2.17802,4
3.70614,1
1.53875,1
2.09725,1
1.43974,0
1.32727,1
1.3711,0
0.898321,2
2.75059,2
1.79427,0
1.40665,1
2.12662,0
7.54428,1
1.23034,0
3.0272,2
1.58724,0
2.64741,0
1.8213,1
1.37425,4
2.13537,0
1.55623,2
1.20416,2
3.44012,0
1.93113,2
2.57061,1
7.35036,1
2.6068,0
2.27666,1
2.02031,0
3.11032,0
2.17427,1
2.02738,1
2.42009,0
1.27948,2
1.35003,0
2.21826,3
2.40495,0
3.1653,1
3.62893,1
2.25883,3
3.47314,2
0.806987,2
1.87606,0
1.29898,2
1.58836,0
1.75604,0
1.60292,1
0.992081,3
4.80251,2
3.17798,1
4.53699,2
1.89492,3
2.22557,1
3.07113,3
2.62959,0
2.76511,4
3.22899,0
3.35067,0
3.45776,1
2.41299,0
3.9891,2
1.12043,2
2.15446,2
4.14131,0
2.5744,2
2.33655,2
1.27545,1
1.71921,2
2.10385,1
2.77144,0
1.56806,0
1.73486,1
1.33721,2
1.22595,3
1.54341,3
2.22253,0
2.8244,1
2.47252,2
1.64286,0
3.77797,1
1.33002,0
1.97265,2
1.3598,0
2.86459,1
2.32562,1
2.47913,1
1.86871,1
3.37715,3
3.55867,1
2.92539,1
2.99861,1
2.41735,2
1.72605,1
1.76361,1
0.606479,2
1.06475,0
2.39767,2
2.93654,2
2.11261,2
1.09649,1
1.55391,0
3.00509,1
3.29769,2
2.0602,0
1.63408,1
3.95931,1
1.35359,0
1.60058,3
1.59183,0
1.64441,2
1.15863,0
1.24502,0
2.51781,1
3.14744,2
4.48216,0
1.58081,0
1.44425,2
2.82515,2
2.53974,4
4.13786,1
1.40733,4
1.74318,0
1.23992,0
3.70485,0
3.02495,2
1.3889,1
2.07897,0
3.62722,2
0.997186,2
2.90957,2
4.48919,1
2.27755,0
3.02053,2
2.25967,2
1.63079,1
1.4638,2
1.65422,2
2.47956,1
1.42884,1
4.26889,0
1.17907,1
1.61364,0
3.0018,0
2.63292,2
2.95354,2
1.95198,2
3.25266,0
3.13335,0
2.07304,0
2.57699,1
3.03416,0
1.10881,2
2.35135,3
1.76422,1
1.87704,2
3.03433,0
0.918555,2
2.2466,3
1.43079,0
2.13099,1
1.68636,0
2.33008,2
3.24027,2
1.83617,1
3.03052,2
2.82828,2
1.49397,2
3.83024,2
0.822444,1
0.961884,3
2.68458,1
1.16287,2
1.35758,0
1.31709,0
4.0905,1
2.79513,1
2.79734,2
2.41834,3
1.67251,2
2.07902,2
1.49799,1
2.29388,1
0.979247,1
1.37702,2
2.62382,0
2.97454,1
2.77308,5
1.72916,3
2.29399,4
4.40796,1
1.87571,0
2.68531,1
0.744719,1
4.27522,0
1.97443,2
1.91645,2
2.59961,0
2.19728,2
2.37186,2
1.13963,1
1.31708,1
3.86122,0
4.87974,1
4.98006,1
1.50435,4
2.4616,1
0.95668,0
1.59225,0
2.38322,3
4.31871,1
2.43437,2
2.72929,1
2.47246,2
1.10938,2
4.519,1
1.78231,0
4.85368,2
1.12518,3
1.50717,1
2.06162,1
2.32755,1
4.02513,0
2.18018,3
1.23416,0
2.14771,2
1.50995,1
1.94347,0
1.50428,0
2.12057,0
8.09704,2
2.23331,1
1.94036,1
4.11066,2
3.25349,2
3.75313,0
1.35648,3
1.15068,3
2.30047,1
3.44956,0
2.22611,1
1.67316,1
2.14406,0
1.40289,0
2.5284,2
3.21487,1
1.3182,0
1.98076,0
1.61355,1
1.30448,1
1.66707,3
1.97257,1
1.74486,1
1.55521,4
2.64409,1
1.6705,2
1.91599,1
2.23963,2
1.76261,1
1.47928,1
1.76528,2
1.40356,1
2.05519,2
1.91967,1
2.86361,1
2.42425,0
1.54346,0
1.52899,0
1.60898,0
1.74011,2
1.65612,1
1.12311,0
0.727117,1
1.15734,2
2.18616,2
1.98923,0
0.920487,0
0.836255,1
1.15706,1
3.70422,2
1.56942,2
4.0155,3
1.64611,3
2.48412,0
1.50204,2
2.03871,2
2.97425,2
2.46056,2
1.86017,1
3.18242,1
2.02603,1
4.75141,0
3.03782,1
1.33387,1
2.16213,1
1.65298,2
1.59414,2
4.40722,1
1.6709,1
2.52475,1
2.30867,1
2.67902,0
1.55129,1
3.90237,0
1.99088,1
1.44579,0
5.01762,2
2.08194,2
2.41732,1
1.11778,0
2.11062,0
1.345,1
2.17864,2
1.13282,1
4.59075,0
1.75652,2
2.56,2
2.57635,0
1.59036,0
1.92068,1
1.80882,6
3.5791,1
1.4959,1
1.96972,2
2.38077,1
1.69946,2
2.42446,0
4.02454,1
1.91979,1
1.78892,2
2.84121,3
4.36414,1
2.45151,1
5.02792,0
1.40383,0
2.12494,0
1.47285,0
1.03407,1
1.96967,3
1.79827,0
1.32826,0
1.90145,1
2.03845,3
3.97974,0
5.03273,1
2.16264,0
1.05393,1
3.75327,2
3.27399,1
2.89982,0
0.959799,3
2.12556,0
6.3637,1
3.56523,0
3.51868,2
1.45261,1
1.39763,0
2.26256,5
3.57859,2
0.844855,2
1.51396,1
1.65673,0
1.66431,0
4.63431,0
1.63742,2
2.42606,0
2.54022,2
1.10037,3
1.76618,1
3.61151,3
1.48551,0
2.64236,1
4.66356,0
1.66723,1
4.44053,0
2.63979,3
1.5142,2
2.03412,2
2.21523,1
3.61401,4
1.27087,1
3.65977,0
1.28522,1
1.80687,3
3.0552,1
3.71771,1
2.81769,0
1.77689,0
2.67785,3
3.54318,1
2.13404,2
3.05297,1
1.13772,2
2.28047,2
1.68857,5
1.90836,0
3.29389,0
1.11653,2
2.10159,3
2.33473,3
3.33389,1
1.64721,2
3.08867,1
2.98927,0
2.81522,1
3.10747,1
1.62809,0
2.45759,3
1.65107,0
1.98823,3
1.26067,2
2.88107,0
4.25147,1
1.21286,2
1.89935,0
0.999317,1
5.24424,0
1.39055,4
1.63861,2
1.59167,1
2.85993,1
1.27345,0
4.38327,2
1.48205,1
7.64393,1
1.44108,6
2.72975,0
7.20293,1
1.88179,3
1.47693,3
0.758245,2
2.27187,3
1.0839,0
0.939987,5
1.8996,2
2.26894,0
1.54468,0
2.97795,2
2.39237,1
1.91634,0
2.42305,0
1.44361,3
2.25306,1
1.95381,2
2.23808,1
5.75928,0
1.92875,3
2.32189,1
3.23663,1
1.09746,1
2.47526,2
1.7515,2
3.67228,1
1.54233,3
2.86003,3
1.42687,2
4.99863,3
2.22235,2
0.930952,2
2.35697,1
1.7465,2
2.89212,1
1.65416,2
3.24094,0
2.40098,4
1.78224,3
2.87598,1
1.24309,0
4.47247,1
2.21322,4
2.727,2
2.78161,1
1.59346,2
4.60252,0
1.6248,2
2.28179,0
1.34631,4
1.48298,1
1.33251,0
2.20103,2
1.19192,0
1.78347,1
1.62297,0
1.62616,1
1.85365,2
2.17693,1
1.95392,1
1.67421,3
2.01951,1
2.35335,1
4.43494,1
1.61031,1
2.6155,0
1.53562,1
3.1097,3
2.53601,0
2.02034,1
1.67945,5
5.60221,0
5.45271,3
4.61945,1
3.32436,1
2.50864,0
1.19753,0
1.87335,2
1.99545,2
2.82312,0
5.07474,2
2.49245,3
6.04542,3
2.49873,5
3.26688,1
5.72059,0
2.59062,0
1.07852,0
2.03611,2
2.65358,1
1.66298,0
1.94536,4
2.2691,1
4.60088,3
1.03782,0
3.66883,3
3.8716,0
2.00836,3
1.64597,0
1.63147,0
0.721845,1
2.09234,0
1.90528,2
2.13776,1
1.93171,1
1.20046,2
1.9925,2
1.50981,0
4.0032,2
2.83398,1
1.43798,0
2.8444,3
4.69544,0
2.84415,0
1.29134,0
2.47904,1
4.49036,1
1.51273,2
3.85696,0
2.46249,0
1.59471,0
1.09726,0
4.77623,1
2.49641,2
5.20836,2
0.919907,0
2.06268,1
2.9672,0
1.62099,3
1.4162,3
2.06779,1
4.04013,1
2.38534,1
1.05047,2
3.60928,5
2.88533,1
1.37996,1
2.70228,3
2.83013,0
1.59148,1
2.27543,0
2.83371,0
3.55833,1
1.97663,3
3.69794,0
2.67931,1
2.38067,0
1.35751,2
1.95772,2
3.46417,2
0.950521,1
2.99314,3
4.655,1
2.52886,0
2.35365,1
1.44279,2
3.78507,3
2.19841,1
1.79067,0
2.02532,1
2.6093,1
4.86176,0
2.18709,0
2.3631,1
1.78099,1
2.41311,0
2.51109,2
2.61496,2
0.791812,1
2.38632,1
2.71077,0
1.74602,1
2.37337,0
3.1254,1
4.05526,0
0.713134,2
2.28456,0
4.08078,2
1.58177,0
1.63797,0
3.04396,0
2.21574,1
2.18886,2
4.43413,1
1.49454,3
2.09406,0
0.951635,4
2.06321,0
3.47435,1
1.12242,2
3.31865,1
1.80684,3
3.41495,0
2.74873,1
2.63301,1
2.00637,1
1.33221,1
2.62394,1
2.5289,2
3.13353,1
2.94001,3
2.15144,0
1.39293,3
2.49401,2
3.57208,0
1.63893,3
4.9014,1
2.03412,3
1.80166,1
1.35077,1
4.67511,2
2.00796,1
2.84273,1
2.03783,0
1.31155,1
3.74062,3
1.15845,1
1.67909,4
4.43874,1
3.33141,0
1.68948,0
2.75138,0
1.67816,2
3.03369,0
1.42206,0
3.37602,0
2.93999,0
4.00102,2
1.8791,1
1.96359,0
2.135,1
1.88591,1
4.22333,2
2.13964,1
4.43477,1
2.58377,0
2.8096,1
0.963842,2
4.06326,3
1.40162,0
1.73564,1
2.66935,1
2.07714,2
1.43533,0
2.9055,2
1.61652,2
2.33252,3
2.72052,3
3.65521,0
2.84586,1
1.31063,0
1.43092,3
1.96228,1
1.88044,0
1.85581,2
5.40659,1
3.73533,2
2.21305,0
5.05369,1
1.18757,1
1.77126,0
0.766221,2
2.66739,0
3.31099,1
3.02443,0
2.31225,4
1.88975,2
1.36577,2
3.69884,2
1.99631,1
3.71975,0
2.30507,0
3.01187,4
1.4435,0
1.67307,0
1.77199,1
1.38399,2
2.64782,0
2.96151,1
1.63331,4
1.11975,0
2.24394,1
1.90368,3
2.69215,1
1.84284,0
2.19422,1
2.7323,0
2.46172,1
1.52532,2
3.26708,1
2.07664,2
1.78622,0
3.53073,1
0.979504,2
4.74329,3
2.45184,1
1.86957,0
2.94008,2
2.3626,1
1.59286,2
2.17895,0
1.55272,1
2.06896,4
2.2253,2
2.33161,1
1.81104,1
1.96786,0
2.28026,1
1.33345,2
3.94654,1
3.22047,3
1.20234,4
2.73404,1
3.23022,0
2.45439,0
1.43336,1
1.94099,1
2.84214,1
2.61066,2
1.71212,1
1.39827,4
3.35122,1
1.58372,1
2.0976,1
2.73984,0
3.8777,0
3.279,0
1.60175,0
1.53981,0
1.55441,2
1.72526,1
1.9187,2
1.8163,1
2.69048,0
1.93971,3
2.47433,2
3.1098,3
2.30345,1
1.47769,0
1.20802,1
2.34439,0
2.34939,1
1.31454,1
3.46837,1
3.54567,0
2.41621,1
2.55591,3
1.48157,1
1.35006,3
2.35252,0
3.44325,1
2.54944,1
5.44956,1
3.09792,1
1.87325,1
3.03242,2
3.92037,1
2.7882,0
1.31803,1
1.71648,3
1.54719,3
2.62512,1
3.0726,0
1.37428,0
1.47511,1
2.13363,2
1.19873,1
1.36643,0
2.59978,0
1.28625,0
2.63431,1
2.11174,3
1.47128,1
1.49572,2
3.18413,1
1.82332,2
2.07998,0
1.28101,1
1.31131,1
1.60803,0
1.14021,5
1.18243,2
2.68299,0
2.42514,1
1.59427,1
3.10862,1
3.03359,1
3.88036,0
3.83264,0
2.73152,2
0.961959,2
2.03937,2
6.25825,2
3.33325,4
1.03809,1
1.37131,1
2.45861,0
1.81572,2
2.04626,0
2.24933,1
1.80355,1
2.76261,1
2.58084,0
1.95565,7
1.66505,2
3.38923,0
3.10339,2
2.18848,1
2.40111,0
6.51508,3
4.1216,1
1.43929,2
2.15203,0
1.64361,0
0.860544,2
0.804664,1
1.34571,1
3.66502,0
3.23959,2
3.33025,3
1.77529,1
3.69391,0
1.5857,1
1.94231,2
1.33858,0
2.2402,0
1.95605,1
2.67985,1
1.98749,2
1.93142,4
2.15129,3
1.46444,2
1.88122,1
1.88825,0
1.58305,2
3.37511,2
3.03893,2
1.23406,0
2.3254,0
2.06439,0
0.75952,1
6.95951,1
2.16662,0
1.85735,1
2.11515,4
1.73743,1
2.19325,0
1.47426,2
1.62112,2
2.37831,2
4.65616,4
3.26323,0
1.39261,1
1.7911,2
0.990317,1
1.4537,2
1.85914,0
2.05708,0
2.04935,1
1.64572,3
1.60586,1
2.40784,1
1.79002,0
2.80337,1
2.26322,1
1.53682,2
2.86944,0
2.71286,0
2.11783,0
3.52032,1
3.01809,1
2.12321,0
2.17559,0
1.50897,3
1.44802,1
1.25314,1
3.77198,3
1.96456,3
1.61516,1
1.36,1
0.977814,4
2.1154,2
1.63316,1
1.11511,0
1.4298,1
1.82275,1
1.88503,0
2.27003,1
2.35057,1
1.6946,1
1.78061,1
1.18989,0
1.84326,1
1.1068,0
2.56523,3
2.43238,1
1.80516,1
1.63169,1
1.86555,0
1.37207,1
1.30485,2
4.23777,2
2.32995,1
1.1399,1
1.6366,1
1.56447,0
2.98141,1
5.15586,0
0.936244,0
2.35112,3
1.48712,1
2.85365,2
1.82535,0
1.31824,0
2.89579,1
1.65012,0
1.46092,2
1.62588,0
2.52591,3
0.947698,3
2.79637,2
2.21164,2
2.33719,1
1.86684,2
1.37481,0
3.89243,0
4.81922,1
1.41451,0
1.66591,0
3.28584,0
2.74567,4
1.23559,1
1.68602,1
3.93427,1
1.9944,1
1.91561,3
3.1998,0
2.29195,0
1.48083,1
2.16594,0
2.2315,3
2.35305,0
1.59901,0
2.0238,0
2.31952,1
2.1279,1
1.50943,0
1.5485,1
1.04482,1
1.66186,2
1.44481,2
1.11795,0
2.53926,1
1.10894,0
3.23208,3
2.09116,1
1.4048,0
2.59262,3
2.78748,0
3.86911,3
2.5475,1
1.78905,0
1.96897,0
1.21843,0
3.39322,3
1.24286,1
1.86749,1
2.85747,2
4.53488,0
1.4924,3
1.25241,2
4.13097,5
2.52187,1
2.11587,1
2.79082,1
0.720736,0
3.96402,2
1.6412,0
2.28678,1
2.09418,2
2.49824,0
3.0027,2
3.98935,3
2.06635,1
1.66763,0
1.4176,0
1.46953,0
1.56541,3
1.83274,1
1.62627,3
2.33258,1
1.00627,1
1.73166,0
3.1345,3
2.01738,1
1.91128,1
1.41219,0
1.87182,2
2.67526,2
1.53907,3
2.95253,0
1.18997,0
1.47098,1
2.0179,1
0.833463,1
1.23526,0
4.04243,3
3.3228,1
3.06055,0
1.39128,3
0.802968,0
2.31929,0
1.24914,1
2.31242,0
2.3015,2
3.10812,4
2.45724,2
1.48986,1
1.93271,1
1.73856,1
1.52294,2
2.02628,0
2.88037,4
1.37723,0
3.30044,2
3.71986,3
1.57572,3
4.18259,1
1.83059,2
2.57682,0
1.72455,2
2.90242,0
1.10455,0
3.1337,1
1.81753,2
1.34419,1
1.09714,2
1.84489,1
1.45136,1
1.35818,1
2.06084,1
1.48475,0
1.89092,2
1.36313,1
1.56743,1
5.54092,4
1.08965,0
3.7646,2
1.31565,2
0.939634,2
3.72154,4
1.14491,0
1.64173,2
1.92699,2
1.42641,1
2.95484,1
1.35068,4
2.51793,1
2.20724,1
1.28059,1
4.73692,0
1.6193,0
1.32449,1
3.19001,1
4.55979,0
2.15434,1
3.82718,1
1.20265,1
1.17596,5
1.8775,3
0.82624,0
3.05366,2
2.55114,1
1.33102,1
5.45555,0
5.87222,2
0.783563,0
3.57312,1
2.87171,0
3.40212,3
3.81579,1
2.34194,3
2.91854,1
1.71504,1
3.85408,1
2.71007,2
1.36901,0
2.11506,2
1.83137,1
1.7509,1
3.68082,0
1.5875,1
3.60879,0
3.60241,2
2.03913,1
1.76567,1
1.4936,1
1.53266,0
4.76064,1
2.1643,0
1.4847,2
2.00765,1
1.54852,4
1.44595,2
2.61012,0
1.44598,1
1.21194,0
3.20484,2
2.34006,3
1.41778,1
2.61982,0
1.74934,1
0.927614,2
1.40228,1
3.79629,1
2.60892,2
1.34104,2
2.26474,0
1.33986,0
1.70335,1
1.45377,2
1.32831,2
1.70065,3
1.25622,2
1.82842,3
1.38685,1
2.29284,0
1.43758,3
1.41131,1
2.0909,0
2.57676,1
2.33148,2
1.89771,3
1.61004,1
0.945966,1
2.82222,2
3.87612,0
3.92606,1
3.76852,1
1.61073,0
2.7793,2
1.53117,2
2.22634,4
5.35769,3
3.03654,2
1.53052,1
4.43341,1
2.1483,1
5.53621,1
1.64872,3
3.36757,3
4.79377,2
1.9383,1
1.10058,0
2.21354,2
2.78148,1
1.85437,1
2.11097,2
2.66741,3
2.60414,1
2.32064,1
1.08444,0
1.30342,1
0.947885,1
1.66332,1
1.79579,1
3.57483,1
2.31518,3
1.28327,2
2.9097,1
3.70244,0
2.18695,1
2.72144,2
1.63443,1
2.71448,0
6.46376,1
1.76133,2
1.48394,2
4.98221,1
1.492,0
2.16414,1
1.05627,3
1.31423,1
1.63133,2
2.78542,0
2.11372,2
0.961307,2
1.0577,0
2.47754,4
2.52917,2
2.84898,2
2.61766,0
1.96774,0
2.6177,3
2.53676,1
1.55471,1
1.56636,2
2.77438,1
1.41875,1
1.70046,0
3.94248,1
1.81685,0
3.3564,1
1.05205,2
1.60095,1
1.55115,0
2.35125,0
1.10713,2
1.91084,2
1.87237,1
3.60312,2
2.18788,0
3.892,1
4.34417,2
1.95048,1
2.99921,1
1.50343,1
3.35529,0
2.08243,3
4.85103,0
1.6574,2
1.14654,1
1.99014,1
4.16861,2
2.65733,0
3.56676,0
0.66312,1
2.21069,3
2.23337,2
3.88499,2
2.23942,1
1.13923,0
1.69197,1
2.05942,0
1.35214,1
2.7621,1
2.58979,1
1.6478,1
2.71198,2
1.1131,2
1.21666,1
2.56861,1
5.02889,2
2.47015,2
2.34896,2
1.53869,1
1.05666,2
3.47739,0
2.27625,1
1.54417,1
2.40305,2
2.2137,0
2.493,1
2.03423,1
1.42895,1
2.28753,1
3.6131,0
2.76364,0
3.58202,0
1.92695,1
3.0394,2
2.97627,1
0.954969,2
1.06117,1
2.29195,0
1.24962,2
1.22136,2
3.00662,1
2.9593,2
1.32433,1
1.86793,2
3.24056,1
2.06719,0
3.53498,1
2.46155,0
2.30246,0
1.44025,3
1.72488,0
3.40998,1
1.84951,1
1.59255,4
1.42967,3
1.42891,2
1.49189,0
2.70995,2
1.79275,2
2.38265,1
2.11655,0
1.17159,0
2.25144,1
1.85803,1
3.52152,1
1.91125,1
2.49612,0
2.36111,1
2.37909,1
1.02571,3
1.64194,2
2.56855,0
2.27779,0
1.53046,2
1.4502,1
4.63249,2
3.38183,1
1.34968,4
1.91547,1
1.13383,1
3.42279,3
1.5821,0
4.08049,0
4.15592,0
2.76282,1
3.97049,0
3.59054,1
1.96864,1
1.90472,3
4.25686,3
1.05841,1
1.29523,2
1.4456,2
1.29933,1
6.4734,0
1.26397,0
3.14737,2
1.64704,1
3.00188,1
2.36259,2
1.53649,3
2.60714,2
1.57745,0
2.47864,0
2.74754,1
4.63039,1
1.54031,1
3.48082,1
2.55275,1
3.91839,2
3.49035,3
1.71887,2
1.94272,4
2.00256,0
2.16297,1
3.38484,1
0.899192,1
2.00056,3
1.2066,1
5.85305,0
2.72671,2
2.24536,1
2.22501,2
1.7466,2
1.15607,1
1.15223,0
3.2096,1
1.4274,1
1.08888,1
3.21649,1
1.40104,1
0.776287,1
2.22667,2
1.96583,2
1.69032,3
1.67955,0
2.59317,3
1.96344,2
2.46087,1
1.87088,2
3.72062,3
2.43384,2
4.04004,1
1.85372,2
5.11813,1
1.68665,3
2.40372,1
2.94003,2
2.82585,0
3.9149,0
3.17069,0
1.64718,1
1.87021,1
2.37575,1
2.38084,0
1.94077,1
3.0285,2
3.19151,1
1.45802,0
1.28813,0
2.96324,2
1.24296,3
3.19769,1
2.42637,0
3.38031,0
2.8901,1
1.63822,3
1.69766,1
2.24022,2
1.96875,3
1.43771,0
0.885847,1
2.6526,0
1.79065,0
1.37911,2
1.40369,1
3.69465,1
1.6193,2
1.13858,3
2.42957,2
1.31028,2
2.31123,3
2.25666,1
2.04976,3
1.29182,4
2.56345,0
1.92306,1
1.52265,2
2.01712,3
1.79287,0
0.912289,0
3.94259,2
2.72469,3
1.12231,0
3.14907,3
1.6068,1
1.57592,0
3.56854,0
1.46566,1
1.6062,1
3.04397,1
2.18186,0
1.52401,2
2.24045,0
2.48048,2
2.59986,0
2.67524,1
1.27509,3
1.4181,0
1.64258,1
1.98879,4
1.8175,2
1.77862,3
2.27817,0
5.62693,3
1.42181,3
3.19119,3
2.49903,2
1.24549,1
3.87923,3
1.78659,0
2.02903,3
1.22388,1
0.7249,2
3.56925,1
1.53204,1
2.35168,0
3.16736,2
3.95364,1
1.26688,0
1.6412,1
2.35745,1
1.58898,0
1.55479,0
2.29507,1
1.44912,2
1.62303,0
3.23399,1
2.89116,4
2.47803,3
2.05309,1
2.13533,3
1.55033,1
2.56901,1
5.23636,2
1.29846,1
2.25411,1
3.66391,1
1.78125,0
1.38072,0
5.74988,2
1.65056,2
1.03426,1
1.12164,3
1.20673,0
1.27296,3
2.52764,3
0.807182,0
1.65812,1
2.36302,2
1.89277,5
1.93536,1
1.41083,0
3.40435,2
1.38405,0
3.09381,5
2.4093,0
1.62009,0
2.12691,2
1.76644,3
2.40699,1
2.44432,1
4.75097,1
1.81436,3
2.92462,0
2.07016,1
1.41473,1
2.42139,1
4.35774,1
1.14062,2
0.834367,3
3.71937,3
2.91012,4
1.37482,3
1.11349,1
2.2814,0
2.32506,2
0.931102,0
4.11249,2
1.80215,2
1.33728,1
1.31821,2
3.896,1
1.64933,1
1.6658,2
3.56066,0
3.55533,3
1.44574,5
2.21799,0
9.51565,0
3.07601,3
3.619,2
2.27296,0
2.76685,0
2.62802,0
2.72678,1
0.948022,1
2.76638,4
1.60813,1
1.601,0
1.75164,0
1.93978,0
2.07989,1
2.35725,3
4.19973,1
3.06058,0
1.33559,1
2.16889,1
2.16036,1
3.37346,1
2.26993,0
1.96027,1
1.74317,1
2.78374,0
1.45403,1
1.33772,3
1.29944,2
2.16941,0
1.78408,2
2.40173,1
1.76456,1
2.04708,3
1.44216,1
3.07499,1
2.3131,0
1.21033,2
2.17362,2
5.22505,2
1.33904,1
1.38768,3
2.16884,2
4.31912,6
9.58005,1
1.81045,1
1.67604,2
1.77857,1
2.04284,1
2.30949,0
5.88244,1
3.27514,2
1.11997,2
2.24107,1
2.57943,1
5.02416,1
2.88214,0
2.16578,2
2.84816,0
1.40389,2
1.59921,1
1.11961,2
0.866708,0
1.27899,2
2.60747,2
1.11088,0
0.906545,0
1.97335,0
2.98541,1
5.26182,1
2.01548,1
0.579947,4
1.6485,2
1.18966,3
2.01562,0
1.54069,3
1.76158,1
1.28678,0
1.40368,0
2.99776,1
1.36571,3
1.7487,1
2.02322,2
2.4476,0
1.76731,1
2.32833,2
5.95127,1
2.88498,3
2.13664,0
1.67835,1
1.2779,1
2.89336,4
1.37134,3
4.89546,0
2.82784,2
1.68058,1
1.05649,3
2.20702,2
1.64681,0
1.93656,4
3.19387,1
1.8561,0
2.07515,1
1.33415,1
1.48015,4
1.50871,1
2.1414,0
2.52601,2
1.18995,2
4.75007,0
3.28853,0
2.20003,0
2.05133,2
3.193,2
2.39272,1
2.41176,5
2.84466,0
1.48304,2
2.23127,2
5.26101,3
2.76941,4
2.16762,1
1.87064,1
3.81584,1
2.44461,0
2.67935,1
1.55723,1
2.52972,0
1.18884,1
2.27392,2
3.72702,1
2.84293,2
2.45465,1
3.36542,0
1.45428,2
1.73378,2
1.55809,1
1.94227,3
2.10789,2
4.38546,2
2.53233,3
2.50633,1
1.4443,1
2.54922,0
1.11342,0
2.30537,2
3.15875,3
1.23518,2
2.46902,0
5.84257,2
4.50873,1
3.61744,0
2.93321,0
2.89553,2
4.65661,2
1.49353,0
1.83611,2
2.59462,1
2.00941,0
1.8212,2
2.82884,3
0.974359,5
5.42663,2
3.42168,2
1.38862,0
1.54032,1
1.58044,2
1.16774,0
1.79898,1
5.52271,2
2.0822,2
1.30016,1
1.64455,1
2.16066,2
2.6977,0
2.2453,0
1.76519,2
5.22286,0
1.70902,4
1.84988,5
5.27106,3
1.5106,2
2.42136,1
2.13049,0
1.99229,2
1.32225,1
2.37627,0
4.82796,1
1.51111,2
2.41602,1
3.21708,2
2.52691,1
2.89272,2
2.87306,1
2.90419,3
4.32662,3
3.75269,0
1.44992,2
1.90807,3
2.19771,3
3.18768,4
2.33919,1
3.06057,1
1.51485,0
1.05544,1
2.60242,0
5.1656,1
3.31125,2
2.20551,1
3.21356,1
3.34534,1
1.41037,0
2.15562,1
1.66199,0
7.07695,1
1.40952,2
1.82141,1
1.8108,1
2.0897,3
4.88952,0
1.28084,0
2.13017,0
4.31031,0
1.42199,0
0.713323,1
2.78955,1
2.11525,0
1.82528,2
2.31211,3
1.32479,0
2.24464,2
2.90523,1
1.86363,3
1.73081,1
1.76334,1
4.06777,1
1.29609,0
2.99549,0
2.07404,2
2.36305,0
2.65768,3
2.31741,1
1.94626,0
2.46307,0
1.14446,2
2.41821,3
1.56046,1
1.56955,2
2.47519,0
3.81858,0
3.293,0
2.71874,1
0.870746,1
1.66357,1
4.12693,1
2.31624,3
3.65325,4
2.48113,0
1.41841,2
3.70243,1
1.57993,1
1.51055,2
3.68065,2
1.9512,1
3.48921,2
1.04756,1
2.28073,0
1.27035,1
3.49112,0
1.78224,1
2.63047,2
1.59532,3
2.32305,1
3.67376,4
1.79649,0
2.59601,2
1.33865,4
1.0806,5
1.64963,0
5.36222,0
3.20493,3
4.58082,0
2.01024,2
4.22289,0
1.11742,3
0.781264,0
4.33093,0
2.00045,0
1.25912,3
2.26533,2
2.40734,0
1.99066,2
2.55727,2
4.25141,0
2.65202,0
4.87074,2
2.65139,1
3.28316,3
1.67191,2
1.70225,2
2.96024,0
1.24953,0
3.99837,1
3.24768,1
0.860338,2
2.49558,2
3.35619,0
1.81385,4
1.32018,0
4.2612,3
0.999998,3
4.30938,0
2.58266,2
2.56118,2
3.27962,0
2.579,1
2.9872,4
1.36991,1
2.28338,1
5.82473,2
1.89546,0
2.34542,0
2.21829,1
2.61017,1
1.03888,0
2.60016,0
3.58465,3
1.37583,1
1.494,2
1.64651,2
2.19128,2
3.31393,1
2.64418,2
1.17404,3
2.01095,0
2.57795,3
5.69458,2
3.26388,1
1.15729,1
0.962494,3
3.27289,2
1.18703,1
2.33739,3
3.87426,1
1.24154,1
1.70658,2
0.812848,0
2.80863,2
3.22162,2
1.92578,1
1.05123,1
1.32341,2
1.40723,0
3.01694,2
1.38061,2
2.89925,0
2.3176,1
2.47948,2
3.32858,4
2.36494,2
1.75902,0
0.866762,3
2.71109,0
1.53224,1
1.86491,0
1.41584,1
2.53294,2
4.54263,2
2.98658,1
1.49387,2
2.02675,1
1.78662,0
3.55608,3
2.94998,0
1.13367,1
1.76988,1
1.17857,2
4.32844,0
3.96242,2
2.17538,0
4.66557,3
1.80342,1
2.42575,4
1.34464,1
1.90193,1
3.05347,0
1.36355,0
1.53934,2
7.58978,0
2.56051,2
1.35659,1
2.53712,0
2.48881,1
2.2306,5
2.09622,1
2.93801,0
1.52009,4
2.41879,1
4.51013,0
2.78348,0
1.96444,2
1.85245,1
2.71708,2
2.39679,1
2.8091,1
1.71408,2
2.4403,2
3.32868,2
2.635,0
3.35448,0
0.687753,1
2.6724,3
2.84822,1
1.92738,0
3.90193,1
2.99513,1
3.31594,2
3.14783,0
2.52249,1
2.59754,0
2.70875,2
1.02128,1
1.87912,1
2.47352,0
3.32952,1
1.88156,0
2.43605,2
1.41655,1
2.12916,2
3.86996,3
2.54225,0
3.22911,1
1.11975,0
1.6605,2
2.69612,2
1.50777,3
2.98161,2
2.78746,0
1.29497,1
1.85112,3
2.41336,0
1.37828,2
1.8376,0
3.70448,0
3.27384,2
5.46937,1
2.09677,1
4.83957,2
3.00612,3
3.02563,2
1.58601,1
2.46087,3
2.90338,1
1.29084,0
2.92052,3
1.70862,1
2.88097,2
6.10209,0
2.89176,2
3.77719,0
1.56716,2
2.37552,0
2.74521,4
2.47704,1
3.63641,1
1.15302,1
1.86072,3
1.28232,2
2.51449,0
1.7968,0
1.31136,1
0.952293,1
1.51621,0
1.9179,0
2.06252,4
2.95681,1
2.27566,2
1.26209,1
3.11244,0
7.05648,2
1.55801,2
1.21447,1
4.22673,0
4.3021,3
5.01507,4
0.775662,1
3.03579,1
1.46454,0
1.62655,3
1.12119,2
1.81464,3
5.11869,0
0.860337,0
2.322,2
1.57661,0
1.45671,3
2.29594,3
1.58827,1
2.1532,1
3.12776,1
4.78534,2
2.9835,1
3.1821,1
1.05002,1
1.26535,0
3.18483,2
3.76864,2
1.78579,1
3.5769,0
1.35315,3
2.26053,0
2.30989,1
2.74134,2
2.24662,2
6.95342,2
2.08577,3
3.33029,4
1.63925,1
1.40053,4
1.39791,0
1.766,2
1.37497,1
1.94766,0
1.67066,4
0.981254,2
3.16819,2
3.5962,0
2.21771,1
2.21401,2
2.2733,2
2.1991,2
5.336,3
1.71805,4
1.69109,1
3.1426,0
0.902665,1
5.54627,1
1.67155,2
2.15074,1
1.45591,3
2.41239,4
2.17019,0
1.53703,1
2.02987,1
1.83524,0
3.38055,0
1.93472,0
2.01123,0
2.56786,1
2.15911,4
0.766922,0
3.1177,2
1.95597,1
1.91905,0
0.817921,1
1.9856,2
2.18402,1
5.80231,1
1.28252,2
2.22411,1
1.99388,0
3.3707,1
3.67163,0
2.303,0
1.99117,3
2.93143,2
1.5422,1
1.59531,3
5.30817,3
0.926607,3
2.04036,1
1.4604,1
2.15961,1
2.21006,3
2.51838,1
3.00879,2
1.78139,0
1.53631,3
3.5737,1
1.71365,1
3.29271,1
2.55395,0
0.762644,4
1.60967,2
2.47286,0
1.38201,1
2.68666,1
3.53756,0
2.56069,1
1.64292,0
1.12187,1
1.69501,0
3.60406,2
1.36529,1
2.16182,1
2.25823,3
1.93471,3
2.48277,6
1.32173,3
4.13296,0
2.05195,0
2.57483,1
2.74341,2
2.20901,0
0.753022,3
1.13076,2
0.82793,2
1.96393,1
3.87209,1
1.97895,0
1.58738,2
3.27287,1
0.824801,1
0.804989,2
2.26063,0
1.49555,0
6.16176,0
1.19857,0
2.25423,1
1.85834,2
1.74716,1
2.31931,2
2.14164,5
5.67652,4
2.88348,1
3.93574,0
1.71035,1
2.24661,0
2.66751,0
1.6355,1
2.46801,2
1.88607,2
3.24344,1
1.14617,2
3.37284,2
1.9474,2
2.24219,0
1.81883,2
2.60624,0
2.6552,3
1.66385,1
1.31047,1
2.83843,2
2.58095,0
2.7854,2
1.87961,2
1.8709,1
1.51941,0
1.58205,2
1.37092,1
2.16009,1
3.58588,1
3.02474,2
3.77124,1
1.09605,2
2.33354,2
4.17961,5
2.2993,0
10.2868,0
2.20555,0
1.79527,2
4.92033,1
1.75444,0
1.68481,1
2.99023,0
1.00936,2
4.14251,1
1.65112,1
1.98096,2
1.13314,2
1.98091,2
1.14994,0
2.75807,0
1.62928,0
1.70991,3
1.32593,1
1.43911,0
2.59679,1
2.07393,1
0.780492,2
1.45229,0
1.85932,0
2.34932,3
3.27943,2
3.43726,1
4.60386,1
1.36994,0
3.05415,2
2.72402,1
1.21311,2
3.04508,1
2.09124,0
4.51082,1
2.16596,0
1.04402,0
1.93554,0
4.00013,1
2.09271,0
1.55967,2
1.87904,3
1.38966,1
3.56677,0
1.63385,0
2.12978,3
1.24179,2
3.90419,1
2.25647,0
4.30028,2
2.38671,1
3.33992,1
1.38973,0
2.50891,1
2.50021,1
0.895855,0
2.61796,2
1.75326,1
2.36833,1
2.0233,0
2.21431,1
1.93318,5
1.49917,1
1.76564,0
1.83923,1
1.79598,0
1.51205,4
2.02597,1
6.46843,2
2.00858,1
2.22841,0
1.62707,1
2.68456,3
2.2921,3
1.62903,0
2.74248,3
1.66815,0
2.18413,3
1.36632,4
1.8447,1
3.62688,1
2.14796,1
5.10864,1
1.58772,1
1.4722,2
2.18987,3
2.33424,0
2.77251,0
2.65995,1
1.42185,2
1.3427,0
3.64154,1
3.25338,1
3.46421,3
1.19954,1
2.17863,3
0.897108,1
2.17773,2
1.96892,0
2.509,2
2.65358,2
2.16911,0
3.88775,1
1.46097,1
5.45699,3
1.72676,4
1.85147,0
1.69798,1
1.24378,0
1.13418,1
1.06585,1
1.65973,1
2.87596,0
1.09529,0
1.01237,2
2.50839,0
3.7101,0
2.32579,1
1.43188,1
0.906444,0
3.10254,0
2.33958,0
3.74405,0
1.72395,3
1.11937,0
2.7858,2
1.62531,0
3.39713,2
0.861827,1
1.6287,1
1.6215,2
1.12883,2
1.4181,3
5.96876,1
2.46815,1
1.64296,2
1.89469,2
4.01231,3
2.63452,0
3.16577,3
2.1088,1
2.22583,0
3.08813,0
2.2998,3
1.81519,1
4.8832,3
1.19628,1
3.14294,2
1.82257,0
1.56616,2
1.10917,3
7.77217,0
2.56021,0
1.44495,0
3.40826,0
3.85106,1
0.804479,1
2.09378,2
0.812279,3
2.72148,0
2.8055,1
2.34816,2
1.54463,2
4.72773,2
2.32395,1
3.13868,0
2.27625,0
3.49004,3
2.08301,0
3.49185,2
1.14238,3
4.08113,2
3.0402,2
6.40057,4
2.86723,2
1.99115,2
2.02904,4
1.66415,1
2.91194,2
1.55336,1
1.15631,2
2.08384,2
3.31041,2
1.65429,2
2.45808,1
1.30658,3
1.26541,2
2.30123,1
2.89096,2
3.0265,3
3.2285,0
2.07068,1
4.00368,4
2.29901,0
1.65985,1
2.16889,1
0.968806,0
1.60225,2
2.2176,1
2.59017,1
1.41241,2
2.07569,2
4.66849,3
2.05415,1
1.88461,1
1.72539,2
4.12287,1
1.64391,1
1.5435,2
2.15163,1
2.07261,3
3.47359,1
2.04737,0
1.78225,0
3.24097,2
5.98168,3
4.08319,2
3.40009,2
1.50964,2
2.95759,1
1.96546,0
2.07214,3
1.91496,1
3.9257,1
1.56046,1
2.47613,2
2.14006,4
2.20625,2
1.87481,2
1.94582,1
1.5539,0
4.09943,1
1.5711,0
1.31743,1
1.59944,0
1.63053,1
2.2257,1
1.61809,1
2.66377,1
1.10261,2
2.95687,1
1.69398,0
1.7454,0
1.54359,0
5.62325,0
1.38407,1
3.41684,2
1.94664,1
2.25485,0
2.00772,0
2.73864,3
2.23544,1
0.566188,1
1.74729,1
1.81051,0
1.69887,1
2.21728,0
4.00477,0
4.72231,1
1.9439,2
1.51868,0
3.6977,1
2.49113,2
2.62427,1
2.72641,3
3.126,2
2.37857,1
2.32233,0
1.98152,0
2.28623,0
2.3345,3
0.90465,1
1.54267,2
1.24181,0
2.13027,0
0.797081,0
3.42066,1
1.22703,3
1.39001,1
1.88677,0
1.66744,3
2.14857,0
1.12428,0
2.02176,2
4.67422,2
2.41708,1
3.39456,0
2.1317,1
2.96482,1
1.72453,0
1.39894,2
2.34511,3
1.1713,0
4.88071,2
2.61113,1
1.59047,0
1.79759,2
1.56229,0
1.9431,0
4.02531,0
2.36632,1
1.13157,2
2.34975,1
1.15861,2
1.53758,1
2.26511,2
3.98805,0
2.816,0
3.87313,1
2.92758,3
2.36827,0
3.09559,2
2.60128,2
1.34258,1
3.02202,1
3.08869,1
2.08812,2
2.30576,2
5.39383,4
2.5541,1
1.47868,1
1.77686,1
2.06034,3
1.92444,3
2.4176,2
2.73371,4
0.899835,0
2.35788,4
0.949999,0
1.74597,3
2.83111,0
1.49573,1
2.38749,0
4.57396,2
2.47051,0
2.33057,1
2.13238,1
3.668,2
4.24935,1
1.38778,1
3.01687,1
2.66318,4
2.22056,1
2.11916,1
2.68857,0
1.37466,1
2.22483,0
2.63615,1
1.80705,2
3.42177,1
1.65695,2
1.79103,1
2.94229,1
1.10383,1
2.95035,2
1.50783,3
3.44853,1
2.68353,1
1.566,0
2.08518,3
1.83881,0
3.77781,1
1.64265,0
2.98046,1
4.31722,1
2.54428,1
0.853931,0
1.16381,4
2.74607,1
1.44477,3
1.28388,3
1.65273,1
2.63771,2
2.01646,2
1.4281,3
1.82071,1
1.10491,0
1.36968,1
2.22656,1
2.13897,0
1.24292,1
4.28434,1
4.71021,2
2.56639,0
2.50305,3
3.49224,2
2.19506,4
2.62367,0
1.76986,0
3.75437,0
3.31492,1
2.47924,1
2.01064,0
2.26527,3
2.08803,4
2.29973,2
1.70696,0
3.63213,0
2.64575,2
2.87219,0
2.18475,0
4.48813,1
2.12835,1
3.49086,1
3.71906,2
2.43738,2
0.897598,3
2.13958,1
1.13534,2
3.16037,2
2.74278,0
3.27746,0
1.31733,0
1.97297,2
1.36761,3
1.14679,3
1.61889,0
1.82938,1
1.11768,1
3.80276,0
3.38039,1
2.65701,0
2.84119,2
1.8655,3
3.19587,2
2.89045,1
1.60273,2
1.72353,2
2.33817,2
2.00445,0
3.05109,2
2.87113,2
2.74112,1
2.76869,1
1.40907,1
1.90036,3
1.57794,1
1.37524,2
3.88742,1
1.04307,4
1.88025,0
3.64356,0
1.88857,1
1.59775,1
4.06557,0
1.74932,1
2.92248,1
5.0233,1
1.46924,2
2.1444,2
4.96911,0
1.91218,1
3.36887,3
1.73581,2
2.93854,2
1.98,2
2.17691,3
1.15948,1
1.04533,0
4.14781,1
2.54886,2
2.82144,3
3.19612,0
2.16285,2
1.59098,2
3.97162,0
2.66714,0
2.72189,1
2.03476,0
0.985424,1
2.69834,1
2.88766,0
3.06116,1
1.58,1
2.28421,0
4.02194,0
2.08527,0
2.60688,0
1.66255,0
1.6753,3
0.840401,2
2.10757,0
4.05721,1
7.43024,1
3.14657,1
1.51712,1
3.14545,0
1.41016,1
4.7148,4
2.64373,1
1.85727,3
2.62831,2
1.98812,0
2.58006,0
2.16077,4
1.69607,2
2.24942,1
1.36279,1
3.2442,0
3.37492,1
1.71469,1
3.6875,3
2.32843,2
1.45269,3
1.7534,2
2.51512,0
2.05412,1
2.24441,1
4.70549,0
1.78829,0
2.34716,2
1.77703,3
1.20653,2
1.23136,2
2.72152,0
1.1529,2
3.72631,2
1.61624,1
1.14415,3
1.76328,0
3.92952,1
2.97508,2
1.70431,2
3.73615,3
1.40235,1
3.08765,0
2.25769,1
3.87672,1
1.68356,3
2.1606,2
1.31013,1
2.43301,1
1.21759,1
1.96586,2
2.1872,0
2.06171,1
1.44932,2
1.45393,0
2.20955,0
1.43674,3
2.79168,1
1.26329,2
5.35082,2
1.66761,0
1.6113,2
2.32935,2
1.49724,1
2.59327,0
5.89368,3
2.46516,5
0.927904,1
1.93452,0
1.72217,2
2.30319,1
4.19489,0
1.36324,1
3.57548,1
4.1133,0
2.04018,0
2.84595,1
6.24633,2
2.27318,1
1.68197,1
0.792543,3
1.35357,1
1.63208,1
1.84517,1
1.62959,1
1.23811,1
1.87369,2
1.45085,1
1.80822,0
4.76333,2
1.6517,1
1.76884,1
3.88847,0
2.0517,2
2.80159,2
1.44149,1
1.87515,0
2.81223,1
3.26597,2
2.05682,1
2.63161,1
2.75532,0
1.55288,3
1.22466,2
1.54029,1
2.64995,1
1.75316,3
1.92143,1
1.93208,2
5.5299,1
1.3169,2
1.84138,0
1.66227,1
2.99553,0
3.69301,3
2.20295,0
2.38714,0
2.13316,1
3.26498,4
1.69083,0
6.01092,1
1.18971,2
2.13963,1
2.13198,2
1.93832,2
2.27026,2
2.1079,0
3.83204,2
1.32766,1
5.07867,1
2.3721,2
2.63896,4
1.75325,3
1.95149,2
2.25592,1
1.31554,0
2.4705,1
1.76012,1
1.51076,0
1.55093,1
1.90516,2
1.94012,2
1.5004,2
1.36063,0
1.4909,3
5.9216,0
4.51566,1
1.75334,3
2.67675,3
3.03921,3
1.78977,0
3.6328,2
2.30666,0
5.45762,1
2.08243,0
2.08644,0
1.24186,2
2.42482,1
2.1119,1
2.71327,3
2.53121,0
4.63503,0
1.15446,1
4.00624,0
2.13857,0
1.26353,1
1.59263,4
1.85968,3
2.5242,1
1.56416,1
1.65301,0
3.1348,3
1.44161,2
3.19404,0
1.93491,0
2.02351,2
3.79765,1
1.85424,3
1.25302,2
2.05262,2
3.52989,1
4.77172,2
1.24122,1
3.85883,0
2.29822,0
3.07146,2
1.45028,1
1.98162,1
1.73492,3
2.82331,1
1.32118,2
4.80624,2
1.58748,1
1.57262,0
3.46651,2
3.42699,4
3.21229,0
1.75045,1
1.91128,0
2.39635,0
3.33062,1
5.06525,1
1.7786,2
2.02755,0
1.53037,1
1.78917,1
2.83178,2
1.60203,1
2.95564,3
1.25101,3
2.44105,1
2.65688,0
1.89934,4
2.71187,1
1.47646,1
3.19999,2
4.82945,4
3.32539,2
3.02437,0
1.74926,0
2.47565,1
1.53881,1
2.55115,0
1.14717,0
3.30278,0
1.76467,2
2.97098,3
2.46986,2
1.90359,1
2.6283,3
4.3565,1
1.43484,2
2.65263,0
1.80598,1
2.55203,1
2.5341,0
1.65417,2
1.97692,3
3.14611,2
3.76571,1
2.40966,1
3.55215,3
1.56987,2
3.4718,3
1.93097,1
2.62059,2
2.17993,2
1.27172,2
2.76305,0
5.3111,0
2.07053,1
1.37007,1
1.62941,1
3.1298,0
2.21142,0
3.28713,0
2.48668,0
1.45059,1
3.43599,2
2.71023,1
1.53132,1
2.36917,1
3.97444,1
2.41287,2
1.15328,1
1.70591,0
1.70389,2
4.20811,1
1.83554,3
1.89975,0
2.10846,2
2.11455,1
2.03678,2
2.46646,1
2.21568,1
1.85754,1
4.23907,1
1.12285,0
2.72629,0
2.30766,1
3.43098,1
3.32525,1
5.65407,1
4.18728,2
2.01649,1
4.18375,0
3.57427,2
1.27629,5
5.80812,1
2.35657,2
1.84544,1
0.843392,0
2.41253,0
2.55391,3
1.01741,0
1.15814,2
1.55246,2
1.91351,0
2.75783,1
1.83433,1
2.47509,4
1.11417,0
1.49079,2
1.26094,2
6.37802,0
2.28144,3
1.40974,0
1.67248,2
2.30749,0
1.73811,4
5.55603,2
2.48054,2
1.26239,1
1.21735,1
3.33554,1
2.56676,0
2.87271,1
1.90628,4
2.14756,1
1.30212,2
1.36267,0
3.1938,0
2.09913,0
2.36826,3
3.29043,1
2.27779,0
1.16015,4
3.28305,0
1.70659,2
3.04946,2
1.40401,4
1.46152,0
2.52717,1
1.2891,0
1.45189,1
1.26183,0
1.62807,0
1.59858,3
2.91479,3
1.76358,1
1.95336,0
2.35302,0
2.01561,1
1.85556,1
3.61893,2
1.82234,2
2.02941,0
1.48599,1
1.87383,3
2.16884,0
1.93242,2
1.27814,2
2.13361,1
2.7787,1
3.06585,2
6.18625,1
2.08084,3
2.088,1
2.08851,1
1.92324,1
2.17187,0
4.60106,1
2.95434,0
2.53336,4
2.80498,0
1.28709,3
1.76541,2
2.05887,2
1.45716,3
1.02793,0
2.26131,0
2.59848,3
3.19917,0
2.99029,1
1.68999,1
1.21134,1
1.81922,3
2.04169,2
3.45339,1
2.11421,1
1.53821,1
1.52694,2
2.07468,2
3.89225,1
1.65594,3
2.62053,0
0.968091,1
1.46561,3
3.10699,1
1.59378,2
3.32056,1
2.05565,1
2.94913,0
3.64992,2
1.75842,1
1.34422,1
1.65823,1
1.27433,2
4.17219,2
1.92361,0
2.13597,1
2.23636,1
1.60761,4
1.36311,3
1.6224,0
1.11167,0
3.76517,1
1.24869,0
2.87905,1
2.4446,2
2.06026,2
2.46142,1
3.08425,1
4.32063,0
1.25833,2
2.4869,2
4.3652,2
4.12729,2
2.52101,1
2.13081,0
1.23165,2
2.93166,1
2.07667,2
2.25399,1
2.88591,0
1.87581,0
2.13247,0
0.883067,2
2.15797,3
1.75718,2
2.22728,1
3.39197,3
1.76041,1
5.40552,0
4.31594,0
2.61835,1
3.06238,1
3.14408,0
1.2199,0
2.02965,0
1.63336,2
3.70842,0
1.74354,1
3.20781,0
2.04802,2
3.22191,2
2.39335,1
3.28856,0
0.894745,1
2.61978,0
1.29676,2
2.41075,1
1.44204,1
2.5373,0
1.89882,0
2.31306,3
1.41829,0
3.00705,0
1.31918,0
1.6067,3
1.90569,3
1.87663,3
5.08022,0
1.71265,1
4.27322,2
4.04466,1
2.27358,1
2.63966,2
1.30889,1
2.59293,0
2.62397,2
1.01664,2
2.37452,1
1.70754,1
2.1127,2
1.30128,1
1.83808,1
2.28532,0
1.38593,1
3.13564,1
5.39415,3
1.45739,2
1.72918,3
2.01693,1
2.63801,4
2.1408,0
2.93837,3
1.68512,1
4.61296,1
2.88145,0
1.23378,0
0.773306,2
1.05131,3
0.935878,3
1.44549,5
1.53541,0
2.62255,2
3.36378,0
2.68825,1
2.43662,3
3.22746,0
1.9461,1
1.5794,1
2.29815,0
1.97823,0
2.57831,0
1.26628,2
2.21096,1
2.75278,3
3.44691,1
1.46157,1
2.55069,1
1.41346,2
4.60295,0
1.43102,0
3.86115,3
1.40516,3
1.76565,0
1.59889,0
2.09092,1
2.06536,1
2.88894,2
2.47506,0
2.34613,2
1.87064,1
0.813826,0
1.133,3
2.11789,0
2.57551,0
1.95377,1
1.78833,1
1.23039,1
1.84756,2
1.68964,2
1.88852,2
3.69382,3
1.25517,3
3.5203,1
1.34422,1
1.32121,0
2.51334,0
2.28525,5
2.52109,1
2.23409,2
1.49385,1
3.48531,1
1.36118,2
1.66665,0
3.47533,5
1.4175,0
2.10588,0
1.15563,0
1.94169,0
3.04043,2
4.79297,0
3.1534,0
4.94449,2
2.66758,4
2.13262,2
1.86214,2
1.33151,0
1.44112,1
1.23377,0
3.28051,0
1.05658,2
2.0843,2
3.35792,3
1.57156,1
1.26054,1
3.79358,0
4.27566,2
1.43783,2
1.82605,1
2.0503,1
1.16896,2
1.84471,2
3.54205,1
4.32518,2
3.20188,0
1.25705,1
1.94199,4
2.21078,0
2.20039,1
1.77184,0
1.68738,1
0.94857,1
2.5919,0
1.90915,1
2.28451,0
3.74333,2
5.31828,0
2.07602,1
3.40633,0
4.04788,1
2.15928,0
1.47005,0
2.04983,1
1.89193,1
2.52753,2
3.2426,2
2.98539,1
4.64493,1
2.25991,0
0.776856,3
1.92663,0
1.46404,0
3.36431,1
1.92205,1
1.47043,0
1.92078,1
2.52681,1
3.32024,3
1.61351,2
2.08048,3
2.27643,4
2.95183,1
1.6624,1
2.39755,1
2.10606,2
3.81103,2
1.44422,1
2.78449,1
1.53501,0
1.01672,5
3.82997,2
3.05254,0
2.67596,1
2.53888,0
3.27279,2
2.43877,1
3.12099,4
2.10743,0
2.17283,0
2.03504,1
3.52626,1
0.937092,2
1.78492,0
2.33714,2
2.08706,2
2.20671,1
3.00317,0
1.20894,0
2.73378,1
4.65508,0
2.48914,1
4.37509,1
2.29491,1
1.65417,0
3.22587,0
2.83447,1
2.27874,1
1.07931,0
0.798673,3
4.31519,0
1.49805,0
1.13528,0
2.69275,0
2.61218,0
2.48871,1
2.10214,1
2.05031,2
1.97443,0
1.3478,0
2.0715,0
1.73672,1
2.34775,2
2.95828,0
2.06917,1
1.57365,1
2.72759,2
0.85772,0
1.53432,2
3.11877,2
1.53695,0
2.78111,2
0.722567,2
2.13031,0
2.48064,3
3.76288,1
2.4598,0
1.71448,2
2.0453,0
2.43201,4
2.57449,2
1.2918,0
2.8493,0
2.17144,0
3.28561,1
5.24174,0
2.42981,3
2.59159,0
1.70351,1
2.00157,0
6.27561,0
2.47963,0
1.81307,2
2.12585,0
1.38978,2
1.02191,3
4.08156,0
1.49662,1
2.63265,1
3.211,1
1.18042,2
4.32741,2
1.83264,0
1.60045,1
1.6734,2
1.38534,1
1.34779,5
1.82157,0
3.26351,1
0.638349,0
2.76822,3
2.6089,0
1.05547,2
1.84946,0
2.54938,3
2.07579,4
3.6565,2
1.62048,0
2.13009,1
2.95346,0
1.51747,0
2.22584,2
1.09063,2
1.69294,0
3.50328,3
1.37576,2
1.77277,1
2.57162,2
0.957655,2
3.68237,2
5.30079,2
1.58112,1
1.84538,1
2.70012,3
4.4957,1
1.91522,2
2.84931,2
4.05975,2
2.15003,2
2.25955,2
1.51561,2
1.93166,0
0.998672,1
3.37048,1
1.30386,3
1.63717,2
2.53495,1
2.152,1
2.25292,0
3.29226,1
2.32112,1
1.99416,0
1.3222,1
2.28526,0
1.57805,0
6.38817,0
1.64806,1
2.20899,2
1.99,1
1.06248,2
2.87881,2
2.54795,2
4.08802,2
2.2959,2
3.58074,2
2.07408,0
2.18172,0
1.63213,0
2.16075,1
1.7359,0
1.85025,0
5.37214,1
2.85554,0
2.20782,0
1.47408,0
1.36056,0
4.88993,0
1.60327,2
4.51587,1
2.35537,1
2.51345,1
1.85032,2
2.02138,2
1.48669,1
1.33044,3
3.79598,2
0.781223,3
1.95641,0
2.17408,1
5.79679,0
2.22459,1
6.86417,2
1.51087,0
2.03295,3
2.97365,3
1.9749,1
3.70128,1
1.5275,1
2.67771,0
3.53183,0
3.17706,2
3.56667,1
3.41113,0
2.46526,1
2.79412,2
2.03094,1
1.65494,0
2.40237,1
3.04406,1
0.873155,2
2.42234,3
2.65271,1
2.41123,0
1.98581,2
2.32747,3
1.93982,2
2.2671,0
2.30825,1
2.56634,2
3.54025,1
2.0784,2
1.80777,1
1.39917,0
1.94402,0
1.51683,1
1.80639,0
1.17463,2
2.73186,2
3.57069,3
1.74071,0
1.49672,2
3.33177,2
1.10835,1
2.99896,3
2.04701,2
1.70906,3
2.28299,0
3.64945,1
2.92244,1
6.43832,0
1.65675,3
1.90876,0
1.91191,2
1.92906,0
2.286,2
2.1843,2
3.26975,0
1.69199,0
5.96755,1
2.03049,3
3.16455,1
2.63301,0
1.34423,4
1.78028,1
1.85705,1
2.14016,1
1.29135,2
1.82046,1
2.12359,1
2.03824,2
1.83553,2
2.40459,1
1.9991,0
2.70793,1
1.47034,0
1.55129,1
2.07848,1
2.52853,2
1.23767,1
2.27295,0
4.40714,2
2.87891,2
5.75735,0
1.67373,3
1.59674,1
2.36194,0
1.84308,1
2.94503,1
2.46462,1
1.43,3
1.36536,2
1.79071,0
2.5689,0
2.34727,5
1.90617,0
1.2151,3
3.96819,0
3.6866,3
1.54911,1
1.86262,1
2.11115,2
2.11897,2
1.26536,1
1.65445,1
3.87033,2
3.52176,2
2.0773,1
1.17704,1
1.63423,3
6.85826,2
2.3054,1
1.19881,2
4.13739,1
2.20729,1
2.66166,2
2.56617,1
3.02117,2
2.21892,2
1.98222,0
1.62987,2
3.01438,4
0.771887,0
1.57001,3
2.03885,1
0.956788,3
1.57017,1
2.48651,1
2.50764,0
2.01653,1
3.07571,3
1.37145,4
2.88278,2
1.49871,0
3.56355,0
2.18751,2
5.01572,0
3.66197,2
1.55433,3
4.04618,2
3.86587,1
1.28863,2
3.46099,2
3.10321,1
3.02045,1
2.69754,0
4.56985,1
1.41638,2
2.13193,2
3.89873,0
1.72793,1
1.41002,1
3.36592,1
3.2207,2
3.36437,2
2.13346,1
2.23673,0
0.94553,0
2.29063,1
5.09543,1
1.3379,0
1.74745,2
1.88939,0
2.56737,1
1.8103,0
3.57405,1
1.88367,3
3.86289,1
4.91837,1
1.80498,0
5.03972,1
1.42612,1
2.49295,1
3.33175,0
2.12702,0
2.20348,1
2.31547,0
1.69702,2
0.701487,1
1.87381,0
2.83074,0
2.18304,0
0.988389,1
1.71941,2
1.40177,1
1.70782,4
1.32081,1
2.10706,3
1.54337,2
2.18112,2
1.28326,0
2.1189,2
2.3366,1
2.44785,0
1.36862,0
2.91638,1
2.64465,0
1.19927,1
1.01785,1
2.39859,1
2.15324,1
3.39692,0
1.20841,0
1.16376,2
2.57227,2
2.26469,2
2.07029,2
5.03201,2
1.2646,1
1.58825,3
5.40854,1
2.37609,1
2.81856,2
1.52734,1
3.43014,1
1.98005,2
3.48631,2
2.92951,0
2.62022,1
1.54172,2
4.77209,2
2.3425,1
1.64789,1
1.74886,0
6.76556,4
2.68038,2
2.72797,1
1.52631,1
1.3533,0
3.32175,2
2.15088,2
2.71785,1
2.48749,0
2.25686,3
2.87551,1
3.25119,1
3.2914,0
1.42842,5
1.44252,2
1.13259,1
1.78881,3
6.36684,2
2.0505,1
1.45304,0
2.58819,1
1.40815,1
1.60174,2
1.95491,1
1.33735,1
1.34709,1
2.82373,1
1.50788,1
2.2028,3
2.74112,0
2.02359,3
1.88352,1
2.44718,1
2.71247,1
1.35595,1
1.90323,2
1.74188,1
1.07115,1
1.94351,3
4.0336,0
2.44298,2
3.02333,2
2.61763,3
3.7677,2
2.58092,2
1.30647,2
1.89577,1
2.53327,0
3.111,2
1.46593,1
2.47126,3
1.17128,0
1.88012,1
2.42915,0
2.43782,1
1.82166,1
1.29937,0
4.36951,3
3.03675,2
2.59549,2
1.69449,0
1.92217,0
3.54521,0
1.32009,1
2.02895,3
1.63475,0
2.28562,4
1.5511,4
2.53404,2
3.41667,1
1.86286,2
2.61486,0
1.77109,1
2.06073,2
1.9123,0
2.00807,1
3.43978,0
2.93521,1
0.814494,1
3.68003,0
1.3872,5
2.33587,3
3.27681,0
0.951367,4
1.70213,1
1.17514,4
4.93289,0
2.04855,2
1.25531,2
2.75166,2
1.75195,1
2.86623,1
1.59972,2
2.96875,1
2.32423,3
2.74901,2
0.883092,0
1.79573,1
1.60765,0
2.05198,2
1.58997,1
2.21749,0
1.89241,2
1.40396,2
4.08579,3
1.72428,0
3.57384,1
1.4294,2
2.9344,1
1.73437,2
3.45598,1
1.35448,2
2.66431,7
2.63841,2
3.16985,1
5.38048,1
2.31794,2
1.93138,1
3.17658,1
1.07827,1
1.43684,3
3.7669,1
1.98913,5
3.36816,2
2.5524,3
1.5009,1
2.2649,1
1.14901,1
1.66302,0
2.35447,1
1.80572,2
1.55177,0
2.83231,0
1.08932,1
3.18632,2
2.4554,2
2.47325,1
4.36651,2
4.14717,0
1.06875,3
1.72431,2
1.6868,1
2.18525,1
2.37213,1
2.22794,2
1.1001,1
2.89739,2
1.38283,1
1.95783,0
2.10733,4
0.867381,3
3.34605,1
1.9975,5
6.21464,0
2.49275,3
1.26928,2
2.44659,0
1.80337,0
3.14342,0
1.5251,2
3.88459,1
3.58936,1
1.33714,0
2.27524,2
5.23201,2
3.68558,0
2.30318,0
2.20196,1
2.46665,2
1.28337,1
2.60116,2
1.92123,1
2.14399,2
3.06698,4
0.972861,1
2.24736,1
1.94213,2
3.4599,1
2.54227,2
2.25509,1
2.36839,2
1.29755,1
4.3594,2
2.11386,1
3.40232,0
1.93435,0
0.707782,3
2.38583,0
1.43608,3
1.90245,1
3.45093,0
3.40429,1
3.11681,1
1.44822,0
1.87867,1
1.11792,3
2.2649,1
1.31683,0
3.50167,4
1.96863,0
2.46943,0
2.42944,0
0.921389,2
2.36678,3
4.63244,2
1.33118,1
2.79948,2
1.58458,3
4.33305,0
1.5453,1
3.1198,4
4.23996,0
3.45274,0
0.583412,3
4.9875,1
1.50867,0
1.91865,3
1.1785,2
0.904763,1
4.62274,2
2.30433,2
1.54194,1
1.56273,1
2.10113,2
3.89512,0
3.73043,4
2.5126,1
2.79474,0
1.50007,1
3.10533,0
3.29045,0
1.3693,2
1.54833,1
1.21487,1
2.69257,0
4.14003,0
4.47854,1
1.81863,2
3.74841,0
2.28902,1
1.9788,2
3.25699,0
2.1276,0
1.64391,1
1.48229,0
2.05634,2
1.05653,4
4.91963,1
4.42262,3
1.82056,1
2.89496,1
5.43131,1
3.08456,3
2.8403,2
1.99313,0
3.19481,0
4.12789,1
1.02898,1
1.88946,1
1.0158,1
2.82099,1
3.53389,1
1.29433,3
2.84661,0
2.42004,1
3.92224,0
4.44275,3
3.37498,1
2.16946,1
2.09618,1
1.96721,0
2.87098,3
1.88032,1
1.82167,2
2.9956,1
2.95826,1
1.91667,1
1.56223,0
1.59009,0
1.98865,3
1.98448,1
1.16623,3
1.40577,2
1.44215,2
1.76554,1
2.61175,0
0.987824,2
3.73757,0
2.31121,2
1.39016,2
2.03655,2
2.19368,1
3.62297,1
1.57132,0
3.67787,1
2.0989,2
2.37689,0
4.47466,3
1.95836,0
3.88508,2
1.97092,2
1.21786,1
1.5898,2
2.30855,0
1.51719,0
3.6477,1
2.24279,0
1.24522,1
4.94652,3
2.95248,0
3.46316,2
1.06514,2
1.46325,3
3.53198,0
1.17526,1
3.68122,0
1.68712,1
0.86491,0
5.04094,1
7.26276,1
1.98744,1
1.47126,1
1.98452,1
2.81796,1
1.78713,1
5.4434,0
0.972953,1
3.88676,1
2.40771,4
1.41655,0
2.22828,2
2.71056,1
3.50069,1
1.89532,2
3.0549,0
1.54244,3
2.42418,2
2.17842,0
2.03349,0
2.98913,2
1.70982,1
2.12328,0
2.64094,1
1.51149,0
3.79323,3
2.05936,1
1.25506,1
3.31194,3
1.77133,2
1.12083,2
1.68722,2
4.04274,0
1.60954,2
2.94216,0
3.63763,0
1.64503,2
1.37304,2
2.00646,0
2.07414,0
1.44277,0
1.70143,0
2.31021,2
1.85381,2
1.58683,1
1.05888,3
3.16606,0
2.47902,1
3.05238,1
0.852595,1
1.34983,2
5.67909,0
1.2031,1
1.353,2
1.05222,0
1.36012,2
1.59041,1
1.82121,2
1.54941,4
1.97374,1
1.32312,2
2.41264,1
1.85255,1
2.19132,1
2.68262,2
2.03433,1
3.02207,0
1.70913,0
1.44847,0
1.11383,1
3.15295,0
2.3719,2
1.72683,0
3.34876,0
4.97651,1
2.19027,1
2.46023,1
2.22176,1
0.697741,1
1.92557,1
0.992155,4
2.87517,1
1.18601,1
2.07324,1
3.35979,3
1.62794,1
0.780972,3
1.16582,1
3.25697,1
1.48024,1
1.74481,0
5.2677,0
1.75887,2
3.27283,2
2.15395,0
1.36629,0
1.57961,3
1.84399,0
2.83738,2
2.00484,1
1.48589,2
2.05558,1
2.8952,0
1.84791,1
1.60152,0
2.46056,1
1.30957,2
1.76848,0
1.1996,2
1.98927,2
2.35989,3
1.5515,0
2.79628,0
1.78842,1
1.34387,0
4.09706,0
1.16117,1
1.59931,2
3.47711,1
3.53248,3
2.23199,0
1.78649,1
2.58765,1
2.98432,2
2.75211,1
2.13544,2
4.67787,1
1.6372,3
2.23873,1
1.36208,0
1.57357,1
1.69122,2
3.01259,3
2.70207,1
3.47747,0
0.758604,1
3.94013,0
2.84175,1
1.35336,4
1.57655,0
2.15579,1
2.94143,1
1.51767,2
3.33178,0
1.38243,2
1.3452,3
2.10372,0
1.91171,2
2.85199,0
2.53642,1
4.05755,0
1.70727,1
2.57768,1
2.02515,5
0.906744,0
3.75399,3
1.80965,0
2.82034,2
2.17856,0
2.76566,0
3.37237,1
1.89875,0
3.31585,1
1.2599,2
3.7283,0
3.38945,0
1.75536,2
1.239,4
2.02529,1
1.59832,0
1.51912,0
1.85854,2
1.96762,0
1.42154,6
1.56167,0
2.95149,0
3.67333,0
2.22909,1
2.44725,0
1.99713,4
3.46612,2
1.41174,1
3.47777,2
4.59022,3
1.50295,4
4.90944,0
1.29578,0
2.56157,2
4.92292,3
1.96405,1
1.42444,0
1.5777,0
1.87956,2
3.35236,0
1.958,0
1.80946,0
1.39842,4
1.66031,0
2.3005,0
2.08795,1
1.7073,0
2.90102,1
3.78355,1
1.46702,0
2.9802,3
1.97847,1
1.13501,0
1.74584,2
2.13225,0
5.65512,1
1.45992,1
1.48808,0
1.45136,2
2.81587,1
1.7198,4
2.87907,2
1.52634,4
1.19378,0
2.65021,1
1.29765,0
4.35849,2
1.96664,1
2.29075,0
1.32421,2
1.55813,1
3.72595,2
3.02012,3
3.34377,0
1.4327,1
3.69814,0
3.08746,2
2.23763,0
1.74835,1
1.48824,1
1.291,2
2.06404,0
1.95646,1
1.60923,0
1.21714,2
2.40213,0
2.58883,0
2.38525,0
2.79904,0
1.85543,0
3.03074,2
2.03086,2
7.77213,2
3.84214,3
1.80406,0
2.32983,0
4.25894,1
1.03304,1
1.07703,1
1.29735,1
2.92398,2
3.62833,1
2.16298,2
2.99565,1
4.31866,1
2.106,0
1.30898,1
2.03526,2
1.7449,0
2.53223,1
1.84011,3
1.96775,0
2.75669,2
2.59915,1
2.12271,2
5.61379,1
2.80125,2
2.90381,0
1.29582,2
2.05103,1
1.55842,0
3.14982,0
1.87257,1
3.21189,2
1.87892,1
2.39979,0
1.91798,2
2.27076,3
3.11716,4
0.865313,1
2.2593,1
2.95722,0
2.26075,2
1.02279,1
3.55049,0
1.24104,1
3.44069,1
3.00064,0
5.32425,1
2.88079,3
1.8064,3
0.768532,0
2.40306,1
1.86706,0
5.71151,0
1.77473,3
1.44195,1
1.95017,0
3.86391,0
2.17846,1
2.73397,0
1.9878,1
1.31743,1
2.49314,1
2.15186,0
1.33708,0
2.97993,1
2.3837,1
2.56579,1
1.45319,0
2.11676,4
1.47469,1
1.49602,2
2.6696,0
2.96328,3
2.12295,2
2.37098,2
1.52675,1
1.96532,1
1.44416,0
3.16187,0
2.54197,1
2.31721,1
2.63659,1
5.87069,1
2.44985,2
2.40521,0
3.84616,0
1.94842,1
2.51515,2
3.21484,1
1.66681,0
1.1244,0
2.59188,1
1.9413,0
2.23564,3
1.8131,1
1.45597,1
1.97475,2
1.11378,3
2.62476,1
1.06116,2
2.20828,1
1.99181,1
2.69976,3
1.37755,0
1.26039,1
2.52488,0
4.35247,0
1.731,1
1.43209,4
2.04198,0
1.14013,1
2.38999,2
3.28523,3
1.58645,0
2.36372,2
3.65736,2
1.59925,1
2.30655,0
1.61037,1
4.53259,1
1.91717,0
2.84709,0
1.93001,4
2.38832,1
2.3009,1
3.25792,1
2.70694,0
2.44682,1
1.10169,0
1.77776,3
3.81166,1
1.94245,1
1.85665,3
1.6589,1
6.09988,0
1.91768,2
2.53735,0
3.41515,1
1.28703,1
1.09259,0
1.54173,2
1.57277,1
1.43399,3
1.65411,1
1.38693,1
1.42312,0
1.39919,1
2.61216,1
3.0222,2
1.68613,1
2.405,0
2.13326,2
0.857983,0
0.993371,5
1.28581,4
1.7001,1
2.38823,3
3.30109,0
4.35107,0
2.55442,0
1.29891,3
1.13699,2
3.29179,0
1.98098,2
4.14442,1
1.10501,2
2.91915,0
1.64362,2
1.86806,1
2.52615,0
2.17352,1
3.36738,2
2.45586,2
1.91402,1
1.02688,1
2.61207,0
2.0456,0
2.21561,1
2.25809,1
2.86511,2
0.662377,1
3.19815,1
1.54704,1
1.80308,0
2.05417,0
2.15394,1
1.57255,1
2.37628,2
4.56856,2
2.69921,0
1.34561,2
3.87715,2
2.33205,2
4.38221,1
0.790882,0
1.76257,0
1.80238,2
3.53705,1
2.57971,3
2.47634,2
2.34859,2
1.75952,1
2.77442,1
1.95539,2
1.79274,0
0.614183,1
1.0713,1
2.04411,2
2.08932,0
3.56188,2
1.94006,0
1.87367,0
2.3174,1
1.26664,0
2.46459,1
2.10549,1
1.75551,2
4.4049,2
2.03149,1
2.72332,1
1.99435,1
2.28371,2
2.86833,1
1.7645,1
1.49721,0
1.2627,2
1.99696,1
4.4981,2
1.18399,0
2.04586,2
2.77325,3
3.56682,4
4.21045,1
2.5454,2
1.02768,0
2.07293,1
1.85689,2
1.99115,2
3.38912,1
2.27831,3
1.74319,0
5.02551,3
1.87389,3
2.50036,0
1.28403,0
3.02224,0
1.94929,2
3.61251,1
0.887329,2
2.39354,0
1.07211,1
2.33191,2
1.59274,2
1.32792,0
1.54864,1
1.75066,3
2.58086,1
2.44642,1
1.58471,2
3.01157,1
2.36323,3
1.08974,1
2.40368,0
1.61887,1
2.75469,3
1.9522,0
1.62448,3
1.32054,0
3.69144,1
0.694169,0
2.85512,2
3.39781,1
1.7451,1
2.38388,2
2.88702,1
2.19667,1
1.47044,1
2.13366,0
2.1983,2
1.15217,3
2.89631,2
2.17549,3
1.25316,1
0.944863,1
2.1388,1
2.14197,2
1.90527,0
3.76362,1
2.5178,2
2.22441,0
6.10935,1
2.6799,0
1.07056,3
2.07198,0
1.13345,0
1.41421,0
1.77138,3
1.96974,0
2.76699,3
4.36977,3
1.55632,1
5.3093,2
1.68136,1
1.31591,2
2.65955,3
1.39087,2
2.46592,1
1.76097,2
1.66197,3
1.32182,0
1.93066,0
1.81994,1
1.77232,3
4.19842,2
1.02624,1
1.69426,3
1.88668,3
1.43028,2
1.88239,2
1.25779,2
2.09568,1
1.39394,1
2.91253,2
3.08047,2
3.6666,2
2.37892,2
5.47391,2
3.01608,1
1.90916,0
3.07714,3
2.99452,0
1.33355,2
4.16106,2
3.21762,1
0.864547,1
2.75572,2
1.89463,0
2.48463,1
2.8618,0
1.3996,1
2.88768,2
2.20188,0
2.60497,2
2.24551,1
1.99632,3
3.08156,1
2.21681,3
1.24024,0
0.799962,0
3.13119,1
1.73722,3
3.24935,0
1.92777,2
3.88798,1
2.24745,0
2.33135,1
1.42047,2
2.43152,0
2.12337,4
1.16458,0
1.6707,0
1.14597,2
1.93007,3
2.12485,3
3.69983,0
2.05762,1
2.80424,0
10.9666,1
2.53169,1
4.23195,1
4.1266,1
1.79699,0
2.18224,1
2.03635,2
2.23235,2
1.05687,0
3.47738,2
3.70619,0
3.95079,1
2.25406,3
0.934798,2
1.40716,3
1.06277,0
2.58086,1
1.69368,0
3.29724,1
1.76824,2
1.75186,1
1.27941,1
3.28336,1
3.13769,0
2.01401,0
2.66425,2
1.33285,1
2.02161,0
1.49126,3
2.94247,1
1.53054,1
2.72277,1
9.35635,0
3.05134,1
2.41291,1
3.15461,0
1.69412,2
1.85801,1
1.50046,2
3.23064,0
1.12712,1
2.54578,2
2.33864,1
1.54764,1
1.76238,1
2.155,2
3.2623,1
1.39748,1
2.17977,3
1.9316,2
1.42359,1
3.07719,1
1.49426,1
0.982225,4
1.74223,2
1.12369,2
1.56671,1
1.96715,2
1.61657,0
2.15115,2
1.63136,1
1.52645,3
3.62375,3
1.8648,0
5.32655,0
0.56893,2
2.59748,3
1.21156,0
2.28915,1
1.69693,0
1.63601,1
2.03484,1
3.09576,0
1.08933,1
1.1598,2
2.891,0
2.05233,1
1.41193,1
1.69915,3
0.765513,3
1.39584,5
2.10277,2
2.8861,1
1.83068,0
1.85784,2
2.05528,1
1.04793,5
1.74926,2
2.48084,3
0.78975,2
2.60619,0
2.00494,1
1.51216,0
3.46875,1
2.4846,0
1.78766,1
1.68982,0
1.14494,1
1.5457,0
2.66232,1
2.67198,1
1.7664,0
2.20155,0
1.39959,1
1.58497,4
2.58118,0
1.98738,0
2.19058,0
1.8493,4
2.14876,1
2.26874,0
2.05509,3
1.20018,3
2.35277,3
2.43812,0
2.75832,2
1.50644,1
3.17011,0
2.62508,1
1.21833,2
1.71747,0
2.50158,2
2.57649,2
1.83053,0
3.9259,1
2.58244,3
3.36307,2
2.15229,2
2.54674,1
2.67666,0
3.30575,4
1.56828,2
1.90554,3
3.09013,2
4.13354,3
2.79631,2
2.79863,1
2.78705,1
1.62423,0
2.65061,0
1.13728,1
2.32115,1
1.79632,3
3.0538,4
2.71598,3
0.958113,2
6.16396,1
2.76854,1
3.31666,0
2.19583,1
2.57229,0
1.52598,2
1.68445,0
2.72654,0
2.6879,0
4.7127,0
1.84196,2
1.23719,0
2.60818,4
1.75568,0
1.46556,2
1.73518,0
1.33497,0
2.23889,0
1.77396,3
1.832,2
2.7517,2
1.26555,1
1.97766,0
1.19959,1
1.64647,0
1.27675,1
1.20454,0
4.3049,0
3.14374,1
2.14605,2
0.933651,3
1.95239,1
2.69775,0
2.12949,1
1.99817,2
3.32434,1
2.91078,1
1.62262,3
1.73444,1
1.62641,4
2.33585,1
3.22865,1
1.40639,0
4.5736,3
2.49349,3
2.49552,3
2.08108,3
1.54715,0
1.16989,2
1.70129,1
1.13463,1
0.765557,0
1.88167,0
2.71162,2
2.32504,0
3.92806,0
2.71761,3
2.94798,0
1.36131,1
0.922107,1
3.09954,2
1.48295,1
2.95103,0
2.21883,0
2.61166,2
1.95681,2
2.6867,2
2.63848,3
0.7936,1
0.694084,2
2.3685,1
3.57846,2
1.8547,4
2.70811,3
1.22008,0
2.15438,3
1.24836,2
3.43423,1
2.50987,4
1.65351,1
1.18131,1
1.66566,0
5.00807,0
2.46532,2
2.14691,2
2.96412,3
1.3433,4
2.20473,0
3.63936,3
1.12084,1
2.84938,2
2.10747,0
1.50941,1
2.44343,3
2.59307,1
3.09979,1
3.02266,2
1.8485,0
2.40507,1
2.23217,3
2.40228,1
1.18012,0
1.69933,0
2.3387,1
0.901563,1
1.51007,1
2.18751,3
3.07792,0
1.21858,1
1.3895,2
1.80129,0
2.38229,1
1.91193,1
1.71382,3
3.1843,0
2.79832,2
1.87455,2
1.79178,0
1.84717,0
2.6447,1
2.56505,1
2.83194,1
2.3468,1
3.61189,0
1.15814,0
5.24865,2
2.41165,2
2.44139,1
2.68733,2
1.51447,0
2.67586,2
1.99089,2
0.830268,2
1.86595,2
2.91847,1
2.06132,0
3.69861,1
1.37851,1
1.94233,2
0.718079,1
1.65184,2
2.16616,1
3.87242,2
1.32445,1
0.993538,1
3.24993,1
1.42345,0
1.00574,3
2.17886,2
1.61997,0
1.91438,0
3.41837,0
2.46787,0
1.1074,2
1.32916,1
0.888711,2
2.04678,2
1.43199,2
2.24878,0
1.96597,2
2.172,0
2.37588,3
1.94771,2
2.39436,1
2.74717,0
3.48667,1
4.76292,1
3.08473,0
2.45853,1
2.10531,1
3.30745,0
1.96025,1
2.23343,1
1.43853,1
1.78832,0
1.53633,2
1.95294,1
0.715575,0
2.15401,0
1.64542,1
1.71718,0
1.78257,1
4.34455,3
1.38859,0
3.35257,3
3.0642,0
1.09255,0
1.17455,2
2.69691,2
1.97003,1
6.51611,1
1.93403,3
2.79645,1
1.03266,4
2.13876,0
1.70339,0
1.00784,0
3.25615,2
2.56238,1
1.06125,2
4.78894,2
3.37893,0
1.85618,0
1.10299,1
1.64045,0
2.29106,0
1.59678,1
5.12706,1
1.94977,1
2.34823,2
2.20438,1
1.73702,2
2.98841,0
1.51868,3
1.74797,1
3.87291,0
2.87699,4
4.92959,2
2.2415,1
2.83245,1
1.9852,0
2.0103,1
1.93317,0
1.7294,1
2.2415,2
2.51426,1
2.1578,2
2.15778,1
5.52012,5
2.64832,1
3.39804,0
2.36896,0
4.72129,1
3.29796,1
0.680029,1
3.07095,3
1.38562,1
2.28548,1
3.92541,0
1.43958,3
2.47657,0
2.15837,0
1.58063,1
2.06027,1
2.1334,0
1.04433,2
2.15516,0
1.3429,0
1.58162,1
3.16174,1
1.03305,1
1.72231,1
1.97502,3
1.49758,1
3.65941,1
1.86907,0
2.75402,0
2.73215,0
2.522,1
1.68413,1
2.42372,0
3.75883,3
2.27894,2
1.11153,2
1.43153,0
3.39,1
2.18407,4
3.40732,0
2.01468,0
4.47482,2
2.65111,0
2.87038,0
1.61108,0
2.002,0
2.22737,2
0.923564,4
1.58134,2
1.94358,2
2.43253,1
1.27864,0
1.48893,0
1.1483,1
4.95712,1
2.05804,1
2.26381,2
1.68478,0
1.35725,1
1.61556,0
1.52766,0
3.16861,0
2.71891,0
5.44738,0
2.13553,1
1.24039,1
2.27587,1
1.37326,2
1.39592,0
3.06255,1
1.74652,0
1.71256,1
2.21617,0
1.57895,0
0.943377,2
1.5435,0
2.74448,1
4.492,4
2.99435,1
2.43527,1
2.34585,1
1.94392,2
2.38301,1
3.26426,0
2.27069,2
1.73454,1
3.91258,0
1.64943,2
2.52812,0
1.89459,1
3.22676,1
1.94352,2
2.01041,1
1.8178,0
2.28249,1
2.59041,1
3.95284,4
2.58244,1
1.50102,2
3.89262,1
1.27389,3
3.00464,1
2.05045,2
2.03692,2
1.61766,3
1.95735,1
1.44561,1
1.82546,0
1.01971,3
2.58898,1
1.80898,1
2.85242,2
1.72305,1
2.16357,1
2.66997,0
1.46146,2
1.507,3
1.79662,0
1.4547,1
2.79588,3
2.45279,1
2.5832,1
3.33158,0
2.23645,0
1.00645,5
2.1858,1
1.18206,1
1.96634,2
1.93684,0
3.797,1
1.55301,1
0.9383,1
1.38311,3
1.56323,4
2.0794,0
1.90541,1
1.7186,0
1.62139,1
2.58441,1
2.05536,1
4.32582,0
2.31731,1
2.32253,2
3.13582,2
4.44385,0
3.18222,2
2.10141,1
2.37587,0
0.85123,2
1.54688,1
2.8067,1
1.86654,2
1.92231,1
1.41843,1
3.81798,0
2.13186,0
2.51229,0
1.92214,1
3.23812,1
1.71288,2
0.955774,0
2.41499,1
2.92676,1
2.40634,0
3.84427,1
3.52053,0
3.12415,0
0.909371,1
2.7371,1
2.28346,3
1.34061,0
1.28989,1
2.66902,0
2.05389,2
3.29864,1
1.29063,2
1.38674,1
1.32062,0
1.54001,0
1.05475,0
2.21063,1
3.48496,0
1.59942,3
1.97667,1
0.731282,1
1.33154,0
2.16142,2
1.42584,1
7.56639,1
1.92611,1
1.58655,1
5.31361,2
3.8721,2
2.15947,1
1.74594,2
2.38209,2
1.1534,1
1.60795,2
2.10165,3
3.23667,1
1.21565,1
2.50964,2
1.30002,1
4.09505,2
1.95552,0
2.16363,1
1.33965,1
1.73898,1
2.14097,2
1.81097,0
1.54967,0
2.45008,2
1.92794,1
1.30568,1
1.42116,2
1.80459,2
1.63487,1
1.93534,1
1.99217,1
1.58617,0
3.49663,1
1.99109,0
1.47555,0
1.31805,0
1.19019,2
4.03554,0
1.58687,2
3.97889,2
2.27119,4
1.99683,1
1.16585,3
1.05076,1
2.03104,2
2.09583,1
1.86351,1
2.44854,1
1.3124,1
3.97134,0
5.11666,1
1.75611,1
1.98642,0
2.45412,1
3.16084,3
4.18225,2
2.42508,1
1.10009,0
2.1106,1
1.72002,1
4.7187,0
1.86722,0
3.90857,1
1.27826,3
2.06377,1
0.801313,0
1.29927,1
2.24622,0
1.45527,1
1.68087,0
2.34001,3
2.74227,2
1.44217,0
2.26733,1
3.2765,1
4.50121,2
1.09665,1
2.27501,1
3.11955,1
2.95877,2
1.52475,1
1.71823,1
3.47119,0
1.44205,2
1.05827,0
3.83917,0
1.22503,0
2.40458,1
3.27997,2
2.65235,2
3.50086,0
2.44178,1
2.39045,0
1.11997,1
1.40255,1
1.60375,0
3.06886,2
1.75636,1
3.43567,0
1.1534,1
0.890912,1
2.10573,0
1.38206,2
1.70755,2
5.09145,1
4.20345,1
3.2104,1
2.654,2
2.34242,0
1.41628,2
1.1821,2
2.72747,1
1.02498,2
1.55634,1
1.85661,0
4.62049,1
0.897781,2
1.4793,0
2.02466,0
1.43859,0
2.16197,1
1.86146,2
2.78199,1
3.80866,1
3.00424,1
2.00815,3
1.78897,1
2.66694,0
4.26749,1
2.60772,1
1.5484,1
1.4296,0
2.11057,0
1.18169,1
2.31547,0
1.86304,2
1.786,1
2.28897,1
4.54359,4
3.43502,2
1.14749,1
2.49134,2
1.77599,1
1.08867,4
4.44908,1
1.57915,0
2.2492,2
2.42086,1
2.86665,0
1.23181,1
2.00009,1
2.76722,1
2.07802,3
4.18264,1
2.97236,2
2.39259,1
1.12561,1
1.67784,2
2.13139,0
2.59661,1
2.9478,1
4.02629,1
1.59581,2
1.83851,0
4.33179,0
2.09234,2
1.97447,1
1.28234,0
1.85218,2
2.09554,3
3.29398,0
2.22183,1
2.85515,2
2.60622,0
1.16741,2
1.82238,2
1.36476,0
2.69994,0
3.24169,1
2.36981,1
1.83822,0
1.09148,1
1.43526,1
2.43485,0
2.97471,4
1.22383,1
4.88151,0
2.34724,1
2.96711,3
1.49839,2
2.10011,0
1.77542,2
1.67543,1
4.52532,1
1.78776,2
1.39465,2
2.71765,2
1.738,0
1.21244,0
1.57213,1
2.20114,4
3.04483,3
2.47702,0
2.49338,1
1.87527,0
1.5986,0
3.10098,0
2.67032,1
1.20324,1
1.16513,1
1.14667,0
1.03394,2
3.39438,0
1.97544,0
1.36292,5
1.74211,1
2.04425,0
3.03349,2
2.07084,0
2.46638,1
1.83448,2
1.93292,1
1.14937,0
1.22449,2
2.51338,1
2.27915,1
2.86213,0
3.59229,0
0.783814,1
2.54308,0
2.76022,3
1.42391,0
0.966552,2
2.71181,2
1.37387,0
1.16369,0
1.81971,2
3.94414,1
1.60815,2
5.25572,1
1.24843,0
1.41172,1
3.08787,0
0.729783,2
2.75763,1
2.92442,1
1.55941,1
3.11342,1
2.09934,3
2.72326,3
2.88071,2
1.02724,4
3.4028,2
2.47013,1
2.60404,1
2.26561,1
0.987111,3
3.14146,0
1.90516,2
1.18205,0
1.78518,2
5.03473,2
2.22249,3
1.76603,0
0.916318,3
2.44915,1
0.787911,0
2.3804,2
2.58597,1
1.4096,3
5.78708,1
2.69735,3
3.56055,1
1.86948,1
2.43941,1
2.38319,3
1.62181,4
2.6951,1
3.44935,1
2.26089,1
2.25147,2
2.45091,0
2.08829,1
1.86164,2
0.671151,2
1.65698,4
2.84832,0
3.93991,0
1.77572,2
1.11402,2
1.50315,1
1.94162,1
3.24516,2
3.19189,1
2.78757,2
2.64698,1
2.3115,1
1.84271,0
1.87099,1
2.82887,3
1.45327,0
1.5806,0
2.80153,2
1.21736,1
2.39706,1
2.16005,1
0.945598,4
1.66877,0
1.46486,2
1.57509,0
4.41101,3
1.41819,1
1.06319,4
1.2872,2
2.80851,0
5.07205,3
2.55108,0
5.23769,0
0.958041,1
2.1025,0
2.08677,1
6.30267,2
2.20757,1
2.07803,3
2.4582,3
1.72005,1
2.68756,0
1.37391,4
2.48283,1
5.03418,2
4.32574,2
1.55014,1
4.46692,0
2.09599,5
4.30726,2
3.99217,1
2.46605,2
2.10948,1
1.27147,2
2.28195,0
1.21657,2
1.79389,1
1.70721,1
2.04289,1
3.15535,3
2.45838,0
1.89597,0
3.85762,5
0.885645,2
5.10766,1
1.15941,2
2.52287,0
0.985971,1
2.42864,0
4.49574,2
3.3868,3
2.147,2
1.82158,2
4.56838,1
0.98033,1
1.96962,1
1.72401,2
1.98797,2
1.79206,2
2.75504,2
2.73924,0
2.41833,2
1.99112,0
2.96447,0
1.16939,2
2.56964,0
2.30032,3
3.05777,1
2.40092,0
2.23162,0
2.0013,0
1.15255,1
1.57007,0
1.4319,1
1.81269,0
1.09919,0
1.47536,1
1.41141,2
2.32075,0
10.2239,1
2.87795,2
1.34275,1
2.07172,3
2.47159,1
1.82655,3
2.14443,3
1.24552,0
6.02032,2
1.3163,2
3.71826,2
2.03179,2
1.86723,1
3.69546,2
1.92742,1
4.14244,3
2.01304,2
3.75368,1
3.73304,0
3.75099,3
3.03146,1
5.2771,2
2.12413,2
1.76598,2
5.35272,1
2.04078,2
1.10677,3
1.56361,3
2.20541,1
1.42353,1
4.40425,3
3.44434,3
2.53121,2
1.80677,1
1.61785,1
3.1435,1
2.21224,2
1.92823,1
4.95101,1
1.15022,1
2.40586,1
3.11224,1
1.99564,0
3.12814,0
1.3259,2
1.27402,0
2.45645,1
1.76581,2
1.39803,1
1.80697,2
3.68578,2
2.24274,3
0.921038,1
2.23504,2
2.87932,1
4.53285,0
0.910284,0
1.31842,0
2.52117,2
1.50348,0
1.61807,1
2.84137,2
1.11168,1
2.67779,0
2.17999,1
2.18595,3
0.97741,2
4.16506,1
2.50991,1
6.76447,3
2.14222,3
1.44321,0
9.63468,2
2.94884,0
1.32918,2
1.10235,1
1.64695,2
2.25319,3
2.66838,3
1.08898,0
1.52911,0
1.33747,1
2.02005,3
1.49321,2
2.87062,1
7.92855,0
3.1338,2
2.77386,2
1.47259,0
1.06456,0
2.32826,0
2.76682,1
2.8708,0
3.93516,1
1.68804,3
1.62616,1
2.22135,2
2.66329,2
1.63386,3
6.03069,5
1.9007,2
2.79014,2
1.72489,1
1.84634,0
4.88116,0
3.3529,2
1.87645,3
1.45005,1
3.15773,2
2.95273,1
3.21372,1
3.37752,1
1.31144,1
1.33836,0
1.93428,0
1.49928,1
1.28675,1
2.94449,1
3.21618,0
1.8246,1
2.96925,1
1.33467,3
5.07439,1
1.44445,2
4.53628,1
2.24914,4
3.13047,0
4.61706,1
1.34335,0
5.97823,1
1.08422,2
2.28835,0
0.988278,0
2.14628,0
3.10061,3
1.37221,2
1.92445,2
1.23754,3
2.14593,5
0.91702,1
2.01412,2
5.2215,0
2.2596,1
3.07749,1
1.6333,1
2.33468,2
1.41101,1
1.8106,0
2.15959,1
5.71618,0
1.78583,1
2.36873,3
3.29519,4
1.21192,2
1.77939,2
1.01206,0
1.51712,1
2.72681,2
1.96305,0
2.32644,1
2.26445,1
1.13187,4
3.8978,0
1.71122,1
1.26457,1
2.84379,0
1.72362,0
3.17972,3
1.66349,2
2.65372,0
1.10314,1
1.40338,3
2.62918,1
2.19212,1
2.15704,1
1.58459,0
2.15458,0
2.52193,2
3.33577,0
1.74637,1
1.6558,2
3.3968,1
2.45842,2
2.82731,3
1.5665,1
2.8621,0
2.13367,1
4.97463,0
5.65345,1
2.21579,1
0.924576,1
1.31122,1
0.93127,1
1.14241,0
1.14303,0
2.34707,2
2.1993,3
1.92943,2
1.22618,0
2.16066,3
1.72255,5
2.52497,3
2.77034,0
1.04085,1
1.62205,0
2.48718,0
2.06724,3
2.32094,0
3.68095,2
2.23491,1
2.55448,0
2.92443,1
2.01101,0
2.11173,2
4.62784,0
1.2102,1
1.45558,1
2.38608,3
1.23012,1
1.16276,0
3.95518,0
2.83916,1
1.73396,0
2.34045,0
2.52142,1
2.05306,0
2.54932,0
2.76881,0
1.08998,2
1.31294,0
3.8041,2
3.08799,1
3.74566,1
1.95743,1
2.30593,0
1.73636,2
2.09095,1
1.7964,1
1.57911,2
3.96495,2
1.5651,2
1.55578,1
1.21943,0
1.00536,4
1.39216,3
1.23717,0
2.10094,1
5.30854,2
3.14109,1
1.17387,1
1.88109,1
2.35364,3
1.46294,6
2.14939,2
2.13647,3
2.7439,2
1.51386,2
1.72967,1
4.40009,2
6.57539,0
1.36915,1
1.39977,0
1.67528,1
1.14551,3
2.63845,2
1.75655,2
2.47522,0
1.7858,0
3.50396,3
1.64538,1
3.38061,0
1.51517,1
0.937683,1
3.95817,0
1.83365,0
2.92036,2
3.24441,0
0.783678,2
2.48334,1
1.49853,1
2.40451,4
1.2227,2
2.0556,0
1.24112,3
3.3589,1
2.19088,1
1.45058,1
3.08762,1
2.09982,1
1.37861,0
3.24918,0
3.96025,2
2.92368,2
2.96598,0
1.45106,3
2.82083,3
2.84442,1
3.8642,2
1.69612,0
1.12827,3
1.67556,3
1.78599,2
2.11827,2
2.24407,1
0.819054,1
3.57388,1
2.6563,2
1.73347,2
2.91957,3
2.37253,0
3.55386,0
0.876859,2
0.971803,0
2.21973,0
1.07465,1
1.37934,0
1.59024,0
1.68669,2
1.98496,1
1.14875,0
5.68248,2
5.76174,3
1.89416,2
2.84415,2
4.79375,0
3.24523,1
3.49728,2
2.53897,0
2.28928,4
2.13341,1
1.72716,3
3.15551,0
1.76084,2
1.48938,0
2.1654,2
2.43014,0
3.37947,1
1.80745,0
2.08134,3
1.37528,1
5.56374,0
1.01953,3
1.89028,4
2.50563,0
4.15125,0
2.4243,3
2.19298,3
2.59727,0
2.35819,1
2.39916,1
1.08384,3
3.80382,2
3.64197,2
1.78579,2
3.15328,2
2.0878,1
3.11563,1
2.20892,1
1.97551,2
1.97323,0
2.37909,2
2.0369,1
1.92163,2
3.23306,6
1.63572,3
2.46424,1
2.623,3
2.54059,1
5.25417,2
0.976958,0
2.02764,0
1.40651,3
3.00328,2
1.57146,1
3.35837,4
1.26449,0
1.07176,0
1.65931,0
1.40529,0
2.05627,3
1.95166,1
1.01136,3
2.73697,1
1.88106,1
3.56525,0
3.23327,2
3.9682,2
2.43279,2
1.72239,0
2.20796,1
2.50131,2
1.76117,1
3.49964,2
5.53649,2
1.38043,0
2.30556,2
2.4179,1
2.03056,2
1.404,2
1.81202,1
4.17666,2
1.37426,2
1.29144,2
1.29071,2
3.53451,1
2.13108,0
1.34545,1
2.49715,0
1.68309,1
0.830071,2
2.20686,1
3.34629,0
3.357,1
1.61935,2
3.14541,0
2.10543,2
2.78688,2
0.742505,2
1.88842,0
1.69351,4
2.1951,3
1.71362,0
1.92841,0
2.13892,3
2.39255,1
1.88537,1
3.04842,3
1.44754,0
0.800644,3
1.78384,2
2.8917,2
4.20823,1
1.33541,2
1.48675,2
1.41855,1
2.02108,3
1.81701,2
2.17268,1
0.748143,0
3.64248,2
2.02517,0
2.30442,0
2.6939,1
2.06045,1
3.14368,1
2.52471,2
1.46664,1
3.48966,1
1.91398,5
2.48088,0
1.32612,0
2.4217,2
1.35952,2
2.0932,2
1.91091,1
2.21059,1
2.50875,2
3.35837,0
2.86045,1
2.44253,4
2.25202,3
1.99167,1
1.67081,1
1.73817,1
5.71178,2
1.76517,1
4.29841,1
2.38353,2
1.16889,2
1.7728,3
2.50098,1
0.989734,0
2.32426,3
0.99539,0
1.31656,0
1.33733,2
1.71289,1
3.21274,2
1.18806,1
2.15949,0
1.71896,0
1.217,1
1.71363,0
1.6304,2
1.63654,1
1.7089,2
2.88396,2
1.75222,1
1.87271,0
1.9027,0
3.23135,2
1.89078,2
1.74649,0
2.12267,2
2.12132,0
5.57728,1
2.45922,1
1.38023,2
2.7529,1
1.75811,4
1.91237,0
1.69378,0
2.15262,1
2.0665,1
3.6665,0
2.36159,0
2.7769,3
1.04941,3
1.65168,3
1.24193,2
3.50169,1
2.12625,1
2.02381,1
1.65145,1
2.3621,1
1.67116,0
1.41194,1
3.53223,1
2.44442,1
3.69286,0
2.50509,1
3.72688,0
1.98248,1
0.954788,2
4.12005,1
2.07538,0
3.56082,1
3.19836,0
2.66294,0
4.1647,2
2.31149,0
3.76275,2
1.95645,1
2.31757,0
2.13142,0
2.71957,0
2.51624,0
1.34661,0
2.94046,0
2.98339,4
3.90877,2
1.36074,1
5.13919,0
1.29634,1
1.3394,2
1.61965,3
1.88312,3
2.67949,1
1.65804,0
1.49352,2
3.05326,0
2.36613,1
1.87621,2
1.54653,1
2.71306,1
1.05706,0
1.6912,2
1.27107,2
3.3534,3
3.28034,3
1.44232,0
1.68921,1
2.4585,0
2.04886,0
2.87861,2
2.4051,2
0.823348,2
2.17407,2
3.35949,2
3.43025,2
3.00098,2
2.96303,2
0.843913,3
1.46994,2
3.00511,0
1.2237,0
1.16135,0
1.08421,0
1.91171,1
2.44349,3
1.17802,0
3.83863,1
2.53022,2
4.84806,1
2.98249,2
4.91512,1
2.05657,1
2.7296,0
1.87048,2
3.10403,1
2.08656,2
1.80808,1
1.84209,0
4.90784,3
3.19824,1
2.2062,3
6.45536,2
3.40513,0
2.26912,0
2.4716,0
4.83403,2
1.08705,3
1.72387,1
1.62158,0
1.45386,0
2.12988,1
0.780651,0
1.22311,2
2.16884,1
3.6867,1
4.75215,0
1.6186,0
1.82845,1
1.7222,2
2.656,2
2.25024,4
1.94354,0
1.7786,1
1.98524,2
2.53594,3
2.33483,1
1.69885,0
1.10573,2
2.29449,0
3.1008,1
3.28208,0
1.215,0
2.80296,2
1.58332,2
1.51216,0
1.92767,0
1.29965,0
1.66155,0
1.59116,1
1.60304,1
1.24913,1
1.78882,0
0.906557,5
1.34151,0
3.87031,0
1.2108,0
2.12133,2
1.08785,2
2.2819,2
2.88391,2
3.38769,0
2.54303,1
2.29885,1
2.5749,0
2.37277,1
1.06473,2
3.88344,3
2.49809,0
1.25903,1
5.76942,0
0.844757,2
1.25444,3
1.42459,1
4.30744,3
2.09609,1
3.03303,1
2.59034,2
3.48001,2
2.73753,0
5.41244,0
0.991785,5
0.97184,1
4.67316,2
3.97991,2
4.96817,1
3.01181,2
1.43727,1
2.02704,2
2.42138,0
3.07053,0
2.74211,1
3.89418,2
5.19912,0
2.44111,3
3.97839,2
1.55055,1
3.23916,1
1.9583,1
3.94922,1
1.40086,3
3.00101,1
1.92491,4
1.11255,1
2.80362,0
2.12579,2
1.55997,2
1.75333,1
6.02066,2
4.43151,2
3.44688,3
1.66105,2
1.74334,2
2.25711,1
1.4637,1
1.85962,2
3.16804,0
1.80106,1
1.47896,3
2.03924,3
2.18767,2
1.88331,0
1.541,1
0.861514,1
1.80465,1
2.64894,1
2.45817,2
1.99073,2
1.85211,1
2.3311,0
1.74061,3
3.85224,1
3.72719,2
3.73881,3
2.31163,0
2.89182,2
3.12749,2
1.66126,0
3.67243,2
1.498,0
2.69649,1
3.60485,2
2.56234,3
3.63599,0
3.30627,1
1.68357,0
3.02071,0
4.16484,1
2.29986,1
2.2505,2
3.30052,0
2.14899,2
2.13073,1
1.16148,1
4.09817,1
3.2669,2
3.7164,1
1.76823,1
1.96407,1
2.48241,0
1.8162,2
2.03843,3
2.53168,0
3.13983,0
2.62888,0
1.51238,2
1.56614,2
1.71679,0
1.53157,0
2.51706,0
2.64861,3
1.30786,4
4.00933,1
2.16117,2
5.07282,1
2.12015,0
2.78734,1
5.06547,1
1.62949,2
1.2334,1
2.0697,2
2.21635,0
1.32546,2
4.0442,2
0.760892,0
3.45472,3
3.05471,1
1.86623,0
1.86982,4
0.822104,0
1.50246,0
1.79707,3
1.91466,2
1.31149,2
2.2243,2
3.73363,2
3.00071,1
4.24861,0
1.99715,3
1.02111,0
1.2828,0
3.91449,3
2.73949,2
2.09085,1
1.79087,1
2.34983,1
4.23435,0
2.26414,1
1.26028,2
3.90081,0
0.868201,2
1.53097,0
1.46394,1
1.01623,1
2.29001,0
2.87837,1
1.6718,0
1.4414,2
2.4605,0
0.923585,1
1.32855,2
2.45583,4
1.83539,1
3.80621,0
1.07199,1
2.51219,2
2.29195,0
1.81066,0
1.85914,1
2.67983,1
1.22402,1
0.925014,1
2.48016,3
2.73861,4
2.60748,2
1.73305,1
1.34346,2
1.50851,0
1.99214,2
3.6161,0
4.57844,0
2.73214,2
1.19471,1
2.4143,2
2.86673,2
6.77107,2
3.31874,0
3.0231,3
1.12708,1
1.43938,1
3.25844,4
1.92639,2
2.29601,2
1.48348,2
2.12145,1
3.57395,3
1.05802,2
0.813615,1
3.28941,2
3.59722,1
1.96335,0
1.33471,0
1.52205,1
2.06208,2
2.14915,1
2.85667,1
5.10728,3
5.33525,2
2.08851,3
1.15302,3
1.29346,0
2.61029,1
2.68116,0
1.77397,1
2.46937,2
1.42233,4
2.92246,4
2.86321,3
2.79715,2
2.22302,4
2.04849,0
2.27439,1
1.84557,2
3.75492,1
3.3596,1
2.05903,1
2.26325,1
4.15432,1
3.69459,4
4.01735,0
0.99424,1
1.83081,3
3.70747,0
4.39484,2
1.39846,3
1.44066,2
1.51439,0
2.47258,2
4.6186,0
1.43503,3
1.85734,1
2.11731,2
3.05241,1
3.12758,3
3.65838,0
1.68421,2
1.58695,2
3.61854,1
1.81234,1
1.78598,0
1.42644,5
3.21687,2
2.33882,2
1.32203,0
1.49391,2
2.17576,2
2.28589,0
6.65463,1
4.36264,1
1.67341,0
2.85052,0
3.2248,3
2.28622,3
3.12226,0
2.49943,0
3.2731,0
1.92778,2
2.75213,0
2.92068,1
1.69748,1
0.927193,3
2.33893,1
1.16668,2
5.71287,1
2.4947,0
1.69517,1
2.20224,3
2.17654,2
1.79137,2
4.35724,4
1.70909,0
2.97708,1
0.777331,1
1.84208,3
2.50899,5
2.14557,0
3.14827,1
1.40534,0
1.43551,1
1.96208,1
1.01592,1
2.88158,4
0.923195,0
4.74861,0
1.55863,0
1.81814,0
3.08313,0
2.28525,1
1.52229,1
1.10571,0
2.05324,1
0.785626,3
1.17298,0
2.9262,3
2.21635,1
1.09172,4
3.046,0
2.14124,4
0.731907,2
2.47397,0
4.74169,0
2.49828,1
3.55743,1
1.59334,1
3.76198,1
1.31088,1
1.94082,1
2.247,1
3.34237,2
0.859477,1
4.89839,1
1.66023,0
3.23139,3
1.45756,1
2.21983,0
4.0651,1
2.54041,2
2.14651,1
2.96413,0
1.26565,1
2.31681,4
5.02168,1
2.03566,0
3.93267,2
1.05443,1
4.46178,1
2.94162,3
1.3368,2
1.3562,3
1.12154,3
3.0415,1
4.02282,1
2.7718,1
4.77668,0
2.44374,2
2.43988,0
2.04236,0
1.8811,0
1.72381,1
1.56185,1
2.86414,0
1.2071,0
3.99571,2
6.54241,1
1.16575,3
5.44812,1
1.31741,1
1.13511,0
1.21125,2
1.72741,0
2.3138,1
2.90836,1
2.13878,0
1.23916,2
1.49536,1
2.14311,1
2.11982,0
2.29354,1
2.25961,1
2.17427,2
3.09306,3
1.70851,1
2.60162,0
1.73987,1
1.25724,1
3.03037,3
2.51725,2
1.16986,1
2.26141,2
2.33109,1
1.81846,0
3.87705,2
2.10564,0
1.8592,1
1.27463,1
1.33355,3
1.96456,2
4.80806,1
1.76037,3
2.16924,2
0.939804,1
2.24518,2
1.61803,1
1.72366,0
2.49557,1
2.71241,3
1.96515,2
1.10485,1
1.45844,1
1.25761,2
2.41333,2
1.95712,2
2.17898,0
2.33634,1
2.24007,0
1.40828,1
2.87888,1
2.54221,2
1.22298,1
1.28976,2
1.54313,0
4.74667,0
1.25833,1
2.23651,4
2.79616,2
2.62578,0
0.771661,1
1.70814,0
1.48434,0
2.30421,0
2.96949,2
0.621279,2
4.17679,2
1.74941,1
1.56493,2
1.58735,5
2.17945,2
1.27108,1
7.6851,0
1.65428,3
1.24625,0
3.40759,2
1.45337,2
1.29356,2
3.12636,0
2.05417,1
1.56296,0
2.10226,2
1.92385,2
1.89936,1
1.61479,2
2.37817,2
4.32954,2
1.20288,1
1.48148,4
1.23213,4
3.08699,2
1.21406,0
0.896478,1
3.37373,0
1.32155,0
1.38696,1
1.60103,2
5.35369,0
1.74505,2
1.02094,0
2.08404,4
2.89448,1
3.02882,3
2.0079,0
2.74187,3
1.50582,1
2.1887,1
2.11179,2
4.80277,0
3.62913,0
1.69184,1
2.17293,3
1.85042,2
2.27053,3
1.98013,2
1.33769,0
2.1345,4
4.15641,0
2.44892,0
1.46475,3
3.37766,1
1.06598,1
2.55956,0
1.64516,2
1.28038,1
1.78736,1
4.02826,1
1.8707,0
2.77818,1
0.703934,0
1.44885,2
1.3065,1
1.76138,2
2.67763,0
2.07163,3
1.11746,0
4.73087,2
0.919351,2
2.57372,0
3.12827,2
1.98741,1
1.46275,1
1.14299,3
3.01482,1
3.07629,1
2.85154,0
1.89668,1
1.90523,1
5.32208,3
3.11638,2
1.89681,1
1.70402,1
0.987827,2
6.01217,0
1.60677,2
0.965069,3
1.93285,0
3.04072,0
2.36689,0
1.73301,1
3.54402,2
2.18347,0
2.26865,1
1.92005,0
2.97546,3
6.34384,2
2.1368,2
3.39457,0
1.88775,5
2.01713,0
4.55122,1
2.09966,2
2.55252,3
2.47419,3
2.88152,0
3.37761,2
2.01833,2
0.919986,2
1.91119,0
1.45848,2
3.08733,0
6.42819,0
1.34972,3
3.4144,2
1.13043,2
1.44183,1
2.66935,0
1.88749,1
1.18862,0
2.76826,1
2.50341,1
1.69725,2
1.6654,3
2.31233,0
1.61988,1
1.6507,0
2.63151,0
2.03717,3
2.23009,0
1.57727,2
2.78244,0
1.52159,1
1.94437,1
2.11943,1
3.86388,2
3.42954,6
1.85784,1
1.88582,2
2.93308,2
0.69778,2
1.24068,1
2.07272,3
1.71288,0
1.24784,2
1.01796,1
1.34635,0
5.2824,3
2.41696,0
1.6985,1
1.48428,0
1.63232,1
3.29426,1
2.23882,0
1.85005,2
2.54202,2
3.13465,0
2.76558,3
1.46407,0
3.61523,1
2.5405,1
2.44431,2
3.26409,1
3.32925,1
1.20733,1
2.65276,0
7.62286,0
3.10982,1
2.3112,0
1.92974,1
1.10194,1
1.5076,1
2.22525,1
1.35887,0
3.1512,4
3.78367,2
1.77465,0
1.66208,1
2.18078,0
2.87958,0
1.16101,0
1.07793,0
1.17024,0
1.42263,2
5.11323,1
1.20446,4
2.26671,3
4.05025,1
1.68408,0
2.86143,2
3.0094,1
2.39432,1
1.07813,0
1.61525,0
1.5432,2
1.39039,1
6.16904,3
1.74437,0
1.68526,3
3.07137,2
1.73006,3
1.61458,1
2.13692,1
1.22179,1
2.62897,2
3.4173,1
2.00722,4
2.50986,0
4.13547,1
2.86606,2
1.54934,5
3.66576,2
2.32987,3
1.69776,1
1.34036,1
1.55349,1
1.87122,1
2.29523,0
2.10111,1
1.42113,1
1.45779,1
1.92838,3
1.67618,2
1.85276,0
3.95915,1
1.69515,0
1.50322,2
2.10356,2
2.03735,1
2.11599,1
1.50954,0
1.43534,1
1.07844,2
3.53724,1
2.30806,0
1.95398,2
2.28273,0
2.67992,1
1.75205,1
4.17814,1
1.23236,2
2.85718,2
2.3235,2
2.79705,2
1.78058,0
1.70857,1
2.67816,4
2.93826,4
2.33636,1
1.08888,4
1.22331,1
3.93368,1
3.58422,1
1.57974,2
1.92573,0
3.78273,1
1.29784,2
1.43529,1
1.50582,0
2.7277,0
2.09342,2
1.48493,2
3.28787,2
1.90418,1
4.30652,1
1.19425,2
3.47085,0
2.72231,1
1.55479,0
2.04936,0
2.19676,0
1.38446,3
2.80496,0
3.92626,1
5.13891,3
2.07053,2
1.98414,1
2.66852,0
2.3956,2
1.67648,1
2.23518,1
1.75832,1
2.11843,1
1.97168,1
2.77778,2
6.76935,3
1.52679,0
1.80096,0
1.9031,1
4.87062,2
3.65485,1
1.99726,3
3.20976,0
1.52165,0
1.74942,0
1.14161,1
1.1615,0
3.57718,2
0.831563,1
2.04596,0
2.16072,0
3.3238,0
1.54143,0
3.37375,0
2.08125,1
2.76078,1
1.37311,1
2.59634,0
1.24461,2
1.50632,0
2.06529,1
3.43286,2
1.98717,1
2.01729,1
1.57896,2
3.01811,1
2.19323,1
1.81999,3
3.68522,0
5.36619,0
2.18572,0
1.98985,1
4.55191,1
2.45821,1
2.26594,3
3.88116,0
1.21054,2
2.84992,0
1.58311,2
1.57095,0
4.61927,3
2.1983,2
3.11454,3
1.65714,1
1.40326,1
3.30176,2
1.89459,0
5.85487,1
1.55012,1
1.25769,1
2.69391,3
3.03468,1
1.03226,0
3.05104,1
3.0412,2
2.26118,1
7.24887,1
2.25678,3
1.66129,0
2.05761,2
1.9486,0
3.03924,1
2.33767,0
2.01858,1
0.99025,1
1.54382,0
3.59412,0
3.49677,0
1.14897,2
4.38608,1
2.68594,3
2.90559,1
1.54839,0
2.04714,0
2.49822,0
3.79176,2
1.38604,0
1.9398,1
2.14886,0
4.9594,1
1.27656,2
2.2089,2
2.89326,3
3.38538,2
1.53398,0
3.27423,2
3.71759,4
2.83693,2
2.35278,5
1.43401,1
3.72941,0
2.23424,1
2.50851,2
2.20005,1
1.90026,1
3.19798,1
3.24077,1
2.95396,2
0.958627,0
3.43861,1
2.52232,1
1.61344,1
1.39522,0
4.16338,2
2.26305,0
3.2637,0
2.49105,2
2.96922,0
1.57576,3
1.11312,1
2.51979,0
4.21195,1
4.05366,0
4.62327,1
3.41168,1
1.94546,1
1.8351,0
2.06548,0
1.73764,1
3.31667,3
1.98906,0
4.85124,2
3.05231,1
3.38287,0
1.20909,2
2.20142,1
3.13486,1
2.13667,2
2.78353,2
1.20563,2
1.1229,1
1.22775,0
1.44545,0
2.89396,2
2.66368,0
2.28319,0
1.70864,0
3.93055,1
2.76597,1
2.00616,1
2.03663,1
3.1674,1
1.21607,2
1.34852,0
3.01124,2
1.93528,0
1.75995,0
2.28536,1
2.46812,0
2.1821,1
2.6778,1
1.72301,0
2.27467,0
1.59366,0
1.61094,0
1.13506,0
1.27125,1
1.07466,2
1.69176,2
2.44002,1
1.91381,2
2.45617,2
2.2934,1
1.99045,0
2.19706,0
1.88147,3
3.21418,1
2.9466,1
2.05727,2
1.97932,3
2.70305,2
2.51196,1
4.97615,4
2.87859,0
3.66927,0
2.52713,1
3.79086,2
2.57762,2
1.5575,1
2.9291,0
3.06187,3
2.38597,0
2.85258,4
3.6786,0
4.74431,1
5.43402,0
2.95152,0
1.88702,0
1.58264,1
0.851373,2
2.28357,1
4.768,3
0.834897,1
2.6534,0
2.73178,0
1.81397,1
1.15472,0
2.568,1
3.4902,0
2.08905,1
1.20361,2
2.28505,0
1.39021,3
3.00198,2
2.7921,0
2.56869,2
5.09869,3
1.78412,1
1.80815,2
2.58268,1
1.92266,0
1.85694,1
1.01575,0
4.43392,1
1.71969,0
2.70492,3
4.21538,0
1.14644,1
1.6285,3
2.1827,3
1.99116,1
2.49517,3
4.63263,0
1.1308,0
1.85892,1
2.45253,2
1.97706,1
1.90478,0
3.96061,4
3.39128,2
3.39687,1
1.58355,2
1.95488,1
2.5925,2
2.40151,1
2.57569,1
2.56698,0
2.67712,3
1.42095,0
2.11553,1
1.16812,1
2.312,0
1.58246,0
2.76058,1
3.22868,4
0.902956,1
1.89818,3
1.924,0
2.51699,1
1.8491,3
4.0398,2
1.44832,0
1.6078,2
2.28452,1
2.5146,0
1.03562,0
1.2774,1
1.95594,1
2.04925,4
2.75583,0
3.27135,0
1.34256,3
4.19562,2
3.16994,1
2.12911,2
3.14822,1
1.97913,2
2.58838,0
1.46638,1
1.45677,2
1.82772,3
0.966229,1
3.72112,2
1.75927,0
3.68094,1
4.67219,0
1.14409,2
1.97931,0
1.72632,1
1.54392,2
1.801,1
1.54234,1
3.08976,0
1.50866,0
2.04197,1
4.14988,1
2.74784,3
2.01851,2
2.2242,1
3.52401,3
2.14105,1
1.23975,4
1.63972,1
4.21515,1
3.01355,1
2.00922,1
3.58889,2
1.20912,1
1.63663,1
1.11662,2
2.14834,1
1.85064,1
1.81016,2
2.07243,0
1.73897,1
1.53958,1
3.39108,0
4.99702,4
5.056,0
3.59018,1
1.24056,2
4.28338,0
3.00012,1
3.40529,1
1.71072,0
2.91815,1
2.62801,4
3.0755,0
2.99256,2
4.70522,2
2.94062,1
2.69101,1
1.52651,0
0.994843,4
2.65577,0
1.22568,0
1.40824,0
2.69646,0
2.38323,0
1.25209,0
2.55601,1
7.86339,4
3.37476,2
1.33543,0
2.12916,1
3.02172,1
3.83983,1
2.54343,1
1.96495,1
3.51158,0
2.89676,1
1.41895,5
1.13188,0
4.28529,4
3.22891,1
1.6522,0
2.40891,1
1.24322,0
1.58921,1
1.72459,3
2.22766,1
1.26695,2
3.86895,2
1.0762,3
2.13394,3
0.958315,1
1.46514,3
0.899443,0
2.20736,1
1.42507,2
1.63184,1
2.21195,0
2.05087,2
1.72669,2
1.31598,0
1.933,1
4.81441,0
1.52004,0
3.39845,0
2.35878,1
3.63382,1
0.844919,0
2.03097,1
2.42784,0
2.03864,2
2.53371,1
0.802461,2
2.4491,1
3.03546,0
1.54188,2
1.77664,0
1.82278,2
3.33478,2
1.48506,1
1.9529,0
3.1474,1
1.21969,0
5.9364,1
2.02932,3
2.9113,1
4.25228,3
0.799584,0
1.97623,2
1.98039,0
2.40548,1
2.28281,1
1.75475,2
1.81271,0
3.24017,0
2.40615,1
1.13687,1
1.48367,1
3.01945,4
1.74609,2
3.91728,0
3.06161,0
1.15112,2
2.56964,3
1.06097,2
3.8815,5
3.24698,0
2.38931,0
1.33297,1
3.21842,2
2.37689,2
0.81747,1
1.33148,1
0.895931,2
1.20325,1
1.66879,0
3.25316,1
2.48369,3
3.88789,1
3.28873,1
1.57688,0
0.625575,2
3.11731,0
2.58063,1
3.64081,1
2.025,1
5.11494,3
4.02371,1
2.55255,0
2.58994,2
2.03469,3
2.90638,1
5.22307,0
2.81568,2
3.49464,2
1.42048,1
0.795939,0
3.28058,2
1.69302,1
0.924003,1
2.15144,1
1.85475,2
2.19304,3
0.802687,1
3.01023,2
1.52267,0
1.3272,2
3.30485,1
2.22504,1
2.17491,2
2.46567,2
1.13784,2
3.12703,0
1.64836,0
2.43866,1
3.3467,1
1.57169,2
1.82824,0
2.56319,3
1.86653,0
3.20248,0
1.7175,0
3.73772,2
1.75881,1
1.75764,1
2.36171,2
2.5307,2
1.47995,2
1.87246,0
1.90943,1
1.84602,3
3.0147,2
2.61753,0
5.23174,2
1.55495,1
2.28713,1
3.11508,2
1.53128,1
3.15131,0
1.99804,1
3.79365,0
4.1466,1
3.24634,0
1.54805,2
3.21396,2
2.87128,0
1.25428,1
1.40069,2
1.2049,0
5.24509,3
2.57659,2
2.62507,0
2.79193,2
1.77567,2
5.84715,0
1.47768,2
1.06393,0
3.20789,3
1.67818,1
1.44408,2
2.0515,4
2.62402,1
1.73991,2
1.09211,2
6.6085,1
2.96167,2
2.26333,1
2.51047,2
1.94842,2
3.97131,2
2.12523,2
1.18575,3
2.2486,1
1.97727,1
2.83439,1
2.07578,4
2.20797,1
1.4264,0
1.78898,2
1.29068,0
2.14046,3
2.03018,0
2.36536,1
2.00408,4
0.713898,0
1.92682,0
1.4299,2
1.68017,3
2.2414,1
2.60539,2
3.8074,1
2.39752,1
5.28257,1
2.06797,0
1.95373,1
1.93376,2
3.02016,1
3.79163,0
1.54326,2
3.69899,0
3.12029,2
2.90506,0
7.89415,1
3.82846,1
2.09852,3
3.62257,2
1.27006,3
2.41412,3
0.782769,1
2.1,2
3.14544,2
2.48126,1
0.857859,0
1.09468,0
2.87534,4
1.55008,0
3.2671,2
2.6378,2
2.67131,0
1.53348,0
1.26637,1
3.25104,1
2.79406,4
3.04642,2
3.69731,2
2.36604,0
2.40392,0
2.67079,1
2.70282,0
2.92868,1
1.57336,0
2.48955,1
1.82363,4
1.2479,4
1.94809,2
1.34835,2
1.43587,0
3.93937,1
1.79939,1
2.29498,0
2.47887,1
3.16644,3
1.17036,0
1.36626,0
2.65219,3
1.69026,0
1.84223,0
2.08848,2
1.87553,1
2.55532,4
1.63191,1
1.24589,0
1.90591,4
1.15162,1
4.03712,1
1.6818,3
1.65459,0
1.3915,0
1.31782,0
1.50046,0
1.79245,0
1.40849,2
1.76447,0
1.47247,1
1.44256,2
2.30825,1
1.72601,3
1.53968,1
2.44546,3
0.910227,2
1.7046,1
1.92302,0
1.85963,1
3.91456,1
2.13673,3
4.4028,2
1.77963,2
2.32051,1
3.63952,0
2.94946,1
2.16737,0
4.00266,4
2.04774,2
1.32688,0
1.64457,1
2.45493,2
1.64998,0
1.6655,2
1.59297,1
2.4384,0
1.79669,0
2.95033,2
2.4791,0
1.02677,2
2.85787,2
2.90833,0
4.07959,1
4.05503,3
2.40994,1
1.53822,0
1.15836,0
5.51896,1
1.56725,1
2.45776,1
1.71577,1
1.60326,4
4.09148,1
3.33811,1
2.32232,0
1.17355,2
1.63073,2
3.4808,1
2.00785,2
2.81417,1
4.26841,1
1.57073,0
1.63822,2
1.73284,2
1.33195,2
2.21578,2
1.87979,3
2.82104,2
2.67918,1
2.32942,1
1.12998,1
2.4896,1
2.87854,1
1.95413,1
1.24522,1
1.70201,1
4.61102,2
2.22618,1
1.77416,0
2.0137,2
1.36865,0
3.30167,0
2.17373,0
1.05019,0
3.07982,1
1.89617,3
3.07452,0
1.89715,0
2.6531,0
2.47646,0
2.13607,0
2.23995,1
2.13736,0
2.00156,1
7.14908,2
3.8529,1
2.03215,1
2.68087,0
1.03135,2
2.25864,0
2.90378,3
1.11132,1
3.58285,1
2.00545,0
2.73311,2
1.33847,1
1.70114,0
1.60917,0
1.3427,0
1.72252,1
1.43834,2
4.46508,2
1.15708,2
2.05213,2
4.74902,2
1.12655,1
3.5251,0
2.98453,2
1.45423,1
6.13658,0
2.95385,0
2.44498,2
2.5533,2
0.921274,2
2.60662,3
1.19631,1
2.26799,1
3.93841,0
1.79165,2
2.2394,0
2.52265,0
1.63116,2
2.57034,1
2.52031,0
2.94219,1
1.91434,1
1.17665,3
2.53048,1
2.39983,0
1.69479,1
2.87405,4
2.73824,2
2.18384,0
1.0851,0
1.84394,0
4.81401,1
2.3597,0
1.90734,0
1.43688,4
1.23623,1
2.12172,3
1.96724,1
2.78858,0
2.52365,1
3.31936,1
2.27185,0
4.90547,1
6.25867,0
3.42315,1
3.04041,2
1.72857,0
3.31852,2
1.67502,1
3.4511,0
2.05189,0
0.96581,1
1.43671,1
1.17783,1
1.49599,2
1.26918,3
1.39082,2
2.76331,0
1.27267,1
2.7096,1
2.14944,1
2.59829,1
1.4496,3
5.21857,0
1.71574,1
2.47066,1
2.16161,0
2.23587,3
1.789,3
1.8642,3
1.39758,0
1.22241,2
4.27632,1
0.982993,0
1.8193,3
2.42917,1
1.73363,1
2.3174,4
2.54308,2
2.57219,1
3.72224,1
0.887024,3
1.94244,0
1.97587,0
2.15835,1
1.47083,1
1.6679,1
2.33449,3
1.78168,2
2.63246,1
2.55419,2
1.80637,1
2.00011,0
2.36089,1
1.51305,1
3.62977,2
2.44021,1
1.45059,1
1.87184,0
2.23062,1
1.26955,1
2.21882,2
2.65,1
4.07597,2
1.72098,0
4.27697,1
1.37818,1
4.26821,2
1.65721,1
1.0766,2
2.17329,0
2.8847,2
2.86019,0
2.18172,2
0.908698,1
1.79033,4
2.4252,2
1.49917,1
1.29318,0
3.10482,1
1.64943,4
1.57615,3
1.59976,3
2.36072,1
2.10504,0
2.57596,2
1.932,2
2.06033,3
1.13532,0
2.12345,1
1.42119,0
0.779391,1
1.81572,0
1.10916,1
2.64273,1
2.3884,3
0.912312,2
1.92765,2
1.95844,0
2.12223,1
2.01522,3
0.99778,0
1.34013,1
2.58715,4
1.26921,1
4.52344,4
1.66819,2
2.22885,0
1.09323,2
2.29391,1
1.68942,1
1.26817,4
3.91869,0
1.86197,1
2.25643,0
2.04562,1
3.67583,2
1.56435,1
3.00043,2
1.45721,0
2.97857,0
2.73011,1
1.11795,1
2.86269,1
1.81429,0
1.65785,4
1.45631,0
1.55199,0
3.20727,1
2.11081,0
1.82196,3
0.926758,2
1.36374,0
2.36443,1
2.27093,1
2.53315,1
1.68376,1
1.81654,2
5.10993,1
1.89598,2
1.94143,0
2.13187,1
1.31712,1
1.15324,1
1.4021,2
3.52476,0
2.11236,0
1.03099,2
2.41031,0
1.55922,1
2.80157,0
1.36349,3
2.00422,0
1.89842,0
1.39642,2
2.69358,1
1.14529,0
1.56873,0
1.67777,2
1.99618,1
2.4768,2
4.03619,1
3.99784,1
4.47901,1
2.98205,2
1.02078,1
2.62078,1
2.1807,1
2.49024,2
2.74476,2
2.72814,3
3.52293,1
1.92353,2
2.19586,0
3.55982,2
1.82524,2
1.43973,1
3.01206,0
2.45473,0
1.45683,1
3.40756,1
1.41438,0
1.47698,0
2.21652,0
2.30593,1
2.53406,0
2.637,2
3.1492,0
1.88093,0
4.30719,1
3.94032,2
3.10135,4
2.64355,1
1.35433,1
1.39961,1
3.34527,1
2.97344,2
1.50839,0
1.4003,1
4.77166,3
2.05807,2
2.33659,2
1.65207,1
1.78624,4
2.22802,1
2.55653,1
3.01615,0
2.31307,1
1.45394,1
3.67434,1
5.51521,1
2.85646,4
3.40664,1
3.3066,1
2.03493,1
1.46098,0
3.51154,2
1.53721,3
0.825563,1
2.00194,3
1.3263,1
2.44552,2
2.76864,0
1.48784,4
1.83258,1
2.11561,2
2.25308,1
2.61849,0
2.50781,1
1.97224,0
3.57362,1
5.31965,2
2.47368,2
1.81037,2
1.90394,1
3.51542,2
4.65147,1
2.36599,0
1.81644,1
1.71767,1
1.85525,1
2.16098,0
2.86632,2
1.42718,1
3.00265,1
2.45756,1
6.53991,1
2.45505,3
4.20588,1
3.72848,2
1.01383,3
3.3333,2
0.710607,2
0.91871,3
3.16273,1
2.53889,1
1.85201,3
1.76741,1
2.32472,0
1.74495,2
2.15229,2
1.06322,1
3.20992,0
0.967659,0
0.91907,3
1.5199,1
1.5678,1
4.24326,1
2.79435,2
1.70027,0
1.93272,0
2.29507,0
1.6236,0
1.17485,1
2.4022,0
3.51885,1
3.06019,0
3.87741,2
2.33821,1
1.19667,2
1.55583,2
1.95269,1
1.95414,4
3.11561,0
4.88884,2
1.50544,2
1.79926,1
2.2584,0
1.74341,1
2.17267,0
2.85921,1
1.35357,1
1.82799,3
1.14966,1
3.68445,3
1.68814,2
1.59041,2
2.1806,0
2.1736,4
1.79406,2
2.58078,2
2.4283,1
3.54572,0
2.4242,2
2.28474,1
1.12981,0
1.97278,0
1.48603,2
1.92654,1
1.60794,3
1.95998,1
2.48165,2
2.81834,1
2.14762,3
2.02248,3
1.9078,1
1.91157,0
2.54924,0
2.66015,0
3.48759,1
2.87478,0
1.56869,0
2.51318,0
2.09379,1
1.46548,4
2.33782,0
0.870261,3
3.87225,0
1.11622,0
3.02484,1
1.80126,1
2.56761,1
1.88636,1
1.71366,1
2.51228,2
2.48403,0
1.36961,0
1.60437,1
1.49942,1
2.34074,1
2.63655,1
3.68183,1
3.57442,1
1.89984,0
2.05704,0
4.0913,2
2.14322,2
2.2151,3
1.91296,1
2.55977,0
0.612876,2
1.13432,2
1.41483,0
1.34836,1
2.16571,3
4.27833,1
1.71704,3
1.0378,0
1.56035,3
1.79948,0
1.67245,0
3.18174,1
1.84183,2
1.44635,1
1.08044,2
1.94623,2
1.40609,3
1.16207,1
2.71141,7
2.28776,1
5.3972,1
3.33588,1
3.81892,1
2.4794,1
3.01232,0
1.75744,0
1.74144,1
1.07936,0
2.16423,1
2.38875,2
2.52094,1
2.66075,1
2.69546,4
3.27842,1
1.59865,0
2.88191,0
1.2389,0
1.23215,2
1.73959,1
1.81054,2
2.56508,3
2.45617,2
1.77079,1
0.957792,0
3.23988,1
1.71233,3
2.66079,0
1.33386,1
1.30203,0
4.12174,1
2.04295,2
4.9922,3
4.66174,1
0.977982,1
5.39883,0
2.00581,2
0.983613,1
4.02737,2
2.06744,1
1.65684,2
1.24268,2
1.37154,2
5.47585,2
1.99296,1
2.44427,2
1.66761,1
2.13821,1
4.99239,2
1.12108,0
2.98757,2
1.61851,1
1.9489,0
2.06969,2
2.83578,1
1.38889,0
2.1695,1
2.36496,2
3.39616,1
0.909242,2
1.61165,3
1.45687,0
1.29109,1
3.06395,2
0.737307,0
1.00909,2
3.15089,1
1.0622,0
0.929104,2
0.729429,3
1.90345,1
1.48118,1
2.47787,0
1.2056,0
1.36745,0
1.31609,2
3.95372,2
1.38059,2
2.33401,2
2.08701,4
2.06964,0
1.31451,2
1.2755,0
2.30841,2
3.15588,4
3.39728,0
2.00638,1
1.61488,2
1.94458,0
2.03046,2
2.08621,1
5.08009,0
1.89084,1
2.0663,1
0.793603,2
4.24281,3
2.28282,2
3.26519,1
3.56495,1
1.85747,0
4.25997,2
3.25903,1
1.50238,2
1.42611,1
1.51563,3
2.26759,0
1.34194,0
1.95495,0
2.99299,2
1.87283,0
2.18659,1
3.46763,1
1.88005,0
1.53532,0
5.28949,1
3.08465,0
2.28168,2
1.55013,3
1.3117,3
2.56143,2
2.5633,0
1.94401,0
2.54151,1
2.2093,4
1.87169,2
2.33556,1
2.79149,2
1.45587,0
1.47877,3
2.08942,1
2.20096,1
2.21876,0
3.08876,2
2.1485,2
2.72657,2
3.48091,1
3.05255,1
2.54523,1
1.48686,1
1.25479,3
2.03018,0
1.80139,0
1.5649,2
2.74749,0
3.51422,1
1.90061,1
2.6184,0
1.59653,0
3.63218,3
3.07465,2
1.33228,3
1.49605,0
1.88065,1
2.13168,2
2.1077,2
2.18678,3
1.47749,0
2.30032,1
4.34988,0
2.72698,1
2.53478,2
2.11035,3
1.91409,0
3.26392,2
1.76317,3
2.46512,2
2.69189,0
3.64426,1
1.4112,3
0.906131,1
3.02075,3
1.52009,0
2.60079,2
1.91322,1
2.08531,0
2.65157,3
1.6766,1
1.59304,2
1.88961,1
5.35385,1
1.42242,2
3.86244,0
1.63161,0
3.07865,1
2.60813,1
2.0799,1
2.80474,1
1.36603,1
1.50667,1
1.63498,2
1.64843,1
3.66225,2
2.71308,1
3.44514,2
1.98178,1
2.05285,1
3.82371,0
1.70869,0
2.58064,2
2.59279,2
1.22627,2
1.43946,1
2.67348,1
1.76617,1
1.89714,3
0.78109,2
1.76924,2
2.89924,2
2.0671,4
3.16089,3
3.39358,0
2.3236,1
2.65578,2
1.62117,3
1.38938,2
3.15795,3
2.77914,2
1.75858,1
9.46776,0
3.01345,1
2.43176,1
5.1497,1
1.93362,1
2.13845,0
2.83097,2
3.05315,0
1.78555,0
3.35701,1
2.9006,0
1.71524,5
2.75654,1
3.94637,1
1.89966,1
1.68704,1
3.97063,1
3.15155,1
2.25669,3
1.76434,4
1.82533,0
3.91804,0
0.679679,0
3.62826,1
0.705859,2
2.43075,0
2.58195,3
2.58551,4
3.89827,1
2.60887,1
1.49999,1
4.75578,1
4.7071,1
3.97847,0
3.35184,1
2.17739,2
1.74111,0
2.39032,2
3.41534,0
3.08665,0
2.29651,3
2.44182,1
1.60084,2
2.09911,3
2.60616,0
6.72529,1
1.66586,1
1.76323,0
1.80835,1
1.9285,0
2.37281,0
0.848373,0
1.28943,3
2.08692,2
2.81241,2
1.81151,2
2.44347,1
1.95968,0
1.94734,0
1.82365,2
3.24831,1
2.02791,2
1.45906,0
1.73169,2
1.75331,2
1.86295,2
1.27217,0
1.33224,1
1.62667,2
2.31392,0
1.40556,1
2.6415,5
3.92514,1
3.75679,2
2.82503,0
3.10139,1
4.43936,1
3.26964,1
3.71552,1
1.72996,1
1.94853,2
1.26772,1
2.21141,1
1.39994,1
2.61488,1
2.88522,2
1.77449,4
2.67848,2
2.43921,2
0.9824,1
1.65556,1
4.04644,0
1.52445,3
1.93178,0
1.57756,1
4.46167,1
4.35468,2
0.923051,3
2.95964,2
2.36703,1
1.11967,4
2.36133,0
1.78109,1
3.10783,2
1.67537,4
1.46491,1
3.99483,2
7.66936,1
1.87449,2
1.22327,0
1.62228,5
2.19745,1
2.0468,0
2.12795,2
5.92947,1
3.00246,2
1.8649,2
2.94417,1
1.69727,0
2.56148,2
1.67824,1
1.30899,2
1.85067,1
2.78563,1
1.07176,0
2.42275,3
4.47341,1
1.98213,1
3.97828,1
1.93897,2
4.18231,1
4.27253,1
1.94521,4
2.14345,1
2.70372,0
2.33567,1
1.38571,3
2.42942,3
1.68893,0
1.67876,0
1.89192,1
2.43567,0
3.80575,0
2.13954,3
2.04544,1
2.85301,3
3.68317,3
4.35625,2
1.58109,2
1.37991,0
3.57869,0
1.9485,0
2.57313,1
3.03351,0
1.60256,1
3.08672,2
0.706963,0
1.59026,3
1.46647,1
2.69818,4
1.3864,1
2.7945,0
2.49077,1
2.62516,0
4.35075,0
2.25625,0
2.24423,0
2.96417,0
2.28311,4
2.67672,3
0.991604,0
1.31191,1
1.53862,2
2.68737,1
2.84505,1
4.94717,1
2.67752,2
3.43561,3
4.36082,0
1.29378,0
1.80744,1
3.96599,1
