6.34718,0
3.58489,1
6.84954,3
5.34938,3
2.98843,2
6.97846,2
3.20174,1
16.1881,2
13.5843,1
5.75979,1
3.69677,4
8.16906,2
3.06022,0
3.43453,0
9.46056,2
5.27475,2
3.28757,1
9.18272,3
10.5322,3
5.74871,1
4.39973,2
9.60236,0
10.1921,1
4.914,1
10.3888,0
8.59385,3
7.8073,2
12.3047,1
6.30631,1
7.00845,1
6.79035,2
9.02328,0
5.54432,2
4.93729,1
9.54939,0
3.8767,0
8.35761,1
8.43106,2
5.89202,1
5.68147,0
4.5877,2
12.5805,3
7.48966,1
3.99732,0
5.37257,1
3.50822,0
4.40504,2
7.7106,2
4.27347,1
8.29828,0
5.65052,2
5.13006,0
6.59705,1
4.66532,1
5.02922,0
4.16989,2
5.08469,1
7.69987,0
7.77883,4
17.5229,2
8.48144,1
4.05486,0
3.71763,2
6.25856,0
6.64996,0
5.88446,2
9.75057,1
4.24158,1
4.56085,2
11.0604,1
4.13907,2
4.97041,2
4.50206,2
7.58041,1
11.017,2
2.75555,0
5.94063,2
3.12536,0
5.00048,1
3.17111,1
9.98433,0
7.98834,0
5.37551,1
8.56012,0
3.70106,3
3.01576,0
3.80857,2
5.40581,1
4.56773,1
5.34145,1
2.832,6
7.46796,1
3.66875,1
9.45834,3
9.6954,0
11.5307,0
4.13956,2
6.84747,2
5.67902,4
5.90007,1
5.68052,0
4.98858,0
7.19465,2
4.34266,2
3.88436,0
4.18804,0
4.7512,0
5.74436,1
9.02213,0
13.3119,1
3.13162,2
10.7808,3
6.21033,1
4.95829,1
6.02392,3
19.9863,3
7.57828,1
3.58634,2
6.04568,1
3.8909,1
11.6512,2
4.68216,1
8.17839,0
7.32445,2
2.46575,1
10.5076,2
14.407,3
11.5355,2
2.64307,1
5.93417,2
8.33427,0
5.91401,0
6.52776,0
4.69313,4
4.78851,2
3.63346,0
16.9875,1
6.23382,1
5.87249,0
6.13488,1
6.96684,2
4.15148,2
4.75929,2
4.40605,0
3.76214,0
7.00093,0
3.187,0
8.35499,0
37.996,1
2.30773,0
3.10998,0
3.07654,1
7.77342,1
5.42234,5
6.11108,1
5.27847,0
4.82049,2
3.43693,1
1.7949,0
5.62618,1
17.4903,2
3.71049,1
4.4545,3
7.92892,0
4.30171,0
2.66468,3
8.67587,2
3.75636,1
5.12524,1
12.8634,2
3.08588,1
8.67714,0
8.95912,0
3.0463,3
2.86346,4
5.18103,1
10.1181,4
13.8315,0
9.69828,3
5.02698,1
4.90682,1
5.24251,1
4.02721,0
4.24371,0
1.91437,2
5.64051,1
11.112,0
6.70893,0
5.73224,0
7.94923,0
4.35292,3
7.88763,1
7.10828,0
2.05975,1
13.7687,1
10.2715,1
10.3388,2
7.04521,2
2.7601,1
2.83749,0
4.10251,4
5.00641,1
8.6494,2
7.01273,1
4.84498,1
8.05258,0
6.40499,2
3.256,0
4.44859,2
5.88945,1
5.51309,3
10.7592,1
4.41973,3
7.14564,2
7.73236,0
7.46594,2
9.22478,0
4.71665,1
6.93315,0
5.04994,1
5.1028,0
3.3132,0
6.07224,1
4.411,1
9.32947,0
14.7961,0
2.72063,0
5.25429,2
9.84458,1
11.7637,1
3.50413,1
6.5977,1
12.4476,1
7.94109,2
12.3777,0
3.39391,3
4.26301,3
3.41831,1
4.80519,2
8.44881,1
6.15993,2
5.09081,0
4.04028,1
14.6394,2
5.86166,3
4.12886,3
5.88642,0
4.70849,4
1.6894,3
2.73017,0
5.6785,2
3.801,0
13.4907,2
12.7722,5
8.62428,1
5.26617,0
8.84949,0
3.6446,3
4.53656,0
11.5158,1
9.63975,1
7.65182,1
2.12833,1
4.04404,2
3.81839,0
8.26743,3
3.8398,1
6.23553,2
2.47076,2
4.93257,2
4.78204,1
6.03547,3
5.34398,1
13.9883,0
1.97377,2
4.90153,0
6.21964,1
16.8295,1
11.0952,1
14.8834,2
6.71273,3
6.62943,2
5.96931,0
6.22655,0
6.82699,1
9.75998,1
4.07119,1
7.00211,3
5.45657,2
8.5716,0
8.39589,1
6.73587,0
5.08032,1
6.02194,0
5.18094,1
5.02409,0
8.38448,0
4.01035,1
2.27946,1
6.15449,3
10.7351,1
9.54381,2
11.2921,0
5.57818,3
12.2158,0
4.37866,1
4.64275,0
4.55136,1
9.18161,2
10.6071,0
10.8377,0
6.53366,1
5.70715,1
3.74555,1
12.4055,0
3.51654,2
3.93646,0
8.18094,2
3.61301,1
4.98354,1
8.20089,2
3.9826,1
9.25009,1
2.45521,0
3.9481,1
7.94687,2
4.93847,2
4.93466,2
10.4056,0
4.84282,1
3.54977,1
3.05413,0
2.12976,0
10.1011,0
5.7769,1
8.17733,0
5.2616,0
2.84812,2
8.19823,0
5.06367,1
6.11431,3
6.99728,1
5.50381,1
2.93215,0
22.2229,1
6.00274,1
7.56676,1
3.31448,1
3.94954,5
7.2256,1
7.92876,0
5.88251,1
4.45768,1
3.99692,2
3.32465,2
9.92976,0
6.98346,3
7.6101,1
4.46805,0
7.09199,1
5.25537,2
6.81023,1
4.96738,0
6.78415,2
3.94927,1
14.071,1
4.35828,2
9.975,1
5.10314,1
3.98512,2
13.5155,2
5.45773,1
2.2795,3
8.46647,1
5.38984,3
4.43377,2
14.9243,2
5.49309,1
5.12222,2
14.9974,0
6.82578,2
8.01918,0
5.458,1
4.40104,3
4.57697,0
8.47983,0
4.12419,2
5.88156,3
5.40132,0
5.66557,0
6.32308,2
4.84503,0
6.65098,0
13.3594,1
11.8725,1
6.0196,2
6.82683,0
8.24377,1
6.26135,4
8.92344,0
6.67356,1
10.724,1
10.3741,2
9.32462,1
3.52425,2
2.92414,0
7.24788,1
6.54696,1
7.18149,0
6.51035,3
5.36803,2
4.63282,2
4.62035,0
3.37853,1
7.56866,4
2.83738,4
3.58639,3
8.39693,0
3.84002,1
6.24362,1
11.5906,0
4.68231,1
3.54127,3
7.41671,0
4.16483,1
2.93014,0
2.36527,2
2.61163,3
6.90063,0
8.63391,2
8.86858,2
7.07946,1
3.74671,0
3.10346,1
8.3369,1
7.61854,2
3.79751,2
4.21217,2
2.17407,4
6.1409,1
9.70962,1
2.89854,2
6.70953,2
3.17553,2
5.69257,0
6.09972,0
4.66242,0
13.7434,5
5.68569,1
10.166,0
11.4453,1
4.74383,0
7.92271,0
3.95907,0
9.95714,0
4.30594,2
7.47735,2
3.87332,2
5.34384,3
17.6473,0
8.53236,0
7.26605,0
6.01969,1
7.44602,1
8.13948,0
4.89129,0
9.45487,0
4.57575,0
12.9334,1
3.2653,1
16.9596,1
4.94513,0
7.18055,1
6.63811,1
6.75706,0
7.34527,0
6.50357,0
13.2312,4
6.04766,2
10.1619,1
4.62762,1
5.36391,1
12.7007,2
9.2609,2
7.69822,0
11.4913,2
3.20749,1
3.75021,0
5.41608,1
11.808,3
5.10763,2
4.1814,2
4.58815,1
6.50006,0
4.69491,0
11.225,1
11.0609,2
2.68277,0
8.00485,2
2.93169,0
10.4353,1
7.48256,1
3.27363,1
10.5173,1
8.5224,1
8.54221,0
6.8612,0
10.6764,1
7.6113,1
3.57638,0
11.7535,0
8.52564,1
5.91004,3
6.74871,0
5.0253,2
2.85686,1
5.04387,2
5.86107,0
6.56461,0
4.2536,1
2.94664,0
4.07549,0
4.31435,1
3.51381,2
3.63515,2
16.2284,1
7.00238,0
3.46345,0
1.88814,0
4.62911,2
2.56735,5
9.00839,2
11.7904,1
7.32691,0
8.84038,2
4.68816,0
4.80357,0
6.8868,1
9.41361,3
4.83783,0
6.66535,0
4.54332,1
7.12811,2
5.37819,3
5.26373,1
5.6597,1
3.6962,0
5.86096,2
6.03161,3
4.97638,0
7.6507,3
12.1408,0
3.4211,1
3.74081,1
7.89268,1
5.19956,1
6.0734,0
2.80047,0
13.5454,1
15.2421,0
6.21898,3
4.89251,2
14.468,0
5.0518,0
4.70317,3
5.6788,1
5.57601,1
6.94782,0
3.94365,1
3.1321,1
7.91688,0
4.34486,2
21.5301,1
2.4769,3
6.23997,0
3.76288,3
8.59919,0
2.97178,1
2.11255,0
8.64986,2
9.60004,0
8.09816,1
10.0089,2
3.91353,0
8.06737,3
7.13568,0
4.18068,2
4.0972,0
3.99685,1
2.1619,1
9.57406,1
3.54832,0
4.06628,0
5.55782,0
5.24818,1
8.66858,2
10.6944,2
5.75144,2
9.60997,0
2.85895,0
4.28293,1
6.27754,0
16.1655,1
1.92288,0
3.72588,0
6.09388,3
3.42743,0
2.81161,0
5.55764,5
5.35963,1
3.28691,1
12.068,2
4.50413,2
4.33245,0
6.83815,1
2.75378,0
2.39137,4
3.8338,2
3.61543,2
6.52261,2
8.676,0
8.91607,1
6.71076,2
4.68637,2
3.22281,0
6.09954,0
3.20861,0
9.33069,4
5.27312,1
3.72518,1
17.8713,0
5.73164,3
6.56862,1
9.18278,5
3.93409,3
5.65097,0
7.6583,1
6.56014,1
6.72864,0
4.01728,1
5.27937,3
3.5181,0
3.72986,0
10.867,1
3.5665,2
4.3117,4
5.09443,1
7.90664,3
8.57323,2
4.45378,4
3.71949,0
5.00369,0
5.30676,1
2.60762,2
3.20861,3
7.16648,2
5.05896,2
3.27182,0
6.53552,1
3.38367,0
8.12948,1
10.2197,1
5.10766,1
8.54082,1
2.26291,0
3.17572,0
8.7771,2
7.50369,1
18.9043,0
4.44385,1
8.76262,1
5.43915,1
4.97822,0
5.74705,0
6.69554,0
3.33242,2
4.63118,0
15.3407,2
4.21722,1
4.49405,2
3.14973,3
7.80966,0
3.1634,0
6.93146,3
4.27765,1
14.0372,1
6.01203,2
3.30488,1
3.06413,0
3.62875,0
8.75266,1
4.97329,2
8.89208,0
8.62939,0
6.33246,1
5.87846,0
7.517,2
2.71908,2
6.88915,1
3.4859,2
6.07843,3
4.62627,2
3.00823,1
4.67901,2
4.20828,0
4.07937,1
4.17591,1
6.13297,0
7.75643,3
6.29758,1
3.50317,0
7.08198,2
15.4613,3
16.0014,2
5.53329,0
1.64819,2
5.45446,1
2.73771,2
10.4734,2
11.2496,0
7.89157,1
4.25336,2
6.68852,0
14.243,0
3.82808,0
4.07123,1
7.72323,0
1.74805,0
3.83108,0
3.34546,1
5.23896,3
3.23402,3
4.1009,1
8.82505,1
6.10707,2
3.43091,1
6.73981,2
7.72111,0
5.48908,1
9.28786,2
3.43949,1
2.90307,1
2.39701,2
3.76551,1
2.58948,2
5.35345,0
4.09955,1
9.33664,1
5.4289,1
7.18551,2
9.04926,0
4.1839,0
10.6052,1
6.85659,0
8.39213,1
4.30353,1
2.04347,0
2.97446,2
5.98461,0
6.08105,0
7.87882,0
2.00293,0
5.78989,2
14.5888,3
3.59984,0
8.831,2
5.36321,1
9.94884,3
13.1237,3
6.8112,2
3.28933,0
7.26027,1
8.83887,3
4.2285,0
4.06988,3
8.33621,0
5.10501,2
7.14726,1
2.53104,1
8.63645,1
7.97728,0
5.09658,1
2.81896,2
13.4678,2
4.63258,1
5.51235,1
6.89312,0
4.72356,1
11.9938,0
6.13207,2
2.57066,1
10.9946,0
3.37257,1
7.45991,0
13.7488,1
1.66725,1
4.5868,2
4.0604,1
4.98214,0
7.71458,0
9.23771,1
3.36651,2
7.75126,2
12.9266,0
14.1513,1
7.09728,0
4.42729,1
3.9337,4
4.54225,3
6.30601,1
3.48041,0
2.8831,2
5.16989,2
3.45011,0
5.96738,1
4.89542,0
10.7632,2
2.79438,2
2.99455,1
4.60175,0
8.248,2
4.3385,3
7.62223,0
5.33329,0
2.34409,2
5.76188,1
6.20198,1
26.4412,3
7.25662,0
6.15945,1
8.4657,0
10.3809,0
4.94718,1
3.02924,0
7.97906,1
2.91065,4
19.8435,2
6.88985,0
3.64,2
6.09307,0
4.64969,1
3.1126,2
7.41359,2
7.00389,1
6.02559,1
13.5093,3
8.3403,2
6.41931,0
9.12374,2
4.4544,2
7.8039,1
8.96284,2
6.20757,1
8.60731,1
7.1907,1
4.52819,0
4.49359,1
2.08233,1
6.9604,3
8.41411,3
5.55326,0
10.1309,1
5.86217,2
8.22739,1
10.0084,1
7.99796,1
7.62342,1
14.6093,3
7.92904,1
4.93945,0
7.51555,0
5.8073,0
3.87854,1
4.38161,1
7.06687,1
13.6991,1
8.1594,3
6.45288,0
6.3018,2
4.3426,0
4.40724,2
6.01105,0
8.74232,1
7.04775,2
7.31624,1
5.59016,1
3.59055,1
5.49872,2
5.90857,0
2.60847,1
4.65309,0
7.14759,0
6.37674,0
3.97804,1
6.92743,1
7.6246,3
8.17813,4
9.00748,1
8.31311,0
2.72518,5
6.26329,1
2.8877,1
4.83077,1
13.6812,1
4.43557,2
3.5449,3
6.87359,1
5.36071,0
4.85159,1
4.92357,0
3.54473,0
17.837,1
5.55607,0
5.87501,1
9.31196,2
12.4477,2
13.4119,2
5.1177,2
5.13257,0
7.14228,1
10.2589,1
5.38045,2
7.76758,1
4.25953,1
5.09173,2
5.38592,1
3.89018,0
7.33755,5
8.31474,1
2.92559,3
5.16003,0
10.4367,2
3.57935,1
9.28425,1
4.8637,2
11.5048,3
4.52321,1
3.0965,3
4.58693,2
4.12624,1
6.7915,1
12.1142,0
3.31508,6
12.3322,3
6.13004,2
6.66249,1
5.53427,1
5.48579,1
3.70927,0
3.01849,1
7.91491,0
13.3508,2
4.0233,1
8.59975,2
3.2615,0
7.3016,0
2.93607,1
7.45342,2
3.56823,0
9.65083,1
5.64248,1
4.53757,2
11.5631,1
3.57242,3
9.67107,2
10.2613,2
4.8787,3
8.609,0
8.19253,0
3.74355,0
5.93301,2
4.42681,0
5.16887,1
4.43314,2
10.0135,1
6.21574,3
4.25265,1
4.32675,0
5.19626,1
11.6268,1
17.0687,1
6.88308,1
3.86426,0
4.01449,1
2.23399,0
2.75012,1
4.23687,3
3.81093,3
4.00885,0
4.48161,0
6.26418,0
8.67039,0
6.55473,2
5.67921,2
8.08188,0
6.58796,3
4.19119,2
7.3191,1
5.21049,0
5.85474,1
7.17491,2
6.81776,2
5.06647,2
6.62302,1
5.35349,0
2.41623,0
3.68584,0
5.92636,1
3.84589,1
13.0085,2
6.81805,1
6.40397,1
7.48897,1
5.21778,1
8.64209,1
5.52188,1
8.04985,5
4.97631,0
11.1006,3
14.1364,0
3.2366,2
11.15,1
5.46379,2
3.31546,0
16.8756,1
2.45106,0
2.31758,0
3.9424,1
9.96642,1
8.26795,2
5.09375,1
6.04975,2
7.64354,2
4.05745,2
4.82722,4
6.82704,0
6.11504,4
9.64984,1
5.18977,0
9.98204,1
5.41634,3
5.09199,1
10.6585,1
8.42587,1
14.3534,0
7.38187,0
3.7921,2
7.4723,0
13.8971,2
5.2802,0
3.09635,1
8.24129,1
2.60537,3
2.57166,1
5.95788,2
8.49198,0
2.18812,2
5.7102,1
5.11673,2
7.44464,0
6.92368,0
6.8374,2
6.39522,1
6.39152,2
6.04718,1
6.40346,0
3.04787,1
8.53675,1
12.4289,1
9.57766,1
11.0229,3
3.78526,1
5.98202,0
5.33988,1
7.80753,1
5.75604,1
3.56998,1
4.72314,1
8.22709,1
5.67979,1
5.29643,5
6.11238,1
11.2875,0
5.50252,1
3.53754,1
3.57243,1
10.708,0
7.7326,2
4.22639,1
7.48333,1
3.04856,3
3.24251,0
3.37242,5
4.41982,2
12.3803,0
3.46124,1
6.85996,1
8.60654,0
2.61131,2
13.9093,4
5.30491,2
4.78971,0
5.06583,0
6.10685,1
4.06645,1
12.0603,1
6.86811,0
9.46704,2
8.31842,3
8.33009,0
12.4054,0
6.26044,1
6.70596,1
6.00327,1
5.2918,1
2.91444,0
6.61717,0
2.71387,1
6.9638,3
4.36209,3
2.94679,1
8.85309,0
4.60599,0
5.89539,2
7.32206,1
6.25,1
9.05132,3
8.63394,0
6.26961,0
16.1737,1
7.90525,1
4.36773,0
5.57935,2
6.53324,1
9.22122,0
6.21974,2
8.609,2
10.4137,1
6.40871,1
8.19824,0
4.65335,1
5.3513,1
7.45315,0
7.94193,0
3.01334,0
7.27604,0
4.93911,1
7.81777,1
2.83148,3
5.34463,1
6.08365,3
3.03347,5
5.16071,1
2.99368,1
8.21972,1
4.67306,0
3.88917,2
3.13324,2
2.61628,0
8.05714,1
8.29647,3
8.23828,2
10.004,2
9.74653,0
6.92704,3
5.21436,1
6.24238,2
4.96818,0
11.1702,1
6.31234,1
5.30083,1
5.7958,0
9.34394,0
8.92319,0
21.7731,2
9.76718,3
5.20288,0
9.02698,0
4.60343,0
4.09693,2
16.417,2
5.19402,2
7.03966,1
6.5589,2
6.59182,1
13.3726,0
5.07847,1
6.84494,1
10.3865,0
5.18632,2
6.07163,0
13.4151,2
3.53902,0
7.1727,6
7.44406,4
6.5269,3
7.23224,1
2.92442,0
7.09355,1
8.29116,2
6.75721,2
7.73317,1
3.91912,0
12.705,3
9.86356,3
3.63469,0
5.29557,0
4.57182,0
5.62505,0
4.76589,4
8.5046,0
4.19741,1
3.91849,4
5.0868,3
8.41866,1
4.28294,2
2.28589,2
9.88149,1
6.69303,3
3.33653,1
4.93654,2
4.73801,0
10.838,0
4.97294,2
3.14105,1
4.76917,1
7.68551,0
9.99492,0
3.57156,0
4.27395,2
13.1575,1
3.80556,3
4.55591,2
13.913,0
8.87487,2
6.22571,1
4.16834,4
5.78625,3
5.03753,1
6.26902,4
8.37427,1
9.08661,3
10.3006,3
5.28027,2
2.77659,0
9.98249,0
9.34786,4
10.5945,3
4.68403,1
2.56657,1
5.53447,1
4.9172,1
13.0715,0
9.62819,1
3.41242,0
7.41384,2
6.81456,2
6.68263,1
4.3511,2
9.71148,2
6.07216,3
3.35939,3
2.07572,1
8.71733,2
4.72814,0
4.48135,0
7.31378,2
18.5481,1
8.63022,1
3.60883,0
9.09057,0
10.362,0
6.56376,2
8.44356,1
10.6913,0
8.02423,3
12.2616,3
7.37468,0
8.73118,2
9.41799,3
8.54243,1
3.41367,1
2.51089,2
12.3075,1
5.10842,3
11.3244,0
6.15139,2
5.50352,0
8.40047,3
15.4122,1
2.86181,2
7.35025,0
8.41272,1
2.53315,2
6.41887,1
2.79775,2
3.43582,2
10.8635,1
4.70615,0
11.2078,1
10.9904,1
10.1749,4
12.1197,2
5.06207,1
4.54961,3
4.76681,1
13.4151,2
5.47553,2
15.1616,0
5.8206,2
3.93543,0
11.0924,1
6.60946,2
3.53655,2
11.9476,0
22.582,1
4.3326,1
8.50386,1
8.65331,1
3.43744,1
3.72498,3
4.965,3
6.48251,3
5.66402,1
5.45633,4
2.09204,1
6.14586,2
3.32375,1
4.04308,0
6.72223,3
8.10211,1
13.1331,1
6.90948,2
5.84125,1
10.4021,0
4.27707,1
3.93803,3
3.4732,3
5.96136,1
5.23519,1
7.86459,1
7.3681,2
3.09722,0
5.37783,2
3.83957,1
5.38014,1
5.54015,2
6.32976,1
12.0306,1
5.24733,1
6.6865,0
6.3456,4
1.88596,3
9.34069,1
6.72521,5
3.24345,2
8.62441,2
11.0501,2
6.64964,0
3.7507,1
3.143,1
3.87991,1
5.89873,1
19.1638,1
2.31679,1
7.09547,0
4.30705,1
5.0605,2
9.04128,1
8.08313,1
2.59972,0
9.48928,2
5.07173,0
5.29348,0
4.44477,1
3.81927,4
6.41576,3
8.8995,0
6.58051,2
4.97226,1
4.83054,1
14.547,1
5.63668,1
4.59672,1
4.47956,0
4.2792,2
5.66302,2
3.71438,0
5.62338,3
2.72283,2
4.07608,2
5.5469,1
5.20473,3
4.22717,1
8.85966,0
4.86202,2
6.90749,1
4.37022,2
11.3577,0
5.39265,0
4.39545,1
5.99558,0
6.85412,0
7.33175,2
8.74101,1
9.94153,1
2.92412,2
2.63243,2
7.39817,0
11.8408,2
12.6521,2
5.65321,0
1.26961,2
4.36151,0
4.49533,3
8.39273,0
7.52435,2
10.1606,2
5.80633,1
7.65274,2
4.16147,5
3.4565,2
4.02008,0
8.39531,1
7.05854,1
2.78399,0
5.93982,1
7.64965,2
2.14054,0
11.9928,2
5.61373,2
6.50681,2
3.4308,2
5.98992,3
3.66624,1
8.19444,1
6.07049,1
8.02643,2
5.86197,3
5.76323,1
6.62806,0
4.16143,1
5.27921,2
2.76849,1
5.24169,0
15.795,3
21.0696,1
6.87775,2
3.34223,0
3.46335,1
16.5503,2
3.71733,2
5.52394,1
20.7731,3
7.51017,1
4.80134,2
7.54812,0
3.01509,2
6.98349,0
5.65594,1
3.20598,1
7.47382,1
7.16826,1
4.26974,1
5.11731,3
2.15792,2
4.70348,2
10.4741,2
6.23316,0
3.49862,1
3.71285,2
20.0753,3
3.8153,0
11.4903,0
7.50754,0
5.99698,3
5.96617,1
7.10491,1
6.47478,1
5.85395,0
5.03758,0
8.02762,0
4.66119,0
6.14666,1
8.34083,1
6.05372,4
5.63232,1
9.49756,2
7.16278,3
5.2942,1
10.0002,0
5.57017,1
12.1449,1
8.09464,1
7.14128,1
14.3599,3
7.10882,1
7.99264,1
15.7493,3
3.60307,2
10.5408,0
13.4509,1
9.43002,0
7.06209,2
3.44062,0
8.80145,0
6.1296,1
8.39626,0
4.96861,0
12.3921,1
7.31577,3
6.4158,0
10.7863,2
3.89163,2
10.3624,0
6.16617,2
6.22868,1
6.98767,2
8.23003,0
12.4024,3
2.81127,0
5.26069,0
9.88875,1
6.36428,4
4.05761,0
6.47183,3
5.18485,1
5.61914,1
3.94242,1
5.3504,1
5.32602,1
7.55421,2
9.99343,1
10.777,1
6.56565,1
8.93972,0
13.448,0
3.46586,1
2.73857,0
4.66775,2
4.4795,1
11.715,0
9.16699,1
6.40511,0
4.76579,0
4.16948,2
9.26098,1
7.7483,2
14.1651,3
4.89956,3
6.11698,0
7.53727,0
3.06893,0
5.27972,2
10.6001,1
13.5033,2
4.90116,2
5.68139,1
3.53963,3
4.78243,0
5.29068,0
2.41248,3
4.68313,0
6.78718,1
2.90663,5
4.43751,1
6.413,3
4.40556,3
3.24949,0
5.48783,1
3.75145,3
7.79354,1
1.9731,0
5.40573,2
1.78759,1
5.85052,0
18.6834,4
5.12335,1
16.2723,3
4.32694,5
4.59936,0
6.39512,2
6.48122,3
3.84243,1
4.70803,1
8.57566,2
9.18703,0
3.0182,2
9.15598,2
3.12757,0
7.53928,0
11.2076,3
4.16561,0
5.75961,2
15.4373,1
7.06222,0
6.2306,2
4.35312,0
4.17607,1
4.34836,2
4.30467,1
3.77312,1
15.7579,3
2.44621,0
8.71303,2
4.70903,1
4.78047,1
5.37771,0
10.0083,2
3.42484,1
7.29438,1
4.48106,2
3.62545,1
11.7801,0
8.38295,2
5.98669,1
2.94789,2
4.53168,2
4.70882,1
1.91329,1
6.17453,3
6.53337,2
2.80904,1
7.14506,0
6.54479,1
6.1913,2
13.5126,0
4.10313,4
3.86389,1
3.46137,1
3.55523,1
3.01184,0
3.06714,2
2.92425,0
8.17641,2
4.33289,1
6.65311,1
6.18376,1
6.57929,1
7.5504,2
9.15221,3
2.37037,1
8.07604,2
4.75875,0
4.7564,2
7.69394,1
5.47451,1
6.51762,4
7.2605,0
4.66792,2
5.32531,3
2.15492,0
2.88866,1
4.74103,3
12.8168,2
8.42615,1
13.2113,1
5.93946,2
4.69021,0
4.97111,0
5.93799,3
8.98937,2
6.02897,0
6.22743,4
7.94835,0
3.48175,3
20.1116,3
2.76374,2
4.85875,1
5.57032,1
5.8202,1
12.4767,3
3.3642,2
4.98414,4
4.38241,1
7.63041,1
4.40647,2
4.50089,0
5.3182,2
3.6702,1
2.88539,1
9.68413,0
9.10001,2
5.13164,3
5.22819,1
4.28072,4
9.72979,2
4.18403,2
6.0073,0
7.61165,0
11.6533,0
13.9805,0
6.18627,1
2.73177,3
4.1359,1
9.77108,1
5.54799,0
5.81551,1
11.5773,2
4.19772,2
3.76519,2
5.47274,3
3.89262,2
6.2586,1
5.11589,1
6.16785,1
5.53818,0
15.9041,1
3.72964,0
3.75104,1
3.24336,2
6.73637,1
10.4206,2
5.56928,0
6.75573,0
5.74972,1
5.18724,2
5.95877,2
6.05743,4
5.01752,2
5.9206,1
7.63864,0
11.0344,5
5.76991,0
7.77986,0
4.40906,2
5.51067,2
12.1205,2
8.96425,0
5.71836,0
8.51501,2
6.61044,0
3.65793,0
8.45663,2
6.17772,1
3.42135,0
15.9938,0
6.47995,2
3.81634,1
2.43862,4
3.78695,2
4.54378,1
21.634,1
6.30198,1
6.01233,0
16.0617,1
7.29426,3
8.80867,1
3.57,0
6.10204,1
5.34256,3
6.0452,2
5.29059,1
3.19107,0
6.17301,2
6.0693,2
6.32987,3
5.77975,1
5.05567,0
5.12696,1
2.19969,3
5.23829,1
4.93865,2
7.73533,1
7.12226,3
5.12751,1
1.7779,0
3.63764,0
2.20672,1
8.73271,0
12.094,2
7.63398,2
12.4078,1
8.05676,0
2.85394,4
3.07527,1
4.26781,1
8.53429,0
6.80818,3
3.53299,0
5.17514,0
9.67125,1
3.62186,1
6.60415,1
4.52924,0
10.8516,1
14.804,1
9.14289,1
9.68602,1
5.97277,1
3.62883,1
9.34638,2
9.27528,1
3.00972,1
3.01207,0
7.36761,1
6.19341,2
11.7169,0
5.09594,0
5.07096,1
10.0149,2
3.51235,2
18.0476,0
11.7378,5
3.61532,0
9.2516,1
11.1803,1
3.87555,0
4.56173,1
3.07707,0
5.81697,1
5.65435,2
8.31185,2
7.7598,2
6.93768,1
12.0212,2
18.2384,3
8.5712,0
9.91352,2
3.99036,0
5.73544,1
7.70812,2
4.75832,1
5.07939,2
7.53369,0
7.03568,1
9.19872,1
10.6884,1
6.51673,0
5.9526,1
2.24137,0
11.351,3
8.86411,1
6.08049,1
3.5513,2
16.0117,1
7.25866,1
10.6721,2
3.27066,1
3.6916,1
5.55148,1
5.19577,2
12.7943,2
8.66204,0
5.69962,0
3.86554,0
6.91456,0
5.35358,2
5.15571,1
3.31802,1
5.61809,0
4.30199,0
2.09357,3
6.8399,2
4.36853,1
6.04788,3
12.7089,3
5.71656,1
7.56683,0
21.2145,3
8.11753,0
5.53189,1
4.74885,0
9.6987,1
5.80758,1
3.93363,2
4.8819,2
4.02239,1
1.99645,1
4.33361,0
2.81367,2
3.17599,1
7.27725,1
13.4807,0
4.5165,0
14.3618,3
9.62985,2
13.513,1
10.7388,1
9.95454,2
5.15833,1
8.49171,1
3.23497,2
9.9151,3
6.35813,0
4.44147,0
5.50957,1
3.7942,1
3.17765,1
4.05662,2
14.5575,1
6.66241,3
3.40663,1
4.20327,1
4.60965,0
5.61016,2
4.51723,0
7.25043,1
15.4432,4
7.60674,1
2.96943,3
4.20775,1
14.9471,3
3.5915,1
5.28088,2
5.50403,1
4.56205,1
6.07352,2
8.51447,2
5.70217,1
4.15537,1
5.17428,1
3.15544,3
16.0354,0
5.69286,2
4.3079,1
6.53145,1
3.72952,0
3.02205,0
4.55507,0
3.27097,4
7.58924,3
4.93216,2
8.23823,0
3.64549,1
7.00978,1
20.7342,1
14.0193,0
2.96489,1
3.47001,3
6.93142,0
2.92013,2
9.72246,0
8.80082,1
2.77582,1
6.6605,2
12.6025,0
8.26964,2
7.6044,0
11.8515,1
6.12906,2
7.30847,0
7.08774,1
4.69765,0
5.91336,3
6.91698,2
5.68025,2
12.5308,1
10.5063,1
4.84124,3
4.91163,1
3.91978,1
4.18714,1
7.20275,1
4.36874,0
5.49924,2
23.6999,1
10.217,1
4.26815,1
2.87972,1
5.84446,3
9.53367,1
7.78035,1
6.95977,2
11.8219,1
3.35204,0
6.34113,0
3.60052,2
8.48414,2
3.86792,4
12.0098,2
8.6573,0
4.42823,1
4.30397,3
7.94483,1
5.05802,0
4.02765,2
8.79358,1
4.90143,2
3.74852,1
6.50631,1
3.80714,0
6.18442,4
5.66265,5
9.58604,4
5.68179,2
15.582,1
3.2993,0
8.15834,0
3.83325,2
3.4861,2
6.07865,0
7.51233,1
2.34115,2
3.56454,0
5.89386,1
5.72291,0
4.79838,2
2.90734,1
9.37241,1
3.46591,1
4.42148,0
5.30139,1
7.36509,2
2.77316,0
17.9541,3
6.69387,2
9.53411,1
12.7444,1
3.37739,2
4.94228,2
7.08528,3
9.65522,2
4.84518,3
4.69387,0
12.615,0
7.42512,1
6.45935,0
7.84506,3
3.26253,1
15.246,1
5.60584,0
12.3147,1
4.81081,2
7.43384,2
11.8911,0
6.32545,0
3.45096,2
8.97076,3
1.60721,0
9.89459,1
7.77452,1
12.8109,2
8.22528,1
8.62975,1
10.0173,1
3.4611,3
2.70688,0
8.80145,1
5.25009,0
4.59491,1
3.9326,0
4.51991,1
4.59837,1
14.762,0
7.2668,0
10.0963,2
6.08628,1
5.29042,2
4.91827,0
4.49506,1
8.96078,3
8.8508,0
9.02785,1
3.32559,1
7.43383,1
3.45626,1
9.03241,0
4.20261,1
8.09873,1
3.8871,0
4.59246,0
6.02914,1
4.00885,4
4.18198,0
6.50487,2
6.80665,4
4.37023,0
5.07686,0
3.73413,2
5.42993,2
10.7326,1
5.61353,3
4.70041,2
4.36226,1
2.51269,2
2.98882,0
7.12504,5
4.23056,1
3.7918,3
10.2785,1
7.22041,0
20.4871,1
2.92074,0
7.84233,1
3.55255,0
4.83183,4
15.9982,1
5.30646,0
5.88236,3
7.53671,1
13.6177,1
4.60806,5
13.1855,3
4.55117,2
15.5515,0
5.27494,2
4.94419,1
7.32816,1
8.26849,3
4.79743,0
5.83705,2
3.97108,1
2.86318,0
3.29036,0
7.51709,0
3.97751,2
3.36046,1
24.0289,0
6.50993,0
15.5103,0
5.05334,0
4.48252,1
8.36268,0
4.43281,0
10.618,0
4.43447,1
3.90803,0
4.29612,1
8.31629,0
4.17316,1
11.4134,1
5.7293,2
11.1587,4
6.71626,1
3.1932,2
8.99471,1
7.47114,2
8.27342,1
3.3827,2
3.73223,0
5.52958,1
8.09581,2
5.11487,0
4.28609,4
6.36178,2
14.2161,2
6.71347,2
11.8563,0
3.81712,1
5.48457,0
5.38462,0
5.82418,2
4.94746,5
4.08313,1
3.49419,1
4.53238,1
7.89928,0
3.79753,1
9.8935,1
20.2426,0
4.32243,0
7.29993,2
9.78103,0
6.45386,0
12.606,1
5.66928,0
5.6737,4
3.57252,1
5.09139,1
3.66832,0
2.53758,1
6.06154,1
7.30457,1
11.3964,6
2.69989,3
2.37936,2
6.26429,2
7.34835,2
6.95338,2
4.2874,1
2.6843,1
6.00094,0
3.63728,2
4.98996,0
18.7897,1
7.70487,2
6.09906,0
8.20557,0
4.08361,2
4.95126,3
6.95959,0
6.88972,0
5.72988,2
12.068,0
2.34716,1
6.71671,3
15.778,2
4.75835,1
2.366,2
10.4041,1
9.76931,1
3.09538,0
6.63249,3
6.86109,4
10.7567,1
14.4865,1
9.45879,2
4.37565,3
4.58161,0
17.7152,0
5.1073,0
8.4495,1
3.57334,2
4.69745,2
6.36586,0
4.77532,2
5.68888,1
12.0201,2
7.37927,2
3.49772,1
5.63762,1
6.65488,2
9.10043,2
3.11355,1
12.2208,1
5.96347,1
13.1006,1
5.25361,2
3.89452,1
8.65422,0
2.37696,5
7.15263,2
7.46886,0
10.1651,2
3.72005,1
15.1212,2
8.23524,1
5.68113,1
8.80323,1
9.63823,1
9.60993,3
9.38798,2
4.78721,2
5.11374,2
5.91384,2
3.72791,1
7.25243,0
4.18291,1
8.00445,1
6.39455,2
4.51275,4
6.91346,0
8.29748,1
5.32577,1
6.0351,1
8.26039,2
6.08389,1
4.02323,1
5.45655,1
3.21382,3
6.31275,0
8.53509,1
9.77268,2
4.51031,2
8.79152,1
3.76858,2
4.70859,2
9.86304,3
10.1334,1
4.20889,2
5.14347,2
7.74084,1
4.02995,0
8.06697,0
4.86134,1
11.4657,0
15.8008,0
11.3483,1
4.69313,3
2.58094,0
4.06128,2
4.90319,2
4.56295,2
5.18626,2
5.66012,2
2.63675,2
7.99492,1
9.35565,2
4.75941,1
6.79415,1
5.11557,0
6.52748,2
7.34055,0
7.76224,0
7.95881,1
2.8613,2
7.5842,0
4.91053,2
7.46324,0
3.22538,1
11.2651,0
16.6415,2
3.57749,0
5.08426,1
3.77399,3
2.76323,2
5.95816,0
5.52171,1
7.64854,1
6.47303,3
6.84219,2
4.67976,1
5.19111,1
4.49126,0
8.14239,2
12.014,0
4.1477,0
6.52591,3
3.94579,0
3.06209,0
13.4966,0
3.03109,1
3.74027,2
5.02617,1
3.5852,1
3.74002,1
3.9449,1
5.68596,1
3.57077,1
4.25602,1
5.6437,2
11.0149,1
3.83213,0
12.3566,2
20.0632,0
5.1197,0
22.3007,1
10.2372,2
4.32171,2
4.51174,2
6.31365,0
4.53384,0
5.42519,1
5.0311,0
2.36858,1
8.47977,0
1.648,0
6.36553,0
5.37257,1
6.97388,1
2.30636,3
5.4107,2
6.20472,2
5.8275,2
8.01806,1
4.46893,2
7.65373,2
2.95845,0
9.2095,1
6.2724,2
7.18283,0
13.8087,0
2.61644,1
2.49435,1
9.15642,1
4.94975,3
15.2937,0
8.93155,0
8.05819,1
8.69941,0
11.1312,0
5.18718,1
6.34705,3
4.87745,2
4.37903,0
4.45764,2
4.05365,2
13.032,0
10.7571,1
5.37889,1
8.74409,1
9.78154,2
6.82172,1
6.98024,1
6.89344,2
5.28705,0
5.68196,0
3.87932,1
3.122,0
14.6504,1
6.83335,1
3.02157,0
10.0928,4
3.39557,0
6.15313,1
4.87434,3
10.409,1
8.03315,0
9.5745,1
9.75663,1
6.34572,1
6.82972,2
7.94795,1
3.91349,1
3.52044,2
5.76193,0
3.02785,4
9.36925,3
5.37305,0
6.95021,1
4.01895,2
8.07257,1
6.12141,1
7.30257,1
4.85513,2
11.2891,3
5.00015,1
5.0498,2
13.5851,0
22.1953,1
6.87202,1
10.7419,2
3.27676,2
2.93291,1
6.70429,2
16.8106,3
9.11638,0
3.76654,1
3.88127,2
10.3768,0
11.8529,3
4.09581,0
3.90869,2
5.91847,2
3.43232,3
7.56772,2
9.85867,0
7.5166,1
5.22265,0
9.08649,2
4.96899,3
6.33454,1
12.9611,0
5.59044,1
7.84914,1
3.56574,1
8.88185,1
4.33765,2
10.9668,0
3.56296,0
28.2936,2
5.74435,0
10.8084,0
3.16365,1
13.4225,4
8.949,1
5.40482,1
5.59091,2
3.18985,0
2.89644,2
5.67743,0
10.488,2
7.53535,1
17.5655,0
11.3348,2
9.99868,1
20.1911,2
4.13882,0
2.66757,2
5.97199,3
5.78927,2
8.03516,0
1.63704,1
6.91391,3
13.4264,0
4.33956,1
13.4706,1
12.2689,0
7.27826,1
6.38104,1
6.81268,2
5.37314,0
5.39691,3
2.07229,1
4.40689,0
5.35795,0
2.41774,1
8.87786,2
19.8657,2
4.21588,1
4.34356,1
10.2613,0
6.97403,0
12.3524,4
11.2633,1
6.12175,0
7.91721,0
4.67654,2
3.36736,3
8.55568,1
7.00788,0
6.3518,1
4.4824,1
5.14451,2
4.28231,1
5.91868,1
11.1451,0
2.76812,1
15.5879,1
10.1138,2
8.90348,0
5.05526,0
3.42228,3
4.28084,1
5.13269,1
7.75735,0
6.08945,2
7.39027,3
11.4009,2
6.78681,0
10.4662,1
5.26412,0
8.97119,5
7.75163,1
3.68018,3
11.2022,0
5.38233,5
5.30842,1
5.32357,2
13.9135,2
2.8553,1
17.2178,2
5.29326,2
1.97814,3
9.49445,4
8.94283,0
4.4799,2
3.55404,3
8.88737,2
3.30022,5
4.99231,1
4.06783,3
14.8708,0
19.5905,0
4.03144,1
6.25069,1
11.5666,0
9.97721,0
7.73294,1
11.5798,0
5.13388,0
4.46596,1
6.17984,1
6.35351,3
10.496,2
8.12123,0
8.00276,2
5.59548,1
4.48559,1
5.60608,1
5.10276,1
5.65438,2
3.27985,0
8.04294,1
6.2044,0
4.9792,0
6.87557,2
3.26924,2
11.3451,1
3.47081,1
3.7428,2
5.08177,1
5.26917,0
8.80767,0
8.03873,1
11.4292,1
5.92677,1
13.1028,0
3.61306,0
5.73252,2
4.78351,3
12.5485,2
6.26641,2
18.1992,4
5.70089,2
8.27223,1
3.26617,0
2.30951,1
7.37883,4
2.94176,1
5.86721,0
8.81962,3
10.3579,3
5.46613,0
5.19138,2
3.79975,0
4.63258,0
4.29244,0
8.80484,4
7.24442,1
4.93257,1
7.18356,2
12.4562,1
7.19411,1
3.98155,2
7.07246,2
11.4237,2
2.65977,1
10.7769,1
6.00039,0
6.38271,1
8.97953,0
15.9126,1
4.60574,0
4.50937,0
15.4898,1
11.3336,1
7.81005,1
4.82253,3
7.35301,0
3.9008,0
28.8079,3
5.27306,0
2.8422,2
5.55616,2
2.97932,2
5.77083,3
10.1776,2
7.11385,3
6.58597,1
3.4259,1
3.39411,1
2.96556,3
3.06885,0
8.64207,1
5.2828,1
7.29383,2
5.90085,5
4.9472,2
7.69185,1
11.0487,2
6.49882,4
8.42393,2
8.69279,2
9.04059,2
8.16224,1
17.9712,3
10.0473,1
11.2546,1
8.17564,0
6.54327,2
4.86112,2
5.53843,2
10.9584,0
3.20131,1
4.04972,0
3.84627,3
4.6953,0
6.57348,1
3.68817,3
5.18094,0
2.69728,1
4.39281,0
2.83917,2
9.3146,0
6.6662,0
12.4557,1
4.03778,1
2.25067,1
9.01914,1
15.9968,1
8.8367,0
17.8156,1
11.4311,3
4.80555,4
10.2108,1
15.6968,1
2.57253,1
8.47832,0
3.85826,2
10.5022,3
4.03537,0
4.38926,1
8.92892,1
8.83902,0
2.88326,2
4.34786,1
5.60333,1
3.07769,1
19.0449,1
7.56609,1
5.27652,1
7.71384,0
2.94878,2
7.15698,2
4.57576,0
13.1704,1
17.7474,3
6.74467,1
8.70336,1
5.95992,0
4.54147,2
4.49593,1
6.85052,0
5.55,3
8.85776,1
6.09666,0
4.69075,1
6.16889,1
10.1824,1
5.00601,0
3.55907,0
5.49885,0
10.6011,1
4.08593,0
6.04894,0
8.4356,1
5.28314,1
9.90144,3
8.34577,0
4.50836,2
7.12629,1
4.30371,0
3.64821,3
7.25179,0
4.00519,0
3.65539,0
5.73382,3
4.18098,3
10.0941,3
4.00323,0
4.70201,0
4.90725,0
5.09798,3
4.46913,3
7.72263,0
3.5322,0
8.47024,1
4.40556,0
3.99833,1
6.01469,1
4.32912,0
10.6358,3
3.62611,1
16.4516,3
5.08614,1
11.6237,1
7.92087,1
4.65686,0
2.38013,1
7.01439,1
5.82057,1
2.02916,0
7.67655,0
11.0914,3
2.65234,1
6.53892,2
8.41308,0
3.36671,0
9.18718,0
4.97486,2
7.11413,3
5.68058,1
8.57918,0
3.48531,1
5.88321,0
2.97308,3
7.15035,0
12.734,1
5.76668,1
4.12414,1
13.4502,0
10.4746,1
4.08608,0
15.6405,2
3.50123,2
5.50048,1
9.91141,2
5.51227,1
6.15061,3
3.57013,1
16.9116,1
8.61509,1
4.55732,0
3.00707,1
6.87952,2
7.17225,1
4.61599,0
3.4377,1
7.94106,2
2.22155,4
4.58155,0
5.10671,0
7.63072,3
5.60606,1
5.33136,0
6.49085,1
11.092,1
6.68581,1
5.10945,2
6.06923,0
9.53007,0
9.96489,2
6.35558,1
4.9672,0
10.0679,2
9.88526,2
9.28346,2
3.64286,2
3.3001,0
4.07224,1
4.50778,1
4.35834,2
8.21971,0
11.3231,1
4.4961,3
7.36877,1
8.66596,0
2.5371,4
6.74412,2
7.82287,1
7.72652,3
5.71268,0
7.56968,3
3.2439,2
8.53126,2
3.83363,1
8.34767,2
4.22103,2
6.56716,1
12.3104,5
7.59429,1
6.00157,2
3.59587,0
15.8725,0
4.97806,2
5.84827,3
6.78274,0
10.4498,0
6.56987,0
3.52801,1
6.75717,1
5.68974,0
6.98238,2
4.80421,1
11.1572,2
4.78371,2
19.6704,1
6.67474,0
10.8995,1
4.04965,1
6.05329,2
6.40655,1
17.0193,1
4.768,2
10.239,0
18.0986,0
4.83461,3
7.11634,1
10.2108,4
5.00211,2
4.11431,0
13.1694,1
9.24259,0
3.75006,2
7.44962,0
5.28815,0
7.9283,3
9.50608,0
7.55518,3
2.88779,2
6.65627,3
6.70087,2
5.37229,1
5.88226,2
5.17128,1
4.02993,1
7.72669,2
5.72523,2
10.2402,3
5.18392,1
4.03348,2
11.8183,1
5.54502,1
4.04539,0
4.76177,1
2.53424,2
4.40007,1
6.53885,3
3.49775,2
6.95342,2
4.59438,0
3.63001,0
2.69044,0
4.90149,1
10.1326,1
6.25843,1
2.59526,0
3.67248,1
5.20247,2
2.92282,1
5.7551,0
11.4962,1
5.71147,2
4.99623,4
6.86765,1
8.0382,2
5.732,0
6.83046,2
4.41382,0
2.88059,1
8.7478,1
3.50375,5
7.16138,1
6.11927,4
3.94086,3
9.00269,2
11.6018,2
10.6527,1
3.30546,0
7.74836,3
4.54501,3
13.8375,1
7.75295,1
12.5143,1
11.5579,0
6.33517,0
7.93903,2
8.31878,1
3.98472,2
2.88374,0
11.4037,1
3.28993,3
6.67865,1
3.37722,1
13.7047,2
9.11176,2
2.94796,1
5.94675,2
7.77762,1
5.1259,1
5.12354,1
8.3056,0
6.42752,2
4.48904,0
3.86087,3
4.64859,1
3.83106,2
5.61496,1
9.96595,1
4.90212,1
4.81671,2
4.94134,2
5.28777,2
4.97854,0
6.64912,2
6.51363,1
5.37846,1
1.87316,1
5.39615,2
2.78592,2
4.62631,1
3.48368,2
2.27725,1
4.18744,1
2.86251,0
4.06977,1
11.0817,0
6.04097,1
2.71845,1
4.38682,1
6.78376,0
3.57738,1
2.54318,1
4.36677,1
4.21336,0
3.22028,2
4.44723,0
9.82856,0
6.36642,1
2.03184,2
2.58762,1
3.04973,3
10.3096,3
5.77596,2
11.1499,3
7.95929,2
10.6829,0
7.74082,2
2.46783,0
10.8799,1
4.22299,1
10.8846,3
8.18275,0
4.24822,1
6.20522,2
5.01883,2
11.5976,1
6.04489,1
4.97096,1
4.79291,0
8.50715,2
14.1187,1
10.754,2
5.65726,3
7.57839,1
3.86211,2
12.1908,2
2.36202,2
4.67204,2
11.7029,2
17.6609,2
5.92641,3
7.81479,0
3.76694,0
4.89823,1
4.53387,1
2.93592,0
4.2408,1
9.97709,2
10.8908,0
5.71859,2
9.84888,2
3.9017,2
4.90908,1
9.21629,0
12.1673,0
4.87129,3
6.00462,2
8.73145,2
8.52897,2
7.58631,0
8.61395,1
9.90001,0
4.18962,0
3.94471,1
5.6645,3
3.93104,3
5.89459,1
8.58377,0
5.3807,1
9.19784,1
11.7485,2
7.35363,2
6.52843,1
9.2137,1
4.35892,2
3.8889,2
9.18874,1
6.24684,1
4.24121,1
3.93532,1
3.87837,0
3.63818,7
5.80168,0
4.23372,2
7.7767,3
4.30153,0
7.38885,4
4.78211,0
5.40672,0
5.98795,0
8.59334,0
12.4637,3
5.80609,4
7.66894,0
10.6827,0
5.70131,0
4.80994,0
7.54593,0
5.95144,3
3.07541,3
5.09418,1
3.13069,1
4.26978,1
9.65,0
10.2127,0
6.27876,4
3.58312,0
9.21603,0
5.27869,0
11.6664,0
8.6348,1
12.4111,1
8.14506,0
2.86942,0
3.49205,2
3.36374,0
10.0303,0
9.26065,0
7.84038,1
7.68824,1
11.9099,3
6.21364,2
8.91129,3
9.85382,3
3.9315,4
2.39399,1
4.69034,2
3.56349,2
3.15324,1
8.07999,3
5.73992,3
8.88602,0
6.85041,2
8.60139,1
7.66704,2
5.69675,2
5.12757,1
6.44825,1
3.85228,2
13.059,3
6.39182,0
6.89953,1
6.75567,2
3.41198,2
10.9181,2
5.48773,0
11.4153,2
6.10869,1
5.50126,2
3.42657,1
3.04131,2
2.50847,0
3.3045,2
11.8506,2
8.28061,1
7.43834,0
12.9866,3
1.45758,1
12.618,1
3.12213,1
5.97677,1
6.87086,1
9.5839,0
8.72717,1
9.75749,1
4.99997,0
3.80971,1
4.89179,1
4.07628,2
10.0191,2
6.97736,0
4.23776,3
7.10422,2
5.06412,0
4.30826,0
9.63926,2
3.81766,1
8.39169,2
5.28073,2
11.5874,2
4.77966,1
4.20283,4
4.64334,1
17.9958,2
3.27137,1
13.3251,1
6.73557,0
7.44446,1
5.0133,2
5.2571,0
10.9496,0
13.822,2
4.98574,3
10.5904,0
8.5244,0
5.07816,1
7.28049,0
5.87489,1
3.23246,2
11.385,1
4.64366,3
5.57269,6
3.03197,0
8.43155,0
4.49544,3
3.2559,0
5.7275,0
24.8959,3
5.95708,1
10.3197,1
11.1201,0
9.88844,2
6.48741,2
3.91393,0
5.92474,2
5.2538,1
12.9235,0
3.87468,1
8.88526,0
6.35071,0
6.93869,1
3.96723,0
8.44574,1
7.94382,0
10.0697,1
7.06327,0
6.50829,1
3.75791,1
3.77731,0
13.8185,1
6.50126,1
5.73412,3
5.48546,1
7.76305,2
6.47861,2
5.49975,1
11.8648,2
3.94839,2
3.51776,1
4.0604,1
4.61918,0
6.56507,6
6.85459,1
4.20237,0
6.24718,1
8.01407,1
10.2857,1
5.67846,1
12.1869,3
5.06855,0
4.77356,2
14.5878,2
3.40621,2
7.45204,1
4.70746,1
3.14237,0
9.67987,1
5.7723,1
6.08641,3
11.3838,2
7.15982,0
2.76083,2
2.59953,2
2.09664,2
4.65558,3
4.38551,1
9.77532,2
4.4793,2
3.42554,2
4.00583,0
3.46953,2
3.81688,1
8.6116,1
3.36755,1
5.3921,1
4.53835,2
5.57826,1
4.98564,1
3.77602,0
4.70754,2
5.36026,1
5.89129,1
7.34455,0
11.1582,2
5.70272,2
2.74755,4
3.35473,1
3.13168,4
4.8279,1
3.15767,0
10.3853,0
4.5367,1
6.63033,0
3.01318,0
4.97547,2
10.9985,2
6.4287,0
3.16621,0
3.95509,3
13.7879,1
4.61018,0
3.58451,1
4.30674,1
5.60801,2
3.90129,0
4.62949,2
8.09698,3
6.90701,0
15.4874,0
3.81634,2
5.08383,0
2.09952,1
6.18912,0
7.92003,0
5.21594,0
7.1499,1
3.76475,2
5.99153,1
12.7046,1
6.33218,2
4.2439,0
6.86796,0
11.1231,2
6.57378,2
3.51779,3
4.66464,1
3.86719,0
5.30005,2
9.48474,0
9.6183,4
3.69421,2
2.80084,0
9.58387,0
4.22549,1
5.63496,2
8.16682,4
3.65031,1
5.79161,1
5.15435,2
2.39985,1
5.19857,2
5.00819,1
1.83546,2
12.9051,0
7.48519,2
6.92662,1
4.52623,0
9.53338,1
5.72817,0
10.3837,1
5.43909,0
9.83844,1
23.0847,0
4.43325,0
4.70332,2
5.41856,3
3.56414,1
14.871,1
4.7676,0
10.7448,1
7.24827,1
3.92564,2
4.14172,3
7.03076,2
3.45983,1
2.5101,0
7.24502,1
3.10535,1
2.36283,1
3.95187,1
5.84168,2
4.38353,3
14.3049,2
10.0175,2
4.39482,4
5.98861,1
4.67103,0
4.55055,1
9.69263,0
8.50442,2
6.06546,0
13.1584,2
3.72102,1
3.4653,2
7.92418,1
9.57004,3
3.74754,2
2.86357,0
29.3743,0
4.63895,1
2.65572,0
4.75733,2
5.47581,0
7.95443,2
11.315,0
6.1785,2
3.48467,3
6.7968,0
3.4906,1
4.49694,0
15.3892,0
6.19212,1
4.40042,0
2.32246,0
4.65941,1
4.10802,0
7.61895,1
10.3524,2
2.19094,0
5.17885,0
9.0093,1
11.1199,3
11.513,1
6.79612,3
5.81163,3
8.51952,1
6.28122,1
3.50855,2
6.63877,1
6.92479,2
7.47925,0
7.82247,1
2.52563,2
5.92338,1
4.99024,1
4.46445,1
5.5973,0
9.07053,0
4.74013,0
4.99071,0
3.18949,1
12.1605,1
4.88544,2
14.9888,2
3.73426,0
3.71064,1
4.24732,1
9.78332,2
4.10486,0
4.38884,0
4.39263,0
1.87744,0
6.89219,0
7.78141,2
4.6292,1
6.30131,1
5.15137,1
3.19748,0
10.5212,0
4.04474,0
6.72612,1
8.01038,0
4.59366,2
6.17674,1
4.88185,0
9.26816,1
3.45571,1
4.83657,3
3.54778,2
3.81647,3
2.40561,1
5.98584,3
5.57743,1
11.1662,2
3.91144,0
8.14365,1
4.30133,0
4.43716,1
5.98101,4
10.0316,1
4.60435,0
4.03782,2
3.72226,0
7.34284,2
5.99415,0
5.41635,0
4.33876,3
9.13429,2
4.37387,4
17.7471,1
8.13003,2
3.64369,0
5.32991,1
3.23276,2
13.3987,2
11.6202,4
12.6938,1
3.79834,1
3.5932,0
8.48294,2
9.10703,0
5.54354,0
2.99989,0
3.16954,2
4.12459,1
6.56317,0
12.3223,2
4.73424,2
4.46896,2
4.16101,0
23.1357,2
5.14235,0
8.30573,4
2.61399,3
3.51519,0
5.02243,1
4.35404,3
9.31531,4
4.90816,3
4.2482,2
3.83882,1
3.43736,2
9.81155,2
4.36337,2
8.71867,1
3.50992,1
5.29078,3
5.00365,0
8.95553,3
6.18134,2
4.64475,1
7.43585,1
5.81673,1
14.9042,0
5.8245,2
3.19648,1
4.8952,2
3.63671,2
12.0324,2
8.02573,1
7.29362,1
2.23615,3
3.90148,0
6.84976,2
5.60226,0
6.19828,0
8.20836,0
4.26377,1
13.8947,1
6.59967,3
4.36518,4
7.24901,3
5.44596,2
3.95339,0
4.44623,0
6.05164,2
3.20743,1
8.19653,1
8.49367,0
9.86764,3
10.6472,0
4.89301,1
2.26132,1
5.6484,1
2.55854,3
6.94377,1
13.4098,2
10.0401,4
3.20566,2
26.7447,0
8.2384,0
3.05118,1
7.36009,0
1.80653,0
5.88388,2
4.42563,1
8.81293,2
4.30388,2
4.82859,2
7.62713,1
5.70003,3
8.10369,1
3.7478,1
7.2906,0
2.4205,5
4.88136,2
5.39409,0
7.14962,3
3.22189,0
9.48316,0
22.9291,1
4.91543,0
20.5719,2
2.95069,0
3.16118,0
2.36174,0
7.82706,4
6.47901,1
5.54091,1
4.56828,3
5.01665,0
5.58502,0
6.72605,0
6.09097,3
5.25917,1
4.58269,3
8.70595,0
10.3993,0
4.87107,0
19.5421,2
13.2542,2
8.39801,1
9.46728,0
6.0564,1
11.6186,1
10.9795,0
3.22351,1
4.5763,1
3.48659,2
10.069,3
3.0287,0
4.89196,2
8.33737,4
2.83201,0
3.09633,0
14.0569,0
2.59719,0
6.5814,1
16.369,1
7.66416,0
9.69364,3
3.92452,6
3.71119,1
6.63872,1
5.25744,2
2.96412,1
9.69222,1
3.2249,1
18.4039,0
18.8279,1
10.6346,1
15.7172,0
7.00175,0
2.55065,3
6.96766,0
2.91755,2
11.1242,0
8.90822,1
3.56714,0
8.50825,1
17.1838,1
5.91287,0
6.798,1
2.79814,2
3.96351,1
8.27298,0
4.16444,2
10.8607,0
5.06585,2
8.59948,1
2.02518,2
9.7141,0
2.87161,1
5.18548,1
4.63595,0
4.5443,1
6.09833,2
3.28093,3
5.71891,1
5.61673,1
5.41943,2
4.39334,3
4.11125,1
3.96603,3
3.30468,2
4.51267,1
6.59734,2
6.26838,2
8.9642,0
7.26019,0
8.72655,1
1.71874,0
17.8345,1
2.6685,1
8.08251,0
7.24738,1
6.64725,1
9.78651,0
11.8079,2
15.756,1
11.2864,0
5.30942,2
3.24341,0
4.38511,4
9.90746,2
6.30119,1
2.88936,5
9.60766,1
2.7865,2
11.4898,1
4.682,2
4.10358,1
6.19824,1
8.9182,1
5.53204,2
10.5396,2
5.15103,0
11.8714,1
6.5642,1
15.9159,2
7.67209,2
7.26187,1
3.3454,0
7.58603,0
5.41927,1
4.58398,0
7.86371,2
4.66242,1
11.7254,1
19.2781,2
16.803,4
7.30178,1
12.4309,1
3.07227,2
2.26507,3
5.71724,4
10.1146,3
2.89257,0
8.27282,2
15.239,2
2.9263,0
6.44643,5
4.98446,2
8.64074,3
7.42149,1
9.59948,1
8.49637,0
6.81309,2
11.0297,1
6.55859,1
7.01088,0
7.07793,0
3.57303,2
4.45532,0
3.84508,1
4.76111,1
3.59847,0
8.21122,2
9.44744,0
3.0853,2
5.57187,1
3.85134,3
5.93447,2
7.57031,0
6.39288,1
10.2398,1
6.44753,1
6.492,1
6.05581,1
3.58596,1
6.91476,1
5.74912,2
5.28076,0
9.69272,1
3.87417,0
2.81797,0
2.44646,2
5.57975,2
7.11008,1
7.17804,1
7.00747,0
7.12755,0
11.8388,0
11.6534,0
9.73377,2
2.39273,4
3.2077,1
7.8157,3
4.69761,1
5.90451,0
4.35913,2
3.45041,1
3.71618,2
3.73977,4
11.3255,0
3.91359,2
4.21062,1
9.82679,1
7.7943,3
4.96891,3
9.80518,0
4.9785,1
8.18912,1
3.93147,2
5.27681,2
12.3486,2
7.08315,2
6.35783,3
8.80073,3
11.8812,0
11.9022,3
7.83605,1
6.64705,1
9.31757,0
4.01231,4
3.34072,1
4.08632,0
4.50319,2
4.51032,2
7.6318,0
4.47554,0
2.95684,1
7.41833,0
9.97529,2
5.36422,0
8.34396,0
7.10553,0
3.63239,1
7.46198,1
4.3729,3
5.04948,0
3.46757,1
4.59269,0
11.8203,0
3.94383,0
4.68742,3
3.50391,2
4.92738,1
10.5247,1
7.97857,1
2.33856,2
1.99363,1
2.93291,1
4.93285,2
7.34313,1
13.2824,1
8.43147,0
8.2179,1
6.98,0
10.8831,0
7.05638,3
4.47933,1
3.73455,2
4.30096,1
2.37499,1
4.75035,1
6.12964,4
5.06403,1
5.18222,0
2.5776,0
6.25925,3
7.19361,3
1.64448,1
8.25207,2
5.11291,0
6.55492,2
12.6621,1
8.57923,2
5.17038,1
4.3151,1
3.8703,2
5.96455,0
4.04156,0
7.12393,5
5.75268,2
4.74296,3
9.02205,2
5.26648,2
8.29222,3
3.9894,0
9.62811,2
5.47348,2
3.19624,1
3.92598,3
2.17915,0
5.64343,2
15.6797,3
11.1844,2
3.52036,0
4.61645,3
3.45022,0
10.7705,1
11.3825,5
8.14853,5
6.99438,1
3.26664,2
16.6283,0
3.94226,2
2.59539,1
15.0788,4
3.62799,3
3.40273,1
8.44299,0
4.76694,5
9.06807,1
14.0879,1
4.11927,0
3.68554,1
11.7097,1
4.80704,1
5.42925,0
9.95321,0
6.02494,1
2.37602,0
4.17317,3
7.04729,0
6.72494,0
2.27216,0
6.41719,2
2.85928,1
9.38816,0
5.95661,1
2.79784,3
4.75684,1
4.02112,1
4.93693,0
5.53486,3
7.24708,2
9.57648,1
4.75683,4
7.18951,5
5.07805,3
6.64828,1
4.17059,1
5.49184,1
8.99016,1
10.6227,1
5.65543,1
3.58603,1
3.96509,0
7.11174,3
5.82919,1
4.6824,2
5.43092,3
7.99323,2
5.23603,2
4.38302,1
5.40549,2
3.62014,0
4.12019,1
8.1392,1
6.82157,2
5.58951,1
6.65708,2
3.15646,1
3.67703,0
12.176,1
5.22112,0
7.92315,0
5.86555,4
3.88593,1
8.04665,1
5.86383,0
11.2694,2
6.50164,3
7.21057,4
3.32808,3
5.14395,3
7.18786,2
20.9966,3
10.743,2
4.47788,2
10.1127,1
16.189,1
8.91448,2
11.3046,2
11.6758,1
6.25326,2
10.0067,1
3.69424,1
14.374,1
3.5206,1
5.62379,1
14.7183,1
8.12004,2
10.8444,2
13.029,0
10.2282,0
3.61726,2
8.3196,1
5.41596,0
11.664,1
3.7226,2
9.21381,2
10.5444,4
3.7099,2
4.35113,0
3.31082,0
13.6478,1
6.66063,2
8.0561,1
4.57454,4
4.49431,1
6.35841,2
14.6699,3
4.73326,0
2.11818,1
9.99604,0
6.75402,0
6.03507,1
9.61958,0
6.33922,2
11.8598,1
8.72905,0
5.98658,2
4.15704,0
11.3668,2
10.4453,4
4.82739,1
7.03315,0
2.61545,4
4.62857,2
4.76955,0
6.41029,3
2.66381,4
9.88975,1
7.12793,2
3.27659,1
7.34607,0
9.20652,0
7.96612,3
4.48853,3
4.32762,0
13.8049,2
6.75528,1
4.57554,2
6.82583,1
4.31985,0
8.99725,1
6.69619,0
3.42513,1
9.05004,1
5.401,1
4.84807,0
6.64874,1
7.8565,0
8.79698,1
2.99047,0
9.25612,1
8.06809,1
8.24469,1
6.18906,0
5.24672,2
7.13341,1
2.86468,1
8.12829,1
4.7385,1
8.52777,1
7.09128,1
6.73056,2
15.6462,1
9.65394,0
3.80886,1
6.96521,0
3.10423,1
7.93472,2
10.3675,1
4.35683,1
7.01205,1
9.2928,1
2.28447,1
5.73666,1
4.42384,0
2.13677,1
2.73927,0
3.63636,1
7.25475,0
2.38943,3
14.5083,0
7.18793,1
6.26917,0
3.68492,3
9.24502,0
5.25272,1
7.97013,2
3.65842,3
4.1739,2
6.29569,3
3.63474,3
2.41977,1
3.38096,1
3.78669,1
7.90662,1
13.1866,1
4.16695,3
4.64556,1
9.63151,3
9.55842,1
3.37749,0
7.65293,2
5.83906,0
6.30846,2
5.09969,1
7.92615,0
3.45957,0
3.57661,0
5.62285,0
12.7179,2
12.4137,1
12.0254,0
8.76685,0
7.55499,1
8.20874,1
4.37941,1
6.54025,1
8.46549,1
10.4238,2
4.23822,0
5.50834,0
4.68818,0
3.46767,1
6.20968,2
7.34638,2
5.99566,1
4.82806,1
4.8169,1
8.0018,1
8.99008,1
7.35147,0
5.86231,1
9.34751,0
14.746,1
9.38474,2
2.39093,0
5.11314,2
3.48678,0
7.47494,0
9.14274,1
9.00638,1
7.69456,1
6.26934,2
7.19075,1
10.993,1
3.46291,1
11.8929,0
7.20664,2
14.207,1
11.8247,3
6.2806,1
5.33797,2
9.91707,5
6.49826,3
8.76655,1
5.27585,0
8.88174,2
5.72809,1
4.73702,4
4.01921,1
7.15561,0
7.41141,0
2.90593,2
7.78055,2
12.4032,2
4.94541,0
2.57971,0
6.481,3
6.70564,1
8.09376,1
3.67318,3
7.9738,0
7.15705,1
7.8325,2
10.1311,0
3.46101,2
17.6971,1
13.9077,0
6.35412,0
8.52474,1
3.75236,0
2.37685,0
13.4126,0
7.75968,1
4.24398,2
8.81635,1
8.21901,0
5.48405,1
5.42274,1
4.49641,1
7.21584,0
4.21462,2
4.58018,0
5.6125,1
4.43821,2
3.59123,2
8.87402,0
5.71072,0
17.5019,2
8.5972,0
3.38482,2
5.2256,1
5.11283,5
4.46581,2
5.65758,2
3.75702,1
4.70051,1
3.48587,1
3.78208,0
8.68794,3
2.64724,3
9.54139,0
3.74531,1
9.10186,2
9.42455,1
14.403,2
5.32236,0
14.1827,2
7.26888,2
5.27741,2
4.23631,2
6.10214,2
3.8193,0
4.00646,1
8.7936,0
6.0882,1
9.68521,1
5.47333,1
10.744,5
5.17229,1
4.50899,1
4.23816,0
5.58396,2
6.77912,1
7.67649,1
4.22245,2
4.19952,1
8.56423,2
8.91367,1
3.58004,2
10.9205,2
6.45341,0
2.98249,3
3.77908,2
8.16388,1
6.05271,1
5.49384,2
4.92582,1
4.26348,2
7.83722,1
4.19045,5
5.81624,0
7.94251,2
2.82644,1
8.83671,2
4.94774,3
2.69206,0
3.3151,1
4.38694,0
9.63324,1
2.79948,1
7.98407,1
4.7049,1
2.85445,1
7.83822,1
11.4025,3
7.42261,2
10.0087,3
4.40201,1
6.33168,1
4.72478,1
3.00866,0
6.96239,1
2.05621,1
8.16984,0
10.4927,1
5.82771,1
2.34124,3
3.30632,0
6.12949,2
4.76448,1
3.14208,0
7.63746,1
6.92574,5
18.3778,0
2.6206,0
6.72386,3
7.95629,1
2.52442,2
6.56753,2
2.16859,0
3.49337,0
5.28622,4
5.18824,1
4.15726,0
6.01612,1
2.56714,0
8.66234,2
7.50962,0
9.6393,2
2.93818,5
4.65742,1
3.29381,1
5.53255,2
3.1444,2
7.6023,0
5.19995,3
6.99464,2
8.04477,0
3.54515,0
4.27516,0
14.3646,1
2.56126,2
7.98586,1
7.01125,1
1.69421,2
3.58863,0
4.65927,2
6.8205,3
5.7801,1
11.3077,1
2.38673,2
9.9344,3
4.57785,2
11.9793,2
4.22047,1
4.53855,2
2.97526,0
6.10117,1
6.86466,2
6.58294,1
3.00946,5
4.3955,0
7.39428,3
6.42656,1
14.4534,0
15.0576,0
5.64086,0
18.7162,1
9.78858,0
6.83404,0
1.9023,1
10.0141,0
6.97211,1
3.35673,2
6.80037,1
12.5789,0
2.74625,4
6.65529,1
7.39685,2
4.62629,1
3.91213,3
4.86231,0
6.61053,0
4.37918,0
2.70886,0
9.68877,0
4.11363,1
9.32394,3
9.18528,0
2.65625,1
4.16437,1
9.59514,1
3.68555,3
8.05017,0
15.6098,1
5.65524,2
18.687,2
17.4905,2
4.61066,0
11.5492,3
6.12898,1
7.30404,2
9.01424,3
11.1631,0
4.33474,0
7.36125,2
5.06241,0
2.61076,0
5.89887,0
5.19122,4
6.11634,0
8.79538,1
4.81828,0
3.78202,0
8.71023,1
4.42069,1
4.13712,3
3.64347,2
7.81156,2
5.62858,0
3.57116,1
14.4165,1
5.56969,0
9.7498,0
6.20263,1
11.7048,1
8.48014,2
5.10751,0
10.0056,1
5.74102,1
8.81923,2
3.39916,0
7.45085,2
8.67584,1
6.54602,0
9.81682,1
10.2925,1
4.28575,3
5.45092,1
7.58443,2
6.71069,1
4.01134,1
11.2548,0
6.70609,4
9.64975,1
10.7386,3
13.7131,2
5.40412,2
4.1663,1
3.46013,0
4.36,0
5.53416,1
5.62816,0
6.58414,1
6.92858,0
5.94978,2
5.60735,1
16.8899,2
4.70487,0
7.95269,0
7.34073,2
4.82971,1
5.43758,1
13.8565,2
9.28169,0
3.8759,1
9.23046,2
2.65909,2
4.27369,0
12.2614,0
3.42296,0
7.59406,0
7.23923,0
12.529,1
6.91547,1
4.53013,5
5.14912,0
10.3324,0
4.08303,2
5.43629,0
7.71131,1
8.30165,1
3.37981,1
5.46916,2
3.79056,0
4.24463,0
5.8108,2
6.66409,3
6.71893,2
3.94088,0
7.78699,4
2.86466,1
5.56354,2
7.8603,1
4.08563,0
4.49415,5
8.93615,3
4.00678,0
8.29137,1
4.51512,0
3.10776,0
4.08588,2
11.3736,3
10.8791,2
3.17117,1
3.31771,2
4.96744,1
6.85712,1
7.16567,4
9.70573,1
6.21395,0
10.7175,0
5.19504,3
11.9544,4
3.32793,2
3.76966,1
4.1923,1
14.6104,1
2.96476,4
4.08811,0
5.70642,1
6.1163,0
2.72752,1
5.67294,0
6.63285,1
4.66719,2
9.98591,3
8.37302,2
7.82549,2
5.31916,0
7.80016,2
8.97156,1
7.62723,1
4.454,2
7.98934,1
12.3878,0
6.88486,3
3.7254,3
12.3496,1
9.08755,0
8.22135,2
1.94333,1
11.4943,1
5.44375,3
3.27614,0
4.96912,2
2.76264,1
10.6263,0
6.45185,2
10.5907,0
8.97986,1
5.38406,0
8.66227,1
2.84731,1
12.687,3
3.6398,0
7.52642,0
2.72514,2
5.87565,1
5.9001,1
9.19287,0
4.49826,3
4.59484,1
7.12715,0
14.4617,5
5.09664,0
9.23823,2
4.85328,1
17.9938,2
10.4286,2
6.65993,0
2.7702,1
6.78658,1
2.84966,0
3.12268,2
9.19132,0
5.36921,1
6.52272,1
6.0753,0
8.38095,0
8.03899,1
3.8593,1
6.56805,2
6.5742,1
4.29014,1
5.45788,1
10.5661,0
3.03389,0
8.36988,1
8.87246,3
4.60727,2
5.04185,3
4.08858,0
16.1559,0
9.14319,2
5.58577,1
5.52549,1
4.32486,4
5.50027,1
6.49084,0
6.17968,3
7.64056,0
4.74578,0
5.6974,0
9.65837,0
10.1416,0
6.24549,0
11.2912,0
13.1925,3
11.2411,1
8.84354,0
4.02131,2
3.03036,2
6.55796,1
4.46787,3
9.18401,3
7.75376,1
7.39559,0
6.35612,1
8.76472,1
4.2558,1
10.8359,3
6.60266,3
5.22478,4
14.2216,1
3.59502,2
3.91738,2
2.64582,0
2.40549,4
6.92522,1
6.45853,1
7.20172,0
9.36842,1
8.44289,0
15.8792,0
6.30077,2
4.65685,2
5.94175,1
6.59058,2
12.8762,1
19.16,1
8.07838,1
4.0081,1
3.13724,1
4.98257,0
8.2169,3
5.10157,0
4.58415,2
5.86043,2
8.55897,3
5.85691,1
13.1374,2
5.44264,3
8.84086,4
5.46954,0
5.05371,0
5.10458,3
3.27166,3
18.9128,2
5.33776,1
5.87065,2
9.10076,0
10.7457,0
4.18652,0
8.0287,0
11.6115,0
7.07264,4
5.11924,2
4.77592,3
12.4293,3
8.4287,4
15.3509,1
3.18165,0
2.16271,0
4.07682,0
10.2723,0
7.9338,1
17.6909,1
11.4496,0
4.36006,0
10.9803,0
8.20781,3
7.83017,0
15.8048,0
14.7287,1
4.70035,3
3.62845,2
10.7782,1
6.92949,5
12.4398,0
7.9165,2
6.16492,0
6.6427,0
2.45485,4
7.93568,0
3.78269,1
12.8136,1
12.9749,2
16.1238,3
5.95825,2
4.51541,5
4.43413,1
6.14142,4
1.45348,2
8.54955,2
5.10177,2
5.30205,3
3.24094,1
7.27413,3
7.62605,1
9.19144,0
3.82439,1
12.9723,0
5.03346,4
3.38955,0
12.8264,1
3.34459,1
7.31437,3
2.6922,2
6.21557,2
7.21755,1
4.41332,3
6.12764,0
6.46532,2
10.7934,2
7.60195,3
12.913,3
6.82147,1
6.55925,1
5.1685,2
2.79247,3
7.72821,1
4.53514,0
6.17935,1
4.61616,1
8.88759,2
2.37671,2
7.6125,1
4.55216,2
4.58442,2
9.07522,1
4.33175,2
6.16463,1
5.79021,2
7.22127,0
5.1924,1
4.50358,2
3.61546,0
3.37047,1
8.05008,1
11.1849,0
8.85231,0
4.94185,1
8.52995,3
5.25172,1
8.40216,0
21.2403,1
7.45181,3
5.98182,0
10.4878,2
4.24437,1
5.13604,3
2.05817,0
4.74265,1
11.416,2
10.087,2
10.1677,3
3.67458,0
2.73073,0
6.44806,1
4.43489,0
5.24287,4
3.19308,1
3.6142,2
14.6835,2
3.84038,1
3.16425,1
3.83612,2
3.88546,0
14.9252,1
3.54763,0
2.93524,0
5.72278,1
5.87823,1
5.61076,2
14.0657,2
18.509,1
4.07812,2
4.36037,1
9.1577,3
19.1219,0
2.7286,2
5.18802,1
6.03192,1
14.8581,0
9.45798,2
6.79003,1
5.33276,0
7.90294,1
14.6725,0
10.7665,1
3.25898,1
7.70223,1
12.1093,3
11.6426,0
6.39476,1
6.7523,1
6.96125,0
6.18536,0
2.4619,2
9.27758,4
6.62595,1
6.3749,2
3.12124,1
5.57276,3
6.38939,1
11.1277,1
4.59024,1
5.74796,0
9.85527,1
4.64677,1
3.49832,2
10.6345,0
4.56132,3
2.43255,2
4.15361,0
13.0264,0
7.47092,2
9.6572,1
6.50021,1
2.96681,0
7.66945,0
5.97925,2
6.26535,1
7.16728,2
4.97166,1
4.17096,4
3.29772,2
12.8597,0
4.57919,2
6.87731,0
6.62783,1
5.7867,0
8.20851,1
9.43895,1
4.52876,2
5.90236,0
6.45069,4
6.5612,1
4.12166,1
3.37661,1
5.77989,2
7.37314,1
5.35568,2
5.59904,1
4.6196,1
10.2122,1
7.93072,1
6.99679,2
8.43001,1
7.54659,0
5.11065,1
3.23802,0
3.11882,1
7.09227,2
4.04736,2
2.03211,0
5.39685,0
2.6953,1
6.04338,1
2.30639,1
4.31458,2
4.90989,0
5.13904,2
7.60375,1
7.37102,0
7.9659,1
4.12468,0
7.04187,4
17.0731,3
3.63528,2
5.07475,0
6.04766,5
7.5315,2
5.97465,0
2.36105,0
3.89078,0
10.2348,1
8.05598,1
7.61211,3
9.31903,1
4.78537,2
7.95429,2
6.70129,0
8.57661,1
5.11961,4
6.55578,1
10.9676,1
13.8356,0
11.062,0
2.1726,2
3.66443,0
5.21981,1
11.6938,2
3.30668,0
6.04018,0
5.44536,0
5.75954,2
4.16991,1
4.27246,0
7.27165,1
6.11463,2
3.52441,0
6.81079,0
5.66846,5
4.86446,0
5.43743,2
4.8635,2
3.57128,1
8.46332,2
5.00634,3
5.43439,2
9.27768,2
5.88636,0
3.47247,1
4.36077,2
4.0969,1
5.01522,1
6.95016,2
4.28225,1
4.33941,0
8.94214,3
14.9966,1
3.19578,1
12.4524,3
4.85645,1
12.387,2
4.36305,2
4.80855,0
5.57025,4
4.11824,3
10.2836,2
5.10442,1
3.14321,3
7.03514,0
8.2663,0
3.60265,0
9.95147,2
1.87492,1
7.45879,0
7.06253,0
5.08667,2
7.17766,2
5.20489,4
10.4331,1
5.25416,1
11.2483,1
8.48996,0
4.11871,0
14.2868,3
3.56622,4
5.51714,1
2.08227,0
2.15622,2
4.20954,3
6.1462,1
11.151,2
4.85045,2
10.1943,0
5.01355,0
5.70404,0
2.93454,3
8.84136,1
3.16575,0
3.88398,2
5.70932,0
7.4671,1
3.00964,3
6.16761,2
7.4572,2
3.68505,2
9.36708,1
3.6536,0
5.6662,2
8.61148,2
5.78317,2
3.73411,1
5.53722,1
4.65422,3
15.7779,2
3.88052,0
8.52218,0
7.6092,2
4.66659,2
5.72487,0
4.57354,1
7.45672,1
5.71359,1
8.30026,1
7.29094,1
4.24352,1
5.14621,1
6.84044,1
8.55108,0
5.15804,2
5.57858,1
3.91881,2
5.17171,1
8.36557,3
5.98676,1
7.88703,2
5.71899,0
4.35048,2
14.7189,2
3.4156,0
8.32239,2
10.6728,1
4.46169,1
8.06287,1
3.85686,2
7.85396,1
3.1789,1
8.48269,0
9.01582,0
3.90473,1
4.59807,3
5.46825,1
5.24679,0
7.27273,2
10.6508,1
3.44766,3
11.4119,2
4.25915,1
4.44921,2
12.012,0
2.14459,2
5.74465,3
6.20271,0
7.91174,1
5.97619,1
7.93323,0
11.0281,0
4.17029,0
5.43536,2
4.42468,2
6.5439,0
9.96573,4
8.05857,1
8.10034,0
8.43775,1
4.67281,2
7.38615,1
3.94867,3
17.1243,2
3.29576,1
4.75298,0
3.82191,1
8.56537,1
5.92615,1
4.76288,2
5.8219,4
5.85383,1
6.41709,1
16.9062,1
6.10953,2
4.60512,1
2.77995,3
6.58878,0
7.21296,1
6.85406,0
9.25906,4
8.04603,2
5.38367,1
7.19502,2
7.16657,2
4.63127,2
5.39548,0
3.59475,1
9.96063,0
9.05292,0
10.4483,0
5.94644,2
13.9581,3
4.57883,3
5.78374,0
4.17252,3
3.20943,0
5.9804,1
3.7017,1
4.57511,0
9.53246,1
7.92684,1
6.45847,1
15.406,2
12.3133,1
5.84859,1
5.21975,0
2.54777,2
5.13514,0
7.8391,1
10.7566,0
17.0921,0
9.76067,1
3.52229,1
5.10068,1
4.29128,1
5.46258,2
5.76328,1
4.53666,1
5.39329,3
4.26346,0
17.1657,0
3.69172,0
2.90023,1
3.24915,0
3.69005,2
4.99856,0
3.4815,2
8.28338,1
8.61898,1
4.23058,3
4.72823,0
4.56771,2
3.65646,1
6.96852,2
6.97964,3
7.15079,2
3.43211,2
5.97078,0
5.50874,2
9.6444,0
3.36492,0
4.34168,1
3.35493,2
6.90092,0
5.9968,0
9.00329,1
4.23001,1
5.72697,0
4.45495,1
6.15883,1
6.22668,1
2.5484,2
6.80309,0
25.2303,1
4.64359,1
3.44729,1
2.7433,2
5.26959,5
4.96702,0
4.63786,2
3.11863,1
5.38572,1
5.58384,2
16.4916,0
5.74235,1
19.1868,0
9.03551,2
9.17955,2
4.63221,4
9.73007,1
4.25694,3
8.68313,1
2.07423,2
5.54149,0
3.10858,1
7.39021,1
7.34282,3
8.6212,2
7.68994,1
5.71223,0
10.2995,1
7.62118,1
6.34988,0
4.43426,0
3.43396,0
9.6083,0
5.41282,0
9.48429,1
7.41164,1
8.14064,0
4.08216,0
5.41708,0
4.09007,0
4.27628,0
11.2293,3
8.6088,1
4.43235,2
4.6946,0
7.26579,3
9.97296,1
5.11299,3
7.50623,1
6.70607,3
12.4964,2
7.15769,2
3.0079,2
2.90629,1
4.59696,0
10.0742,4
4.33102,0
7.32409,2
7.40277,0
12.7023,2
4.75235,3
5.10807,1
6.81026,1
3.12754,1
5.95093,0
6.21806,0
6.94241,1
9.88055,2
5.90859,1
5.88496,2
8.90295,0
20.7832,4
4.25602,0
10.0575,3
6.84855,1
4.09338,2
11.6086,2
5.35761,4
7.60765,2
6.48963,1
6.06401,0
6.99262,0
2.24344,0
7.3875,0
3.43571,3
16.659,1
10.1365,3
16.8467,1
5.01789,2
15.9576,1
10.4695,2
4.94384,0
8.67211,2
2.17678,1
7.62004,1
10.9007,1
6.16569,0
6.13413,0
4.96553,1
11.066,1
6.01342,1
5.36129,2
19.3602,0
5.2952,2
2.97854,0
3.49132,3
7.24854,3
4.8316,2
5.46619,1
2.21311,1
8.77049,1
6.72699,2
5.18865,2
6.35553,2
7.36316,3
4.40896,0
12.0456,0
7.42226,2
6.882,2
20.1969,2
7.84614,3
8.18098,2
3.89924,2
6.21838,0
10.2661,3
5.87552,2
3.71328,2
6.04278,2
6.3873,1
10.1774,3
6.47204,1
4.86298,1
5.202,2
6.4656,0
12.1515,1
5.05952,1
6.10283,0
10.2519,1
4.00651,3
5.52181,1
4.99332,0
15.4172,0
10.8302,1
9.66072,0
14.6221,4
6.56226,2
2.78656,2
6.83208,1
7.79406,3
5.2293,0
8.14757,2
7.61778,0
7.61166,1
5.6386,2
4.37138,3
7.74723,2
4.97848,1
5.25417,1
2.54652,1
9.31697,1
9.19576,0
5.52244,1
16.9776,0
4.75421,1
6.03513,2
4.44698,1
2.19056,0
10.2594,2
5.12765,1
8.26018,0
6.80377,0
9.81416,3
5.394,2
6.14207,3
2.85806,4
12.8158,0
4.44283,1
4.98597,2
3.64035,0
15.3781,0
4.96151,1
17.4165,0
10.2888,0
10.3935,3
6.74244,3
3.4901,1
18.7543,1
3.90698,0
7.10519,3
2.81542,5
2.14477,1
6.70379,1
5.58939,1
6.51707,0
5.65737,1
5.40907,1
3.31539,0
6.88529,2
10.8951,1
6.44094,0
5.10814,0
4.11578,3
7.68301,2
11.9579,0
4.24029,3
5.04723,4
5.7921,2
4.08647,0
11.3576,0
5.55128,2
4.39265,2
19.2401,2
5.92086,1
6.23917,1
8.60453,1
10.5901,1
9.68407,0
7.28413,3
2.88731,1
3.83539,0
10.8445,1
6.9205,0
4.5496,3
2.82653,4
4.15355,1
3.98928,2
4.55847,0
7.38341,2
7.39306,1
10.6653,1
5.45449,1
4.8722,1
9.03898,2
7.24068,0
6.643,2
8.47833,1
7.48944,1
4.69747,1
8.58151,1
4.31806,0
6.47149,1
6.02583,3
2.00206,1
6.64557,0
17.2267,0
6.01621,1
6.14603,1
3.49202,2
10.5008,0
3.77776,3
7.6082,0
14.51,0
8.7828,0
9.93683,0
5.85112,3
7.12955,2
6.58207,1
2.52821,0
3.33896,1
5.6355,0
7.90151,0
2.63036,0
5.99236,0
4.87715,0
4.42129,2
4.42659,1
5.22114,1
8.71474,0
13.2098,0
6.45628,1
2.65194,0
11.2483,1
6.83165,1
6.17303,1
5.07319,1
4.65186,2
5.82033,2
5.21886,3
13.8422,0
5.56041,1
6.68689,0
10.8448,1
18.2125,0
15.3611,3
5.7145,0
5.00391,3
4.11458,1
11.3896,0
5.20009,0
5.92373,0
6.36592,3
9.98063,0
15.9847,0
12.6567,1
14.4488,2
7.43246,1
5.78853,2
3.36893,0
4.59682,4
4.83179,3
7.86074,3
4.29202,1
11.5473,4
6.76896,2
5.40006,0
7.62603,1
3.35141,2
3.76082,0
2.39867,2
6.29076,3
3.20317,0
3.25611,2
11.3056,0
13.5848,2
7.77644,0
9.09521,0
7.36225,2
5.87462,2
9.31416,0
4.78103,1
4.87426,0
1.41256,0
10.6967,2
10.9258,1
5.9165,2
6.55218,1
8.33084,1
3.6494,2
8.76888,0
5.13798,1
6.49548,3
4.88575,1
7.23473,2
7.38852,1
6.14486,1
2.98152,2
3.65584,1
2.85321,3
5.15885,1
10.808,4
2.81205,3
4.92844,4
6.13008,3
4.83238,0
11.738,4
9.96015,3
4.08399,1
5.57437,0
6.52348,2
7.53007,1
2.70487,1
8.15075,0
3.8083,0
6.57841,0
5.53756,0
11.0908,1
2.79676,4
6.92524,1
6.42149,5
11.3646,1
5.46316,4
7.93815,5
5.97569,0
7.89981,0
2.54995,2
7.80951,0
8.54929,1
4.92459,0
6.56217,5
11.1889,3
6.65081,1
5.93846,1
2.50527,3
21.5357,1
9.78608,2
4.7423,1
6.87949,1
6.62122,0
4.67831,1
2.9509,0
4.65543,2
9.88306,1
4.89438,0
2.91527,1
3.64082,2
12.5572,0
4.25075,0
3.77596,0
4.34072,3
6.11549,1
5.76284,0
7.10102,3
3.33774,2
6.27911,1
7.97736,0
9.46743,0
8.99747,2
4.3534,0
14.2782,1
4.87857,2
3.71954,1
6.69224,1
6.05142,2
4.92205,1
9.79763,2
1.97848,2
7.58886,1
10.8786,3
4.03138,2
5.21076,3
4.98758,3
9.10679,2
7.79338,1
7.16914,1
7.496,0
7.59366,2
4.86466,0
3.70274,1
8.52604,0
4.14782,0
10.2574,1
3.62026,1
3.14931,0
7.82237,3
19.4166,0
19.956,2
4.5344,1
4.81422,2
7.11473,1
6.59042,0
5.02489,1
3.41398,2
7.67414,1
9.66036,1
3.84809,0
5.33524,0
4.47377,1
6.86971,1
4.77781,0
2.39077,1
12.1273,1
6.50081,4
4.82667,3
4.13667,0
2.62573,2
6.24123,3
4.65652,6
4.76992,2
5.51723,4
8.19596,0
3.9753,3
4.75525,0
6.91633,2
5.97224,3
6.67244,0
7.58379,1
7.5524,0
2.69113,0
12.4672,0
6.8091,4
3.74813,2
6.15534,1
4.44552,2
11.5021,1
8.37267,0
6.16663,0
7.80501,0
3.01997,1
7.71154,2
5.43351,0
9.31051,2
6.55448,0
2.26463,1
4.06745,2
6.02774,1
13.7239,2
3.86367,2
2.43079,3
7.83195,1
10.9225,0
10.8898,0
8.08191,4
8.72153,2
8.42666,0
15.2447,2
2.84591,1
8.63425,1
9.58362,1
5.4841,0
6.34391,1
9.21297,1
5.39696,1
6.34511,1
9.00733,0
2.762,1
3.74739,0
7.69396,2
6.38213,0
3.40603,1
6.01096,0
4.40771,1
6.34211,0
5.50667,2
7.99407,0
2.55636,1
11.3742,1
6.24568,1
6.98696,3
6.44004,1
4.70255,2
2.90178,1
10.3149,0
12.6788,1
6.13278,2
8.16736,0
7.44876,2
6.95915,0
3.40112,1
5.30836,0
5.67835,1
5.11808,1
4.83248,2
11.573,0
7.0825,0
7.53383,1
4.72021,1
5.61755,1
6.4141,1
4.85996,1
5.36641,1
13.8398,1
6.54916,2
8.62805,1
4.04359,2
7.22601,1
4.18019,3
7.015,0
4.36312,0
9.37839,0
4.87475,2
4.04937,0
8.81398,0
3.07641,0
4.98571,2
5.61244,0
3.96447,0
4.83967,2
6.07918,1
5.48739,2
10.9824,1
5.1903,1
4.95484,2
11.8579,3
8.59616,2
2.95167,1
5.0663,0
2.74358,1
9.2384,2
5.00286,2
10.3033,1
4.48687,3
6.66302,1
9.35657,1
3.2317,3
6.21931,2
6.24317,2
2.14797,0
12.2734,2
8.43082,2
6.12067,2
5.5936,0
4.72955,1
3.95356,3
13.2014,3
4.61188,0
4.77402,2
6.1831,0
6.88532,0
8.53761,4
4.36046,1
13.8965,1
4.22258,1
5.77179,1
5.44152,1
5.49899,3
23.0435,1
4.27928,1
5.36178,5
15.807,1
3.7224,1
8.27163,1
5.92198,0
20.3462,1
3.80167,1
8.78916,3
3.83325,1
5.18922,2
5.35328,0
8.66959,1
5.40042,1
7.54649,2
4.18307,0
4.21877,1
10.3751,1
3.19643,2
8.05473,0
5.29476,1
10.7181,0
7.34788,1
2.66389,1
4.15365,1
3.10627,0
9.92607,1
4.06789,2
5.70759,1
5.13284,2
9.34458,1
3.25065,1
5.16387,1
4.89355,3
10.2742,2
12.0575,1
3.93423,1
10.858,1
4.07322,1
9.26023,0
4.69549,1
6.87775,1
7.79495,0
6.34575,2
5.43146,0
4.43267,2
16.172,0
2.61352,0
4.69924,0
5.65734,2
9.76525,1
4.22227,1
7.961,1
3.54869,2
6.37688,2
3.82466,0
3.23836,0
15.0621,1
8.08544,3
4.4534,2
8.02444,1
12.185,2
4.56771,1
4.921,1
7.82643,0
5.18255,2
12.7974,1
4.60206,0
3.56517,2
4.44572,1
8.17022,0
5.76077,2
4.95057,0
2.4763,1
4.57929,1
12.4367,0
4.47465,0
6.11531,4
4.3988,2
5.67445,1
6.63806,0
10.5534,1
8.09151,2
2.27129,0
7.70986,3
8.14025,1
9.74624,3
9.75782,1
3.16752,0
3.96821,3
16.298,2
12.5074,2
2.95281,1
4.38123,1
11.1462,4
7.01432,1
6.52708,0
14.3601,1
3.50618,2
3.49511,0
6.86724,1
2.96193,0
1.92911,5
9.16378,1
3.08489,2
6.62111,2
11.6154,4
2.7161,1
3.88503,1
13.7786,2
3.07939,2
7.72097,1
3.78938,0
10.8529,0
2.74457,1
13.1906,1
6.55393,1
9.62875,0
3.60046,2
4.69029,2
4.92041,2
10.4661,0
3.97293,1
3.07478,1
3.55743,2
4.69956,0
4.25362,2
6.51615,4
6.85062,2
4.1774,2
5.6151,1
6.52175,0
2.99555,0
2.85094,1
9.81544,1
14.3629,4
5.07434,2
5.08775,1
5.63793,1
3.66195,0
8.02405,0
2.88159,3
5.99824,0
18.2278,2
10.4855,2
8.41111,1
3.01878,1
9.28159,1
8.24122,1
5.2482,2
7.18806,0
3.06621,0
5.35601,0
3.91916,1
4.90908,3
5.42867,1
6.87146,0
6.27936,0
6.84322,4
8.90163,0
5.13676,1
4.70439,0
7.6313,1
4.74046,2
3.43769,3
12.6233,0
3.80511,0
3.94565,2
1.8399,1
11.433,2
6.90456,1
7.63056,0
5.23424,2
4.62061,1
4.00654,1
4.79229,0
3.96772,0
4.73451,3
7.36596,0
12.1815,1
9.61458,0
3.73539,1
4.8571,1
2.67797,1
2.20644,5
5.1005,2
5.75372,2
7.38517,2
4.569,1
6.25204,2
3.31875,2
4.32668,1
15.0946,1
6.13777,1
2.87385,1
5.96362,2
13.8533,1
15.6557,2
5.12905,2
3.9228,1
7.11357,2
4.05262,0
3.70435,0
4.64821,0
12.7409,3
10.539,1
3.37848,3
6.11169,1
8.14805,2
2.02666,0
5.18598,1
5.71964,1
6.22812,4
4.49647,3
3.55163,1
8.34511,2
12.1627,0
11.8816,1
3.20533,1
2.13702,0
4.86724,2
2.23388,0
10.5311,0
5.89877,1
14.3276,0
4.138,2
7.62223,0
8.02195,2
5.86536,2
3.43076,2
7.8805,1
6.21087,1
3.99839,0
3.15373,1
12.6816,1
3.23078,0
8.9556,2
5.72549,0
4.08867,0
12.7161,2
11.0279,0
8.41416,0
4.31821,0
4.69151,1
2.56129,1
4.0893,0
5.5318,0
8.28878,0
5.87583,1
3.48285,0
7.2921,0
5.32819,2
16.6689,0
10.4263,2
6.15489,2
9.8062,1
9.67751,1
4.24731,0
5.9568,2
13.9552,1
6.60753,1
9.62549,0
13.6344,1
2.73357,0
8.46959,0
9.63156,3
4.66904,0
6.87181,0
2.53208,1
8.04917,0
4.38632,2
3.40921,0
3.82123,2
6.5862,2
11.9635,0
6.43011,1
7.7172,3
4.48879,3
17.6457,0
8.91625,3
5.70561,2
5.65576,1
3.86397,2
6.91684,6
3.67396,1
18.6301,1
6.63384,1
5.09292,1
8.73042,2
7.69906,2
10.323,3
4.17854,0
5.8387,2
8.46983,2
4.88656,2
16.1188,0
9.02832,0
3.80999,1
8.12355,0
4.5578,1
4.17511,1
8.5512,1
3.95603,1
4.28066,1
4.30274,3
3.97067,2
12.2446,1
12.868,2
8.78701,3
13.5065,2
10.373,1
6.38745,0
10.5642,1
4.5263,2
5.7109,0
6.93574,2
8.92971,1
9.51826,1
7.35476,0
5.62832,2
6.39772,0
9.99851,1
3.99838,2
6.85619,0
3.59908,1
10.5018,3
6.84622,0
5.5588,1
9.97342,1
7.10236,0
2.69842,2
2.55322,1
7.39527,1
4.5255,2
5.99331,0
10.6787,0
8.00798,0
3.13202,2
9.85934,0
4.7019,3
6.45325,0
4.84634,1
4.3064,3
5.90572,3
3.8543,0
7.71694,3
17.4487,2
7.25399,2
3.55225,2
2.92504,1
6.94891,2
10.1858,3
7.91877,2
11.4066,2
3.27503,1
9.59556,2
3.82431,3
8.39656,4
6.47916,2
10.7525,0
6.97889,3
5.95666,0
12.7245,2
4.68039,0
6.04359,0
6.17716,1
23.5041,0
7.50954,1
6.29281,3
4.28954,2
6.15917,3
4.65868,1
7.16216,1
5.04648,3
4.99455,1
3.07445,2
9.31473,1
7.9022,0
6.34947,2
5.09262,1
5.67825,0
6.05463,2
7.1808,1
2.71137,0
6.29489,0
7.03644,1
2.6102,3
4.95277,2
10.2739,0
8.34772,2
14.34,2
4.87163,1
9.64526,0
8.41123,2
5.07988,1
8.26917,2
11.0452,2
3.16914,1
3.44953,1
8.21422,1
3.20144,3
5.41772,2
8.16011,3
2.95694,0
9.73779,0
8.56686,2
7.1114,1
7.18523,2
6.86402,1
5.76255,1
6.67393,0
6.96646,1
5.53114,1
8.7009,0
9.04717,3
8.52412,2
8.57703,2
3.48175,3
6.44647,0
5.44281,1
6.14238,1
9.41143,1
3.23885,1
6.05746,1
4.43426,1
8.53865,0
2.81439,0
5.41625,0
4.90792,2
10.7513,0
6.4118,2
10.7831,2
4.40516,1
14.7268,0
6.99303,5
6.45089,0
4.522,0
5.09201,0
4.94196,1
3.51651,0
3.35896,0
7.52527,1
11.1535,0
4.22217,0
10.666,1
10.7959,0
9.43757,1
7.61606,3
9.45161,0
9.73927,0
2.51373,1
3.87935,3
7.11857,0
9.45977,3
37.4499,1
8.51306,0
7.6032,0
8.31574,0
4.33602,0
2.36458,1
7.36562,4
8.2196,2
11.9982,0
10.3363,1
7.46509,1
7.62672,0
5.90909,1
8.30652,2
10.272,0
5.42187,2
4.15473,2
3.79113,1
6.95976,1
6.97151,1
3.26064,0
4.99082,1
8.4846,2
9.78459,3
4.29918,2
3.49842,0
4.10468,2
8.22001,2
6.65982,1
4.86566,0
5.71634,0
4.47429,1
6.17132,2
7.1132,0
5.51063,1
3.47715,2
5.39241,1
3.85617,1
8.47091,0
9.22358,3
5.2341,0
4.61336,0
5.21077,0
5.19404,1
7.62921,2
2.98026,0
4.16563,0
14.1398,0
3.67159,0
7.41886,2
3.35051,2
11.8778,0
5.26627,0
1.48916,1
12.9634,0
5.34555,2
6.65063,1
7.01156,0
12.1547,1
2.74383,1
4.06376,2
3.55376,1
3.16953,2
7.39327,1
14.1821,1
2.88882,0
8.20366,1
3.79108,0
14.4746,1
12.4568,1
16.8644,0
5.72473,1
7.14,0
10.5276,3
4.61127,1
6.95165,1
7.3845,0
3.81511,0
8.93374,1
8.14952,1
10.0048,2
1.93593,0
19.9125,0
5.16094,1
12.0286,0
2.78474,1
5.44701,1
2.67951,0
4.81979,0
15.3357,5
8.2104,3
7.68051,1
5.63912,0
18.9517,0
8.15915,3
7.548,3
6.01558,1
3.7308,2
3.92145,0
2.18928,1
20.8106,2
16.8169,0
4.11103,0
11.1109,1
8.60409,0
9.01619,1
2.66769,1
8.84108,1
3.60244,0
4.94806,0
6.09643,0
7.39112,1
4.32783,1
4.75587,0
8.26113,1
5.16919,1
4.52205,0
4.39151,2
8.43611,2
5.67398,3
5.5813,0
2.35755,1
12.4654,2
3.29563,0
6.3459,0
4.00244,4
6.74486,1
6.05789,1
4.44767,0
3.89775,0
6.23761,0
5.82168,2
3.25197,2
10.3124,0
4.06781,1
5.33935,0
7.75651,0
5.9173,2
8.75653,1
5.31742,0
3.52834,1
12.1415,0
3.96886,0
5.70608,2
5.87808,0
5.69963,2
6.41539,0
10.5211,0
8.87893,1
6.06899,0
6.00362,1
4.34347,2
4.14885,1
10.3753,1
10.8287,3
15.3156,1
5.10433,4
3.80507,1
10.9847,1
5.08697,1
5.21972,1
3.36101,1
9.27246,0
5.39241,0
10.3348,2
11.1094,1
6.89358,0
8.06198,0
5.32259,2
9.91086,1
10.9268,1
4.40169,1
7.03607,0
7.06248,1
4.01924,2
8.98902,0
11.7745,0
12.0594,3
4.21996,1
12.6723,0
4.28846,0
5.37296,1
8.83147,0
8.78743,1
4.6286,1
3.28912,2
9.45298,3
6.27396,1
22.4378,0
5.52971,0
9.48018,1
9.52352,1
3.68716,5
4.39489,1
7.12224,3
4.03501,2
6.74601,1
9.82759,1
4.82673,2
8.07875,1
13.4477,3
12.4336,1
6.60741,1
10.5672,1
4.90104,1
7.77181,1
5.82092,0
10.7154,2
4.40236,1
3.55937,1
5.98173,0
14.431,1
11.0213,1
9.83421,2
4.61569,1
13.7781,0
6.69573,1
6.03758,2
2.90743,1
8.43596,2
4.39381,1
3.8142,1
8.77262,1
4.02846,0
2.59143,1
4.32826,0
5.27008,0
8.09918,2
6.38455,1
5.88111,0
7.30108,2
2.84643,2
8.33109,0
11.3631,2
4.20569,2
3.53491,1
7.10218,2
5.71678,1
6.72468,0
2.46733,0
10.6492,1
6.86897,1
10.5881,0
9.24843,1
12.3043,3
5.13503,2
5.4065,2
7.62519,0
10.2231,0
3.36483,2
5.9401,1
8.28099,1
9.24182,2
8.22292,3
4.17993,1
5.92893,1
3.11829,2
5.37306,1
4.58967,0
5.14219,1
6.18083,1
10.4922,2
6.04922,1
8.56554,2
3.47927,0
2.18372,1
3.96564,1
8.81706,1
5.74127,0
6.81585,0
3.89962,1
4.70041,2
16.3169,2
4.69813,0
8.90894,1
9.35801,2
5.90656,0
3.65708,2
5.64207,1
9.72482,1
5.59624,2
4.77545,3
8.72364,1
11.3802,3
5.03358,1
5.32232,1
6.05102,0
3.43428,2
12.8862,1
5.18566,1
5.89078,2
9.06814,3
3.96994,2
7.03846,1
4.41438,1
6.07541,2
5.99923,1
4.04675,0
8.2825,4
3.51618,1
5.24033,1
4.40071,1
4.60707,4
3.38629,1
7.94461,2
9.72398,3
3.62166,1
10.0106,1
5.78781,3
3.61004,0
4.93693,2
4.91631,0
9.13384,2
5.02828,1
7.29677,1
5.7356,1
9.41368,1
6.47724,1
6.73219,3
10.6207,1
5.18457,3
3.57251,2
2.69423,4
4.20997,5
8.99356,1
5.68376,1
11.8655,0
6.56579,1
3.31608,2
3.74515,0
6.02032,2
5.02428,0
7.84949,1
3.83562,2
3.49903,3
7.3925,2
5.09851,0
4.4684,1
2.70741,0
9.67051,3
9.57261,1
6.91892,0
10.3212,0
5.37847,2
18.8271,0
10.8152,0
8.72382,0
6.28146,2
3.3829,2
6.59222,0
4.15248,2
7.45053,1
4.15491,1
3.13222,2
12.6886,0
4.06685,3
5.67595,0
5.99989,2
8.1899,1
4.49884,2
8.00069,1
4.42096,1
2.66528,4
9.34975,1
6.90499,0
6.70369,0
3.84045,0
5.6487,4
2.3772,2
3.28752,0
7.30423,4
12.2691,2
4.48773,1
4.84815,1
4.07935,0
3.90481,1
4.20892,0
8.86616,0
16.3725,1
3.92507,0
10.5991,0
4.16171,1
11.667,2
6.34058,0
8.48661,1
2.50076,0
10.2653,1
4.13995,0
12.7174,0
3.35354,0
6.91365,1
4.69108,0
4.67814,1
11.7701,0
4.27616,1
7.58606,0
5.96887,1
6.20497,0
5.75329,1
12.1948,2
12.8477,0
3.72676,1
3.91459,1
5.71593,3
2.99961,1
4.20389,2
10.2745,1
2.94308,2
4.13486,0
4.80563,1
7.96883,2
5.18707,4
7.34227,3
11.2691,1
3.06026,1
7.27525,0
23.7038,4
3.55067,0
6.16689,2
5.38911,1
3.45267,1
4.36085,1
6.3264,1
6.99474,1
1.64322,2
13.8201,0
11.9729,0
6.65981,2
6.46346,0
7.87092,0
4.35201,1
3.69952,1
4.70948,1
8.11034,3
7.45245,1
3.51313,1
3.73714,2
1.92765,0
11.4322,0
7.89741,6
10.4974,0
3.32778,1
5.33171,0
5.18975,0
8.97439,0
4.79593,0
5.40796,0
6.91673,1
11.0997,1
10.9293,1
5.48317,4
5.1377,1
8.58518,1
3.5441,2
5.72249,2
5.0872,2
9.60541,0
5.4124,3
4.69951,0
3.18379,1
4.91869,2
7.41989,2
4.9326,1
5.02067,5
3.3145,1
5.28302,1
10.584,2
5.64641,0
7.95505,1
7.24039,1
6.29379,1
6.82707,0
4.32614,0
4.63533,0
2.87235,2
5.77811,0
7.89425,2
2.69304,0
5.483,1
12.2156,2
10.6639,0
3.08598,0
2.9987,0
23.657,0
3.60524,1
4.07242,1
7.77892,0
8.34503,3
4.62455,0
3.44242,2
6.12878,1
13.3628,2
5.89112,0
4.70484,2
4.65639,2
2.83685,2
3.36237,0
15.683,0
5.39995,3
8.98782,1
9.01696,1
9.32483,2
6.03056,2
11.2996,1
5.70186,1
7.11419,2
4.14938,2
4.41674,4
5.86772,1
7.04649,2
10.2884,0
6.31694,1
6.2622,2
5.71201,0
3.52638,0
12.3564,3
7.52115,0
4.12582,1
17.5752,0
8.99779,1
7.00024,2
3.13107,1
4.26277,1
4.33841,1
2.79479,1
5.97605,1
11.3993,0
7.77087,1
9.05899,1
2.19709,0
4.64434,0
9.81412,0
10.0693,0
6.46125,1
3.4253,0
16.2229,0
6.15877,2
10.9683,1
7.47011,0
8.55635,0
2.5447,1
4.87713,0
8.56123,4
8.34839,0
9.24482,0
3.10764,2
14.1026,1
2.34854,2
6.80232,1
19.1501,3
9.4791,2
5.47482,1
2.81386,0
7.99393,1
3.03544,0
5.70002,2
7.0773,0
5.79874,0
3.14188,1
7.96546,2
4.69511,1
9.08438,2
3.63511,2
10.192,5
3.97782,1
4.46317,0
3.41208,1
5.42901,2
14.0322,2
5.88323,1
2.23559,2
5.97014,3
8.54176,0
7.48505,4
3.5038,3
11.7508,2
7.4791,2
6.20845,2
8.93458,1
7.82795,3
13.2665,2
14.0791,2
8.67102,3
11.0079,2
7.8634,3
5.86732,2
21.331,4
10.4467,2
4.43771,2
8.99422,2
7.72859,0
10.5785,1
6.16989,4
7.1015,2
3.47369,2
13.4873,1
5.41459,1
3.17628,1
4.56795,1
2.81883,0
11.8866,2
8.9412,0
8.10465,0
8.68945,1
2.44686,0
10.2873,0
11.9401,1
5.12576,1
6.52867,0
15.8858,1
11.0233,1
6.57415,1
3.9675,0
5.34521,0
6.19226,2
9.22538,1
4.18213,3
6.26829,4
3.56283,1
18.9681,1
8.70019,1
3.88026,0
8.34757,0
4.89559,1
10.55,0
8.41594,4
8.74689,3
9.10841,1
4.73684,2
8.89372,4
5.83593,0
8.18596,1
11.4034,0
3.60181,0
7.9621,3
6.37813,0
6.19016,0
4.42681,0
13.9204,1
7.12709,0
7.45847,1
5.5217,2
11.452,2
3.07334,1
2.52188,2
4.9294,0
3.2081,3
3.59833,2
8.71043,1
11.9438,1
6.43279,3
4.98809,1
9.57151,2
12.1558,1
9.54424,3
16.1575,1
8.16023,0
5.50949,1
8.20637,2
5.94288,0
3.27454,0
2.24145,0
4.63461,0
4.065,0
4.33239,1
5.13855,0
7.46622,1
4.24673,1
3.03304,2
11.2391,3
6.8631,3
3.86541,0
14.9578,2
7.63614,0
5.95841,1
6.85389,0
4.16215,0
6.38646,1
3.33402,0
15.8061,0
4.48396,1
7.29481,3
3.36821,2
5.88258,2
9.38381,1
7.65706,0
3.6579,2
4.36206,0
5.21218,0
8.33754,1
4.72245,1
8.07514,0
4.76982,0
1.93826,1
10.9418,1
7.15313,5
3.06418,3
6.38413,0
2.61783,2
5.32516,4
2.56443,0
2.21965,1
12.3764,1
9.85767,3
9.96838,5
6.62312,2
5.5249,1
3.70498,1
6.38444,2
9.83386,0
5.41054,0
3.40432,0
4.50797,3
7.08822,2
3.35237,0
7.13238,0
4.51407,1
3.02629,0
6.38799,2
3.42584,2
6.83846,3
4.20906,2
2.96001,1
9.46827,1
12.7869,0
3.41936,1
3.50666,0
12.8857,2
4.60369,2
5.83712,0
6.07108,0
5.36747,2
7.14835,1
12.4732,2
6.03669,0
5.78304,1
4.30577,0
3.57108,3
5.80158,1
3.77936,1
4.13864,1
4.30126,1
3.27116,0
3.86531,0
8.60412,2
5.12118,0
2.94096,0
13.0784,1
3.77668,2
4.56602,0
2.5627,3
7.51446,2
8.46229,2
2.56322,0
7.84719,0
7.84572,1
5.1161,4
6.32429,2
3.62156,0
4.75908,0
6.55461,2
9.48021,1
5.81688,3
3.76419,2
2.86339,1
3.14845,1
7.53766,1
5.88529,2
6.75794,2
7.80384,1
6.01757,6
13.7413,4
8.33899,0
11.0911,1
4.01313,3
6.49087,0
3.82226,1
3.66542,2
4.13473,1
2.37029,0
4.04564,3
9.58771,1
9.59239,2
9.79752,2
6.06369,1
3.56572,3
6.18571,0
6.39542,2
18.6857,0
4.11938,2
11.5964,2
8.99257,1
3.94883,1
4.50243,1
6.06866,3
11.3366,1
6.50524,1
17.0574,0
3.40112,2
6.99822,1
6.31037,0
9.87656,0
3.15021,2
4.15567,0
3.85208,0
6.7078,0
8.69096,0
4.23587,0
13.5187,0
4.61857,1
4.46688,1
7.56601,2
5.34195,0
12.6522,0
8.81739,3
2.41866,2
4.34994,1
10.2456,1
5.18094,1
9.87107,3
4.25526,2
7.7293,3
5.78227,1
4.08598,1
6.01184,2
4.03272,1
6.84159,3
2.16905,0
4.72955,3
5.08245,0
5.7956,0
9.03409,2
6.37181,0
9.50013,1
4.99188,2
4.77761,1
11.4225,0
5.23017,0
6.88761,1
3.15243,0
4.13429,0
14.035,1
8.18856,2
3.18471,4
8.72128,3
2.82381,1
3.24966,1
18.6825,0
7.79332,1
4.305,0
11.7788,2
10.8875,3
7.54502,2
3.14426,1
6.37442,2
15.4614,2
5.15554,1
19.8257,0
11.5415,0
3.09046,0
5.74127,2
4.51162,3
3.32922,0
11.0225,2
4.99889,0
11.304,3
5.32595,3
5.25303,2
6.36861,3
4.89223,2
5.71397,1
5.92574,0
7.84444,0
7.41167,0
7.41015,0
8.90459,1
4.85651,1
5.32639,1
10.6535,0
12.211,1
10.5216,1
3.48986,0
3.03793,2
9.90706,0
16.3629,0
6.09524,0
8.21311,0
4.60068,2
3.60152,1
4.31037,0
13.397,2
8.80317,0
14.2387,5
10.9304,2
10.866,1
3.42511,0
5.17493,1
4.34231,3
13.8484,0
5.75094,0
8.4005,3
8.47744,1
15.2185,0
6.18169,2
9.18481,2
5.53427,3
8.51359,0
9.90014,1
3.23514,2
6.15738,0
4.10641,0
6.67839,2
5.6192,2
4.76345,2
3.19921,2
5.74346,0
11.9595,0
10.9385,2
4.30632,1
3.31026,1
7.51633,0
6.32928,1
11.0253,4
13.2462,2
9.74504,1
7.79621,0
4.25224,2
8.31868,1
12.3593,3
3.55685,1
4.49308,1
3.87088,1
3.92249,2
2.52252,3
9.05095,1
8.02987,0
3.6173,1
14.1369,0
11.9589,1
7.33711,0
6.30237,1
7.31508,1
5.43129,2
5.1926,2
7.25595,2
5.97823,2
8.56066,1
13.505,0
3.42927,1
4.32857,2
3.97664,1
7.28404,1
7.93581,0
3.39605,1
3.11902,0
5.43356,1
2.54801,2
6.1016,0
8.1522,1
4.67202,1
6.62236,3
6.38664,0
6.39861,2
4.0133,2
8.0276,0
6.68409,1
12.0192,1
4.56568,4
5.17855,1
7.68527,4
7.12825,2
4.63005,2
3.67642,3
6.928,3
3.57345,2
3.64133,1
9.53669,1
9.04578,2
4.73631,0
13.5442,0
12.8849,0
3.75187,1
9.82801,0
7.81914,2
9.18942,3
16.3981,0
1.70257,1
5.34599,2
3.2144,1
5.4667,1
9.75102,0
11.1555,1
6.96276,3
9.04642,1
4.1967,1
11.3022,2
3.7185,0
4.19459,3
2.41218,1
4.44737,0
10.536,3
5.54665,1
4.08891,2
13.181,3
4.28044,5
2.91427,0
5.51296,2
6.28629,0
4.6141,1
3.07717,2
6.26059,2
7.40311,0
17.0466,2
2.07647,1
5.29463,1
6.89586,1
5.12654,2
6.32634,1
3.95915,1
13.3617,2
7.08526,3
11.2652,1
11.8,0
8.10271,1
4.32283,0
10.1845,1
11.4605,2
7.42056,1
12.3631,0
5.06546,1
2.58567,1
12.8236,0
6.96942,0
3.46384,0
4.11868,0
5.73409,0
5.24529,3
7.74422,0
11.5048,1
4.3633,1
5.55351,2
6.41399,1
4.43142,0
10.2412,0
3.70278,1
2.99681,0
6.59017,3
11.4753,1
7.06388,0
8.38141,1
8.93385,0
10.2523,2
6.3017,3
6.57636,0
9.42766,0
7.37318,1
5.89141,3
4.42683,2
10.2189,0
3.2835,3
9.10879,1
5.96276,3
9.53691,2
5.94651,0
7.02773,0
6.95154,1
9.10371,0
7.47673,3
3.16203,2
5.23797,1
8.1473,2
10.6021,0
6.79156,1
4.41662,2
9.43219,1
4.74134,0
9.19156,2
2.77304,0
4.67878,2
4.21734,0
2.92935,1
8.94678,2
5.28503,0
4.23224,0
15.2226,1
4.49763,0
4.84045,0
2.32046,1
7.49098,1
2.35937,2
4.2328,1
11.7328,1
5.38661,0
5.60545,2
2.96262,1
5.18145,0
3.61003,2
5.18799,1
4.17247,0
7.06707,3
10.8346,2
6.59733,0
9.96413,2
4.46836,4
24.1691,2
3.42909,1
4.80618,0
3.88564,0
6.65991,0
4.79578,1
5.72479,0
4.45964,0
6.08434,1
4.50082,4
4.2178,0
6.22798,0
5.48807,0
14.2794,1
4.53697,0
6.14883,1
5.51541,1
4.04719,2
6.98151,1
3.74813,1
4.41158,2
4.00396,1
10.66,2
2.92915,2
7.04774,0
5.56386,1
6.97862,1
4.60776,2
6.18996,1
6.57554,1
4.1608,0
6.84623,0
8.67678,0
6.67319,1
7.70482,0
11.0652,0
5.19477,1
10.7363,3
4.6992,1
12.1091,2
6.45141,1
5.50184,2
22.1705,2
4.54028,2
5.77221,1
13.0008,1
9.26648,0
4.11888,0
5.52227,2
4.37985,0
14.0932,1
3.40181,2
8.33193,3
10.494,0
3.31471,2
12.8576,2
12.047,1
9.94306,1
5.3868,0
10.5407,0
16.3231,2
7.79191,5
6.84366,0
11.3281,0
5.25938,2
3.95412,1
12.265,4
5.7562,1
6.07118,2
2.81418,3
12.6727,1
7.05405,0
5.47892,0
6.98075,3
4.77196,0
5.47484,1
3.09755,0
8.38485,2
11.2515,0
11.3718,3
9.43437,3
15.0376,1
7.53861,3
6.20124,3
6.30819,1
10.6354,0
7.05471,1
3.27983,1
5.44345,1
5.99072,1
4.17804,1
5.73379,1
6.16478,3
3.60036,3
24.9531,0
4.2699,0
7.8717,3
7.73746,0
3.98667,0
10.4797,4
10.2981,3
6.88431,1
5.34884,2
3.84632,3
9.893,1
6.2612,0
5.12339,0
4.74986,3
6.70482,2
8.88948,1
13.3536,3
13.8944,2
7.55976,1
3.01052,0
4.21196,1
4.03799,2
9.00588,1
5.29056,1
4.97217,3
2.2886,1
3.22,1
7.93253,3
3.71883,2
4.59434,1
4.22628,1
3.86616,1
2.68725,1
2.89565,4
14.4188,0
7.81084,3
19.8486,2
6.95792,1
3.32989,1
5.19654,0
6.50388,1
5.3728,1
4.46961,2
11.1179,0
4.97517,1
6.39103,0
5.78696,2
10.1799,1
6.60676,1
15.4919,2
6.86546,1
3.79394,2
6.61198,3
5.70149,1
11.2249,1
9.33985,2
2.95587,3
7.85098,0
3.99879,1
3.77568,2
11.9278,1
4.4729,1
9.12169,0
3.46844,0
8.47978,1
3.87291,1
4.64375,0
9.0053,1
11.1473,1
3.0115,1
3.14159,4
5.2779,1
11.417,0
8.2482,2
8.05126,1
7.85491,0
9.19921,1
5.50814,1
10.5778,1
4.84033,0
3.68748,0
6.12702,2
5.21449,0
5.47207,1
4.40561,2
6.35284,1
4.40372,3
4.86022,2
8.10921,2
2.81418,1
4.19361,0
8.18649,0
4.19288,2
5.54779,0
3.75006,2
5.94883,0
5.88585,3
10.9863,3
2.10482,1
4.68947,3
4.75935,2
7.73162,1
7.42027,3
23.5894,1
3.25311,0
6.85167,1
12.6177,0
3.27483,2
6.72196,0
8.35323,0
3.83922,1
2.7189,0
3.59945,3
6.32587,1
10.8498,1
8.17548,0
4.7763,3
5.23085,1
5.20592,1
10.1608,3
5.57412,2
3.9686,1
6.63578,1
4.8963,2
5.02127,3
5.9775,1
8.91551,1
8.41764,0
5.3115,2
3.14722,0
16.6973,3
4.36529,2
1.81953,1
4.36348,3
13.1222,1
7.84803,4
2.08365,1
11.8821,1
11.759,1
7.48571,2
12.3246,1
3.80226,2
2.89166,1
3.81461,3
13.4674,3
4.90435,2
14.7953,0
5.84707,1
4.27882,3
7.53258,3
2.98511,1
5.72688,1
4.37878,1
5.9429,1
8.16693,1
4.81606,0
6.79568,3
5.38297,0
6.44067,0
4.78801,2
4.61687,5
4.10684,1
3.58638,1
8.44474,1
5.77548,2
6.48468,0
3.85121,2
4.87052,1
12.8931,1
3.59636,1
13.1915,5
4.13486,2
6.02574,1
9.31523,0
6.69887,2
8.23361,1
6.32425,1
7.00714,2
23.3625,2
7.8394,0
4.00424,3
3.34723,1
9.28916,1
5.76583,1
3.59888,2
9.15353,1
9.10311,0
5.3382,1
5.92842,1
6.38969,1
2.7474,0
10.6877,2
12.2394,2
2.93079,1
8.95744,1
5.19458,2
2.60722,3
8.38994,0
3.54551,0
4.20905,3
14.0389,2
4.50928,0
2.69634,2
4.06776,0
7.34228,4
3.94614,1
3.7624,2
6.10447,1
5.20135,0
5.58232,2
4.78797,0
5.64735,0
3.36547,2
2.24409,2
11.7828,0
4.11256,2
8.12642,2
6.66884,2
6.97006,0
5.84851,3
4.16259,1
10.1585,2
9.51093,1
6.95692,2
3.78728,2
3.50922,2
5.26171,2
8.76159,0
12.1225,1
7.96784,1
12.5504,2
8.61684,1
14.9102,1
5.73601,1
6.52728,1
5.35847,1
4.16753,1
10.9785,0
7.19681,0
7.85506,1
12.112,1
14.1411,0
10.1411,1
9.71987,0
6.80942,2
2.93228,2
4.81846,0
5.23036,1
4.11015,0
11.5149,3
5.81417,1
5.34094,3
3.65857,0
6.29833,0
7.02349,1
3.21653,3
4.24353,0
24.6306,0
3.50407,0
4.03964,0
8.15988,1
8.84302,1
20.5251,0
2.78708,1
2.91463,4
3.81689,1
4.57656,0
10.9893,2
19.9459,1
4.38792,0
9.71559,3
4.62176,0
5.73289,1
3.34025,0
10.6372,1
6.53095,1
2.68607,0
5.22781,0
5.71005,1
10.7515,1
10.1112,0
5.11382,1
5.54153,2
8.06991,1
8.17107,2
3.31131,0
8.67419,0
10.8233,1
5.84239,0
7.73986,1
5.97805,1
4.92007,2
12.7551,1
4.41294,1
7.22077,2
10.2211,0
4.89861,1
9.44215,0
6.99522,2
7.07121,2
3.9797,4
5.41638,0
4.51305,1
3.3334,1
18.0502,1
3.3196,1
9.33316,0
13.2684,1
8.17032,0
4.30236,3
4.57083,1
3.67339,0
4.82221,1
3.75617,0
22.3167,0
9.03972,0
5.91704,0
6.48717,0
5.2443,2
7.54728,1
8.21622,2
6.83523,0
4.44194,0
5.20994,3
5.12878,0
2.94085,2
5.55083,0
5.49752,1
2.70716,1
9.70845,1
10.1069,1
6.10221,0
6.6296,0
3.18659,0
4.61162,0
6.91468,5
6.01844,1
13.9263,1
6.03872,0
4.56437,3
11.3553,1
7.66333,0
6.90341,0
8.6044,0
2.42746,0
5.08703,3
7.2191,0
5.45225,2
6.94651,0
5.68715,3
12.9618,0
7.40649,3
15.1436,2
8.21344,1
3.26469,0
8.12804,0
5.14174,2
4.78442,0
14.2353,3
7.76356,0
4.43325,1
5.53248,2
11.3458,0
3.68218,0
2.41798,1
5.9882,2
4.73026,1
5.68978,0
4.4869,1
4.16988,1
10.8574,0
2.9196,1
17.6129,1
9.16082,1
10.781,0
6.0734,2
6.17687,3
4.52179,1
7.45488,2
8.84026,1
4.93239,3
5.74463,1
10.643,2
8.66224,3
10.5056,1
9.54158,1
7.58186,2
4.79364,1
3.72038,0
6.99864,1
4.28953,1
8.77622,0
7.41272,3
13.8372,2
6.41003,1
4.88228,2
5.03039,1
2.77956,1
6.06413,0
8.49465,0
5.25543,1
6.3862,3
11.2461,1
4.79236,2
8.94861,0
5.33225,1
9.80843,3
7.69568,1
3.25561,1
2.39698,3
5.11285,2
6.51612,1
5.30062,2
5.47539,0
14.1829,0
3.56778,3
6.554,2
6.53625,0
3.55965,5
4.65188,0
6.768,0
12.186,0
3.39009,0
9.46757,1
7.4666,1
7.27938,1
8.77182,1
8.43272,1
4.91393,0
14.5505,1
3.11934,0
4.23859,3
21.8443,2
3.20585,0
9.48108,0
4.07004,1
3.38841,1
4.61731,1
3.33644,2
6.14375,1
6.72334,1
5.82587,1
5.15387,0
5.84046,3
10.8605,2
4.71266,1
14.8635,0
4.66996,0
7.92632,1
10.2827,5
3.82447,0
7.32829,1
4.59744,1
6.73855,1
6.98113,0
4.53108,0
10.0082,1
4.21269,2
4.01257,3
5.00303,2
4.19306,1
12.3197,2
4.64706,2
8.6555,0
3.03144,1
13.3411,1
7.09213,2
6.25468,0
2.40268,1
2.81626,0
5.76272,4
16.7583,2
5.72314,1
9.37413,2
7.5377,3
4.31758,2
6.52604,0
13.8837,3
10.1569,1
9.8823,1
6.86139,1
7.49957,2
5.8048,3
7.05746,1
1.99963,1
4.14302,0
9.53399,1
3.18928,1
4.70435,1
6.43465,3
6.01232,1
19.7978,1
3.21215,1
5.2755,1
12.2802,0
2.00524,1
12.6661,5
2.4768,1
5.52859,0
3.76446,0
5.95992,2
11.1119,0
6.48951,3
9.34213,0
7.19973,3
8.48684,2
7.78541,1
7.05644,3
6.28052,2
6.36637,1
7.3677,0
5.15292,2
8.20022,3
8.77671,1
4.60605,1
5.92989,0
4.32801,2
5.71762,3
10.9034,1
9.62199,0
3.35272,1
6.72081,1
4.45682,1
5.17329,2
3.72995,1
4.13149,1
6.06882,1
4.35479,1
8.16272,2
3.50272,1
5.37302,2
10.8888,2
6.29179,0
4.42626,1
6.09421,1
2.66236,0
7.44901,0
13.6807,1
6.44173,1
3.33338,0
4.04914,3
3.36386,2
4.56746,1
5.40391,3
6.61913,1
8.1965,1
18.1372,0
8.87703,1
8.64974,2
9.667,2
7.08822,1
7.25704,2
4.71096,1
2.72188,2
7.36948,1
9.63192,0
4.47982,2
8.25369,0
4.51999,2
5.65292,2
3.02089,0
7.00776,1
9.28903,3
2.91401,0
8.46409,1
4.87623,1
4.22451,1
2.49904,2
6.87686,0
3.12431,2
4.59734,1
6.48961,2
6.73164,1
5.64931,1
5.42409,1
4.00473,0
9.9764,1
8.86855,2
6.16714,1
6.44987,1
5.28741,3
3.39009,1
7.75574,0
6.7107,3
3.22795,2
5.11273,1
9.2317,1
11.2316,1
4.75299,1
17.353,5
11.7776,2
4.47136,0
9.08583,1
5.04411,0
4.92048,4
4.09716,2
4.13287,2
7.2353,4
5.0712,0
9.05287,1
11.6182,1
3.10827,2
12.0925,1
5.50022,3
5.59726,0
4.46959,0
4.59385,0
4.98618,0
8.31943,1
3.3063,1
6.56791,1
5.28408,2
3.93355,2
13.8362,2
6.44753,1
4.48048,1
9.59484,1
5.95726,1
2.23493,4
5.79906,1
5.58042,0
3.25988,2
4.78011,0
4.84552,2
5.69274,2
5.31521,1
14.0532,0
3.20305,2
4.1398,0
7.8168,0
6.54504,0
4.48866,2
6.34471,3
12.5622,1
4.44273,0
12.8018,2
4.63071,3
3.5434,1
5.73591,2
13.5238,2
8.57996,2
9.61262,1
4.77301,0
3.18676,0
8.82863,0
4.55717,1
14.7296,1
4.17574,0
4.0815,2
13.2304,1
7.54879,2
3.17017,1
5.67827,1
3.32274,3
3.35946,1
7.16361,0
2.11664,1
12.7362,2
7.03983,1
3.14577,1
3.0654,3
11.7636,4
7.56723,1
6.10627,0
8.57433,1
10.6935,3
3.36189,1
13.2982,4
16.7756,0
6.90519,2
3.0911,1
6.8416,0
9.3171,1
15.9472,1
4.52772,2
2.46148,0
6.52199,2
3.7979,1
8.38604,2
9.52606,1
4.07623,1
8.3095,0
3.66116,1
2.35728,1
9.83698,2
5.04897,0
5.06372,2
4.44233,2
7.13253,1
4.28919,1
6.33388,1
7.80747,2
8.01089,1
10.4484,3
5.4419,2
2.71535,1
5.21924,2
8.53562,1
4.62815,0
5.52341,2
6.77519,3
3.44584,2
6.61956,3
3.48249,1
12.2439,2
6.67847,1
6.68216,1
5.81212,1
4.471,0
4.6329,2
12.3482,1
4.51435,1
5.78923,2
9.20357,2
5.72928,2
3.11996,0
4.48688,1
1.79851,4
9.50495,0
11.7331,2
6.85521,1
3.79619,1
6.02857,1
3.20767,3
3.10894,0
9.1991,0
7.10965,1
10.4714,1
4.73564,0
6.75897,2
4.53816,1
13.3117,3
11.4383,1
7.3419,0
14.3935,1
3.7748,0
4.37511,1
12.2427,3
4.09971,1
11.7648,2
5.164,1
7.31016,2
7.6765,2
5.55259,1
8.6026,2
4.50903,2
15.5538,2
11.8279,3
4.8213,1
5.37812,2
8.52226,0
30.5586,1
9.77798,1
6.93599,2
6.72634,2
3.72328,3
3.0239,3
12.961,2
2.34893,0
5.10122,1
7.35721,2
11.737,0
3.97136,0
3.75599,2
2.70743,0
9.87928,2
3.44718,0
4.9041,3
1.91916,3
2.88907,1
2.71257,1
10.1258,1
13.1533,1
11.8878,1
5.88574,1
12.9454,2
7.9643,1
8.78893,0
5.6474,0
10.5433,0
5.19473,2
7.15872,2
4.64979,0
12.0855,2
5.41274,2
4.17921,1
6.68547,1
5.67595,1
3.38756,1
8.32536,3
2.00439,0
6.87025,0
3.09253,0
6.70746,0
5.23784,0
3.0124,0
4.2722,1
12.0923,2
7.73642,1
7.43817,0
5.1277,0
4.21791,0
4.42569,1
13.7087,0
3.27251,1
5.25684,2
7.96496,1
10.6389,3
8.64125,3
8.52492,0
3.04223,0
6.42046,2
13.4267,0
5.71514,1
15.0154,2
7.62933,0
1.9445,0
4.80514,0
6.52313,2
5.7418,1
3.60336,0
7.6252,2
3.16647,1
6.26864,1
6.27717,4
5.92515,3
6.53869,0
7.86598,0
2.98672,0
5.51965,0
3.69906,3
10.3349,0
3.60336,0
6.30637,1
6.18239,3
3.00542,0
7.85164,3
7.40274,2
3.44704,1
8.717,4
4.57246,0
11.8508,3
5.3309,0
10.2988,1
2.58527,0
4.93046,1
3.58674,2
3.48686,1
10.0743,3
5.24847,0
5.30433,0
5.52951,0
6.02397,2
16.882,1
3.99048,1
9.48056,3
2.89816,0
3.78236,2
8.1116,0
7.51083,1
4.08938,2
7.22874,0
5.28983,1
6.90815,0
8.18631,3
5.87868,2
6.2469,2
4.90492,0
9.1166,0
8.0356,0
3.8847,1
3.38121,1
6.72995,0
4.55592,1
11.9023,1
6.85683,1
7.16047,1
2.92553,1
4.966,1
6.61229,0
9.70629,2
5.38362,3
3.29858,0
16.5651,1
3.30014,2
5.51504,1
5.4783,1
7.47645,0
7.62931,2
3.28135,1
4.75872,2
6.65333,3
4.11607,0
5.0347,1
7.53032,1
8.24033,0
2.61969,2
6.64695,1
6.40788,2
15.8059,1
8.13857,1
5.01617,2
3.70225,0
9.65096,2
4.96531,2
3.05036,0
4.84977,2
3.82256,1
5.84264,2
4.79027,0
4.4843,1
3.60853,1
3.95324,0
3.50434,2
7.27677,2
6.65645,1
4.25143,2
5.14828,4
10.9966,1
7.28529,0
3.48715,1
3.64523,1
3.73926,0
15.0455,0
6.93728,2
10.8365,2
10.1418,0
3.66198,0
7.62653,2
4.73484,1
6.86539,1
6.97203,2
3.18682,2
5.2644,3
4.46282,1
7.62409,2
4.63476,2
3.9172,2
3.16355,0
6.77761,1
9.63245,0
4.29714,1
6.57096,1
3.58497,3
3.80087,1
3.70893,2
14.3716,3
8.74,2
4.69922,0
5.76266,2
11.798,0
3.16703,3
7.7693,1
5.673,0
6.02653,4
10.856,0
8.03434,1
5.63416,0
9.6379,0
8.18756,0
9.8956,3
4.64077,1
3.72176,2
7.24738,0
8.88411,1
4.44862,0
4.53332,5
4.40946,3
4.03263,0
4.7875,0
13.6339,1
5.67462,1
11.1069,1
5.27025,1
7.13192,1
5.88251,2
6.1904,1
7.24523,3
6.38248,0
8.61028,0
5.25808,2
4.85117,3
3.91131,1
8.45761,1
3.99806,2
9.91845,0
7.48904,2
3.91605,0
3.95998,2
11.5548,1
17.1338,0
2.82997,1
9.56285,1
4.19659,2
10.6898,3
6.85387,1
5.84158,4
3.19716,0
8.51283,1
4.61873,0
11.187,0
9.48052,0
11.554,2
5.06305,0
6.98655,1
4.93982,3
7.72611,1
13.3777,1
5.67823,2
7.71655,1
6.01098,1
5.56296,0
10.7055,2
6.24212,3
4.69024,1
1.89449,0
3.40346,4
11.9616,2
3.0776,1
9.07059,0
5.51847,2
7.71053,2
9.52236,0
6.14679,3
5.06278,1
4.50123,0
7.67823,1
6.96296,2
5.43534,1
3.88237,2
7.88727,0
5.43597,6
4.88095,1
7.36611,1
5.61085,1
8.26889,0
4.42867,0
2.6526,0
10.2651,1
9.61751,0
7.60705,3
4.93014,0
4.5233,3
1.99138,1
2.99866,1
8.01889,1
12.5468,3
3.46561,3
7.05839,0
11.4816,1
4.60189,0
11.884,3
8.0225,0
4.60091,4
3.55321,1
3.24787,2
12.1513,1
2.54801,0
2.66434,2
9.15647,3
10.0999,1
5.46762,0
4.73408,0
11.47,0
6.20666,0
7.17461,1
8.51903,0
4.19232,2
4.30684,2
3.54551,0
7.35192,4
5.33113,0
17.0569,1
10.3813,2
4.74964,0
2.93348,2
3.27765,1
2.09915,2
6.24129,2
5.68525,1
14.4619,1
8.51366,1
11.2175,0
5.8481,2
3.86403,1
10.6984,3
8.88112,0
5.23997,1
7.62812,0
6.11067,1
7.50816,3
9.93287,1
9.42186,0
7.44121,1
4.66202,0
8.99322,1
3.5033,3
4.99878,0
10.3667,0
3.13835,2
10.4645,0
8.20714,2
7.21952,3
26.9805,1
3.84586,1
4.29645,3
10.7257,0
7.19324,2
5.52876,1
5.14158,0
5.77201,1
8.18807,1
1.88281,2
7.40508,2
9.42369,2
10.8485,3
9.45164,4
8.08619,0
4.8385,0
4.58201,2
9.67827,0
7.87982,0
9.27974,4
8.8823,1
7.53624,0
8.95797,1
6.90238,0
4.91199,1
4.56307,1
7.3739,3
4.51856,2
5.75798,0
3.17367,2
12.3083,2
4.7488,2
9.20927,1
7.43243,3
6.32765,2
8.77286,1
6.59047,1
7.94936,1
4.33406,1
2.99883,2
7.89856,0
16.8735,0
9.24075,0
4.19051,4
8.1967,2
5.53786,0
3.19,0
13.7202,2
3.38257,2
7.51868,1
6.24738,2
8.71414,2
3.46505,3
10.993,1
4.32012,1
2.1295,3
10.4341,3
6.05107,0
2.51081,1
6.27923,0
11.6328,1
4.1205,1
8.68198,1
3.34006,1
7.91407,1
7.17169,0
3.82554,0
8.23562,1
5.76308,3
10.407,0
3.67707,2
2.6461,3
11.2366,1
4.53263,2
6.9492,0
3.26002,0
3.68904,4
4.92211,2
3.57216,2
3.384,2
8.74383,0
8.50879,2
10.2754,1
10.5693,1
3.63747,1
5.28724,2
4.33694,2
3.72939,2
4.76177,2
7.48171,3
3.90122,2
15.6524,1
10.1126,1
17.9448,1
4.42127,1
3.38393,2
4.79272,2
16.3351,0
11.443,0
7.35613,2
9.65961,0
7.58446,2
7.18004,0
4.00233,1
3.23957,0
3.32777,2
6.75592,2
4.37442,2
11.0284,2
4.90781,1
7.07621,0
8.93067,1
2.97499,0
4.73114,2
5.00947,2
7.91593,1
8.54182,1
4.53413,1
5.82053,1
9.68504,1
4.55339,1
7.94526,1
6.8819,0
2.72808,1
4.0646,2
5.629,5
8.70392,0
5.48543,3
12.187,0
5.99559,1
3.54234,1
5.46742,1
7.821,1
7.01406,1
11.5498,2
4.42999,1
7.05095,1
7.3698,2
4.68693,5
9.60515,1
9.64649,0
6.69838,0
5.10767,1
6.47477,2
5.17113,0
7.6002,1
7.10073,1
6.21196,1
9.49876,0
8.02924,0
10.4126,2
6.52091,1
6.30709,1
7.2484,2
6.80953,2
7.55344,2
6.54805,4
9.68639,1
2.00024,2
4.47671,0
9.1245,2
5.26345,1
5.5797,1
3.72521,1
2.77259,0
8.41225,0
3.9831,2
6.51372,2
5.50302,1
11.6139,1
4.89737,0
4.1871,0
7.38491,0
7.11777,2
7.62889,0
9.87512,2
4.39473,1
10.1747,2
5.07845,1
8.31949,0
7.39211,0
14.9678,1
5.5335,1
7.93924,0
5.10578,0
6.74645,0
8.2559,4
5.63072,2
13.4278,0
12.202,0
7.12116,2
13.9565,3
2.64449,1
9.12836,2
5.76134,0
3.15444,1
3.45168,1
6.42261,2
4.73301,0
5.24163,2
8.64443,3
4.60205,1
10.1137,1
4.72225,2
5.62895,0
10.8791,3
7.23987,0
2.60548,4
2.00459,0
14.8431,0
5.34845,0
2.82052,0
4.60099,0
6.10969,0
5.96557,0
9.10101,2
9.653,0
8.06681,2
4.53605,5
5.34942,1
3.46926,1
12.2923,3
5.25014,3
10.3642,0
5.2005,1
6.76943,1
4.64217,2
5.07972,0
15.4914,3
6.66971,0
4.60809,0
5.80137,0
6.25401,1
11.9572,2
5.68474,0
6.83095,2
9.44834,4
6.72193,0
3.20262,0
6.74865,1
6.07999,1
7.72659,3
7.63921,0
5.05322,1
4.53117,0
11.3659,2
20.2856,2
6.29631,3
8.09841,2
3.73614,3
6.26864,1
3.14087,2
10.6277,1
6.69493,1
6.23966,3
1.87221,1
7.27467,1
18.8293,1
2.61159,3
3.84387,2
2.65385,1
3.93049,1
4.04077,1
4.60211,2
2.54583,2
9.95278,1
4.89754,0
7.66573,2
13.9556,2
4.05476,1
6.12976,2
4.23042,1
4.69277,2
3.53445,1
7.3116,4
6.05644,1
6.14918,2
4.60618,1
5.71866,2
3.32411,0
6.23087,1
16.8259,0
11.4998,2
3.24218,1
8.89263,2
5.99964,1
5.03282,2
10.701,2
7.99788,2
13.0835,1
6.54419,1
5.26159,0
5.07321,3
8.69598,4
4.56177,3
5.53578,1
4.75592,2
7.18855,0
10.8351,0
11.4483,2
3.8098,1
3.3719,0
3.17071,0
4.42919,3
13.2873,1
8.8562,1
12.8363,0
6.41468,0
4.84819,1
4.48604,1
6.61034,1
4.10907,1
11.5261,1
5.18894,1
8.47904,1
10.4941,1
2.31098,1
10.4735,2
6.8556,0
5.2446,3
2.85403,1
8.1194,2
2.76685,1
10.9843,2
3.11191,3
5.40086,0
3.51319,2
5.8019,0
9.2194,1
3.05937,1
6.65173,1
5.19041,2
5.40384,2
7.43185,2
10.133,1
10.1876,1
6.53967,4
3.23657,1
3.06721,0
2.65237,1
4.62811,1
6.93095,0
5.98009,1
23.3272,0
9.02261,1
6.69179,1
1.88458,0
19.0881,1
4.98758,0
4.02496,2
3.01949,1
5.62367,1
4.95757,0
4.22457,1
6.03817,1
6.54872,1
2.17892,5
8.78024,1
8.19047,2
4.77754,1
9.31932,1
8.00748,3
4.63358,0
8.42779,3
9.36288,2
8.47231,0
5.587,1
13.4025,0
4.22489,1
11.7979,1
6.92862,1
5.79024,1
2.73933,2
6.13424,0
5.5421,1
6.22215,2
5.36205,0
8.4585,2
4.23052,2
18.7962,1
3.79838,2
7.15378,0
8.50869,1
4.04442,3
4.72989,0
6.76198,0
10.3722,3
6.9937,2
4.06341,4
2.99599,0
6.13524,2
3.32892,0
6.57924,2
9.7812,4
8.94659,4
11.4161,0
4.80439,0
3.59081,0
4.73024,0
6.95774,3
12.2911,1
7.06019,0
3.14258,0
5.09794,2
6.77737,1
12.2047,3
2.63156,3
10.2902,0
10.466,1
3.32253,1
3.90537,0
5.31934,0
6.53539,2
3.30291,2
5.68298,0
9.33687,0
9.08605,1
6.60699,0
6.2434,1
4.81029,1
6.73381,3
4.56248,0
7.3117,1
6.46237,0
8.59405,0
6.80291,0
13.3223,1
6.38198,1
2.82651,1
7.19051,5
4.00051,3
6.70745,1
3.84523,2
13.2057,0
10.3039,4
4.40156,1
9.37408,1
6.85449,3
4.66129,2
5.1515,2
4.91377,2
5.76154,0
4.54285,1
7.71468,2
3.71367,1
7.97349,0
6.85871,0
4.17393,1
7.17107,1
11.3983,2
7.17893,1
4.70077,0
11.6668,0
24.0377,0
6.51198,2
4.94713,2
10.6586,0
7.26509,0
7.94132,2
3.98376,1
5.29337,2
9.41797,3
8.20196,1
8.91288,1
14.4597,0
8.99349,0
6.96224,2
2.77411,1
3.30003,2
4.62316,2
3.33175,0
6.21102,0
5.31915,1
8.77906,1
10.412,0
8.0649,0
6.87323,3
4.56336,1
2.86848,0
14.8938,2
8.72431,3
6.48208,2
5.35894,2
9.99959,1
5.60744,0
5.16258,0
6.71899,0
6.16565,1
6.33107,2
8.30831,3
8.48349,1
7.6936,2
7.15411,2
9.55823,1
6.69766,1
3.87024,1
11.9048,0
2.91272,0
12.1439,1
6.48681,1
6.09182,1
6.78838,1
7.03193,2
3.38344,0
5.1941,0
3.77562,1
7.18675,2
9.39861,1
3.3876,1
9.11339,1
9.05381,1
2.95247,1
2.51922,1
8.07016,1
8.43563,4
5.73177,1
12.2159,1
3.23018,2
4.45654,3
8.46956,0
10.1013,0
13.5871,0
9.11069,1
5.72268,0
2.78853,2
7.17065,1
5.34669,0
10.6181,1
5.46948,1
4.40983,1
4.58004,1
10.5299,1
3.70809,3
5.71145,1
6.94555,2
2.5709,4
5.27617,0
6.59748,0
6.10578,2
9.07232,0
3.29696,4
3.4248,0
7.7791,0
8.1888,2
7.15223,0
7.25394,1
4.15134,0
9.74661,4
2.71437,0
5.406,1
7.76159,0
22.2098,1
3.25425,2
4.88506,1
3.03536,2
4.00648,4
8.75188,1
2.06451,2
9.30983,0
4.92918,5
5.13094,2
15.4622,2
4.09471,1
3.76913,1
3.38586,0
2.52939,1
7.25257,0
5.08788,3
10.6242,0
10.2309,0
2.89809,1
3.12372,2
3.81979,2
22.5379,2
6.64396,3
3.7691,1
4.87359,0
6.10653,0
10.4396,2
3.28433,2
4.94947,3
5.11598,1
13.1261,0
9.55744,0
2.64808,1
6.20482,0
11.1405,0
5.66851,0
5.42135,1
4.78415,0
7.95016,3
4.58886,0
4.99821,0
7.69384,0
7.28127,1
5.20665,1
6.45825,2
14.6228,1
4.65984,1
6.09695,1
13.9289,2
12.9576,2
7.0735,1
3.14743,0
5.15129,1
5.99229,3
11.1688,3
8.97524,0
6.49882,1
12.3349,1
3.93308,0
5.48647,1
32.0751,1
6.26073,0
6.69707,0
5.41887,1
7.96792,1
3.58209,5
6.55412,1
6.78158,3
5.32494,0
5.1614,1
15.5354,1
4.99437,0
6.23937,1
8.56077,0
5.95103,1
12.5361,3
3.6864,0
6.45002,2
8.3399,0
4.60218,1
5.95678,2
2.73385,0
6.92979,0
6.40274,2
5.07327,0
8.64984,1
11.5794,2
9.67464,2
5.1251,1
3.9077,1
12.1372,1
9.1945,2
1.72767,1
16.4457,0
22.858,3
5.00354,0
5.54362,0
6.73804,2
9.86432,0
13.544,5
4.17034,1
5.49362,4
4.29568,2
4.01322,1
3.33757,4
11.277,3
6.58579,0
10.9743,1
11.5852,1
3.20666,0
4.6807,0
10.1309,0
7.18599,3
6.53533,3
4.5975,0
5.91571,1
8.68313,1
4.5652,1
19.3961,0
17.2269,0
3.60688,2
7.47143,2
3.7385,1
4.32084,1
6.7784,0
5.42792,0
7.4525,0
10.4219,0
9.45306,0
7.63847,5
5.87665,0
1.7356,3
10.3886,2
10.2073,1
5.73956,3
3.88047,2
5.77822,4
6.44874,2
5.22574,0
7.89102,1
7.40347,0
7.74024,1
5.90818,2
7.33141,3
15.9382,1
4.78458,1
2.94328,1
10.0951,1
10.9909,1
6.9918,3
4.82541,0
7.30967,0
4.44621,1
5.47391,0
3.46753,2
3.06529,1
3.66458,0
4.7677,0
11.638,1
14.167,1
6.90014,0
8.64675,2
7.78952,1
7.79132,1
4.9144,0
2.93662,1
6.72997,1
4.70417,3
5.80337,0
6.22783,1
9.36299,2
5.66532,4
6.95645,2
7.03385,1
2.98299,3
3.59609,1
2.23986,3
8.07598,1
8.64324,1
5.36803,2
9.46928,0
11.5985,1
3.86946,1
4.62808,1
6.56186,1
3.52405,2
9.14868,2
3.47211,1
5.00929,0
2.45236,3
2.39674,1
5.16951,1
9.08961,3
8.29495,3
3.1967,0
2.35061,1
16.4323,1
3.7893,0
3.10134,3
4.62372,1
6.20786,2
10.0868,2
3.83303,0
4.54483,2
8.43124,0
9.22463,1
11.4666,1
7.19514,1
4.2391,1
17.2198,0
4.25153,0
5.39264,2
6.48361,1
6.09543,0
8.2755,1
3.65975,1
11.6721,2
7.43829,0
2.26441,0
3.96067,0
9.66642,2
1.96808,1
4.26858,2
2.37117,1
5.07396,0
2.53211,2
4.36781,2
2.96447,1
3.28719,1
9.87175,3
6.94055,0
4.03771,0
6.07742,5
4.79181,1
8.70918,1
2.98518,0
3.45483,2
9.89617,0
4.0785,1
5.3802,2
16.2462,2
4.70416,1
3.78574,0
2.99595,1
10.0633,2
8.61372,0
4.63129,2
3.96219,1
7.21196,1
4.2797,1
8.22084,1
4.50383,0
4.26058,0
8.08768,0
14.4119,1
3.42223,3
1.51807,1
6.3535,0
3.81384,0
4.54176,2
3.42739,0
9.91604,0
4.2574,1
4.59834,1
15.7195,0
5.68197,2
7.69234,3
4.22327,1
7.58255,2
5.76572,0
4.36218,1
5.21187,0
10.3143,1
13.0298,2
4.74534,0
3.67777,1
11.7736,2
9.48012,1
4.26628,0
3.13821,3
4.37209,3
3.9502,0
6.29594,0
3.52813,1
5.4687,1
8.17972,0
2.90079,1
4.51494,0
3.67695,2
14.0901,2
4.00487,3
3.81822,0
16.7069,0
2.38737,1
9.48069,2
5.42513,1
9.18591,2
2.41712,3
6.08519,0
3.29033,3
6.91442,1
7.55007,1
3.20107,2
5.6695,2
6.55467,0
12.1757,1
3.19927,1
3.92666,1
5.75376,2
3.59793,2
6.25793,2
2.348,3
5.90224,2
6.57019,2
7.83797,1
9.33135,1
4.63881,0
4.72095,0
3.73147,0
4.40588,1
6.29157,0
12.8464,2
3.43971,2
4.79578,0
3.74982,2
11.5576,0
3.83229,3
5.30943,0
3.74047,1
15.3019,1
6.05774,1
8.78326,1
4.67567,4
6.14744,0
4.43713,0
3.51468,0
2.25944,0
3.24697,1
3.64583,0
6.36822,2
6.05117,0
3.50468,0
22.9508,2
5.11636,0
20.0246,0
4.64322,1
10.5464,0
6.63364,1
4.16969,1
13.7782,1
12.8084,2
14.1045,1
5.64993,2
2.97117,1
3.54181,2
5.69898,3
8.20837,0
7.06998,2
8.75713,0
9.20577,0
11.9805,1
3.00389,0
3.81461,3
6.89972,1
6.77551,2
7.50728,1
5.59962,1
8.40076,1
15.0641,1
4.00102,2
7.5195,2
25.7194,2
8.53804,0
3.38437,0
9.26033,2
7.12378,2
4.65714,1
6.33691,3
3.95466,1
3.93277,1
5.90165,1
2.66865,0
5.33047,3
7.4618,1
6.54449,2
6.99639,1
5.29691,4
4.08708,0
4.26797,0
7.4839,0
12.2356,1
4.65822,2
10.2727,1
5.46547,0
10.2803,3
11.2311,2
6.89544,1
4.82751,1
17.1408,1
7.77511,1
3.542,3
5.67156,2
6.14105,0
5.19414,0
13.8683,2
3.86526,0
9.56931,2
5.14442,1
4.73412,2
9.50594,1
4.62569,3
8.68663,0
8.64906,0
2.91599,4
5.1732,0
3.63248,0
3.88535,2
12.0982,1
6.15816,2
3.94438,2
11.6962,0
5.57937,1
7.61421,0
5.70313,0
9.43529,0
4.01072,0
8.20644,1
6.42358,2
9.62128,2
6.83844,1
4.51442,0
9.24554,1
5.28022,0
5.46142,1
9.64964,1
7.22609,6
7.74639,1
4.53925,0
7.39472,3
4.7045,0
5.41329,2
3.92061,2
8.48812,3
5.1027,0
3.32271,4
3.33125,3
12.3878,2
13.0486,2
6.63534,0
11.5781,2
7.36031,2
18.4184,0
4.76612,2
4.39063,2
7.26323,3
10.231,1
4.03017,0
8.0518,0
5.93586,1
5.65485,0
7.68406,4
8.25039,0
14.8193,1
7.05387,1
6.75346,0
6.52376,0
6.31658,2
8.76758,3
2.83311,3
9.82405,2
6.11708,1
6.81516,0
2.39541,3
2.04009,4
10.5395,0
3.40714,2
10.7283,1
3.38759,0
4.01757,2
4.74574,3
8.55142,0
7.85638,1
3.38073,2
13.1469,0
4.65524,0
4.35966,1
5.09737,0
11.0236,2
9.06056,3
4.50648,1
2.96529,1
15.7371,0
8.61343,3
8.44234,3
4.7768,3
12.6074,0
7.49964,2
9.53848,1
2.86613,1
3.56451,2
7.8333,2
10.5839,0
3.13385,2
4.90707,2
11.8274,1
7.31215,1
5.3082,0
11.8279,3
19.676,1
5.72173,2
6.7641,0
4.56319,1
4.81599,1
2.50178,1
3.86302,0
5.64907,0
12.5822,2
3.66971,1
6.0694,1
3.25531,1
2.70761,1
5.72025,2
5.94061,2
3.94804,2
7.09288,0
3.27383,0
13.2447,0
2.6711,0
6.4087,0
3.32059,2
3.40978,1
5.82422,2
11.9835,1
3.4405,2
8.94214,1
5.08694,0
4.56421,0
10.099,2
4.93501,1
5.26196,0
6.25073,1
5.80531,1
4.59953,1
7.0103,2
8.92148,1
3.23429,0
5.46721,1
4.27888,0
8.4162,3
8.90417,2
3.31191,0
6.49511,1
2.66075,0
6.45519,0
4.27202,1
3.01217,0
6.88552,5
4.23153,0
2.8922,1
7.16007,2
5.48084,0
7.00311,0
6.74246,2
4.49246,1
4.29655,0
3.04641,0
7.91425,2
5.91728,0
7.07359,1
7.1679,1
3.94161,2
4.13497,3
8.81208,2
8.17349,1
7.05509,1
6.23986,4
4.47744,0
5.85687,3
2.45322,0
5.93557,2
3.4957,1
4.11652,1
4.57795,1
3.34377,1
8.29322,2
2.95132,1
3.4597,2
5.9074,2
14.6869,3
7.60668,0
4.97017,0
6.71583,1
5.26602,0
3.46485,2
11.399,2
5.16034,2
10.6852,1
5.0988,0
9.35144,1
8.47715,2
3.83197,2
12.6888,4
6.21609,1
9.35762,1
5.32587,1
1.69708,2
5.70132,3
13.7745,3
4.1547,2
3.73745,2
3.44788,2
5.36569,2
8.51393,0
5.02436,1
6.24899,2
6.40388,0
5.39312,1
5.06972,2
7.83073,1
4.20647,0
12.2191,0
7.95979,1
13.0371,2
3.90665,0
7.21008,1
5.24495,1
4.76646,2
5.18476,2
1.90467,2
1.93953,1
9.49899,1
7.5135,3
5.70409,1
11.1327,1
3.43541,0
4.47292,2
5.89047,1
5.28999,1
3.76352,2
15.047,1
6.19854,3
6.04351,1
12.1851,2
3.33327,3
6.38376,1
12.6673,0
7.77578,1
15.996,1
5.05876,3
8.0078,0
12.3153,2
7.24144,0
11.1455,0
8.17042,1
4.56985,3
9.08979,1
4.44297,0
5.83455,3
4.38945,0
5.50596,1
4.77613,0
2.62047,0
10.8636,3
4.1733,4
6.46682,0
10.9844,1
12.4186,0
5.46737,2
6.00193,0
5.96758,0
14.2867,0
10.057,1
6.69455,2
9.90663,3
8.65748,0
5.79922,1
12.1182,1
5.76178,1
11.4941,0
6.69649,1
9.37847,1
27.4842,2
3.65469,1
14.9604,1
2.05234,1
3.03947,0
14.4084,0
5.18679,0
3.03107,3
3.86378,1
9.23996,1
12.1297,2
4.96477,1
6.33053,1
8.34104,2
13.7004,1
6.12096,0
6.60055,2
2.94351,1
6.71683,2
8.8606,1
4.63422,2
4.40518,2
6.43453,2
12.7259,0
4.15435,1
7.31385,1
6.23056,0
5.24712,0
3.18554,0
3.05524,1
6.0992,3
4.60627,3
5.4645,4
3.42967,1
7.18865,1
8.59655,1
9.86306,1
4.10637,0
15.4543,0
4.93537,0
7.82472,2
7.11601,0
6.10696,1
7.94897,0
9.94142,1
9.14322,4
2.69157,2
8.19798,4
6.37731,1
13.2623,3
6.07809,1
7.18012,1
9.34088,1
6.56215,1
4.38456,0
5.29497,3
2.84822,0
15.6898,0
3.09795,1
6.52817,2
5.47929,2
5.71661,1
5.13484,1
4.49234,0
3.23707,0
3.7745,1
4.14668,1
1.61537,1
12.3323,1
16.5086,1
10.0214,2
2.88658,1
16.498,0
3.4691,1
6.70616,2
6.48944,1
3.17219,1
6.22917,1
3.61142,3
5.40761,0
8.40677,1
8.06268,1
7.55067,2
5.36249,2
6.23449,0
4.79325,1
3.38339,0
4.53653,1
7.81536,1
3.64695,2
11.9694,3
7.73987,0
6.99397,1
9.2314,3
4.21429,1
14.0682,2
14.0733,2
7.0214,2
6.37998,0
3.55989,1
4.35866,4
5.41736,0
9.69091,3
4.05299,0
3.76498,1
8.00444,1
6.07131,0
3.0775,0
6.96014,1
5.74573,3
7.50195,2
5.20246,1
3.01642,1
15.0185,0
5.79669,1
6.92937,3
4.13176,1
3.62407,0
5.96261,0
2.63185,3
2.47857,0
4.04549,1
4.46874,0
4.23458,2
7.64185,1
7.11834,2
4.70408,0
3.3793,2
4.71983,2
4.12357,0
10.4054,0
3.11109,3
5.46243,1
5.50963,2
8.06199,1
6.81411,0
5.48472,3
9.69309,1
8.81554,2
5.14392,2
15.8677,0
4.72408,2
6.33187,2
7.29102,2
7.36673,1
5.42896,1
3.70582,1
8.07066,0
17.0034,1
8.40394,0
5.76375,2
10.9027,1
5.259,1
3.6225,2
5.0431,0
4.00573,1
7.09107,1
2.08226,0
9.84163,1
6.72254,1
5.53974,5
8.01675,2
8.10508,1
5.39757,1
7.37749,0
7.87419,2
5.73574,1
8.40126,2
11.0624,2
6.04758,3
7.91013,1
4.08806,0
4.52192,1
11.3042,0
4.5161,2
5.72192,1
10.3338,1
8.19322,1
2.98045,2
5.80764,2
5.87251,1
7.98399,1
9.53495,0
5.30296,0
6.15367,0
8.36343,2
3.36977,2
8.69588,2
7.89986,1
4.03366,2
11.4839,6
10.3573,1
4.06359,3
9.85958,1
2.9543,0
11.0423,1
7.68207,1
6.56528,0
10.8034,0
6.80794,1
7.15056,2
8.28873,0
6.76284,2
4.67788,1
7.80704,2
4.80806,2
5.536,2
11.5487,2
5.16766,3
8.6181,0
7.50122,3
6.26526,1
4.21436,3
4.60371,2
3.64899,3
4.1023,0
14.4898,1
8.24736,2
3.73077,0
5.09969,4
6.24188,2
8.4128,1
8.55692,0
4.01447,1
7.39395,2
7.33732,4
8.1403,1
3.06184,1
6.64875,1
3.27846,1
3.60534,0
3.97123,4
3.98902,2
5.92969,4
2.29332,2
8.8014,1
11.4479,3
4.07801,1
6.62901,1
4.69686,1
17.5715,1
3.92494,3
4.73319,1
10.552,2
4.03457,1
4.68565,1
5.91049,2
7.12567,2
7.45351,2
8.9849,1
3.94913,1
1.8832,0
3.72965,1
8.63904,2
4.98173,0
2.98574,0
3.71047,0
12.8173,2
7.29436,0
3.57145,0
9.21544,1
5.33927,1
6.60933,0
4.66095,0
4.4741,1
2.47695,1
5.98239,1
3.79775,0
7.58784,1
8.34745,0
3.58094,2
8.53616,3
5.83338,1
2.74808,0
5.27811,1
2.7557,1
6.499,1
15.1265,1
13.4953,1
3.4712,2
6.54885,2
5.83978,2
4.24183,0
2.85403,2
10.7582,3
4.45563,0
5.55842,1
2.44058,1
6.59089,0
8.12074,2
9.37005,0
3.4986,0
12.7956,1
5.14761,0
4.15276,2
9.23538,2
2.46571,1
12.7755,1
5.34869,1
15.5137,2
1.71551,2
5.46597,1
4.0381,2
6.48736,2
4.71805,1
5.99243,1
3.04822,1
5.58171,1
4.01245,0
13.8105,4
9.42463,2
6.0719,0
14.5686,2
7.46376,1
5.94096,3
8.64128,1
2.63393,1
4.64416,0
12.7789,1
7.63598,2
9.22277,1
9.28815,0
9.42418,1
3.34226,2
4.41705,2
7.28717,0
4.48792,0
7.32917,1
6.36724,0
8.58262,0
6.07573,1
9.3063,0
8.16488,1
3.20358,1
3.36197,1
7.85668,3
4.35641,1
4.66318,3
6.28882,0
2.39094,4
5.14251,1
12.515,1
9.66147,1
5.79559,1
2.68626,1
6.81778,1
10.0545,2
5.99643,2
7.19121,2
9.20429,1
4.4803,0
6.0855,1
6.2105,2
9.95265,0
9.28823,0
12.037,1
7.50659,2
6.97837,2
4.15274,0
9.67046,1
8.87413,2
10.3187,5
12.3651,1
6.36627,1
3.82071,0
10.5627,3
4.80074,2
6.10556,1
3.00936,1
7.46404,0
