0.366986
0.497648
0.563507
0.371312
0.546595
0.372904
0.47225
0.524652
0.515396
0.376134
0.564661
0.499563
1.96185
0.92497
0.541591
1.30264
0.720708
0.398566
0.600968
0.674182
0.491574
1.42715
0.302233
0.317676
0.443471
0.469176
0.904071
0.391562
0.440315
0.560383
0.492225
1.12113
0.389307
0.443795
1.60997
1.03824
0.9293
0.399035
0.442449
0.555502
0.580999
1.2377
0.424863
0.392741
0.424832
0.331836
0.476647
1.52995
0.645247
0.353475
0.859178
0.531565
1.00276
0.410762
0.394693
0.448991
0.455311
0.716122
0.584452
0.828854
0.70523
1.0128
0.35583
1.02586
0.512001
0.451817
0.484744
0.45222
0.540328
0.442796
0.418099
0.439473
0.529979
0.392278
1.56619
0.476163
1.31338
0.610923
0.606139
0.419679
0.45142
0.83458
1.1222
0.738929
0.677349
0.616047
0.45439
1.25389
0.319557
0.288427
0.473384
0.386898
0.72804
0.636283
0.795679
0.432162
0.628157
0.363984
0.702858
0.52863
1.57177
0.6108
0.549638
0.458245
0.490557
0.514249
0.447862
0.535077
0.807605
0.623619
0.386254
0.51166
0.51169
0.538192
0.819478
0.418347
0.539237
0.47145
0.908076
0.709053
2.10811
0.470735
0.384211
0.693543
1.85526
0.851677
0.515274
1.03884
0.629233
0.997996
0.615673
0.676782
0.537666
0.302096
0.977526
0.434627
0.724775
1.11152
1.13436
0.6171
0.439997
0.67863
1.25764
1.00025
0.520748
0.793111
0.394515
0.538484
0.626986
0.446817
1.36483
1.47014
0.509941
0.318744
1.17453
0.693501
0.779092
0.474399
1.27018
1.28306
0.409812
0.411532
0.428243
1.66885
0.412004
0.330377
0.797614
0.6533
0.963682
0.630306
0.638806
1.44163
1.05859
0.512632
1.21773
0.497313
0.967232
0.466247
0.875318
0.647506
0.34205
0.41116
0.406402
1.49396
0.399502
1.27342
0.497246
0.592927
1.05341
0.648534
0.337841
0.439117
0.328239
0.579076
0.747565
0.344735
0.551893
0.561268
0.586995
0.759993
0.53537
1.17782
0.418719
0.546731
0.716279
0.834363
0.383837
0.408406
1.33181
0.562985
0.421542
0.429865
0.347179
0.338563
0.95537
0.539388
1.4402
0.861559
0.450423
0.563134
0.885789
0.615157
1.02947
1.11677
0.505925
0.941011
1.26403
0.521374
0.547714
2.86162
0.391706
0.843817
0.580616
0.636544
0.363598
0.635156
0.453796
0.463623
0.456587
0.484038
0.572116
0.484269
0.449332
1.72684
0.484242
0.3914
0.623159
0.619144
0.715196
0.617256
0.77009
0.477276
0.695936
0.377688
0.988648
0.476318
0.552466
0.592728
0.928842
0.69304
0.559896
1.12584
0.498699
0.463479
0.514189
0.357336
0.535307
0.439868
0.478247
0.344678
0.456268
0.641743
0.797861
1.86812
0.787453
0.347081
1.29854
0.712969
0.357034
0.528837
1.75861
0.769929
0.349096
0.821109
1.07174
0.513737
0.467597
0.644195
0.791279
1.56409
0.394085
0.560681
0.746708
0.793695
0.790881
0.629878
0.570945
0.498678
0.433904
0.491552
0.511102
0.451006
0.749796
1.8588
0.721395
0.366348
0.533371
0.413232
0.40225
0.492387
1.8799
0.492214
0.697723
0.576078
0.816068
0.393161
0.585879
0.45391
2.00084
0.759124
0.910701
0.310175
0.409417
1.6327
0.443783
0.403142
0.69852
0.560518
0.688057
0.558454
0.470069
0.508959
0.618541
0.890336
0.716388
0.474639
0.438874
0.452195
0.734206
0.941389
0.796386
0.60046
0.523851
0.496559
0.555098
0.66259
1.11411
0.408971
0.332286
0.515043
0.994853
0.404618
0.451475
0.466224
0.579368
0.73712
0.539779
0.416848
0.447484
0.408306
0.670266
0.666276
0.447619
0.484504
0.381723
0.40085
0.498926
0.443378
0.627491
0.541579
0.37706
0.456471
0.410689
0.47696
0.39116
0.404707
0.486635
0.854863
0.473192
0.477208
0.36703
0.347928
0.848052
0.393712
1.02658
1.03878
1.73437
0.818993
0.444717
0.67454
0.474225
0.926632
0.425649
0.834272
0.309431
0.492995
0.497894
0.579326
0.361143
0.475581
0.458186
0.479412
0.458517
0.410291
0.666239
0.443451
0.365034
0.618395
0.619231
2.51351
1.54902
0.479945
0.970072
0.411568
0.438605
0.708188
0.691951
0.444984
0.351299
0.494918
0.753034
1.40237
1.08536
0.865281
2.56071
0.626179
0.373891
0.389653
0.427555
0.534397
0.519648
1.64275
0.344286
2.2603
0.67806
0.758905
0.609994
0.593594
0.64605
1.03772
0.509675
0.825793
0.406599
0.527854
0.372288
0.589756
1.25734
0.864187
1.20447
1.21193
0.786967
0.734797
0.40106
1.04969
0.421339
0.497737
0.474503
0.441545
0.624028
0.492658
0.33542
0.502196
1.24846
0.551707
0.373174
0.328697
0.554293
0.346914
0.504382
0.477029
0.548683
0.534878
0.50066
0.676639
0.569686
0.580542
1.09307
0.772277
0.519046
0.315646
0.51199
0.42934
1.48452
1.55871
1.14215
0.337541
0.623572
0.610077
0.432938
0.933741
0.735675
1.07448
0.446554
1.46038
0.584888
0.565867
0.407049
0.453654
1.09489
0.962219
0.473598
0.489587
0.698774
1.1544
1.42233
1.45431
0.397798
0.92386
1.62292
0.392582
0.478572
0.524824
0.597101
0.453033
0.434549
0.518985
0.382458
0.445255
0.452791
0.366687
0.368037
0.529232
0.589896
0.374048
1.02557
0.503528
0.369524
0.774046
0.659385
0.553423
0.512821
0.569117
0.492486
1.74131
0.342185
0.445405
0.371433
0.458462
0.460178
0.379897
0.599636
1.62668
0.81882
1.19163
0.510139
0.69768
0.354722
0.343154
0.892921
0.362165
0.550731
0.445901
0.352127
0.718614
0.754669
0.333323
0.908845
0.384733
0.903142
0.883627
1.00223
0.511288
0.970051
0.648459
0.615658
0.540102
0.806126
0.680233
0.57758
0.354794
0.404784
1.07536
0.587403
0.610397
0.675228
0.400709
0.363045
0.638759
0.506159
0.286114
0.74334
0.331751
0.332289
0.626822
0.479635
0.575829
0.491957
0.299024
2.77784
0.708748
0.57128
0.801565
0.537683
0.62624
0.866167
0.588666
1.25799
0.738892
0.5946
0.478494
0.674116
1.39655
0.557374
0.344461
0.556487
1.8683
0.495395
0.757914
0.495297
0.594661
0.566446
0.399184
0.36125
0.882093
0.297645
0.525615
0.539387
0.766024
0.583523
0.46416
0.956187
0.523494
0.45625
0.728153
0.416132
1.05151
1.55784
0.451324
0.374942
0.662442
1.08673
0.607025
1.37042
0.674597
0.691025
0.553026
0.573106
0.505207
0.635187
0.409769
1.16862
0.522544
0.445262
0.471102
0.502492
1.17513
0.353573
0.521084
0.553618
0.545111
0.691864
0.424565
0.427848
0.527413
0.440142
1.4789
0.718493
1.02498
0.750504
1.34733
0.37197
0.809437
0.671378
0.656139
2.26363
1.63517
0.446755
1.49548
0.481125
0.431404
0.405452
0.382037
0.445076
0.607297
0.538013
0.330004
0.761863
0.616021
0.54866
0.39097
0.522964
0.858033
0.432034
0.453321
0.429162
0.72325
0.724187
0.524337
0.494257
0.429204
0.744179
0.610095
0.431223
0.682346
0.431048
1.08137
0.435471
0.633535
1.60394
0.619514
0.386155
0.968807
0.557125
0.410258
0.667757
0.356319
0.41746
0.525587
1.15494
0.547139
0.640597
0.454319
0.868016
0.399264
0.38557
1.56907
0.581876
0.905106
0.293956
0.459369
1.30874
0.483685
0.464474
0.835749
0.462933
0.515902
0.407546
0.494391
0.496762
0.489869
1.16879
0.325855
1.02302
0.580025
0.494196
0.447133
0.808594
0.409595
0.544825
0.387589
0.72178
0.837506
0.378734
0.487615
0.632938
0.316301
0.370447
0.96465
0.506402
0.548614
0.352641
0.48734
0.928125
1.72564
1.53863
0.481985
0.626607
1.39807
0.554815
0.445497
0.892684
0.513075
0.62201
0.550659
1.574
0.451482
0.489728
0.378856
1.16185
0.47148
0.294704
0.416283
0.438034
0.535962
0.690221
1.42578
1.08664
0.454116
0.868033
0.467749
1.5061
0.401464
0.522247
0.40625
0.800143
0.863118
0.493876
1.00756
0.693498
0.632871
0.801236
0.543465
0.574388
0.442968
1.06271
0.656012
0.539108
1.06914
0.971821
0.494086
0.462223
3.13139
1.90507
0.387856
0.615157
0.64001
0.424285
0.574514
0.946205
0.380555
0.69821
2.15643
0.420039
0.307561
1.41464
0.744962
0.728188
1.29836
0.394993
0.494794
1.30012
0.657141
0.573596
0.528787
0.67573
0.394031
0.433768
1.92525
0.500257
0.414517
0.457591
0.545746
0.575122
0.434118
0.648604
0.575916
1.17753
0.996668
0.533257
0.65243
0.685998
0.744729
1.0201
0.582329
0.669084
0.36221
0.464346
0.778941
0.412252
0.442798
1.07726
0.56306
0.806987
0.504532
0.508371
0.642338
0.54107
0.745021
0.438092
0.546578
0.716477
0.476107
0.385319
0.4578
0.462811
0.530615
0.522579
0.847654
0.543194
0.827903
0.484975
1.01621
0.438763
0.551135
0.711216
0.924391
0.380761
0.763322
0.459237
0.389643
0.736336
0.433689
0.392125
0.40425
0.506557
0.318629
0.648714
0.645932
0.510339
0.426759
0.435152
0.4863
0.895684
0.593977
0.796573
0.45671
0.744358
0.900053
0.554343
0.990058
1.94356
0.832666
0.782337
1.41737
0.519704
0.395274
0.712827
0.63834
0.495482
0.509074
0.371518
0.443055
0.511529
1.00155
0.892048
0.356937
1.0919
0.378919
0.322873
0.510057
0.533139
1.07327
0.620406
0.75129
0.595284
0.563498
0.453304
0.640439
0.730298
0.573506
0.668987
0.392378
0.583992
0.466772
0.561687
0.624597
0.637903
0.532276
0.713621
0.378551
0.479505
0.657625
0.898912
0.98365
0.964402
0.290891
0.569584
0.401093
1.15298
0.496833
0.492453
0.383376
0.468695
0.941864
1.81305
0.484119
0.51929
0.526841
0.7824
0.411332
0.315374
0.533109
2.05295
0.503344
0.582544
1.22296
0.574685
2.0568
0.639751
0.411863
0.994591
0.359866
0.414164
0.545859
0.960694
0.437655
0.495955
0.688825
0.413566
0.424183
0.468303
0.299246
0.494264
0.895134
0.509192
0.559777
0.584605
0.412607
0.564109
0.749726
0.837586
0.345324
0.438136
0.780921
0.509949
0.526638
0.237325
0.698636
0.270115
0.607009
0.453358
0.696624
1.06977
0.397048
0.707248
0.463943
0.959379
0.575933
1.79896
0.551187
0.321538
0.381139
0.494538
1.26168
1.03691
0.646041
0.846894
0.828157
0.709033
0.65731
0.79555
0.4392
0.69361
0.436937
0.593585
0.543493
1.24585
0.846219
0.9564
0.326717
0.411144
0.652763
0.442786
1.44368
0.337047
0.449856
0.924719
0.56591
0.891198
1.49973
1.05342
0.484068
0.301896
0.283799
0.569516
0.763106
1.52676
0.428146
0.514672
0.362653
0.48998
1.36602
1.51499
0.551973
0.396657
0.486622
0.472608
0.416261
0.440593
0.35954
1.59547
0.997086
0.504931
0.706276
0.471894
1.16877
0.469454
0.37739
0.590146
0.897547
0.58353
0.55677
0.344167
0.305504
0.485241
0.401093
0.522356
0.593437
0.362558
1.22016
1.00452
0.973982
0.307373
0.340811
0.365646
0.501164
0.398688
0.465798
0.448471
0.469775
0.467887
0.424156
1.08732
0.677435
0.617147
0.379787
0.833183
0.788984
0.852452
0.61153
0.595575
0.664904
0.614431
1.30648
0.900675
0.443091
0.733797
0.314885
0.333274
1.49367
0.529497
0.370273
1.21209
0.604663
1.03999
0.546762
0.880068
2.55559
0.806278
0.524118
0.604646
0.478871
0.591601
0.593003
0.482707
0.641792
0.5939
0.643317
0.395423
0.577748
0.59306
0.580449
0.590786
0.723084
1.06239
0.493944
0.763263
0.664578
0.602455
0.864883
0.386189
0.361803
0.332706
0.985677
0.65949
0.669603
0.324283
0.47889
0.603458
1.38674
0.970201
0.551605
0.801045
0.421041
0.449889
0.791367
0.438568
0.723567
1.34071
1.07985
0.453676
0.830822
0.750855
0.347067
0.387319
0.445833
0.478878
0.331632
0.468325
0.668731
0.540528
0.634174
0.759685
0.451667
0.813436
0.479407
1.0412
0.53515
0.451022
0.354222
0.820952
0.760647
0.91979
0.524262
1.35893
0.447908
0.589103
0.43879
0.665292
1.40287
1.21369
0.435109
0.607775
0.465873
0.920073
0.343203
1.03955
0.413587
0.774054
0.530489
0.564063
0.826303
0.707497
1.16343
0.966823
0.582399
0.380491
0.441999
0.438773
0.87429
0.373288
0.415339
0.584249
0.488035
0.695507
0.500111
0.700285
0.622344
0.329679
0.656509
0.48272
0.290749
0.334539
0.45231
0.855051
0.401471
0.520963
0.401423
0.787331
1.30693
0.489516
0.644495
0.711785
0.384796
0.405721
0.64623
0.447665
0.557252
0.365006
0.596385
0.513092
0.566556
1.15782
1.49033
0.479707
0.453437
0.473816
0.435364
0.337071
0.334577
0.401635
1.02387
0.40847
0.832743
0.42919
0.491608
1.1875
0.594957
0.4292
0.536742
0.500698
1.56054
0.872717
0.699189
0.376601
0.613059
0.559414
0.675478
0.565883
0.81102
1.01141
0.491508
0.475493
1.21088
0.581396
0.558362
0.760865
0.461116
0.453419
0.441434
0.491141
0.619753
0.527816
0.414877
0.777403
0.658875
2.08144
0.373103
0.600824
0.302684
0.672964
0.415954
1.24486
1.24942
0.53737
0.625297
0.534605
0.747326
0.834536
0.276101
0.352678
0.604764
0.454987
0.61338
0.532372
0.352817
0.575863
0.49065
0.76895
0.467406
0.748697
0.603647
0.918866
0.89193
0.422237
0.433312
0.416761
0.419436
0.49841
0.942164
0.591044
0.430868
0.520479
0.4421
0.845695
0.40856
1.1145
0.43515
0.411744
0.728136
0.46406
0.471079
0.356799
0.459185
0.598401
0.605033
0.880205
0.344742
0.836681
0.322628
0.605258
0.853485
0.358245
0.518321
0.297272
0.723455
0.298789
0.562789
0.681549
0.586199
0.39783
0.443304
0.640184
0.414988
0.388267
0.448503
2.12251
1.03957
0.448679
0.309049
0.517355
0.328074
0.897353
0.405977
0.676778
0.447235
0.866284
1.02209
0.428593
0.610564
0.982718
0.390179
1.32223
0.628898
0.533975
0.614131
0.506265
0.412259
0.467224
0.702026
0.460227
0.537983
2.47238
0.900213
0.602836
0.358876
0.838444
0.553602
0.798202
0.39257
0.516723
0.676361
0.865084
1.0812
0.432295
0.378217
1.0852
0.60146
0.566955
0.714406
0.872748
0.528359
0.512054
0.686277
0.542628
1.4141
0.547541
0.422717
0.442255
1.27729
0.756971
0.600024
0.437566
0.427716
0.475629
0.405768
0.82468
0.517641
0.635811
0.55531
0.864115
0.917107
1.23599
0.608796
1.62749
0.516742
0.612627
0.692056
0.915344
0.542475
1.0191
0.610749
0.625765
1.87982
0.553084
0.524591
0.520113
0.466976
2.58743
0.684954
0.469051
1.61324
1.12621
0.470502
0.378947
2.04629
0.564212
0.444465
0.566727
0.357851
0.358802
0.501551
1.18522
0.481922
1.37675
0.354045
0.366275
0.54209
0.351655
0.476656
0.555485
1.99348
0.537176
0.448828
0.453446
0.968975
1.40755
0.435339
0.384398
1.08247
0.421592
0.502463
0.379816
0.723744
0.397069
1.82288
0.399548
0.332977
0.712389
0.308327
0.410034
0.969784
0.491729
0.448324
0.61371
0.457435
0.401297
0.701941
1.00208
0.787007
1.05978
0.387995
0.330626
0.731686
0.51836
1.44385
0.494012
0.934039
0.854498
0.509872
0.427096
0.436849
0.737639
0.569017
0.63863
1.21489
0.488193
0.707198
0.617821
0.507908
0.463513
0.467127
0.721594
0.438131
0.602692
0.427871
0.626217
0.718287
0.370289
0.478043
0.724353
0.547611
0.803844
0.562033
0.902619
0.405159
0.861052
0.537612
0.516117
0.982589
0.432398
0.48177
2.39473
0.697704
0.350519
0.643257
0.46248
0.745697
0.45224
0.991392
1.26901
0.416887
0.561522
1.67613
0.425743
0.468282
0.792245
1.01441
0.392686
0.590386
0.494546
0.401457
0.620487
0.480989
2.10684
0.603448
0.481798
0.900532
0.646286
1.11417
1.10764
0.48331
0.991441
1.55786
1.09378
0.448009
0.412873
0.548935
0.502645
0.490439
1.24442
0.483588
0.441685
0.639753
0.336703
0.511575
0.427062
0.659747
0.503648
0.595393
1.12562
1.07136
0.647818
0.587628
0.441273
0.425265
0.841511
1.61647
1.14336
0.358279
0.615951
0.389687
0.868549
0.318125
0.779655
0.649429
0.742424
0.413427
0.408076
0.527128
0.461771
0.51402
0.585561
0.421437
0.598048
0.480227
1.33261
0.374699
0.448318
0.841613
1.88913
0.693394
0.860526
0.459771
0.488262
1.45225
0.670073
0.476211
0.4424
0.520413
0.755734
0.497334
0.443531
0.528858
0.588464
0.440486
0.513941
0.712259
0.785352
0.432685
0.531036
0.380317
0.317833
0.471559
0.877119
0.42416
1.29648
1.22713
0.897903
0.467547
0.93165
0.622185
1.1635
0.587157
0.758418
0.57818
0.413191
0.930639
0.551566
0.510238
0.57558
1.03803
0.756478
0.400193
0.524502
0.574362
0.566636
0.416036
0.501145
0.804015
0.448446
0.930873
0.430517
0.320045
0.391031
1.06478
0.401805
0.375198
0.531739
0.368278
0.763873
0.46474
1.50017
0.336511
0.616909
0.813023
0.468387
0.5141
1.18439
0.37837
1.6394
0.583254
0.33444
0.549176
0.501218
0.546018
0.568436
1.19138
0.514388
1.58783
0.38482
0.329714
1.89604
0.436816
0.600947
0.685563
0.481487
0.401525
0.498319
0.635963
0.469338
0.627639
0.802617
1.02935
0.470893
0.456576
0.457916
0.347132
0.472895
0.621114
0.567036
0.924335
0.446258
0.396124
0.463002
0.392821
0.530052
0.581325
0.458722
0.748456
0.521562
0.606175
0.733235
0.312775
0.681448
0.691424
1.26481
0.533239
0.385724
0.689292
0.519898
0.557137
0.583526
0.45177
0.338898
0.543398
0.671736
0.600879
0.428415
0.480788
0.549858
0.90743
1.26488
0.339901
0.503389
0.38622
0.595751
0.558831
0.584276
0.643988
0.390774
0.546034
0.504476
1.04355
0.355309
1.13467
0.383711
0.559338
0.563779
0.436421
0.625699
0.421562
0.472783
0.466161
0.303548
0.292353
0.514529
0.663372
0.467178
1.10709
0.658337
0.83715
0.424057
0.558441
0.736697
0.311738
0.649424
0.364394
0.567255
0.542806
0.434668
0.681331
0.439787
0.509615
0.704069
0.608986
0.393223
1.06763
0.339807
0.337078
1.19476
0.666897
0.481482
0.53952
0.396098
0.387982
0.55421
0.534943
0.554228
0.639996
0.462958
0.539967
0.577701
0.544214
0.691195
0.413819
1.10166
0.393537
0.465692
0.386564
0.608025
0.839335
0.791633
0.736827
0.386906
0.764089
0.369232
0.7847
0.330952
0.594502
0.479997
0.933929
0.410919
0.460559
1.09194
0.846921
0.365587
0.691995
0.37832
0.669049
0.42031
1.09441
0.623348
0.583297
1.14008
0.540869
0.448302
0.570114
0.665444
0.624142
1.23122
0.356614
0.301482
0.38096
0.411372
0.534903
0.761545
0.497584
0.445681
0.4341
0.432723
0.480597
0.592335
0.487391
0.312847
0.362578
0.554698
0.693439
0.837738
0.396163
0.572397
0.464068
0.819601
0.662504
1.14077
0.398737
0.481445
0.599148
1.01319
0.73663
0.575142
1.1725
1.15834
1.67968
0.527689
0.428517
0.927556
1.13593
0.551143
0.602228
0.548682
1.01866
0.3957
0.466792
0.452459
0.532324
0.765399
0.370386
0.404762
0.370131
0.890805
0.731865
0.656831
0.526951
0.604417
0.524837
0.540485
0.61773
0.41534
0.417432
1.28183
0.656147
0.564553
1.23026
0.460539
0.580935
0.585178
1.37985
2.51312
0.72341
0.453175
0.58185
0.488423
0.659516
0.602138
0.404713
0.627846
0.689945
0.510063
0.492225
0.405587
0.411227
0.767339
0.506634
0.436539
0.506653
0.648906
0.669809
0.39663
0.494864
0.423299
0.882241
0.418047
0.416277
0.368536
0.409019
0.601993
0.575153
1.15844
0.409819
0.307829
0.485012
0.48727
0.573901
0.544746
0.375764
1.4956
0.472646
0.511622
0.640458
0.673577
0.560582
0.51223
0.454847
0.423512
0.561789
0.379908
0.94039
1.10434
0.931072
0.739456
0.454054
0.886484
1.64719
2.412
0.534886
0.594493
0.533676
0.456543
0.663989
0.518123
0.63431
0.42605
1.66977
0.796646
0.515309
0.474883
0.93514
0.455518
1.50742
0.27445
0.472879
0.970446
0.443658
0.620159
2.26752
0.566543
1.026
0.574653
0.439347
0.439971
0.867363
0.457422
0.435527
0.499788
0.422273
0.595248
0.553226
0.614767
1.71198
0.507519
0.531233
1.30078
1.48742
0.461815
0.514242
0.55066
0.439067
0.427677
0.458295
0.365142
0.532447
0.659603
0.562435
0.580132
0.794701
0.559478
0.451288
0.405981
0.730666
0.96643
0.40539
0.510601
0.460544
0.453221
0.314651
1.02778
0.898235
0.320331
1.00414
0.700422
2.06359
0.417711
1.37928
1.42019
0.453038
0.41528
0.889152
0.51839
0.398274
0.56169
0.510354
0.596411
0.498723
1.4704
0.560101
0.554727
0.405444
0.301927
0.447269
0.928262
0.748286
0.471336
0.597267
1.31872
0.455089
0.498121
0.727006
0.429684
0.410018
0.508505
0.415266
0.594913
0.925319
0.373055
1.09813
0.652622
0.54731
0.476712
0.394858
1.18197
0.528471
0.568617
0.475526
0.544179
0.486321
0.602771
1.00126
1.55322
0.39803
0.833852
0.321788
0.641525
0.354513
0.429905
0.945868
0.534967
0.540384
0.287308
0.421499
2.06068
0.625744
0.483975
0.604111
0.625382
0.576187
1.40136
0.342397
0.534301
0.504891
0.499538
0.497044
1.15943
0.847535
0.400602
0.36867
0.847475
0.802032
0.439944
0.453953
0.551833
0.500182
0.420873
0.583256
0.630024
1.17967
1.26425
0.614082
0.845641
0.428946
0.489944
0.743432
1.1155
0.380876
0.865881
0.400564
0.567813
0.732112
0.796872
0.659246
0.40053
0.477328
0.612216
0.435607
0.4672
0.500134
0.548669
1.29617
0.675178
1.39641
0.42379
0.453201
0.936651
0.914062
0.491815
0.675582
0.534317
0.435436
0.331999
1.44615
0.790727
0.606121
0.5724
0.435529
0.677292
0.614351
0.442452
0.548266
0.502074
0.521686
0.640328
0.409279
0.360492
0.470512
0.454665
0.410924
0.302628
0.459435
0.564477
0.761339
0.517404
0.703728
0.539022
0.546809
0.735502
1.16175
0.291325
0.562953
0.433321
0.396482
0.446206
1.14598
0.72908
0.473503
0.459608
0.81239
1.3574
0.819797
1.15932
0.862993
0.5414
0.849878
0.303183
1.1293
0.659887
0.895436
0.408027
0.863404
1.43454
1.00565
0.60243
0.496245
1.40596
0.421026
0.383448
1.33219
0.922021
1.3392
0.728311
0.50823
0.34235
1.00128
1.04587
0.825879
2.19213
0.611426
1.32884
0.469194
0.5944
0.583993
0.530962
0.73988
0.478336
0.959115
0.428189
0.538232
0.745281
0.670698
0.53511
1.54906
0.687654
0.920574
0.343598
0.912848
0.841356
0.482278
0.674094
0.374372
0.354557
0.735621
0.4
0.697376
0.775548
1.30243
0.368905
0.379242
0.879667
0.665346
0.923866
0.470187
0.951958
0.462896
0.561823
1.31859
1.12021
0.433149
0.853816
0.411046
1.73484
0.495174
0.478144
1.21667
0.365406
0.548704
0.583958
1.67669
0.380226
0.673737
0.493518
0.323867
0.427811
0.751679
1.30393
0.483012
0.917567
0.524124
0.915749
0.531722
1.8166
1.76649
0.297048
0.886186
0.653821
0.488326
1.12545
0.606221
0.400446
0.806605
0.538024
0.493418
0.570806
0.447692
0.997687
0.366326
0.951013
0.479483
1.03221
1.20962
3.51971
0.397499
0.79239
0.365436
0.512726
0.520453
0.672501
0.726698
0.380769
0.560465
0.952738
0.696928
0.667892
0.489791
0.469352
0.503302
0.469686
0.297919
0.457201
1.11583
0.519628
0.589054
0.41502
0.380855
0.482685
0.438334
0.424342
0.552595
0.90924
0.686675
1.08317
0.433245
0.335101
1.23303
0.559084
0.693284
0.347121
1.337
0.469272
0.479829
0.570559
0.440728
0.966346
0.849392
0.667303
0.523857
0.710198
0.411434
0.745107
0.437083
0.575971
0.408763
0.654219
0.678523
0.372589
0.594087
0.54842
0.559931
0.658583
0.505681
0.396961
0.392139
0.484161
1.09406
0.555106
0.802458
0.445675
1.22975
0.513604
0.570913
0.550538
0.79752
0.334383
1.40652
0.50968
0.70626
0.421583
1.56818
0.480542
0.945451
0.551712
1.08788
0.465691
0.499292
0.827129
1.31516
0.46959
0.460574
0.641324
1.01354
0.50203
0.548793
0.46426
0.499817
0.511346
0.348735
0.382436
0.394614
0.350065
1.27802
0.595129
0.484256
0.650972
0.71202
0.706706
0.934483
0.436722
1.04741
0.436563
0.547313
0.428201
0.317901
0.363028
0.735081
0.514288
0.474641
0.488449
0.662302
0.796393
0.582595
0.395685
0.474432
1.40683
0.390776
0.843975
0.338772
0.410288
0.368592
0.606186
0.666976
0.892007
0.640571
0.604545
0.449567
0.807275
0.452462
0.976341
0.464959
0.708894
0.468891
0.500685
0.279879
1.70961
0.495548
0.572941
0.315637
1.14625
0.479381
0.440567
0.679897
0.469375
0.511499
1.48514
0.715544
0.54544
0.453133
0.576013
0.472803
0.558456
0.381938
1.25321
0.68363
0.36925
0.730917
0.556395
0.935843
0.339809
0.578788
0.648548
0.575043
0.955496
0.711579
0.408592
0.904628
0.285808
0.749029
0.694996
0.499776
0.702188
0.469776
0.512705
0.713644
0.892189
0.594928
0.427654
0.727923
1.10209
0.4584
0.530538
0.589974
0.382368
0.805869
0.505952
0.635803
0.539049
0.687208
0.674777
0.477444
0.792391
1.07304
0.404123
0.55832
0.418841
0.505722
0.434643
0.814876
0.362196
1.11961
0.601221
0.692337
0.666194
0.496806
0.739336
0.376847
0.466941
0.675108
0.399406
0.424507
0.575522
0.476856
0.401273
0.552171
0.358059
0.280763
1.45855
0.478129
0.376333
0.857619
0.682537
0.522076
0.458618
0.459016
0.465339
0.900104
1.07241
0.515273
0.429601
0.710668
1.12894
0.472927
1.50257
0.422126
0.426521
0.406976
0.465026
0.335676
0.404428
0.444254
0.607034
0.6669
0.430031
0.564311
0.641334
0.596964
0.468275
0.51444
0.330224
0.944264
0.499538
0.657632
0.585817
0.635798
0.467264
0.339118
0.401417
0.908338
0.367415
0.518242
0.421553
0.378201
2.32353
0.444813
0.809383
0.557818
0.41115
0.418674
0.339338
0.873232
0.450138
0.741123
0.332798
0.52932
0.375153
0.390759
0.422296
1.17024
1.16678
1.07662
0.610158
0.618538
0.462123
0.342218
0.886016
0.512215
0.861401
1.46441
0.539178
0.565684
1.12484
1.15433
0.871817
0.693003
0.539326
0.412065
0.289176
0.485699
0.321874
0.446178
0.386601
0.46914
0.522625
0.95053
0.485508
0.621109
1.22176
1.45251
0.528597
0.685696
1.66942
0.874799
0.321755
0.541036
0.340983
0.516276
0.334164
0.361415
0.583562
0.626949
0.445919
0.596021
0.353179
0.868969
1.15582
0.558761
0.541474
0.461255
2.73936
0.992078
1.20827
0.88715
0.48204
0.385833
0.413256
0.484998
0.319532
0.4901
0.396035
0.885797
0.324049
0.57794
0.47439
0.569348
0.543861
0.506184
0.489261
0.674992
0.549331
0.375648
0.466768
0.554946
0.451115
0.459418
0.470193
0.60438
2.48269
0.986028
0.660898
0.459826
0.557086
0.487288
0.825752
0.562182
0.62721
0.539664
1.26152
1.36032
0.330011
0.575702
0.264478
0.399153
0.504577
0.369643
0.269193
0.59661
0.689656
0.633638
1.33128
0.696703
0.426171
0.60287
1.76091
0.870534
0.31843
0.389944
0.451519
0.581333
0.463177
0.79855
0.719146
0.577843
0.48695
0.9861
0.557954
0.557998
0.648111
0.517137
1.03183
1.29602
0.866708
0.577649
0.453094
0.77016
0.465232
0.616425
0.361066
0.573098
0.537034
0.58846
0.753661
0.583611
0.784857
0.52384
0.418032
0.636101
1.44424
1.22931
0.471876
0.502314
0.763243
0.381565
1.26557
0.986528
0.549118
0.395841
0.843087
0.3766
0.586914
0.360987
0.428969
0.68866
0.795144
0.635907
1.05778
0.453807
0.774996
0.480183
0.675989
0.760683
1.43805
0.475473
0.400184
0.833052
0.515795
0.497673
0.417328
0.649181
0.335474
0.43746
0.392533
0.658254
0.500249
0.358247
0.449499
0.422423
0.472324
0.418056
1.13019
0.524706
0.668504
0.664631
0.304439
0.364047
0.806838
0.336686
0.596656
0.651015
0.505598
0.863114
0.596146
0.504632
1.06782
0.41876
0.564318
0.913377
0.34479
1.1429
0.82669
0.797984
1.10441
0.425465
0.436465
0.323449
0.642496
0.433002
0.482316
1.43617
0.592074
0.829711
0.357038
0.949337
0.37022
0.490957
1.02309
1.41829
0.517949
0.412145
0.420574
0.910145
0.649344
0.390835
1.26264
0.63208
0.679613
0.351263
0.536567
0.405708
0.389489
0.558665
0.886187
0.493861
1.31457
0.454671
0.663436
0.746576
0.902247
1.45825
0.613675
0.852874
0.849986
0.445027
0.465847
0.961751
0.555704
0.867779
0.575104
0.566876
0.935106
0.487673
1.55419
0.433096
0.942229
0.413773
2.19523
0.53933
0.28579
0.52451
0.660348
1.3793
0.599919
0.366743
0.677755
0.648398
0.389117
0.423467
0.528892
0.483915
0.32642
0.535203
0.47706
0.426234
0.438844
0.505775
0.725486
0.295767
0.814917
0.521338
1.09376
0.659295
1.57282
0.503624
0.493488
1.05538
0.588709
0.67093
0.4567
0.506065
1.12621
0.60794
1.24955
0.430692
1.39546
0.472548
0.354672
1.5347
1.22244
0.693597
0.868515
0.670476
0.477307
0.53992
1.00704
1.1546
0.341248
0.702862
0.509808
1.17452
0.66299
0.900768
0.518543
0.374484
0.498824
0.634326
0.464973
1.5818
0.822861
0.478443
0.463829
0.402779
0.749461
0.420754
0.51483
0.489079
0.716189
0.403975
0.444695
0.694918
1.9034
0.45971
0.873274
0.538927
0.467611
0.616077
0.507304
0.670539
0.767735
0.313125
0.374647
0.564466
0.807293
1.13105
0.635455
0.505086
0.489983
0.339323
0.582295
0.755341
0.811786
0.423705
0.470294
0.529028
1.34594
0.543441
0.748148
0.41083
0.852941
1.63069
1.37351
0.391097
0.285798
0.755559
1.28661
0.468219
0.440046
1.07732
0.775096
0.49558
0.59451
0.814149
0.574472
1.3034
1.41642
0.552705
0.416308
1.3424
0.433175
0.464552
1.00769
0.483351
1.07864
0.923845
0.745244
0.364875
0.359072
0.619351
0.71033
0.396363
0.410888
0.617396
0.470861
0.41394
0.623492
0.471025
0.542668
1.02541
0.976221
0.312291
0.531529
0.681417
1.75257
0.435509
0.740616
0.422901
0.969628
0.416662
0.572114
0.388052
0.432953
0.544992
1.06452
0.559657
0.626706
0.388969
0.479703
0.433391
0.939827
0.446524
0.548399
0.759956
0.605921
0.676065
0.501061
1.34807
0.521499
0.271569
0.966467
1.28599
0.487896
0.488811
0.547583
0.483663
0.499162
0.569485
0.492542
0.415433
1.02791
0.750282
0.663157
0.665087
0.471814
0.85913
0.463665
0.610287
0.73457
0.401302
1.00609
1.439
0.638776
0.533661
0.491657
0.418356
0.93349
0.471928
0.575816
0.360804
0.920572
0.604767
0.399405
0.356345
0.488877
0.573302
0.639797
0.370355
1.42337
0.533644
0.44769
0.956268
0.808173
0.590912
0.524486
0.379373
0.506512
0.342851
0.632943
1.67898
0.670552
0.458447
0.750164
0.42876
0.271939
1.63982
1.01409
0.868285
0.589622
0.482241
0.715816
0.512153
0.699223
0.383957
0.569404
0.921206
0.716072
0.498458
0.759619
0.550005
0.432127
1.61299
0.919497
0.452837
0.36631
0.31477
0.369508
0.503841
1.29132
0.762027
0.682823
0.380665
0.511565
0.471132
0.498264
0.570531
0.562474
0.644538
0.476322
1.4199
0.610655
0.350657
0.468736
0.366905
1.21151
0.429845
0.637145
0.859429
0.484959
0.421608
0.668049
0.650852
1.60569
0.645662
0.921998
0.433718
0.454229
0.598246
0.638135
0.657572
0.682346
0.325058
1.25074
0.424202
0.441545
1.8675
0.327161
0.656422
0.738494
0.454353
0.52178
0.422628
0.363475
0.633158
1.28971
0.730653
0.572402
0.814879
0.375582
0.499222
0.547062
0.621291
0.531866
1.21916
0.548458
0.731499
0.91068
0.708292
0.584316
0.455831
0.37023
0.32729
1.68293
0.488577
1.44546
0.28967
0.589069
0.561351
0.772646
0.622518
0.774907
1.38464
0.393859
0.781604
0.432502
0.465916
0.399272
0.613938
0.454045
2.02499
0.531243
1.37823
0.350434
0.671225
0.507054
0.480023
0.796911
0.397305
0.504687
0.988577
0.395499
1.12952
0.327784
0.93377
0.44775
0.358553
0.386346
0.62341
0.740787
0.531223
0.845836
0.540597
0.780688
0.41994
0.661607
0.637265
0.512593
1.09543
0.515556
0.479604
0.455755
1.15319
0.47923
0.53185
0.823023
0.95567
0.781676
0.441674
0.568461
0.474035
0.472475
0.483254
0.528041
0.510769
0.59107
0.975153
0.578636
1.10349
0.429418
0.840748
0.447041
0.516794
0.547577
0.966254
0.416605
0.267289
1.52935
0.425963
0.462304
0.545603
0.601762
0.773989
0.49108
0.592278
1.40663
0.437064
0.390987
0.434774
0.347179
0.526574
0.534249
0.389041
0.653791
0.528149
0.559173
0.767026
0.723945
0.51715
0.939862
0.358181
0.949773
0.483813
0.371253
0.48503
0.538024
0.661907
0.283945
0.500633
0.511932
0.39781
0.60545
1.19809
0.454355
0.493589
0.695153
0.746796
0.341251
0.478477
0.458317
1.47673
0.533759
0.390026
1.63878
0.886278
0.638096
0.386332
0.621751
0.427261
0.57877
0.43825
0.52504
0.872444
0.431921
0.723171
0.395777
0.603985
1.57739
0.394407
0.623025
0.426823
0.429928
0.631169
2.17294
0.393105
0.416964
0.480935
0.498839
0.425535
0.548091
0.38176
0.953965
0.59099
0.555031
0.458551
0.528552
1.15502
0.404869
0.369431
0.332433
0.806807
0.487441
0.580886
0.595169
0.707599
0.672021
0.603181
0.815259
0.755409
0.711111
0.480897
0.567173
0.232101
0.538201
0.337647
1.43624
0.617278
0.698425
1.1869
1.48062
0.538742
0.39327
0.561235
0.599561
0.48129
0.756965
2.00162
0.463376
0.641516
0.596462
0.572592
0.47986
0.482831
0.484382
0.412315
0.760754
0.414905
0.588411
0.478293
0.420783
0.959941
0.732829
0.457184
0.351981
0.860206
0.425009
0.469014
0.82107
1.30181
0.526125
0.346793
0.378717
0.371708
0.424222
1.15659
0.580313
0.522679
0.457687
0.965198
0.580485
0.529394
0.406457
0.512466
0.791312
0.308458
0.654545
0.750395
0.57373
0.664759
0.647719
0.576685
0.48872
0.391949
0.855425
0.978375
0.460802
0.400261
1.02894
1.50113
0.415635
0.495202
0.399501
0.616114
1.08746
0.678246
0.441029
0.762275
0.628338
0.511411
0.869604
0.893626
0.465948
0.32808
0.972013
0.324748
0.468872
0.693865
0.914407
0.578898
0.451464
0.434143
0.600464
1.348
0.491758
0.730378
0.380537
0.426023
0.656694
0.422411
0.781272
0.698423
0.386312
0.369278
0.506631
0.965739
0.540255
1.12075
2.1045
0.51489
1.52448
0.528165
1.10715
0.560901
0.743349
0.781497
0.577448
0.917402
1.33471
1.56081
0.462309
0.36522
0.412605
0.481138
1.24087
0.614855
0.378933
0.591732
0.605228
0.883316
0.369728
0.441614
0.604494
1.92772
0.40183
0.797427
0.543793
0.534477
0.857891
0.896107
0.413007
0.588846
0.494961
0.508668
0.851724
0.44928
0.547925
0.839037
0.764461
0.91523
0.408485
0.412774
0.55181
0.528401
1.46461
0.382212
1.33497
1.0612
0.382341
0.469818
1.37832
0.459942
0.428409
1.40637
0.440522
0.302538
0.568753
0.664866
0.990828
0.430137
0.363154
0.50001
0.605503
1.09316
0.340037
0.440845
0.607699
0.88125
0.466834
0.54802
1.37886
0.86904
1.06605
0.520992
0.591273
0.460368
0.370767
0.662849
0.640837
0.419096
2.08625
0.481262
0.558166
0.675882
0.40847
0.594156
1.33251
0.470176
0.605159
0.46061
0.746313
0.441506
0.3534
2.20054
0.671309
0.920676
0.658914
0.385614
0.468158
0.374452
0.600914
0.379526
0.464732
0.544276
0.383164
0.404993
0.611601
0.701008
0.790942
0.447988
0.41048
0.470775
0.637441
1.34248
0.61219
0.687749
0.770983
0.338458
0.422845
0.454607
0.823954
0.577798
1.71498
0.57511
0.606886
0.706141
0.964201
0.408057
1.31804
0.886521
0.566116
0.332497
1.22909
0.909658
0.361335
0.535346
0.560526
0.457733
0.479948
0.51079
0.41017
0.588669
0.606371
0.356446
0.691226
0.426061
0.611761
0.441067
0.542727
0.370059
0.587867
0.391826
0.46903
0.480122
0.438461
0.449379
0.447406
0.409364
0.346994
0.624276
2.01462
0.504077
0.49807
0.379883
0.445706
0.940508
0.586144
0.780234
0.540222
0.548409
0.530369
0.395866
0.390468
0.529537
0.655027
0.560295
0.610446
0.435697
0.454809
0.448879
0.593259
0.917405
0.362182
0.298217
0.422123
0.895237
0.632245
0.417646
0.388989
0.490057
0.885516
0.686682
0.496577
0.479561
0.653161
0.615858
0.43262
0.415728
0.476659
0.691867
0.455495
0.905069
1.55719
0.415767
0.288348
0.379162
0.442403
1.54649
0.437397
0.62928
0.515843
0.495569
0.640086
0.562216
0.318071
0.39025
0.412947
1.63799
1.67179
0.323968
0.581915
0.943954
0.965264
0.613388
0.420222
1.17074
0.440935
0.303542
0.708333
0.473289
0.541261
0.632089
0.650909
0.904578
0.809442
0.874633
0.279499
0.561153
0.499985
0.568122
1.25554
0.403358
0.894953
1.31377
0.351331
0.328258
0.942024
0.384368
0.654483
0.859214
0.524992
0.405661
0.751772
0.693328
0.668645
0.517255
0.4947
0.550753
0.417666
0.602319
0.912605
0.778455
0.577536
0.383855
0.990204
0.506942
1.42299
0.867743
0.697419
0.780462
0.884046
0.494254
0.583614
0.279606
0.55653
0.559388
0.49827
1.12736
0.410886
0.511548
0.461439
1.2415
0.560232
0.453443
0.657492
0.546781
0.596792
0.484273
0.362468
1.00512
0.792062
0.539405
0.632892
0.475776
0.484232
0.470227
0.369713
0.541645
0.889909
0.346097
0.581589
0.372772
0.574606
0.648694
0.931224
0.657422
0.4573
0.612178
0.554312
0.355769
0.571148
0.636464
0.50308
0.869184
2.15999
0.438062
0.845165
0.389634
0.486169
0.340318
1.40222
0.339227
0.382825
0.432853
0.346681
0.38351
0.799529
2.51184
1.59364
1.04017
0.670288
0.607125
0.462055
0.466362
0.671266
0.558715
0.445516
0.468007
0.460413
1.01897
0.516213
1.39381
0.928953
0.644251
0.458691
0.437117
0.768761
0.553934
0.482998
0.57507
0.582884
0.485239
0.725381
0.552168
0.339623
1.5045
0.488148
1.19107
0.516151
0.500832
0.45914
0.53368
0.844519
1.44949
0.910472
1.19601
0.466441
1.05159
0.583287
0.444687
0.533382
0.379606
0.997816
0.396887
0.675681
0.515711
0.573385
0.466254
0.734545
1.18361
0.453848
0.898838
0.417961
0.77117
0.384504
0.794093
0.642588
0.469079
0.596118
0.489144
0.802783
0.513696
0.599984
0.446151
1.40907
0.438169
0.931923
0.557143
0.458769
0.487652
0.507522
0.348079
1.58494
0.662033
0.37882
0.524188
0.532702
0.334754
0.523468
0.609692
0.694576
0.394265
0.436571
0.840841
0.481363
1.69494
0.486443
0.472746
0.387289
0.329478
0.573688
0.537875
0.605
0.750825
0.719609
0.406324
0.492449
0.814635
0.468519
0.42353
0.581182
0.397126
0.453175
0.91208
0.496683
0.491846
0.586077
0.328226
0.595823
0.923111
0.582106
0.443779
0.417701
0.842726
0.491034
0.643483
0.559912
0.529267
0.667881
0.78114
0.380072
0.539669
0.471599
0.440509
0.41255
0.310864
0.657859
0.581752
0.63147
0.483987
0.654781
0.621066
0.624722
0.675248
0.657825
0.409636
0.400613
0.289908
0.471449
0.469202
0.529077
0.73105
0.797331
0.453436
0.555875
0.609079
0.408906
1.09785
0.549997
1.14853
0.637627
0.444558
1.61052
0.397998
0.516609
1.26932
0.36409
1.18281
0.622384
0.524908
0.330243
0.596813
0.583724
0.434827
0.499874
0.62001
0.523323
0.961482
0.341562
0.797404
0.446912
0.489938
0.342409
0.663591
0.484594
0.471468
0.657931
0.336961
0.527657
0.325847
0.398166
0.500098
2.56801
0.42747
0.432629
0.716131
0.55812
0.560965
0.840282
0.487651
0.341357
0.377519
0.440311
0.95512
0.483966
0.43089
0.393819
0.432775
0.374116
0.658159
0.687997
0.603148
0.525446
0.548765
0.689919
0.37894
0.486783
0.451762
0.54432
0.474504
0.44086
0.797821
0.667313
0.69467
0.374223
1.08497
0.389792
0.418544
1.10249
0.829199
0.751532
1.02497
0.666664
0.527137
0.660972
0.281338
0.701431
0.993291
0.708169
0.66322
0.456686
0.408312
1.21173
0.399713
0.505936
0.44146
0.586285
0.642924
0.906633
0.543368
0.984028
0.479302
0.634709
0.497419
0.435033
0.645224
0.940874
0.544347
0.453857
0.694699
0.57694
0.579592
0.759891
1.39243
0.464369
0.44796
0.850034
0.594347
0.296927
0.662965
0.60074
1.92728
0.40802
0.517338
0.495411
1.28026
0.524656
0.753775
0.69371
0.536363
0.595725
0.508502
0.483699
0.610124
0.558704
0.905034
0.531603
0.708165
0.354556
0.794813
0.489305
0.478901
1.16243
0.467355
0.343512
0.792037
0.729854
0.647765
0.297022
0.491393
0.347974
0.350536
1.30318
0.363252
0.411063
0.676533
1.05102
0.774178
0.460964
0.449846
0.58297
0.654052
0.573657
0.42103
0.450083
0.599697
0.961305
1.95602
0.479085
0.491952
0.413534
0.327582
0.346007
0.466098
0.499637
0.588921
0.446485
0.732436
1.18436
0.443754
0.592175
0.644936
0.383045
0.412699
0.579546
0.634036
0.612862
0.754564
1.48469
0.401626
0.628835
0.411709
0.373594
1.4269
0.462423
0.945053
0.792594
2.85472
0.317019
0.366351
0.347335
0.486774
0.376257
0.507817
0.488389
2.28323
0.732199
0.358435
0.742057
0.729306
0.433856
0.497672
0.829244
1.35673
0.617144
0.649577
0.630508
0.462956
0.686578
1.3253
0.52429
0.634247
0.549236
0.573349
0.431854
1.11807
0.649033
0.456729
0.83942
0.447383
0.510471
0.344567
1.0268
1.3389
0.412547
0.580396
0.584405
0.600994
0.826077
0.362661
0.686166
0.40829
0.433577
0.441777
0.646164
0.577313
0.465361
1.03049
0.694522
0.815556
1.09202
0.451637
0.703423
0.56723
0.331372
0.855476
0.473359
0.494518
0.620429
0.82672
0.337978
0.405144
1.03257
0.33774
0.389626
0.495198
0.39168
0.669059
0.463117
0.557929
0.388028
0.574652
0.522771
0.407123
0.458658
0.533177
1.10855
0.536324
0.665862
0.455232
0.466573
0.429801
0.387968
0.635111
0.818203
1.05568
0.613671
0.487398
0.275642
0.702267
0.853029
0.471601
0.447885
0.373631
0.672681
1.74892
0.607085
0.783225
0.569554
1.29232
0.422957
0.396902
0.622699
0.406306
0.738003
0.722714
0.315572
0.384403
0.969895
0.586083
0.540115
0.742879
0.374535
0.578945
0.615526
0.501265
0.556098
0.386275
0.503572
0.865018
0.416005
0.459945
0.404574
0.856098
0.608504
0.531337
0.714627
0.319119
0.542103
0.516675
0.424952
0.872748
0.988094
0.77465
0.769881
0.600811
0.492536
1.15241
0.526623
0.428633
1.39092
1.05224
0.414225
0.738266
0.450121
1.96558
0.490189
0.45894
0.540016
0.366048
0.662466
0.457267
0.401823
0.511587
0.514372
0.923176
0.983309
0.540873
0.525205
0.343399
0.637265
0.490025
0.97267
0.561571
0.319369
0.692542
0.876463
0.562339
1.41093
0.820459
0.636605
0.563104
0.391356
0.398613
0.462163
0.301854
1.4335
1.44185
0.510008
0.77811
1.19217
0.805563
0.446847
0.683069
0.810869
0.503597
0.521915
0.34971
0.495387
0.548197
0.61459
0.744563
0.509189
0.561345
0.690501
0.491519
0.414885
0.551803
0.636858
0.62022
0.433912
0.541083
0.971623
0.996568
0.441271
0.621491
0.883179
0.401746
0.721726
0.378064
0.567774
0.838469
0.440373
0.987711
0.424835
0.348283
0.434361
0.407777
0.976301
0.479563
0.587596
0.471267
1.13858
0.424624
0.507461
0.595101
1.77019
1.08765
0.462823
0.540996
0.593
0.479716
0.501874
0.517974
0.453457
0.486771
0.507147
0.410303
0.57651
1.15775
0.363166
0.494207
0.485091
1.33843
0.575559
0.798626
1.09812
0.991696
1.2645
0.351497
0.493762
0.765836
0.870171
0.431894
0.392647
0.524335
0.433028
0.433866
1.54868
0.455216
0.448613
0.443354
0.478456
1.01855
0.49151
0.721331
0.579076
0.799573
1.09896
0.367287
0.515736
0.552101
0.329823
0.459426
0.536501
0.745852
0.364202
0.524892
0.437235
0.347786
0.457303
0.853097
0.980951
0.623764
0.53086
0.548396
0.309062
0.673878
1.81408
0.468302
0.506671
1.13048
0.518892
0.51692
0.522777
0.446289
1.16866
0.71721
0.489332
0.384913
1.33349
1.11639
0.587115
0.454544
0.568146
0.362888
0.364411
0.632137
1.42259
0.854216
0.80015
0.549524
0.9424
0.594876
0.376276
0.524023
1.37153
2.12119
0.429879
1.62753
0.50057
0.701787
0.997359
1.90031
0.330522
1.11354
1.13936
0.48505
0.578637
0.526933
0.481942
0.899215
1.25321
0.384929
0.564659
0.665797
0.604927
0.645574
0.808499
0.373327
0.490772
0.535075
0.683436
0.368793
0.761639
0.679451
0.812072
0.556437
0.635707
0.646058
1.48148
0.572085
0.489833
0.677289
0.403696
1.04549
0.382263
0.457495
0.331073
0.501571
0.431806
0.525906
0.69186
0.428361
0.844425
0.714543
0.987604
0.753341
0.510852
0.421069
0.303882
0.502888
1.43579
0.593812
0.427624
1.03673
0.463806
0.610291
0.510053
0.701676
0.522987
0.392131
1.33365
0.582755
1.03977
0.376244
0.459091
0.497286
1.14262
0.950553
0.988133
0.450932
1.57565
0.623639
0.777126
0.414556
0.33679
0.426296
0.636637
0.413262
0.495555
0.720076
0.392841
0.760383
0.511129
0.631974
0.848297
0.579594
0.468891
0.620104
0.832376
0.389702
0.63609
1.03073
0.385732
2.09304
0.875814
0.364489
0.523751
0.469491
0.910209
0.580646
0.574319
0.724364
0.460531
0.917747
0.547592
0.512454
0.634872
0.94561
0.673979
0.942965
0.687643
0.716488
0.485055
0.561606
0.400466
0.520471
0.872099
0.427297
0.649587
0.387604
0.406959
0.509445
0.478469
0.641588
0.514323
0.530727
0.540125
0.510063
0.775325
0.423245
0.731622
0.49007
0.407577
0.365247
0.727031
1.5338
0.788193
0.560897
0.535185
0.366016
0.564496
0.51345
0.427115
0.951499
0.516415
0.53451
0.374413
0.503532
0.392471
0.588109
0.592815
0.38603
0.453124
0.447477
0.818654
0.629691
0.813436
0.460723
0.680661
0.502629
0.428494
1.06677
0.587303
1.20136
0.606093
0.464812
1.56031
0.572536
0.471302
0.463412
0.374631
0.444462
0.582545
0.439048
1.09588
1.07907
0.582589
1.73769
0.45865
0.731559
0.948806
0.439901
0.380042
0.513655
0.669553
0.706768
0.480762
0.473262
0.780222
0.773836
0.661719
0.575112
1.45522
0.767104
0.54666
0.887097
2.55816
0.345139
0.978776
0.693889
0.514007
0.561257
0.372075
0.726773
1.09331
0.657142
0.804471
0.502837
1.09546
0.86538
0.510849
0.438464
0.32335
1.21752
0.45063
0.567353
0.581856
0.444914
1.05044
0.850605
0.323893
0.355062
0.494807
0.505153
0.670303
0.728885
0.401219
1.11441
0.50318
0.98158
0.5854
0.355931
0.672294
1.19461
0.498789
0.589103
0.514669
0.839121
2.03869
0.722535
0.745823
0.93451
0.592904
0.250996
1.6452
0.854897
0.48353
1.09288
0.882552
0.514977
0.855955
0.454369
0.443245
0.491581
1.04776
0.572801
0.312559
0.544834
0.504756
0.419181
0.837124
0.499977
0.950059
0.510218
0.524297
0.910408
0.383282
0.756427
0.339534
0.325709
0.565992
0.497432
0.677766
0.620265
0.303764
0.678576
0.491061
0.352411
0.746999
0.718545
0.39708
0.673892
0.890385
2.44736
0.349731
0.518856
0.511369
0.506487
0.615232
2.12575
0.431276
0.631713
0.435569
0.357853
1.31506
0.366664
0.686883
0.799076
0.434438
0.566095
0.410962
0.825162
1.02398
0.427953
0.342092
1.28672
0.450034
0.462605
0.551299
0.782397
0.477721
1.45335
0.355308
0.459031
0.604611
0.486372
0.546709
0.392334
0.519226
0.530539
0.35927
0.507209
0.419458
1.20189
0.731651
0.630449
0.502921
0.524578
0.712782
0.924326
0.636586
0.769427
0.435469
0.42945
1.72235
1.05167
0.397387
0.743548
0.615784
0.497129
0.430027
0.43367
0.761321
1.42868
0.714379
0.326288
0.785837
0.443152
0.545762
0.5096
0.370808
0.306771
1.40162
0.496068
0.513002
0.434848
0.41775
1.26572
1.03547
0.706095
0.768419
0.692478
0.587331
0.968964
0.755702
0.484416
0.650187
0.467149
0.455035
0.604318
0.422695
0.622313
0.807535
0.501002
0.456603
0.568277
0.725423
1.07174
0.531197
0.643464
0.518457
0.617442
2.00872
0.565039
0.374824
0.422034
0.377028
0.526037
1.41661
0.377377
0.440835
0.629516
0.496302
0.586153
0.404728
0.771949
0.540376
0.712556
0.94069
0.528422
0.544662
0.979111
0.73531
0.550821
0.363692
0.388923
0.488718
1.21606
0.614716
0.532551
0.534376
0.57742
0.595709
0.42082
1.40479
0.382656
0.861986
0.445043
0.581134
0.501999
0.459032
0.792877
1.51639
0.55951
1.29026
0.372955
1.32599
0.380833
1.80859
0.432597
0.709008
0.483258
0.597765
0.422118
0.660324
0.856158
0.955204
0.407868
0.505116
0.369823
0.828771
0.410958
0.803468
0.48067
0.908138
1.08886
0.422248
0.518066
0.649208
0.531547
0.882652
0.566012
0.359821
0.524915
0.659245
0.440393
0.394888
0.677919
0.5511
0.422026
0.486946
0.454854
0.468084
0.483795
0.608074
0.474968
0.556834
0.579469
0.936215
0.57085
1.17221
0.652381
0.404556
0.442172
1.54024
0.391675
1.19842
0.578859
0.487822
0.523557
1.09014
0.806242
1.03858
0.405153
0.387483
0.450226
0.61883
0.263602
2.29921
0.546091
0.540048
0.480456
0.461524
0.536975
0.421774
1.03374
0.554224
0.468144
0.910998
0.394012
1.09236
0.670232
0.450131
0.471447
1.24799
0.554582
0.611876
0.532005
0.458095
0.598162
0.415725
0.354521
0.612027
0.514469
0.649191
0.417381
0.36108
0.551311
0.406085
0.506337
0.760191
0.394218
0.434539
0.460761
1.95027
0.471198
0.447374
0.326493
0.546559
1.58293
0.822093
0.435934
0.505819
0.450819
0.476057
0.790385
1.79564
0.612639
1.30143
0.360691
1.41072
0.507936
0.559163
0.530203
0.480042
0.512404
0.761149
0.502102
0.800171
0.497023
0.463037
1.3373
0.686381
0.584535
0.464792
0.490332
0.546522
0.444612
1.59742
0.520338
0.52205
1.3072
1.83077
0.495853
0.461588
0.468283
1.02128
0.904012
0.466908
0.402963
0.976774
0.530585
1.17967
1.52333
1.06093
1.12315
0.466515
0.719789
0.424131
0.409363
0.809903
0.714743
0.751511
0.71502
0.569606
1.35242
0.382903
0.45682
0.891116
0.498231
0.774811
0.702355
0.632372
0.440521
1.31471
0.726368
0.531443
0.375549
0.616756
0.421109
0.276999
0.376007
1.62994
1.86328
0.45282
0.392717
0.498869
0.99989
0.760782
0.492537
0.543107
0.629599
0.429364
0.376154
0.527819
0.506248
1.32609
0.620835
0.418347
0.596897
0.724264
0.467672
0.819148
0.566078
0.577838
2.56851
0.534097
0.592702
0.757064
0.561281
0.376056
0.834169
0.378247
0.344321
0.679124
0.625437
0.919034
0.475499
0.386687
0.631217
0.48809
0.976576
0.534386
0.457077
0.479467
1.10773
1.27915
1.82961
0.526524
0.411813
0.415722
0.345186
0.52807
0.438243
0.348331
0.365477
0.499601
0.50154
0.773628
0.428754
0.445874
0.653723
0.549321
0.70156
0.714247
0.49677
0.568444
1.23723
0.552714
0.491051
0.59803
1.27162
0.358932
0.643975
0.592398
1.22447
1.5368
0.428106
0.411509
0.506657
0.529188
0.440751
0.491593
0.42874
0.560909
0.700107
0.602833
0.399067
0.287596
0.682416
0.530521
0.504577
0.407752
1.03738
1.11123
0.452092
0.640433
0.541036
0.64787
1.70091
0.389014
1.10416
0.325062
0.444025
0.540193
0.603922
0.396394
0.799151
0.564249
0.46639
0.746317
0.627635
0.387382
0.403045
0.596724
0.797292
1.47871
0.578407
0.476661
0.413717
0.70461
1.29944
0.752395
0.785023
0.65832
0.454376
0.50295
0.795461
0.731872
0.340389
0.589298
0.61959
0.424066
0.544715
0.666569
0.553524
0.828845
0.55943
0.829401
0.4463
0.391156
0.509029
0.621411
0.453512
0.447162
0.352721
0.441823
0.436223
0.584846
0.456787
1.11987
0.374341
0.621652
0.409449
0.51359
0.370323
0.752786
1.05424
0.554843
0.582628
0.495951
0.462808
0.49474
0.834884
0.586535
0.34464
0.973328
0.4313
0.458166
1.06372
0.386518
0.821012
0.948699
0.502266
0.540211
0.458087
1.85403
0.384925
1.84222
0.494807
0.536959
0.535511
0.439354
0.454763
0.703938
0.820058
0.375277
0.380601
0.613324
1.68877
0.840619
2.04049
0.404013
0.398424
0.750046
0.390155
1.56465
1.08054
0.613055
1.3194
0.733072
0.978592
2.1252
0.598949
0.51827
0.540537
0.448639
1.49109
0.345886
0.613441
0.792336
0.681245
0.400122
0.642852
0.449253
0.402396
0.482934
1.30471
0.680316
0.469406
0.57791
1.91084
0.408535
1.45825
0.710174
0.509933
0.716552
0.377405
1.29466
0.838613
0.543051
0.356315
0.518798
0.636924
0.471112
0.455875
0.606997
0.876886
0.717666
0.347476
0.618623
0.41395
1.04483
0.54748
0.501008
0.445267
0.384355
1.73264
0.563734
0.381505
0.672804
0.49291
0.472109
0.500764
0.391897
0.84693
0.399599
0.539463
0.408077
0.682032
0.51156
0.483239
0.378558
0.653014
0.576162
1.21216
0.29966
0.76835
0.683801
0.402128
0.531865
0.671116
0.800502
1.177
0.666201
0.51168
0.383977
0.515409
0.842738
0.332171
0.558625
0.824813
0.489696
0.724676
0.487624
0.459737
1.39674
0.655221
0.812312
2.08724
0.409797
0.545951
0.789634
0.849297
0.546967
1.41504
0.561779
0.631088
0.513529
1.62027
0.456476
0.419236
0.522808
0.555387
0.380025
0.765808
0.736785
0.422889
0.451972
0.649376
1.41209
0.381923
0.535742
0.328018
0.526992
0.936092
0.300124
0.573258
0.562488
0.432338
0.479699
0.50511
0.719919
0.457137
1.12841
0.434546
0.40824
1.24947
0.719752
0.494673
0.833344
0.469362
0.549694
0.438538
0.484516
0.470728
0.651106
1.32547
0.444647
0.565182
0.742524
0.588339
0.535324
0.382946
0.436484
0.279605
2.15719
0.499259
0.532976
0.439826
0.649135
0.491133
0.413284
0.51389
0.530005
0.523416
1.11116
1.11812
0.386429
0.708482
0.785253
0.705701
0.32814
0.43707
0.7073
0.361603
0.436227
0.902992
0.603917
0.478837
0.475522
0.580076
0.473265
0.9472
0.545567
0.519637
0.418942
0.412384
0.392287
0.445886
0.950492
0.526469
0.405994
0.305187
0.474182
0.934498
0.520921
0.655199
0.351119
0.463248
0.392347
0.566158
0.406729
0.374457
0.574722
1.78584
0.417422
0.525594
0.676385
0.45463
0.893466
0.478161
0.609582
1.51437
1.44254
0.500428
1.0788
0.40321
0.522412
0.577549
0.408774
0.852641
0.593303
0.749583
0.986849
0.422046
1.29824
0.461925
0.773229
0.864897
1.17817
0.467792
0.358192
0.625386
0.712906
0.50462
1.33944
0.965107
0.588906
1.06676
0.472756
0.593688
0.460289
0.372468
0.765954
0.584224
0.390964
0.93725
0.68508
0.492326
0.512007
0.561811
0.522507
0.594367
0.705669
2.07605
1.34959
0.422171
0.408159
0.344127
0.755221
1.20599
0.432879
0.394855
0.504863
0.384882
0.341062
1.47355
0.399821
0.697707
0.512803
0.573971
0.591975
0.489919
0.480241
0.376723
1.609
0.441674
0.754347
0.570568
0.514811
0.443341
1.03059
0.486672
0.472646
1.12866
0.555188
0.330535
1.17459
0.937428
0.661894
0.390469
1.59864
0.784553
1.40165
0.591223
0.517355
1.3355
0.447533
0.430843
0.39734
0.592862
0.565512
0.484243
0.382467
0.689583
0.317228
1.37679
0.717072
0.541766
0.425696
0.336923
0.570208
0.491938
0.539814
0.447291
0.306031
0.626639
0.522389
0.401112
0.610851
0.417921
0.604907
0.674504
1.59541
0.324174
0.345483
1.46303
0.39459
0.402234
0.635447
0.476227
0.598335
0.770392
0.55727
0.825901
0.414242
0.466298
1.17943
0.664324
0.508964
0.489189
0.372175
0.923463
0.689342
0.477015
0.464477
0.64
0.375434
0.825687
0.660463
1.06983
0.367406
0.852126
0.615104
0.421772
0.448473
0.684392
0.348594
0.613759
1.08228
0.730417
0.401408
1.17863
0.607085
0.460225
0.384779
0.534905
0.472825
0.338195
0.473846
0.901578
0.427667
0.779576
0.481917
0.993156
0.566489
0.777993
0.589832
0.806764
0.836408
0.59007
0.44613
0.656992
0.506235
0.310079
0.692857
0.561835
0.460317
0.456952
0.448111
1.54879
0.34797
0.472074
0.482769
0.657752
0.748373
0.385607
0.518613
0.55971
0.60628
1.01997
0.555967
0.441288
0.567214
0.803238
0.48909
1.06639
0.523517
0.50363
0.971452
0.688526
0.657809
0.490551
0.696616
0.93583
1.38169
0.381651
0.586715
0.897375
0.94496
0.551904
0.745583
0.475885
0.673298
0.780883
0.634555
0.527264
0.459517
0.757394
0.480355
0.424311
0.549671
0.562104
0.606775
0.922501
0.591348
0.689665
0.272846
0.924541
0.466278
0.365439
0.853775
0.328945
0.434029
1.86016
0.843884
0.686334
0.444063
0.444741
0.434873
0.479212
0.463571
0.475511
0.760963
0.609153
0.397116
0.418571
0.420379
0.4848
1.61138
0.409985
0.799017
0.399759
0.776473
0.666176
0.377759
0.346882
0.621755
0.44325
0.61304
1.10241
1.08108
0.478088
0.651082
0.398594
0.563189
0.423839
0.451816
0.370271
0.390454
0.361396
0.509287
0.525702
0.667733
0.564022
1.17163
1.25506
0.534923
1.97503
0.556591
2.58714
1.20174
0.611771
0.432533
1.55257
0.564677
1.07932
0.553777
0.671316
1.64173
0.422955
0.513323
0.321069
0.385147
0.39353
0.582331
0.466628
0.509585
0.522895
0.43994
0.655749
0.552048
1.05743
0.910196
0.509955
0.423584
0.440347
0.810716
0.579246
0.971638
0.778889
0.455277
0.560225
0.63815
0.516337
0.557455
0.437198
0.786709
0.309263
0.983212
0.798351
0.56756
1.38524
0.814488
0.550189
0.416115
0.755011
0.741474
1.10288
0.374168
0.657916
1.44843
0.513437
0.303931
0.689442
0.377516
0.658467
0.387577
0.534905
0.597716
0.585839
0.551842
0.578618
0.55197
0.389605
0.459651
0.410679
0.5557
0.460309
0.510168
0.334082
0.520074
0.774301
0.443887
0.374862
0.417623
0.46769
0.689447
0.819845
0.462113
0.300603
0.54072
0.850441
0.521182
0.499027
0.308162
0.722078
0.809971
0.764399
0.660062
0.652146
0.670216
0.475174
0.420661
0.709541
1.62712
0.511688
0.591729
1.07686
0.384531
0.68032
0.606886
0.456945
0.857627
0.704853
0.623048
0.514963
0.583987
0.689913
0.849704
0.374226
0.41652
1.00179
1.86567
0.456397
0.673656
0.557995
0.471079
0.372403
0.443818
1.86
0.693536
1.06228
0.395582
0.335716
1.87112
0.405673
0.423494
0.484651
1.5003
1.18288
0.71871
0.48574
0.622268
0.959682
0.671808
0.645664
1.50835
0.393656
0.846363
0.625134
0.725452
0.317536
0.636718
0.655926
1.39683
0.338818
0.416382
0.48744
0.315337
1.92069
0.910283
0.65836
0.526872
0.306712
0.837276
0.371192
0.816433
0.555555
0.430853
0.472439
0.577519
0.487447
0.387033
0.716108
0.520421
0.406262
0.579875
0.596988
0.416436
0.475176
1.99248
1.22799
0.576868
0.474203
0.939643
0.601967
0.742005
0.499395
0.551636
0.464423
0.976871
0.880718
0.420429
0.400085
0.971795
0.651118
0.491901
0.725789
0.569961
0.475807
0.564468
0.425899
0.483788
0.6057
0.876718
0.56176
0.373209
0.51803
2.24304
0.549306
0.499178
0.789112
0.325853
0.532767
0.592025
0.931359
0.414595
0.709781
1.01249
2.6308
1.1228
0.460145
0.681676
0.430265
0.566871
0.336194
1.06668
0.363594
0.682101
0.58358
0.348722
0.969536
0.777968
2.05352
0.64829
0.441267
0.672842
0.587859
0.426469
0.718695
0.425992
1.05405
0.38702
0.562128
0.751684
0.443746
0.385329
1.127
0.402259
0.528537
1.22517
0.356428
0.62862
0.327499
1.23613
0.435769
0.657658
0.546731
0.442023
0.572326
0.481773
0.978476
0.465719
0.419927
1.07955
0.688679
0.423086
1.491
0.698151
0.715279
0.480216
0.450017
0.854335
0.581579
1.37782
0.484592
1.19179
0.627376
0.872218
0.620238
0.460522
0.619407
0.526192
0.422426
0.707107
0.637835
1.31861
0.459965
0.570924
0.65528
0.463156
0.543838
0.823851
0.436321
2.01756
0.53168
0.431562
0.484268
0.425742
1.64763
0.795251
0.504889
0.471938
0.40374
0.440315
0.454354
1.78169
0.878903
0.496823
0.463421
0.448243
0.572603
0.631761
0.713103
0.324712
0.660711
0.478522
0.487052
1.2782
0.314794
0.380396
0.465106
0.642011
0.685012
0.761459
0.390833
0.545399
0.398534
0.609615
0.349057
1.08692
0.445014
0.46971
1.04634
0.673972
1.73328
0.657091
0.515211
0.65528
0.493699
1.23236
0.372013
0.344064
0.388821
0.493584
0.574787
0.575289
0.417037
0.798181
0.286321
0.653695
0.651505
0.466221
1.3486
0.57908
0.488289
0.804562
0.463481
1.21288
0.281226
0.701537
0.546695
0.76461
1.43213
0.893493
0.428122
0.680728
1.78281
0.415173
0.997086
1.20811
0.576091
0.321213
0.66917
0.349374
0.693311
0.761262
0.403138
0.427094
0.972525
0.410417
0.841707
0.462341
0.845435
0.719329
0.498929
0.467035
0.440333
0.340338
0.758779
0.336433
1.04711
0.31136
0.482336
0.616229
0.966133
0.449334
0.348274
0.926896
0.471411
0.416822
1.68368
0.519612
0.502615
0.460236
0.505308
0.60804
0.391934
0.85262
0.537934
0.442115
1.2628
0.582475
0.914682
0.458922
0.577767
1.32145
0.529102
0.404257
0.68823
0.533294
0.540519
0.419124
0.823554
0.39869
0.366885
0.368768
0.406632
1.87429
1.73159
1.04297
0.619826
0.940134
0.289068
0.460297
0.552059
0.675372
1.28481
0.508736
0.799073
0.50991
1.29214
0.767136
0.405796
0.677067
0.653449
0.457872
0.452619
0.774377
0.330055
0.679662
0.64568
0.402841
0.632951
0.504462
0.494693
0.436981
0.822732
0.370063
0.534869
0.378701
0.681645
1.34058
2.11364
0.535835
1.38243
0.524989
0.342922
0.720034
0.447397
0.522077
0.473523
0.495673
0.80368
0.488833
0.450634
0.366639
0.467766
1.049
0.418894
0.547355
0.344559
0.428404
0.547268
0.468414
0.84308
1.744
1.21396
0.565283
1.19758
0.531015
1.71955
0.452166
0.494391
0.377604
0.537901
0.64318
0.422833
2.07656
1.28818
0.379334
0.493313
0.326996
1.34689
0.637589
0.492974
0.493735
0.52845
0.590159
0.645487
1.78202
0.396561
0.497233
1.03664
0.411073
1.19689
0.362805
0.556206
1.05911
0.679134
0.435267
0.357194
0.618292
0.569913
0.33077
1.19891
0.736294
1.81113
0.486885
1.3383
0.413488
0.984202
0.381157
0.384155
0.476116
0.512406
0.419899
0.362215
0.341023
0.418128
1.17446
0.392674
0.496097
0.519657
0.375856
0.530643
1.0153
0.406321
1.12394
0.411771
0.447999
0.468372
0.459973
0.711737
1.47111
0.860271
0.431268
0.357941
0.551784
0.714818
0.381628
0.388216
0.483294
0.494346
0.356982
0.555199
0.443875
0.783124
0.408162
0.455096
1.07111
0.591274
0.780581
0.430023
0.433038
0.998182
0.368346
0.458845
0.660518
0.394645
0.491318
1.25146
0.558941
0.330996
0.477847
0.661366
0.428616
0.606841
0.47307
0.769361
1.74811
0.405812
0.926417
1.09089
0.431381
0.888181
0.594406
0.547148
0.476232
1.55361
1.1767
0.553624
1.42801
1.33671
0.488343
0.972119
0.524951
0.580393
0.59327
0.37392
0.515525
0.575473
1.03122
1.01418
1.96502
0.496709
0.516373
0.895286
0.645817
0.403338
0.510429
0.40211
0.325536
0.523213
0.475355
0.522944
0.478163
0.387669
0.457388
0.666452
1.15244
0.550147
0.803129
0.696185
0.499598
0.383983
1.38661
0.659069
1.19678
1.29441
0.761042
0.496827
0.470421
0.780716
0.435305
0.393505
0.596498
0.566176
0.737958
0.674128
0.770217
0.565934
0.852129
0.409875
1.28167
0.532786
0.851347
0.553664
0.420605
0.495885
0.380163
0.673281
1.20087
0.869975
1.2985
1.40785
0.892312
0.518482
0.486675
0.493566
0.701726
0.718258
0.882891
0.787993
0.459597
0.524699
0.661637
1.74414
0.705746
0.586334
0.619627
0.737949
0.410905
0.621668
0.456642
0.474433
0.871039
0.343419
0.61127
0.684444
0.449615
0.625348
0.671858
0.524654
0.639818
0.438376
1.89423
0.944809
0.554268
0.771897
2.93561
0.487565
0.417443
0.549411
0.87944
0.622785
1.45775
0.44636
0.334309
0.515754
0.59706
0.3766
0.538108
0.497243
1.84361
0.437258
0.918909
0.303095
0.389837
0.351959
1.07981
0.369481
0.395375
0.76384
0.947117
1.11935
0.41785
0.518352
1.27113
0.935238
0.649893
0.62043
0.55152
0.552361
0.330049
0.876711
0.980765
0.819023
0.48749
0.436227
0.699149
0.472946
0.257991
0.62015
0.409154
0.671065
0.414856
0.828158
0.433786
0.45197
1.06978
0.353248
0.565881
1.19507
0.535252
0.446781
0.58735
0.730561
0.513389
1.13455
0.275071
0.550949
0.379187
1.54244
0.633963
0.450999
0.323602
0.891025
0.663047
0.762215
0.592018
0.357371
1.4022
0.391424
0.640371
0.357818
0.451883
0.780066
0.960526
0.353292
0.452731
0.539584
1.39982
0.71382
0.395122
0.729688
0.414446
0.92687
2.54244
0.526438
0.387688
0.571411
0.515864
0.343713
0.40865
0.82363
1.31544
0.496572
0.517913
0.338746
1.0028
0.823294
0.401516
0.686335
0.570046
0.75434
1.70993
0.493438
0.626508
0.441451
0.729487
0.915249
0.423603
0.546909
0.735707
1.48224
0.827185
0.640513
0.513431
0.422977
0.550062
0.369302
0.337839
0.725047
0.746191
0.532834
0.451212
0.884249
0.932135
1.17718
0.56446
0.612254
0.669517
0.565811
0.356992
0.307129
0.44432
0.685024
0.687341
0.731234
0.407177
0.384481
0.415471
0.884814
1.6059
0.545739
0.964308
0.544622
0.615445
0.484689
0.575369
0.521265
0.917907
0.495027
0.458172
0.97493
0.412745
0.284431
0.380713
1.1127
0.563056
0.619371
0.418569
0.800529
0.481875
0.742518
0.568075
2.07823
0.552279
0.398609
0.422311
0.497582
0.809362
0.574232
0.512989
0.399557
0.999685
0.384014
0.690036
1.17464
0.485157
0.508731
0.360844
0.579353
0.53162
0.7807
0.394408
0.437386
1.34592
1.32492
0.402334
0.702561
0.552447
0.502192
0.509849
1.88373
0.663246
0.432543
0.523599
0.872268
0.735327
0.892147
0.446714
0.331779
0.446616
0.559936
0.342466
0.362349
0.371246
0.365529
0.716968
0.420416
0.763567
0.494451
0.456626
0.325983
0.648146
0.447429
0.69094
0.954723
0.49175
0.348761
0.568789
0.465876
0.946861
0.798563
0.899376
0.508119
0.637978
0.404708
0.458647
0.405005
0.54924
0.484274
0.447837
0.627342
0.423376
0.523839
1.20599
0.968287
1.27827
1.55801
0.984293
0.60272
0.537733
1.81644
0.480722
0.604304
1.38577
0.427279
1.27588
0.32919
0.334521
0.447984
0.404027
0.511713
0.566163
0.561806
0.95309
0.907043
0.684985
0.607386
1.05951
0.928737
0.557621
0.491357
0.531854
0.447731
0.463408
0.433805
0.476567
0.483417
1.4323
0.460888
0.493755
0.586612
0.394079
1.66
0.70722
0.471753
0.495631
1.22085
2.01747
0.387702
0.503029
0.49597
0.493492
1.24958
0.35944
0.330454
0.448749
0.595869
1.54697
1.04046
0.696721
0.427279
0.393726
0.880481
0.619965
0.635361
0.626089
0.491846
0.425707
0.463143
0.355097
0.680336
0.678377
0.432426
0.556419
0.491456
0.676307
0.481612
0.425096
0.641685
0.644657
0.506672
0.642596
1.82269
0.513596
0.458767
0.364122
0.651758
0.653897
0.551281
0.814903
0.463658
0.507189
0.370937
0.65136
0.459158
0.57139
0.508661
0.666375
1.68959
0.420578
0.526029
0.542224
0.625978
0.58018
0.406857
0.321053
0.585343
0.940488
0.609477
0.559679
1.64464
0.900096
1.05602
0.719215
2.1773
0.523299
0.822107
1.40025
0.494596
0.599929
1.04763
0.559403
0.708539
0.709138
0.529304
0.575805
0.659532
0.593091
0.553459
0.407831
0.803307
0.418817
1.00717
0.518909
1.01298
0.617377
0.30294
0.858927
0.779709
0.540749
0.752937
0.396882
0.45759
0.445468
2.50038
0.646766
0.533835
0.549317
0.592053
1.07684
0.567837
1.31021
0.470109
0.514075
1.1699
0.424318
0.488728
0.347159
0.735888
0.650511
1.20952
0.841544
0.931161
0.548528
0.485043
0.703026
0.715502
0.787817
0.352643
0.826761
0.647312
0.346891
0.840347
0.712537
0.454077
0.385348
1.86244
0.846292
0.562261
0.327075
0.804814
0.59145
0.579533
0.802509
1.65979
0.534715
0.741777
0.44282
0.506849
1.12783
1.07024
0.337811
0.430099
0.385895
0.458195
1.10092
0.447051
0.705147
1.32361
0.573505
0.389683
0.375073
0.663915
0.460763
0.357415
1.36196
1.04195
1.06432
1.3582
0.645596
0.467636
0.76168
0.448568
0.59645
0.526169
0.38555
0.443782
0.526067
1.11802
0.701019
1.09151
0.992973
0.456389
0.47179
1.12985
0.547275
0.443555
0.741858
0.435308
0.959695
0.422516
0.406864
0.510048
1.4532
0.416559
0.59178
0.377037
0.323188
0.679246
1.11473
1.34888
0.706151
0.341571
0.587894
0.346977
0.683562
0.474532
0.5999
0.505714
0.642384
1.51662
0.594103
0.375918
1.69413
0.711501
0.894622
0.502878
0.522367
0.373433
0.459113
0.816085
0.398714
0.51112
1.29601
0.591839
0.410881
1.82039
1.34411
0.396175
0.512768
0.605855
0.618544
0.978095
2.10228
0.596104
1.12373
0.527692
0.694852
0.434428
0.656289
0.697964
0.510301
0.743394
1.49476
0.709523
0.305677
0.651666
0.364045
0.857079
0.630321
2.41591
0.423896
0.591579
0.502103
0.49425
0.459996
1.07111
0.486229
0.418088
0.489111
0.664084
0.421927
0.353473
0.806445
0.614035
0.724218
0.930954
0.506387
0.913236
0.562437
0.544618
1.23838
0.476888
0.383813
0.799657
1.41341
0.642948
1.12071
0.464407
0.666555
0.629361
1.01198
0.562296
0.470125
0.421705
1.12988
0.401611
0.455004
1.01568
0.617918
0.400269
0.365615
0.825388
0.968489
0.769275
1.37509
0.603526
0.459695
0.430359
0.521996
0.753736
0.508804
0.685489
0.362005
0.524987
0.522795
1.55191
0.562268
0.943084
0.599138
0.503869
0.709516
0.474969
0.445527
0.732222
0.494344
0.551915
0.506191
0.611885
0.434739
0.590917
0.720563
0.605708
0.663185
0.736651
0.392306
1.24478
0.604859
0.801941
0.408611
0.652743
0.669816
0.510232
0.469126
0.924181
0.533444
0.322448
0.72661
0.650701
1.23201
0.481666
0.294769
0.483275
0.599635
0.46209
0.525651
0.544759
0.692464
1.04626
0.434089
1.48627
0.396834
0.386421
0.79467
0.768991
0.594003
1.25337
0.515527
0.316191
0.521441
0.562525
0.430252
0.41154
1.24246
0.418617
0.461031
0.544409
0.621324
0.623003
0.54033
0.522144
0.615043
0.871252
1.73221
0.513622
0.506531
0.642513
0.544253
0.93028
1.05781
0.510977
0.396335
0.552231
0.542365
0.482879
0.813212
0.672372
0.575987
0.505041
0.482288
1.22411
0.277677
0.345535
0.687254
1.47325
0.434619
0.577065
0.473584
0.574477
0.527286
0.457902
0.694914
0.404951
0.570804
0.440897
0.633592
0.699635
0.53978
0.457509
0.491907
1.53558
0.774463
0.422437
0.670843
0.27741
0.474273
0.455403
1.41253
0.639028
0.565035
0.548049
0.374471
0.405303
0.346956
0.459827
0.482759
0.487516
0.643561
1.32752
1.27043
2.11693
0.883017
0.742068
0.435791
0.498594
0.557478
0.537652
0.794598
0.787389
0.403544
1.19439
1.01865
0.865692
0.673482
0.575934
0.464677
0.434353
0.411894
0.406585
1.43804
0.859244
0.387007
0.558535
0.385821
0.47124
0.526695
0.537574
0.431197
0.820101
0.598227
0.548025
1.47101
0.638631
0.720742
0.518995
0.609106
0.381079
0.623493
0.323003
0.659432
0.422634
1.16571
0.439226
0.497609
0.723979
0.414614
1.6696
0.752958
0.775159
0.444602
0.439438
1.58137
0.547803
0.521601
0.56741
0.572444
0.537044
0.705337
0.59644
0.287222
0.367487
0.364288
0.896376
1.21918
0.452274
0.72579
0.510411
0.541676
0.526054
1.16488
0.383577
0.553785
0.558599
0.409044
1.38687
0.480577
0.556839
0.3905
1.13958
0.5332
1.60581
0.856222
0.571686
0.512342
0.404876
0.426811
0.57514
0.489784
0.399789
0.603542
0.652863
0.430824
0.30218
1.11111
0.776498
0.772235
0.391933
0.427786
0.327006
0.489355
0.578402
2.44466
0.751749
0.429407
0.439429
0.315594
0.547095
0.39232
0.67129
1.26387
0.592885
0.530711
0.635155
0.465051
0.460879
0.408239
0.392019
0.335669
1.02371
0.411598
0.45689
0.478318
0.36443
0.620785
0.597718
0.541831
1.01839
0.504656
0.407533
0.451941
0.783641
1.48652
1.31611
0.492175
0.459234
0.397175
0.362454
0.589668
0.631391
0.838651
1.02454
0.375264
0.602543
0.905217
0.341527
1.31898
0.465893
0.420693
0.45124
0.450301
0.532596
0.378598
0.508136
0.63239
0.34787
0.5378
1.56343
0.627444
0.755258
0.840486
0.428064
0.61945
0.572109
0.684847
0.36409
0.542002
0.442628
0.360555
0.300919
0.390623
0.542133
0.658418
1.43316
0.48061
0.540538
1.10715
1.00023
0.587621
0.787686
0.642518
0.528832
2.27106
0.350336
0.431989
0.614491
1.59184
0.439315
0.443259
0.374075
0.34808
0.431668
0.792267
0.466388
0.649276
1.22179
0.589477
0.411659
0.463896
0.716882
1.02743
0.641024
1.69789
0.526474
0.556804
0.368281
0.868113
0.461823
0.426669
0.576488
0.754032
0.898472
0.689346
0.508913
0.695929
0.747615
0.4783
0.521672
0.427183
1.42194
0.41512
0.587986
0.588905
0.583919
0.427225
0.589201
1.11374
0.542877
0.83313
0.983171
0.475203
0.891526
0.454557
0.472108
1.58174
0.439219
0.391908
1.02477
0.698475
0.538299
0.346049
0.732976
0.638531
0.309318
0.898665
0.424176
0.478567
0.987938
0.599705
0.583641
0.673746
0.428211
0.737278
0.905873
0.743124
0.835909
0.423191
0.532131
1.73745
0.692638
0.441522
0.485377
0.470069
1.21876
0.439175
0.559465
0.353993
0.777283
0.928819
0.457996
0.527457
1.14326
0.760474
0.662071
0.419124
0.553779
0.507416
0.454659
1.04722
0.663122
0.487256
0.374609
0.720153
0.394907
0.562385
0.69789
0.905876
0.746986
0.39624
0.621194
0.591875
0.499731
1.11968
0.517222
0.405977
0.689007
1.85581
0.709867
0.811333
0.79208
0.487469
1.38695
0.421315
0.713251
0.463866
0.374116
0.487514
0.486753
1.22216
1.45807
0.718343
0.296289
0.615486
0.479212
1.29866
1.10718
0.956593
0.514107
0.525306
0.527993
1.0569
0.371534
0.370123
0.363492
1.98088
1.77917
0.542059
0.71291
1.20954
1.08883
0.796932
0.697955
0.942198
0.450631
0.693339
0.457041
0.672856
1.28368
0.411897
0.505324
0.407761
0.438479
0.444982
0.538089
0.513742
0.594118
0.486577
0.665182
0.335289
0.552902
0.37601
0.367298
0.588122
1.52516
0.733571
0.495968
0.393639
1.36238
0.452561
0.848069
1.03149
0.829973
0.318019
0.588511
0.655847
1.45613
0.668248
0.533173
0.636565
0.846726
0.642545
0.423787
0.76387
0.733503
0.419043
0.783184
2.41584
0.567057
0.457137
0.6947
2.35465
0.50634
0.56593
0.380013
0.574497
0.398161
0.496622
0.325565
0.458252
0.627151
0.388091
0.734352
0.441662
0.739029
0.457021
0.728033
0.45666
0.891484
0.714624
0.585517
0.480178
0.451133
1.34811
1.41421
0.481968
0.344269
1.90431
0.548321
0.369034
0.395874
0.413852
0.996833
0.495131
0.42953
0.452645
0.51865
1.01291
0.473452
0.586311
0.369305
0.433007
0.334526
0.523533
0.668707
0.520122
0.436482
0.600381
0.593428
0.413106
1.03463
0.424291
0.768224
0.999703
0.395952
0.367852
0.776537
0.6148
0.559832
2.39877
0.390326
0.732508
0.421991
0.46169
1.28455
0.48975
0.393182
0.89576
0.752655
0.380607
0.458515
0.411237
0.505957
0.634598
0.542055
0.473704
0.867771
0.517492
0.763312
0.640784
0.490085
0.735198
0.441636
0.443469
0.421279
0.406932
0.487861
0.823381
0.517197
0.894676
0.397423
0.503371
0.560806
0.391891
0.551303
1.07973
0.464541
1.08689
0.961179
0.380867
0.53878
0.647471
0.395099
0.380939
1.29195
0.511986
0.401786
1.16825
0.47224
0.542744
0.51186
0.301191
0.618531
0.43762
1.04606
0.378509
0.672977
0.375247
0.670362
0.610504
0.447311
0.403125
1.06767
0.418431
0.580647
0.583162
0.51065
0.467389
0.614877
0.776014
0.379372
0.694999
0.980048
0.614199
0.920542
0.628278
0.619047
1.43563
0.71949
0.362893
0.483545
0.452201
0.51798
0.710453
0.636767
0.378952
0.8349
0.459754
0.608204
0.663837
0.452503
0.456164
0.490023
0.366429
0.679581
2.53653
0.387687
0.748849
0.588992
0.399302
0.390775
2.12268
0.645723
0.494949
0.706716
0.397938
0.330587
0.591936
0.495879
0.67882
0.710658
0.489558
0.585239
0.551413
0.4588
0.408774
0.482172
0.533033
0.373497
0.435823
0.462556
0.578593
0.420135
0.544555
0.423763
0.486472
0.479729
0.378729
0.619522
0.54474
1.44377
0.542213
1.26973
2.06679
0.650981
0.67349
0.494689
1.42763
0.418181
0.393913
0.270603
0.498648
0.663028
0.821779
0.446401
0.593741
0.480491
0.487065
0.412218
0.369939
0.4131
1.10115
0.381389
0.565538
1.16842
0.646707
0.469301
0.772737
0.546729
0.463017
0.665634
0.954734
0.763273
0.54017
0.36467
0.543548
0.345974
1.22733
0.890346
1.31115
0.585292
0.420463
0.675882
0.668383
0.46158
1.19531
0.593469
0.793352
0.848891
0.381812
0.520963
0.31991
1.27262
0.604602
0.418602
0.876242
0.600376
0.9129
0.443529
1.05674
0.440279
1.24476
0.392014
0.458258
0.630461
0.446642
0.437327
0.339579
0.687237
0.792466
0.751552
0.450024
0.402889
0.732019
1.14973
0.552872
0.514512
0.449756
0.467199
0.459896
0.394206
0.478569
0.459929
0.607449
0.439644
0.435282
0.585705
0.465173
0.808841
1.06153
0.990709
0.328387
1.31075
0.842906
0.497086
0.931787
0.242482
0.39751
2.33334
0.384002
1.84787
0.570375
0.513452
1.26549
0.730329
0.500229
0.459844
0.668366
0.547704
1.01714
0.321865
0.552819
0.565728
0.528474
0.578571
0.559814
0.53302
0.528914
1.59061
0.530282
0.303211
0.621294
0.436243
0.669132
0.748416
0.346927
1.34112
1.03008
0.76834
0.740301
0.356639
0.844524
0.318822
0.40126
0.6644
0.945298
0.541141
0.553663
0.92877
0.561826
0.501451
0.367634
0.475751
1.03043
0.42456
1.24356
0.486957
0.650133
0.60962
0.370239
0.399784
1.34036
0.442111
0.38001
1.01955
1.33249
0.542576
0.541049
0.725087
0.464641
0.788614
0.424798
0.497509
0.593035
0.546011
1.01777
0.482526
0.662752
0.611899
1.12689
0.353323
0.555379
1.55177
1.51951
0.513177
1.09355
0.501814
1.84425
0.81993
0.518586
1.09333
0.880328
0.447711
0.481433
1.22554
0.529766
0.539043
0.594823
0.451423
0.400992
0.608927
0.447801
0.408933
0.374176
1.34299
0.61405
0.476862
0.686763
0.525695
0.559406
0.432777
0.478249
0.835027
0.674755
1.01227
0.565697
0.497444
0.563793
1.03496
0.40476
0.478327
0.710724
0.583162
0.774015
0.397526
0.50695
0.488825
0.508426
0.452031
0.771429
0.398626
1.48636
0.504362
0.77268
0.344334
0.992017
0.448081
1.16358
1.05279
0.541244
0.571179
0.831549
0.252034
1.65251
0.71406
0.430991
0.45536
0.671485
0.385547
0.613286
0.471651
0.373002
1.33822
0.575357
0.810495
0.784133
0.843428
0.388268
0.793338
0.628474
0.532241
0.631871
0.570925
0.518519
0.511287
0.608833
0.418809
0.716964
0.619943
1.64051
0.51884
0.596566
0.458944
0.535196
0.50448
1.06981
0.395583
0.58692
0.510892
0.468893
0.858973
0.852821
0.422682
0.443561
0.321252
0.537906
1.52577
0.586603
0.406571
0.552935
0.519434
1.29513
0.383671
0.810175
0.53381
1.29017
0.419008
1.02535
0.996618
0.534507
0.754662
0.647087
0.477761
0.641973
1.44119
0.503797
0.3897
0.497083
0.445131
0.525841
0.645844
0.3851
1.02229
0.392421
2.05242
0.33139
0.556149
0.395887
0.506104
0.628461
1.21555
0.365686
0.952807
0.430095
0.389466
0.351866
0.340356
0.578309
1.52068
0.573233
0.499299
0.530295
1.30073
0.492619
0.4926
0.875051
0.405255
0.365136
0.454764
0.791268
0.84587
0.503301
0.374465
0.565257
0.481531
0.750188
0.675314
0.382154
0.663972
0.85108
0.390251
0.367097
0.39674
0.777345
0.40364
0.386255
0.957947
0.415804
0.739525
0.385155
0.379896
0.60833
0.566681
0.439821
0.50537
0.657235
0.616542
0.307413
0.681473
0.483825
1.30388
0.406058
0.399735
0.531824
0.291867
1.0354
0.44001
0.475271
1.35562
1.60714
0.5971
0.521508
0.576464
0.478986
0.351049
1.58319
0.719463
0.446353
1.8128
0.655728
0.778115
1.81026
0.47589
0.361794
0.539133
0.43248
0.595577
0.610109
0.524007
0.620768
0.498433
0.421113
0.543464
0.807042
0.742734
0.757647
0.676686
1.63036
0.564833
0.440141
0.350045
0.509885
0.410809
1.02769
0.375902
1.29165
0.471053
0.746284
1.19994
0.470999
0.589065
0.617981
0.456091
0.414061
0.84193
1.02468
0.573259
1.05679
0.684526
0.987667
0.878055
0.503643
0.445052
0.766181
0.340901
0.437464
0.764268
0.258407
1.45736
0.719608
1.71207
0.868888
0.45231
0.426102
0.336338
0.487376
0.490955
1.48277
0.544699
0.318049
0.363307
0.326128
3.75654
0.344227
0.485618
0.535122
0.61325
0.417622
0.611226
0.732778
0.790532
0.721593
1.00224
0.711469
1.17924
1.04379
0.476517
0.537197
0.452709
0.464851
0.620656
0.910656
0.676626
0.364628
0.579402
0.863541
0.47668
0.783766
0.498066
0.625953
0.464843
0.451694
0.982388
0.467109
1.0467
0.533811
0.640437
0.78178
0.807267
0.448321
0.958341
0.503553
0.348645
0.472443
0.433531
0.581115
0.355982
0.566092
0.805702
0.506733
0.390633
0.363717
0.487129
1.25282
0.318531
0.427631
0.451139
1.34444
0.730928
0.570171
0.363373
0.548844
0.545193
0.61052
0.786037
0.48139
0.435139
0.506816
0.567648
0.409968
2.18504
0.39884
0.410453
0.435057
1.55364
0.558948
1.07096
0.435368
0.366648
0.543622
0.731865
0.61411
0.500898
0.684043
0.396702
1.12636
1.24156
0.733648
1.39531
0.371112
0.670948
0.475352
0.746631
0.401287
0.422519
0.383018
0.632236
0.527175
0.447304
1.1213
0.694416
0.795311
1.30085
0.600004
0.585787
0.448558
0.684053
0.323269
0.40285
0.40597
0.420713
0.676442
0.526345
0.695578
0.550098
0.587967
1.38123
0.341711
0.768634
1.47479
0.961994
0.717333
0.60068
0.507317
1.63796
0.818467
0.530219
0.552493
0.398277
0.663426
0.484053
0.770421
1.33041
1.01723
0.609475
1.22285
1.34261
1.3219
1.52557
0.408204
0.430122
0.632971
1.06788
2.32803
0.608492
2.22869
0.499284
0.644335
0.471584
0.523943
0.960916
0.689659
1.20748
0.724702
0.360273
0.304672
1.03416
1.16803
0.59249
0.405946
1.0817
1.50933
0.737866
0.360787
0.917559
1.21735
0.814707
1.24397
0.566016
0.708257
0.420833
0.622355
0.395308
0.531053
1.48224
0.531173
0.674272
0.557143
0.445528
1.25436
0.416252
0.306132
0.635852
0.473651
0.566549
0.468416
0.59258
0.703122
0.480502
0.930994
0.471261
0.434559
0.503423
0.7168
1.2334
0.338003
0.497169
0.689603
0.426759
0.342114
1.43176
0.57573
0.578761
0.916497
0.9045
0.534409
0.608312
0.699095
0.861086
0.457793
0.42495
0.413646
0.805525
1.09625
0.954232
0.402205
0.430385
0.549065
0.439043
0.526457
0.467823
0.374149
0.304704
0.576131
0.407047
0.572831
0.820491
0.708752
0.548173
0.510695
0.457245
0.370644
0.312789
0.591359
0.449059
0.599537
0.599652
0.368041
1.46635
0.715437
0.39642
0.870925
0.991472
1.01214
0.357392
0.461081
0.561439
0.903559
0.459524
0.775419
0.349429
0.39242
1.08904
0.694063
0.490197
0.473667
0.444012
1.13676
0.723718
0.380028
0.852885
0.482678
0.669465
1.32653
0.918359
0.397857
1.26598
0.592451
0.725538
0.569509
0.882197
0.96667
0.558889
1.72183
0.790794
0.51157
1.60512
0.592891
0.458338
0.519862
0.479042
0.825817
0.624099
0.539943
0.423342
0.458109
0.393461
2.13643
0.54156
0.343137
0.53826
0.490907
0.285342
1.02909
0.595034
0.34651
0.441848
0.414816
0.475883
0.409423
0.577246
0.469986
0.401837
1.13616
0.970954
0.584232
0.301098
0.808532
2.2292
0.422289
0.704436
1.4342
1.15191
0.391727
0.487539
0.376283
1.10435
0.467475
0.394169
0.401137
0.64513
1.33301
0.457014
1.37269
1.11772
0.604762
0.381495
0.922236
0.577624
0.610715
0.481394
0.444627
0.416997
0.960181
0.316562
0.4018
1.24561
0.331932
0.618897
0.601746
1.47378
1.37783
0.446982
0.471836
0.46666
0.526365
0.571617
0.558589
0.731399
0.694794
1.07594
0.352654
1.57987
0.442428
0.787698
0.673657
0.399733
0.459832
0.581668
0.452085
0.733563
0.688371
0.82488
1.19394
1.64728
0.792125
0.488724
1.03942
0.417494
1.36909
0.455148
0.555484
0.558257
0.380014
0.491913
0.519083
0.493951
0.662611
0.358264
0.509413
0.678898
0.664165
0.467081
0.431712
0.379405
0.42232
0.655478
0.477032
0.996504
0.639349
0.563753
0.674403
0.516191
0.391923
0.373816
1.82336
0.438444
0.385565
0.506147
0.738316
0.441931
0.314257
0.811368
0.595
0.435642
0.414028
1.57449
0.54774
0.333477
1.28815
0.591816
0.769968
0.640953
0.67744
0.362292
0.32856
0.535531
0.574453
0.740523
0.671374
0.604797
1.42198
0.595909
0.426758
0.551566
1.15514
0.890122
0.418651
0.525876
1.04095
0.405702
0.425434
1.03263
0.678787
0.582876
0.729102
0.587512
0.64557
0.762926
0.427969
0.646936
0.367467
1.13847
0.499626
0.681987
0.443517
0.604929
0.686787
0.495121
0.881913
0.323284
0.485044
0.525602
0.66665
0.885006
0.405591
0.690575
2.24842
0.709122
0.360067
0.629642
0.537123
1.95041
0.540152
0.327732
0.7245
0.927406
0.398969
0.426206
0.401756
0.477267
0.457868
0.323143
0.5498
0.479435
0.458177
0.489467
0.739859
0.624107
0.629184
0.557555
1.35963
0.379703
0.382176
0.476855
0.55441
0.8505
0.555012
0.67188
0.402271
0.55963
0.441681
1.09217
0.743213
0.960388
0.504618
0.320728
0.387731
0.329061
0.559381
0.670128
0.684388
0.709361
0.305768
1.29702
1.08518
0.523662
0.608476
0.793153
0.941435
0.539938
0.801756
0.689773
0.370124
1.28383
0.481553
0.622209
0.493295
0.468852
1.89732
0.627152
0.308064
0.331434
0.569652
0.588564
0.785681
0.862972
0.70278
0.471862
0.59161
0.519798
0.426037
0.479975
0.460433
0.423403
0.491353
1.34603
0.810406
0.471325
0.440427
0.895327
0.564413
1.55383
0.531382
0.52207
0.631255
1.57798
0.336352
0.446396
0.466562
0.954102
1.53236
0.563076
0.611881
0.503565
0.428204
0.441815
0.86103
0.751125
0.506446
0.606086
0.350194
0.42667
0.38147
0.428822
0.629799
0.757149
0.953962
0.613189
0.607229
0.374508
0.884378
0.328156
0.420629
0.567103
0.404135
0.537708
0.597187
0.566729
0.466799
0.437675
0.310338
0.866745
0.530162
0.648195
0.331093
0.443788
0.36609
0.352429
0.502784
0.392586
0.615426
2.58442
0.63534
2.33231
0.80715
0.483958
1.25447
0.947114
0.398171
0.748222
0.538168
0.393606
0.873131
0.387238
0.601213
0.791352
0.779745
0.99143
0.527904
0.461634
0.683328
0.490037
0.581927
0.688048
0.920383
0.522929
0.459418
0.478938
0.630945
0.415052
0.406632
0.630166
0.518156
0.477299
0.550658
0.901873
0.748306
0.352709
0.40188
0.434265
0.573311
1.21398
0.471892
0.515166
0.626279
0.831387
0.783273
1.46963
1.93273
0.452011
0.551192
0.946847
0.691647
0.722768
0.523564
0.418582
0.414327
0.492024
1.13983
0.510777
1.12749
0.492847
0.337955
0.350692
0.401774
0.640617
0.663191
0.410449
0.358031
0.697215
1.83411
0.899418
0.554183
0.37582
0.326534
0.741742
0.483524
1.2213
1.83162
1.36034
0.510471
0.471374
0.416855
1.2208
0.797727
0.620703
0.395282
0.530238
0.455063
0.85904
1.05829
1.16286
0.508496
0.436706
0.323901
0.433774
0.525942
0.491291
0.892807
0.646887
0.70191
0.484451
0.386448
0.445945
0.407749
0.960755
0.444238
0.334679
0.644456
1.63794
0.391061
1.44137
0.326619
0.742251
0.906611
0.58129
0.671635
0.307966
0.616359
0.590365
1.00811
0.430656
0.642942
1.48275
0.647395
0.555307
0.463836
0.811802
0.477675
0.509521
0.652841
0.594802
0.472308
0.550097
0.42176
0.577403
0.45681
0.392321
0.400809
0.486312
0.678058
0.422576
0.658796
0.495458
0.367586
0.331483
1.07479
1.14695
0.449744
1.12808
0.46742
0.31881
0.594596
0.413606
0.467856
1.51259
0.834845
0.482654
0.363267
1.31503
0.391306
0.423572
2.16961
0.553546
0.99379
0.778319
0.332176
0.303669
0.693265
0.50624
0.477693
0.653299
0.354933
1.08241
0.87995
1.44049
0.911112
0.703212
0.469094
0.457453
0.494891
0.393663
0.372473
0.47567
0.613916
1.73512
0.3582
0.530326
1.13982
0.349787
1.02724
0.947961
0.568412
0.995426
0.552207
0.500284
0.357253
0.558867
0.423483
0.674571
0.503106
0.408665
0.501992
0.64153
0.335948
0.594625
0.852096
0.420768
1.02198
0.443709
0.46258
0.482033
0.345593
0.623262
0.942672
0.499873
0.433017
1.15242
0.502927
0.779417
0.456503
0.648768
0.904962
0.356707
0.7874
0.330436
0.378486
0.584897
0.35175
1.22395
0.702227
0.727287
0.391316
0.759257
0.52014
0.797921
1.10024
0.606664
0.686567
0.470638
0.759396
0.45891
0.399299
1.64615
0.498024
0.479581
0.382505
0.525058
0.429936
1.114
0.565778
1.14586
0.488052
0.726055
0.417421
0.39066
0.492558
0.904379
0.722062
0.416534
0.555428
0.458289
0.640154
0.829205
0.504718
1.34198
0.745161
0.555694
0.894004
2.00949
0.522954
1.15632
0.608065
0.595025
0.54459
1.1604
0.660561
0.558549
0.324244
0.384633
0.830251
0.326256
1.28001
0.343902
0.431675
0.382032
0.46642
0.490581
1.46684
0.524364
0.498419
1.02875
0.622166
0.697965
0.466295
0.846575
0.99174
0.346297
1.1704
1.95237
0.595124
0.346715
0.381053
1.01979
0.479661
0.985135
1.62462
0.543544
0.376543
1.34083
0.44379
0.449598
0.827027
0.643521
0.74173
0.784403
0.804635
2.05465
0.40029
0.423386
1.21894
0.863681
0.739726
1.1373
0.43883
0.419196
1.36352
0.838861
0.52364
0.482968
0.520373
1.44201
0.339021
0.843641
0.634055
0.760023
0.435705
0.470231
1.72588
0.429606
0.57725
0.433609
0.555588
0.857652
0.52967
0.72325
0.476014
1.34216
0.592254
0.372563
0.479693
1.43985
0.803528
0.648965
0.807587
0.456875
0.561078
0.365072
0.456596
0.442498
0.674335
0.475667
0.665448
0.35761
0.548671
0.568288
0.850448
0.727847
0.466874
1.38356
0.372851
0.608513
0.467024
0.38504
0.526456
0.450351
0.4435
1.77158
1.48052
0.494495
0.573147
0.455642
1.76127
0.34804
0.654103
0.778136
0.34201
0.536492
0.772307
0.702096
0.773124
0.505874
1.16739
2.53838
0.506217
0.329119
0.877174
0.437876
0.480568
0.419178
0.612471
0.481185
1.4475
0.753649
0.628177
2.07263
0.946209
1.15147
0.332449
0.482917
0.529536
0.526631
0.526882
0.416271
0.895103
0.509949
0.540893
1.2895
0.791331
1.15112
0.48764
0.913758
0.708461
0.370646
0.492135
0.538849
0.545303
0.53796
0.638959
0.545109
1.02282
0.376688
0.376968
0.478938
0.373092
0.45385
0.495545
2.57593
0.900113
0.460364
0.817712
0.43026
0.462017
1.82156
0.482244
1.51656
1.11352
0.324592
0.69343
0.380431
1.06663
0.523311
0.356956
1.35173
0.616698
0.384892
0.417918
0.569549
0.442783
0.541238
0.377175
1.49689
0.660767
0.344351
0.929798
0.385376
1.67032
0.469833
0.584675
0.709896
0.35473
1.16976
0.445308
0.928115
0.396927
0.492735
0.415451
0.486907
0.912167
0.404574
0.391638
2.99713
0.521913
0.522649
1.1773
0.544527
0.708
0.518084
0.581107
0.77028
0.379958
0.529873
0.374893
0.539858
1.00452
1.02412
0.673948
0.631857
0.394337
0.365572
1.22869
0.710519
0.835163
0.38539
0.386765
0.457463
0.414483
0.582866
0.651744
0.353743
0.558897
0.850159
0.632203
0.327484
0.421088
0.345949
0.437402
0.948267
0.481658
0.66894
0.478573
0.925496
1.01688
0.770033
0.457843
0.580899
0.49909
0.415548
0.695035
0.411846
0.988202
0.400195
0.690301
0.498808
0.533717
0.41015
0.872526
0.581738
0.453297
0.817131
0.522289
0.779236
0.472719
0.390334
1.25652
0.356373
0.674128
0.443959
0.677432
0.426659
0.346645
0.490661
0.486094
0.59072
0.936299
0.694934
0.721056
0.872238
0.70144
0.447654
0.810672
0.59637
0.4659
0.453475
0.622005
0.511968
0.596304
0.432586
0.407025
0.506609
0.350455
0.553864
1.02999
0.491367
0.693865
1.34622
0.987808
0.572818
0.48923
0.419323
0.581741
0.466228
0.395061
0.408442
0.410013
0.420601
0.304947
0.492006
0.677882
0.386842
0.41822
0.532758
1.42648
1.24873
0.445087
0.451911
0.420988
0.517482
0.397736
0.352617
0.589558
1.26876
0.758524
0.412097
0.597539
1.13422
0.415337
0.575367
1.14566
1.45321
0.527068
0.475831
0.441978
0.578966
0.559799
0.695519
1.01285
1.92945
0.356931
0.361384
0.399335
0.602717
0.458941
0.480665
0.923569
0.455152
0.534795
0.940044
0.468664
0.901214
0.399578
0.296497
1.03011
1.22214
1.43497
0.604274
1.27112
1.07808
1.09196
0.801775
0.547643
1.66134
0.833863
1.08595
1.12666
0.386657
0.315569
0.627788
0.752535
0.802361
0.558054
0.370681
0.578891
0.348243
0.45246
0.455886
0.916822
0.669327
0.435955
0.430309
0.407228
0.726865
0.547605
0.863241
0.458843
0.553158
0.706125
0.478626
0.548926
0.660496
0.394107
0.715141
0.57743
0.604635
0.403223
0.706541
1.43325
0.604489
0.476266
0.594318
0.643365
0.371674
0.453527
0.805016
0.507132
0.490192
0.537804
0.350453
0.48565
0.36567
1.02595
1.25295
0.471111
0.369721
0.595346
0.496015
0.499321
0.540394
0.466169
0.759903
0.635137
0.312109
0.503084
0.459978
0.337791
0.496547
0.793146
0.381246
0.406945
0.448654
1.13816
0.729124
0.561606
0.4955
0.90741
0.515255
0.492337
0.651246
0.60278
2.13267
0.424178
0.935169
0.399525
0.621537
0.59035
0.501808
0.638927
0.552204
0.369294
0.533753
0.399417
0.441379
0.257293
0.920134
1.39278
1.14718
0.440239
0.50173
0.477584
0.499052
0.715362
0.575341
0.641839
0.633161
1.16059
0.459655
0.579748
0.900457
0.961843
0.448191
1.04849
0.388329
0.764544
0.480876
0.403088
0.406727
0.663675
0.510483
0.409623
1.3366
0.612689
0.570723
0.852663
0.656641
0.728659
0.470632
0.625867
0.422966
0.474631
0.448904
0.453324
0.374668
0.559029
0.402543
3.07768
0.758006
0.391693
0.797894
0.525027
0.340217
0.699029
0.441896
0.504632
0.522099
0.877234
0.83931
0.528064
0.738663
0.468098
0.795718
0.624006
0.80668
0.343583
0.627933
0.530186
0.51466
0.564248
0.374596
1.01432
0.970481
0.563034
0.390941
1.10378
0.328618
0.602433
0.690959
0.650965
0.582058
0.445852
0.34675
0.807376
0.53116
0.402872
1.10754
0.435447
0.446564
0.396849
0.602096
0.503318
0.48252
0.379677
0.511372
0.542716
0.447317
0.482916
0.391933
0.974464
0.445972
0.46721
0.579755
0.576933
0.503236
0.403507
0.489512
0.466172
1.17134
0.415242
0.437738
0.589019
0.480423
0.79639
0.539467
0.663606
0.678188
0.780669
0.388466
0.438109
0.507405
0.455001
1.0384
0.483641
0.454435
0.374189
0.522534
1.27695
0.327831
0.458513
0.459175
0.466247
0.458329
0.54115
0.578245
0.734688
0.361608
0.342622
0.818897
0.58909
0.450454
0.517834
0.42199
0.979507
0.570999
0.855262
0.337111
0.990432
0.66924
1.02282
0.412215
0.727646
0.620195
0.590744
0.606608
0.381751
1.50762
0.657833
0.60422
0.552826
0.687804
0.434744
0.422914
0.363569
0.409634
0.654364
0.750922
1.13137
0.542281
1.1295
0.829154
0.410675
0.363179
0.577601
0.636831
0.500609
0.547702
0.464729
0.484708
0.446149
0.431917
0.374426
0.752995
0.434744
0.55073
0.529208
1.0208
0.430443
0.441137
0.743571
0.416477
0.768931
0.498121
0.539186
0.356721
0.482745
0.534646
0.877647
0.424316
0.493743
1.21013
0.608053
1.18135
1.6624
0.41098
0.349198
0.502332
1.61659
0.447431
0.680945
0.495632
0.550706
0.492033
0.438692
0.455946
1.2686
0.969879
0.500479
0.454644
0.410156
0.619133
0.335358
0.871747
0.585996
0.643759
0.900304
0.39398
0.537237
0.557977
1.02632
0.613911
0.473148
1.36612
0.478506
0.549357
0.770203
0.484863
0.734253
0.622159
0.63002
0.687666
0.635228
0.87321
0.874047
0.661379
0.78847
0.598978
0.458479
0.986684
0.387749
0.466183
0.492329
0.924335
0.518534
0.369418
0.558344
0.487799
2.40524
0.771218
0.463442
0.565242
0.308703
0.457146
0.625664
0.419505
0.389901
0.430445
0.366867
0.471698
0.436681
0.369918
0.611437
1.4711
0.841336
0.644797
0.38848
0.574894
1.0685
0.527042
0.313521
0.630749
0.62025
0.442978
0.507264
0.699656
0.552274
0.32805
0.490964
0.443125
0.443796
0.474529
0.623805
0.517297
0.464178
1.11712
0.481248
0.778659
0.753971
0.534123
0.538227
0.847492
0.527981
0.629332
0.511542
0.704012
0.56424
0.465601
0.493048
0.490156
0.64626
0.88837
0.867799
0.646817
0.796384
0.984404
0.362252
0.681738
0.546949
1.30987
0.673125
0.444737
0.734046
1.39967
0.52699
0.46603
0.543024
0.451022
0.467118
1.16581
0.47552
1.52857
0.863061
0.526586
0.549259
0.36306
0.529838
0.506057
1.03009
0.576067
0.579984
0.790264
0.57024
0.673454
0.4236
0.726294
0.490945
0.689543
0.429131
0.474845
0.449172
0.672497
0.558619
0.425213
0.702249
0.352325
0.651312
0.382703
0.58232
2.3188
0.484172
0.702911
0.534483
0.555167
0.70233
0.38266
0.599764
0.87292
0.320395
0.559565
0.541217
0.411826
0.883896
0.39033
0.410679
0.422996
0.319589
0.665852
0.515499
0.483886
0.745962
0.497354
0.61979
0.327151
0.723474
0.609303
0.591073
1.19005
0.605747
1.6405
0.628701
0.426205
0.455326
1.72183
0.534507
0.651604
0.544232
0.475994
0.600463
0.506562
0.510108
0.394093
0.908724
0.640575
1.17792
0.590776
0.763574
0.684837
0.913789
0.530525
0.382989
1.11626
1.02295
0.492323
0.496914
1.74618
0.311292
0.83963
1.26859
1.20562
0.418623
0.996376
1.35197
0.502985
1.06627
0.563507
0.554823
0.612182
1.23257
0.58856
0.432672
1.74605
0.456444
0.481932
0.362758
0.626891
0.58496
0.852114
0.610589
0.426804
0.291681
1.54514
0.538816
0.96737
1.14871
0.696849
0.747623
0.496662
0.45116
0.633018
1.45975
1.06835
0.392185
1.19827
0.439308
0.460099
0.601088
0.470326
0.434972
0.536742
0.397718
0.562063
1.09466
0.616684
0.412703
0.295474
0.559553
0.727829
0.495606
0.398763
0.622422
0.69236
0.475961
0.452398
0.701606
0.400288
0.447999
0.342599
1.79409
0.358324
0.45426
0.713979
0.757111
0.386202
0.750578
1.10671
0.522941
0.80544
0.53632
0.447612
0.427243
0.465292
0.476888
0.81139
0.661471
0.684977
0.45128
1.10683
0.425798
2.459
0.449161
1.71857
0.589222
0.774499
0.91765
0.826111
1.0515
0.32769
0.546875
0.583563
0.541312
0.560366
0.689122
0.796728
0.588408
0.43903
0.500773
0.319617
0.829017
0.462914
0.565853
2.30215
0.348776
0.537434
0.767479
0.405156
0.541573
0.72295
0.62905
0.462251
0.737734
0.363626
0.477468
0.33671
0.50367
1.52891
0.647395
0.470518
1.52969
0.324315
0.477474
0.555915
0.676042
0.631743
0.443727
1.88435
0.518385
0.499416
0.379888
0.871366
0.61151
0.411577
0.504997
0.501689
0.385902
0.798813
0.412236
0.605769
0.996435
0.48181
0.461853
0.333411
0.462308
0.437308
0.572478
0.965403
0.583589
0.576313
0.75957
0.502041
0.495058
0.706882
0.428135
1.17914
0.657623
1.01574
