11.0715
6.71184
9.00646
6.77347
15.5757
16.3492
4.19412
4.8815
8.70278
9.27382
10.2106
13.6185
8.2191
6.00485
12.2783
6.5509
10.9137
9.63023
6.09572
16.3112
8.37047
13.0523
17.3929
11.1427
10.7643
6.93626
12.2777
7.03556
9.88103
10.443
4.59956
10.3119
5.72448
12.2904
13.1029
7.219
6.12039
7.34356
6.93401
6.48392
17.686
6.33165
16.3114
15.7213
12.9299
8.59846
9.91159
9.5443
9.31981
11.3229
5.36824
12.4369
12.7215
6.59192
12.5514
8.98026
12.9529
8.44744
10.0488
8.45466
9.06293
7.38656
14.0193
8.9908
9.10827
14.9902
6.65264
12.6158
8.686
8.2445
8.86059
10.8394
8.05515
10.9028
12.3589
12.7996
11.4395
17.1776
6.37823
10.4042
9.65055
8.03951
7.5591
8.70777
12.8988
7.80198
12.9301
8.3201
17.5606
12.5625
4.32083
8.53302
15.5574
8.77344
6.68184
5.46417
14.8119
11.7434
18.902
12.6686
6.49921
8.91033
6.66591
5.06162
6.03584
9.28611
13.4262
6.47316
8.1071
13.7051
11.2577
13.4743
9.86743
15.8645
19.7812
13.9583
8.53568
11.7109
6.24922
9.83858
21.1356
7.84426
10.9925
4.66329
22.563
15.6591
15.31
5.67946
10.964
5.0429
10.551
8.97384
9.25382
17.6252
8.75041
16.1802
8.20523
11.1206
6.39518
8.98717
8.64221
7.29055
13.4179
9.35503
7.85979
18.171
7.75444
16.4462
17.5862
8.79814
6.79759
8.47509
7.02618
9.09398
11.9978
6.50045
4.74033
7.29616
8.33138
8.35609
8.11676
5.03522
4.29292
5.52084
11.3085
8.97312
7.49905
3.66469
5.78101
10.4042
5.41636
12.2181
7.64944
9.55158
15.4274
6.89207
11.9421
10.3392
15.3223
26.0982
17.3426
14.2993
9.5826
3.78709
11.4944
10.7033
8.88181
11.6939
10.9333
7.90537
9.09662
8.85087
8.63209
15.5606
10.4657
9.04089
12.4442
9.92952
8.7882
11.2828
10.0737
17.1442
14.7993
5.85712
6.38989
14.9924
10.3498
6.23551
12.7055
7.77066
14.3875
10.959
10.9016
9.39871
5.23746
8.12822
11.365
7.69954
9.63988
7.13975
5.80501
8.34651
15.5109
7.43804
6.73892
7.05519
15.6499
9.98711
7.49373
8.78889
8.7033
7.385
8.14343
7.26488
7.66487
7.02349
14.5777
8.64121
7.2477
3.09484
7.06481
8.34945
9.1994
14.3016
12.2144
10.6755
13.3789
9.89862
8.36565
8.99936
7.72107
7.15498
7.6147
11.4873
14.3489
11.0034
15.2263
20.0976
7.28048
8.15954
12.6189
18.2798
8.33979
5.77174
9.00309
10.7341
6.10205
4.30775
9.58538
6.96544
8.59376
4.26563
9.35661
10.8815
13.6114
5.49276
10.3639
8.26129
7.21485
12.4526
7.8828
13.1661
6.16893
6.69617
4.41852
10.1176
4.7201
4.47182
5.70176
5.43073
5.76917
6.37439
12.183
18.2529
12.6167
4.84525
7.57336
5.05976
11.275
8.88858
6.74589
6.48669
13.1149
6.68854
20.3882
7.61193
6.38062
6.61082
15.5427
5.00021
13.1507
10.3089
9.86894
11.2053
12.8572
8.88056
6.86856
10.6308
15.2256
6.73328
11.2423
4.92795
6.80367
7.31807
6.60921
12.5988
13.5456
9.86444
5.67549
9.33862
5.7133
9.42522
8.79307
9.28547
7.60281
6.27607
6.99702
6.84774
8.1852
7.80457
8.22881
11.6615
13.3806
7.60303
9.34547
10.3354
15.4767
14.5224
41.0828
9.70571
10.9078
13.5363
8.32975
9.60586
16.7521
17.0423
13.8808
9.79707
11.644
14.703
12.9262
6.22371
13.386
8.8628
11.3085
13.8392
15.8013
5.47443
19.6097
7.39208
5.79174
3.35941
9.61764
9.16204
7.69958
5.31024
9.42513
19.8325
21.5831
8.5329
12.8565
4.40708
11.5058
11.2736
8.56945
9.59031
9.23864
7.98459
10.0767
12.3727
9.24501
13.2965
4.20881
8.00377
5.70323
10.5519
16.0075
13.1315
8.3234
9.19975
7.95077
9.62861
4.62166
6.47973
16.0405
12.2177
7.49862
5.14205
8.97868
13.0404
5.82032
12.1865
9.13251
11.9195
6.10782
2.77062
15.0911
10.882
6.71071
8.16105
12.2832
8.85341
8.6227
10.0378
10.9655
6.61659
7.7967
6.83476
8.55372
11.7448
4.14796
10.5995
11.1492
5.34177
22.2853
10.6523
6.14081
10.7934
17.546
6.51644
15.1216
7.18144
7.39316
10.6513
10.2789
12.2659
6.9712
6.60129
6.98919
10.2999
11.4624
6.04626
10.2085
6.02849
7.25824
11.8518
11.4509
11.5406
12.0848
15.1259
5.90634
14.6866
12.0364
10.4172
12.0579
10.3236
6.35001
10.6653
12.9857
4.53082
12.4019
22.2206
9.28252
10.9986
10.9158
14.904
5.91541
4.56938
7.8891
9.22227
10.6903
7.04073
7.32309
8.66054
6.57986
7.91914
6.77942
13.595
11.1435
9.62611
3.37516
14.7286
14.5464
6.00144
6.24394
8.42017
10.4565
13.0863
11.4009
9.02282
11.5972
8.80065
13.8231
10.6522
9.15973
10.4397
10.3135
7.71103
8.57362
13.4134
12.7246
11.4722
7.88127
9.22464
17.6133
5.02595
7.9601
14.9007
8.37813
11.5676
14.8725
9.1007
16.3641
15.1635
14.0295
3.97107
8.20425
11.1287
13.7669
6.50704
7.70459
12.9323
6.3998
13.7264
6.7328
8.31587
11.1036
14.1275
9.59883
10.7002
12.5133
9.52218
13.4429
9.55049
5.49728
9.03609
11.2318
12.3923
9.88028
10.5078
14.4025
8.15562
10.646
11.7653
4.91061
6.92982
12.736
7.81527
5.87592
8.71081
16.0452
7.50608
7.93037
8.12033
13.621
10.8421
7.8947
5.21461
5.81239
11.1616
12.9
4.15048
5.97533
7.92094
7.21905
10.7078
15.0223
11.247
4.90434
14.4708
4.88403
10.4481
8.43988
10.5465
8.75757
5.88519
9.73849
9.02906
10.1056
9.21664
14.1937
4.16324
9.52267
14.0245
10.0107
11.8045
5.95899
14.4951
8.78498
9.05681
11.9831
23.9373
6.42521
14.3351
13.4134
12.8273
7.35452
11.4939
13.4542
9.36589
4.81987
9.93722
6.11195
12.7763
12.8107
7.72644
21.5805
6.00479
9.37854
9.10572
7.79245
11.906
10.537
5.59859
13.1099
17.7619
8.89377
10.5535
5.61011
8.80181
12.249
2.79324
9.60164
37.1853
11.187
7.20901
8.15298
10.6603
4.74693
4.94207
11.5818
7.70427
7.9487
9.7175
6.99724
11.2027
8.32754
6.58159
10.889
5.03902
9.5388
11.849
6.51197
15.9041
12.0067
9.94648
19.0994
6.71246
11.9101
6.35496
11.9492
10.1956
16.1675
7.09386
11.4951
11.9727
13.9922
8.69997
8.49508
12.5634
11.6474
6.35799
8.19769
8.0784
8.0386
9.08528
5.10985
9.67048
14.0523
13.9666
7.6854
5.56163
8.01483
17.6566
9.57142
6.95218
11.6014
11.2308
7.85805
6.52744
12.0423
9.59098
10.141
5.69723
6.70362
11.4742
4.60048
9.24269
9.33237
5.64362
11.98
9.00636
20.2633
11.0219
9.30303
10.176
7.51759
8.36753
14.6931
9.79117
7.2057
9.92998
10.1609
8.03904
9.8702
7.26196
12.2526
5.93301
18.0643
12.5105
23.9955
16.9516
12.9078
9.11546
10.4303
3.41118
11.8346
6.67681
15.2492
11.1485
4.94543
10.4868
7.02049
22.1449
7.50227
6.64843
12.2186
11.9789
7.61026
8.52457
7.39231
17.5728
11.4455
19.4801
10.4306
14.1602
8.22785
20.2791
24.5211
13.0028
18.3225
16.098
13.4422
19.863
7.83887
6.83879
9.98539
6.35309
13.6476
15.621
10.6162
6.15575
8.9596
9.30188
10.3024
10.4882
5.90374
7.98195
9.20788
6.49281
10.7303
13.3072
9.40524
4.10549
17.8157
10.922
7.17875
20.7737
5.27011
7.83891
8.22094
15.1277
8.77712
15.7463
10.438
8.68487
8.84666
5.97452
12.8488
5.13342
8.80994
5.91854
4.62902
5.79254
9.54141
15.8142
5.58956
9.14368
13.0464
8.09823
10.6286
5.23917
12.934
7.89434
5.7745
12.5511
9.47577
5.3115
7.24462
5.47277
12.3755
8.87301
8.96353
13.6114
7.12758
9.99562
7.45248
9.50608
8.60056
12.8166
8.68537
8.04299
8.49777
10.9842
12.6758
4.71719
9.73476
8.38681
12.1729
9.26373
3.15241
7.23517
10.2386
7.70385
17.2008
18.762
8.71733
12.5341
11.926
10.5966
6.23273
9.9919
7.60837
11.2851
14.1233
8.9127
7.23929
13.5114
7.90382
12.4982
10.015
30.6395
11.6082
6.55524
11.4367
8.47464
7.21267
14.944
9.21437
14.5224
13.4335
7.45077
11.7124
4.57503
7.08419
9.51373
7.85657
17.931
5.68803
19.9717
8.31632
4.63594
10.7038
16.5623
11.8735
10.8615
10.5426
8.53167
7.86378
15.5477
3.7251
10.1553
11.884
6.72455
12.6233
8.49005
8.62278
5.61903
6.27267
10.6809
9.82733
10.0398
5.66078
13.6817
7.91465
8.37131
9.19203
7.0479
18.055
10.0331
7.59826
5.27657
9.17082
5.89327
8.61396
8.44517
18.19
13.0123
21.8886
8.99763
3.15111
10.6183
6.37723
9.61404
5.92964
11.351
9.10205
7.23868
11.4123
11.5807
3.4325
12.0845
15.1755
18.4746
6.10668
8.54412
8.25925
8.21212
22.2085
9.6785
13.3116
18.6851
12.2828
7.4563
6.89831
15.45
11.103
7.40444
11.2766
7.36868
14.1823
8.89159
29.9231
13.9588
11.0059
9.45417
6.51209
7.84516
9.35429
4.8579
14.0764
6.04488
13.1293
8.57824
6.59859
11.906
5.06594
8.86176
8.02552
9.47458
25.8113
12.0416
10.2395
11.3904
12.2306
16.7342
14.7847
14.3219
5.95998
11.5293
14.8845
10.0388
5.20036
10.0968
7.74152
3.10055
12.4602
18.5102
8.43608
16.251
17.4247
8.64943
9.929
6.61663
6.57396
9.59663
10.9115
6.97366
5.75321
10.0795
5.26101
8.0932
7.80095
7.71507
16.239
10.525
14.2608
5.49315
5.33234
5.86908
7.19662
8.83206
4.91305
11.0385
4.97108
18.258
11.8526
4.99837
14.6549
10.5066
11.0975
8.14751
15.2283
8.39734
5.94336
12.5768
12.148
7.83678
15.5345
26.4104
9.85252
10.5979
4.73901
4.29372
26.4808
11.2963
9.47427
12.4408
4.48543
17.0959
7.34787
5.88495
9.48818
11.2396
11.9337
27.2019
4.5907
7.02263
10.8384
10.1872
8.51079
24.1845
11.9556
23.0685
12.5771
8.5354
7.68432
9.87979
10.2595
19.5315
10.2781
16.1519
7.53331
8.59402
15.6251
8.0915
9.10397
11.2991
7.29631
6.37326
11.0274
11.6847
11.8444
8.3904
11.603
10.4646
5.87157
7.0915
7.86037
5.41037
6.71798
12.2184
12.9048
8.77379
5.53451
6.86822
15.4715
6.19138
10.3162
8.98065
8.9908
6.89694
11.476
15.698
10.5428
14.7847
10.1656
12.0465
7.33631
15.8107
13.3661
7.16643
8.32064
17.2292
9.81053
6.22611
14.5392
4.5557
11.0347
8.83442
12.5103
8.23624
11.1238
11.4299
7.0204
8.89659
14.3181
19.6217
9.66021
9.15219
7.98639
10.0298
10.906
4.57264
12.6997
10.8228
6.5659
36.6587
11.0053
7.49707
13.756
5.29786
11.1119
16.2593
8.49279
6.76353
8.53065
7.08706
19.6987
8.2868
8.19321
6.32516
7.30053
7.37692
13.0213
4.68358
14.9414
5.32999
15.6772
19.934
7.69812
13.0219
10.5309
9.56537
9.34852
12.5894
9.44335
10.3602
11.3547
8.10256
11.5178
10.1726
14.712
11.54
9.62527
11.1654
6.83359
8.33672
8.30381
26.2092
7.34779
14.5101
9.31592
12.0082
4.02118
9.55679
18.6478
8.51986
5.57899
9.95083
13.0721
9.8943
9.49506
8.40337
5.88355
5.99684
11.4261
9.18831
6.17159
10.405
8.09595
13.1163
9.20299
7.06392
11.0808
6.16556
13.2274
9.50739
12.7263
5.95958
11.941
10.5671
8.60461
6.38168
13.0035
8.34364
9.76062
14.8403
10.0527
8.38719
8.49877
9.85192
9.65555
8.08338
11.3228
7.71798
6.0261
10.4232
12.5202
15.7056
21.7477
10.6036
15.0852
6.45901
12.1217
7.76213
6.39438
7.23621
14.6917
4.17493
9.49522
11.8757
5.93698
6.75798
10.1955
11.7402
7.10469
7.34478
14.837
9.14882
8.15434
7.86481
6.6339
10.1016
7.0574
9.11478
7.02837
6.50599
7.03329
8.89596
5.24513
5.74897
5.28863
7.88722
7.94624
6.29329
10.7373
8.8298
7.74658
7.45875
24.9479
9.75873
6.35577
10.4045
6.58542
7.91278
7.79544
10.6046
5.08463
10.1315
13.1421
8.40378
4.03246
6.74634
10.0792
9.79426
9.8958
10.0122
9.47604
12.1869
17.9832
7.45104
16.2098
17.9386
13.0002
8.85343
5.89731
11.3131
6.70265
9.56
11.0191
8.1422
8.50886
7.77343
6.61725
8.46701
12.4775
10.3318
13.5202
5.10701
7.32518
4.77937
8.13334
17.4227
15.9352
8.48766
14.7915
10.5889
6.15239
10.9712
17.0464
12.0974
11.7256
12.0543
19.4932
18.3682
19.166
12.0112
6.88053
6.5293
21.106
12.1833
8.59331
8.71752
5.05024
10.5959
8.9609
6.66124
7.12399
9.83271
22.3823
13.9172
9.56248
8.4412
9.78436
25.7232
11.627
5.27863
9.41397
12.6482
5.00069
10.6072
6.46118
6.71323
5.31151
11.8224
15.8786
6.84528
12.1227
8.74837
13.4624
10.3658
8.40617
10.1173
8.32193
10.7969
11.4564
4.63058
12.5361
9.94624
10.5919
8.66209
23.6298
11.2048
6.75037
9.48511
7.63866
7.86036
10.583
7.66382
8.55937
9.92421
6.33064
9.72899
12.4033
5.55429
5.52938
5.39408
7.73484
8.95017
9.06597
8.11521
10.0589
5.83551
7.0447
9.52757
9.12313
7.57118
7.98572
7.80661
8.75207
13.3672
10.1252
8.64446
7.8543
7.19689
11.2377
6.65255
6.07184
18.1349
17.7627
7.49912
10.1063
12.7174
14.1223
6.68963
8.33251
12.7155
10.0575
5.4527
8.37466
4.31231
9.83446
11.1183
11.8939
9.5824
11.935
11.1638
6.54316
12.2374
9.02631
16.8641
3.00835
8.28866
6.66711
22.0529
10.4045
14.5443
9.32462
3.46666
10.2587
8.21871
15.4871
8.141
10.7934
6.09133
7.79521
21.4137
8.46109
8.21865
10.6615
5.64238
6.89022
9.64581
7.57267
9.39687
7.87496
12.0821
11.7545
8.3461
10.6549
5.53934
10.1326
9.63064
8.2335
9.33032
15.7725
12.4202
14.2433
7.24073
12.26
13.0928
11.1574
7.68723
7.76146
8.01933
4.64342
10.3713
4.42058
8.38905
9.79646
6.78263
12.3857
11.2448
9.75004
3.62398
12.1148
8.15601
6.23694
7.05692
14.6262
10.9547
7.1362
5.89691
8.35724
12.5569
5.40275
7.81093
6.91723
5.77099
6.63812
6.07641
6.81451
8.68313
4.6452
10.6694
13.3964
7.43017
6.96798
10.29
15.7901
11.3178
7.73912
7.27132
5.03538
11.9167
13.4118
8.76406
8.7225
15.2327
8.20956
11.1695
8.78032
6.94262
9.43391
7.12166
5.25977
13.1032
4.31723
12.6369
11.4931
2.72762
5.45794
9.73663
7.59577
9.52304
10.2633
7.16095
2.84998
9.40801
10.7222
6.64914
10.1331
5.8707
23.4689
25.7569
7.74343
6.83078
8.72126
10.0215
11.5539
8.91486
6.16574
6.88474
9.11392
8.80492
5.27426
12.3211
11.6927
9.86438
12.0796
10.4654
6.60519
13.0501
16.7749
8.11062
6.22998
9.2101
4.62995
12.1975
5.63961
14.3018
12.5514
18.0914
9.67277
8.51455
10.3516
10.0406
8.6356
10.4141
9.35492
9.72063
5.88229
6.75319
4.31449
5.68918
7.26055
7.81198
12.8632
13.5131
12.9671
5.79288
9.6024
17.6535
10.33
11.4613
16.3659
8.7922
7.97577
13.4479
10.7828
7.60921
6.11576
5.03421
10.4757
5.5608
6.40244
8.43125
10.7839
7.70619
7.46004
4.58908
19.2262
7.50509
20.1415
11.4954
7.61583
8.9323
6.73393
7.75606
7.31519
4.53411
9.92186
2.89641
5.50905
6.50421
10.3919
9.68444
12.4048
8.13034
9.04829
6.11632
7.0102
9.49451
7.33777
14.5986
5.50897
5.55137
5.37649
10.1083
8.04223
6.92617
9.72961
7.86251
9.79167
5.04325
9.94082
6.50152
9.37728
8.32914
13.1446
13.3237
18.3691
10.5237
12.2846
10.4127
5.97321
13.0075
16.7718
7.86506
19.3689
7.89766
8.09112
8.20711
6.72943
18.548
8.50953
10.8256
13.7113
10.6104
9.05459
7.82343
10.9674
11.8672
6.44983
23.7153
12.2078
11.8991
7.16391
6.80895
6.6082
10.6123
16.49
8.12713
9.68696
9.35031
19.3574
11.947
6.53274
16.2427
8.91946
14.2078
8.45884
12.5724
10.6147
9.94031
17.3272
14.9274
10.0954
13.9863
6.60906
12.635
15.7274
5.31841
14.6996
10.5755
14.5122
10.5238
10.1067
14.6776
13.2932
5.04554
16.9662
8.41438
9.82171
6.66465
5.76995
12.939
12.5916
10.9685
5.2219
9.79496
15.475
11.8532
5.10752
19.2778
6.52649
10.997
10.7725
8.72206
14.4816
7.04871
12.7617
10.6485
15.4011
11.3546
9.33275
7.26869
17.7383
19.7414
6.57648
9.35284
8.76261
18.2016
8.81436
11.4236
15.8928
5.83329
9.61276
7.04382
9.15385
11.89
9.73687
8.37189
7.60172
8.18928
10.0671
6.50678
8.41213
6.03838
8.39602
8.80645
10.4403
8.36901
13.0573
9.11895
12.2295
8.75176
7.96304
12.1896
10.9627
6.09771
19.178
7.78016
10.9834
12.084
16.8934
6.07929
9.3703
8.92068
10.3642
12.3363
8.12974
8.99439
23.1581
11.6034
6.29486
6.92035
5.5704
6.7423
11.0355
10.3252
8.30362
10.806
4.33553
4.57987
8.76633
15.8226
10.8942
14.0128
5.2649
16.3681
6.15829
7.0996
6.38564
16.3806
13.1363
6.64961
8.74151
3.50699
5.26708
4.20359
6.35325
20.6079
9.87313
6.52714
11.8649
6.9131
7.23406
8.88314
9.49361
18.4588
13.1873
6.26309
11.8854
11.467
6.56648
14.7693
8.69142
7.17294
8.33422
7.0108
8.82878
6.08806
19.1975
7.81517
11.044
18.0877
19.0002
6.78716
6.85143
10.6696
14.9314
6.63044
18.9983
15.584
8.01155
7.50325
12.3605
8.77799
13.7676
6.46172
8.21355
8.01651
13.6742
11.4535
6.05714
8.99938
9.85166
10.9632
9.21095
7.75109
9.46536
14.0863
10.5222
14.7324
11.3387
9.44797
5.71371
7.90591
9.16429
6.86825
7.5029
7.79298
21.175
13.9608
12.6142
14.0193
14.5851
20.7724
7.46189
6.65191
8.17505
8.05386
8.40019
14.1552
6.19145
14.6116
6.13666
15.2905
11.8713
8.48962
12.5061
18.0223
8.88711
18.7281
6.43823
10.376
7.90837
9.13794
7.19086
17.1301
9.31696
9.75993
6.14474
17.083
12.7407
13.1503
15.3911
6.31314
9.77797
16.5769
6.26743
9.17259
15.1804
8.44822
7.26623
13.3739
10.9604
9.81635
9.76938
14.9835
12.1206
15.0762
7.87748
6.80024
5.40547
10.2897
9.32239
6.42295
12.7547
7.39357
12.3696
4.60161
15.3488
11.3203
13.1291
6.69173
6.11668
5.79386
17.908
13.2365
13.0769
7.38364
18.7035
11.6331
7.50741
5.91249
15.4368
8.42183
9.04196
10.2518
5.35774
9.77056
4.40546
10.9588
24.9853
13.0598
8.88384
8.98407
12.8917
13.0816
6.88219
8.08527
9.37592
16.6189
8.88915
7.04338
19.6621
10.3252
5.11934
7.06966
10.1583
11.0252
10.1364
10.0599
6.59963
7.60288
18.4018
12.5461
7.68178
5.43847
13.6299
13.2403
9.31668
7.20951
2.29017
6.45057
14.8603
16.9042
16.4941
9.20186
15.5594
5.95956
16.6743
8.49303
4.59557
12.3069
8.30009
8.88009
7.62936
19.0095
10.9163
6.18074
12.1339
11.0393
18.627
14.288
5.17211
7.0013
7.46762
5.91257
13.6546
7.24091
4.24377
16.3322
12.2409
8.88262
13.3468
14.6807
5.14111
9.42673
8.81547
5.42445
11.3942
9.21416
11.2158
11.8431
9.68886
8.78988
14.8214
20.379
6.86846
6.48672
13.7997
12.3293
5.67437
4.8642
7.29915
13.6326
6.61719
4.93689
7.00275
9.72015
17.0587
10.159
3.59603
19.9542
12.2119
3.46235
12.024
3.95926
5.98198
13.9376
8.3584
21.2428
7.38718
7.51198
6.27895
11.3763
6.11721
11.9834
10.978
6.61024
5.64542
15.1349
16.3995
10.6134
5.99831
10.4169
10.0022
15.6868
6.48283
12.7194
9.45517
11.6548
10.3077
7.86042
9.50494
11.5053
9.17809
14.1007
6.02298
11.4822
7.31663
11.4762
23.0047
10.3265
20.8779
7.55357
6.44479
5.56167
10.4197
7.38193
9.12731
9.92457
9.25044
5.37386
8.86631
14.0135
5.79112
6.39785
10.1202
10.4502
19.6787
9.53665
7.06801
5.19058
7.45308
14.2286
10.0857
8.9206
5.46921
8.11017
12.423
6.21291
4.5773
9.80863
7.52387
16.4503
14.279
6.26839
14.9679
27.6562
12.6774
15.572
6.25633
12.034
12.5082
6.41294
12.8195
9.33625
7.59592
5.01267
11.9035
9.15375
4.96974
9.053
3.9768
7.11956
6.42987
10.1904
12.6459
12.6016
11.6112
4.29843
11.9018
4.42464
7.98892
8.61609
10.4262
8.39284
6.89975
8.53729
6.62793
6.05905
8.79777
5.00652
7.55978
10.9634
9.64405
8.5458
17.3975
13.6453
9.48717
12.6186
10.4648
12.4291
7.76118
8.0619
13.6951
6.77983
20.3259
4.28514
13.9692
7.19135
10.5374
12.1165
8.39243
10.0137
4.27796
5.39804
6.94481
10.6255
6.43063
8.41159
13.1796
8.87675
12.2462
13.4823
18.096
16.0913
7.17742
8.92284
10.2108
8.13952
6.30414
5.42218
10.7441
16.2903
8.81696
8.06506
6.2851
8.19803
8.94868
10.5947
22.4502
6.44503
9.17725
7.1834
9.51221
17.5881
9.50586
10.1346
25.0842
8.78689
17.5316
10.2884
5.66212
6.60026
6.13054
12.7829
8.74757
10.8497
9.54836
8.02257
8.7743
6.80374
3.54838
4.63753
7.63936
8.34201
7.75111
4.48689
6.64118
6.39666
4.25607
11.0095
11.73
20.9875
8.46804
5.81719
6.98318
9.12383
13.4509
17.3515
16.95
6.29455
9.05848
12.9713
7.84041
7.12532
4.8388
16.2183
14.6299
7.76522
9.20154
5.8835
14.3742
19.612
17.1477
4.1663
14.77
12.4436
6.63638
8.69553
9.13862
3.57579
10.2897
6.72778
13.9401
9.56246
22.6699
8.07363
10.9598
16.4352
7.78844
7.05406
8.94331
9.43133
16.6721
13.4863
4.83637
5.95422
11.0355
3.29596
9.30305
12.5076
12.6486
12.7162
5.27881
11.0573
3.25831
15.536
7.81978
6.28408
13.6358
11.3461
10.5373
18.5822
15.1141
11.3982
12.8
8.15302
8.45699
15.7903
5.72541
11.6461
10.0856
9.18431
9.21206
4.26833
11.7662
10.8025
9.42079
24.6762
5.3202
17.6164
5.24797
6.64121
6.27686
6.55845
16.131
7.39245
5.55686
4.98354
7.38439
9.34565
14.1244
9.62878
9.24414
6.54867
12.145
10.9228
6.33232
8.79219
10.5277
9.02739
7.79632
7.24469
8.15548
6.46531
13.79
6.747
6.14977
9.76918
17.2465
6.66364
9.18267
13.7305
10.5608
14.2466
15.9166
9.88696
9.96457
9.05329
11.2286
15.0569
8.46343
7.52743
14.4271
6.14809
7.10342
7.4716
12.1564
8.62365
20.4875
11.7761
8.41937
11.6166
8.05264
13.4241
10.1389
4.22649
13.3475
7.74295
5.42096
10.538
7.72266
18.4787
12.4385
16.8819
11.3187
5.68893
7.8909
10.3288
26.4907
5.83678
11.0168
9.88885
8.8388
13.8952
16.4018
6.93018
5.87878
9.05702
10.9442
5.59014
14.8397
10.7545
6.6756
6.52156
6.78923
8.87081
14.3506
7.01368
5.94758
5.01461
11.3753
10.5259
6.40014
4.82643
12.9835
14.1261
10.6628
12.7319
10.8969
8.03275
7.42363
10.8713
8.28495
7.77086
3.53408
9.92032
9.64487
9.05163
8.97611
17.8297
8.87593
8.28984
6.25044
13.4249
6.26839
7.90419
9.33985
6.24448
10.0208
10.9844
19.0859
12.0297
8.07363
5.89123
11.8953
5.6239
9.73106
10.053
15.3638
8.60436
7.11489
11.8407
14.0016
10.355
4.53181
14.1659
5.16183
10.3545
7.12035
7.8971
8.70454
5.17191
8.90038
12.7518
12.4836
8.02254
22.3293
10.1462
7.901
4.26517
7.82807
17.1463
4.6855
18.9638
8.38862
17.2714
13.0912
13.2086
12.6042
2.90613
8.16396
10.2768
10.4687
19.9346
16.257
13.0159
8.41674
8.71154
8.7724
5.1805
14.2436
12.0213
11.1912
7.4018
7.71007
8.22355
6.11085
22.795
6.15362
5.50353
10.4288
6.34037
10.59
24.1922
12.0017
13.7044
14.6615
13.2195
8.82555
7.2203
13.7293
10.1873
18.0329
13.9852
8.01999
9.6702
15.173
11.0006
8.29834
23.5002
11.8987
7.09444
18.1975
12.63
27.36
7.65192
4.43225
15.1715
12.2751
14.1281
11.458
9.27881
13.0143
8.71322
6.53028
8.14206
10.3639
9.14289
4.07278
6.99389
5.76922
14.137
15.2674
6.7324
9.82421
16.0204
10.7726
4.1442
14.0025
7.91173
13.1177
9.65913
15.7476
12.5365
9.24852
8.50119
17.8751
10.6623
3.27335
4.61
11.2672
18.0109
8.7304
9.32792
8.15069
9.56866
9.92915
4.31179
11.9772
9.86168
5.82096
4.52671
7.16717
9.42778
13.5454
9.44034
7.17487
9.05991
16.7989
4.29995
11.0315
7.96387
9.60323
9.49329
12.4822
9.9013
12.7431
11.3916
7.17199
14.6511
6.28439
9.79364
14.263
10.9986
23.2512
12.4761
6.79149
10.9309
10.8618
10.0477
12.4473
6.12798
5.79995
8.31561
30.0422
9.69677
12.8397
7.91008
8.23131
8.94233
11.5352
5.03552
9.15835
12.1667
12.7858
6.6826
7.93226
9.8212
5.88764
9.93
7.0014
17.0954
11.3594
7.91346
7.62515
17.2182
7.33312
16.9628
22.3374
5.82703
7.95456
7.14637
14.5477
9.99889
18.9871
5.51237
6.85319
5.20086
8.80353
9.33281
5.82553
9.40701
10.1009
11.0747
3.25668
4.57545
11.4135
9.07504
9.27549
11.6365
5.67087
8.9973
8.81206
6.55058
12.0151
8.73525
4.60287
7.91298
9.83305
12.1817
17.2285
10.1215
8.9949
5.91556
9.35159
4.53095
6.03964
6.72676
7.8453
13.2536
13.356
9.73224
7.5029
5.1775
8.43213
9.17903
12.1745
9.19494
6.01163
15.106
11.3169
10.4965
8.51479
8.84224
6.71748
8.08139
9.35987
10.2568
23.4505
10.2938
10.6211
4.85128
11.6234
7.14015
11.0268
7.66192
17.5938
11.051
7.45652
8.81389
6.94536
9.18395
10.8699
24.8231
6.22257
8.76129
9.8161
12.8876
6.20178
2.9838
9.32745
6.10527
9.97987
14.9609
4.47967
9.23281
9.96776
6.90589
7.72485
9.26843
4.81294
11.6504
12.4741
16.2945
9.10077
7.98544
6.13274
6.10627
8.74141
19.2269
12.9274
18.6735
5.54145
9.53678
7.50843
5.96113
12.3683
7.65418
11.2611
11.5225
10.3847
9.17528
11.6252
13.4704
7.69096
8.40548
11.9485
8.56889
6.35293
8.82385
15.8034
18.6789
4.30333
8.92512
7.46902
9.05388
11.2821
6.12208
10.9013
11.8226
15.4216
9.81427
7.62193
11.6276
11.9378
12.481
12.1408
12.0367
8.60535
8.88323
11.0371
7.94196
4.59331
9.5671
12.2142
6.8875
15.291
8.66157
8.6182
6.17912
15.6247
9.29506
12.9052
8.92016
23.4973
9.03638
11.3464
4.23515
4.48529
10.4245
8.8131
13.4833
10.4965
5.78873
13.8045
12.0932
13.4726
6.04487
14.3506
4.68821
8.54476
9.06715
11.4733
10.4748
13.6401
6.14389
13.8754
13.1626
11.4777
10.6342
11.0918
11.6477
13.2686
9.02836
13.0234
10.7935
6.91271
9.1827
8.64119
6.14138
5.45124
24.6257
9.71756
7.42313
8.45129
7.11445
11.8361
15.5625
10.952
5.73642
14.3646
9.27733
8.74961
6.62251
14.0786
10.0596
8.68159
6.34953
6.5257
16.9056
5.58004
10.6985
6.74882
6.37106
6.41373
16.9615
7.57302
13.0034
10.8155
13.1561
8.50616
9.20479
5.57462
4.48306
7.50846
7.04582
6.90552
7.75847
7.91084
8.83167
5.16693
9.44716
13.6624
5.63623
13.6126
14.3342
10.1978
13.7803
7.20383
11.4308
8.705
7.90223
7.42444
19.7428
16.3375
8.94774
14.9619
13.2391
12.1614
7.92679
8.33909
12.9271
11.2388
9.23593
10.4945
11.9567
14.385
10.2049
10.0346
7.38615
11.8459
15.583
7.94898
9.86947
5.48187
12.684
7.7504
12.2038
6.71929
4.62415
6.18891
10.066
7.80743
11.5568
11.6041
10.8105
8.47167
7.90677
8.04186
6.05511
9.81787
13.3958
9.85514
13.9296
9.26944
8.89533
6.17677
10.7101
7.00918
7.90314
7.87181
11.3937
8.80836
10.5357
6.59106
7.30494
10.6641
9.9616
15.181
4.30724
9.53018
9.38283
5.79311
10.2519
6.00281
9.90333
8.09549
14.9863
14.0602
7.35566
11.5606
10.6334
12.9627
5.3105
20.673
16.0594
12.1249
6.8118
8.06035
11.202
8.74207
12.2346
13.1117
23.5313
6.66797
4.9787
10.8717
7.00424
16.5064
7.7656
4.65502
9.27577
14.2271
4.68405
12.1277
12.0797
10.082
9.76749
11.614
8.66149
8.6285
7.29678
8.47741
7.33212
23.2224
12.0318
11.1964
5.74282
9.05706
8.52318
6.58234
4.41568
15.4212
6.50421
6.86342
10.2494
10.3669
7.54536
7.94036
10.5498
6.13658
19.206
7.30863
9.89483
14.4415
10.1318
8.60791
18.7438
8.95695
11.6603
17.6684
8.94061
7.72333
8.27633
6.68943
14.3185
12.6609
15.6777
10.9583
8.89566
7.28772
8.69983
6.66789
8.41256
13.0365
8.37457
6.87731
7.92955
6.00548
4.0043
6.53016
9.91141
14.5884
6.23571
11.8842
7.13777
12.1025
9.38227
10.1873
7.79291
13.3357
18.0253
12.9754
7.94982
4.88554
14.2021
7.09265
16.4782
8.84003
4.17475
8.82388
12.3888
7.33698
3.73377
10.9522
8.17763
6.55113
10.2899
7.66734
11.0427
10.8253
10.9742
5.97652
23.5247
13.4919
8.53261
10.9999
10.6395
8.03782
5.79141
9.94999
5.71852
27.2841
18.7951
8.98674
11.0087
6.07103
10.8539
10.0381
13.5151
11.2649
9.48713
8.84755
14.0652
10.6007
7.27134
9.71384
10.0758
7.8667
10.9906
7.19862
12.0986
10.6242
6.70378
17.7343
10.9418
10.3738
6.40274
7.60061
16.9528
8.21123
8.8003
10.2317
14.3454
15.9091
10.824
13.6717
7.1101
9.11629
6.87228
11.0016
7.52824
14.6254
15.4736
7.92626
9.2313
19.9811
12.7997
10.7291
15.2174
5.45139
9.26475
9.54801
9.6201
8.89361
11.7711
5.4989
7.84505
12.0367
6.74771
9.47021
12.0086
4.88586
13.2266
27.4982
8.41219
20.3787
7.70098
11.7702
8.10038
17.4457
8.38039
7.86014
11.6731
8.27042
14.6908
7.22259
5.41253
4.42315
8.5817
4.49508
9.74371
7.76007
8.21858
8.0065
12.9334
11.1213
10.1811
11.5365
6.10972
17.6872
10.0421
16.7908
13.5576
7.84072
6.17789
7.5374
11.1711
11.4206
6.40495
10.1273
10.4563
7.72032
22.1201
5.2157
6.2252
4.47547
9.15475
7.57774
9.31442
8.63118
9.2643
13.7799
12.1717
9.73305
11.4434
5.95023
11.9753
4.1256
11.8704
6.38597
7.89836
14.7531
16.4731
12.3867
5.42226
7.22359
6.04403
9.85895
8.21828
7.42138
7.463
7.26182
9.973
5.76611
8.12168
12.9548
9.81948
13.1978
10.0855
8.67293
12.8133
8.70236
9.79081
10.5461
9.54714
15.405
5.44961
18.6526
9.60123
4.64688
4.77515
5.37927
5.84667
10.2386
7.10706
18.8163
7.77246
9.69939
10.6503
13.2992
9.75791
9.35076
14.6504
8.78726
10.2252
11.3045
5.43725
4.72349
13.6897
6.41742
11.0792
11.0923
10.8339
8.65961
8.80976
7.52699
15.2699
9.98751
8.86787
9.27553
12.2937
6.90403
11.4242
11.1482
7.69203
6.33811
10.5681
9.88057
16.3062
4.77649
8.98888
2.46849
5.97148
9.62752
10.5934
9.69324
12.1489
7.69516
8.16187
10.8148
10.7612
15.41
11.8525
14.6505
11.2822
5.48024
14.2858
6.73248
11.9819
13.1178
12.6411
10.803
5.50556
9.64099
11.072
5.27264
8.79145
4.6949
9.00396
7.50685
10.3455
13.4603
13.6255
9.97694
5.10961
11.5029
11.3926
13.4336
9.32523
9.10246
7.15401
8.26629
10.8774
9.88719
8.01623
10.7786
11.5754
10.475
6.86322
10.2341
12.266
7.62446
6.69169
13.8319
8.27516
21.5434
6.00964
4.77264
9.02822
14.1831
8.85534
11.2068
10.5026
9.45232
6.03406
12.1974
8.57686
6.34585
14.159
14.9261
9.84895
19.9943
14.5623
7.10948
8.45975
7.04384
8.84731
6.89826
7.09452
21.9487
12.6369
12.2565
19.8672
5.6565
14.0517
5.41279
11.0676
10.4064
8.21976
12.22
8.44768
10.8177
12.3611
8.37312
15.4807
17.7073
5.89287
7.05775
11.4693
13.1828
7.83812
7.75223
11.8439
5.06575
8.91012
8.33569
8.56929
11.1828
8.18727
12.129
11.1158
7.66425
7.16753
10.819
15.0907
7.74801
5.80456
9.01354
10.2156
4.9865
22.9655
11.6036
10.2558
5.42038
6.9175
8.24651
8.18778
11.7146
13.8307
7.5095
13.179
4.92662
14.2523
7.99148
15.7036
21.0638
14.5378
12.6633
9.2536
9.30771
8.07123
18.0721
4.65997
5.64498
6.45791
8.91215
15.0326
6.16298
7.03253
13.208
9.2651
4.3661
12.6709
10.6027
11.4668
11.6005
5.05282
6.62712
8.47037
5.6898
5.74851
8.13404
11.3808
8.17383
6.79844
14.1857
6.3764
19.5629
5.09774
12.9027
7.24241
7.32177
9.95322
16.2425
5.68499
15.6442
17.2897
16.5521
16.1629
12.0896
8.01834
6.04182
10.9482
9.57124
10.7352
6.33272
6.63939
17.9436
6.99172
11.6508
8.1188
6.63377
8.55226
13.8805
10.443
6.46184
11.8845
5.97256
9.32949
7.40226
8.86136
7.57684
7.53053
13.418
6.52221
8.60486
12.5908
10.06
9.93332
16.055
7.81733
6.49337
12.8379
7.00057
9.07918
9.72268
11.3075
23.0189
10.8671
13.6465
9.87634
5.73175
17.8397
13.902
4.41025
8.30266
7.03755
10.6372
11.0792
11.1767
12.966
11.3134
11.5903
8.64344
5.19013
7.01427
12.9727
10.8455
13.0544
20.3469
18.5366
12.3033
6.60131
13.1089
9.5733
7.46516
9.55147
6.90834
5.70727
9.13626
8.17985
16.7998
4.34304
9.3893
10.0173
7.14314
6.64373
11.1777
17.192
13.7404
14.1949
10.3436
9.89477
10.9346
8.72677
7.53554
9.88942
10.3686
7.66213
15.4346
6.72492
7.61704
8.73873
9.63135
18.7092
8.92739
16.6813
15.7531
6.36213
11.6669
4.98805
5.88273
5.45411
15.3259
11.8446
5.77875
5.97816
6.00318
12.5427
13.0459
6.99174
10.759
13.1838
11.3457
12.678
13.0867
12.0273
19.6113
8.11264
11.5853
8.44369
9.23588
8.89667
11.7594
9.54235
5.24505
9.10246
7.8582
14.3402
5.3835
3.2103
11.8208
5.47962
11.4155
6.50898
7.80885
12.3035
7.77418
9.72403
10.2772
8.52358
8.69665
5.83754
8.20574
16.1161
14.0032
9.94801
7.00384
6.15299
8.71332
7.00514
12.3956
6.10018
7.60848
11.1817
8.99162
14.6234
7.01837
6.08237
8.38099
14.7083
10.361
7.00269
11.2716
12.8246
8.43303
4.37737
10.1648
29.0512
8.71094
11.0696
13.1721
11.6111
12.1225
8.28379
9.91607
8.73938
3.28594
7.83632
8.97598
4.27912
6.86481
5.7196
10.617
12.3434
14.8802
12.4668
7.99928
15.0798
11.6532
9.21111
15.6222
12.4364
14.5287
13.4114
8.74666
17.221
14.8409
7.98684
9.94605
9.92913
14.7538
6.30432
6.58592
6.00036
12.5504
6.7344
8.61872
13.4534
10.5372
11.8277
8.03461
9.57158
21.8165
12.515
18.5539
21.0991
4.86975
8.94901
9.45669
10.0973
12.2256
18.4276
21.5229
8.67665
12.3612
3.64753
14.9477
12.4413
13.7963
21.1996
9.63386
12.6221
6.8036
4.70679
14.0789
8.79235
15.6702
9.32581
8.06539
6.79005
13.7026
11.413
11.3661
11.1798
11.9608
7.04801
5.04436
7.30343
14.7871
8.02019
7.32114
6.02003
5.77403
8.61611
7.79049
9.78674
9.36211
4.40168
10.0533
10.6181
8.1874
9.44983
9.77247
9.34131
15.2661
9.97741
12.8918
6.88603
11.6698
20.1464
3.2003
4.94503
7.70511
11.6116
14.3144
10.5117
12.8333
11.5546
8.17257
12.2046
17.5532
4.97912
6.09848
18.3678
15.556
18.6052
4.63301
4.28397
8.53746
11.0543
4.24277
9.16867
11.0433
12.6128
11.948
6.52468
6.94085
7.3042
8.21615
9.98728
10.7466
8.17887
9.0253
19.1992
7.9089
7.82211
11.2482
8.42669
14.0895
14.5928
7.38578
9.15061
3.50326
15.9409
10.6663
10.5469
18.6629
8.25028
6.04922
6.86785
12.4115
6.84148
7.66445
9.07818
12.3327
5.73052
14.8417
19.2044
7.82673
10.6853
11.4913
8.32764
6.11686
5.56513
17.8315
10.8074
4.38326
7.82407
27.437
8.40582
9.81606
12.2135
5.9882
4.32883
12.3592
10.1478
10.3434
8.25859
6.44234
7.61469
11.4905
19.7042
6.29571
7.81531
6.26856
6.90057
8.0983
8.79773
6.3436
5.33217
17.0033
19.0418
14.2868
10.1735
7.09029
19.5802
9.45025
9.48044
10.1266
6.6242
7.31098
15.903
13.8597
9.45978
7.54655
7.99874
11.5314
18.6808
7.00471
18.7293
7.7568
5.99072
13.6028
14.1602
9.69731
10.9698
8.2762
8.45161
5.9813
7.87563
11.0284
7.69591
9.296
11.1147
10.313
11.2647
5.65355
11.6117
15.0621
6.36838
5.53097
13.7119
8.6835
7.48814
8.09485
6.71767
8.04079
9.16668
7.73559
4.9775
14.7039
5.77852
11.7999
9.36271
9.96333
14.8326
5.7349
13.1744
6.11799
10.7737
4.00311
6.71862
19.527
6.25824
8.87634
10.1271
14.1888
22.2145
13.9916
4.47509
26.2432
5.51902
13.3578
15.4555
8.28117
10.4092
13.9568
6.72649
10.0647
8.38933
8.23033
12.9208
7.821
5.11536
7.89215
14.1526
8.20489
9.17286
5.83608
6.63534
7.6436
9.76945
8.03564
12.7484
6.08344
7.90495
6.86367
9.52141
9.65164
8.0216
7.15582
6.07619
11.9613
9.82279
12.1512
5.28582
8.89092
17.1897
13.7324
9.91163
7.75695
5.82248
5.20648
17.2307
13.6222
9.99385
13.6129
12.5773
17.331
20.8375
8.07137
10.6206
5.26167
11.9326
6.51083
17.6955
7.45891
9.97094
14.7847
11.4181
9.29256
9.93983
7.81606
5.73414
8.18937
8.6007
10.7246
15.4528
13.3695
8.62916
10.6903
6.83213
5.25181
13.9788
8.1504
6.78211
13.8235
14.4218
12.5347
7.74682
5.9539
8.382
8.86636
9.92506
17.8613
8.98326
11.7948
7.12501
8.48748
7.3181
9.84674
8.78123
6.70354
8.65324
15.1541
8.4032
9.1871
5.20115
14.0906
7.74278
10.0449
16.0943
9.69428
5.60465
8.54223
10.0923
10.6497
7.35006
11.543
12.0762
8.90345
10.5413
9.88169
22.735
11.5135
9.73108
16.1443
15.9981
12.5037
6.62061
14.7665
12.187
10.3665
12.3489
6.93514
6.70252
5.25717
8.113
6.20186
14.4369
9.99448
13.32
8.3512
5.20156
16.5579
6.90223
9.68481
7.85709
9.48118
11.5179
6.86077
12.4029
21.3283
7.2296
7.90627
12.2223
14.3133
18.0296
8.35385
11.7442
9.74847
24.5212
3.80938
13.7349
4.13755
9.11653
10.8382
8.20267
12.3148
7.11801
12.7618
9.36139
7.54946
7.72383
6.26272
5.87058
11.2457
4.15241
13.2527
13.9925
14.0184
9.01186
4.80659
8.22395
11.7039
5.47125
8.63067
8.82686
8.01803
6.24241
4.12038
6.40778
8.2901
16.9979
7.4903
7.505
10.2718
8.12338
16.4759
7.0591
13.6361
10.1518
4.38872
8.59398
14.1132
13.0232
21.7749
12.6117
11.369
9.70661
13.3849
5.8606
8.74241
10.5104
15.9273
7.38176
18.3266
5.99413
9.25766
5.39288
8.30953
6.9597
12.4961
12.3411
8.40313
11.2282
6.53751
7.66455
11.659
4.38602
6.63604
10.0106
17.8479
7.44242
10.3041
6.46351
13.3546
14.5091
9.50101
8.28038
7.68221
7.34177
7.56825
9.0358
19.0216
12.3482
10.2579
8.696
7.13253
5.59828
15.073
13.3487
8.28404
9.54324
11.0023
8.77648
14.769
14.5357
15.2576
12.0358
8.05035
8.3764
8.89075
6.24419
6.30577
5.64362
7.04529
8.0544
13.3483
11.3373
5.11649
10.8351
7.57037
13.1333
15.0465
12.2183
10.5779
7.62666
11.6264
11.8151
8.28186
7.26523
5.4611
7.21892
9.69572
14.6081
12.8718
7.29567
44.8175
20.3678
12.2232
14.6247
10.5129
15.9506
10.8691
14.3952
3.76002
24.7214
8.43624
10.818
7.80968
7.7537
6.98806
11.0778
23.3226
7.6442
12.4104
16.7797
5.9009
9.50181
10.2237
12.3691
8.96843
5.33993
7.30619
13.9501
18.6336
8.3808
11.4287
8.24494
16.9959
12.8575
8.24489
6.42961
5.79869
8.9583
9.09497
7.22243
11.8828
6.45396
7.82449
20.2274
7.99376
6.24043
5.3737
10.4039
12.6107
14.8388
15.3059
4.64904
14.4307
5.57637
10.7751
7.31114
6.16241
9.66212
9.23851
5.53675
6.04564
9.75908
11.393
7.65901
6.79537
7.54541
8.75237
7.82994
13.6018
21.106
8.01405
7.46004
12.7335
10.6412
6.34057
10.9374
7.71623
6.3597
8.74106
14.5306
17.4725
12.7916
9.20859
9.21797
7.9591
10.2099
7.8093
5.91361
7.17442
11.7698
8.70501
6.12063
10.1674
8.88509
11.8833
10.2158
9.07931
13.7377
10.9848
9.62713
7.8854
12.2142
11.7893
10.1289
21.4713
7.91955
5.86798
11.1316
6.24128
7.48359
13.1701
9.57939
8.90108
20.9326
9.69812
11.684
11.3351
8.22068
10.9276
7.09461
16.1043
13.7554
13.1489
8.3228
6.48098
10.0186
11.1804
7.03128
8.61118
15.278
10.9419
7.56678
8.29472
15.1766
9.09626
9.33454
5.96576
14.7267
10.375
4.26195
7.0157
9.6078
10.2469
14.6672
13.7847
15.4107
8.33927
20.4816
4.60511
9.22328
14.9228
12.2882
7.18005
13.9317
6.57315
4.78385
16.2137
11.6245
11.3624
6.399
5.41815
7.85457
8.82506
14.0194
7.98965
17.4841
13.2293
7.53722
7.67402
18.496
9.86512
14.4671
11.1097
4.69818
13.4749
9.36779
14.1395
12.6857
12.2902
12.3778
7.15129
12.6244
7.12321
15.7587
10.3755
6.52602
4.95907
8.46909
11.3303
10.5729
5.97976
7.6469
9.46233
8.83758
13.2481
9.49117
6.61808
7.63776
10.0155
14.1139
15.1138
8.21086
13.3733
13.3491
8.6664
15.482
16.6928
9.98133
15.3161
13.4279
3.99675
17.5974
7.924
9.26666
5.49161
10.6748
10.6721
21.2027
12.7682
5.7684
10.0745
17.3875
8.64783
9.62904
10.1901
12.3634
9.54714
10.812
10.6473
23.8293
12.6799
9.33829
6.42009
14.6748
4.79576
5.19799
7.6598
8.42734
7.12891
11.0715
5.98023
5.44888
12.3819
6.08434
7.55613
13.825
8.50306
10.2818
7.55131
14.6793
8.7405
7.65301
16.3424
11.1871
22.521
9.92045
9.76631
11.0139
6.11871
9.56821
9.48473
11.1857
9.46303
15.6613
13.612
4.06862
8.58792
11.6179
11.6357
20.9489
7.7134
6.25732
14.6175
9.5316
9.37379
7.58928
14.1024
4.24069
13.3614
17.5005
8.39414
13.3565
8.58716
7.01627
5.45977
5.18595
16.9511
11.5406
20.5028
7.50232
20.9195
13.7032
7.15495
12.3165
21.8729
13.3647
7.18807
9.78667
15.1712
8.22712
8.82726
14.192
11.9359
8.87798
7.26573
9.23862
10.494
7.7809
8.20047
9.22882
8.11285
9.81508
13.4784
6.90052
9.79034
10.8531
20.1956
14.8273
12.7782
5.39891
5.37903
11.0065
12.5033
12.1646
6.53975
15.8789
15.0299
8.26395
9.34929
12.412
12.9801
11.0338
7.76238
9.34538
11.4881
14.2147
21.4713
13.6012
22.5569
5.23719
6.66988
8.63119
6.81757
18.1041
10.7664
8.19098
3.94685
8.32729
12.5249
11.3316
10.4774
16.4814
8.06881
7.78183
6.03985
12.1611
11.6886
11.8753
9.44405
8.99843
7.30113
4.87398
10.7961
7.40096
15.7999
11.017
16.132
4.30803
13.9257
7.56557
9.62513
9.7283
5.91739
7.82325
12.1874
11.1428
13.353
18.6961
7.05507
12.364
10.006
7.75833
6.55787
9.78063
9.39963
7.8964
11.3009
4.32696
12.4614
5.75956
8.35408
12.0884
17.1115
11.7293
12.7012
5.89762
7.36683
9.39604
8.55314
3.36016
14.9752
9.79536
10.6483
14.5735
7.05201
7.07921
14.0237
13.6699
4.76452
10.8396
22.8528
6.76167
7.47241
8.12593
8.71495
8.10416
9.74944
18.2995
9.67548
7.16154
10.8804
8.22566
7.83717
7.68116
7.96877
7.82253
8.27368
9.12033
9.21766
10.1175
10.1334
6.81306
5.02378
8.22156
6.33281
7.33403
7.68971
10.2884
6.65581
5.96023
8.55539
13.4706
8.80817
10.6098
8.41988
5.07682
15.643
6.72326
10.8955
6.30925
9.302
7.1028
5.06533
11.2191
8.90525
9.93299
6.99507
8.72453
11.4078
6.51459
12.1342
6.7933
7.89957
12.4223
10.6864
14.2419
8.73871
12.9559
8.55006
12.9226
7.99189
11.4128
10.886
7.31659
7.61871
5.6559
4.47927
13.1609
15.6765
10.4582
10.3423
5.78087
9.66182
7.86547
16.4661
8.21802
8.29027
4.75494
8.76103
6.92483
21.8358
18.2607
8.30778
10.6638
10.952
18.2563
7.57042
10.9264
11.2073
3.54054
3.68204
7.78725
9.5074
16.1666
6.87647
7.84656
7.21176
21.5735
7.44349
18.0645
5.58622
14.9345
12.5347
11.7107
17.3338
10.3531
14.3314
13.2752
9.15589
8.77344
16.0969
8.87427
18.1453
14.0227
17.8346
7.08518
5.96125
14.5103
11.8072
12.13
6.98346
5.55867
9.7408
16.0545
8.01852
9.62417
5.29158
10.4268
5.14067
2.41445
6.42643
13.7801
14.6707
20.6967
4.48787
10.5504
12.7559
9.43287
7.42811
12.8751
11.4907
23.8703
8.47002
12.7129
11.0373
14.1043
15.0884
6.18645
6.94125
15.4862
12.5069
14.2936
5.23165
11.0768
20.8357
7.04588
21.9842
4.85209
9.75525
10.1298
15.7981
9.09403
12.1104
8.03218
22.1921
19.7545
7.12023
16.5507
6.5508
11.2291
15.5859
8.36676
19.5441
8.4686
12.6327
8.20649
9.81447
9.06452
6.14807
6.514
11.7191
6.25556
11.0095
15.5026
6.62703
9.91015
3.8072
21.1194
7.69944
6.52762
8.07734
9.49955
16.1078
9.0427
9.41705
18.7872
12.7939
8.49266
5.92423
14.7494
16.6352
8.6693
17.128
5.06581
11.5278
9.29601
15.1379
9.6813
13.8602
10.3115
8.54784
5.11048
8.65071
8.52049
10.2262
11.1605
4.06829
15.3472
7.59429
9.60079
5.44593
7.48801
12.193
7.19989
10.0886
10.5353
5.86012
7.04686
4.39179
4.77396
5.56774
6.73042
5.01076
15.5401
9.98625
9.08685
15.8984
9.71054
2.83497
7.40404
9.96861
10.7793
11.7036
6.08999
9.9605
7.42445
9.87174
16.3331
9.55812
11.0586
6.54329
8.12563
3.54236
8.11785
17.3255
8.16936
15.0165
6.82167
8.41524
8.64039
7.1532
8.3359
7.71768
8.07496
8.99996
10.2647
13.209
9.51718
19.304
4.55959
13.6289
9.93559
10.2551
9.31167
11.1762
8.61918
14.6144
11.9333
10.4144
10.8477
20.2333
2.29034
12.653
7.15536
12.7982
7.73306
7.6732
11.1499
5.73223
5.93124
9.26447
8.45616
8.53962
15.0986
6.2842
7.19882
4.43358
20.3821
7.62551
16.6342
8.03553
13.0307
12.1023
9.93305
20.1076
7.39961
5.59523
9.35664
14.6904
11.8416
8.15965
10.9657
16.977
8.0261
5.90362
4.88964
11.4069
8.68489
8.69106
10.5171
6.74479
6.18113
9.18064
9.35424
9.43364
9.44956
14.7654
10.1969
7.88101
9.07178
16.1647
10.6255
4.91087
11.3737
11.4667
5.40621
13.8628
11.0858
36.6149
10.5754
8.47546
2.50579
4.54287
15.6002
9.72886
3.81153
8.69902
10.3776
21.2124
8.44711
14.8003
14.1377
6.65349
8.86426
8.15551
8.87516
4.97431
13.7358
14.4003
13.4665
5.63272
9.31326
11.197
12.2431
14.8799
9.70981
13.7378
8.54917
11.3153
21.8613
10.5187
6.53824
9.11959
5.73593
7.35313
19.0872
9.17465
10.7586
10.1159
9.76073
14.1708
17.3683
6.65471
12.3178
7.40352
7.49543
16.1151
10.5066
9.96245
6.69445
13.5976
12.2798
14.0611
6.8783
13.2312
11.1704
12.8366
9.16998
15.2686
10.8834
9.69257
10.1787
21.8975
6.83437
7.18251
12.6324
7.76144
14.7651
12.0401
5.88202
10.1795
15.8099
5.94818
11.4525
13.7435
9.81277
5.69791
7.61394
16.7604
7.31451
5.98692
8.34323
5.89476
6.08773
16.2809
10.3198
9.33434
5.29468
6.53794
7.07758
5.71291
12.6153
9.04673
9.44817
9.62058
6.47818
13.2699
5.68365
22.9964
5.22629
11.0831
5.02061
13.7977
3.95797
7.54119
10.5088
14.5367
11.2402
11.8156
8.33057
8.07472
12.9641
12.4284
11.432
11.1366
8.57668
7.37096
11.205
7.43713
6.50245
10.9134
16.0852
11.2752
8.39867
12.4566
11.1306
13.6753
9.64326
7.98055
6.16884
11.0765
7.14369
5.96968
12.0593
8.63876
6.91014
7.9944
6.81775
16.6345
11.6059
6.40285
4.72803
11.0504
5.41013
11.9136
8.31167
11.8865
12.4259
8.00706
9.04342
8.39865
14.0849
5.82923
14.3174
8.67658
10.6132
8.60405
15.4901
8.01741
8.88355
5.67608
7.54342
10.9596
13.0328
8.14981
14.562
13.8988
20.0531
6.29363
16.1326
5.9586
14.4755
8.4475
10.8757
8.78163
6.24443
13.8846
12.3848
27.4069
10.1987
7.88214
9.44928
7.46858
6.1153
12.0212
12.3933
13.487
20.7913
5.1263
5.98989
13.6732
12.5154
8.90358
10.0266
8.28969
13.6254
13.9703
5.73848
6.20845
4.09535
14.3584
6.74095
4.26721
14.1166
9.28537
11.6174
8.40589
7.85953
12.3425
12.5321
12.3993
17.9235
13.4317
8.85109
24.3412
11.2292
8.6982
9.7523
13.795
7.98407
12.1242
7.06343
6.92268
8.90591
15.7704
6.69134
7.94315
15.888
11.44
14.9086
8.89169
6.71788
6.63957
9.03022
7.87093
8.26551
9.4262
10.533
9.32969
16.9781
10.8399
9.83371
5.86173
6.66039
9.21674
8.85673
7.78799
12.167
9.92551
19.8584
10.9634
8.96458
7.69874
8.79047
10.2166
8.14371
6.88269
5.80456
14.7599
9.73055
12.0234
13.7173
9.32486
6.44493
9.67965
12.2628
9.73589
9.83173
8.98302
8.26836
9.68854
11.3714
8.97298
13.6358
8.47164
5.72085
8.95787
9.1098
16.677
7.83594
11.0402
7.43411
4.599
9.69736
11.2999
9.86014
7.5764
13.2385
12.4353
11.6536
14.0796
10.3462
8.90936
11.5011
6.95939
12.8111
11.3694
12.3185
10.4455
5.85457
7.2617
11.3221
8.44665
11.618
7.50395
7.77381
10.2469
11.3558
9.94264
10.1842
9.97809
11.4277
5.98525
8.95324
12.5155
7.981
8.93159
7.46327
13.584
5.3339
8.38627
11.4856
11.2708
12.4179
6.2497
5.649
8.44126
6.97112
6.50064
6.0966
13.7603
10.545
10.382
8.74443
8.65995
7.98851
6.73899
10.3877
7.1031
6.71067
10.4278
11.6882
19.1162
13.7401
14.4461
8.87158
6.49097
10.2113
11.2694
10.3391
14.4735
12.2733
7.8032
8.98784
10.344
4.96506
12.3955
5.00088
16.9462
6.41409
5.11403
10.6244
7.54916
21.1223
12.0768
19.7521
5.67588
11.5366
8.48924
12.8036
10.3104
8.76818
5.55241
7.8385
11.959
14.1229
10.9587
6.30101
9.81213
15.6527
9.74357
9.91254
10.4565
14.8643
17.0315
14.0205
18.2566
8.22518
6.43356
4.28589
10.9844
9.93418
16.9965
8.47106
7.19036
5.85126
10.7756
6.77301
12.4384
12.3657
18.7039
6.92338
11.0121
8.81414
11.2243
10.5634
12.5369
9.01928
5.96742
8.20014
9.20722
12.9573
6.5761
8.80047
13.4836
10.9257
11.5117
7.81191
10.3379
14.7675
5.47301
8.4323
7.60691
10.8819
15.0331
7.07651
13.7106
8.64908
15.7774
15.2324
10.0041
5.53893
9.99321
11.5745
5.25909
7.12236
12.7385
11.1822
6.30907
4.08066
6.48864
7.92684
16.1895
12.6538
15.5215
14.6174
11.5455
7.04373
7.82232
17.8606
15.0953
8.80614
11.972
12.1923
5.27778
6.15905
5.96424
9.22822
10.6836
12.8849
5.77173
15.7554
8.3556
4.40942
18.2198
15.364
10.0371
8.09278
7.76299
9.51366
13.9851
18.1967
4.16139
10.6522
13.7009
9.17786
5.0375
17.0269
12.7249
12.7282
9.05156
8.03647
7.62728
5.0469
12.147
9.58212
14.3987
6.5633
9.74675
11.9983
13.2721
7.50897
4.3759
8.33737
13.3658
5.4112
11.2777
10.7783
9.43684
8.31438
8.11724
10.794
7.63261
9.79468
11.1998
7.70041
5.59135
14.5776
14.9464
8.72083
3.73774
18.5561
8.51024
13.3617
19.263
9.40217
10.4731
3.76669
7.41958
4.36171
9.83374
8.83265
12.7922
10.4131
10.4717
12.3062
5.32563
10.1081
11.0053
7.22082
11.572
5.13104
9.98232
5.41066
7.58753
5.95262
4.8645
7.31923
7.92494
7.84479
9.79546
11.6245
5.83312
8.87904
7.78605
11.1047
18.6961
10.0949
5.75172
5.91092
7.01021
6.19848
9.55781
7.4071
9.42414
6.88126
9.23017
6.74465
8.35238
15.6689
3.86326
9.01631
11.9697
10.9905
16.6805
14.2804
17.5461
10.3767
8.2339
9.75035
22.6957
14.7963
8.6374
17.7011
5.99168
9.9414
12.4526
4.79082
10.3296
9.07933
12.2356
10.9994
9.16592
10.9799
8.24394
15.5144
26.5279
5.7235
9.42354
12.9622
5.65145
17.8456
6.9849
7.26537
20.7048
8.43705
11.1849
9.45019
12.1498
8.2379
12.8062
4.91611
14.5684
12.4386
9.72468
11.3593
7.93681
13.2488
10.607
8.74738
4.21183
12.7778
9.96752
5.12192
12.733
7.77343
9.49137
12.8599
8.87268
7.53658
18.682
8.06005
7.91879
9.86876
12.436
17.4843
8.89705
15.0152
13.9083
8.63847
7.18755
7.30825
11.9909
10.8457
3.60519
9.75891
8.37177
14.4674
9.28967
7.94985
10.7949
5.11621
25.1955
8.10038
11.0544
7.61624
17.2636
8.87288
8.39117
6.88715
13.0926
11.3836
10.6304
9.35613
9.58146
8.29154
10.485
9.6212
6.60799
9.01513
10.319
4.69109
14.8264
7.28646
12.1787
9.15087
9.34597
9.52006
10.4637
13.0035
7.81877
13.1705
14.3591
5.96738
7.31464
9.28446
21.4569
4.30078
7.24216
11.6693
6.68667
17.8139
8.64707
18.7573
11.6144
7.26905
12.9167
6.98415
14.6944
10.5996
13.8645
10.8319
19.0591
14.7039
11.718
24.6457
7.22455
9.01536
12.1654
3.65986
10.0058
2.30694
10.4551
14.9078
5.33681
8.64469
7.12775
8.26397
9.09589
4.06476
8.03574
10.8873
17.3735
10.516
8.30217
10.1286
4.81079
7.52391
8.32691
8.43815
7.67204
7.62735
6.47628
8.21068
11.7846
6.72917
8.98474
10.4333
7.49093
10.8009
10.924
23.3161
10.422
15.1918
3.5586
6.2533
10.2775
7.47767
11.9645
9.65579
14.5863
10.0934
15.0488
13.7813
9.30091
6.68414
11.1962
17.8517
10.1914
7.62989
10.6541
6.56929
4.32927
14.2406
9.29629
9.4123
11.7667
9.80734
16.1077
10.6207
10.8504
7.88968
9.97011
23.849
8.02405
16.3968
10.8983
13.2486
10.5262
5.74779
10.7489
6.50589
12.7348
5.64594
13.406
7.41393
10.4449
3.59019
8.6673
9.02859
13.5334
7.51245
9.87872
10.838
7.5173
10.5244
3.40132
9.74955
6.52222
7.51436
10.7584
8.24103
26.7787
10.8756
9.56731
13.0948
13.6844
7.19709
11.1842
9.00608
4.63976
3.24212
6.03269
9.2139
11.1624
12.6472
12.4823
10.5757
3.45237
17.1253
8.64803
10.5714
11.5911
7.55048
4.52178
10.8232
7.82529
11.6102
12.1795
12.6317
9.84453
6.96712
10.4222
17.2309
9.66963
12.3455
11.8208
14.2509
7.98056
7.15346
6.98317
16.8055
21.9673
7.50948
11.3999
6.76002
8.67555
10.4282
15.1603
27.6992
4.5595
12.9897
8.271
5.18401
6.88491
6.26067
9.2071
6.20808
10.873
9.26553
19.9874
16.2357
10.5086
15.0628
6.73525
9.278
11.8756
20.1469
7.61344
14.7838
12.9035
7.42768
8.09622
9.88705
9.18125
14.79
6.63619
10.9243
10.6555
14.8526
9.4734
19.1923
6.87528
7.40603
16.6041
10.5151
9.22385
20.5756
8.67982
10.2988
16.1106
7.26896
5.19888
8.27182
15.828
3.33404
12.069
9.24399
23.8207
7.70421
14.8211
11.7008
4.83613
5.11439
11.4283
6.35448
4.8955
12.202
6.54184
11.9655
6.90288
12.8536
11.9953
9.83125
13.3717
9.32273
11.3404
7.3151
4.96137
10.9757
7.8637
16.9052
10.154
10.0683
8.7997
9.36359
12.3504
10.0707
10.6262
22.3224
9.72262
6.55218
5.7086
7.21206
7.23643
9.56838
9.84059
11.1599
5.78265
8.69519
6.97905
12.9046
9.30624
10.8373
17.4623
8.43939
10.4585
12.0721
11.2064
20.7491
7.53338
8.17319
10.4424
7.55331
3.93009
14.905
4.88092
11.8253
5.1812
8.51519
7.57756
13.2484
4.53256
15.6889
11.3105
10.117
5.6115
9.39114
10.64
14.1708
23.5421
12.0607
6.26593
8.19918
14.243
7.04227
6.82572
7.47747
8.15758
16.0151
5.81078
8.47322
16.4005
16.3174
18.5498
12.925
8.74242
8.76864
14.0432
8.06549
13.6819
17.1922
14.3498
9.63764
10.6165
9.06909
9.06553
15.625
9.91311
11.6459
8.59457
5.53646
8.89186
12.4118
6.98122
7.54497
8.64701
7.35711
5.58856
5.2986
8.45111
6.5902
6.69183
20.7492
10.5215
5.95353
11.1136
7.54365
16.1702
18.1068
9.01779
16.065
8.87713
21.8146
6.37385
10.2369
13.4419
8.55683
10.0562
13.2351
5.01844
18.216
6.29093
11.8366
7.87449
13.6278
9.51924
12.1366
6.75568
12.6771
9.87336
10.4085
5.24257
15.1242
8.29104
9.06972
6.63817
9.06911
35.2896
7.7565
9.47973
12.1358
7.12892
11.9445
9.17034
19.3165
8.34231
10.4327
8.9365
8.20988
6.36627
9.65489
7.36024
6.72541
5.50294
11.7744
5.39113
13.3152
5.46559
18.5744
8.29717
8.18444
7.80105
5.10967
4.40309
8.19692
11.4971
12.5064
20.2188
6.10498
8.78988
4.93194
4.5378
8.28633
7.56359
7.10007
7.68233
4.89419
7.52344
8.46186
10.1658
6.30684
13.1866
4.80869
9.06897
8.02177
12.4615
11.1506
9.68597
10.234
4.83492
7.5762
5.51221
13.105
14.7125
11.5872
14.7212
9.94945
4.78629
9.11005
11.6866
25.3731
16.5456
10.7494
6.80525
6.06927
12.3535
15.1421
9.11634
14.0306
24.7995
9.39444
15.1134
6.45338
5.53457
12.6408
7.14994
8.86719
10.4231
7.53875
6.08676
16.6721
7.16738
7.78344
6.41077
19.6766
9.13335
11.5848
8.45521
8.70548
3.67746
7.4478
10.7871
9.53877
8.52684
15.4859
13.35
6.86563
15.5232
9.56141
5.0574
12.1732
12.0174
6.913
8.7021
12.6107
5.29141
11.1769
13.4943
8.1189
12.0925
10.7345
7.1854
14.3974
7.42446
16.795
5.80111
13.2705
10.2274
8.37912
10.6712
7.70694
7.54468
11.2427
7.25843
8.77588
12.4145
5.2964
11.1351
8.24643
8.13942
20.4469
15.047
12.8104
8.4881
10.2671
16.05
6.10885
12.3262
7.90482
15.4014
11.5797
5.98179
5.96044
12.5251
7.16132
12.1363
7.03217
17.0138
7.41285
8.45755
12.9143
15.3773
9.14831
10.4065
16.3221
10.0878
15.0078
8.3121
10.5541
15.2599
8.37267
12.049
6.9334
4.87435
8.28118
10.212
14.4554
18.9988
6.41748
20.0538
12.3132
5.16407
9.60797
9.77617
15.4116
7.63394
13.0563
9.80079
8.39443
11.0487
11.1794
2.75057
7.28327
8.94578
12.8756
9.93767
9.87927
6.25221
8.38082
8.90477
4.97766
6.98413
16.885
7.86027
12.8529
8.65796
20.9838
10.9847
6.30067
5.62314
10.23
7.0015
6.88622
12.7102
10.6339
7.96523
14.1808
8.02796
13.6883
11.9946
8.17494
8.42961
14.247
17.7507
14.9947
13.5164
12.5654
4.52801
9.04363
9.97211
7.60073
10.2889
13.4345
10.2011
20.1996
14.3767
4.63672
13.4443
11.9175
12.897
10.3023
13.7847
11.3884
28.5643
16.2651
9.63663
5.00835
18.0867
3.6395
7.02688
18.2128
14.472
5.44335
5.95549
13.4041
6.29518
5.52336
7.20831
6.52386
5.50443
6.06549
17.293
9.77023
8.24472
14.0492
6.2961
11.6501
7.93196
13.2781
7.94702
16.4578
5.69361
8.36587
7.60953
11.6086
9.69138
21.4229
7.18567
13.5154
16.9083
10.3469
6.30009
21.2321
7.40124
10.7376
7.65535
13.1941
12.9454
6.31383
8.86487
9.72147
11.8181
15.0949
5.97765
5.4997
9.61132
5.86216
9.78525
7.88679
7.84091
8.87025
17.5153
7.84798
7.31778
10.0246
8.70104
7.87842
13.7714
12.3604
9.0738
7.88799
8.53981
11.4263
9.66444
10.7086
20.1038
19.3677
5.51314
7.79676
6.46505
7.48398
11.1704
12.4872
9.5421
5.86472
7.65125
10.5733
10.019
8.24361
13.6496
9.16614
11.8493
10.9327
3.91562
9.64743
7.5322
16.9428
7.01063
15.8935
13.0957
8.01765
13.4785
11.6144
10.0602
10.5342
11.386
6.42178
13.5244
10.3738
8.84755
9.24887
13.1137
4.21135
4.53191
8.90011
5.93735
11.6481
7.82601
7.63198
7.7459
6.28413
4.61438
13.1986
10.9386
6.29742
8.44946
8.64894
9.13758
8.54524
12.8874
7.4594
12.1445
8.85977
8.79532
9.71899
6.167
6.80857
11.6134
10.8645
7.94558
14.3263
11.1552
11.0191
5.31456
5.83554
9.14513
7.07644
5.21683
17.1509
16.5694
6.44106
15.3744
8.31537
18.3522
6.43354
12.8653
5.81735
5.36089
9.09498
6.33905
3.77517
11.0884
9.55635
5.14817
17.7992
11.4641
8.0419
5.17348
12.3327
9.67225
12.5802
9.75494
7.47677
12.191
5.57688
4.62236
8.04437
9.76986
11.9184
5.30958
12.1616
9.6097
4.50924
6.73373
9.06895
6.01231
11.8391
14.281
18.9983
11.347
10.3661
7.57907
6.90976
13.4799
7.25234
8.15107
7.93621
7.07614
7.65489
9.82209
6.74453
12.023
5.4036
8.15645
27.0014
7.94373
7.86808
13.4017
6.06321
5.65603
9.52487
11.3964
9.1607
6.22958
22.1274
11.6058
12.3819
6.17932
12.611
7.1957
8.05756
6.91545
3.50884
5.99849
4.28043
7.45856
10.8641
8.00186
6.07637
13.5687
17.9776
5.47827
12.107
9.15041
18.0447
4.95278
8.29911
7.57881
12.9852
13.7167
8.4111
7.3769
7.68143
9.24666
17.0823
11.5946
13.2849
5.33025
9.28141
6.68283
6.75891
11.3754
9.98219
8.81404
19.2629
6.41061
9.48081
15.0177
6.88167
5.61552
11.7425
17.7238
17.6423
8.93344
7.7732
8.36243
8.33347
10.2207
11.5409
12.3606
19.3443
7.7011
7.18717
18.0081
8.52203
3.62954
4.70513
6.72457
6.77603
11.5434
9.43049
9.37213
14.152
5.68556
6.98322
15.3089
13.5077
6.66613
4.81038
5.92775
5.53891
5.68607
10.4461
5.39414
9.0176
7.61281
4.53914
12.3765
19.1685
8.2117
23.0748
9.19485
15.2876
10.853
9.08272
11.3012
10.8189
9.74808
11.6209
13.5695
5.0339
10.4378
6.19699
5.06467
9.11998
12.5552
16.9762
6.07363
10.5533
17.0895
7.68836
7.2863
10.8182
8.44574
19.057
7.76604
6.27427
13.3572
11.2411
8.45916
6.60969
9.15742
8.8744
18.4432
8.91455
7.60566
12.9987
9.73191
17.7543
18.8395
7.66343
8.66897
8.39611
9.74471
12.4815
3.61241
6.75779
11.4222
22.7139
18.8028
16.088
9.11891
10.0147
10.6219
9.75521
9.43062
7.75529
5.55876
10.2987
12.2676
13.6056
8.59443
7.29387
12.8438
15.1814
15.5282
9.25988
11.6743
7.12605
12.044
5.87536
7.879
3.5087
11.1539
10.2796
10.8164
7.07533
6.07469
11.1725
11.2834
10.4519
7.44854
19.0369
7.65099
6.8357
8.71244
9.95175
10.844
5.13469
7.44666
5.02668
10.4405
11.218
5.60151
6.94234
4.70294
12.454
11.4329
9.44461
14.7959
9.09284
10.5975
6.93464
13.2299
12.5862
13.9993
12.1685
17.9557
15.5523
8.3401
12.0124
6.53376
11.648
9.8471
10.2967
8.05168
9.58849
17.5833
8.94031
10.1107
16.966
7.83809
9.16512
5.99
16.5175
21.6661
15.0581
7.23338
10.4159
11.6879
8.20198
14.6194
8.64194
9.25244
12.9826
19.9168
7.57278
10.0997
15.633
9.65409
13.5308
15.045
18.7585
13.8945
7.80037
8.24868
6.1393
8.48184
17.0089
23.0185
11.2218
7.6025
19.006
11.1086
11.2833
10.1714
15.038
15.2658
7.60278
7.36461
7.08684
8.60171
5.77838
8.61913
13.1819
8.91037
10.2171
10.5411
6.60788
10.6721
8.60612
7.76143
21.5246
8.41252
13.8917
8.23896
9.68309
18.8085
12.8316
11.8569
10.5726
12.9936
12.2129
5.41002
12.1151
8.84591
5.54167
15.0906
11.3494
11.4168
12.0605
10.5446
17.9359
7.4989
10.55
15.5505
10.4359
10.6993
6.80115
9.00089
12.3303
7.27337
11.5464
14.4541
10.2469
9.03188
9.48032
9.72646
10.9718
7.42866
12.2894
7.47312
11.472
6.73518
13.5834
12.2354
11.908
10.2402
8.04985
14.0079
15.9067
11.9916
16.9709
6.20628
6.95149
5.63017
14.3124
9.07021
14.7707
13.1948
7.4442
7.16086
16.2407
7.94458
10.7728
11.9549
17.772
3.42135
5.46504
6.34214
14.2445
8.87104
9.47586
19.313
12.3975
8.05909
10.9306
12.0033
12.5075
12.9811
10.2726
15.3784
13.1645
11.5072
15.9974
11.9704
5.78364
5.89217
8.15206
20.888
8.38298
8.20819
4.21375
8.64597
8.28114
14.4654
7.03797
19.4779
17.0066
18.3792
4.68633
9.05654
9.81391
5.69332
11.8459
15.1967
14.5315
8.8534
7.76245
8.99176
9.13409
4.94657
10.8559
8.49915
18.3599
6.57876
15.9392
7.64785
9.89459
7.22785
8.77951
11.4291
8.32985
13.7209
9.65659
11.4439
12.4356
12.3823
4.32682
7.71943
18.5332
15.4384
11.8126
6.06753
11.6754
9.58491
15.2822
8.63426
8.43372
11.1221
21.3725
11.3055
6.67774
16.9095
12.9417
7.8627
16.6096
11.2147
4.45994
8.05428
10.7693
4.88272
14.011
7.0543
4.75259
11.6721
8.31587
6.54468
13.269
10.7815
8.04512
9.52801
11.9292
13.9312
10.2898
14.4983
9.98796
10.454
10.796
14.1061
5.72207
7.10321
11.5492
8.06931
8.29137
20.5627
15.256
11.6527
10.803
7.79763
9.86472
15.3192
15.5785
10.7229
9.01494
11.9771
8.27482
9.16607
11.0978
10.6403
8.80519
7.07117
20.347
4.37048
5.19807
7.4353
5.00518
13.0509
7.51726
9.84627
7.14621
6.89463
7.32056
15.3066
10.5401
11.2325
9.54161
7.58262
5.6221
13.5463
9.0195
7.80042
9.92903
10.3411
10.7436
10.7669
10.6319
4.84761
15.3922
6.05869
10.7241
9.89529
10.4023
6.83722
12.9916
12.2048
7.43384
5.77866
8.18722
13.7639
14.3962
8.29014
7.89097
11.086
7.84717
9.36465
8.47655
7.35765
11.9547
11.7495
9.9714
11.5003
8.53064
10.2486
5.99134
5.00779
5.77123
8.80927
12.2914
12.1715
8.65549
13.6075
12.8444
7.03366
9.06242
7.68099
9.46892
7.86539
8.86301
5.95553
4.62112
11.2291
6.46594
11.6786
13.4864
3.89533
10.2069
12.6308
3.16412
5.92173
7.47508
9.02482
9.6271
6.97738
7.63407
9.15802
12.2285
7.51988
11.4709
10.9061
14.2347
7.18197
6.06845
18.1417
12.9033
12.0529
6.45594
9.99263
8.31871
13.4781
11.7677
8.93372
13.6965
14.0792
12.1898
9.98827
8.59525
8.23662
7.86078
16.0112
15.3973
10.5001
6.34991
9.76952
10.564
15.9314
7.75719
10.4064
6.47851
10.2102
5.79183
14.5421
5.00478
11.3901
11.4284
8.62531
20.434
6.78174
11.3508
6.78238
13.357
12.5835
7.99725
9.32965
7.92877
18.8928
7.80856
4.42694
6.62633
4.11042
9.88153
3.87056
8.96492
7.2217
6.74147
6.13407
11.7617
11.0142
11.0654
14.4091
9.32056
7.59215
8.16379
8.97185
10.0035
7.02176
4.89469
11.9516
19.9926
4.7783
6.57925
14.4369
4.28644
6.22792
11.853
8.87983
4.51678
10.2378
9.9497
9.88793
9.04829
10.3972
6.93724
6.72072
9.26021
9.57673
6.36258
11.1023
7.25776
7.02472
10.3206
8.60558
10.2967
7.97598
21.5089
16.5106
8.23103
14.4449
6.43979
9.32038
8.6067
5.62157
5.05793
8.39531
15.0913
8.07199
11.1057
4.76308
10.7967
6.98763
12.4612
4.03698
6.61319
14.8953
9.77425
9.6095
9.80298
9.44252
5.22939
7.20133
11.1955
8.42511
5.36798
6.36529
7.74864
6.86083
14.5358
12.9225
9.8707
5.04169
5.7594
26.1806
7.81379
6.23052
12.9975
11.7228
8.51823
7.25307
8.34988
19.0811
9.7674
6.3469
4.08975
6.7501
9.98375
10.4336
10.6451
15.9032
4.67929
6.54525
7.91892
13.8741
10.3417
16.8014
11.9827
9.1302
12.821
14.9484
19.3882
13.4068
12.8451
15.293
22.0922
9.26369
11.5631
17.8477
17.0025
6.92705
7.61312
11.2449
13.0211
7.27673
22.2873
11.3893
14.4471
8.48115
10.6814
7.86477
5.16778
7.78706
12.6234
8.48296
11.5436
6.19469
21.9613
11.3382
10.1519
9.579
7.99932
8.13225
17.1964
13.6405
16.5067
28.1183
9.02511
5.25453
10.8441
8.97883
11.1216
9.98854
11.5225
6.68201
7.24075
17.5123
15.9717
15.1522
10.2637
8.39695
7.22376
7.83759
8.95199
18.0263
7.99528
4.51898
11.1762
12.8672
8.94515
13.6452
7.8708
6.76141
10.9716
7.13985
4.7533
7.19113
20.5959
12.1419
28.1523
6.39329
8.93826
16.1031
11.8924
7.59667
8.60524
7.48836
10.7886
10.436
6.13979
10.7897
8.10377
13.5385
12.4396
6.8044
8.63558
6.51073
8.0322
17.6809
11.435
5.97597
12.8151
6.67892
10.0351
9.00583
8.55576
14.8772
10.3511
8.57207
9.94235
19.5305
4.47385
8.74195
11.3348
11.8966
7.173
9.92186
14.1639
7.7912
10.8988
11.0226
7.49404
10.0566
6.39847
7.21217
19.9989
13.1545
12.0422
17.0883
5.41582
8.4907
15.1716
6.60625
5.88407
5.78447
7.39409
9.37694
6.14629
16.5332
11.544
5.14766
5.80428
10.8627
15.1701
12.1931
7.26973
17.365
5.91572
5.81374
13.2454
14.3568
17.3363
14.5297
6.83712
15.5446
6.16901
7.94453
4.03958
14.1803
4.71089
9.52344
5.29945
12.7854
14.5585
15.1414
7.53669
12.5603
14.2834
6.37919
9.17571
11.344
5.95226
9.68328
20.9808
6.87685
14.8771
18.183
4.46511
22.7103
20.9428
11.7788
3.43808
11.6453
6.51893
16.965
8.65995
15.6114
20.4767
6.30528
13.0966
8.28466
6.83249
7.77723
17.6164
10.0009
14.6881
7.34916
6.30753
10.4147
9.86505
11.2503
14.4301
5.76655
13.9847
13.2691
10.3015
36.5386
18.974
7.04094
5.63271
14.1839
6.81917
8.3516
14.4668
13.6044
8.98385
12.6468
4.86798
7.44745
14.5819
12.6355
7.61179
6.32612
13.6209
10.2942
8.405
7.31712
20.5051
10.481
14.6531
11.3804
13.2715
10.821
8.32686
12.9152
9.92078
11.7605
8.22045
13.5725
7.93215
16.1304
8.41095
10.4073
8.76505
7.35114
12.0563
6.43889
12.1275
5.12969
9.98164
8.56467
9.52531
23.2154
6.27868
8.9877
9.57708
12.5975
14.1433
8.63226
8.14632
5.8903
37.3914
12.6553
6.78465
10.4426
6.54124
7.32661
15.9387
8.71667
17.3085
18.5288
11.2367
7.94692
9.35531
6.62834
5.30883
9.71015
14.6643
4.70841
7.96991
9.26353
9.75569
10.0117
13.3123
9.34348
17.2112
7.09314
7.58585
7.52861
16.9249
17.3177
12.6652
6.8454
10.5795
5.88742
5.80416
5.68764
4.50667
14.3648
12.1204
12.712
10.1167
11.3364
11.1147
6.76225
8.3144
11.6745
8.05281
12.7688
9.37752
9.51719
8.93626
10.2034
7.75497
16.694
8.29369
8.08396
8.94237
8.35843
9.48574
19.1525
8.02949
7.37419
4.37508
7.99626
13.6441
11.2081
22.0282
13.836
11.8348
16.3178
12.4366
8.88754
7.58352
8.46668
17.0348
6.51655
14.9718
8.10794
10.3641
9.14207
6.18251
14.6205
7.2734
7.04767
6.5943
7.03028
11.2667
12.2344
13.1563
9.40001
7.30993
13.0638
9.17523
13.5685
7.14781
13.4628
9.49586
8.70845
7.82017
7.50558
10.593
6.60927
12.4243
7.55551
12.6842
16.2187
4.27901
15.6533
6.73851
8.52762
12.5993
7.04521
8.34064
7.91377
9.88811
9.05906
6.78623
10.6413
20.0408
10.716
8.79977
8.24711
8.88646
6.27316
6.01959
10.0393
10.417
11.0862
9.47059
15.2105
12.4082
8.78806
6.28541
15.5904
8.48321
8.31435
7.98526
7.73641
7.46493
11.2836
11.0761
16.8235
14.6877
13.5641
10.5739
11.5203
12.594
10.046
16.7886
9.43324
10.3302
6.79233
19.3285
8.68359
16.3693
4.2878
7.79476
7.05364
10.3473
5.92292
11.3259
4.50639
9.6942
13.1755
16.5153
22.1104
11.265
11.0765
9.07777
7.22423
13.6404
7.88741
13.0787
5.23253
15.753
8.41361
7.77196
8.84435
11.1773
8.06956
6.01489
9.67111
9.29938
7.22837
6.51053
5.76619
11.3008
7.74046
5.29397
8.58425
13.7594
7.74014
15.7354
22.6607
15.7434
5.95566
6.40996
5.89663
5.9825
6.49287
6.37312
13.7242
10.4432
11.9566
4.56254
13.3161
9.66966
10.1068
6.22273
14.1653
9.39898
20.1197
5.88545
5.39891
11.377
10.1314
8.72403
6.10165
4.84239
7.30965
5.35525
7.88902
6.67011
13.5489
6.26283
5.70356
8.85692
10.6175
19.1895
12.8731
19.5284
7.12079
24.4848
9.03496
6.13464
14.0558
9.04098
8.08751
8.54867
8.56827
6.96169
8.31413
4.53575
5.80327
15.7267
7.05739
8.51519
6.94313
13.5105
7.59237
14.0385
4.27796
12.0758
14.2903
14.0826
10.1242
12.1648
7.88673
9.04718
11.7698
6.35968
4.72926
12.3196
10.9753
6.41478
8.27827
11.1732
6.38791
10.5309
9.53159
7.65166
3.37761
7.55903
24.3989
12.1815
9.15239
4.67182
11.4814
5.73768
10.0103
4.86823
8.38096
4.61589
8.65131
11.6947
6.68751
16.1218
5.82511
11.4321
15.2678
9.45604
4.21753
7.79696
5.867
6.66278
11.8364
9.17584
14.0558
6.65284
5.91868
16.1072
7.35207
9.78636
4.05167
8.3397
10.5429
8.71772
11.398
9.27075
5.55064
17.7681
6.55838
11.1422
10.3346
8.36494
6.52911
6.06317
8.08682
6.98132
13.2244
7.95705
10.5792
7.33764
12.1994
11.2505
7.58955
15.202
10.3759
8.46821
13.0124
4.49959
8.08999
9.09806
15.2675
8.16983
7.40682
12.1341
16.2015
7.87097
6.66861
13.5731
11.819
11.8653
10.1288
8.90789
8.28258
13.7074
6.72526
9.9071
12.0773
22.6882
9.49013
7.11975
10.2085
4.64908
12.9684
4.99079
7.88653
5.33916
6.47737
10.4158
3.92651
14.0313
7.0591
9.0375
6.74324
8.23466
13.8798
8.67699
10.3788
7.69588
12.0581
16.6744
14.1686
6.87323
6.61347
8.35894
14.3676
9.50422
24.8168
13.4383
26.16
9.99732
12.4531
3.30052
17.2703
5.46537
11.1983
6.88035
5.85367
9.2444
16.0401
10.4115
9.60281
17.9176
10.886
8.37219
10.9098
11.2602
3.52638
11.1293
13.6958
6.9285
22.1113
7.72581
16.7572
4.19887
11.3399
16.1039
10.037
5.98623
3.07672
11.1608
9.82265
8.29499
12.1958
7.83455
8.44915
18.0804
11.3663
12.7185
12.1235
20.0807
31.7834
8.23681
11.7961
5.25273
14.3564
6.59969
14.497
9.29332
7.67955
5.77591
6.54401
8.41575
9.654
10.548
3.08818
8.62581
8.62758
21.995
6.75219
8.56572
7.82985
11.8166
17.863
8.89848
14.8363
13.2581
7.90952
8.48966
5.24827
15.1934
15.663
4.69493
19.3817
11.6469
10.8335
9.97834
15.804
8.44687
3.83592
18.5561
11.1502
3.23791
17.9805
4.23096
11.0578
12.5442
6.0316
9.83109
10.9563
18.8246
4.70528
12.5289
7.74131
13.7248
8.90973
5.66429
6.83758
9.0313
4.93094
16.4492
5.76547
13.8545
15.1812
5.50584
12.8693
10.4517
10.6634
3.20504
7.30828
6.78566
10.0709
11.0052
10.1394
8.66825
10.4405
9.95933
9.73138
8.13886
13.7568
10.4878
9.49199
6.79126
6.9851
17.9683
7.67604
13.3867
9.76808
10.7866
9.96606
9.12645
12.9879
7.85675
5.96117
7.49027
9.75647
9.85529
13.4505
14.746
13.8267
5.7465
15.8632
5.47665
7.79484
9.25166
4.82187
11.2259
18.5173
10.5936
26.1938
12.5236
22.6489
10.4769
6.88181
6.25228
8.57105
7.57407
11.1791
5.18575
10.8641
11.1791
8.5428
11.8719
8.32769
7.51726
25.0963
12.5606
10.3049
22.2905
7.59725
15.5216
11.0871
8.40032
8.21536
7.10079
10.4187
8.76474
29.5244
7.30561
5.02475
6.06988
9.72719
11.3844
9.80356
9.44957
11.4252
10.3436
8.54706
6.74811
7.19319
5.32913
8.61025
4.61334
5.60681
4.64023
7.58822
10.6333
11.3362
7.26743
11.2767
14.828
6.36786
3.81414
10.0705
8.15174
8.17868
13.2022
9.75924
14.4402
9.08385
3.60318
6.41314
11.8808
14.9688
6.69731
10.4297
10.6155
5.72229
10.0125
8.82958
6.22023
7.11106
13.8478
6.1166
10.7138
6.44499
7.11928
9.2196
11.7034
9.5296
9.03853
11.8503
9.72866
13.855
13.2417
9.73644
9.40168
12.1157
16.7817
12.3321
8.90736
9.41683
6.1619
12.2227
6.27984
15.2907
5.44826
10.2214
7.35223
13.5147
7.16428
7.4785
8.24304
10.135
8.71506
7.7837
10.4451
10.1831
18.9424
4.42831
15.163
8.95544
7.874
7.92694
6.72319
14.1144
6.85546
10.1807
6.26294
12.9069
7.90952
5.20948
15.983
5.36027
11.5743
14.1711
12.3537
9.93399
10.6877
14.1766
7.73404
13.0057
9.12149
8.51654
5.88664
7.24348
8.98303
9.1697
5.80138
8.73659
16.0812
9.9276
3.98944
7.90698
9.07637
11.8081
11.7959
11.647
6.25203
6.80843
12.39
5.31413
20.3563
17.7165
9.9788
9.58988
9.85575
15.5686
7.13636
12.2575
10.5557
8.54791
8.9776
11.3754
10.642
6.12022
11.0989
11.2289
4.58599
7.42133
15.1007
10.6385
6.29744
11.79
8.02235
9.75372
10.5202
9.74773
11.6917
15.4037
12.8764
12.3605
5.16282
12.9064
9.39796
11.4755
7.60825
10.2197
7.18053
10.7795
7.05088
7.41798
12.383
10.0494
16.7473
12.7472
14.4644
6.52884
7.12974
6.74176
5.79881
9.49029
7.62334
12.4281
6.3433
9.63841
16.8824
9.79122
16.4833
9.59339
10.5501
14.1786
11.3187
17.0172
11.3996
6.79677
12.7921
5.01455
13.4811
14.3749
7.27994
9.78874
12.1919
6.26842
9.84746
14.6759
12.2036
7.15409
11.0101
24.065
7.90079
15.8643
12.2298
8.55803
7.76119
20.9132
11.816
10.8158
8.6457
8.42356
8.5265
7.00528
10.204
15.2718
17.3546
9.77353
16.767
21.8474
11.3607
13.0076
9.11644
8.6181
7.27348
9.85801
10.7036
11.6741
10.6269
8.33328
15.3093
11.6912
5.13817
15.2874
5.60474
21.5364
13.9024
11.2503
10.3598
10.545
6.15837
11.9382
18.5275
12.5622
11.2574
8.3673
22.023
6.58084
12.2897
4.18113
9.01497
8.69108
4.90955
7.86255
6.49702
16.3595
12.5804
18.2306
8.4367
7.52274
5.50023
11.485
4.67943
13.6348
6.95823
4.13068
12.885
5.75208
11.3581
7.37492
6.86726
5.91008
17.4531
10.9734
9.45485
13.8526
11.9565
16.4882
4.17886
12.4323
14.8815
7.26383
14.8292
18.5272
6.32911
5.23939
7.96953
8.7783
14.9706
18.986
9.23074
21.3605
12.3428
11.9062
7.70803
14.3451
21.1819
11.2561
4.92262
14.4078
7.2183
9.92583
4.43797
6.56079
17.7016
8.69653
10.5191
12.9093
13.079
8.03301
7.70851
7.01998
6.30629
18.6456
8.35263
8.32098
10.9413
10.2942
14.6912
13.1257
7.36204
6.2788
8.23819
4.93132
10.4144
7.64067
8.9683
7.15371
9.09499
12.2595
12.3764
8.27441
15.6703
8.1865
19.3729
10.3703
9.18111
12.2617
11.8037
12.978
16.1359
9.2841
9.43503
10.4954
12.0646
13.2629
5.79759
14.2493
2.84648
13.4474
8.60749
12.3006
8.57263
10.0614
9.8804
6.49026
10.1102
9.14372
12.1867
5.59986
6.00755
6.78927
9.75458
8.29853
10.4065
5.12854
11.7184
9.66725
11.1347
10.4624
14.7483
10.4762
6.343
12.2028
8.57489
20.6731
11.7474
12.1561
8.32759
6.86196
6.60393
7.91702
7.20526
6.89591
10.4481
7.26699
8.14835
9.5345
10.6874
11.7181
5.89767
6.7741
12.3595
15.7698
9.80273
20.6308
14.7254
9.32722
12.4631
10.088
12.9267
11.3226
13.5582
34.2658
10.3142
9.70318
6.6677
8.11937
13.8138
15.5266
6.30679
14.2291
3.87279
9.34932
7.9216
8.42708
8.87037
8.97953
12.3759
8.44927
13.5791
10.7063
13.9045
11.6916
9.33609
6.46969
15.9642
10.9667
17.717
6.48637
7.00235
8.82911
29.5549
16.9892
4.28511
6.58311
19.3862
10.5199
8.19116
8.64701
18.556
6.4417
8.61757
11.2963
6.37139
7.45157
12.3168
7.86776
8.40387
23.1077
9.67897
15.2067
7.10159
8.77244
8.59043
9.02586
4.93522
6.53506
13.5667
9.08981
9.47191
15.7357
14.431
8.90204
11.3788
6.50014
7.69874
6.26596
9.40817
8.0694
15.0195
5.32691
4.78569
10.0258
12.1094
10.4226
7.96266
4.46753
5.20373
12.7043
15.2853
13.4922
6.58732
5.30566
8.64608
12.8656
6.29762
8.79126
14.838
20.0678
5.91083
7.70932
15.6614
6.2192
11.4056
12.0547
13.4776
25.7096
9.50659
10.3628
7.02088
7.5464
9.94542
6.64889
7.82231
7.82625
8.99158
14.5438
11.7987
8.62479
19.1061
10.1073
13.6951
9.20526
9.08967
9.28503
10.8891
11.5043
11.2898
7.8514
11.3238
5.92067
7.98399
8.41231
9.30003
9.27024
20.3013
6.4507
13.4108
8.9761
20.3141
9.00057
8.15563
12.6355
6.17979
15.3493
25.5649
7.07003
10.7417
8.47149
10.7025
9.10096
7.55037
9.35329
14.2732
9.50889
8.21824
9.6228
9.45525
7.90761
12.5183
13.0743
3.71802
3.95724
11.5535
20.8547
8.05301
12.0847
11.5863
15.7382
9.24997
8.66704
6.81151
10.1559
7.3096
14.5041
11.3689
6.8472
8.46241
9.51264
17.5895
11.1675
15.8778
10.8301
6.46101
13.0025
6.28603
6.61259
7.09575
10.7476
13.9752
8.10745
7.33558
4.80251
19.4914
5.82368
6.45476
7.78729
11.6335
10.2608
10.2113
6.66841
7.69218
7.83654
20.9306
8.81174
9.34025
17.0671
14.3912
7.3583
5.40123
13.9057
5.40806
12.4829
11.0681
7.69194
3.80549
10.4118
9.01492
5.19927
12.5366
11.461
16.2839
11.702
8.35746
12.6197
13.1596
4.43377
12.1038
6.32838
9.30422
8.39172
7.06278
9.60943
12.9967
6.29404
9.27828
13.6091
5.39575
8.61828
13.8188
9.19309
5.69644
9.46235
10.8532
4.1575
8.46686
8.46325
17.0887
11.2856
8.93545
10.0862
13.4206
10.5053
10.2306
14.3566
4.7464
17.278
12.1309
4.37336
5.06109
5.10383
7.75592
8.32517
4.59441
10.0414
6.28339
8.94742
14.2401
12.7403
10.2852
15.3978
8.43157
11.8544
19.016
12.2987
9.83386
5.94245
13.6595
10.4335
8.06837
12.3135
4.39548
9.96128
19.5212
6.80453
7.7384
13.8942
4.38263
4.75825
8.57236
15.0811
10.7788
9.05411
8.66539
9.41173
13.4346
9.28268
5.75751
10.6508
6.29864
15.2675
9.53362
6.19372
3.34409
13.4236
8.02945
5.61877
9.79533
17.504
9.44375
10.0614
9.15806
13.6078
11.3535
9.22964
10.3818
10.0422
16.729
8.63307
16.2625
5.92683
14.0979
9.30268
13.6216
11.6246
5.55991
5.37261
12.4342
7.8321
9.1906
15.6039
7.91102
6.22002
10.504
19.5507
12.3487
24.32
18.727
8.12439
4.46053
8.65435
9.81322
9.89069
6.5347
9.82987
12.0257
7.58994
8.46525
7.91654
5.67559
8.79589
9.92396
10.404
3.59966
7.57514
8.08231
7.70897
8.02899
6.99817
7.46668
9.74327
8.88829
3.95255
14.3841
15.3933
12.0028
11.042
9.65211
11.1308
14.3108
8.60956
9.57773
7.34452
9.90218
9.55632
7.26179
7.14373
9.9873
8.19308
7.40902
27.6702
7.94295
3.74433
9.70108
7.61819
18.7877
6.17868
14.4122
10.4219
10.8637
7.98516
7.85144
7.8026
11.4934
18.5856
9.9904
17.8451
3.33647
8.76833
23.9819
13.2443
12.4194
7.10997
5.4495
17.4945
11.2367
9.97442
12.3653
13.0117
18.3927
12.3432
13.5455
13.1479
8.1252
9.79377
30.8065
8.1853
13.8792
8.238
10.9765
7.46524
14.0752
22.3639
15.7337
8.10485
7.98631
6.54045
9.89493
17.7277
19.7213
8.3218
6.40586
9.49545
12.954
8.8224
10.555
5.58356
10.9463
4.16995
12.7479
12.7674
9.38251
9.22117
22.804
13.0567
12.2275
12.3716
10.5761
6.71474
5.59571
6.7822
6.80016
7.85047
10.8214
8.55231
7.93704
12.3669
9.3034
6.58733
10.8204
14.4425
6.7576
8.16126
9.77469
9.87764
10.2128
10.5333
13.4685
11.9032
6.55722
4.11065
9.77037
7.3415
18.3777
12.6832
15.3184
7.79509
11.2625
2.57432
10.4588
8.58301
3.48111
6.87394
13.3908
6.88959
15.6708
7.01847
16.6483
11.1298
10.4486
7.19258
19.8328
10.703
9.31816
12.1857
8.37902
5.17922
11.4548
13.9218
5.45701
9.86172
8.36778
6.58003
7.67745
7.3988
15.1325
4.23067
17.6997
5.42056
7.4485
13.4137
9.14275
16.9398
8.46151
19.3746
7.97607
7.68377
12.0871
7.45238
8.90773
6.50712
12.9398
11.3762
9.78457
11.6079
6.13037
4.6352
9.53726
22.7298
12.7694
7.41014
11.4358
15.6973
5.02472
8.69376
9.27061
14.0839
12.3468
11.8992
6.94821
15.3749
5.70357
13.9984
5.72818
11.6946
6.50284
7.13136
6.36678
8.20845
4.64545
14.0051
7.18437
5.42288
7.4997
10.0504
7.18291
9.15025
5.26351
12.975
11.5031
6.00428
9.61299
8.21061
13.1392
7.70369
10.2906
11.1204
6.67026
21.8487
14.1204
11.0688
10.1181
6.27569
9.80276
6.7147
8.44882
8.52574
7.09569
9.55673
3.91475
16.3279
15.7811
15.7801
6.4617
6.54238
19.6033
7.36481
12.3674
7.71528
9.90978
9.0844
12.3052
9.19058
18.9911
4.21822
6.28107
10.6378
5.37341
5.40654
7.94099
5.64409
6.36694
10.6051
6.20751
10.2446
10.5391
12.2901
7.91354
10.9841
11.7907
7.96722
12.1989
6.87036
6.13451
10.5605
5.18726
5.7251
9.87977
9.66228
8.3795
8.32807
10.3977
9.44043
10.7533
14.384
6.60019
8.34538
10.1847
9.19286
9.78852
13.8655
8.42791
21.3553
8.6807
6.79482
5.81867
5.72857
11.4141
5.39452
6.00868
9.70864
7.2273
8.11966
9.95365
7.58448
15.489
9.01184
10.7711
7.26531
8.56843
11.3456
9.89247
6.70955
16.7316
9.42391
6.13899
12.2974
11.2631
14.5717
4.78658
7.88972
9.1951
8.09793
11.4573
12.1689
11.0857
12.2305
6.12314
10.6976
5.69488
3.90802
8.94743
5.97175
14.7185
9.69823
5.44334
6.79761
9.82264
7.84601
11.6561
9.41476
10.5653
10.6385
10.2448
5.90083
17.2944
11.1189
11.6684
6.83208
10.7087
9.551
7.07392
11.2474
7.11237
9.67312
5.27249
3.80067
13.197
8.97124
9.84282
17.4847
14.4579
6.49694
10.5218
11.3739
6.61148
8.49779
10.3977
7.12558
8.93016
5.79658
4.3375
10.6469
10.5753
16.7202
12.3222
7.30216
17.4819
14.6689
4.2127
10.0111
16.2493
10.9859
8.62767
8.3093
8.93097
9.48509
10.2419
11.0164
10.7913
4.31019
9.38113
10.0047
5.26365
7.96134
9.84383
11.7334
13.3844
12.8006
8.09311
10.5723
7.25497
10.0019
9.23941
8.00816
8.62674
4.48021
9.40845
15.0289
5.46838
8.6251
8.14229
7.67935
8.01324
5.78808
9.34287
7.86916
10.0412
7.14806
11.2899
7.53391
10.0468
14.253
10.5875
10.1702
9.29288
4.7276
17.4071
10.2293
3.94166
9.27102
8.84661
10.3733
7.73911
7.85757
8.07396
8.77324
11.3076
13.4262
9.19746
9.17467
8.89645
6.66949
13.2909
7.31114
15.2163
6.13012
7.12775
14.3151
6.90352
4.89309
7.76814
15.8463
10.9938
12.9453
15.9946
11.2208
14.5276
9.85729
7.0837
15.3568
7.90669
9.31568
12.4419
10.3893
7.75358
8.13845
8.79223
16.601
8.96725
6.20471
8.63097
10.8833
4.92779
7.01345
4.62113
9.32942
18.7565
10.917
6.04054
6.82106
5.26713
20.3619
8.91065
12.1666
7.13044
9.74639
14.228
13.96
6.71442
12.2108
7.64712
7.94141
10.9676
8.44684
7.89526
7.48834
9.09925
7.63815
13.6515
7.7905
5.00471
14.5358
6.03331
9.29322
8.81512
16.6019
13.6541
13.8375
11.7458
6.20973
7.65667
25.7321
11.5178
19.7388
15.2187
11.1815
10.5372
9.1991
7.82196
7.595
12.1458
8.86193
8.46008
13.4827
10.6064
8.43096
2.45371
8.54125
7.67846
15.6122
4.65621
19.5986
6.79042
11.1048
11.1826
8.67555
4.12367
8.18555
6.80838
3.97912
9.06541
12.252
14.6171
17.997
13.6181
7.6553
6.17068
11.6258
10.4922
8.67077
12.5963
8.80947
9.22888
3.98033
5.50579
5.97759
9.03323
10.7218
5.85069
8.64918
18.0988
15.0537
13.9434
13.9036
28.4401
11.5016
10.0077
9.67386
12.7209
16.4934
7.63474
9.31632
7.26145
13.1909
4.06952
13.1295
10.1426
7.60235
9.22907
17.9248
8.46771
10.9446
7.29156
5.64493
10.6316
11.4469
9.08399
8.23892
18.9462
9.45329
8.06542
16.0045
5.24069
10.4057
12.6317
20.157
11.735
5.70053
10.8453
11.3092
6.09274
6.84752
7.0469
6.66387
7.25433
9.38745
9.14579
9.94443
11.1797
7.43848
6.06356
14.6713
11.2613
10.1032
4.72925
8.98288
21.3656
27.5078
3.65954
8.36784
12.2987
8.19197
10.2783
13.2191
11.9452
8.31823
7.74336
12.1904
6.76594
7.35395
9.56828
10.5025
8.49715
9.73691
9.07304
8.17114
16.5232
11.2265
13.33
13.2141
11.8188
13.6884
11.9073
6.58547
10.0832
17.3364
10.6584
8.37266
15.6868
5.54701
11.2376
8.66447
14.8584
9.17591
10.8467
9.58189
7.05134
9.24014
16.8963
3.57022
9.38164
10.5715
4.50178
9.829
17.3628
9.09789
8.63201
18.4253
6.64201
14.5701
5.55595
6.05794
15.8225
7.15259
8.78588
8.77967
8.6226
10.1012
7.15002
4.88083
7.33569
8.87211
8.05123
6.52581
16.1708
16.2057
7.76208
8.82827
8.23149
9.81507
7.95415
6.30517
14.022
8.65657
24.2445
14.8716
9.74896
8.54223
7.03158
9.94495
6.17038
7.27622
14.9618
5.47497
7.73296
6.93221
11.5828
9.33988
11.029
13.9419
10.7117
7.05395
9.37735
17.3654
15.5015
14.5269
11.3458
18.9086
16.5963
15.4975
21.8521
8.29224
4.67146
15.0842
7.09355
5.23591
7.66212
11.5591
9.52881
8.88665
7.17262
8.09743
10.9131
18.4611
9.92112
7.60196
4.36726
16.8626
22.7146
8.24608
7.70771
11.3262
8.13347
4.89621
7.08216
8.49927
13.9026
7.73509
6.61562
10.2118
8.38047
7.64866
14.0468
8.23137
6.82948
15.9425
18.4044
10.3494
9.17396
7.23244
9.09278
21.3204
7.09371
3.77288
5.78918
5.64518
6.45706
14.1311
8.78471
7.91086
6.84171
11.1619
14.4088
9.29011
20.534
7.11135
7.27566
8.86085
6.47674
13.1853
16.5498
9.17235
11.5713
12.6695
3.19311
13.8373
7.61517
10.5765
8.54969
12.5682
13.0959
14.2856
10.1449
13.0252
9.93473
10.3216
6.70902
4.83936
10.8876
15.3951
12.4145
6.23636
7.50836
5.40157
8.08107
14.2785
5.95912
7.68263
7.72808
11.6209
4.94014
7.40169
5.41044
11.7469
8.42563
8.66949
16.2737
17.1955
8.30944
5.70828
7.70384
8.3208
12.4203
10.6578
23.2861
7.1811
11.928
10.8165
9.80593
8.86926
13.8008
10.2631
8.15704
10.0615
6.3376
16.0816
11.9224
5.88632
8.73337
7.66897
13.5951
15.1375
7.78739
20.8064
11.1277
8.15767
8.66993
5.7062
9.27075
17.148
10.1813
15.6119
7.19868
8.75161
12.643
6.55412
21.0284
4.96907
7.23875
12.1598
10.5163
6.95778
11.2062
6.08531
4.05448
7.66458
8.82904
7.78665
4.67863
10.6287
11.6746
8.85139
6.90653
9.0318
13.6184
20.8816
7.30899
15.9739
4.92072
12.1479
11.3164
8.95482
10.4218
5.54807
14.5925
9.16957
4.17316
11.0165
12.0353
6.37905
6.87213
7.42898
11.3781
6.05435
7.48544
8.74818
19.487
8.84891
10.9642
9.17579
14.6121
8.55825
13.7827
6.97753
16.7375
10.4059
12.6189
7.08058
8.71823
14.762
7.12142
11.5741
11.767
13.3165
6.51662
12.3958
16.8756
13.1988
9.39153
8.82795
11.2582
7.76573
6.34717
8.78672
14.6047
3.03558
15.424
9.51198
15.0046
4.85939
10.0838
8.02566
13.3685
17.1663
5.94516
11.7486
10.1337
4.50216
5.20251
13.0528
11.0692
14.732
12.2928
7.6053
8.57205
8.17882
10.2905
8.27904
9.92934
8.92232
15.2284
9.32775
8.20473
18.3243
5.99502
5.44161
10.2991
8.5299
7.89125
13.8733
5.92649
9.16672
9.83393
9.60883
10.6546
8.81818
8.71075
11.3859
7.2545
10.5046
6.68614
9.59017
9.78068
9.27936
6.18545
8.35366
7.44401
8.18831
7.63778
4.11674
8.91055
6.65764
10.3765
5.72171
9.38478
8.80519
9.73282
10.1635
8.71204
9.0987
15.2042
5.36698
9.86646
9.52726
11.3328
12.8468
9.08269
8.16304
7.22557
7.43518
9.4444
6.91819
6.94844
4.71374
10.6662
11.6107
8.02691
5.32423
6.22098
16.2475
4.6947
9.99874
11.7353
5.58953
5.02042
10.5921
18.8613
6.53544
19.1721
12.0454
8.96477
10.7865
9.60474
12.7396
8.94558
6.67865
11.3105
10.1471
7.38979
6.46265
4.71682
9.05857
9.06822
15.0148
8.65394
11.2674
7.75924
12.6745
9.13952
5.31387
7.99016
10.2583
3.43863
7.08371
6.11772
8.49894
8.80814
7.85381
10.2713
5.61618
15.8604
11.1687
7.76531
7.47967
11.4383
8.30957
13.6945
7.86301
9.70095
11.1637
12.2089
6.1431
12.006
6.32585
7.62952
8.06409
18.9931
19.1632
15.0253
18.4884
15.1717
13.9706
7.27242
8.53098
14.1916
8.16005
12.3897
11.1968
8.88405
8.17094
5.08771
11.3423
13.8823
18.0199
9.85457
18.3172
7.37947
8.16574
13.3072
10.4188
6.78244
11.1695
6.59205
9.48593
13.5447
8.24081
7.22959
6.97231
10.1601
6.04851
6.71892
12.5556
6.02959
9.64479
11.8045
13.4518
4.53977
12.4827
6.9664
7.64468
8.06176
6.34838
12.88
17.4721
8.61295
4.783
14.7585
8.7752
4.76795
9.03883
16.2604
9.59226
15.6684
18.9957
10.3317
9.91878
15.5165
4.41565
6.69532
10.291
7.05748
18.9823
6.82916
12.6191
10.3023
9.84944
8.39124
6.55554
6.78237
17.5417
8.29206
15.1336
5.74796
13.1049
8.2243
7.33927
10.8021
18.576
15.8402
6.40706
9.82166
8.19156
6.61065
6.31819
5.74458
5.49183
8.21823
8.96479
9.08329
10.0109
5.01974
9.11491
12.8
8.21136
8.19424
8.631
13.5995
18.318
7.0574
13.2599
9.80312
7.26762
4.38785
9.4213
6.80499
10.4017
4.89364
8.60447
14.0479
4.01851
8.09161
12.7402
6.37332
7.428
10.2758
10.4638
20.0936
9.00615
8.12475
8.05853
15.001
12.6777
21.3073
6.00487
5.23426
6.48638
4.64308
11.9026
8.33967
15.4766
4.62382
7.11353
10.8675
6.7867
18.1965
6.3452
13.9004
13.0219
8.61327
13.8423
14.108
5.3444
10.1188
13.4947
11.7227
23.6861
9.38336
7.52397
8.91676
9.24892
3.29142
7.36688
9.70633
12.2399
10.1942
9.17587
8.3964
10.989
10.7806
9.00588
5.14737
12.7321
4.74547
10.0502
7.24424
8.26762
10.0454
6.60847
6.49276
7.95691
10.9504
9.79355
10.1877
11.8395
23.8764
5.98059
16.5233
9.68994
10.6388
12.0566
6.19206
10.3147
13.3041
10.5539
11.1199
14.5873
18.5593
21.6818
6.34174
15.5337
9.77822
5.83145
13.8662
7.13773
14.6444
17.4152
9.04257
11.6113
7.50699
8.19303
8.44122
8.50344
26.7132
8.11145
6.88122
12.9251
6.57257
7.38477
16.8753
7.46509
6.7582
7.18978
7.67596
6.56238
9.23311
14.0991
12.0049
13.3785
5.31532
9.43161
15.3635
7.47103
7.09252
12.6666
7.35993
16.3986
11.3682
5.88003
5.42523
6.44319
9.3419
11.6226
10.0372
11.3792
8.91142
8.06257
11.9488
9.83074
4.52663
5.15222
11.0481
6.68757
9.72385
13.2635
6.55876
3.92804
5.96307
12.4792
8.6654
13.3233
11.5359
11.7802
5.93993
12.4616
10.1072
10.5386
16.7383
11.3193
8.13615
15.754
9.16231
6.07738
11.8978
8.12854
6.25947
14.3992
19.5745
9.54018
8.84723
7.40063
4.35323
12.879
7.84695
6.93081
13.9206
18.2247
7.57247
17.8732
11.1778
8.87586
10.8208
14.7508
12.0702
9.45784
9.0547
8.14191
10.6804
7.43631
12.0503
19.1144
8.33193
8.57044
7.52662
13.9875
16.3622
8.66255
9.94833
4.70013
3.29711
9.94346
13.8757
14.7288
4.67629
17.6537
25.6454
6.72166
10.2928
7.75395
14.5017
7.50381
6.39462
8.82191
6.15525
16.4809
10.5335
11.9111
6.02361
6.1256
6.10939
9.22002
7.81146
8.2835
7.60128
5.4958
10.4167
14.2636
7.95259
5.1757
8.627
18.3509
15.16
16.1928
9.91514
13.7562
7.30141
9.06476
6.75774
10.2022
7.98413
7.93715
10.0936
