0.181817
5.44338
1.62686
0.473458
0.732204
0.230094
6.86388
1.13756
0.712498
0.314039
0.816347
0.303598
0.193025
0.231353
0.198764
0.2003
0.271217
0.272005
0.441222
0.227012
0.303229
0.648105
0.150898
0.359473
0.198304
1.84515
0.297519
0.388212
0.185995
0.297638
0.306373
0.674674
1.1378
0.264902
2.79689
0.356186
1.34471
0.270661
1.03866
0.097316
0.312804
0.459957
0.406464
0.531394
0.309175
1.31919
0.289179
0.101561
0.305857
0.384408
0.491348
0.309273
0.158722
0.44373
0.133806
0.279729
0.197663
0.178058
0.864252
0.228395
0.251277
0.275106
0.752673
0.390797
0.178565
0.152746
4.97465
1.69446
0.349041
0.327881
0.420173
0.174584
0.382124
4.83237
0.946837
0.348331
0.254958
0.189835
0.327642
0.250998
0.378295
0.154693
0.226408
0.397259
2.02777
0.504095
6.39468
0.355131
0.144978
0.255339
0.122699
0.226372
0.199448
0.226342
3.85476
0.204271
1.82791
0.319378
0.252303
0.204937
0.38235
0.321635
0.214195
0.286987
1.78377
0.236028
0.401782
0.140889
0.323935
0.126668
2.50607
1.56667
0.527094
0.168225
2.17173
1.59248
0.301712
1.06912
0.232052
0.720525
0.306002
0.372844
0.206482
0.413979
0.1788
0.19696
0.247659
0.165788
1.65229
2.32394
1.31106
0.299495
0.239397
0.33584
0.51877
1.14745
1.69308
0.149677
3.1628
0.14395
0.167611
0.21798
0.270369
0.228046
0.43586
1.10055
0.240095
2.86695
0.217023
9.00853
0.625565
0.352943
4.1526
0.287166
0.600857
1.43739
0.208548
0.545091
0.742444
0.197133
0.588053
2.74762
0.194977
0.689972
1.54826
1.33102
3.00961
0.383249
0.348079
3.58532
0.260154
0.184185
0.173352
0.262888
0.294523
0.210103
1.42934
0.723763
0.255216
0.250125
0.406007
0.30236
0.307661
0.149832
1.33892
0.525321
0.258465
0.274463
0.245935
0.354414
1.5149
0.260738
1.02519
1.45251
0.227474
2.40714
1.07847
0.549783
0.0847275
0.29412
3.18352
0.189471
0.1526
0.33676
0.825437
0.267743
0.169402
0.124986
0.549001
0.296195
0.214437
0.363557
0.89566
0.465317
0.184491
3.29116
1.48067
1.09771
0.358084
0.214816
0.179303
0.676781
0.310551
0.81586
0.393633
0.326023
0.319777
0.182767
0.599069
0.176433
0.206701
0.128663
1.38422
0.169847
0.249103
1.53946
1.19083
0.302462
1.59635
0.389726
0.118263
0.315681
0.291677
0.274391
0.197113
0.131815
0.329399
0.354151
1.32402
0.192221
0.157234
0.355734
0.58827
0.444842
1.50486
0.707113
3.33171
0.814364
0.291948
0.251886
0.31409
0.222096
0.125044
1.55209
0.16757
0.177692
0.202918
1.07839
0.544947
0.422414
2.8655
3.32452
0.183447
0.921236
0.260622
0.281762
0.366623
0.944765
0.98032
4.27559
6.94126
0.195784
0.196662
0.805019
0.920188
0.298657
0.245223
0.25729
1.38261
0.334802
2.53869
0.235541
0.597818
0.307786
0.184857
0.258303
0.169882
0.185726
1.1364
0.296767
0.121147
1.28775
0.440543
0.292676
0.454363
0.340504
0.230284
0.242086
0.148563
0.485637
2.94048
0.651196
2.43407
0.471993
0.181535
1.86084
1.07097
0.134451
1.35668
0.503567
0.0782048
0.269415
0.325363
0.349579
0.133236
0.269951
0.458559
2.04429
0.327235
0.183743
0.201615
2.81503
0.544567
1.77349
0.102864
0.236621
1.27941
0.194811
1.88416
0.333677
0.210806
0.394559
0.209627
0.470378
0.811817
2.32811
0.152638
0.266976
2.49414
0.801419
0.144655
0.321416
3.34369
0.34927
0.188282
1.27544
2.44971
0.101381
0.71187
0.33004
1.54262
1.59798
0.236507
0.234626
0.302397
3.34462
0.444352
1.36867
0.36299
0.78511
0.339459
0.13888
0.259157
0.203479
2.95574
0.228205
6.46762
0.673071
0.392765
0.211613
0.226492
0.409165
0.219444
2.68812
0.418694
0.102887
0.603053
0.258279
1.18721
0.287629
0.826221
0.428049
0.586724
0.491748
0.443616
0.281708
0.416143
1.84589
0.146955
0.180428
0.746363
1.45804
0.147643
1.56789
0.235286
0.81304
0.14209
4.62945
0.288077
0.244485
0.432351
0.245181
1.08595
0.208018
0.3341
5.05439
0.551384
0.497475
1.98502
0.305146
0.181544
0.376733
0.478597
0.149095
0.930873
0.584293
0.159634
0.40607
0.111784
1.56151
0.155028
0.918708
0.111596
2.9304
0.396465
0.175352
0.220269
0.157527
1.38564
2.13453
0.787246
0.514404
0.137987
0.392187
0.249826
0.127291
0.21326
0.15017
2.34686
0.133588
0.367872
1.31264
0.485482
0.241394
0.26116
0.152252
0.331696
0.46345
3.78701
0.143281
0.189684
0.58344
1.09107
0.1206
1.17882
0.140897
1.03854
0.374829
0.494692
0.227924
2.70224
0.227878
0.357311
0.282481
0.243599
0.145657
0.49151
0.873159
0.127077
0.316843
1.07975
0.285851
0.986769
0.249382
7.60023
0.601087
0.505183
0.196333
1.83718
0.232238
0.141082
0.723963
0.594202
0.55475
0.272122
3.36592
0.225804
0.239541
0.197769
0.797264
1.12449
0.927638
1.47529
0.354486
0.2166
0.358751
0.25083
0.139975
0.151782
0.282346
5.25377
0.272337
0.329777
2.11892
4.08994
2.84001
0.180023
0.552199
0.174212
0.196709
1.05305
0.127046
0.250663
1.8391
2.13178
0.183154
0.395726
0.142607
0.490138
0.35282
0.370408
1.31268
0.484778
0.0898768
2.04052
0.267953
2.1328
0.305758
1.14786
4.8023
1.08307
0.207795
1.93298
0.157162
1.78557
0.0855009
0.449964
0.877937
0.378677
0.206896
1.15681
0.256659
0.408774
0.605135
0.227599
0.188141
0.133457
1.20743
0.149817
7.2746
0.558213
0.35506
0.446982
1.51131
0.303913
0.540705
0.247459
0.201045
0.220898
1.42743
0.440506
0.542113
0.30595
1.29596
1.15791
0.16723
2.36023
1.87483
1.00896
0.960164
5.22247
1.44322
1.26192
0.2445
0.172165
1.18887
0.302623
0.292617
0.219674
0.268845
0.291068
0.250807
0.159656
1.86461
0.43504
0.348821
0.172845
0.256698
0.26926
0.201373
0.200841
0.473514
0.391005
4.50909
0.301582
0.65334
0.385915
0.125101
0.549871
0.383797
0.274214
0.189979
2.01496
0.311787
0.301217
0.279222
1.88472
0.456945
0.217156
0.373021
3.03279
0.269865
0.423292
0.289543
0.278989
0.297591
0.260326
2.26126
0.433317
0.190184
0.172415
0.352021
1.4517
0.0956046
0.853873
0.28892
2.73814
0.976147
0.309568
0.30291
0.14537
1.58735
5.97652
0.175321
0.80936
1.49986
0.807196
0.104741
0.526197
1.15794
1.02154
3.57141
1.26654
0.278472
0.293956
3.17723
0.749857
1.19582
0.25545
0.432937
4.99939
0.365341
1.38272
1.11645
0.256546
0.324118
0.221676
0.281961
1.32691
0.198155
9.52008
0.256526
0.562802
0.97947
0.237969
0.228174
0.17266
0.21868
2.24354
1.56604
0.446525
0.136807
0.20878
0.317868
0.736794
0.173191
0.169586
0.351547
0.125251
0.590832
0.110648
0.237105
0.249227
0.650256
0.294828
0.234387
0.345757
0.176634
1.88504
0.350143
0.317858
1.45113
0.111496
0.170844
0.147657
0.432854
0.159883
0.410307
0.251154
1.58525
0.314619
0.176169
0.119786
0.388703
0.187619
0.306848
4.57298
0.204073
0.339246
0.335715
0.253115
0.302312
0.225844
2.66863
0.373077
0.819746
0.294813
1.079
1.60881
0.422671
0.243025
0.164963
1.1213
1.90159
1.15166
2.77877
0.175548
0.188152
0.397427
6.75426
1.33945
0.368119
0.137363
0.883618
0.849084
0.287713
0.508927
0.240268
0.147281
0.619883
0.159944
2.52505
0.256684
4.90099
0.771041
0.40028
0.279622
0.355487
0.157134
1.12357
0.138605
0.132336
0.19359
1.33025
1.78127
0.220321
0.358791
0.361902
0.391463
5.10752
0.110391
0.121179
4.38829
1.01641
0.184584
6.64479
0.0590735
0.473549
0.905135
1.15784
0.279331
0.564159
0.384625
0.31199
3.86958
0.350711
0.22939
0.152396
2.30081
0.386508
5.1326
0.820871
0.214397
0.267796
2.21474
3.40947
0.144051
0.186585
0.172072
0.182659
0.123945
6.74606
0.294021
3.00229
0.340845
0.42654
0.519074
1.59567
0.270166
1.69328
0.351989
0.482941
0.16136
0.2613
0.319843
0.317225
0.269229
0.819128
0.194608
1.12882
1.00926
0.232669
0.167248
5.00479
0.198888
0.217623
0.667148
0.0781284
0.21474
0.193014
0.22653
0.981552
1.3089
0.277412
0.192369
0.552309
0.279055
0.428721
0.52442
0.285845
0.293235
0.725725
1.00661
0.335492
2.18698
1.17311
0.381887
2.44825
0.247771
0.340693
1.33586
0.357822
0.209066
0.178189
0.186589
0.169573
0.223554
0.188929
0.305635
6.91428
0.0931955
0.530705
2.03208
0.487868
0.276452
0.853881
0.170817
2.13804
0.268204
0.148445
0.679111
0.855991
0.143016
0.283854
0.399743
0.154597
0.16237
4.98393
0.752037
0.305917
0.217722
0.277957
0.184839
0.360806
0.199352
0.0865385
0.24997
0.280025
1.50687
0.635742
0.469431
0.306826
0.310207
0.296358
0.311669
0.126098
0.186102
0.258412
0.686087
0.30381
0.135115
0.12736
0.374335
0.471808
2.43801
0.535608
0.645069
0.52508
0.941924
2.31763
0.0758721
0.203334
0.174036
0.244146
0.963995
0.408262
0.434817
1.41216
0.195305
0.476368
0.333487
0.320367
0.380237
0.112374
0.275048
0.241621
0.46057
0.567268
0.20854
0.73055
0.480869
0.222019
0.246258
0.177129
0.138077
0.415128
0.153428
0.20253
0.150765
1.78697
0.233577
0.218207
0.188878
0.230388
0.238783
0.171893
0.12511
0.317802
1.05606
0.31427
0.196324
2.65431
0.735536
0.296398
0.157944
0.242785
0.126651
0.23613
0.515512
0.23338
1.28715
0.597361
0.096782
2.01412
0.573228
0.373124
0.359724
0.252817
0.457779
0.351971
1.48309
0.251595
0.112177
0.371324
0.518031
1.72607
0.275952
0.19371
0.0819606
0.912626
0.484459
0.126999
0.250933
0.217938
0.127556
0.519662
2.6026
0.421377
0.221856
0.204186
0.118892
0.338011
0.25076
0.280316
2.2924
0.632573
0.212679
0.180066
0.208383
0.371516
0.235269
0.194655
0.11417
2.17227
0.578514
0.794682
0.807438
0.792842
1.31345
1.12315
0.454903
3.32462
0.416682
0.428728
0.578578
0.484369
0.0950012
0.119282
0.313767
0.96332
0.315897
0.223556
1.57916
0.249098
0.170491
0.796241
0.560799
3.61096
0.114387
0.211381
0.542443
2.96875
0.809721
0.0969099
0.244247
0.137969
0.474924
0.522603
3.03683
0.128464
0.431902
0.477918
0.428606
0.491256
0.219341
0.913008
0.230014
0.491919
1.27488
0.189812
0.383053
0.239385
0.142243
0.639359
0.166202
0.816325
0.310748
0.875889
0.429225
0.194759
2.61479
0.37794
0.25526
0.13152
0.242119
0.392741
0.153161
0.368137
0.168344
2.79548
0.124261
0.258296
1.5316
7.90072
1.07236
0.335645
0.342866
0.215775
0.21614
0.344288
0.199564
0.281563
0.251906
0.366244
1.51443
0.310226
0.255718
0.579973
0.406928
1.35035
3.65201
0.365619
0.173666
1.40021
8.02142
3.43707
0.293176
0.545957
1.38374
0.619888
0.95974
0.572567
0.780415
0.458341
0.277067
0.521724
0.457125
0.325788
0.233399
1.34724
0.0847224
0.278923
0.21831
0.39066
1.88354
0.400481
0.184768
0.230178
1.84456
1.49761
0.104981
3.12777
0.123736
1.76385
0.193727
0.228731
0.241521
0.256053
2.70578
0.234786
0.47345
0.262909
1.1436
0.169173
0.216268
0.269497
0.282987
0.286923
0.875839
0.359703
0.633917
0.753793
0.216103
0.338618
1.1017
0.232424
0.271996
0.490895
0.247987
0.271183
0.191159
0.403776
0.566776
0.248354
0.841904
0.445454
1.39467
0.185398
0.592767
0.211077
0.289896
2.7086
0.201869
0.407981
0.262305
0.212786
0.300247
0.210267
0.130196
1.12787
0.617029
0.261714
1.03614
1.7323
5.86839
1.64454
0.634463
0.357005
0.206596
0.549191
0.568724
0.239331
0.486275
0.673969
1.41844
0.177342
0.448751
0.202711
0.199479
0.271387
8.0216
0.201164
0.268274
0.196068
0.330378
0.924519
0.333175
0.652924
1.52393
0.220227
0.173443
0.328974
0.231033
1.126
0.33001
2.79769
0.347164
0.188099
3.01633
0.195119
0.466476
0.147663
0.34574
0.238681
0.189408
0.196999
0.129651
0.0727754
2.22139
0.477766
0.241764
0.100392
0.123111
0.370824
0.457441
0.862181
0.460938
0.349737
0.335585
0.181533
1.52677
0.319538
1.34422
0.191462
1.80494
0.387842
0.276395
0.490633
0.921784
3.46616
2.88883
0.402662
0.275576
0.135951
0.537287
0.200016
2.80151
0.14551
0.191863
0.163723
0.204117
2.18512
0.425303
0.267754
0.776181
0.997461
0.88024
0.095201
0.248751
1.457
0.13687
0.882194
0.114689
1.26352
4.07956
0.224127
0.337441
0.379584
0.204117
0.45633
0.268179
0.196884
0.295467
0.285768
0.275251
1.22086
0.248229
0.11
0.389197
0.218916
0.369712
0.108119
0.22993
0.230003
1.74847
1.18968
0.152484
4.76952
0.411813
0.979353
0.426576
0.359014
0.123929
0.237362
1.35054
0.249665
0.173648
0.0780986
0.215057
0.325395
0.591132
0.585078
3.84426
0.16522
0.764045
0.432138
0.267913
0.207455
0.343052
3.46035
0.198787
0.182414
0.149544
3.541
0.706913
2.31398
0.132524
0.149296
0.36467
1.22051
0.534679
0.854587
1.20572
2.26561
0.227481
0.952946
0.452226
0.412556
0.547819
2.86358
0.180299
1.87051
0.0720365
0.290748
0.13749
0.25653
0.267113
0.376861
0.157603
0.667303
0.150034
0.21128
0.350502
0.286931
0.33018
0.214611
0.241773
5.99616
0.929528
4.49968
0.315148
0.241011
0.197937
0.373764
0.312802
2.4002
3.82617
0.0975551
0.0940477
0.30853
1.52555
0.999063
0.356645
0.699157
0.319286
2.79503
0.692766
0.310334
0.368945
0.986377
0.152761
0.22846
0.608534
0.870438
0.273485
0.998097
0.144697
0.15718
1.14222
0.452696
0.124606
0.320007
3.69347
2.55975
0.391457
0.239339
4.05148
0.515808
0.222478
0.12599
0.973175
2.02108
0.140579
0.236169
0.163346
0.194125
0.35016
1.10174
1.17473
0.228226
0.231428
0.205154
0.316938
0.133831
0.714816
0.23561
0.250013
0.511619
2.95613
0.898209
0.218128
1.05598
0.32725
1.47451
1.72677
0.54481
0.199857
0.396196
0.223131
0.192095
1.27676
1.73462
1.15335
0.365625
0.919381
0.409809
0.174433
0.167365
0.169901
0.0869721
0.255177
0.282445
0.214
0.179836
0.164837
0.260625
0.368964
0.134742
0.162058
3.09206
0.293861
1.79393
0.772862
0.363728
0.219192
0.121353
0.228902
0.46451
0.317174
0.665681
0.432919
0.355369
6.01382
0.292778
0.179461
0.447991
0.145264
0.414663
0.411599
0.255071
0.380903
2.72417
0.161656
1.22492
0.161183
1.00941
1.70902
0.141846
0.337873
0.139902
1.00511
0.350582
0.363241
0.887938
0.145377
0.307143
0.352416
2.55904
0.423696
1.88445
0.129244
1.0589
0.320864
0.261249
0.461691
0.287473
0.167426
0.300395
0.629347
4.395
1.72854
0.181974
0.32321
0.224204
0.288892
0.334793
3.27022
0.290608
1.55261
1.65121
0.134447
0.263141
1.74174
1.59391
0.202352
0.194597
0.131336
0.123179
1.2312
0.41733
0.264608
0.697072
0.159651
0.24354
0.20302
2.73088
0.342182
0.833227
0.547674
0.12721
0.170541
0.314539
0.134292
0.275822
0.329381
0.288319
1.21196
0.26177
0.279688
0.236062
0.184408
0.403104
1.31385
0.259921
1.56686
0.67255
0.188269
0.421914
0.31121
1.04196
0.375323
0.286866
0.694655
0.567403
0.282793
0.409109
1.62697
0.176741
1.34968
1.27701
2.07331
2.22327
0.164188
2.38052
0.27856
0.174109
0.280839
0.183418
5.42854
0.177097
0.286814
0.248175
0.184494
0.138762
0.583284
0.896027
0.572482
0.201124
0.490708
0.385865
0.345162
2.61743
0.125156
11.7082
0.235801
0.270047
0.179668
0.226174
0.187304
0.166916
0.322527
0.479485
0.214295
0.151241
0.185736
0.133241
4.83729
0.240254
0.282955
3.80348
0.886447
0.273907
2.11509
0.242089
0.198327
0.121974
1.27696
4.9176
0.362513
0.219814
0.221806
1.33051
0.281511
0.13487
0.156064
0.316579
2.5797
4.77039
0.266393
0.178442
0.760676
0.306115
0.156395
0.387841
0.186259
0.66001
0.415591
0.343482
0.240724
0.196046
0.260104
0.24965
1.28546
0.151157
0.656977
0.188414
0.48359
0.285922
0.20393
0.20646
0.98856
0.146921
0.20849
0.279743
1.1141
0.197201
1.39144
1.54463
0.210925
0.196502
0.237878
0.137674
0.384317
0.444098
0.209812
2.52773
0.325202
1.44543
0.753729
0.358769
0.146694
0.31746
0.841776
0.664167
0.302113
0.208457
0.217179
2.10945
0.261065
0.216963
0.149739
0.285448
0.522901
0.286832
0.522596
0.149267
0.130781
0.291504
0.506135
0.089421
2.46831
0.125137
0.189618
0.242614
0.268226
0.208388
0.668567
0.318674
0.103466
1.32309
0.299035
1.6799
2.44821
0.222601
0.284425
0.588843
0.226007
0.266347
0.588753
0.818258
0.20236
2.92684
1.61415
0.502012
0.289493
0.437894
0.264126
0.159057
0.243461
0.246119
1.34847
0.617733
1.83243
0.244755
0.314983
0.259318
0.26467
1.44875
0.131316
0.236676
0.179413
0.714447
0.216388
0.422349
0.127271
0.226864
0.289949
0.277382
0.174755
0.340019
0.105909
0.170184
0.134849
0.214961
3.12435
0.251069
0.256521
0.138176
0.205346
0.352544
0.108016
4.02826
0.2078
1.29487
0.297377
0.196721
0.564504
0.132096
3.92243
0.451936
0.200827
0.933806
0.479951
0.43909
2.24447
1.994
0.205203
0.170127
0.187347
0.475348
0.542956
1.30644
0.473348
1.95895
0.710132
0.205322
1.96758
3.39427
0.135852
0.205641
1.82058
0.724437
0.865895
0.229363
1.2949
0.754395
0.304954
1.73919
1.13714
0.263148
0.536323
0.367305
1.68277
2.2032
1.45503
0.107495
0.838429
0.436589
1.21874
0.196806
0.21142
0.699754
0.132544
0.118229
0.266527
0.403062
0.277287
0.640993
0.131498
0.240191
1.33005
0.2552
3.10248
0.25638
0.244622
3.41715
0.143512
0.47952
0.578278
0.462893
0.501401
0.186449
0.616631
0.715043
0.148777
0.242479
0.24076
0.248736
0.187098
0.140405
0.332495
1.06864
0.772608
1.90839
0.312778
0.310537
3.6422
0.205247
0.158892
1.57192
0.400205
0.185977
0.335785
0.219034
0.433858
0.712486
2.51438
0.042403
0.223418
0.909039
0.060151
0.174973
0.812236
0.160398
0.224256
1.87303
0.342668
0.178285
0.191366
0.284562
1.01099
0.133734
1.48792
0.242539
0.14987
0.154421
1.23394
0.21164
0.243936
0.129889
0.283278
2.03812
0.296619
0.309772
0.475309
1.17303
2.24578
1.1064
4.27136
1.60443
0.247573
1.1815
0.10789
0.412715
0.301812
0.430195
0.475211
0.254928
0.162681
0.191966
1.24557
1.024
1.51234
0.595209
0.289282
0.22751
1.69543
0.53486
4.40078
0.713353
0.298189
0.18916
0.338314
0.72569
0.416131
0.228711
0.6872
0.459748
0.224766
0.223183
0.521579
0.188335
0.130944
0.355615
0.151911
1.67738
4.43956
0.26731
0.403933
5.25997
0.821908
0.44552
2.40034
0.205668
1.84279
0.920878
0.526454
0.285604
1.78652
0.191838
4.32995
0.549037
0.283869
0.150774
0.209211
2.41094
0.375598
0.313571
0.430457
0.153384
0.633189
0.221761
0.281581
0.189253
5.3131
0.288923
0.388177
2.19276
0.755626
0.311341
0.240302
0.294441
0.188038
0.170214
0.271058
0.2347
0.797687
0.27869
3.42642
0.331321
0.330639
0.290364
1.94459
0.132637
0.209321
0.241173
0.357585
0.217526
0.30854
0.857721
0.402162
0.177655
0.185225
5.45769
0.773795
0.330033
0.278598
0.413269
0.224761
0.203212
0.0537352
0.906109
1.08787
0.188598
0.19896
0.576726
0.0951505
0.507721
0.179852
0.201715
3.35607
0.288968
3.41083
0.153887
0.18796
0.324575
0.82779
0.990772
1.15649
0.325074
0.398462
0.21141
0.145795
0.25258
0.903078
3.68719
0.59085
0.239384
0.152784
1.05458
0.616168
0.51494
0.226594
0.739725
0.155365
0.236933
0.183546
0.623528
0.217359
0.658525
0.565243
0.217535
4.14256
1.21389
2.81307
0.305798
0.264618
0.159454
0.260753
0.889695
1.46417
0.162506
0.18193
0.236052
1.3609
0.206894
0.274898
0.806491
2.89303
0.335095
0.209108
0.182958
0.159899
3.43569
0.4169
0.294024
0.320682
0.19965
0.2175
0.315653
0.2297
1.06039
0.465382
0.281448
0.388108
0.263382
0.20284
0.135376
0.209326
0.227698
0.181992
0.359034
0.52732
1.26352
1.49564
0.219303
0.24244
1.70496
1.39457
0.355737
1.53558
0.221684
1.32954
0.285117
0.314782
0.196115
1.90322
0.276602
2.11121
0.181814
0.153004
0.886335
1.47279
1.94094
0.403498
2.73903
0.339195
0.643836
0.25645
1.39768
0.103201
0.21988
0.164395
1.46968
0.902789
7.77133
0.621241
0.154177
0.217344
0.151899
0.249803
2.55573
2.64637
0.242534
0.471604
0.385461
0.186075
0.334792
1.19836
0.365445
1.74622
0.607333
1.54703
0.178904
0.142971
0.97888
0.186704
0.238592
0.269481
0.697701
0.205761
1.04321
0.389436
0.260778
0.321913
0.831143
1.53029
0.845722
0.262695
0.452222
0.285585
0.411791
0.160149
0.204513
0.170388
0.281245
0.274103
2.24426
1.41083
0.101508
1.69439
0.194404
0.722627
2.53317
0.577594
0.454174
0.157936
0.439048
1.18396
0.24269
1.07452
0.243748
0.112222
0.082129
0.186604
1.51364
0.392935
0.289373
1.73082
3.401
0.157481
0.157465
0.0883819
8.4535
0.121088
0.359008
5.89434
0.506188
2.38666
0.129065
1.26407
0.145621
2.92264
0.807387
4.72161
1.12437
2.28216
0.898222
1.14069
0.223519
0.201657
0.532322
0.471323
0.299121
1.17424
0.259276
0.338084
0.196482
0.448963
1.67054
0.146941
0.315199
0.195165
0.158872
0.452501
0.456022
0.241012
0.271084
0.190612
0.298191
0.179988
0.305024
1.12947
0.333951
1.17498
0.140558
0.207549
0.186687
0.950697
0.333474
0.688822
3.79884
0.235167
0.166986
0.180376
0.137322
0.424655
1.79892
1.33392
1.04407
1.67715
3.26305
1.83241
2.43077
0.292776
0.418927
0.26771
2.3564
0.274122
0.0921524
0.260478
0.353992
1.8919
5.49065
2.9712
0.251682
0.426405
0.28596
0.615725
1.39805
0.205406
0.328481
0.264418
0.37845
0.381041
0.158594
0.245374
0.218814
0.826118
0.356568
1.84296
1.12932
7.93606
0.168302
0.276842
0.340165
0.142948
0.28043
1.88801
0.238505
0.298479
0.890665
0.200371
1.04852
0.727984
0.278906
0.237262
0.175185
0.225532
1.78507
0.293474
0.221519
2.40866
0.369179
0.436735
1.5385
0.429325
3.69449
0.555807
0.441145
4.83744
0.261938
2.51598
0.263305
0.318247
1.09927
0.171229
1.14763
0.241988
0.482286
0.600584
0.124354
0.269058
2.96932
1.22062
0.197552
0.138004
0.878649
2.26216
0.962889
0.211804
0.123228
0.272644
0.317461
0.360504
2.20781
0.380673
0.42535
0.170358
0.610128
0.0962999
0.198987
0.287289
0.47179
0.339935
1.12489
0.143666
0.072307
0.646553
0.46373
1.33335
0.314063
0.178051
0.407369
1.97652
1.9389
0.274326
0.241356
0.144965
0.407526
0.487712
0.180946
0.52418
0.890778
0.440578
0.459861
0.252223
1.58621
0.152537
0.267567
0.43577
0.0977689
1.29217
2.82513
0.360394
1.29126
0.277484
0.208897
0.369498
0.746167
0.70432
0.83324
0.178249
0.151689
0.17013
0.475499
1.77048
0.391109
0.378407
0.285777
0.245839
1.68358
0.549999
1.3708
0.562566
0.206991
0.144301
0.287797
0.09766
0.221527
0.153478
1.70397
0.297934
0.683977
0.472859
6.08253
0.414294
3.76604
0.16592
0.192907
0.397538
0.302377
0.285692
0.244906
0.80864
1.38723
1.09286
0.610701
0.21538
1.56711
0.0784893
0.295357
0.191867
0.46076
3.3088
0.129804
1.67927
0.27402
0.822182
0.145265
0.656537
0.45073
0.121823
0.439486
0.298484
0.298147
0.310844
0.296841
0.256009
0.190181
0.215872
0.355549
0.380197
0.266954
0.231437
0.218833
0.48201
0.184494
0.320747
1.70837
0.386341
0.228847
0.113444
0.458815
0.221339
0.277985
0.18599
0.143848
1.34987
0.196256
0.355148
0.154488
3.94725
0.338183
0.236039
0.239447
3.35375
0.201794
0.327641
0.183299
0.919804
0.415388
0.252889
2.48986
3.3186
1.29295
0.556887
0.380674
1.01777
0.385214
0.216745
0.280727
0.48083
0.173537
0.226
0.360395
1.08107
0.249906
0.117762
0.353632
0.268645
0.273947
3.3009
2.0775
0.348926
1.18191
0.189567
0.431004
0.203971
0.440978
1.07361
0.347394
1.06598
0.394044
1.2588
3.91225
0.232972
2.48609
2.70359
0.700111
1.49639
0.189353
1.55686
1.98351
0.506775
0.28827
0.453733
0.294961
0.385278
0.149561
0.480076
0.343496
2.43225
0.22383
0.628321
2.3901
0.363291
1.07581
0.181817
0.938038
0.749376
1.60663
0.158712
0.21202
0.205922
0.540759
0.230264
0.278813
0.75984
0.136619
0.567426
0.33914
0.179572
0.127076
0.26629
0.20438
2.43238
0.214189
0.326514
0.256893
0.164926
0.226175
0.234283
0.353498
0.596399
1.12655
0.143003
3.02237
1.44255
0.210546
0.670754
0.386566
0.459674
0.261932
0.138942
0.230872
0.518113
0.160762
0.223258
0.179063
0.270718
0.473298
0.334151
0.103049
0.170692
0.357152
0.197301
2.00982
0.146198
0.21392
0.214935
0.290215
4.11738
1.412
1.5474
6.48057
1.30542
0.297332
0.480274
2.52636
0.288951
0.0604109
0.384873
0.631759
1.34477
0.330215
1.03147
0.390282
0.520414
0.249629
0.915651
0.47842
0.715459
0.578048
0.63687
2.72222
0.159908
0.359562
0.238434
0.272608
3.1505
1.65385
0.245589
2.17345
0.343813
0.739442
0.377731
0.304993
0.158965
0.251882
0.184853
0.101897
0.198659
0.244703
2.38664
0.19499
0.184286
1.67708
1.08998
0.224651
0.306341
1.29082
0.306612
0.844667
5.00746
0.2104
0.209266
0.176221
0.268157
5.02181
0.250112
0.389651
0.283238
1.04487
0.890051
0.337138
0.427045
0.692234
1.02166
0.904333
1.23445
0.186976
1.02737
0.193194
0.455858
0.508525
0.155988
0.201898
0.407603
0.314608
1.23928
0.329757
0.227571
0.106359
2.04301
0.225661
1.94131
0.664432
1.99583
2.02077
0.254697
4.67406
0.275856
0.293917
1.43746
0.375349
0.519266
0.249522
5.07698
1.20773
0.173849
3.22852
0.186875
0.222053
0.1887
0.575468
0.360061
0.917998
1.66697
0.2747
0.466891
0.279155
0.351894
0.334902
0.411468
0.249811
0.305013
0.549182
0.0979273
0.177648
0.19729
0.304558
2.86818
0.196576
1.2709
0.167955
2.53561
0.20054
2.0319
0.890526
0.706283
0.516349
0.101873
0.208721
0.185183
0.175188
3.49601
0.286668
0.453001
0.372775
0.426445
0.0786045
0.18834
0.58187
0.338249
0.463049
0.513228
0.236351
0.190222
0.323745
0.437866
0.485535
0.882967
2.60758
0.310497
0.413193
4.89887
0.255551
1.16161
2.24236
0.379049
0.220129
0.274447
0.25457
0.724151
0.28033
0.136369
0.27949
0.326272
0.926503
0.304775
0.402333
0.257709
0.503547
0.0400438
0.756623
2.43515
0.437525
0.353965
0.272781
0.353216
0.160722
0.61926
3.56584
0.298855
0.175481
0.267297
0.378261
0.259017
0.157136
0.893466
0.614004
0.396082
0.230833
0.115162
1.14296
0.483589
0.318821
0.181136
0.130074
0.164773
0.255055
0.850584
0.48587
1.69582
0.993867
0.270691
0.174743
0.193724
0.3517
0.192336
0.285262
3.22503
2.38097
3.73887
1.32558
0.486714
0.394513
0.366929
0.334577
0.297225
1.55724
0.219994
0.903977
4.41244
0.200474
9.19028
0.93787
0.484812
0.281161
0.335426
0.221255
0.25092
0.461114
0.261614
0.654309
0.787039
0.173614
2.23012
0.100819
1.02195
0.117906
0.221005
0.346891
0.264104
0.279418
5.98341
0.280295
0.162088
1.52286
1.70228
3.25714
0.737317
0.258266
0.255209
0.203722
1.44743
1.71476
0.363376
0.487852
0.343863
0.332409
0.637026
0.109836
0.290299
1.10149
0.784976
0.153706
0.202645
0.212369
0.565308
0.18543
0.183985
0.242725
0.571784
0.181
0.152686
1.98748
0.465462
0.369828
0.142684
0.131262
2.87171
1.3786
0.287819
0.353236
0.815705
2.78871
2.09523
0.206634
0.216999
0.301497
0.430247
0.131438
0.351164
0.211532
0.278521
6.34576
0.368788
0.529092
0.142325
0.166802
0.301067
4.22899
0.125015
0.664188
2.39052
0.285256
0.284915
0.446759
2.45963
0.304081
0.305913
1.45525
0.820518
1.42619
0.147894
0.397062
0.198792
0.854556
0.248859
0.942289
1.32415
0.438314
3.03027
0.229198
2.76979
1.16697
0.139572
0.297381
0.167889
3.79777
0.376509
0.421469
2.88942
0.408227
1.37383
2.7327
1.27849
0.412967
0.842202
0.314028
0.176424
0.692045
0.698595
0.287941
1.01332
0.366757
1.77847
0.226101
2.6433
0.293759
0.225466
0.340326
0.231744
1.68442
0.21131
0.271746
0.495584
0.436402
0.201714
0.174283
0.135789
2.64004
0.469646
3.45463
0.174759
0.331119
0.200518
0.840059
0.16294
0.914654
2.17552
0.837072
0.259953
0.494333
0.391904
0.181854
1.33912
0.187039
0.675937
1.26296
2.36762
0.563254
0.24165
0.794372
0.243594
0.258142
0.218373
0.128642
0.113771
0.342622
0.460957
0.399267
0.250125
1.27934
0.196909
0.247898
0.258484
0.157726
0.324691
0.245038
0.15125
0.344691
0.257907
0.274049
2.03134
0.333064
0.216542
0.114355
0.202336
0.636558
0.178664
0.285011
0.318489
0.286748
0.234075
0.182711
0.236692
0.232852
0.375756
0.180689
0.143412
0.697651
2.55497
0.224878
0.187702
3.19122
0.305665
0.206177
0.377733
0.279936
0.239113
0.282108
0.116881
4.0664
0.400948
1.49886
0.222574
0.377558
1.17163
0.126192
0.322911
0.351238
0.110067
0.337645
0.200204
0.123758
0.153627
0.202189
0.14703
0.16331
0.55022
0.224748
1.5801
0.617795
0.743749
0.145498
0.176941
0.16839
0.33121
2.61387
0.421593
2.92426
1.08446
1.16712
0.34747
0.253364
0.247867
0.270749
3.0115
0.283843
0.173116
0.147631
0.396174
0.573675
1.53031
0.337473
0.202816
0.79517
0.228619
0.950979
0.123802
0.141525
0.534198
0.726595
1.31769
0.20076
0.225497
0.338819
0.507135
0.275814
0.320827
0.506247
0.114394
0.327195
0.28244
3.13872
0.354222
0.333281
0.303291
0.22988
4.4978
0.802093
0.271046
11.1399
0.320329
0.647945
2.98314
2.3518
1.21757
0.496542
0.202125
0.270014
2.49109
5.89284
3.61127
0.242719
4.17837
0.302691
0.242368
0.626769
0.381728
0.250661
1.6267
0.166081
0.315615
0.166067
0.163938
0.242056
0.342283
1.00955
0.639146
0.185829
3.35983
0.518092
0.115691
0.0885474
0.331833
0.157967
0.505815
2.48145
0.195666
0.262789
0.423482
0.30012
0.259187
0.138546
0.312205
0.456085
0.900414
1.44099
0.209615
0.208008
0.542305
0.205146
0.504887
0.297535
0.507828
0.17641
1.11579
0.139897
0.390219
2.53488
0.337031
0.590059
1.84483
0.281753
0.208763
0.138139
0.300095
0.180265
0.400593
1.51038
0.28018
1.00483
3.992
0.960247
0.115235
2.75426
0.355086
0.354747
0.129848
0.37606
0.176603
0.21265
1.58256
0.941574
3.72638
0.273614
3.7856
0.308134
1.27907
0.371647
0.319924
0.160483
4.65131
0.510239
0.337009
0.380854
0.495258
0.303771
0.43213
1.09209
0.465671
0.196326
1.32617
0.676098
0.428962
0.237654
1.16282
1.4374
0.223875
0.247823
0.187944
0.231565
0.239349
1.27757
5.86579
0.394893
0.167228
0.122736
0.253693
2.00851
0.0820151
2.67385
0.528947
0.156713
0.192688
0.125503
0.207732
0.189426
4.3247
0.644245
0.303399
0.138522
1.68001
0.282761
3.15633
0.410052
0.902934
0.364634
1.6012
0.179918
0.278207
0.167152
0.455066
0.724091
0.226556
0.193265
0.295588
0.373406
1.9569
1.46381
0.222267
0.184976
0.416658
0.185605
0.288369
0.212536
0.198992
0.391267
0.156788
0.489077
0.274239
0.215389
0.772125
0.603007
2.89161
0.206785
1.0554
0.182191
0.635144
2.18909
0.24737
1.25564
1.03665
0.244235
0.946648
0.220681
0.0886524
0.342003
0.786593
1.30869
0.453252
4.26013
0.292478
0.127025
0.240861
0.283205
0.16883
1.22103
0.443036
0.176125
0.230549
1.14398
0.266451
0.131057
0.378245
1.10686
2.09329
0.145304
0.83001
2.92669
0.656087
0.115642
0.301823
0.16518
0.321045
0.263036
0.800971
3.23652
0.43903
0.32723
0.215168
0.107777
1.51938
0.470744
0.519212
0.34392
0.251364
0.455212
0.36903
2.06598
0.122925
0.18815
0.328975
0.325211
2.13356
1.75711
2.7232
0.291
1.3471
0.279456
0.279477
0.0980613
0.174195
0.912296
0.665061
0.206343
0.494765
0.25578
0.327978
0.526745
0.206489
0.211269
1.52201
0.24201
0.683512
2.18478
0.268501
0.853829
0.210752
0.332615
0.304049
1.5357
1.63804
0.245969
0.263648
0.478621
3.66496
0.527499
0.284964
0.192794
1.94318
1.70431
0.330041
0.188256
0.774669
0.468972
0.171434
1.05243
0.794786
0.176485
0.277739
0.516106
0.244961
0.364353
1.02249
0.281634
0.379233
4.20782
0.146907
0.293768
0.329489
0.210572
0.241542
2.35698
0.225087
0.273286
0.921751
0.995186
0.268033
0.338424
1.12767
1.24216
0.152984
0.242436
0.787576
0.484067
2.25703
0.393678
0.238773
1.36797
1.78996
3.83882
0.153631
4.5974
0.266703
0.19763
0.305519
1.56652
0.277566
0.311573
0.844133
0.393451
0.101939
3.11071
0.35491
2.6427
0.229937
0.155742
0.349589
1.36934
0.29281
0.211081
0.257487
0.858036
0.211825
0.422525
0.315062
2.56406
0.160931
0.244912
1.46021
0.108705
0.332563
0.256592
1.99925
0.322413
0.318033
0.393171
0.327399
0.183914
0.15346
0.263616
0.17711
0.259389
0.879642
0.338968
0.236278
0.239409
2.81185
0.293968
0.499304
0.330217
0.303344
0.298789
0.238148
0.214874
2.17326
0.15676
0.360787
0.673323
0.260539
0.252794
0.236686
0.235984
0.261078
0.173602
0.217477
0.317558
0.313264
0.211718
0.302154
0.142247
4.2524
2.05538
0.698745
1.76562
0.365089
0.242506
0.237771
0.210932
0.284849
1.87136
2.56154
0.341769
1.36474
1.42347
0.659709
0.141233
0.409276
0.447465
0.114608
0.218698
2.1636
0.20764
0.249099
0.176911
0.304581
0.320688
0.201842
0.985571
0.24868
0.387184
0.461189
2.86617
0.392929
0.948898
0.327112
0.363877
0.292527
0.230352
0.405247
2.71533
1.14744
0.150956
1.75408
0.294656
0.158712
0.294931
0.126479
0.15013
0.392102
0.1253
0.232466
0.557014
0.248401
0.411861
2.05218
0.220721
0.191185
0.324398
2.20544
0.241331
0.118734
0.149353
0.312609
0.269133
1.33211
0.233631
1.59768
0.115987
0.283878
0.21265
0.317896
3.36181
0.227751
0.47111
0.483432
0.334434
0.439255
1.50516
0.271398
1.42141
1.73879
0.290565
0.699909
1.67469
0.226429
0.331545
0.35649
0.551284
0.253662
0.24663
0.554572
0.202956
0.625063
0.356817
0.249042
3.94252
0.461003
0.480306
6.82786
1.02292
0.427106
1.8629
1.37592
1.54874
0.34004
1.44027
0.293665
0.295314
2.12176
0.422099
1.29088
0.420624
0.28428
0.209568
1.58928
0.27712
2.19599
0.395124
0.334699
0.588317
0.676919
0.328355
0.184838
0.29876
0.224677
0.179188
0.414535
0.239721
0.178311
0.336567
0.120048
2.32973
0.0637572
1.19521
0.212143
1.2201
0.329256
0.242917
3.35528
0.357896
0.0578679
2.36452
0.468435
0.681819
2.75202
1.65399
0.340354
0.21745
0.412656
0.182346
0.12674
0.34863
0.341671
0.318373
0.220259
0.185947
0.171088
0.17855
0.28716
0.466432
1.22658
0.343821
0.220237
0.196439
0.517144
0.285731
1.81324
0.60923
0.44475
0.273068
6.10157
2.25137
0.274126
1.39838
0.168891
3.05972
2.32926
1.05354
1.9504
0.344959
1.12623
0.417139
0.326351
0.215326
0.250855
0.385997
0.346055
0.539228
0.25614
0.971247
0.239336
0.203954
0.391323
0.654078
3.37542
2.38643
0.301081
0.450346
0.309581
0.182387
0.255164
0.249008
0.338194
0.298062
0.349817
0.174718
1.20796
0.429169
0.729764
0.865289
0.188154
0.640339
0.816651
0.187269
0.401271
0.40978
0.214803
0.490592
0.227702
0.338319
0.39438
0.195073
0.173126
0.767056
0.295665
0.370444
0.324961
0.23666
0.355253
0.224034
0.382649
0.270188
3.32254
0.326771
0.627031
0.364606
0.2655
0.157141
0.270255
0.331422
1.03564
0.190732
0.693126
0.181659
0.322237
0.216849
0.272718
0.221692
0.196616
0.234392
0.206354
0.545162
0.495884
0.230018
0.248116
0.107115
0.51887
2.1832
0.305874
0.28492
0.376724
0.301639
0.2156
1.06071
0.527218
0.163451
0.223077
0.840918
0.749587
2.51968
1.1179
3.67893
0.103824
0.916173
0.384872
0.179923
0.630755
0.214543
1.47183
0.341988
0.357715
0.765318
0.432902
1.15389
0.250047
1.25215
0.936491
1.24123
0.29202
0.644292
0.262633
0.182042
0.188393
1.9698
0.233833
3.39208
0.293338
0.276189
0.40103
1.95036
0.274023
0.579318
0.288363
0.202323
0.135656
0.156365
0.736736
1.51485
0.43195
0.316654
1.22438
1.81696
4.22416
0.701265
0.209263
0.534567
0.745678
0.827404
1.01793
0.902999
0.20499
0.156586
0.571671
4.27367
0.511394
0.253457
0.0621738
0.148126
0.243134
0.392381
1.74393
3.22343
0.264965
1.83435
3.04011
1.31789
0.325472
0.416915
0.974828
3.17494
0.179847
0.171085
0.333122
4.77749
0.272029
0.124908
0.30471
0.264505
0.261126
0.106827
0.897286
0.803486
0.555771
0.200247
1.40636
0.239878
0.596338
1.2203
1.44303
0.152035
0.207743
0.924439
0.548494
0.56848
1.07067
0.390803
0.399935
0.536694
0.25995
0.204236
1.32489
2.25993
0.167991
0.286678
0.205032
0.223595
0.389936
0.557212
0.0833991
0.285559
5.65792
0.194188
0.41811
0.319325
0.146248
0.318009
1.52904
2.20546
0.145839
0.270546
0.798253
0.372119
0.217182
5.35257
0.241712
0.210346
0.154434
0.22263
0.356261
0.344714
0.523482
0.594739
0.384022
0.24585
2.9006
0.423228
0.205996
0.58763
0.617352
0.278782
0.270216
4.33989
0.94169
0.173543
0.28133
5.13092
0.241756
0.303952
0.233845
0.232819
0.832784
0.387846
0.172208
0.305281
0.31238
0.197545
0.408897
0.597315
1.88108
0.177928
0.753632
0.363051
0.600168
3.00281
1.52025
0.268837
0.124292
4.70426
0.414711
0.887804
0.273685
0.179238
0.264366
1.82297
0.716095
1.69247
2.65724
0.280024
0.184027
0.274427
0.185564
0.315775
0.28135
6.54173
0.355936
0.590382
0.355074
0.418835
0.242179
0.193485
0.263846
0.143209
1.47111
0.348282
0.269344
0.110064
0.0975205
0.486419
0.208484
0.280804
0.152656
4.70689
0.378045
0.175136
0.247334
0.810819
0.885974
1.56715
0.111684
0.205465
0.258175
0.2351
0.12082
0.160844
0.205206
0.123633
0.286021
0.562754
1.03206
0.199266
0.248541
2.27733
0.209112
0.143964
0.223387
0.83031
0.243152
0.347343
1.67418
0.273656
0.115563
0.292849
4.03142
1.70542
0.172823
0.657171
0.161373
0.277385
0.729429
0.647349
1.47097
0.13963
0.255187
0.210735
0.366641
0.119842
0.488982
0.268817
0.275309
0.605383
0.334768
0.636762
0.218351
5.07707
0.424403
0.265374
0.260888
0.235131
0.131265
0.30362
0.207113
0.330123
0.346151
0.39802
0.252844
0.114758
0.359102
0.43296
0.464162
1.36747
2.09373
0.244843
1.17193
3.17107
0.312178
6.08663
1.91942
0.180597
0.258126
0.296839
0.250083
0.294839
1.43502
0.476323
0.116557
2.53874
0.234848
8.28354
0.148073
2.59526
0.801769
0.159866
0.422114
0.126796
0.173585
0.254654
0.448453
0.135627
0.656391
1.65271
0.22137
2.16169
0.465057
0.154573
0.3177
0.221363
0.154869
6.58905
0.348272
0.983405
0.328769
0.223899
0.492922
0.273344
2.74069
2.4611
0.223039
0.309099
0.350891
2.81924
0.516857
1.81929
0.275781
0.0915942
0.191125
1.01301
0.162181
0.204217
0.244181
0.247766
1.89932
0.25371
0.364853
0.201598
0.282867
0.523092
0.433219
0.46631
0.283369
0.652006
1.65287
2.13431
0.061569
0.512178
0.34478
1.59431
5.75694
1.90129
0.268101
0.194613
0.175195
1.09884
1.33382
0.523559
0.162745
0.539338
0.246018
1.46093
0.338296
0.25463
3.2853
0.139806
0.219278
0.698965
0.861401
0.19764
0.312343
0.149085
1.9466
1.46293
0.693241
0.258254
0.232563
1.04237
0.165266
0.629543
0.258789
0.16583
1.51705
0.871489
0.144806
0.14014
0.282181
0.330437
0.293917
2.70295
0.514208
0.878408
0.212005
3.59567
0.106326
0.799764
0.28998
0.172249
0.178521
0.768587
0.237111
0.2968
0.104464
1.83791
0.277497
0.12431
0.331583
0.255211
0.2637
0.183254
1.42461
0.179805
0.21124
1.85929
0.561578
0.77242
0.727102
0.155975
0.156547
0.356605
0.250183
0.334454
0.221783
1.08326
0.214273
0.252116
0.213326
0.281781
2.17014
0.337359
1.9134
0.270303
0.287341
0.233667
0.149819
2.9358
0.305987
0.285998
0.274862
0.560851
0.184617
3.24131
0.119268
1.89378
0.287814
0.240605
0.370177
0.380513
0.266182
0.415893
1.42768
0.581711
0.803571
0.41626
0.14105
0.383647
1.85529
0.433536
0.165161
0.320041
0.3272
0.239551
0.339923
0.273035
0.555475
1.81018
0.275081
1.30808
0.145272
0.304837
2.85273
0.651382
1.52112
0.246438
0.378141
0.162142
0.218347
0.310268
0.236503
1.67468
0.206848
0.173367
0.220534
0.2908
0.233513
0.177841
0.15071
0.174783
0.542689
0.388347
0.154489
0.983968
0.239835
0.51823
0.67522
0.137483
0.225542
0.754671
8.06048
0.147754
1.80615
0.2496
0.207587
0.0522171
0.101787
0.170216
0.122061
0.314804
0.311394
0.167901
0.500783
0.52572
0.208802
1.51871
0.131099
0.744627
0.18169
0.161195
0.497008
0.426758
0.558617
0.18391
0.224576
0.461984
0.36219
0.133791
0.288082
0.223956
0.318524
2.88661
2.40812
0.128454
0.343126
0.320208
0.42778
0.201264
0.440572
0.221269
0.292347
1.67169
0.142617
0.115523
1.16837
0.519297
0.199699
0.328872
0.194783
0.199854
0.429916
0.290966
0.216616
0.209134
0.841217
5.42369
0.149093
0.684831
0.187403
0.157817
0.133407
0.288191
0.594934
0.143207
0.265675
0.253727
0.974621
0.0525703
1.82417
8.53672
0.495112
0.81608
2.45846
0.397522
0.881989
2.00888
0.30746
2.46563
0.144732
2.67304
1.65191
1.11288
0.25092
0.554055
0.269136
2.01806
0.263018
1.7047
0.481623
0.26528
0.235309
0.0995157
0.293712
0.234764
0.413752
3.23473
0.353585
0.376862
0.191495
1.22805
0.251426
4.92972
2.98061
0.231449
0.41731
0.211771
0.177938
0.967744
0.227463
0.188231
1.63936
0.409241
0.0775035
0.418253
3.11986
0.310976
0.734
0.791203
1.04405
0.345424
0.111752
0.308785
1.26548
0.615083
3.42307
0.11806
5.72556
0.185767
3.55545
0.233921
0.206053
0.266458
0.346027
0.209235
1.99359
0.797628
0.438529
0.209871
0.141876
0.420075
0.103695
0.282467
0.368711
0.284254
0.175949
0.237376
0.108881
1.12435
0.588351
0.40709
0.871644
1.29917
0.252304
3.07249
4.33068
0.146803
2.17656
0.245615
2.47824
0.294069
0.355314
0.305449
0.558079
0.147752
0.308095
0.148133
0.167096
0.602569
0.368266
0.478195
1.82166
0.267229
0.263319
0.239333
0.42284
0.410957
0.532854
0.143001
0.630542
0.225122
0.148194
2.40933
0.12981
0.311751
0.201947
0.122467
0.484439
0.339317
1.78574
1.69866
0.32905
0.125545
0.216503
0.790268
0.198833
0.34853
0.716164
0.337584
0.135039
0.203796
2.77837
0.585875
1.94679
0.25777
0.21739
0.365891
0.118896
0.208691
0.264834
0.217115
0.333264
0.330253
0.208997
3.32038
0.302663
0.306564
0.173895
0.259986
0.229023
0.148928
0.253959
0.264059
0.386955
0.3966
0.107462
0.191825
0.393956
2.33673
1.68444
2.3178
0.220686
1.66054
0.234802
0.128586
1.38462
0.160286
1.12748
0.285851
0.392697
1.0995
1.63666
1.02334
0.212106
0.769223
2.11077
0.86962
0.524568
0.703865
0.330634
1.09426
0.322771
0.526264
1.42272
0.288949
1.12274
2.22328
0.3319
0.295791
1.26509
2.05663
0.361609
0.155203
0.378881
0.334704
0.448672
0.744505
1.49677
0.134488
0.197909
2.528
1.59937
4.93466
0.261077
2.86141
0.465526
0.297127
2.92711
0.259206
0.460557
0.465132
0.209798
2.3005
0.884771
0.185863
2.05805
0.169318
4.06649
0.176517
0.391483
0.132865
0.327376
3.34394
0.304096
0.250349
0.521361
4.72275
0.132802
2.71322
1.20255
0.691037
0.31738
0.303496
0.290784
0.136144
0.304171
0.127809
0.226534
0.127644
4.73839
0.306578
0.159891
2.12901
0.280554
0.277248
1.56403
0.280373
0.194439
0.397463
0.361344
3.04272
1.43748
0.392199
0.418636
1.67671
0.293429
0.391966
1.72658
0.929596
0.253195
0.238415
0.139814
0.312583
0.102301
0.114136
0.171761
0.479202
0.261224
1.19651
4.31551
0.367553
2.37766
0.331096
0.941595
1.2533
0.256329
0.393231
0.280925
0.505881
0.205895
4.33844
1.7009
0.304232
0.277112
0.270058
0.188514
1.09351
0.153168
0.530299
0.351899
0.311757
3.81248
3.71451
0.518201
0.22412
0.372068
0.159312
0.173395
0.199227
0.129904
0.308017
0.249634
0.375864
1.2593
0.189983
0.356637
0.262887
1.49949
0.10463
0.271026
0.434277
0.259244
0.330996
2.51135
0.829059
0.582478
0.212099
0.597628
1.56632
0.240798
1.20983
0.1492
3.97876
0.225034
0.147589
0.503645
0.777078
0.343554
0.646861
0.146964
0.386111
0.432911
0.476793
3.58016
0.822295
3.79091
0.158765
0.912729
0.317232
0.653324
0.314761
0.448942
0.16602
1.64869
0.172954
0.799985
0.439136
0.373433
2.84331
0.129412
0.532468
0.314053
0.263774
0.175037
0.247153
0.165946
0.593097
0.416858
2.72015
0.133138
6.64155
0.287867
0.42959
0.210627
0.185103
0.119087
0.112239
0.626774
0.283068
2.06989
0.305665
0.197407
0.245898
0.211569
0.623522
0.453024
7.55166
0.348262
0.134021
0.438773
3.97792
0.216093
1.5833
0.385889
0.100528
1.10911
0.215059
0.230268
0.903392
0.229263
1.45616
0.373165
0.135818
0.312625
0.308709
0.386108
0.266654
0.256959
0.251725
0.420415
0.407521
0.264536
1.6142
0.476827
0.423685
0.256345
0.50369
0.187379
0.215946
1.09638
0.133247
3.34981
0.104245
0.142999
0.190748
0.213948
0.455792
3.6285
0.167601
0.347045
0.177241
0.572703
0.185385
0.29778
0.20386
2.36399
1.15519
0.174059
0.289492
0.380024
0.234658
0.19932
0.276565
0.243986
0.272449
0.243947
0.622818
0.093895
0.142846
0.148324
0.414304
0.0962702
0.366901
0.283152
0.456838
0.292224
0.171498
1.33036
0.227949
1.29566
0.139551
2.25706
0.3939
0.302449
0.542609
1.61461
0.302671
0.132154
0.355431
0.171388
0.143725
3.47836
0.561644
0.272057
0.113318
0.16535
0.844648
0.371167
2.5987
0.287556
0.428377
0.125887
0.319843
0.736813
0.235576
0.645869
0.25373
0.271127
2.0856
0.386133
0.80781
0.2061
0.250384
0.330782
0.124878
0.313697
0.340153
0.367513
1.24424
0.206681
0.28248
0.19716
0.281634
0.722994
0.464384
0.43071
1.49543
0.271635
2.2041
0.349027
0.13586
0.31391
2.7508
0.467845
1.0642
0.180464
1.99424
3.88146
0.420393
0.442869
0.235402
0.197837
0.901211
0.371019
1.61111
0.414408
0.326954
2.70624
2.16308
0.245509
0.341549
1.47239
0.632637
1.11211
0.407068
0.615634
0.412662
0.631724
0.20555
0.566796
0.911622
0.769051
0.131011
0.499795
0.180164
0.168794
0.206974
0.335085
0.757192
0.298872
0.418346
0.262995
0.786975
0.348254
0.350273
0.204681
0.510355
0.213228
0.329374
4.82818
2.63983
0.247102
0.247297
0.208438
0.247748
0.227423
0.2162
0.326533
0.239734
0.931618
1.9654
0.134564
0.31005
3.04071
2.46264
1.54897
0.256587
0.74024
0.25104
0.62446
0.297806
1.92635
0.218165
0.328471
0.479372
0.47251
0.786191
0.319292
0.518741
1.24067
0.206092
0.831894
2.8121
1.12176
0.62588
0.199694
7.07328
0.0799156
0.287888
1.00663
0.362437
0.372991
0.480553
0.23984
0.419605
0.182591
0.390567
0.0884438
0.268891
3.30122
0.19701
0.191197
0.19616
0.471694
0.119884
0.133323
0.309884
0.505449
0.144222
1.51882
1.09487
0.499092
0.315341
0.233673
0.26148
0.990645
0.224457
2.22755
0.0861581
0.463501
0.289993
0.149421
0.122303
2.37166
2.11191
0.208533
0.168029
0.397397
1.09399
0.158143
0.310471
0.131811
0.185956
1.04516
0.0979857
0.277045
0.238936
0.253874
0.304579
2.58783
0.28563
1.9776
0.688543
0.132282
0.435762
0.386706
0.202881
0.202238
0.185052
0.0852447
2.96582
0.169913
0.410504
0.262772
3.21004
0.24774
0.437613
0.244498
2.35024
0.263244
0.32809
0.25797
0.227287
0.540681
0.158241
0.301708
0.127957
0.218222
0.279787
0.125622
0.268771
1.28195
0.796751
0.232626
0.218601
0.420658
1.6832
0.271977
0.454262
1.11231
0.897583
0.20175
2.54907
0.997682
0.84798
1.12705
0.358078
0.161976
0.416038
0.244117
0.772941
0.244336
0.249894
1.40901
0.24396
2.62692
2.66299
0.200287
0.522223
0.277497
0.228319
2.0861
0.695549
0.187698
0.374764
0.503731
0.21149
0.159051
0.538934
0.271144
0.240098
0.256472
1.96892
0.280734
0.212819
0.181599
0.135164
0.531744
3.38622
0.187936
0.272213
0.985576
0.158779
0.488709
3.84207
0.276743
0.210072
1.12114
0.240254
1.99802
0.475214
1.25191
0.359633
0.228766
4.19739
0.176854
1.77341
1.4457
0.338076
0.168969
0.280163
0.414671
0.968275
1.15032
0.229946
0.357888
0.359181
0.293349
1.60437
1.50826
0.174759
0.175314
2.27052
0.262023
0.259479
3.66594
0.292297
0.366517
0.154433
1.22241
3.71475
0.395392
3.35862
1.05526
0.476062
0.28159
3.21076
0.256554
1.69881
2.74204
4.15485
4.99829
0.896917
1.02554
0.316741
0.144925
0.153641
1.79725
0.211275
0.494193
0.146345
0.209561
3.26366
1.05081
2.10139
1.96709
0.223134
0.156352
0.27199
0.196262
0.234775
1.17771
2.53059
0.174911
0.127377
1.46246
0.100114
0.208321
0.130552
0.254199
0.268713
0.140526
0.207397
0.233671
0.718953
0.372955
0.147993
0.265814
0.216152
0.840359
0.215334
0.243043
7.74852
0.294246
0.25401
1.33855
0.153506
0.450276
0.141269
0.838845
0.957838
0.229431
0.208814
0.13343
0.167512
3.80887
0.0884107
4.29265
2.83922
0.212429
0.21411
0.240862
0.637259
0.197016
8.85702
0.668627
0.305833
2.13411
0.544006
2.61227
0.349824
1.42593
0.457768
0.142008
0.731187
0.200051
0.293876
0.216369
0.66074
2.36594
0.217402
0.306829
0.367526
0.213892
0.610139
0.189956
2.51259
0.448359
0.44053
0.18155
0.30549
0.273264
0.187443
0.414162
0.259491
1.24527
0.669298
2.41176
1.36234
1.17901
0.801755
2.09164
0.196412
0.271359
1.66211
0.374766
0.92335
0.25913
2.56449
1.66665
0.628601
0.188692
0.216926
0.121994
0.256396
0.242599
0.379335
0.263875
0.217753
3.8728
0.30934
0.410073
3.35246
0.234534
0.249823
0.184702
0.209026
0.790595
0.354098
0.146815
0.259392
0.139769
0.107628
3.55391
0.561844
2.26073
0.202993
0.369343
0.472485
0.33384
0.120426
1.56843
0.770948
0.149016
0.285392
0.393153
1.34087
0.199794
0.239761
0.187651
1.60001
0.148709
1.32829
0.809719
0.17726
0.617451
0.647776
0.188839
0.31741
0.347628
0.140975
0.261658
0.271061
0.269725
0.352162
0.314051
0.0943853
2.37849
0.781989
0.384299
0.207963
0.277262
0.0988577
0.704341
0.30547
0.222815
0.140349
1.02901
0.21489
0.131969
1.8964
0.148441
0.237073
0.219565
0.812102
0.378145
0.668611
0.191375
0.208554
1.22984
1.16976
0.186738
0.0723413
0.973988
1.36916
0.309769
0.58234
0.229023
0.163443
5.56381
0.233847
1.18733
0.42267
1.71172
0.223093
0.237729
0.766049
3.22877
0.193887
0.245805
0.220885
0.226077
0.239886
0.871927
0.224528
0.974217
1.23071
2.70676
2.56119
0.390854
0.217337
0.203179
3.12916
0.11528
0.278381
0.19134
0.314794
0.456772
0.679248
0.194054
3.61991
1.41246
0.466012
0.328308
0.33558
0.210372
0.173669
0.731039
0.162627
0.11339
0.679736
0.259551
3.48452
0.285446
0.486427
0.339347
0.267584
0.24206
0.302613
0.199818
0.373504
2.0378
0.832406
0.409196
1.33397
0.327685
1.58909
0.339164
0.33133
0.133516
0.148667
0.141821
0.283562
0.135142
0.547704
0.285123
0.176413
1.09616
0.230361
0.0949994
0.308692
0.296952
0.164524
2.54465
0.369022
0.171181
0.978525
4.54849
0.173991
0.304248
0.152542
0.256754
2.2516
1.64108
2.65879
0.293346
0.417363
0.137455
0.234912
0.234537
5.11675
0.170906
0.173954
0.227591
0.134834
0.69571
1.10161
4.56807
0.269428
4.15491
0.19052
0.349031
1.78014
0.139687
0.631538
0.70373
0.183079
0.291746
0.196136
0.11419
0.15842
0.253708
0.406964
0.182308
0.286398
0.313417
2.27694
0.151106
0.145486
0.208696
0.196222
0.304092
0.2854
0.0944905
0.64045
0.0960406
0.149545
0.252108
0.91881
0.351875
2.66503
0.216617
0.953566
0.246806
0.328733
2.42978
0.194372
0.657775
1.52281
0.143576
0.298803
0.232109
0.197178
0.217097
0.29789
0.355978
0.503929
1.00817
0.701469
0.842424
0.273243
0.205585
0.542925
0.247634
0.316809
0.198398
3.64521
0.41777
1.6464
0.234402
0.267711
0.319444
2.2397
3.61597
0.312693
0.185891
0.228674
0.14482
0.373964
1.63368
0.469444
3.19357
0.437106
0.140327
0.183217
1.71773
0.35599
0.411646
0.240314
2.88716
0.682785
0.440262
1.10146
0.178952
0.684769
1.15167
0.191186
0.590217
0.277784
0.659484
0.705995
0.268878
0.761056
0.146389
0.290057
0.778691
0.567239
0.359144
0.265661
0.235074
0.132103
0.121996
2.29827
0.489789
6.90428
0.254752
0.919379
2.00741
10.2402
0.216994
0.727665
0.152165
0.582868
0.224507
0.136354
0.411656
0.325431
0.218601
0.502418
0.231168
0.259371
0.343832
1.03549
0.551293
0.364892
0.448089
0.343589
0.188049
3.75695
4.48236
0.590703
0.201608
0.292654
0.153267
0.251611
4.20255
0.332113
0.218898
0.154655
0.152389
0.329067
0.36185
0.188253
0.147459
0.23899
0.161771
0.294024
0.184925
0.249068
0.155662
0.137977
0.571395
1.9162
0.965988
1.46327
0.98685
1.08734
0.211185
0.180414
0.241902
0.376485
0.221272
0.202379
0.716831
0.371594
2.67605
0.28162
0.272171
1.22803
0.173756
1.26552
4.11175
0.317962
0.218653
0.187311
6.22036
0.934371
0.227212
0.2149
2.11411
1.39961
0.384323
0.525688
0.0888219
4.08196
1.29075
0.394789
0.206766
1.39658
0.281811
0.109023
0.705044
0.185719
0.323551
0.237127
2.48968
0.593628
0.167632
0.791656
0.306562
0.258587
0.218809
5.25516
0.11741
1.14932
1.8371
0.341509
5.36038
0.211156
0.591825
0.147663
3.14941
0.18481
0.318603
0.198877
1.00736
0.181474
0.323849
0.221538
0.293852
0.203866
0.521923
0.23571
0.445008
0.730854
0.908793
0.355567
0.266154
0.262472
0.642461
0.314872
0.234753
1.14674
0.347304
0.457904
0.736293
0.246531
0.802307
1.85304
0.109051
0.201248
0.956105
0.282509
2.25764
0.790123
2.74043
1.89308
0.248149
0.132469
0.262584
0.269875
1.69259
1.22536
0.751732
0.373109
0.354722
0.261848
0.200759
0.250848
2.3681
0.363734
2.10512
0.325378
0.369734
0.182124
0.168605
0.648629
0.278295
1.19279
0.461009
0.295563
0.30983
0.721707
0.219828
0.301679
0.699946
0.275205
2.98614
0.46931
0.234251
0.883101
2.09014
0.151272
0.45411
0.138079
0.124829
0.233847
0.674055
0.378601
0.712519
5.87086
0.593652
0.354234
0.21187
0.266585
0.251167
0.320441
0.168339
0.212054
2.12736
1.79459
0.247757
0.141477
1.23467
0.375443
0.258354
0.24503
3.09835
0.488278
0.173399
0.104353
0.16136
0.119382
1.41835
0.176486
0.261768
0.288004
0.182571
0.342942
0.549244
0.343131
0.471836
0.293716
0.169583
0.608205
0.35942
0.337872
0.21988
2.61684
0.144338
0.214936
0.365465
0.143059
0.183126
2.33507
0.321242
0.215821
0.26964
0.140235
1.33937
0.154565
1.0035
0.787961
0.419574
5.61915
1.89357
0.164322
0.291481
0.155424
0.154979
0.803284
0.649552
2.28341
0.226142
0.233323
0.147651
0.225059
0.569916
0.443351
1.32016
0.198334
0.190374
1.77631
0.133987
0.196413
0.171312
1.07198
2.30834
0.316812
0.225374
0.392618
1.80574
0.344043
0.352397
0.251574
0.454248
0.722967
0.290455
0.37541
0.933524
0.488684
0.352563
0.354265
0.51835
2.02184
0.150337
0.222392
0.308982
1.2473
0.208774
1.43093
0.618028
0.121859
0.437182
0.115532
0.207563
0.463701
0.272357
0.499265
0.226103
0.970123
0.125125
0.218278
1.30404
0.308376
0.315232
0.361926
0.156713
0.220833
0.202734
0.167308
0.263703
0.152525
0.386611
0.535223
5.4086
0.6596
0.419573
0.866269
0.28946
0.163782
0.245368
0.186073
0.241602
0.173319
0.264506
0.17361
0.172686
0.34124
0.298193
1.09921
0.244864
0.299162
0.374806
0.539155
0.343596
0.29124
0.436273
0.195064
0.213926
1.19906
0.455979
0.658838
0.40599
0.560209
0.21343
0.194972
0.388024
0.424051
0.412819
0.56876
1.60795
0.128899
0.215325
0.279837
0.37154
0.221506
0.650709
0.176244
0.176772
0.684725
2.3822
3.07644
0.17987
3.66568
0.245267
0.279362
0.378908
0.321558
0.173452
0.435566
0.713106
0.216966
0.124218
0.208543
0.14517
0.224289
0.161629
0.487844
0.472017
0.21013
0.243641
2.24833
2.3347
0.164161
1.01797
0.607481
0.272837
0.200421
0.135045
0.0958174
0.20436
0.239924
0.224081
0.21218
0.78624
0.340233
2.55176
0.139549
0.263728
0.222414
1.20874
1.37694
0.786938
0.139239
0.466617
0.258503
0.527669
0.426015
2.98195
0.150803
0.163343
0.665627
1.04881
0.443752
0.430599
0.264874
0.267002
0.608386
0.635195
0.191573
0.198545
1.18312
0.307698
0.610621
0.167772
4.73193
0.448277
0.262822
0.282214
0.376797
0.192883
0.187823
0.167955
0.269235
0.392665
0.232097
0.326862
0.390338
0.243392
0.212637
0.214809
0.353297
0.261956
1.31658
7.13741
0.855103
2.67171
0.254754
0.263583
2.17373
0.254358
0.206445
0.223628
0.393741
0.298111
0.172112
0.570414
2.70122
0.357695
1.25888
1.22671
0.295849
1.01163
1.38744
0.30413
2.49892
6.74392
0.150585
0.645225
0.263372
1.00571
2.04672
2.42359
0.130824
0.424785
0.27899
0.193575
1.20941
0.327019
0.187185
0.667594
0.187052
0.483572
1.51566
0.590795
0.274195
1.61726
0.377548
0.171887
0.138914
0.255894
0.420523
0.240576
2.15661
0.43344
0.281345
1.27915
1.77023
0.293495
0.588704
0.273934
0.193345
0.261239
3.37106
0.345127
0.31101
0.991832
0.417391
1.66981
0.220048
0.812583
1.73286
0.351492
0.398948
0.646447
0.241496
0.241582
0.196464
0.735522
0.164798
0.185324
1.86391
0.365086
0.386462
0.787262
0.539627
0.193928
0.400569
0.291954
0.202481
3.0386
0.384012
0.390721
0.422849
0.474687
0.192304
0.184363
0.612668
1.17358
0.415979
0.848525
0.503494
0.476369
2.57298
0.234078
1.04819
0.6003
0.1652
0.169521
0.855157
1.25188
2.91713
0.96991
0.142978
0.244175
0.579107
1.09794
0.173225
0.816079
0.34169
0.19334
2.50668
0.29535
4.02742
0.628315
1.01723
0.200941
0.172652
0.131063
2.0457
0.154094
0.160709
0.479525
0.214396
0.278968
0.305811
0.854816
0.697583
0.647855
0.258749
0.258475
0.364838
0.311598
0.109352
0.426979
0.352472
0.470658
0.48766
0.204051
0.960915
0.272391
1.0328
1.92939
0.529298
0.381706
0.387796
1.46011
0.284434
0.255778
0.0774375
0.172347
0.203082
1.79492
2.14104
0.950016
0.371648
1.53672
0.646649
0.300004
0.0978857
0.229437
0.142455
2.55103
0.174636
0.241194
0.208201
0.335145
0.449725
0.415988
1.15511
0.458956
0.242146
0.193278
0.504793
0.141994
0.475241
0.190287
0.168533
1.00051
0.412406
0.590461
4.95633
0.328882
0.153511
0.249343
0.313683
1.96959
0.183226
0.182359
0.298674
0.230352
2.40667
0.182888
0.234401
2.88468
0.225253
0.51881
0.360087
0.560273
0.610943
2.30156
2.83454
0.181597
0.109246
0.403229
0.312667
0.273272
0.273133
1.12611
0.091882
2.36148
0.260555
0.270459
1.73944
0.219082
0.156008
0.259295
1.45544
0.299407
0.221052
0.66472
0.161227
0.2142
2.88862
0.297591
0.419934
0.287568
0.244832
0.822285
0.239612
0.198492
0.142739
0.247371
1.07125
0.178986
0.156135
0.52168
0.395878
0.349178
0.390562
0.454002
0.214844
0.333685
0.750772
0.359361
0.412635
0.120027
0.351494
0.448293
0.16299
0.246193
0.336881
0.438802
0.211302
0.0950925
0.27546
0.263459
0.168735
2.16989
0.412348
0.112734
0.373511
0.216297
0.331424
0.142436
3.07373
0.534456
0.205153
0.690554
0.187109
0.685877
0.221013
0.931463
2.02167
0.419022
0.649853
0.293628
0.185186
0.182869
0.155888
0.456539
0.725924
0.184886
0.586365
1.09553
4.01529
0.228413
0.229481
0.333803
0.597425
0.469013
0.63531
0.182089
0.419588
0.246557
0.239561
0.165861
2.00925
0.214731
1.19205
0.184448
0.111876
0.190133
0.273731
0.941023
0.107398
0.243339
2.04801
0.262213
0.568758
0.335361
0.543167
0.344404
1.30787
0.18213
0.184833
0.358956
0.297478
3.41702
0.387851
0.287303
0.244825
0.526032
0.331291
0.376174
0.854934
0.144089
0.597995
0.659616
1.46968
0.467285
0.136114
0.204722
0.249145
0.215399
1.09532
0.194515
0.160613
0.405861
2.32105
0.424074
0.222027
0.328688
0.715753
0.530587
0.850815
1.10811
0.214735
0.197479
4.28412
0.413238
0.26365
4.12984
0.225882
0.144548
0.168222
0.156944
0.188038
1.41944
0.188054
0.426185
0.518044
0.318305
1.15487
0.195019
0.247326
0.502935
2.82536
0.252018
0.219462
0.247563
0.186073
0.197208
0.111176
0.280473
0.279268
0.29936
0.226584
0.387854
0.252131
0.198006
0.351121
0.565679
0.797954
0.232522
0.700736
1.14177
0.487573
0.172991
0.182678
0.500545
0.493366
3.01322
1.45068
0.8665
2.37179
2.87077
0.246259
0.187776
3.11892
0.287326
0.181009
0.27236
0.253083
0.194614
0.32992
0.313086
0.25951
0.245376
2.90396
1.19192
0.189428
0.207084
0.271837
0.226015
0.382822
3.90718
0.371984
0.363179
0.193451
0.184903
0.252694
2.85438
0.412176
0.366947
0.231535
0.304529
0.267787
0.148422
0.475837
0.220222
0.204903
1.10793
0.129859
1.20076
0.122875
0.239838
0.230463
0.246347
0.547238
0.295491
0.211858
0.168933
0.144908
1.68214
0.16109
0.456444
0.115588
0.96799
0.927205
0.296522
2.34027
0.257183
0.377255
1.2574
3.67688
0.347835
0.344103
0.755371
0.598705
0.236621
0.709149
0.222108
0.709215
0.172281
0.435395
0.869807
1.88544
0.49987
0.536286
0.373131
0.0638196
0.376974
0.113793
2.4379
0.18306
0.379399
0.391728
0.169886
0.252684
0.0990575
0.332229
0.786146
0.81564
0.971502
0.168605
0.327521
0.199418
0.296911
0.41766
0.427092
3.43444
0.0978995
0.181221
0.261747
0.671585
0.293158
0.149054
1.46943
1.64566
0.713388
2.0965
0.227202
0.502049
0.172755
2.36285
0.328076
0.279154
0.250451
0.262919
0.208776
0.317502
0.397177
0.24391
0.150859
0.603944
1.63799
0.220322
1.23141
0.33885
0.263296
0.202428
1.92344
0.966588
0.251638
0.389957
0.22892
0.315736
1.50052
0.333251
0.227349
0.40895
0.32677
0.793093
0.346945
0.299294
0.238378
0.241467
2.22743
0.156312
0.755912
0.142413
1.92566
0.129327
2.87734
0.298305
0.584191
0.310498
3.41654
2.70203
0.996232
0.235089
0.442161
3.06095
0.92966
0.306042
0.535522
0.145554
0.414741
0.220928
0.286051
0.435464
0.237653
0.366917
0.229676
0.157493
0.959468
0.349513
0.407664
0.25761
0.27388
0.240357
0.195448
1.03838
0.554664
0.151054
3.07223
0.231793
0.293334
0.22754
0.236724
3.79814
0.843193
0.212928
0.241687
0.516904
0.885656
0.397182
0.650557
1.98555
5.11946
0.35898
3.09708
0.157875
3.16249
0.376048
0.437859
0.299679
0.205955
0.278408
0.326642
0.152137
0.273695
0.275142
0.641365
2.14616
2.04466
0.395369
1.3859
2.56941
0.294438
1.06781
1.05632
0.437788
0.635655
0.379098
0.256808
0.445157
0.231836
0.189387
2.475
7.12838
0.833873
0.357764
0.230893
0.857896
0.244711
0.434928
0.539311
0.17204
0.115741
2.73118
2.5252
0.341627
0.144148
0.202399
0.677515
1.99084
0.682708
0.287944
0.298294
0.201106
0.139128
0.801038
0.167623
0.213757
0.314047
0.142596
0.176556
0.92542
0.278884
3.53199
0.497265
2.24452
0.166013
0.210542
0.434486
0.278789
0.294926
0.267287
1.27051
0.278921
0.365624
1.89968
3.50594
0.321948
0.25153
0.131108
0.355741
0.19909
0.249475
0.654328
0.300394
3.24101
0.386063
0.390829
0.203657
1.44404
0.937036
0.266864
0.649194
0.190402
2.69516
0.532386
0.176496
0.280941
0.535865
0.688583
0.117187
0.216741
5.71688
0.146995
2.81208
0.789973
0.167605
0.321082
1.59121
0.208698
0.350101
2.4416
0.144427
0.234885
0.416146
1.38997
0.269694
0.380511
0.243789
1.53862
0.503001
0.765945
0.212927
0.124734
0.176683
0.229504
0.468663
0.24522
3.95525
1.08602
0.304267
1.13924
3.45072
0.362105
0.105306
2.357
4.58249
0.394474
0.275748
2.42928
0.61336
0.761279
0.127272
2.94891
0.340836
8.28949
0.0769744
0.189959
0.277544
0.4545
0.135008
2.81014
0.103567
1.62269
0.206938
1.03929
4.09088
0.383208
3.4576
0.279571
0.268663
0.392597
0.814991
0.710673
0.134712
0.741418
0.159631
0.214488
0.31191
7.72473
0.249872
0.200706
0.152962
1.49848
0.27637
0.119925
0.176608
0.140889
0.0852421
1.36321
0.221871
0.257038
0.612898
0.305254
0.64099
3.43656
0.406875
0.167163
2.26926
1.60949
0.11672
0.233266
1.08825
0.729875
0.561463
3.08926
3.752
2.54119
0.189058
0.238552
0.190083
2.35826
0.185296
0.286774
0.404711
0.135889
1.9687
0.236788
0.404519
0.314727
0.903048
0.357527
2.6337
0.343147
0.746014
0.21653
0.166577
0.932125
3.97416
7.85202
0.147619
0.158123
0.28175
0.432382
0.359559
0.354456
0.284752
1.03408
1.78713
0.37518
0.369324
0.22864
0.179141
0.338092
0.299759
0.318962
0.235912
1.93596
0.17007
0.394594
0.259983
0.26264
1.19456
0.286024
0.748472
0.234233
0.817508
1.05479
1.30338
1.22557
1.7126
0.224923
0.721382
0.202988
0.275167
0.23245
0.267133
0.172549
0.289684
3.31466
0.769883
3.6086
1.33794
1.42672
0.460203
0.147232
0.248589
0.128653
0.304097
0.16053
0.671833
0.284731
1.16938
0.220219
1.53737
0.490087
0.25398
0.636464
0.678601
0.268833
0.970506
0.238325
0.342766
0.536341
2.43359
0.295904
1.50747
0.252104
0.172663
1.30658
0.297338
0.574798
0.192986
0.206441
2.83037
0.351498
0.439878
0.240819
1.24808
0.189741
0.181214
0.156612
0.168969
0.278431
0.126794
0.293053
6.94134
0.146278
0.767088
0.497022
2.03564
0.626353
0.289838
0.246159
0.231784
1.21192
0.832355
0.167307
1.60151
0.486618
0.246111
0.475984
0.799463
1.41645
0.187223
0.947661
0.337034
0.21734
0.240599
0.25223
0.351372
0.265527
0.123855
0.247348
0.185375
0.392845
0.189163
0.242413
0.287547
0.27812
0.366104
0.237575
0.124136
0.280874
0.264157
1.60724
0.186138
0.144886
0.57787
0.326354
0.377722
0.308569
0.20992
5.90623
0.156303
0.382387
2.07595
0.24395
0.255378
0.422368
0.12038
0.648579
0.674151
0.168409
0.313069
0.135204
1.40826
0.123923
0.377435
0.160163
0.213033
0.276096
1.00705
0.237648
0.731866
0.161676
0.157976
0.964507
1.90645
0.190942
0.273706
0.268729
0.152476
0.318036
0.562528
0.463118
0.246214
0.291391
0.270149
1.27793
0.68648
0.158381
1.24955
0.12803
0.5069
0.278097
0.250597
1.45941
0.191476
4.36323
0.22607
0.171383
0.511379
0.141985
0.348218
0.297823
0.190147
0.497064
1.71652
0.195204
0.750764
0.72185
1.82407
0.0861232
0.388654
2.03992
0.0516642
0.97964
1.26848
0.244084
0.355646
0.293991
2.0435
0.185408
0.600396
0.109817
0.672772
1.48538
0.5359
0.254887
0.302535
0.782061
0.211961
0.299236
0.262311
0.360427
1.53664
1.56746
1.12181
1.0891
0.209511
0.273928
0.493314
0.300628
0.205762
0.249957
0.18188
0.392067
0.331938
0.780093
0.241352
0.258084
0.307005
0.197142
0.45668
0.368597
0.274428
0.410541
1.58881
0.214847
1.02187
2.73828
0.263242
0.486163
0.22636
0.476268
0.151463
0.179748
0.185166
0.132696
0.269505
0.190453
0.344196
0.645637
0.352131
0.597895
1.38879
0.186232
0.309814
0.214452
0.258769
0.438993
0.129459
0.962404
2.24871
0.902787
0.461204
0.176449
0.326862
0.672489
0.166603
0.326302
0.942783
0.118225
0.15855
0.197155
0.351848
0.934412
0.185193
0.503848
0.194575
1.18992
0.210041
0.243723
0.181849
0.183749
0.534089
0.426674
2.44313
1.38272
0.239387
0.254581
2.27675
0.350315
0.186847
0.229433
0.543125
1.36934
4.01841
0.182052
0.205851
0.275267
1.4845
0.396026
1.47007
0.628278
0.473363
0.920776
0.289146
0.310717
0.278199
0.249543
0.214619
1.27999
0.250149
0.447219
0.112808
0.274018
0.282549
0.378953
0.272414
0.428418
0.561424
0.323792
0.88662
0.179754
0.510886
0.111008
0.292591
0.235453
0.140355
0.316957
1.22836
0.236641
1.52181
0.22334
0.257168
0.197654
0.285523
0.100509
0.368444
1.10247
0.271573
0.2257
0.266787
4.24007
0.434442
0.414274
0.358806
0.20109
1.50399
1.10362
0.199207
0.245457
0.235121
0.220449
0.0871803
1.20116
0.171979
0.638368
1.05256
0.24826
0.242287
0.350384
0.140881
0.320427
0.494831
0.286273
0.233913
0.190261
0.434019
0.398662
1.12226
0.548468
1.16286
0.229318
0.136156
0.293651
1.27045
0.585364
0.285932
0.225899
0.5505
0.288706
3.43568
0.126463
0.095182
0.180573
2.50385
0.277402
0.236413
1.28931
0.46722
0.274793
0.219379
1.55834
0.819037
0.299739
0.213613
0.198897
0.864966
0.219744
0.120652
0.263309
0.280765
0.145982
1.07045
0.376423
0.179273
2.0658
0.384051
0.129436
0.19654
0.248204
0.276408
0.131866
1.70965
0.136884
0.350286
0.188534
0.145626
0.282229
1.49544
0.170878
0.260576
4.87897
0.10386
6.06777
3.47091
0.140003
1.71518
0.299138
5.12766
0.343165
2.46203
0.267699
0.702733
11.0427
0.0684637
0.253857
0.198501
0.802857
0.606231
0.37284
1.1934
0.421322
2.40649
1.79141
0.298412
0.344931
0.624449
0.80541
0.53018
0.415015
0.577475
0.438415
0.291812
0.203967
0.513076
1.55503
3.4975
0.478384
0.14444
0.197582
0.158208
0.307164
0.445072
0.16439
0.155325
0.814887
3.33714
0.727978
0.175436
0.479338
0.239322
0.130667
5.18457
0.832426
0.164875
2.46857
2.16929
0.15062
3.28401
0.583594
0.312693
0.496266
2.15942
0.609446
0.566115
0.229139
2.12717
0.31599
4.75845
1.44886
2.63078
0.405231
0.786278
0.500085
0.215356
0.243746
0.17148
1.60687
4.56543
0.309279
0.33103
0.298094
0.349753
0.304255
0.0770814
0.267699
0.205497
0.913278
0.264505
0.177922
0.194113
0.15941
0.238897
0.25153
0.339641
0.121874
1.34399
1.0367
0.233736
1.5753
0.27812
0.146359
0.170904
0.251157
0.224201
0.226582
0.244966
0.310231
2.94845
0.132718
1.34387
0.258201
0.393741
0.314462
0.140869
0.874279
0.254821
0.264808
0.188227
1.12458
0.203138
2.9411
0.162546
0.40397
5.32851
4.28804
0.538905
0.555524
0.259138
0.285571
2.46981
0.185534
0.0741865
0.253345
0.276893
2.48602
0.194838
0.480067
0.193638
0.352551
0.34048
0.285652
2.64635
0.264982
0.605374
0.173228
0.290438
4.97105
0.12053
0.2052
0.383531
0.431373
0.407811
0.146544
0.126131
0.313287
0.296514
0.142977
0.259655
0.140649
0.186092
0.229469
0.582973
0.140818
0.943982
0.155344
0.508453
0.224048
0.40081
0.198659
0.564158
0.358239
0.542363
0.291601
0.371253
0.264596
0.353164
0.279101
0.589445
0.154267
0.239011
0.340284
0.295495
0.182854
0.700159
0.112255
0.158508
0.244224
0.23701
0.363812
0.683323
0.175115
0.260937
0.486703
0.198916
1.36979
0.195774
1.60274
0.291125
0.15994
1.50868
0.397646
0.217207
0.12958
0.137132
0.231009
0.20433
0.537428
0.228313
0.201416
0.231379
1.42458
0.235336
0.205482
2.09394
0.154961
0.117673
0.576473
0.185256
0.20865
0.306344
0.149894
4.36265
1.03154
0.353141
0.23802
0.19953
0.327553
0.185032
0.428168
0.22845
0.20783
0.381997
0.215425
0.251741
0.243131
0.151379
0.555858
0.316211
0.181569
0.281051
0.488413
0.179276
1.292
1.46999
0.218892
0.367127
0.427515
0.295356
0.785158
0.180234
0.148127
4.65623
0.446044
0.526156
0.246455
0.15522
0.259197
0.157993
0.787327
0.299615
0.507874
0.486395
1.96863
0.522259
0.16389
0.352923
0.246928
1.67364
0.198729
0.482754
0.333305
0.9399
0.148514
0.251032
0.141695
0.121931
2.02187
0.128738
4.62012
0.15533
0.242537
0.113592
0.236403
0.344371
1.00506
0.732042
2.08365
0.847799
0.353324
0.17313
0.334933
0.273488
0.224245
0.231765
0.131081
0.37176
0.818324
0.216607
0.379595
0.448537
1.40791
7.3553
0.303963
2.5073
0.170777
0.178694
0.302924
1.74836
0.281741
0.375963
1.04598
0.286055
0.462183
0.441805
0.559846
0.286238
2.89315
0.312084
0.262879
1.5109
0.208766
0.260329
2.29167
0.25473
1.08186
0.259759
1.18049
0.419666
0.118006
0.37961
0.267575
1.05123
3.98006
0.179651
1.48008
0.557893
0.278886
0.253394
0.166487
0.168057
0.265909
0.880404
0.271916
0.475484
0.232595
0.304496
0.0985707
0.093017
4.92781
0.132192
0.210316
0.184156
0.31707
0.205484
0.589014
0.159965
1.01121
2.32203
0.266993
0.154157
1.10216
0.327789
0.774445
0.358982
0.258537
0.250462
0.215328
2.34597
2.91276
0.192942
0.129771
0.142889
1.62845
0.190234
1.78632
0.151008
0.248646
0.153489
0.146714
0.146858
0.154167
0.127611
0.294964
0.545776
1.09482
4.50374
0.327854
1.48558
0.224661
0.501135
0.424748
0.254624
2.29409
0.438975
0.643704
0.483505
0.484307
0.382036
0.212725
1.3814
0.691636
0.826112
0.355727
0.155703
0.460699
0.167954
0.152804
1.20099
1.62914
1.61135
0.380397
0.289737
0.0560723
0.228323
0.932244
0.444286
0.179214
2.22195
2.78086
0.300888
0.313408
0.451276
0.286714
0.661626
0.2647
0.183308
0.481346
0.880426
0.248048
0.167842
0.249673
1.35815
0.618867
0.30494
0.278495
1.14202
0.129913
0.465103
2.33048
0.221719
0.224078
0.243208
0.570953
0.157163
0.115284
0.595021
1.08379
0.351999
0.341868
0.35588
2.8792
0.826616
0.0715315
0.2299
0.293417
0.239479
2.20597
0.73578
0.372393
0.419779
0.299327
1.12048
0.301004
0.394815
0.259794
0.208955
0.246961
0.692862
0.187778
3.17664
0.33021
0.13196
0.669696
3.56947
0.765938
0.424241
0.357051
0.241439
0.2891
0.844135
0.18182
0.186291
0.312726
0.84552
0.228846
1.23239
1.56111
2.70599
0.359983
0.261985
0.194087
0.740624
0.696655
2.86462
0.274949
0.22391
0.326881
2.21375
0.160747
0.443973
0.250021
2.39128
0.214736
0.370344
0.265327
0.898055
1.49428
1.07393
0.309807
0.145952
0.250257
2.94797
0.246142
0.22987
1.14084
0.229712
0.308166
0.157122
0.824615
1.42915
0.633144
2.05006
0.342717
1.29252
0.327415
0.379254
0.998767
0.37191
0.275231
0.305414
0.263954
0.24509
1.4016
0.314365
0.296769
0.219089
0.209879
0.284892
1.95193
0.375536
0.131449
0.228677
0.188035
0.427999
1.3628
0.291747
0.14958
0.125609
2.36284
0.292735
0.545705
0.430634
0.162004
0.1672
2.33266
0.284283
0.074481
0.848805
0.170353
1.08255
0.310225
2.18736
0.245442
0.190799
2.22585
0.129605
0.113187
0.432776
0.255704
0.441429
0.444652
0.281965
5.01529
0.341174
0.244031
1.97501
0.651299
0.265728
0.0953042
0.48997
0.227359
0.210985
0.229488
0.621232
0.22813
0.281462
0.344647
0.48309
0.331933
2.02471
0.472256
1.08616
0.239012
1.15093
4.78664
0.696719
0.414573
0.289321
0.322682
0.843084
1.56009
0.26615
2.80634
0.254999
0.906675
0.523738
2.37349
0.329099
1.50303
0.116664
0.0969293
0.963752
0.275623
0.299979
0.269794
0.582983
0.197362
0.0863585
0.809417
0.396473
0.129998
0.263077
0.169835
0.312433
0.349206
0.121814
6.86765
0.537837
4.93961
0.179833
1.01472
0.14475
0.306483
0.141413
0.402036
0.316144
1.45958
0.192285
0.21188
0.201654
0.42575
0.195101
0.145669
2.01304
0.546554
0.787845
0.145745
0.27785
0.573728
0.204047
0.203225
0.141343
1.28156
0.497427
0.136668
1.02719
2.96334
0.153932
0.625909
0.201317
0.130163
4.31929
0.161395
1.54552
0.227019
0.241349
2.93198
0.132531
1.74573
0.801122
0.715954
0.166232
0.173018
0.149492
3.01386
0.358874
1.72481
0.793385
0.328195
2.09164
0.239729
0.651878
0.395373
0.417229
0.87369
0.189761
0.248745
0.215134
0.690236
0.305221
0.352795
0.152899
0.237606
2.27029
0.320646
0.173987
0.474175
0.206043
0.261444
0.365768
0.26428
1.50347
0.737554
0.257892
0.178558
0.498629
0.249683
1.82499
0.167838
2.47851
0.232536
0.435689
0.13559
0.736564
0.221283
0.978555
0.448031
0.28464
1.28719
0.171233
0.242519
0.311875
0.338196
0.240769
0.239688
0.161169
0.612461
0.258628
0.301263
0.267787
1.20015
0.131432
0.576055
0.531534
1.52711
0.40279
0.315958
0.255963
0.126623
0.130608
0.819542
0.303274
0.141714
0.169966
0.172082
0.120855
0.374841
0.322466
1.40238
0.245703
0.241672
0.144629
0.272525
0.948617
1.4494
0.233876
0.128129
0.181465
0.235865
0.215709
1.22774
1.21616
0.84714
0.206497
0.19087
1.09275
0.220464
0.385135
0.219064
0.115303
0.271143
0.156254
8.2855
1.94904
3.07028
0.135539
5.04029
0.562917
0.346243
0.241356
0.220161
0.478522
1.68421
0.225615
1.79875
5.69879
6.03282
1.43951
5.78882
3.07272
0.400517
0.317193
0.307478
2.41729
0.354133
0.29744
0.193063
0.204544
2.69205
1.0545
0.200971
1.63674
0.772007
0.322777
0.410151
0.528897
0.234186
2.34801
0.261557
7.30873
0.301209
0.139564
0.37436
0.215829
0.23155
0.275609
0.257417
0.227291
0.394001
0.210347
0.228195
0.15334
0.289622
0.175417
0.285997
0.249154
0.221097
1.65675
0.233508
0.189547
0.187078
0.19709
0.319624
0.290276
0.335858
0.0841593
0.991476
1.68037
1.90491
0.141034
0.251406
0.498742
0.309996
0.250332
2.73125
0.291641
0.278336
2.01677
1.08987
0.304321
0.089595
0.260279
0.248928
0.538916
0.271447
0.226199
0.176333
0.433489
0.923845
0.136819
0.269179
0.307189
1.34581
0.342354
0.234277
0.280616
0.310789
2.00117
8.86359
0.297422
0.364744
0.497097
0.123113
0.250736
0.0963301
0.827661
0.192362
0.374885
0.311324
0.151771
0.273644
0.242237
0.575462
0.261176
0.15068
0.279344
0.17604
0.672378
0.277257
0.362687
0.196288
0.532302
0.581164
0.124807
0.82094
0.207073
0.218874
1.23692
0.928395
2.65273
0.472345
0.303344
7.25712
0.341172
0.213853
2.10445
0.632042
0.671147
0.214699
0.148883
1.31373
0.236714
0.230404
1.32978
1.31642
0.309219
0.268055
2.63964
1.41971
0.642055
1.3988
3.63397
0.33287
0.272289
0.145712
0.0833692
0.339716
1.5239
0.2894
0.394288
3.79673
0.197651
0.271757
0.20583
0.489893
1.02715
0.161848
0.257094
0.635613
0.172841
0.888774
0.389573
1.49201
0.422612
3.40972
0.264837
0.327568
0.185853
0.253713
2.86725
0.38679
0.1782
0.227929
0.1339
0.326919
0.231814
0.313254
0.82081
0.23281
0.389951
1.02898
0.266367
0.175003
0.950099
0.280968
0.174455
0.129869
1.21126
0.201699
0.270552
0.521116
0.521532
0.326936
3.94254
0.194664
0.307475
0.210485
1.33634
0.663264
0.329923
1.57428
0.345698
0.363714
0.330915
0.132089
5.70964
2.21795
0.540403
0.421778
0.277303
0.419712
0.568958
0.500278
0.35542
0.22442
0.101067
0.177783
1.36303
0.710702
0.873164
0.250282
0.20662
0.152789
0.219296
0.413144
1.37406
2.25629
1.50713
0.600381
0.145023
1.28177
0.274483
0.139384
1.31245
0.129008
0.169904
0.228633
0.262876
0.180767
1.1338
2.40498
0.270469
2.36299
0.131626
0.252331
3.50965
0.187016
0.342933
0.229827
0.145102
0.124886
0.813026
0.250781
0.12228
0.393264
0.222213
0.987534
0.352867
2.17348
0.448554
0.424162
0.224685
0.976386
0.651977
0.292104
0.245464
0.463714
0.405429
0.723219
0.349661
3.03848
0.144523
0.192948
1.43606
0.287241
0.214459
0.583435
0.507786
0.198336
0.408664
0.226156
0.100533
4.50355
0.744645
0.336697
0.19202
0.289442
0.235692
2.1374
0.456188
1.12092
0.189906
3.43032
0.422974
2.1122
0.137195
0.408333
0.379678
0.852351
0.347018
0.366001
5.04065
0.2549
0.373989
0.251773
0.175062
0.126976
6.73463
0.372612
0.24778
0.203661
0.469008
0.196786
1.4133
1.70854
0.125101
0.27442
0.137548
0.474591
0.367158
0.122301
0.128716
0.122293
3.09816
0.141307
0.214628
0.797587
0.841536
0.297271
0.249
0.20874
0.2864
1.35226
0.936377
1.90425
0.393589
0.500069
0.993248
0.356859
0.204756
0.7495
1.48942
0.987449
0.187024
0.38345
0.576089
0.365604
1.17005
4.90536
0.15985
0.159162
0.176234
0.352874
1.18351
0.314559
0.244286
0.563979
0.267228
1.70085
5.09121
0.139757
1.72425
0.422941
0.158981
1.68108
0.239051
5.1929
0.863047
7.62432
1.61539
0.352498
0.507978
0.982627
0.829881
0.279174
2.03769
0.226845
0.201748
1.51329
0.264298
0.130027
0.291921
0.343678
0.420814
0.357845
1.59956
1.24551
0.151145
0.235171
0.195789
0.170089
0.290742
0.293588
0.26457
0.393725
0.506818
0.129288
0.334629
0.368933
0.201879
0.194349
0.20416
0.268218
0.310139
0.156557
1.34058
0.147886
0.426119
0.242676
0.200881
3.90774
0.283675
2.0029
0.556962
1.07384
0.485096
0.215507
0.202326
0.181155
0.216467
0.730457
1.40657
1.42003
2.47105
1.01015
0.322208
0.277067
0.122309
0.424882
0.187908
1.88156
0.157557
0.778792
0.120762
2.79362
0.641277
0.105921
0.832091
1.39019
0.262669
0.441164
3.20868
0.123325
1.78559
1.49076
0.22536
0.960873
0.242642
0.59812
0.316404
0.283626
0.0839538
0.290308
0.179205
0.321364
1.99295
0.338508
0.294776
0.49804
0.160984
0.904122
1.15986
0.391905
0.642662
0.290226
1.20254
0.146318
0.281279
1.17197
0.134121
0.142719
0.824495
0.289309
1.79455
1.85379
0.371676
0.71
0.124838
0.319006
0.112762
0.179597
0.460483
0.154684
0.329302
0.372028
6.34512
0.319603
0.851767
2.47695
0.230838
0.528826
0.176252
0.248653
0.187592
0.248572
0.320466
0.296892
0.171094
0.921233
0.242128
0.275602
0.120547
0.372592
0.985358
0.628414
0.451421
0.148092
0.406301
0.352106
2.10326
0.301696
0.153149
2.07261
0.494331
0.197376
0.235882
2.6003
0.201124
0.336351
0.963711
0.872861
0.814566
3.49661
0.263373
0.19037
0.441287
0.136221
1.15788
1.50838
0.186176
1.3183
0.889059
0.22935
0.589047
0.343952
0.126879
0.149161
0.471778
0.760571
0.906696
5.77375
0.165151
0.641663
0.210354
0.211003
0.45472
0.707513
0.437329
1.70443
1.59285
0.403688
0.383708
0.200414
0.403046
0.249969
0.199899
0.167418
1.79966
5.19876
0.246426
1.52538
0.272395
0.462449
1.79973
0.336794
0.293086
1.01738
2.36211
0.326882
0.284058
3.42823
0.255771
0.579741
1.75337
1.03292
0.960259
1.69236
0.192149
0.426621
1.12065
0.257834
0.678962
3.23535
0.491952
1.61053
1.17427
1.9457
0.37029
0.460325
0.395245
0.198055
1.03582
0.586899
0.661021
0.196993
0.214463
0.480491
0.407867
0.308736
0.342088
0.174201
0.341448
1.15992
0.18368
0.355407
0.362065
0.11578
0.260637
0.375288
0.938077
2.04641
0.750851
0.19484
6.49112
0.342874
0.26331
0.197491
4.50888
0.362666
2.6442
0.473305
0.0938118
0.261694
0.144405
0.19805
1.45861
0.446093
1.93671
1.02324
3.91042
0.192476
2.59971
0.399344
0.577067
1.54001
0.1848
0.331472
0.246207
0.178474
0.526402
1.60908
0.433687
0.140355
0.422834
0.198123
0.165935
0.751418
1.32865
0.258153
0.219363
0.937184
0.18262
4.17686
1.46925
0.139335
0.520185
2.42908
1.21617
0.181921
0.326722
0.178294
0.934525
0.129711
2.19566
0.237249
0.265016
0.106355
0.474907
0.41542
0.150524
0.167463
0.144418
2.81875
1.04119
1.42812
1.27621
0.164093
0.207071
0.359139
0.348658
1.0132
0.479615
0.274276
0.341584
0.506007
0.138363
4.53933
1.96863
0.206544
0.320963
1.49181
0.19845
0.170144
0.757166
0.155803
0.398688
1.23796
0.336391
0.23367
0.155486
1.08787
0.192347
0.262056
0.402552
0.2482
0.357024
0.421682
0.154974
1.24178
0.334299
0.212195
0.731783
0.574361
1.19367
0.381554
0.198988
0.357726
0.230017
0.659246
2.91693
0.69884
7.19241
0.312666
0.294544
0.260444
0.176648
0.463868
1.34802
0.274175
0.142189
2.83413
0.126106
0.286079
0.191808
0.218471
0.140395
2.33313
0.170349
1.38596
0.129749
0.213474
0.269053
0.457952
1.34933
5.67868
0.365824
0.19368
0.164273
0.43082
0.721735
2.75034
0.661288
0.239882
0.158523
0.210257
1.36393
0.369167
0.141491
0.597546
0.204234
0.164506
0.733994
3.49816
0.153401
0.674782
0.793163
0.298186
0.490985
2.4089
0.265664
0.204475
0.171297
0.392145
0.262035
1.33644
0.17752
2.02595
0.189768
5.17905
0.532119
0.509277
0.230689
0.331019
1.66838
0.478346
0.1971
0.471445
0.473038
0.170769
0.305179
0.804584
0.0794597
0.156159
0.326874
2.49413
2.1467
0.160718
0.17105
0.0823145
0.0926708
0.159454
0.250466
0.846713
0.48001
0.256592
1.35452
0.536487
1.49792
0.544934
3.87679
0.0844697
0.326589
0.145462
0.252203
0.348015
0.342435
0.931299
0.517157
0.211516
0.272511
1.27362
0.264543
0.218354
0.301565
0.393072
0.270348
0.218324
0.271808
3.2753
0.264148
0.262302
0.307643
0.784587
6.63541
0.23914
0.376826
0.262637
0.294679
0.213979
0.185787
3.79467
0.140328
0.239959
0.214613
0.218375
0.189832
0.418774
0.205786
0.25134
0.19535
0.161866
0.202196
0.13472
0.312839
0.414306
2.01112
0.478012
0.17492
0.217283
0.271349
0.167548
0.113306
4.3219
0.140218
0.135798
0.124511
1.00115
1.26004
1.84867
2.38338
1.38422
0.131413
0.646227
0.177347
0.194483
0.217739
0.389024
0.140187
0.1226
1.07658
0.247776
0.202123
0.178803
0.97517
0.393642
2.02452
0.309404
0.17149
0.821592
4.15638
0.310802
0.339234
0.213848
0.338177
1.34639
1.2188
1.40854
0.998625
0.180576
4.56944
0.223902
4.84791
0.450766
5.08625
0.233157
0.593357
0.220222
0.219479
0.213679
0.163344
0.360244
1.14318
0.876335
1.40022
0.344105
0.675883
0.317666
0.255084
0.413665
0.390754
0.154546
0.185433
0.240697
0.157293
0.256694
3.47417
0.309753
0.235271
0.351809
0.152
0.24103
2.4651
0.122048
1.91174
0.264664
0.421237
1.93857
0.307138
0.159881
0.170582
0.319053
0.187121
0.224893
0.287841
0.635519
0.965028
0.179255
0.532899
0.278961
0.0853255
0.238082
0.732901
0.69693
2.66444
0.458141
1.19471
4.30678
0.300086
1.25614
0.299593
0.778304
0.26675
0.191437
0.391076
0.130788
0.230445
0.31829
4.12006
0.382407
0.263652
0.377781
0.261395
2.10381
1.06352
0.214463
0.347567
0.113203
0.261016
1.85229
0.268077
1.01339
0.178059
0.476476
0.449075
2.86153
0.223311
0.836285
0.259327
1.38182
0.312054
0.199751
0.298473
0.63624
0.117449
0.188609
0.434262
0.157368
0.204461
0.967291
0.3342
1.78153
0.339791
2.47656
0.328802
0.54847
0.173378
0.219814
0.930081
2.57349
0.308329
0.291778
0.395747
0.113761
0.239195
0.224394
0.965534
0.124166
0.177671
2.74048
0.824069
2.98655
0.253922
0.281613
0.258204
0.417
0.153409
0.558454
1.38785
0.764981
0.387792
4.42423
3.04931
0.444341
0.543174
0.324231
0.166653
0.287853
0.646774
0.246137
0.211946
0.29174
1.17033
0.402825
1.62828
0.245056
0.148819
1.22863
0.179408
0.153035
0.957946
0.276469
0.287716
1.30598
0.302991
0.282989
1.52529
0.246854
0.496914
0.257069
0.155368
0.396022
2.3207
0.342948
0.342559
0.519736
0.315041
0.294061
0.296992
0.184571
0.0914605
0.226194
1.44606
0.298817
0.286336
6.56766
0.236105
0.795339
0.491272
0.37349
0.243116
1.48086
0.256328
0.274947
0.230529
0.445519
0.684683
0.199852
1.41342
2.627
0.18388
0.30089
0.2873
0.180486
0.0820595
1.79002
1.47566
0.311848
0.231871
4.43268
0.282471
1.43229
1.54923
0.173734
0.959315
0.366344
0.209322
0.41923
0.187099
10.0445
1.61107
0.407148
1.70865
0.461288
0.347916
0.47052
0.356955
0.369294
0.131225
0.450793
0.171126
0.177149
0.605001
0.878312
0.5885
0.206394
0.379333
0.23241
0.127435
3.35283
3.57985
0.266785
0.376082
0.313578
0.342412
0.104811
0.89944
0.227427
0.373371
0.262397
0.649886
0.328748
0.785988
0.271502
1.4656
0.598783
1.5843
0.25631
0.240123
0.114226
0.225288
0.656972
0.230644
0.208609
0.198678
0.315553
0.372846
0.471822
0.11474
0.241048
0.814321
0.65646
2.89472
0.644048
1.07695
0.315842
0.242114
0.271394
0.315508
0.201648
0.320467
0.213089
0.721704
0.153864
1.4238
1.64293
1.81114
0.191975
0.456258
0.60614
0.571463
0.260174
0.143903
2.5661
0.686458
0.924109
0.385736
0.199539
0.347978
0.276762
0.193424
1.99208
0.251217
1.04726
0.105261
0.292414
0.831566
0.324683
0.300373
0.39649
0.438738
0.324668
0.250967
0.272988
0.0961762
0.430943
1.13377
0.497434
0.454267
3.06336
0.684217
0.34081
0.210184
0.442974
0.217325
0.275207
0.35484
0.145224
1.29232
0.152877
0.162056
0.345461
1.50497
0.121576
0.152244
0.110258
0.342196
0.438033
0.266129
0.168031
1.90878
0.342747
1.01366
0.104627
1.64313
0.231846
0.279753
0.31635
0.921757
2.57476
0.282649
0.208022
1.72228
0.387907
0.512669
1.40123
1.91415
0.555958
0.421496
0.365973
0.183198
4.11821
0.225211
0.160362
0.142889
0.416581
0.315814
0.253363
0.243856
0.280891
0.381662
0.231859
0.720081
0.182529
2.80084
1.95738
0.326074
0.599323
0.232622
0.27928
0.325519
0.441049
0.274284
0.296676
0.188253
0.281717
0.153014
0.178438
0.139709
0.544196
0.120821
0.279491
0.340451
0.128677
0.243216
0.430839
0.240559
0.24111
0.14434
0.286261
0.949834
0.408749
0.454864
4.22051
1.2743
0.666259
0.448904
0.135463
0.245329
0.612417
0.352237
0.43764
0.298459
0.534281
0.253932
0.300887
0.498623
1.00872
0.284094
0.211994
0.246577
0.21821
0.282183
3.11779
0.29077
0.150313
0.195802
0.152042
0.18528
0.401207
0.192955
0.318847
0.280478
0.142691
0.264422
0.177371
0.294923
0.453395
4.72193
0.267704
0.245232
0.169922
0.236636
0.383057
1.00772
0.165796
0.701436
1.51425
0.118002
0.268334
0.262022
0.148778
0.240166
0.137684
0.30675
0.234872
0.0931283
0.431788
0.286188
0.0939538
1.14191
0.754645
0.173837
0.40909
0.868547
0.197983
0.462886
6.3546
0.253881
0.119115
0.216102
0.737028
0.188743
0.817703
0.526233
0.16797
1.31362
0.23421
0.531383
0.444323
0.407469
1.59173
0.648559
0.20938
0.246081
0.950791
0.246276
0.510287
0.215788
0.161765
0.490183
0.336021
0.259199
0.152993
0.135424
0.144269
0.399229
0.344279
0.483348
1.31474
0.23076
0.248853
0.478732
1.42357
0.139581
0.487146
0.458251
1.82127
0.119839
2.76665
0.448722
1.0137
0.314619
3.22531
0.227256
0.143924
1.43356
0.246026
0.0925277
0.239737
0.622644
0.195235
0.460415
0.141907
0.365
0.145187
0.172838
1.30464
0.484305
0.173026
2.30438
0.736936
0.44532
0.396226
0.185735
0.221932
0.305792
0.262735
0.932592
0.277866
0.428571
0.0842894
3.45011
1.49999
1.31235
3.0032
0.116487
4.15986
1.38705
0.110041
0.100224
0.508221
2.31442
0.345323
3.3989
0.234232
2.32054
0.353733
0.295276
3.28341
0.871658
0.462816
0.283886
0.162834
0.190891
0.261148
1.94496
0.252449
0.120128
0.181995
0.242719
0.918595
1.24943
1.84166
0.287125
0.715296
2.47297
0.360577
1.28077
0.198266
0.377011
0.314756
0.487703
1.68658
0.203063
1.33556
0.955728
0.251627
0.453377
0.175917
0.363269
0.41155
0.790594
1.28188
0.390282
1.02662
1.40516
1.73353
0.304823
0.435755
0.217496
0.30307
5.09265
0.334527
0.214368
0.219588
3.89446
1.53307
0.18662
0.319701
0.310681
0.534869
0.1297
5.70824
1.23231
0.30106
0.211458
0.360236
0.950268
0.693252
0.30162
0.657538
0.211224
0.329209
0.133637
0.197119
0.169546
0.234531
0.214948
0.535579
0.18564
0.0996538
0.471431
0.424931
0.14901
8.01206
0.288631
2.01456
0.823825
1.75294
0.254321
0.13696
0.568326
0.210888
0.373809
4.79175
0.154266
0.241492
2.59125
3.99802
0.346844
0.751355
1.9592
0.640865
0.219237
0.136823
3.22681
0.28663
0.159957
0.159992
1.54181
0.275875
0.223578
1.21083
0.221253
2.95569
0.398774
0.625401
0.4049
2.48691
0.643717
0.600641
0.607432
0.356473
0.401425
0.366284
1.08502
1.77886
0.212428
0.10627
0.169699
0.346977
1.55051
0.255752
1.77102
0.344269
0.276609
0.214589
0.162292
0.211527
0.240136
0.580485
0.165682
0.269684
0.134577
1.61469
2.33736
1.32733
0.175912
0.173738
0.36055
0.511276
2.49022
1.36567
1.57037
0.761106
0.215165
2.11949
0.134172
1.04698
0.286986
0.384897
0.433631
0.251783
0.400571
0.245728
2.59915
0.0717903
1.0063
1.61215
0.333865
0.130502
0.234949
0.299522
0.185033
0.643158
0.411614
0.25139
0.204696
2.14379
0.127877
0.166133
0.236889
0.195512
0.435717
0.125263
0.242522
0.408566
0.319726
0.564563
0.314716
0.274508
1.05408
0.402197
2.78463
0.315701
0.276245
2.10823
0.195716
0.994274
0.124255
0.204786
0.418046
0.213289
0.560021
0.199978
0.256395
0.096541
0.316079
0.74381
1.03132
0.281415
0.252374
0.286075
1.33702
0.513448
2.65618
0.211678
0.599011
0.428048
0.283744
0.220403
1.00638
0.223482
0.60134
0.263806
1.44911
0.183444
0.229951
0.190351
0.217549
2.25992
0.11778
0.379754
0.289374
2.74576
0.221042
0.199912
0.205167
0.204557
0.956038
0.389897
0.387155
0.615466
0.501895
0.345673
0.246009
0.265756
1.95075
0.565643
0.211135
0.240696
0.244728
0.778473
1.6725
3.12459
0.241778
0.121122
0.426597
2.10981
0.871491
0.342635
0.183439
0.503282
0.229786
3.39909
0.281213
0.66147
0.21471
0.12934
0.318334
0.219176
0.336053
0.304156
0.357709
0.118415
2.04134
0.163375
4.5716
1.48508
0.233431
0.268244
0.233541
0.426532
0.521663
0.394156
1.21163
0.282331
0.207476
0.200635
0.280685
0.230064
0.305057
1.05373
0.447227
0.271981
1.17038
0.321769
3.62637
0.338194
0.275991
0.251929
1.63295
0.95191
0.245717
0.239245
0.540802
0.513686
1.30905
1.858
0.275441
0.309821
0.375976
1.05533
0.192274
0.131222
0.26562
1.80356
0.224211
0.417763
0.264495
0.70159
2.35159
0.287561
2.87804
0.17385
0.163774
0.508654
0.590508
1.00183
0.766231
0.0963947
1.79696
0.320657
0.332226
0.141015
1.31037
0.352903
0.446472
1.17524
0.272773
0.164057
0.925279
0.551162
0.367362
4.87508
0.258435
0.228628
0.635491
2.85231
0.285391
0.455103
1.63027
0.41314
0.268406
0.196287
1.31915
0.14549
0.15013
3.21462
0.248983
0.431834
0.257626
4.3082
1.37034
0.15217
2.32135
0.283099
2.5104
1.17315
0.245596
1.65638
0.258469
0.398984
0.523996
1.05159
0.513454
0.234227
0.338033
0.179469
0.419614
2.34647
1.32982
0.972268
0.15378
0.315353
0.459813
3.17866
0.266938
0.252991
0.23871
0.32322
0.614352
1.04173
0.35992
0.316541
0.26802
0.738671
0.349373
0.205819
0.288106
0.251265
0.373998
0.298659
0.788671
0.189645
0.238873
0.718863
0.270778
0.36501
0.168718
0.280297
0.221433
0.579001
0.100971
0.282815
1.60501
0.390949
0.258226
1.71248
0.377153
5.59195
0.205831
2.36166
0.189368
0.226552
0.20874
1.68242
0.206791
1.43137
1.68178
0.484178
0.795638
0.276242
0.408563
0.157785
0.20547
0.213406
0.100941
0.302027
0.173634
0.199336
1.57041
0.392009
4.17914
5.74181
0.321967
0.308857
2.77803
0.0882212
0.742992
2.52164
0.399011
0.216009
0.285133
7.42223
0.395138
0.0876293
0.218338
0.31872
0.313181
0.642599
0.187356
1.30523
0.214378
1.72477
1.10384
3.16102
0.730984
0.327622
0.180056
1.56704
0.211225
0.323612
1.11425
5.93686
0.931188
0.330026
0.47308
0.797026
0.245502
0.137582
0.656732
0.411335
0.205683
1.10852
0.131661
0.202851
0.48455
0.123195
4.8689
0.1244
0.173275
0.355395
0.157054
0.369887
0.531665
0.167837
0.350695
0.175693
1.80382
1.49944
0.191021
2.19098
0.294496
1.90845
0.333419
0.41495
0.235943
0.418129
0.506236
1.41996
1.2091
0.314255
0.179666
0.521833
0.1325
1.8956
0.2981
0.800675
1.03418
0.199268
0.207341
0.219133
1.85077
0.184768
0.308532
0.354211
1.86634
0.465726
0.214471
0.396665
0.144266
0.197542
0.248507
0.588912
0.262013
0.194381
0.207793
5.04484
0.0887008
0.772542
0.187076
1.52558
0.25996
1.08622
0.669324
0.428236
0.17891
0.155575
0.0924795
0.305838
0.458464
2.95052
3.27384
0.159831
1.75837
0.180911
0.370323
3.88389
0.474475
0.364292
0.361302
0.119902
0.182474
0.313914
0.187744
0.114636
0.270125
0.18194
0.223898
0.250623
0.179103
0.483839
2.14372
0.64166
0.399333
3.9174
1.92498
0.754034
2.96153
1.93349
0.77294
0.0876535
0.267382
0.144444
0.369455
2.50839
2.62263
0.272712
0.361166
0.202518
0.567467
0.263942
0.267301
0.604266
0.716502
0.285655
4.25302
0.0686831
7.24276
0.180519
0.179187
0.107725
0.284431
1.55771
1.64258
0.331452
0.231907
0.732899
0.609107
2.60151
0.542843
0.197185
0.29
0.192554
0.213766
0.366762
0.223659
0.344489
0.2779
0.188534
0.150412
2.87034
0.152091
0.266226
0.172219
0.283773
1.48576
1.65506
0.147941
0.393241
0.341902
0.116611
0.357184
0.357091
2.20907
1.46707
1.80099
2.40587
0.400155
0.497904
0.292385
0.274136
0.294601
0.133476
0.44691
0.271089
1.60031
1.5125
0.310392
0.794086
1.69897
0.43895
0.284901
0.408617
0.337737
0.243127
0.331472
0.212269
0.345052
2.39067
0.322665
7.09143
0.528799
0.134661
0.729617
0.207374
6.14321
0.201595
0.314731
0.172141
0.835391
0.17894
0.162025
0.210927
0.394066
2.39922
0.527906
0.194882
4.78505
2.71817
0.200036
0.407292
0.162752
2.31913
3.51171
0.104366
