11.4947,2
17.5716,1
17.1372,3
27.5055,6
17.1084,3
18.7628,2
23.0389,0
9.86166,3
6.77358,0
30.3667,1
10.9526,1
20.4473,1
21.4151,1
17.6296,1
17.8955,1
7.32127,1
21.7666,4
5.42224,1
7.70901,0
12.0573,2
6.12476,1
7.74597,1
7.55044,1
11.1722,4
27.2479,3
17.801,1
5.63654,3
11.0005,0
6.97262,2
7.58636,1
10.502,2
11.6994,1
6.452,3
22.2219,0
8.04905,0
6.49984,4
17.5534,3
16.0565,3
7.45458,1
13.0455,7
9.85604,3
19.0796,2
14.2286,4
5.66644,1
27.2816,2
8.77071,2
9.29605,3
29.0842,2
8.61179,2
10.332,4
14.9587,2
7.91805,1
9.73082,1
6.56657,4
22.9783,3
10.3823,4
10.6156,2
7.4126,2
5.78135,5
7.9432,0
11.2045,1
8.41104,0
2.6031,1
13.2953,0
17.0787,2
21.3786,1
19.4096,1
9.59103,1
9.27501,0
7.63868,3
14.142,5
27.8896,0
11.215,3
11.4359,3
9.00426,3
16.4092,2
6.62602,4
10.0847,2
14.2571,1
24.009,2
15.9825,2
10.6915,1
19.2913,2
11.7515,1
6.58213,1
11.9102,2
11.7056,1
17.138,2
6.78085,3
10.8517,1
11.2194,2
4.72981,4
5.71074,2
23.1933,3
4.94352,1
10.6742,2
8.14647,3
8.45141,1
30.0864,2
6.09284,1
17.522,1
12.8166,2
9.38412,2
9.6961,2
8.12589,1
10.8095,1
38.0572,0
13.7752,1
23.8387,0
10.0591,1
6.57033,2
6.98849,3
12.9294,2
11.2578,2
7.12308,3
4.19826,2
16.1171,2
5.0325,2
19.5911,2
12.3224,0
7.39404,2
10.7347,2
15.2733,2
8.0975,3
19.4456,0
8.86967,2
10.5267,2
9.19018,4
16.562,4
6.24406,2
7.31479,1
7.53435,1
7.34805,0
6.31379,2
5.9512,2
11.5702,4
18.3205,3
10.4215,1
7.62459,3
6.38058,0
17.8264,3
11.1088,3
12.4941,3
16.8598,4
5.59772,2
5.06198,1
11.7606,1
4.29815,2
9.95882,3
11.8304,3
9.78348,2
12.0557,0
6.32405,1
6.32883,1
6.53452,2
10.1553,1
12.0292,2
8.11482,1
7.04191,0
13.1102,3
11.3838,0
16.5186,3
6.19416,0
12.8286,0
5.39811,2
8.23194,7
5.41075,3
8.77354,1
10.7385,2
29.7058,1
10.0826,1
26.1269,2
9.38032,0
5.19757,3
15.2972,0
8.95214,2
12.8031,0
25.5636,2
7.43739,0
8.93204,2
17.1727,2
7.3169,4
10.2464,2
9.09675,2
11.2218,2
17.8762,3
28.3068,1
6.34403,1
7.24317,3
7.77765,2
9.04364,2
24.9199,4
26.457,1
17.7979,2
16.8491,1
11.3887,0
12.9152,2
9.70705,3
9.45862,0
8.19435,1
8.08329,1
15.0232,1
15.871,3
19.9128,2
5.69237,3
26.6414,0
21.7221,4
45.8084,1
14.0646,2
7.44187,1
31.4641,1
6.21053,1
6.54901,2
8.54729,2
14.8331,1
10.0837,2
14.4623,4
9.96313,2
4.25127,0
16.0052,2
23.3313,3
5.78813,1
5.33447,2
12.7589,1
26.34,2
12.6037,2
31.3626,1
14.1084,1
11.4667,1
8.96455,3
8.86615,2
11.7066,0
16.7161,3
6.7222,3
30.807,4
16.1594,1
5.36689,0
32.1893,0
4.94654,2
15.0636,0
6.09165,3
10.7845,3
17.6626,3
6.89609,1
5.56,3
7.00178,2
31.7821,2
17.7906,2
23.3343,3
6.90068,4
13.4569,2
5.51235,5
8.01026,1
20.2988,0
12.449,0
7.74447,1
8.52842,1
6.85377,2
9.13604,1
14.707,2
21.2582,1
8.84551,3
22.1764,0
21.0828,1
12.1089,2
12.1588,2
9.63403,3
20.5021,0
5.08412,2
15.7295,3
10.4955,2
7.1832,0
8.42655,0
14.4286,2
12.9776,4
27.754,2
11.8264,2
22.6609,2
10.2896,2
11.5724,2
11.3027,2
8.67771,2
16.3311,1
17.5764,3
23.0398,2
11.2419,2
8.87911,3
12.9895,4
18.8432,2
10.2392,1
9.28806,2
17.8484,1
7.19966,2
5.34359,4
9.51723,4
12.612,3
5.91889,2
3.20331,0
27.6554,4
15.0674,4
13.6809,0
10.1,2
26.6943,3
14.2161,1
5.89642,3
13.4022,0
7.81802,2
21.1518,2
23.9537,1
14.3387,0
18.0395,5
8.85252,4
5.39477,2
13.2472,0
13.1267,4
12.3214,1
14.8074,2
20.0295,3
43.9801,2
14.2079,0
9.34724,1
11.221,4
11.6239,3
18.1455,2
10.6406,1
31.8883,4
6.65908,1
39.2811,1
10.4855,4
6.64141,1
14.7088,1
15.9521,3
7.98992,2
2.93211,1
7.17206,1
34.3322,1
15.1081,2
25.4523,1
10.8678,3
9.35518,4
22.9734,4
3.34828,0
6.23253,1
9.68682,2
13.8668,5
30.3723,0
7.08376,3
11.4171,1
11.673,1
9.14059,0
8.61539,2
13.692,3
7.61485,1
5.55681,1
25.9781,3
5.46652,3
9.50408,2
8.37983,2
15.5228,1
6.73671,4
3.97075,1
20.9813,5
3.7897,1
11.5238,1
27.8651,0
10.9799,2
15.0726,1
9.75843,2
4.0441,2
18.2081,2
8.76065,1
9.93809,0
8.02369,4
3.94257,1
14.6561,2
13.9687,0
17.8548,4
6.70344,1
18.3526,3
15.6157,0
10.7045,2
35.4411,2
23.9827,2
7.2835,1
7.96282,5
9.6275,1
18.0777,3
19.4657,2
58.1421,2
27.0859,0
17.6549,1
14.1313,4
15.7464,0
7.9726,2
20.1013,2
23.7041,2
5.65411,4
8.23356,2
11.3895,3
9.31948,3
10.5367,2
15.389,9
8.9226,1
15.6936,0
12.0584,2
14.5888,2
11.2034,2
13.8399,4
26.049,4
7.05246,4
7.61333,1
27.4033,3
15.879,1
20.6226,2
11.6947,3
12.6621,3
11.8135,1
18.1434,3
19.0775,3
14.1732,0
26.5273,0
18.8575,1
8.56688,1
14.2159,1
9.67113,4
5.88198,2
12.3161,1
12.1698,0
10.4415,4
11.458,1
20.9617,2
9.87252,1
11.5463,2
18.3726,2
8.06154,3
23.0554,3
13.18,2
9.31361,1
6.42467,3
16.3878,0
12.1798,1
14.0977,2
7.02986,3
12.3911,1
5.22076,0
9.14871,0
12.1926,2
20.4934,2
9.86782,1
21.0345,0
9.97455,2
33.0569,1
10.7765,2
6.28321,1
8.94139,2
24.3894,0
51.8062,2
14.7847,1
30.9363,1
7.2299,4
11.4343,3
14.8467,0
12.4468,1
10.9724,3
35.8936,1
10.0371,0
5.96498,1
8.42377,2
12.7836,1
9.42028,3
18.6434,2
19.5726,2
11.0584,2
19.978,1
5.55564,2
33.28,1
11.2024,3
8.50993,0
17.1447,3
9.32022,1
11.8068,0
36.1242,1
10.7542,1
28.6331,1
10.35,0
9.29401,2
9.33286,1
17.1854,4
6.94969,3
4.42105,1
15.389,2
10.1781,2
6.6282,3
19.7059,0
13.0392,4
7.61799,2
9.96854,3
7.61307,1
7.79601,2
16.2,1
8.33603,0
7.24794,1
16.3583,3
20.1152,2
16.6028,2
9.97801,1
9.09258,3
15.0121,1
12.9437,0
18.3381,0
5.58426,1
9.232,1
15.2825,3
28.6156,1
10.8308,2
11.8102,1
12.5482,0
13.9836,4
29.5499,6
10.4369,2
16.3286,1
11.1901,0
2.83604,0
17.0307,3
10.8261,1
14.0121,2
6.02361,2
9.91222,2
14.8998,2
19.3103,2
4.90267,5
10.2131,1
18.843,1
7.13812,0
12.7713,1
18.6377,1
17.955,3
15.9348,1
18.7139,2
13.2842,4
15.0792,1
13.4823,2
18.9919,2
20.3708,1
8.05273,0
12.5384,2
10.4757,3
11.6899,4
8.11713,3
9.81966,4
8.67373,3
22.7921,1
8.8934,3
11.5142,4
6.62236,2
11.0064,4
8.78802,0
12.5267,2
14.5795,4
16.4958,1
5.77356,3
14.6298,2
8.97687,3
13.7622,4
25.5661,1
25.4129,0
20.6449,4
7.45642,2
15.7396,1
18.2829,0
9.09645,0
11.3905,5
7.72022,1
20.3544,2
25.6016,3
16.96,2
5.33119,4
7.44425,1
15.9116,0
10.9363,1
13.402,2
4.51598,0
14.0401,0
11.0784,2
8.99338,3
8.71781,1
11.0806,2
6.38699,2
9.47499,2
9.41721,4
7.45004,1
11.6086,3
6.56852,2
22.0554,3
8.69652,0
4.62667,2
34.4359,4
7.65862,1
24.6621,3
18.835,3
16.0914,0
10.4912,2
4.28242,3
10.1759,2
14.9509,0
16.2996,2
3.91075,2
11.3029,2
12.8415,5
5.40786,1
7.80863,2
24.7996,3
3.95927,0
15.5805,0
17.5806,1
20.474,2
12.1292,4
16.5453,1
17.2327,1
9.01222,2
10.9077,3
7.75087,2
15.6494,1
9.5966,0
7.34611,3
13.4418,2
10.8437,2
10.4048,2
23.331,0
9.13056,1
16.1897,2
9.81101,2
6.65707,0
23.5283,2
15.9905,1
25.3238,2
6.47117,0
14.8816,1
4.89077,2
14.3526,1
21.6732,0
31.2387,1
12.2644,1
5.67686,1
5.51021,2
6.87501,0
11.3249,1
19.0411,3
8.4379,1
10.7025,2
7.60474,3
11.6038,4
10.0932,4
18.5665,1
12.9572,2
11.2959,3
15.0083,3
8.56556,2
7.3908,1
14.477,3
10.2451,3
17.9604,2
16.1721,0
16.2477,0
7.33109,2
10.4462,1
9.67407,2
5.39,2
22.3032,2
4.63749,4
9.32925,1
19.1408,1
7.31017,1
12.9733,0
6.35412,2
19.0357,0
12.7024,1
8.15702,2
15.2209,2
7.25902,3
18.4874,1
14.0975,5
29.432,2
15.4045,0
8.94314,1
23.0883,1
12.3024,3
23.5958,2
10.0444,0
23.6731,1
14.1778,2
8.3572,1
20.5079,3
11.3494,3
21.7532,2
24.8598,1
18.29,1
18.5929,1
15.4087,2
8.25767,3
10.6192,0
4.74253,2
9.1086,1
9.1472,2
13.9765,0
8.25538,2
14.7225,2
8.03766,1
7.53102,2
20.6264,2
6.16439,0
9.81255,2
5.76778,1
17.8683,6
4.83601,2
20.9339,3
4.35124,0
14.0866,0
11.2485,1
6.2441,0
13.1436,3
24.6922,2
7.39269,0
21.9558,2
11.0769,1
9.67243,3
6.37695,1
6.03355,2
5.06552,0
7.61271,2
12.5795,0
47.3265,1
14.6839,0
7.32254,1
10.3006,4
8.6902,2
8.5888,0
8.05313,1
24.2784,3
8.4785,5
10.3593,2
11.5295,3
15.7563,4
14.666,4
9.79492,4
6.7937,2
17.4163,1
30.1625,1
17.3381,1
16.2305,1
5.71043,1
4.29782,3
26.1116,2
5.14332,1
5.89901,2
11.8232,3
9.05177,0
15.7943,2
10.9931,0
21.6852,1
7.87194,0
11.9918,4
14.2722,5
11.0918,0
13.3003,0
8.25681,2
11.2092,1
9.56731,3
8.97804,2
19.7033,1
10.5378,1
10.3217,1
8.43053,1
15.983,1
6.30596,1
3.85819,1
16.4832,0
9.51801,0
9.7344,2
13.7402,2
12.2929,1
17.7219,5
6.36508,2
20.2444,6
6.03916,4
10.1692,4
5.16706,2
12.4791,8
10.5729,1
26.2542,2
15.7904,4
16.2392,2
16.5262,0
7.68691,3
17.5466,0
17.313,2
4.11466,2
4.34633,1
18.7562,2
36.4099,2
7.25359,2
7.5701,0
12.4569,3
10.3879,0
6.57399,1
8.62005,2
16.9529,1
18.2452,4
5.07971,2
11.1863,3
7.90874,1
22.8059,3
10.9889,4
3.40431,2
12.0064,1
9.03251,2
12.8092,3
12.9055,2
6.12593,1
9.74723,7
25.4375,3
9.59693,0
16.959,0
21.3578,2
7.41282,5
17.9508,1
11.4443,1
6.50747,2
7.4701,5
7.08124,1
8.63197,4
6.24995,2
7.87602,1
5.66773,1
10.4934,0
18.7685,0
30.5896,2
19.0134,0
13.1695,1
10.9573,4
10.8576,3
6.46737,2
11.5316,2
8.71143,0
16.8384,0
27.9366,2
12.9807,2
14.0275,3
16.7608,3
12.2798,3
10.8988,2
17.4565,4
16.8765,5
14.2392,4
18.1226,2
9.73055,3
15.1022,2
12.5669,1
14.837,4
19.0334,2
8.45309,3
4.9696,2
10.1774,1
13.0129,2
10.2972,1
12.6126,4
12.5283,3
14.5669,3
25.1603,1
5.04556,1
8.62859,4
15.9028,6
12.4509,2
11.9416,1
7.21601,4
14.9985,2
9.73836,7
23.4473,3
11.1604,2
6.36046,2
9.2346,3
5.70999,1
8.7901,2
4.67708,1
4.32052,1
3.95366,4
16.4998,2
25.0529,2
7.63341,4
13.2786,2
15.1325,2
24.3657,2
14.3209,2
12.6248,0
11.7612,2
20.4216,1
30.2375,0
10.387,5
11.3217,3
25.1353,5
11.0982,1
4.60807,1
13.7678,1
16.1531,2
9.41484,2
20.3701,1
17.5367,2
7.26596,1
4.26977,1
9.96254,1
22.4888,0
8.73588,2
14.092,2
9.04476,1
6.65744,4
8.66476,1
19.5401,2
9.63912,6
8.00925,2
14.96,1
24.9169,0
22.1802,1
10.0566,2
6.0047,2
13.9372,3
15.0051,3
9.18262,2
17.4238,3
5.67319,1
11.3936,0
19.4177,0
17.4884,2
13.7314,1
26.5077,2
11.2241,1
16.9309,3
10.8512,5
14.6975,0
9.76897,3
8.55995,3
7.15318,3
8.37668,2
11.3071,1
10.4128,0
10.1181,2
8.54537,1
14.8431,6
10.1769,0
18.2,2
4.32892,1
8.7175,3
25.0751,3
34.2544,1
5.59909,2
10.6566,2
9.14652,4
11.0401,0
9.86622,1
11.3498,2
7.51462,2
38.8406,0
7.40871,2
8.68163,1
11.6936,0
8.4972,0
18.8898,4
13.0305,1
8.00878,1
15.7452,2
35.904,1
13.0737,4
18.9972,5
9.30409,2
12.4329,2
10.9718,4
18.6133,0
6.16594,0
3.42767,4
6.65088,1
32.3651,1
10.8594,2
6.68132,4
16.5799,3
10.8877,0
13.557,4
19.563,3
4.79941,2
32.6408,0
21.889,2
5.83776,0
12.9351,2
16.5393,0
4.01211,0
20.5932,0
5.53164,2
9.27446,3
32.75,0
15.4132,4
10.8823,1
7.30355,2
7.58199,2
11.5448,1
15.6208,5
11.5659,4
10.3723,0
9.24344,1
17.5039,2
13.391,3
17.5819,2
52.3393,0
8.02797,2
25.8855,0
17.7639,1
8.53986,0
13.2064,3
27.3591,2
8.56172,2
10.8061,1
14.7759,1
10.7506,1
20.2771,0
10.3534,3
13.3011,1
10.7741,1
11.9871,1
20.1919,3
8.28179,1
12.5661,5
4.41216,0
9.87484,1
21.8325,3
8.85512,1
14.1054,3
9.24936,2
8.68917,5
5.34963,2
12.2556,1
7.06261,1
10.1757,0
9.27755,2
16.5803,0
14.6331,2
9.83878,3
10.8237,1
5.43919,0
9.94772,1
17.2397,2
9.16896,4
29.449,2
7.47739,2
7.12138,2
13.774,4
22.8234,2
13.4448,1
4.8774,2
19.8056,3
4.83105,2
6.49174,0
10.6755,0
8.19839,3
19.49,3
8.43549,1
14.237,1
10.608,2
15.4593,2
25.7806,2
14.0301,0
29.3582,1
7.00321,3
10.9815,2
10.3551,3
5.06779,2
8.32324,3
11.2856,0
14.9108,2
15.5626,1
2.59191,2
7.31365,4
17.9626,1
21.2213,3
8.3281,3
9.5255,1
14.4627,2
18.2922,2
8.11787,5
12.0704,1
6.14361,1
15.1272,5
16.0272,2
8.49292,3
17.5798,0
9.61965,1
8.87157,2
7.86513,2
7.43721,2
25.4082,1
34.1592,3
14.6685,2
8.78089,0
6.30126,2
18.8452,2
27.4744,4
11.9966,3
12.9436,2
12.3282,4
6.62953,2
13.508,1
7.46705,1
16.529,1
5.30317,2
19.6788,3
12.492,4
9.39642,0
18.1037,4
8.84078,1
11.5272,3
4.05533,0
24.6313,2
11.2866,1
6.10674,2
28.7867,3
22.4489,3
18.0263,2
15.1363,0
18.1405,4
8.26764,4
15.8507,0
4.62734,2
6.94641,2
17.4511,1
8.30421,1
18.7625,2
13.8133,0
7.15581,0
15.3265,3
7.83737,1
17.6391,0
13.894,0
15.8894,4
10.0026,6
10.4315,5
15.2948,2
5.73052,3
10.1764,1
7.36225,1
47.0471,0
46.3723,2
9.3226,0
6.82677,0
15.5105,2
15.5972,0
18.9352,0
27.9045,0
12.0183,2
30.2711,1
13.3356,1
5.73486,3
18.7227,0
11.3124,2
11.8779,1
3.54616,3
6.39739,2
7.0138,1
13.8849,3
13.1148,3
7.44587,4
7.33395,1
15.6484,2
22.7898,2
13.2065,0
12.3092,0
21.9341,2
6.27689,2
4.22859,1
12.5547,4
9.87396,5
24.1291,2
12.1453,3
20.3702,4
4.25208,2
4.94142,2
25.0816,0
8.22152,2
7.36851,2
16.0213,1
8.70007,4
6.84975,1
11.2008,4
10.628,3
6.00875,4
25.95,0
9.99852,0
16.4272,4
12.9151,5
14.3631,0
3.62843,1
19.4139,3
7.61144,4
6.80395,5
11.2199,4
22.921,4
8.0125,1
19.5378,2
12.136,2
9.5635,1
13.2937,4
21.5752,2
23.2805,1
4.62445,2
9.98897,2
9.55135,6
7.60431,3
7.27182,2
16.8527,2
13.3552,0
34.0086,5
6.34063,2
10.27,2
15.059,3
31.9847,4
22.7838,5
9.53609,1
7.71676,2
9.33083,3
18.6458,1
6.2617,1
23.6976,4
11.2598,1
8.25197,1
11.6603,4
19.0868,3
25.522,1
13.7265,4
9.75684,2
17.3708,2
5.13536,0
16.6859,1
10.7676,1
5.64763,1
6.62601,1
10.1789,3
10.5001,1
13.8628,1
10.4281,1
14.0786,0
14.1072,2
12.876,1
14.1586,1
9.6372,2
4.58046,2
14.3653,3
26.0334,3
10.7023,4
8.1715,2
16.6296,1
21.9819,2
6.84477,1
17.3611,2
9.72343,3
6.27208,0
9.39332,1
12.9677,1
8.12299,1
20.7922,1
12.5006,2
24.9165,3
14.2137,1
11.9895,1
9.59524,3
7.87176,1
16.8064,0
16.3065,2
20.4054,3
12.2184,5
12.8369,2
13.0722,1
9.35271,3
14.3693,4
14.1224,1
5.35488,3
16.2889,1
10.7148,3
11.3039,3
6.0894,2
9.14299,0
45.3706,3
25.6737,0
26.7227,3
23.4,1
18.9163,1
11.6891,2
7.4241,1
11.1042,1
8.47084,0
15.033,4
26.2119,1
18.743,0
26.3409,2
21.1906,1
5.93712,3
20.6636,1
9.68337,2
28.2775,0
12.0499,4
4.26888,3
15.6753,2
16.4579,4
13.0482,1
17.0337,2
12.0408,0
9.59599,3
32.2816,3
3.41819,2
6.33101,1
34.9631,1
7.82585,3
13.5855,3
8.47786,1
7.99161,1
11.2295,0
9.36592,3
39.9744,2
10.8828,1
10.063,0
10.4684,1
20.8698,1
10.548,0
5.27234,5
15.5068,0
12.7622,3
14.1352,2
12.591,5
4.92515,1
26.5981,1
13.4356,2
17.1198,2
20.2824,4
20.718,0
15.2182,2
8.13045,1
44.7958,2
7.46746,2
11.7902,5
13.5214,1
13.1794,0
17.3602,4
15.2255,3
30.3976,1
22.5615,0
20.1628,2
14.4466,0
6.8181,3
5.94112,1
15.4386,2
5.80474,0
14.5983,1
14.2838,0
6.49085,1
9.17906,2
21.5841,3
15.5431,0
28.3403,5
18.1986,2
14.1607,1
17.0226,3
33.9813,3
4.039,4
11.2761,2
7.08884,1
20.6209,2
8.6157,2
19.7586,2
6.31626,3
19.406,3
6.14856,4
4.57896,0
3.59742,0
7.45318,0
11.6304,0
8.34099,1
20.4209,1
11.5362,1
13.7655,2
15.5078,1
7.17402,0
12.6182,3
10.0084,6
4.41561,3
4.34371,2
8.75215,0
8.35366,2
9.48615,3
23.1464,1
7.32588,1
11.1062,2
24.4062,3
12.0926,0
14.6799,1
11.9015,0
7.54335,3
16.072,1
5.72722,1
15.5671,4
9.14511,1
14.9997,3
8.96067,2
14.4221,3
6.08893,0
11.5593,5
11.4114,2
15.801,3
18.0111,1
13.1896,0
11.8568,2
10.7051,3
12.4446,2
11.7749,5
12.8946,1
5.75827,0
18.9959,0
13.2826,3
19.8761,1
16.9319,1
13.4204,2
12.9099,0
4.80491,0
11.5295,5
8.57314,2
14.5176,3
15.2011,2
15.0735,3
11.3047,2
19.7019,3
5.34526,1
6.11966,1
5.4884,3
12.8735,1
35.0369,4
7.44994,1
13.4744,3
10.1024,2
5.35568,3
17.5953,1
8.76615,2
7.41784,3
7.82244,1
10.0488,3
9.55185,3
5.25153,0
10.0283,0
7.9443,1
12.3817,3
8.20567,3
13.4136,2
11.425,0
27.3734,4
17.9018,2
18.7347,1
16.5239,1
13.0217,1
16.2204,3
6.10982,5
6.53746,3
4.9958,2
10.9745,2
16.7863,4
2.7606,2
10.1129,4
8.31352,2
11.0138,4
8.08205,4
6.7851,3
10.9882,2
5.50156,2
10.0664,1
6.10391,2
20.0418,1
12.8116,3
12.0601,3
7.94194,2
7.77394,5
8.64238,3
6.22603,1
24.2292,1
12.9677,3
6.35802,3
11.7095,2
37.2959,0
33.4013,1
24.3132,4
9.61565,2
21.1812,2
29.2653,1
10.8761,3
6.82368,2
19.7876,3
25.5926,0
3.8599,6
10.0928,2
22.1033,1
24.2585,2
6.20718,1
14.4584,0
17.9673,1
7.90331,1
12.9723,3
13.2498,2
9.89073,2
22.7887,1
11.483,3
25.2236,0
6.69186,2
4.17456,2
6.29851,1
10.713,6
11.2182,2
13.2719,2
12.0759,1
22.5049,1
9.69969,2
11.4019,0
5.58392,0
15.8361,0
29.8753,2
18.3721,0
6.60055,3
12.9618,5
9.0535,2
12.3225,5
9.40807,4
9.37061,6
7.68962,4
17.2562,1
9.60235,3
19.9178,2
12.8757,1
16.9851,5
9.81234,1
5.29379,2
16.8008,1
13.3033,2
13.4696,3
20.7498,3
12.085,1
12.4353,0
4.36494,2
28.0816,3
20.2768,1
12.6304,0
19.5211,0
7.65603,1
18.113,2
7.04733,1
8.84612,2
16.112,3
23.5777,3
10.2459,4
5.71813,1
12.713,2
6.78819,2
11.7468,1
20.4258,2
9.48549,2
9.80992,2
10.2851,0
18.3927,2
12.2891,3
19.4561,2
7.61355,1
10.6759,4
16.19,1
9.08421,5
18.5207,3
13.6407,1
7.38035,0
7.39444,1
4.00886,2
6.60927,5
10.9784,5
7.72493,1
23.4765,2
35.0489,3
22.0997,0
6.64956,2
29.1038,1
15.5719,2
13.1322,4
8.16746,2
24.4611,0
9.55536,5
10.9989,2
8.78052,1
10.5589,1
7.25579,1
12.7382,1
8.39161,3
14.1317,3
16.958,2
9.58408,0
12.5945,2
13.5197,0
5.31844,1
17.9498,2
19.501,1
13.532,0
7.17155,0
11.4306,1
19.4406,5
7.54836,1
7.18992,0
12.0087,3
19.5784,1
5.15636,2
15.1068,2
8.55089,4
8.45652,0
17.6758,1
29.758,2
8.8043,1
5.34093,2
10.7985,2
11.8534,1
6.28978,4
11.7654,1
19.4608,4
12.4283,0
8.10424,2
36.0466,4
7.94078,0
11.2157,0
5.17994,2
28.1898,1
5.75121,3
12.6933,2
32.7158,4
15.0164,2
7.42673,4
14.5123,1
4.95835,1
14.5048,1
13.7545,1
20.1612,0
37.2781,0
19.5987,3
7.65643,2
10.8038,1
24.2746,1
27.1768,2
16.2134,2
12.7743,3
11.1217,0
7.66824,3
6.14792,1
16.098,0
19.6524,1
10.8883,3
9.89935,2
26.0921,2
7.78914,2
14.3921,2
8.76479,1
8.47579,2
9.59143,0
11.1936,3
13.7005,2
8.31612,2
55.9268,1
17.7372,0
8.9544,0
6.04813,1
32.7538,1
12.6526,1
17.4439,4
12.8409,3
23.1313,0
10.3547,3
23.2756,1
6.71311,1
39.7782,1
12.4797,0
10.1598,1
19.9001,0
7.10991,3
16.3906,3
20.3987,0
8.77836,2
18.2489,4
17.689,0
11.3104,0
7.93313,1
6.69622,2
5.76952,0
12.0895,0
11.0765,0
26.0892,3
8.98275,2
15.8762,0
10.163,0
3.75008,2
11.0423,0
10.0941,3
8.79425,2
9.86316,2
10.652,3
29.1117,2
4.58454,1
4.06339,1
14.0206,2
7.65177,1
11.3922,1
24.704,2
16.284,4
3.52609,5
5.95479,1
14.81,1
23.7309,0
23.0994,2
7.02103,0
10.2578,2
21.5714,1
7.44211,2
12.3028,2
12.0694,5
11.6627,1
25.3901,0
23.5964,0
7.87109,0
4.56542,2
22.5139,1
11.5814,3
13.7181,1
9.47283,4
11.6725,3
24.7723,1
25.8394,3
27.5749,1
6.63066,3
19.0877,1
12.7885,2
11.4205,2
7.79303,3
12.9352,3
10.5069,2
29.9346,2
26.6283,1
9.21133,0
5.06843,5
34.586,0
15.9287,2
9.5606,1
24.595,1
7.68433,0
11.0052,2
8.66644,1
16.8325,0
15.1761,2
35.1887,0
18.0285,3
10.5426,1
9.58244,3
10.996,3
10.3554,4
7.02676,0
10.8558,2
13.74,0
25.9182,1
7.14286,5
4.61763,4
6.36319,2
7.58072,0
9.91906,1
32.3775,0
7.53897,1
19.7451,4
5.81422,1
12.7752,5
5.61753,5
10.7338,2
8.00349,2
19.5273,3
5.39043,0
13.9369,1
17.0569,4
23.7822,2
18.1389,5
15.3065,4
12.4808,1
6.74633,0
16.5571,3
17.1412,1
13.5434,1
4.79435,6
8.48312,1
34.3152,2
9.3586,2
12.0903,4
4.54681,2
8.66026,1
11.2136,0
4.7476,2
13.0323,2
12.4914,3
13.8914,1
11.4168,2
9.51268,4
15.4728,0
17.1264,1
13.9632,2
8.04729,0
12.7507,3
22.4877,0
9.62842,0
9.23907,1
10.4564,0
12.5416,2
14.2776,2
17.8039,1
34.1205,1
11.5555,4
17.6602,1
17.9603,1
8.44964,0
13.65,2
13.2821,3
30.6725,3
19.7955,1
10.1151,0
12.2064,3
9.90745,0
8.30984,2
9.83263,6
17.3941,1
23.2569,4
25.8416,1
5.69885,1
8.56406,5
17.2318,2
8.81879,3
11.8818,2
5.41786,0
13.3843,0
8.3815,1
20.0227,0
12.7956,3
21.4271,1
8.7244,1
25.488,2
15.816,1
13.5429,1
17.3953,2
10.5587,2
10.9945,3
9.48432,0
10.038,1
13.9465,4
7.45181,4
6.81015,2
22.4733,1
10.4834,2
9.51811,2
14.7329,1
8.30153,3
7.64545,3
9.80601,2
15.0191,1
14.7796,1
8.73856,1
9.1488,0
16.8554,1
9.85424,6
13.0368,3
11.5491,4
33.0883,0
8.38152,1
11.5324,3
6.40802,1
12.9642,1
8.47973,3
7.06302,0
12.2995,1
11.7555,0
21.3473,1
11.4295,1
5.35515,4
9.55635,0
24.8242,1
12.0086,3
12.0659,3
11.2002,3
56.7871,1
11.4926,1
5.92607,2
17.2622,1
5.46847,1
13.1682,0
8.23334,1
19.4512,1
9.08889,2
8.40755,1
12.9358,3
9.65705,1
7.39122,2
9.33173,2
31.7074,1
11.904,2
19.656,2
9.61238,4
23.0571,1
8.27469,3
25.4186,1
15.4962,1
8.54785,3
25.1831,2
29.4051,4
9.33471,3
15.9566,1
24.0115,2
15.7151,1
7.11171,3
5.73264,0
17.786,0
17.0138,1
7.77257,0
10.2391,2
9.47783,3
14.4097,0
29.7286,0
10.5311,0
30.8162,1
36.9529,2
11.3926,2
17.5285,1
13.7055,1
5.60004,4
8.03795,2
7.93579,1
9.16264,3
6.06484,1
7.35227,1
18.1636,0
9.08449,3
4.77923,0
15.0926,2
9.2755,1
11.154,2
14.6257,4
25.2588,1
10.0244,1
13.4823,2
3.22743,4
8.67743,1
7.08978,2
4.89822,1
9.29147,4
18.916,1
7.52664,1
13.9589,1
13.2968,1
7.33099,0
15.4129,3
7.53653,0
15.0798,2
18.3327,7
15.3734,1
6.9394,2
14.4681,3
15.5243,2
11.4319,2
11.5025,2
39.5758,0
9.80849,2
7.39675,1
9.79977,5
26.4829,2
31.8838,2
7.04882,1
11.13,5
9.28263,0
6.63006,3
21.3477,1
6.64678,2
13.3883,1
6.11344,1
4.16847,1
21.7914,0
10.2594,2
19.8972,0
14.4732,1
11.2304,0
21.6339,3
18.9384,1
10.6338,1
10.8038,3
15.3613,0
20.9056,0
9.91744,3
3.73217,3
21.2477,2
11.8403,1
21.172,3
14.4922,1
20.9953,1
12.054,3
15.5406,3
6.63165,3
7.79815,3
20.6978,2
8.65302,0
15.677,7
3.65994,1
22.0736,0
6.58307,1
11.5631,2
19.6985,1
11.3337,0
16.5755,1
3.57733,2
13.9129,3
13.3276,2
15.003,1
29.8075,1
13.4269,2
9.00827,2
8.82156,4
6.43158,1
5.23364,3
31.4345,4
9.22813,1
17.1267,4
1.47565,2
13.8236,2
40.0906,1
9.14435,3
19.6379,4
16.362,1
15.6766,2
15.5891,2
16.655,0
12.758,2
11.2221,0
14.235,1
35.4371,1
9.50199,1
6.06386,2
8.72978,3
19.3305,1
6.53778,0
12.8191,2
19.653,1
9.8637,4
21.9325,3
12.4876,4
9.81712,2
18.9038,2
18.324,1
6.01232,1
25.656,2
20.273,3
13.7172,4
42.7542,1
20.6191,5
9.69546,1
11.8157,2
10.8894,1
9.82169,3
6.329,0
12.288,0
8.31165,3
5.61318,2
11.7148,2
6.17095,3
40.1693,0
19.3543,0
9.13922,1
14.9152,3
13.369,0
16.2168,1
12.6973,0
12.7367,4
24.2983,1
11.8316,3
16.7536,1
16.0045,2
17.1165,3
9.84105,1
16.0333,4
39.369,1
19.5335,1
29.2406,2
6.06999,2
15.0156,1
8.5035,0
22.461,1
12.5341,2
22.5763,1
6.51817,1
15.7144,0
26.6731,1
7.03314,0
21.7444,2
20.8781,1
20.8419,1
11.0232,0
7.70669,1
7.13687,3
4.38579,1
7.66224,0
13.719,1
6.62691,2
18.9422,0
4.43958,1
14.137,2
15.2721,0
16.7278,1
35.4066,0
13.3167,4
5.03959,1
17.54,1
5.3622,3
19.8279,3
21.7858,2
28.7919,1
12.1277,2
3.71727,4
10.1981,5
25.4346,0
52.4257,3
14.5208,1
9.7977,5
5.21793,3
9.38258,1
5.63094,0
9.52241,1
7.35547,1
16.7104,4
5.98259,1
10.463,2
17.9566,3
4.17143,2
11.0162,1
7.28633,1
14.9684,1
25.0175,0
10.862,5
19.2321,1
22.3564,3
7.0549,1
8.1618,0
14.0092,3
8.34417,2
8.56837,3
13.0547,0
5.79472,3
13.2203,2
33.5316,1
7.84778,4
20.7968,3
6.94537,3
29.7009,2
22.2194,1
11.2878,2
24.3808,0
12.9349,3
8.1807,1
13.664,3
11.813,2
5.80171,1
12.9731,1
9.17707,1
5.74106,2
7.58311,0
24.1182,0
5.76519,3
40.6687,4
17.5096,4
14.949,3
9.42077,1
9.47684,2
5.89638,1
14.0942,2
12.3028,0
15.4056,1
16.2692,0
7.15054,3
44.1979,2
10.9632,1
10.7686,1
7.28165,1
17.4753,1
24.804,2
17.5809,2
14.1404,1
11.7432,2
10.163,2
21.5665,3
9.55357,1
4.12147,2
9.25308,1
6.97399,4
12.0378,0
13.6734,1
9.62535,2
7.61449,1
10.2176,1
17.766,3
19.2301,1
11.7332,4
8.7436,1
6.67338,5
16.8452,3
22.8592,3
13.8408,1
11.5188,2
15.6703,1
6.47022,1
18.1223,1
6.90746,1
24.6658,1
18.9297,2
3.72333,1
16.4625,0
10.108,0
35.3005,4
8.81622,2
23.6309,2
8.13215,1
11.4378,3
6.64855,2
7.25284,0
18.5087,1
4.95715,1
19.0914,3
29.2548,3
8.87427,4
18.4865,0
13.462,4
16.3498,0
9.90443,3
6.36334,0
8.6502,2
19.5681,2
7.76854,2
8.17967,3
8.89412,2
10.6567,2
8.12133,2
10.4021,2
7.24021,3
12.8814,1
6.1592,2
12.5555,1
15.7448,2
8.53135,1
30.1305,1
18.1283,1
12.2014,0
5.11918,3
9.28708,3
10.8373,4
8.67395,5
5.11334,2
6.16843,2
8.54475,0
29.6587,2
12.8797,2
7.83718,2
7.09422,1
19.197,1
13.4105,3
5.79319,0
13.0166,1
14.0692,1
16.9202,2
26.4233,1
9.65189,3
9.51712,2
13.1896,4
10.5045,0
11.5138,4
6.51598,3
19.5685,2
14.6654,2
14.1705,5
5.20533,4
27.0874,1
10.8345,0
17.2052,1
9.42996,1
20.0809,1
5.70168,2
14.0599,2
24.8166,3
9.82454,3
9.45317,4
3.80847,1
17.2236,1
15.2686,2
28.195,0
7.30914,1
14.0948,3
5.48053,0
10.9553,2
9.45394,3
14.032,1
2.53112,2
16.0232,1
23.1405,3
6.94018,4
7.96141,1
11.9355,0
6.90355,1
5.76011,3
17.9705,4
17.2084,1
16.9083,2
17.7627,1
22.5309,3
8.26527,4
32.7338,2
13.0663,2
12.1999,1
9.63479,4
9.10674,2
9.78346,3
14.9325,2
24.3407,1
16.5867,0
9.72674,4
29.3853,4
7.07354,2
4.6245,3
5.7833,2
14.3738,1
10.5966,2
10.5105,0
9.54379,1
9.65632,5
16.5687,1
23.9876,1
14.7518,8
5.18675,2
9.2156,1
10.2607,5
17.3154,3
10.0443,2
4.54239,6
8.93667,2
10.4937,0
8.31033,0
17.084,0
10.6781,0
21.0785,1
13.4181,1
14.3731,2
10.0233,3
23.4846,1
9.30522,2
12.7093,1
5.6639,1
14.6377,1
8.27979,0
17.6925,3
4.54799,0
22.9198,1
4.35235,3
5.73932,3
15.1621,0
4.25003,2
8.10503,1
11.1191,1
24.288,3
3.4045,3
12.7074,3
14.2871,0
28.441,2
18.0308,1
28.461,0
20.7323,2
12.0639,1
8.61728,3
17.0836,0
8.99042,0
17.2816,2
31.622,1
5.2603,1
11.3598,5
9.10324,3
11.3353,0
10.827,2
17.076,2
12.8453,3
7.47316,3
29.0611,2
15.8411,3
7.04903,1
7.29021,5
13.2915,4
13.5736,3
20.2262,0
12.0907,0
18.8744,0
14.7359,0
6.74301,3
12.8972,0
18.4337,1
32.103,1
15.4102,1
8.05675,0
9.63602,1
16.8825,2
27.3017,1
5.208,1
18.8384,3
42.8815,3
9.44362,1
9.91759,1
32.9106,1
9.15575,3
12.7572,1
4.75386,3
22.8001,3
11.0019,6
20.7605,1
14.7554,3
19.6486,2
25.3875,1
6.47349,3
19.1494,2
25.3259,1
15.959,4
12.7282,1
11.8973,7
15.9108,2
20.9781,1
10.9687,3
14.3616,0
8.81386,1
53.5253,2
10.7644,1
22.4987,1
12.7467,1
6.66281,4
8.2749,2
41.4568,2
11.8141,1
3.38065,3
14.4527,2
5.8234,1
15.3252,0
20.9459,0
3.60126,3
9.20461,4
22.1974,3
17.327,0
21.0672,3
19.9575,1
19.0875,2
7.9524,1
12.0562,2
19.4595,0
11.7124,1
32.6694,0
8.89094,1
4.42628,3
10.7786,1
18.7911,1
32.3137,1
11.0142,0
48.8526,1
25.9842,2
25.0724,1
6.44311,1
13.9233,0
15.132,0
15.5192,2
7.10239,0
17.31,0
6.98454,2
7.05886,4
18.2491,2
18.2895,2
9.52421,2
10.3103,2
10.7819,1
7.18045,1
5.00884,2
12.9562,0
15.0558,2
8.704,1
4.80561,2
5.70496,0
12.336,2
15.6231,1
10.469,0
12.4809,1
5.83669,3
11.1227,5
12.3315,2
5.33215,3
3.74175,5
33.7835,3
12.0367,1
22.184,3
6.55512,3
52.4065,2
13.919,1
3.9233,4
8.62242,1
20.1193,0
12.9952,2
14.0925,1
11.3339,2
13.9672,3
29.2709,1
14.7701,2
20.064,2
6.87556,2
8.17304,2
6.83225,3
6.44082,1
8.20959,3
18.2858,2
6.63495,1
44.2511,4
9.16303,1
12.7501,2
21.5237,5
5.08059,2
10.7589,3
9.02428,8
4.36011,1
12.862,2
10.2667,4
15.7857,1
9.50744,1
13.6852,1
6.168,1
3.23951,2
9.38177,0
15.1043,0
6.4672,0
28.1691,2
6.25947,1
12.0892,1
14.6,0
15.1163,2
9.27204,1
3.18396,0
6.9838,1
8.55328,1
16.5777,1
15.6689,2
23.3498,2
14.0216,1
10.9903,0
23.3487,1
12.5079,0
14.2808,5
11.2371,4
16.8026,1
8.0662,0
11.7676,2
15.8965,0
4.45581,2
14.822,2
12.9331,1
17.1144,1
7.79008,1
11.0689,1
16.609,3
42.7395,3
8.63894,2
7.96226,4
13.7119,0
9.9419,1
4.95616,2
8.2714,2
17.9115,1
18.4528,3
8.42188,2
5.30453,2
11.2892,2
8.48255,1
13.9407,1
15.287,3
15.8343,2
5.37586,1
8.84394,0
6.77749,4
5.88291,2
11.7159,1
14.1401,4
5.37765,2
5.96552,2
4.66564,1
9.09675,1
5.56789,1
14.7369,1
11.9003,3
8.65336,3
12.2699,2
4.0616,0
5.13447,3
7.28254,1
5.14642,1
11.9648,2
7.40587,2
8.90495,2
7.73228,1
17.8997,2
18.6491,1
16.6098,2
21.471,4
12.8301,3
9.82396,2
11.028,1
19.3502,3
8.17712,2
25.5959,4
23.1939,3
12.5335,1
6.59926,3
19.6722,0
11.3968,0
8.72099,3
15.0824,4
4.74698,2
26.5372,1
7.23527,4
18.2176,2
7.16131,1
20.1874,2
12.8603,5
8.55891,0
30.1205,2
13.7655,2
22.6723,1
11.9129,1
21.5825,1
6.08967,4
9.51696,0
10.5131,2
6.11826,0
7.19543,1
12.5839,5
7.55242,0
8.89284,2
7.34764,4
13.8191,1
14.7966,3
9.28341,2
23.0991,0
6.03314,2
17.0616,3
13.3442,4
9.97829,2
13.6777,4
18.9644,2
5.4102,4
37.2472,2
10.3897,2
31.7505,3
29.4288,3
19.0718,2
24.1438,2
19.8177,0
25.9884,1
24.8887,4
6.19819,1
8.23705,2
6.28249,5
10.424,2
7.33051,1
34.4304,0
19.8704,4
10.6473,1
11.6205,0
6.03151,2
9.79969,1
15.3735,1
11.6566,4
13.5935,2
5.81854,2
16.582,0
14.7693,2
14.8459,6
27.7898,1
8.74748,1
7.5611,0
7.71264,1
9.81507,4
14.9491,0
6.43531,1
8.22603,1
15.5132,3
21.9153,3
19.4736,3
4.64128,2
12.0134,3
7.53592,2
7.26533,3
14.6791,1
8.83661,2
28.0307,1
7.19204,0
15.5756,1
25.7679,1
9.4829,4
19.3134,1
4.81697,1
16.6461,0
14.4423,1
21.9604,4
11.3961,5
22.4668,2
5.4853,2
8.61033,0
23.9591,2
13.1875,1
15.9485,2
23.7469,2
7.41559,0
8.20757,3
9.13765,0
11.6795,2
25.5445,2
11.2375,3
22.1625,6
18.2294,2
12.396,2
25.2118,4
12.306,2
4.70324,2
33.8653,4
8.81068,0
13.593,4
7.02682,2
10.3953,1
35.7497,1
6.59349,0
23.2825,1
29.7644,1
9.77709,2
15.2975,0
10.7592,2
10.1807,0
20.618,2
17.1646,1
12.5674,5
62.1815,0
14.1075,3
9.95789,4
7.19873,5
8.01717,2
19.8274,5
6.37238,1
4.48756,3
18.2164,1
7.69176,1
7.86366,4
13.7413,1
8.69653,2
16.7173,0
47.515,2
7.8478,1
15.6327,1
28.0138,2
9.47286,5
6.32262,1
14.9097,0
17.8648,1
22.5711,2
13.0507,1
16.9212,5
19.13,3
12.6249,2
14.28,0
9.60914,2
7.32628,2
8.92666,0
7.88845,2
22.1477,1
30.6307,2
9.26741,2
5.3036,2
18.9211,2
7.59764,3
6.93628,1
4.76865,2
21.4455,3
11.2473,1
21.6767,1
7.69114,1
11.3165,3
23.1664,4
16.4493,3
17.1149,4
11.2175,2
17.1038,1
10.6223,0
9.20012,1
8.23846,0
12.095,3
17.5564,3
7.46396,2
26.9565,1
14.9447,3
8.20714,3
30.737,2
11.1231,2
8.87665,0
13.4822,3
4.02565,0
8.71427,2
6.54486,1
10.841,2
6.19475,2
10.0615,2
15.4492,1
10.3301,2
10.0761,0
17.0204,4
12.8512,2
18.2092,5
13.8949,0
14.3118,1
9.12056,1
14.2287,1
13.5729,2
11.4108,2
20.9662,1
11.2494,1
6.794,6
7.03814,3
10.9069,2
3.40194,2
22.2887,2
19.6252,2
21.708,3
15.8153,1
8.30862,1
3.81019,1
3.838,2
15.9061,3
11.5032,2
5.77093,2
14.3767,1
13.5043,3
9.35426,4
6.75859,5
14.3242,0
13.2354,1
8.49312,2
3.66375,1
10.5332,1
23.213,0
11.0871,1
10.5854,0
12.2342,0
8.49233,3
8.44823,2
12.5151,1
21.1282,1
20.9958,4
7.98402,1
17.4735,1
9.62761,2
6.97281,2
3.87331,2
6.37685,0
9.49605,1
30.962,2
5.30981,2
15.6199,3
15.035,0
12.0033,2
9.02325,2
28.3566,0
21.9059,1
6.71879,1
23.6713,1
14.3597,1
10.0886,3
28.4642,4
7.52862,3
9.55622,2
8.33432,1
31.1041,1
7.45544,2
16.9178,0
12.8143,3
15.2323,3
15.2187,6
12.548,3
14.0012,1
31.2399,2
13.0687,2
12.8496,2
5.0842,2
9.44828,2
34.2283,2
13.222,0
5.22599,0
9.39285,2
10.4939,2
6.59544,1
7.75395,0
7.06183,5
6.56414,0
12.4837,0
9.12457,2
11.2789,2
11.5374,0
5.70383,5
13.0611,1
11.3321,0
25.4864,2
11.3095,2
6.77917,2
33.0371,1
5.83823,0
28.7215,1
11.0573,1
11.5476,2
11.2075,0
11.8589,2
17.9725,2
8.73076,3
11.7872,4
15.7841,3
12.8607,2
23.5227,1
14.2316,2
4.89089,2
7.91543,0
5.95086,0
7.77439,1
3.56324,3
27.4018,0
26.0165,2
11.1565,1
12.3412,1
13.449,0
6.75769,1
14.0649,1
5.18566,0
5.64423,0
5.7792,2
31.2776,1
6.15332,2
20.304,1
13.1854,2
24.1516,0
13.4225,1
5.43276,1
17.0045,0
10.7649,4
14.069,3
15.8942,2
10.1579,2
5.61915,0
5.96798,2
20.1567,1
8.92681,3
10.0428,1
21.3068,2
22.3808,1
14.6616,1
9.08869,2
13.845,0
6.1101,2
16.8811,1
6.68353,1
8.7436,0
12.645,2
11.2519,2
43.6704,1
4.83356,1
10.3378,1
10.5555,1
11.0811,2
19.3964,2
21.3908,4
7.51835,1
13.1146,0
4.36031,1
12.627,2
17.157,3
10.0521,2
11.3469,0
16.4511,3
16.1238,0
7.30228,0
4.56508,2
15.8117,5
17.3103,0
20.899,0
11.0066,0
15.673,0
9.51432,0
9.15639,1
19.5077,5
17.9632,0
8.08888,4
12.7251,1
18.6388,0
9.3485,3
12.5087,2
11.6152,1
20.1756,2
5.69182,3
6.01923,4
7.25921,2
5.6192,0
6.13055,1
17.2197,2
7.35563,0
6.3504,0
7.40324,2
13.2117,0
17.7514,1
13.413,5
11.6415,2
4.75257,0
8.11209,2
20.4123,0
15.6704,2
12.5258,1
17.1266,0
5.14332,0
21.7596,3
28.7176,2
16.798,1
20.1441,0
12.1625,3
13.6572,2
10.3028,1
15.3024,2
7.82639,3
18.4534,3
12.9195,4
13.2646,0
4.91903,3
10.2577,3
33.2837,2
29.0689,2
43.6521,0
24.7086,2
9.79238,2
19.3722,2
5.86105,0
6.58256,0
10.5589,5
12.136,2
14.7589,1
10.968,0
15.3617,1
12.3354,2
16.895,3
33.64,5
11.1852,1
14.2395,3
6.9661,3
27.6046,3
6.44554,1
12.0047,0
35.0862,3
4.04209,0
11.9895,1
9.30361,4
8.88342,1
16.7001,1
11.345,1
8.54025,3
24.2394,1
12.4796,4
19.801,1
18.0082,2
8.29121,0
26.4591,1
15.1164,0
10.3749,2
10.9559,1
13.1673,0
5.2795,1
7.80377,1
13.7657,2
31.5475,0
13.3343,3
9.29764,0
21.9608,1
13.315,2
19.7891,0
5.91441,3
6.17126,3
14.3908,1
17.5492,1
12.2611,2
13.4758,1
11.3225,1
12.3832,3
5.59588,2
5.03743,0
27.14,0
17.996,0
28.3665,3
7.77666,0
11.7603,0
17.746,2
16.5621,1
13.1886,0
23.0245,3
16.0346,1
8.8555,0
15.666,3
14.1508,2
4.47207,4
6.62645,2
6.8234,1
22.649,1
11.1718,2
10.5322,2
6.33641,1
17.4079,2
14.172,1
7.36699,3
14.1041,1
11.8809,2
10.9385,4
22.5382,1
63.439,1
5.59974,1
19.6847,0
23.2018,3
10.749,3
14.5466,0
20.8268,1
5.43633,2
7.71477,2
11.1202,1
7.25908,1
9.973,3
10.2187,2
13.2972,2
20.4358,2
6.41596,0
18.1701,2
8.5234,1
11.2216,3
4.09556,4
20.7527,1
13.9739,4
8.10638,3
16.6737,3
15.6897,2
9.474,1
5.41677,2
12.3821,2
8.18746,3
17.1973,4
8.23238,0
6.76465,1
9.12466,5
27.5319,3
43.61,3
16.8553,2
12.9562,3
11.1866,3
7.17677,2
9.06509,0
5.87214,2
9.9803,3
13.2944,4
22.6203,1
8.90704,0
8.81312,0
9.88091,0
22.1006,2
9.36214,1
8.69999,1
25.8137,3
17.1649,2
8.71913,0
14.3243,0
17.7415,2
18.8694,3
10.7574,2
8.08664,2
4.55377,1
6.16038,2
10.5164,1
12.4655,3
7.04421,2
4.88967,0
27.2401,2
10.6774,3
14.3802,2
21.0508,2
25.2791,1
9.10911,2
10.6563,2
23.6797,1
14.6702,0
5.49397,1
10.3708,1
14.3375,4
16.6872,2
15.0554,0
25.9041,2
9.29791,4
13.0549,5
6.99229,4
8.70549,3
5.89494,1
24.0286,0
6.55826,4
15.9902,1
14.5082,2
11.9683,2
6.59229,2
5.57933,2
4.13304,2
6.16476,2
6.7222,0
21.7925,0
16.9886,2
25.095,4
28.9355,2
11.0154,0
13.0235,2
15.6309,2
8.07225,1
2.87741,4
7.71942,2
26.9631,2
9.09676,1
8.51305,2
11.6236,1
7.94907,1
14.9795,3
28.7611,2
13.989,0
17.7896,0
26.4433,4
6.83555,1
21.1008,2
12.1408,3
17.134,1
10.9895,1
27.829,1
6.04534,0
21.8179,4
8.2029,1
8.73695,3
12.1856,3
8.82441,1
14.3662,4
24.774,1
12.4948,7
7.3107,1
20.9764,4
14.382,2
10.0824,2
8.0986,1
6.78792,0
11.5759,3
13.0757,6
15.8791,2
21.5672,0
12.8269,1
40.4043,2
16.7695,2
5.73804,1
10.4256,4
23.158,0
6.10687,3
11.4362,2
15.9892,1
8.49345,2
23.1575,3
17.0431,2
33.4365,0
6.81707,0
9.9066,2
7.51662,3
23.2039,4
14.1575,1
12.5936,2
14.1093,5
14.5016,2
12.94,2
15.0693,4
15.0005,1
34.3796,1
9.07391,2
37.1829,1
8.13976,0
16.0112,7
9.09071,2
14.7854,1
18.4293,3
3.92884,5
8.81483,1
15.0211,3
13.8885,1
7.36335,2
7.63715,2
8.1907,3
12.4675,0
17.0999,2
7.96271,4
8.10145,3
24.3111,3
7.18937,2
8.16943,3
15.8783,1
7.30989,1
25.0871,2
5.2606,4
10.614,2
8.65776,3
24.69,1
5.30861,0
11.7742,2
21.8827,2
23.6274,3
3.66128,1
19.8781,4
21.9785,0
6.39441,2
6.22163,5
11.9515,4
18.9553,1
12.1715,2
9.86583,3
4.45279,2
9.91397,2
20.3446,2
19.7212,2
8.34676,0
14.4413,4
13.3826,0
15.0854,0
7.15455,1
6.98191,0
5.53607,3
5.89604,1
17.1888,0
13.179,3
3.27003,3
10.1104,2
12.563,2
12.0064,0
7.59015,0
13.3215,2
30.0861,2
20.9789,1
10.9073,1
7.78729,1
4.35023,3
11.7968,0
23.8626,2
10.785,1
14.6016,1
6.59555,0
10.1993,1
16.5458,3
7.88819,2
12.9943,0
9.38748,1
12.913,1
19.1703,3
8.66463,7
12.4613,2
19.3206,0
20.9463,0
22.3836,1
3.06256,4
10.0128,3
20.8817,3
27.9319,1
11.6162,1
8.99571,3
18.8439,5
6.69065,1
7.20292,2
10.8823,0
11.0026,1
28.7801,3
11.2216,1
21.6485,0
6.23464,0
12.5294,3
18.1581,4
12.3538,2
13.767,2
7.93271,2
9.4722,2
12.8809,1
15.5839,1
14.2145,3
11.7356,1
21.2276,2
12.4904,1
15.254,2
8.038,0
13.6424,3
11.1876,1
26.2109,4
6.35283,0
11.648,4
13.5488,4
40.8927,3
8.07222,2
13.0517,2
7.72147,3
9.89661,2
12.7699,3
3.25203,2
13.5833,3
24.0241,5
10.4075,1
9.93624,2
10.6453,3
16.7903,1
5.22659,1
15.9242,1
7.53284,3
10.4541,2
22.1118,3
11.2295,3
11.1183,3
13.8198,2
6.0682,1
16.3107,3
8.15122,3
20.093,4
14.0467,3
17.7952,2
6.61929,3
15.5945,2
20.1611,2
8.98622,0
12.513,4
6.4738,3
18.7152,2
15.3428,4
16.8906,1
17.0135,0
14.2329,2
6.46947,1
8.71486,3
10.059,2
13.4601,3
14.2647,2
6.86975,2
6.62223,5
12.4095,1
5.61683,4
4.46725,0
8.8432,2
32.9144,2
8.9284,1
8.31936,2
15.7507,2
23.2859,2
7.33147,2
39.3259,1
14.6011,2
31.6447,3
11.4292,1
6.79932,3
11.8118,1
8.43691,1
11.8933,1
8.52828,1
10.6637,2
8.98849,0
8.18627,1
11.9846,2
38.3729,2
8.24376,3
22.8822,1
30.9049,5
23.5344,5
11.2862,2
6.50109,2
25.6722,2
9.63968,1
7.68864,0
11.7389,1
7.45703,2
23.2885,1
11.7696,4
15.0074,0
14.1493,1
4.08024,1
15.0828,2
12.3947,2
14.7612,2
13.6872,1
14.5013,2
9.56943,2
24.9435,3
16.8585,3
17.2874,1
13.3375,0
13.385,1
7.02578,1
19.7713,4
15.9597,2
13.288,2
7.79002,1
21.18,3
12.9216,1
13.9196,2
54.8397,3
13.9237,2
7.99427,3
8.036,2
9.36976,1
21.5276,0
13.6957,1
8.75573,4
8.52077,4
6.18901,2
14.8506,2
16.5482,0
15.5029,4
11.4156,0
8.89252,3
3.82392,1
10.6066,3
7.44433,3
17.0697,4
20.9187,2
17.1719,2
38.3744,2
4.40291,2
25.4893,3
19.9209,3
5.47111,1
5.35411,3
10.0315,2
7.91693,3
11.9217,3
11.3217,4
10.2011,3
18.2657,2
7.86477,0
8.81289,2
41.1032,3
14.2838,1
12.824,1
13.9753,1
13.9999,2
7.37508,3
16.0226,3
8.96689,3
9.78174,3
8.86031,2
12.9378,1
7.95543,4
11.796,2
21.3246,0
26.6734,2
13.5257,5
13.1102,2
6.49308,0
18.0076,1
25.2444,1
10.7141,4
4.30412,3
10.0973,4
13.2868,3
8.57693,1
6.29078,3
17.8049,2
13.1059,2
14.8029,1
6.20482,1
9.41755,1
15.2328,1
12.2698,1
12.9893,1
26.1741,0
6.4477,4
16.4997,5
11.0257,2
22.0546,1
20.7597,4
8.34698,1
6.41696,2
17.6319,3
15.7375,0
17.1443,0
22.4958,1
9.11272,1
19.5686,0
12.7971,2
22.5811,1
13.7113,1
19.1007,0
10.0146,2
14.0723,3
9.70847,1
13.0646,0
20.7091,2
9.87877,2
8.50658,2
8.35039,2
43.211,2
30.0144,1
16.8087,2
7.1679,3
11.3625,0
7.31805,1
25.3015,3
25.1022,2
12.2933,4
9.86447,4
11.3635,0
16.2086,0
10.0745,1
11.395,1
7.19104,2
7.39804,0
35.9441,2
21.2329,4
6.55878,0
15.8466,1
20.4881,1
15.8007,2
14.7087,1
17.966,0
15.5305,1
22.2077,2
9.68296,1
9.41383,1
24.6355,1
14.4759,4
6.33391,2
4.88223,1
29.9424,3
16.896,1
4.12683,4
11.2223,5
7.13831,1
63.9015,1
2.63773,2
12.4036,0
20.9508,0
30.1445,3
9.17854,2
4.69592,2
14.8371,0
6.51754,3
3.9499,1
12.2917,0
17.9342,1
12.6255,2
18.1423,1
19.7728,0
18.0832,1
10.3705,2
14.4676,1
12.5174,0
8.06663,0
6.24008,3
24.5286,1
7.38628,2
8.65303,2
17.6888,2
22.1567,3
15.4965,2
7.09765,2
12.8226,2
10.1081,2
10.3138,3
15.5662,2
19.4433,3
32.2523,0
9.60326,4
11.2128,1
10.6321,2
6.12828,2
24.2697,0
17.6873,3
16.7572,1
18.7701,2
19.7307,3
7.71127,2
4.23024,3
11.229,5
29.9566,2
10.9285,2
6.25262,5
20.9613,6
15.6663,7
14.6215,0
11.8727,2
30.3176,1
13.8307,1
23.2029,2
8.25534,1
6.67619,2
9.87414,1
7.98494,2
6.64627,5
21.5478,1
14.6325,1
16.1954,5
8.90253,0
18.0067,0
28.2315,3
9.71655,1
15.5038,1
7.18313,4
27.5756,2
16.2326,4
6.94339,0
7.06304,1
26.7785,4
16.8082,2
11.7864,1
12.673,2
16.5295,1
24.7063,3
14.0947,3
8.89681,1
8.65159,1
8.01753,2
8.39545,1
13.5308,3
13.5132,2
21.7236,1
4.87741,0
5.32612,0
13.0025,1
15.6501,3
10.4467,1
14.2483,0
8.22232,2
6.25733,4
17.7936,2
9.55171,6
11.5822,2
14.3719,1
6.88055,1
11.9352,3
10.6484,2
15.7169,5
23.0856,2
20.5146,2
14.5801,1
10.0273,1
10.4671,2
13.4165,1
10.7772,1
6.66104,2
14.4978,1
15.7814,2
17.4746,6
4.97005,0
18.8097,2
5.31983,0
11.7246,2
21.9141,6
12.2468,0
11.2589,1
6.24769,1
8.93189,1
12.948,0
7.03066,2
10.9709,3
21.4157,3
4.57119,6
10.3235,2
7.53588,0
2.97992,3
26.4972,2
5.14187,2
10.4021,1
23.0785,2
7.00174,1
8.92747,1
20.0249,5
13.9789,0
27.7913,2
15.5101,0
13.1681,2
12.0198,2
24.1709,1
8.06566,0
7.11892,0
23.5755,5
20.5665,2
15.089,4
17.7984,3
20.2947,4
10.1434,6
13.6811,0
15.6843,4
6.30705,3
12.8704,3
13.0472,1
13.072,3
5.56129,3
4.58318,3
9.11183,0
17.001,1
6.76381,1
14.1387,1
5.80741,3
5.00843,2
10.762,3
15.9767,2
5.0428,2
7.29276,0
13.3323,2
8.43037,1
4.5791,1
6.69558,2
7.77692,0
10.5485,0
34.0878,1
7.65051,2
10.1455,1
21.9071,0
15.4496,1
14.5898,4
43.295,1
6.30793,1
8.56229,1
8.08314,2
10.585,2
7.48303,1
3.70825,1
6.66809,2
24.9028,2
15.9286,3
13.3665,5
15.7276,3
13.8403,0
7.21033,0
10.1145,1
13.0697,1
21.81,4
6.84294,4
5.11834,2
12.9054,3
16.7703,1
6.04607,3
8.60453,5
14.4197,2
3.74226,0
29.6045,1
12.6249,1
9.91514,1
8.6075,4
32.4828,4
9.30961,0
4.69178,2
16.19,4
7.79303,0
6.9435,2
6.59638,3
7.4447,3
9.20539,2
28.9339,3
4.36891,1
12.836,1
11.1882,1
9.89098,2
26.7509,1
5.12956,2
6.62621,2
7.03847,5
10.1307,1
18.2996,0
9.73044,0
9.5127,3
7.88165,3
9.29388,2
27.2561,1
37.0763,1
10.4476,1
8.52515,3
24.5365,1
5.69502,2
22.4669,1
42.6855,0
6.80799,1
12.1483,2
36.6012,1
14.492,4
10.3875,1
14.7805,1
9.24163,1
5.43628,1
9.068,1
8.04032,3
5.37166,1
17.9473,1
10.4601,2
4.00473,2
18.4834,3
18.908,2
32.8431,2
9.57593,1
12.7842,1
7.54218,1
9.7776,2
8.72589,2
13.639,0
9.33016,2
12.872,4
27.7637,2
7.08691,2
10.1904,3
11.4479,3
11.7256,2
28.3644,1
12.1549,2
11.4559,1
5.83574,4
7.47384,2
9.35942,1
8.6627,1
11.9137,4
12.4713,1
5.79432,2
11.9804,1
17.9708,4
11.1453,3
9.14138,4
10.6233,3
7.22033,1
15.2006,5
7.17261,3
11.4086,0
6.08228,5
8.06205,5
11.7257,5
6.10826,2
31.6617,0
9.01059,1
5.25605,2
8.2822,2
23.437,0
3.83218,1
6.35036,1
11.2548,4
6.35771,5
12.9019,2
10.8946,2
9.05776,3
6.69566,1
9.25134,3
15.115,4
21.5109,3
20.8476,1
10.5137,3
12.4285,3
9.88284,0
20.5681,2
13.6894,2
22.9309,3
12.0057,1
19.7877,3
14.5593,3
9.59969,1
7.38543,3
7.55988,3
12.5192,0
6.98657,3
8.039,0
21.5753,1
16.1481,0
17.4285,2
5.90248,4
14.0667,3
13.8633,3
12.5463,4
18.9688,2
4.17789,1
7.34302,1
13.7466,2
21.7234,3
30.2348,4
5.26317,1
17.1006,2
17.8562,4
14.7542,4
7.6819,1
9.55587,0
9.99798,1
8.47615,3
14.1287,2
12.707,1
6.62794,2
11.2725,1
11.1785,6
7.99254,1
6.68507,5
14.6648,3
16.9742,1
13.4909,2
10.7424,0
9.41927,0
19.7004,1
22.0936,2
13.7022,2
9.16874,1
15.9628,1
6.05909,2
6.16595,4
10.6165,2
10.9517,0
21.7474,2
7.2745,1
4.32099,2
6.01145,0
26.5544,0
39.8906,2
17.8153,2
6.08771,1
14.5734,2
15.8196,2
8.34847,4
9.95442,0
18.4219,3
5.01222,4
5.48935,2
12.431,2
20.4308,1
19.7689,2
16.974,2
3.36253,1
6.35347,2
14.3356,1
6.3845,3
11.2682,3
9.11339,2
3.32409,1
6.85247,1
19.2827,1
11.071,4
6.75222,2
13.7485,3
9.93234,1
21.6692,4
21.0574,1
35.7854,2
17.8646,3
17.6643,2
25.5698,3
6.47334,5
19.4804,1
10.787,4
20.3968,3
7.39822,3
11.9627,2
20.9642,1
5.44547,7
16.1601,2
16.4732,3
15.5846,4
7.33766,2
5.37275,0
8.79117,0
10.3677,1
7.8845,3
20.9251,3
32.9823,3
21.0646,3
10.8131,2
4.08694,1
2.42056,1
6.89696,3
15.3208,3
17.3265,0
7.39796,2
12.7435,3
9.01416,2
6.15238,1
3.61471,1
9.41288,3
11.951,4
17.5574,1
7.92524,1
8.35077,1
10.7322,1
6.88322,0
71.8279,2
14.2507,2
11.136,2
11.2234,1
31.3848,3
10.3227,2
8.29841,3
21.65,2
4.7336,1
6.5057,5
28.901,1
7.28182,4
10.4255,4
17.2477,2
7.24893,3
24.26,3
26.1033,1
7.85844,1
9.42722,1
6.61793,2
34.4822,4
5.35987,2
5.69253,3
9.34495,1
8.09355,1
13.4784,3
20.1651,3
9.87213,5
7.90544,0
8.59242,2
11.8904,0
10.1929,2
15.1205,0
40.9877,2
21.9327,2
5.03524,0
14.3777,0
16.7895,1
5.83113,2
14.2077,2
7.15215,8
25.9647,6
9.81957,2
3.92128,3
24.6387,2
24.9584,0
22.9576,1
17.9693,2
3.82002,3
7.48083,2
4.96763,1
9.37172,0
34.1189,3
6.77759,1
10.4168,0
20.6234,2
5.6263,3
23.287,2
9.10583,2
20.279,1
12.2792,2
11.6704,2
4.04903,0
11.5173,2
9.43451,4
6.54648,4
7.04281,1
12.7473,4
12.3784,6
7.38358,2
25.266,2
9.75246,2
24.9027,2
23.6252,3
12.3102,2
23.7293,3
16.0754,2
11.1987,4
13.6694,1
7.69771,4
41.5316,3
6.97781,1
5.09098,1
22.5351,3
18.6909,2
3.219,3
6.4297,2
8.39757,4
6.73205,2
9.24095,2
5.90368,1
10.3103,1
12.9883,1
7.12445,3
8.86084,0
29.0678,3
18.6944,4
17.6177,1
21.0643,2
13.637,2
9.35887,3
8.87734,2
3.8863,0
14.5534,2
19.0048,1
14.4758,1
15.3412,1
15.6752,0
8.49502,1
7.80212,3
29.6213,3
13.3455,1
10.0528,2
8.40001,1
6.62276,1
9.29501,4
10.717,2
5.86445,2
4.18249,3
10.3583,1
5.17205,1
3.91515,2
8.9403,1
16.4755,1
31.7424,1
10.3798,2
39.3673,2
6.77296,3
8.7227,5
10.0765,3
3.95186,2
12.0048,0
17.1699,0
18.4026,2
16.2001,3
12.5889,3
15.4456,4
4.68551,1
8.90315,3
10.275,0
8.20904,1
7.37732,0
6.36112,2
9.88001,1
8.01833,0
19.5907,4
14.5649,1
29.5177,2
13.4705,0
6.18225,3
13.1437,1
11.4374,1
10.4005,2
7.68942,2
18.7477,3
3.76816,0
25.8274,2
19.7346,2
41.1237,2
9.73087,1
12.0315,2
26.5913,1
27.5485,2
6.92692,2
4.67773,0
16.1832,4
14.0746,1
13.5252,2
27.8402,2
6.16763,1
22.9208,0
27.0683,3
14.1196,2
7.75087,1
7.35204,3
11.1585,2
10.2268,3
12.7886,5
6.47613,2
2.91763,2
14.371,3
17.7983,1
28.1464,2
6.69553,4
5.7906,2
13.6977,0
10.5519,0
26.1849,2
7.95688,2
8.09268,2
14.1125,1
8.21817,1
12.0585,3
3.25708,2
15.3608,4
7.82998,3
19.0468,3
10.1385,2
12.3044,5
22.7373,1
14.5838,1
5.93731,3
17.839,4
11.8657,2
7.34242,4
14.3055,3
8.66235,1
9.49264,2
6.52296,1
11.4691,2
8.04467,0
30.6565,3
9.25204,2
11.8406,1
3.80435,0
20.6924,2
9.44677,2
7.42067,2
5.71513,1
10.1059,2
27.0585,2
10.2526,1
14.8016,3
8.34568,3
9.34377,4
23.0441,4
13.466,1
7.98676,5
14.8355,1
16.3262,0
9.91852,2
9.82333,4
10.3559,1
11.0615,1
13.7893,0
10.0469,1
16.1262,1
4.91547,1
12.2695,0
38.4229,2
6.64207,1
4.20196,2
14.2686,1
24.2791,1
23.1347,3
9.52302,1
14.9133,1
10.4732,3
32.4563,0
18.4855,0
7.76665,5
12.5878,1
5.25176,1
9.48686,1
5.77596,2
10.5341,0
6.70674,2
11.2471,2
10.705,1
7.06988,1
9.97272,2
7.90888,2
9.54621,0
10.9632,0
9.75557,3
15.5325,2
10.1327,3
6.85819,0
7.75814,2
19.4408,2
13.4608,2
14.7191,4
10.6952,1
9.15849,3
19.4404,2
7.54667,3
10.5609,3
7.548,2
10.4969,3
17.1558,2
8.90307,3
11.9578,4
26.2073,1
11.9509,1
7.15654,1
22.6502,3
22.3552,1
9.77606,4
9.44666,0
8.58467,3
16.3502,0
26.7168,2
5.19538,2
8.07101,1
8.5281,5
5.47649,2
9.7237,1
10.7167,0
11.9918,2
26.2221,3
6.06822,3
6.10363,1
7.77384,1
4.79737,2
14.7946,0
9.21711,2
14.3478,0
4.6038,3
8.4323,6
21.2994,7
8.10014,4
6.20595,0
13.5828,3
18.3587,0
22.2599,1
13.8439,2
5.13909,1
10.4383,2
12.7148,2
5.2393,4
7.74876,0
21.3531,1
9.97392,1
9.38363,2
11.1104,3
19.9035,3
14.1504,1
8.74239,4
15.7192,2
8.88132,2
5.58939,2
63.2408,3
13.8917,1
17.9383,1
9.41688,3
23.8205,4
7.79098,3
8.26632,2
12.3425,2
10.0488,2
8.22152,3
6.40608,2
12.4769,1
11.6563,1
24.6004,2
10.1125,2
17.5593,0
6.43146,3
5.83009,0
16.3981,1
11.5117,2
11.4658,4
30.6007,2
7.59432,3
8.17734,4
20.6631,2
13.9252,0
12.4397,5
18.1225,3
9.12762,1
7.0075,1
4.99656,2
11.8899,2
16.2383,4
35.5908,1
18.6545,0
10.1003,1
11.8743,2
17.0728,3
5.46895,0
16.7984,0
18.2304,0
19.5308,3
3.53827,2
15.1657,1
6.86872,2
8.86557,3
15.3414,0
40.7653,0
11.8794,1
9.87767,4
11.3771,3
10.5955,1
8.74316,1
4.40239,3
9.99947,0
30.0229,5
24.2079,2
22.9004,3
4.49961,1
3.59781,2
6.96813,0
25.9547,0
13.0524,3
6.89633,1
10.0639,2
19.9262,1
4.64764,2
8.87325,2
7.81965,1
3.51944,1
12.4533,1
7.8918,3
10.747,2
12.8772,4
21.543,5
5.08992,3
10.2631,2
7.67677,2
13.4021,1
12.4623,4
16.5945,2
21.9329,1
5.0973,1
12.7753,2
13.1403,4
7.81332,2
16.1069,2
15.7093,3
21.4939,3
7.34548,1
13.1859,3
13.3561,1
17.6963,0
12.4897,2
15.0501,3
5.0408,1
7.94063,1
8.33571,2
4.53622,1
17.3371,3
30.6473,0
20.3729,2
10.8711,3
4.85201,0
24.1493,1
20.3253,3
12.0907,3
9.7687,1
8.57351,1
9.82037,1
13.59,4
5.33144,2
17.3029,3
16.4146,0
4.29519,0
12.619,1
12.2659,3
29.0754,1
6.01907,2
5.94511,0
32.0207,4
14.1625,0
7.01886,0
6.30954,2
16.8059,3
8.89958,1
13.0286,3
18.7616,1
12.4209,1
31.6881,3
15.3613,4
10.9063,1
26.7997,2
12.9262,5
8.61934,3
15.3338,4
11.7816,1
6.29846,1
5.59098,1
9.57924,4
18.5084,2
15.109,3
11.4137,2
19.9941,0
4.63961,2
12.7234,2
23.6058,1
20.0174,1
13.1309,1
5.46014,0
5.71828,5
11.681,1
10.5627,4
4.28593,4
8.45041,1
12.579,2
8.49009,3
22.3955,3
10.143,1
11.5481,0
18.024,0
8.37268,1
18.1096,1
14.02,2
5.58525,0
29.4887,2
11.0394,2
16.5177,0
7.43903,0
16.4201,0
14.6783,4
13.0522,1
23.3079,0
8.48777,1
31.2855,2
14.6257,2
9.89745,0
13.4811,0
14.673,1
9.27573,0
15.8311,1
16.1604,2
6.23094,2
3.93941,1
8.09604,2
6.28776,0
15.8091,1
16.1232,2
10.2262,3
6.83829,0
6.06886,1
3.05463,0
12.8719,4
9.0511,2
16.6597,0
8.8914,2
32.6539,6
7.92656,1
28.0168,3
19.7858,2
19.1151,3
12.0452,1
8.6135,0
5.65687,1
32.1569,2
14.8361,1
23.0973,1
19.3172,1
23.5768,4
24.4352,1
17.9061,4
10.6091,3
17.4138,4
14.0404,1
8.56097,1
18.3368,3
14.4464,1
6.27121,0
11.9107,2
8.30408,6
13.4092,4
15.3377,2
11.1085,1
9.53241,1
20.4508,1
19.4419,0
7.70428,1
7.51839,3
6.53527,1
24.1511,5
18.7551,2
8.85617,3
7.82337,1
13.0977,3
7.49647,2
7.60433,0
17.8561,4
9.21517,0
8.78005,1
7.54048,2
14.3139,3
6.72978,3
5.98721,2
12.5121,0
5.86147,2
12.1729,2
10.5304,0
13.3142,1
12.2686,1
13.2037,2
25.1321,2
21.5521,2
11.1414,1
8.14772,2
7.21857,5
7.09586,3
12.5568,0
5.21542,1
7.76863,2
8.22226,0
11.0159,0
11.8221,0
13.0172,0
4.86489,2
26.7097,2
32.4599,1
12.6799,1
11.6188,1
39.5096,3
18.5864,1
12.788,1
14.615,0
33.8721,1
22.1331,0
9.77546,2
7.15513,3
19.9126,2
4.68847,4
7.46128,1
22.2352,2
5.70372,3
4.92413,2
7.83451,1
12.0158,2
9.13158,4
13.8012,0
12.3862,1
12.9693,2
15.6304,0
15.9468,1
13.7465,1
16.7847,2
5.86876,2
24.7217,1
10.997,2
5.3999,5
12.5292,1
10.4462,2
7.74014,2
8.81945,3
7.16297,2
6.9675,2
5.88015,0
16.3864,3
20.1165,2
6.24041,2
3.09482,3
8.13375,3
21.9734,0
8.33113,1
15.0655,3
6.99247,3
11.4411,3
4.60344,0
10.4567,1
10.8973,2
9.58159,2
14.5586,2
12.3325,1
39.3121,0
6.07788,2
18.281,1
50.7962,0
9.41131,4
37.7404,0
5.61433,0
7.42433,1
8.76879,3
29.7674,4
12.634,2
12.1007,2
9.65696,0
6.65183,5
23.0764,3
27.6184,3
5.33306,2
12.0059,5
16.7313,3
5.85356,5
7.71357,5
6.48862,4
21.3476,4
16.1547,4
9.08463,2
81.0612,2
24.9333,2
16.8033,1
15.6797,4
10.4225,3
8.61184,0
5.37714,2
10.3775,2
10.3813,1
9.4311,3
4.43631,1
11.9254,2
3.26705,1
4.45933,1
17.4234,1
8.43022,3
21.4139,1
17.1615,0
10.965,1
9.38676,0
6.51273,2
8.12477,1
3.78358,1
2.98487,1
14.8643,1
13.5122,2
14.0096,0
21.3775,1
16.0161,3
4.10907,3
9.15468,1
15.5372,2
10.2027,2
13.7641,2
21.4462,3
10.603,1
10.2771,3
23.9334,3
8.88053,2
9.19837,2
17.7046,1
25.8916,0
11.1744,0
23.3509,5
6.00286,3
19.4602,3
9.77498,1
16.3878,0
14.3162,1
17.9048,3
6.07686,1
10.0326,2
9.1176,3
9.034,3
10.5469,2
6.66329,6
36.0594,2
11.2224,4
10.7727,1
18.1658,0
21.3487,1
9.2793,0
9.79803,1
9.09265,1
8.83233,2
15.2704,1
10.5113,3
10.7606,1
18.4109,0
8.76055,2
7.11963,0
10.7273,1
15.3531,2
11.3381,3
8.8178,1
15.1903,3
8.65422,3
5.57886,4
13.2445,2
5.13535,1
11.0917,3
20.2282,2
6.90928,1
5.01737,1
9.36199,1
11.0616,3
9.53294,1
9.89578,1
12.6912,2
4.50675,4
7.89656,3
10.5946,2
11.2614,4
28.2423,1
35.2193,4
8.81385,0
10.1425,1
7.12445,4
17.0615,1
18.9635,1
4.05852,0
8.98545,1
12.6633,5
9.45056,2
11.8767,4
22.577,1
31.7423,2
20.8626,0
5.77747,1
6.64758,1
12.9655,1
10.0871,2
16.4183,2
9.63434,2
29.0417,0
9.59692,0
14.4307,0
3.96415,2
18.7424,1
11.922,0
6.6567,4
14.4471,1
27.4469,1
7.8304,1
7.26382,1
18.8328,1
16.0755,3
13.1748,1
12.2359,2
6.25142,0
30.0857,1
7.58389,3
33.7034,1
14.7636,2
11.1402,3
7.97346,0
5.85425,3
7.23441,2
35.777,3
15.4608,5
5.76855,2
17.8037,1
14.8255,1
13.7007,3
8.37247,1
22.6466,1
28.1052,2
5.0448,0
12.0454,3
10.515,2
6.8391,1
5.43719,2
22.7407,5
16.0206,1
11.4485,2
7.22951,2
32.4902,4
14.8181,1
11.5071,1
7.3825,3
8.30004,2
16.8787,1
39.7075,1
9.2781,1
25.8806,0
7.06661,0
10.5738,2
13.9544,1
11.9527,3
13.7771,0
7.68557,2
12.1939,4
6.0992,3
6.18182,5
3.41677,2
6.09266,3
18.804,1
15.8694,1
16.558,3
3.80183,3
8.40293,0
7.25791,4
10.3596,2
12.904,2
22.1122,1
11.9648,2
7.09449,4
7.22094,0
7.06179,0
10.0493,0
14.5736,1
9.96345,3
9.44016,2
19.0678,4
26.2843,2
12.384,2
10.8914,7
10.0604,2
15.8839,2
17.3586,3
8.7704,0
25.1919,2
22.9663,0
13.839,0
17.8627,0
12.1334,0
13.5909,2
7.05056,4
16.2432,5
16.4485,2
50.6625,1
20.1333,0
9.10899,0
14.2385,2
6.8831,1
17.5992,2
11.7178,2
29.5824,2
22.1594,4
11.7994,1
10.3237,2
3.63285,1
7.05419,1
11.284,1
21.753,7
16.7879,2
35.1154,4
5.71613,1
9.9646,4
24.5413,1
12.37,1
27.0264,3
20.0412,0
12.06,4
36.5862,1
21.2751,1
11.4384,3
18.2661,3
3.97491,1
14.6208,0
15.2736,2
11.1009,0
16.723,3
12.1219,2
10.1987,1
23.8727,1
18.2642,2
14.0264,1
16.4695,2
4.93811,2
20.1255,3
12.8094,0
7.64473,2
13.3008,1
22.1491,4
8.62252,1
12.2023,1
11.1788,2
12.57,2
15.9273,2
7.36981,1
13.0078,0
13.1965,1
2.77079,2
14.0264,2
12.9091,3
5.82977,0
18.3468,3
23.7116,2
13.2837,2
13.3935,3
7.46113,3
8.19084,1
14.8099,1
6.35481,2
17.8736,2
20.043,1
12.6714,2
19.9951,1
14.1215,4
20.4974,3
5.1449,5
6.83496,2
7.55789,0
12.1722,1
19.1491,0
11.4796,4
14.9364,0
11.2795,1
5.04019,1
26.2811,1
24.9303,3
4.07958,1
18.9783,2
4.92547,1
12.2248,2
15.4483,2
14.5035,1
13.477,1
16.25,3
31.7266,0
11.179,3
16.9179,1
16.8922,3
7.58006,3
16.5978,2
16.085,4
16.5296,2
6.26701,1
7.14958,1
9.81594,4
10.7449,3
15.677,0
22.078,0
4.05653,1
10.4653,3
7.38506,0
4.12082,1
4.85759,3
4.2895,3
8.7276,0
22.4113,2
12.6748,1
6.44912,2
10.8923,0
14.474,4
52.6178,1
22.9691,1
16.963,4
18.4805,2
13.0982,2
8.16776,2
6.48668,3
6.72921,2
6.02863,2
7.60482,1
5.00067,1
11.4422,0
6.03601,2
18.578,2
4.27509,2
13.0437,2
18.4892,0
15.58,3
10.8521,0
18.6254,1
32.094,0
10.8415,1
9.2152,3
11.9883,2
21.0815,4
15.921,2
5.56732,1
9.82698,1
9.97611,3
9.27243,4
14.6759,2
11.0882,1
4.36024,0
22.652,0
7.98312,1
15.8362,3
12.1169,5
17.5721,1
14.1858,1
7.14382,3
4.61843,1
10.5769,5
19.5361,1
17.7467,4
5.16044,1
9.91333,2
12.7426,3
8.35176,2
4.15237,3
29.028,2
15.5096,2
22.649,3
15.301,2
13.3581,0
9.46519,0
8.15598,6
6.68376,2
11.3856,2
11.061,3
6.67537,1
4.39654,0
29.8584,1
16.3758,1
11.4449,2
14.0358,2
12.0998,1
6.69279,4
6.15851,3
7.99431,0
15.107,0
5.61401,3
11.8544,1
13.5842,2
6.61543,1
12.0564,1
9.90059,1
10.9731,3
4.91192,1
14.9821,4
9.17391,4
7.94695,2
10.4952,4
14.5513,1
15.3486,1
19.974,0
22.4972,3
13.6382,1
10.6542,3
6.81814,3
9.75022,1
10.8112,0
6.15949,0
16.0567,2
35.1927,1
9.82049,1
8.22446,2
6.77409,2
14.8934,5
19.1002,3
16.0892,2
4.29676,1
21.8983,0
7.87495,1
13.2934,2
23.8998,1
7.10911,3
31.6191,2
33.2854,2
6.59136,1
21.1129,4
10.046,4
6.43463,3
8.44937,2
6.14179,0
13.3499,4
12.448,0
15.7881,2
20.4916,4
14.2578,2
13.49,3
22.501,5
9.16184,1
16.4518,2
12.9978,2
20.9636,3
19.6181,3
7.45823,1
46.5547,1
14.45,3
17.1362,1
20.5535,3
4.65575,3
7.99326,3
26.4454,2
12.1792,0
14.7215,2
13.1515,2
5.46415,1
11.4552,1
7.83873,3
8.03861,4
7.72798,1
18.251,5
6.18467,3
11.0492,4
6.15083,3
12.6669,3
12.9241,4
7.15133,3
17.639,5
13.1551,2
9.10173,4
17.4758,5
7.84629,1
43.7914,0
15.0107,2
9.3835,3
6.57233,1
19.6254,2
8.66254,3
26.5787,1
10.2679,5
7.45247,3
9.86647,1
11.9945,2
12.336,2
9.34444,1
43.0048,4
9.33084,2
4.90242,4
11.3946,3
7.20074,0
9.89066,2
14.2011,2
24.4012,1
14.594,1
14.0295,2
8.75985,4
7.44885,3
19.9289,1
22.2802,3
11.5492,2
9.76113,2
13.909,1
15.1462,0
13.1372,2
5.31875,0
8.33237,3
13.633,5
11.7502,1
10.4169,1
11.2741,1
6.50084,2
12.1023,4
24.2078,0
20.1628,0
11.1993,4
23.5052,3
9.22704,2
10.7994,1
11.3128,3
7.75055,1
9.37647,1
7.50578,1
3.2397,0
7.87964,3
2.02759,3
10.3622,1
18.8434,2
10.5355,3
10.3091,3
20.1038,0
19.7257,1
10.6526,0
3.78354,2
3.82717,3
14.5263,2
18.3279,4
24.4163,0
9.28127,1
18.3363,3
9.57374,0
8.16399,1
18.2958,1
9.78206,3
16.3285,1
6.90126,1
7.9999,0
11.5189,0
6.12264,1
10.692,0
16.3786,4
13.9468,0
33.4948,3
9.62013,0
10.7433,3
11.9593,1
10.442,1
14.0484,3
10.494,0
11.2035,3
7.00915,1
4.76741,1
11.7063,0
22.5588,4
27.5194,2
9.68039,0
6.71524,2
15.0167,2
5.81804,1
5.70076,0
36.971,1
12.3556,1
10.2276,3
22.5268,0
8.44749,4
18.9783,2
20.0945,1
15.7623,0
7.33885,1
5.26038,3
7.18265,1
9.45432,1
10.1096,1
15.1918,1
11.0184,3
6.502,0
24.5809,0
12.2415,1
4.20739,3
26.5988,1
9.94095,0
6.3764,1
26.6473,0
21.1717,0
11.0706,2
18.2947,4
5.71465,3
27.6175,0
21.0436,2
5.40792,1
12.4315,3
28.302,4
4.76852,1
10.8058,1
9.36262,3
7.77139,1
11.7181,2
11.8828,4
11.3235,2
17.1566,1
16.1507,0
19.6913,1
8.85332,3
10.855,2
38.5279,0
18.3242,2
17.9414,3
3.18862,4
8.14425,1
15.6678,2
25.9535,2
13.5123,1
5.43758,1
24.8214,0
3.57564,4
11.719,3
16.1206,2
10.7391,2
10.6794,0
26.5739,1
4.21796,1
12.0572,2
18.5952,3
7.08116,2
6.22731,1
24.5296,2
4.81313,0
7.35221,2
20.6786,1
6.28825,1
7.4095,2
8.09006,2
16.5903,5
13.4928,0
6.48821,0
15.6545,4
12.4555,2
14.7213,1
13.7437,0
14.88,4
10.4861,0
9.08564,4
10.3045,0
3.76595,2
16.4321,4
11.612,2
4.16749,3
9.4346,0
10.4499,1
4.78321,3
11.6823,0
26.0672,0
25.4581,1
13.5465,2
11.0994,1
13.9104,0
17.3913,0
8.44126,2
24.8457,3
5.80645,6
8.57931,2
8.24401,1
12.7427,3
13.3168,1
9.81754,3
9.50093,2
17.8308,3
29.7808,0
8.46143,2
27.758,2
12.5615,1
37.5067,0
11.3883,4
15.6082,2
8.47833,1
15.2714,1
5.33644,3
23.8092,5
18.7188,3
21.7237,3
12.1315,3
17.5295,2
9.09928,3
8.09746,3
12.7774,0
22.9613,2
11.5122,2
9.78385,0
7.87485,2
12.2085,2
9.75266,3
7.00089,2
9.55144,2
10.3226,1
10.9709,1
16.7619,2
7.35619,2
22.8338,1
16.4059,0
4.90951,3
4.69761,3
14.13,1
19.4264,4
8.48784,2
15.2985,2
6.18886,4
8.48294,2
5.29723,0
20.4405,0
13.6275,2
12.848,3
6.70507,3
27.2486,1
13.6585,1
9.7245,4
9.65817,2
13.6214,1
6.39772,0
26.4891,2
14.2959,3
37.2972,4
15.7027,2
13.1162,3
9.67941,0
20.1031,1
2.7387,2
13.0865,3
12.5888,1
42.6071,1
14.1358,0
4.61554,4
6.81612,1
9.45019,2
18.7462,3
10.3057,2
13.5437,1
23.1088,2
6.41348,0
17.2411,2
6.02357,3
12.0256,0
11.3585,3
31.7893,4
11.763,4
15.2574,0
8.8193,0
18.3067,3
23.7886,1
15.58,1
7.03878,3
13.9809,1
13.1119,3
26.9403,1
14.7957,2
11.7619,3
13.1635,0
8.66753,3
19.0818,2
27.7343,2
9.70845,1
14.4081,0
14.4722,4
6.18473,4
18.7047,2
15.5158,1
16.654,4
13.4658,2
11.4922,1
11.3388,2
6.98219,4
20.2605,3
14.7721,1
11.912,4
10.2402,2
5.47859,3
5.74384,4
3.87241,2
21.0714,1
21.006,2
15.2985,1
33.3213,1
11.2633,3
14.8373,1
7.59263,1
33.0521,2
6.74873,1
10.4911,2
16.8853,1
16.7792,1
8.74852,2
2.61961,1
13.3641,1
28.6761,3
4.31666,0
4.63771,0
8.49563,1
6.22843,2
8.83168,0
11.9595,2
12.1256,0
39.4474,2
8.80331,0
13.3059,4
18.4956,1
15.5468,1
10.7093,2
8.03339,1
9.84118,1
13.283,1
4.46328,2
10.3905,1
5.14187,4
20.6559,4
18.597,0
7.57448,0
5.45039,3
13.2388,4
13.4246,3
11.8092,5
16.1378,2
4.0196,2
17.737,2
9.77906,2
11.7029,1
10.6381,0
17.0622,0
5.02309,4
22.9572,4
24.3826,3
6.28428,1
9.09723,1
6.39754,3
8.71754,1
20.5364,1
13.6585,3
4.28702,1
20.4075,6
18.6842,1
12.611,2
9.10665,4
9.07536,3
4.57029,1
5.77162,1
13.7013,1
8.28855,1
12.1991,5
48.5132,0
2.38543,0
12.276,2
22.7344,3
14.9914,3
36.6961,2
44.6431,3
16.6332,1
9.30196,1
4.7847,4
11.2433,2
10.8156,1
7.7648,2
12.6717,1
9.9365,2
6.09184,3
10.9491,3
8.98504,3
9.43905,2
11.0597,2
12.7616,2
19.7933,2
35.9792,1
19.168,3
20.0001,3
14.2182,2
6.13278,1
8.01156,4
16.4783,1
16.61,1
10.1695,4
15.4046,0
12.7816,0
15.2657,2
26.6011,1
43.219,3
4.931,0
11.561,0
10.6707,4
11.9231,1
14.7593,1
6.62689,2
3.15872,5
10.812,4
5.67643,1
7.8596,1
18.1068,3
6.61911,2
5.15944,1
10.7886,3
12.3416,2
42.0973,3
8.84514,2
9.44855,2
7.26049,2
7.271,1
21.0068,3
9.06114,1
15.2033,0
7.17545,2
13.0931,1
10.2834,1
20.6312,2
20.8464,2
28.6253,2
6.70223,0
9.7185,4
32.3535,3
19.4546,3
5.29548,0
20.6732,1
10.5426,3
12.1243,2
5.70744,1
6.39167,1
8.1279,2
8.15174,0
14.8045,1
11.0814,3
4.56142,1
10.4707,3
10.4781,3
13.2308,3
6.0795,2
6.00035,0
7.05752,1
6.14876,1
12.4803,4
15.2609,1
9.4343,3
19.0013,2
17.7195,0
4.48007,3
11.4298,1
29.0796,3
8.62846,1
11.2766,2
4.02052,5
21.5136,1
6.51977,0
9.63319,3
16.5619,0
6.28957,3
8.57194,3
2.65635,1
34.4319,2
5.65841,2
12.0075,1
16.5124,2
29.5293,2
10.2838,6
7.54822,2
12.0357,1
13.9529,0
15.8678,2
21.6358,0
43.6752,2
18.7424,1
10.3807,1
6.56623,0
16.1218,0
6.34883,2
14.9366,6
48.338,2
12.9306,2
8.36393,1
23.4307,3
10.843,1
8.33348,0
11.6417,0
6.16595,2
6.5039,1
11.1164,2
15.6133,2
14.4201,1
5.63853,0
23.5137,2
21.8251,1
17.5793,2
13.8578,1
9.55459,1
9.16199,2
35.5537,1
13.2951,2
35.1634,1
16.1646,1
10.9289,0
7.0233,2
11.4924,2
4.52306,2
12.371,2
24.9249,1
16.746,1
24.5524,2
10.6294,3
7.70005,2
26.4496,5
36.3903,0
11.8835,2
14.5703,2
13.0706,2
10.8281,1
8.6917,1
8.4652,2
13.3083,1
8.21388,1
6.17616,4
6.90319,2
11.9986,4
12.3676,3
25.7839,1
20.0275,3
18.2547,1
8.58029,4
7.07566,2
14.5007,2
5.31496,2
9.75549,4
9.30034,3
16.8823,3
27.3313,4
14.8726,4
7.04582,2
13.9623,1
8.2056,5
18.0518,2
16.0537,1
14.7449,2
12.4145,0
15.7867,1
11.5785,2
22.5517,1
20.504,2
8.58161,1
4.41052,1
5.2271,2
13.8496,3
10.4099,1
16.3599,2
7.2735,4
8.84035,2
14.9093,3
11.0577,1
8.71282,2
20.0091,4
5.67145,2
9.77188,2
8.47453,1
12.2342,4
7.78228,3
3.3955,3
4.44329,1
7.0579,1
19.0093,2
13.8566,3
7.61284,4
8.703,1
33.3307,3
8.47374,1
33.9344,3
9.93653,2
3.03094,0
10.0922,2
14.4043,5
10.026,3
20.9436,0
21.4974,2
12.8499,1
18.2677,2
14.0051,1
4.07687,2
13.0853,1
8.97742,5
29.4838,5
6.90021,3
22.3721,0
8.7107,4
3.2858,3
23.664,4
9.38162,3
18.3593,2
8.43825,0
5.67111,0
28.9768,2
13.1684,1
13.3113,2
5.93368,2
3.7127,1
6.48889,0
10.7911,3
11.6423,1
12.564,1
8.59853,4
10.7162,2
24.4166,0
18.0212,2
8.46948,3
10.7608,1
7.23808,3
7.08399,1
7.7966,1
6.70508,1
18.1555,3
4.06146,4
18.7818,2
13.5269,0
11.7543,3
11.8014,3
5.15824,1
29.9587,3
16.9498,2
16.7919,1
21.091,1
20.4094,0
21.0427,3
14.2827,1
3.79588,2
38.9101,1
15.2355,2
3.45984,3
5.3503,4
8.48645,1
43.4545,0
12.6744,2
12.7537,1
5.64776,2
12.0138,2
11.2241,0
6.39792,1
15.5931,1
5.40337,1
10.0733,0
5.82523,1
28.0124,1
7.60704,2
16.3926,1
22.2529,1
19.2289,1
12.7083,2
13.1433,1
24.5305,1
17.2105,0
8.62336,2
11.0157,1
7.7226,6
9.97342,3
8.18918,2
33.3412,3
5.72909,1
12.2314,3
12.8796,3
7.02199,0
22.5842,2
5.15523,0
32.8033,3
7.74738,2
15.0676,3
8.91708,2
6.21708,2
8.85266,6
11.1582,0
6.59234,0
9.1722,2
12.0748,2
13.1761,3
9.87229,0
12.5317,2
12.2729,2
13.3157,3
21.1126,0
9.67456,4
6.02153,3
7.45911,6
8.89035,2
5.39312,3
34.5074,0
25.208,4
26.2668,3
11.2905,0
10.2075,3
5.45418,3
15.5487,0
13.749,1
7.71592,5
4.11972,1
8.67351,1
21.1021,1
32.5554,1
19.7915,2
24.1324,3
39.4873,1
16.886,1
31.5586,2
15.85,3
16.9348,1
4.91882,1
22.0076,0
9.16351,2
26.126,2
14.5203,5
15.3014,2
14.425,3
11.3404,3
8.96404,2
10.4885,1
28.0562,1
18.5286,4
17.9065,2
6.43553,3
19.1397,5
11.1437,1
10.4729,4
10.293,1
21.7565,3
10.293,1
6.45265,1
27.6703,1
19.7721,3
7.87219,0
8.69907,4
8.56481,2
15.4605,1
15.7866,0
19.1092,2
13.0702,3
13.787,2
13.5545,1
11.7899,3
8.2891,3
10.1069,1
5.32553,0
34.9012,1
14.51,3
10.1198,3
3.02377,1
7.8623,3
6.65144,5
5.87567,2
16.4827,4
10.8699,0
18.9787,3
13.8102,1
8.36744,0
26.7218,2
15.0092,1
17.7266,2
4.7563,1
10.3174,5
6.69858,0
13.6868,1
14.8325,4
7.99905,3
9.85958,0
11.3043,2
9.67837,4
23.4162,4
5.13414,0
4.88381,0
12.105,1
27.9651,0
12.7321,3
12.0568,0
12.628,2
13.6867,1
13.6739,1
6.64582,0
10.1353,1
20.1346,1
15.8985,1
20.3676,2
12.126,1
5.89103,4
18.9006,3
9.36183,1
13.5424,1
23.7861,3
10.7591,1
10.4965,0
3.76399,1
10.1775,3
35.0481,4
9.15585,3
14.1376,3
11.2574,1
25.6549,2
5.04347,0
7.65544,1
9.23588,4
26.2454,1
16.7012,2
27.5191,2
44.1024,2
3.66782,3
10.133,2
4.79826,3
13.2985,3
9.33449,1
7.00779,1
8.13931,2
7.28613,2
7.08002,1
10.6227,4
6.92338,2
7.95312,2
13.5011,0
10.396,1
33.8669,1
31.3168,4
20.136,4
6.17304,1
23.7905,0
6.36417,3
13.1095,2
6.12562,0
8.07954,1
9.95087,2
17.941,7
17.5236,2
6.65201,2
8.832,3
9.25619,2
4.96919,1
12.1152,0
24.1966,1
9.09678,1
16.6968,0
9.92905,1
18.1769,2
6.75274,1
4.53119,2
29.6962,2
16.0884,0
19.8115,2
9.95601,0
11.9852,2
10.2587,0
18.9296,4
19.3891,0
18.2194,2
17.4978,3
7.16714,3
13.3214,2
21.1117,3
11.7829,1
9.0281,3
11.1753,4
17.4032,1
10.3407,2
11.8522,1
8.84303,1
17.709,1
6.04449,0
16.4862,1
11.5906,1
20.3319,0
16.9666,1
9.27256,0
6.2694,3
20.7851,4
8.19886,2
14.3984,2
9.91787,5
18.3758,1
5.66467,1
11.3995,3
15.9567,3
6.63427,2
5.55741,6
14.1159,2
33.0413,1
5.63993,3
7.09223,1
8.04714,3
7.53314,0
7.63768,1
6.83698,1
20.5628,2
16.4168,0
11.3859,2
5.01613,0
6.31913,2
4.34851,0
20.8747,3
12.6927,4
11.9888,5
14.1091,2
10.2808,4
17.6314,3
8.07502,1
9.97805,5
13.8865,1
6.42456,0
5.81006,3
13.1789,1
20.8761,5
10.0902,2
5.503,3
21.4278,1
10.1303,2
10.4978,1
19.3912,2
6.57539,0
16.9825,0
9.30551,3
5.92603,0
17.4884,3
9.85981,1
7.1467,1
19.7903,0
13.7528,0
7.4395,2
16.2072,2
16.0838,7
12.7228,1
7.14194,1
17.9637,0
9.1111,2
12.4249,4
41.6627,2
19.3911,1
16.8544,1
27.9532,2
11.5494,1
13.9399,1
10.4223,1
20.4413,3
4.39338,3
8.77096,3
11.5362,1
23.8887,2
5.38294,5
9.36422,0
5.77334,4
10.8059,3
6.08454,1
11.4988,0
14.0962,1
13.0721,0
15.5506,2
7.33044,1
17.387,0
22.2602,2
4.79235,3
18.6998,1
8.53974,4
10.205,1
18.3344,3
13.7795,0
23.0798,2
24.0648,2
6.20764,0
9.265,2
6.97229,0
9.77764,3
12.3883,1
4.50503,1
6.86094,2
12.5585,4
4.10445,3
8.60065,1
13.0248,2
6.45431,3
14.2526,2
4.74018,2
14.1743,0
7.60169,0
13.8231,1
22.5634,3
9.55064,3
10.4884,2
5.68774,0
7.94586,0
11.5288,2
6.3888,1
10.5558,2
16.6871,5
12.2196,2
11.6706,3
19.293,4
11.1424,2
6.92025,5
9.23008,2
43.8783,3
23.995,2
8.82093,0
8.26613,2
13.5354,3
32.5828,1
21.0323,2
5.27489,2
30.195,2
13.8067,1
14.8875,4
7.04898,3
6.66639,1
14.044,3
17.693,2
15.5867,3
4.15981,4
10.8619,1
13.0811,1
12.2685,7
22.1123,0
9.91854,3
7.37451,1
10.1387,0
16.6807,0
18.3929,3
16.205,0
12.402,5
17.0459,5
14.7077,2
5.3693,4
13.598,4
9.46661,2
19.5744,2
6.36528,1
6.04678,0
15.4244,2
17.5373,1
23.0515,2
6.54404,2
5.24295,2
6.70589,1
8.05948,3
9.27148,1
8.01597,1
6.41374,0
34.6077,4
8.60615,3
38.0692,2
5.47311,4
9.57261,0
4.50165,1
8.83566,0
5.97741,3
23.513,1
6.77884,3
14.1769,1
8.75299,2
33.757,2
6.38737,2
25.3735,1
15.5012,2
8.75056,2
22.7244,0
3.80577,1
9.80528,1
11.4009,2
18.3852,1
5.51845,3
29.9484,0
18.9383,0
13.9439,0
17.7331,1
13.4774,5
7.65465,2
7.46787,1
16.838,2
11.9303,3
10.0637,3
6.39905,3
9.74388,0
9.14824,0
8.15779,0
6.9206,1
11.5647,2
7.36725,3
12.9274,2
7.73988,3
20.5829,1
11.5317,2
16.9874,3
6.19155,1
13.379,1
28.5145,2
11.9422,0
21.7501,1
6.81704,1
17.0772,1
21.0174,2
14.6012,0
19.5689,0
6.3293,1
9.5832,2
10.9153,0
11.8173,3
5.29209,2
5.29086,0
5.51896,2
12.3568,0
12.4952,2
21.7481,2
17.8043,3
24.298,1
13.2909,3
10.7094,2
12.5008,3
7.87697,2
17.828,3
23.1458,3
15.9713,1
14.1661,3
18.4745,2
27.6633,2
13.3072,2
10.0966,4
33.4184,2
6.38038,1
15.7398,0
41.6133,3
17.5102,1
10.3845,2
10.7178,0
20.9405,4
27.323,3
4.3483,1
7.93499,3
9.73894,0
15.3586,0
30.705,1
14.3067,0
14.3663,1
3.70053,1
31.5132,4
12.4942,1
9.64763,0
7.96139,4
13.2452,2
10.852,2
10.4985,1
18.8431,1
18.3071,4
11.4449,1
13.9647,3
17.0779,3
7.64965,2
13.2234,2
7.41815,1
7.0626,2
13.0105,1
17.29,1
6.12452,3
27.587,4
15.6613,4
19.0972,1
4.53645,2
6.36585,4
9.24217,0
16.3015,1
32.3714,1
9.51854,1
12.5545,2
24.1556,2
17.4248,2
31.261,1
16.2485,3
13.7203,1
18.5051,3
19.7277,2
5.91492,0
6.20509,3
9.09267,2
8.49552,1
14.4308,1
5.37171,1
9.47187,3
26.7887,1
8.56361,1
5.26422,7
13.162,4
7.30365,1
26.1538,2
17.0648,1
8.92511,4
17.8886,1
11.0357,3
8.25589,1
17.725,0
8.18537,3
9.65349,2
16.4305,3
36.9766,2
11.5228,3
20.0864,2
12.1443,4
13.5573,4
15.3706,1
5.47978,3
11.8325,0
7.63084,1
37.849,2
6.8172,3
13.2308,1
15.0502,0
20.4376,2
21.5223,5
8.45976,1
18.8304,1
14.2626,3
6.24513,1
10.6974,1
8.52472,1
24.29,1
12.1113,3
9.50322,3
14.1321,3
16.7126,1
24.0788,3
7.55043,2
6.13465,4
6.90412,3
18.8857,1
22.4913,2
13.0678,1
6.55698,2
16.1458,2
7.2971,2
9.30072,1
12.8579,5
12.438,0
6.3507,1
5.02441,6
37.1735,1
5.85176,0
24.4191,0
12.3847,2
17.7815,2
4.02321,4
9.81858,1
4.99862,1
4.22637,0
15.5454,3
11.7803,3
13.971,1
13.9465,2
14.385,2
25.7636,1
12.5403,3
4.34788,3
4.84222,2
20.5174,1
22.0459,1
20.6482,1
15.5394,1
9.48589,3
18.9022,5
17.4194,0
29.6422,0
8.96525,0
4.93773,3
35.0509,2
6.37574,0
37.8768,1
7.14008,0
46.7278,3
33.6996,2
25.9194,2
17.1666,0
12.1883,2
35.8479,0
29.0427,1
11.0778,1
22.9899,1
9.75617,0
26.0575,3
18.3324,2
8.02672,2
18.965,2
5.68036,0
20.443,1
18.9015,0
10.7358,2
3.17111,2
5.65192,0
12.6988,1
18.1948,3
8.96631,0
6.76578,2
10.3239,4
20.8035,2
13.4623,2
18.3698,0
22.1319,2
22.004,1
5.48687,1
26.2185,0
4.82236,2
11.7213,2
11.2276,0
24.2988,0
8.36134,0
12.417,3
13.8202,2
11.144,1
5.33964,2
10.8669,2
15.3264,0
10.0733,1
16.5667,0
7.14115,4
5.29298,2
12.0183,1
19.053,1
2.8781,4
15.3566,0
8.89591,1
6.72341,2
6.40991,1
4.31541,2
15.931,3
6.71864,1
6.69508,1
20.4376,2
5.79528,2
8.01816,2
6.23638,0
9.03264,4
10.8339,2
9.11462,1
10.6374,0
12.6642,1
11.3659,1
14.1834,1
10.5251,2
16.4614,3
12.2536,2
7.35861,3
29.423,3
18.6527,1
10.4773,2
15.0868,0
24.8586,3
11.0033,2
10.3559,1
5.77692,1
41.8856,1
6.43258,0
8.76419,2
6.81504,5
11.2217,2
14.8106,1
6.20651,3
7.91156,2
13.6873,3
17.9589,1
12.323,1
8.86517,0
4.31094,2
7.43945,4
23.4559,1
7.41268,1
15.2808,1
13.0132,1
16.5412,1
11.9136,2
31.9166,2
9.87825,0
14.2138,2
6.20899,4
15.7091,2
58.122,2
22.2514,2
14.9173,1
10.1807,2
6.21096,2
14.0334,4
19.402,3
18.8561,1
15.6614,3
8.00096,2
19.4887,2
8.01863,2
16.4291,2
19.4079,4
8.80198,1
22.9902,1
32.778,1
7.83122,1
7.81398,3
11.22,2
12.0101,1
5.36875,1
9.62439,2
15.8487,0
13.1197,2
15.7038,3
10.6043,1
14.9932,1
11.4185,0
19.4209,3
3.61991,3
9.76293,2
21.7674,1
7.93464,0
21.4765,1
21.3149,1
16.0802,1
10.4212,2
13.2967,4
11.3372,1
8.82871,4
9.62508,1
12.22,3
5.54012,3
6.10768,2
18.3475,5
6.36064,1
10.1249,1
8.78857,1
23.7271,1
5.77386,0
4.59006,0
12.1277,1
21.2365,0
17.4253,2
5.20323,1
15.1336,0
8.39604,6
14.8385,4
10.6473,1
13.0966,1
11.5686,2
15.3636,1
32.1277,3
16.4058,5
8.38105,0
4.68327,5
10.675,2
12.7874,6
14.9194,0
5.25876,6
17.7703,2
20.44,3
10.0418,1
13.2824,1
26.561,2
7.63143,2
15.5024,1
17.7597,2
15.748,1
10.989,4
3.74074,3
9.37588,3
17.6044,1
7.97632,1
7.82742,2
8.20093,3
6.11757,2
9.03266,2
14.1975,4
18.2475,3
7.91205,2
13.0835,2
8.35227,5
17.8057,0
13.2601,2
23.8171,2
47.2287,1
6.37157,1
12.7303,3
12.9741,4
5.69901,1
25.338,3
10.9916,3
8.78039,2
14.2242,1
26.1113,2
5.18498,3
8.19274,3
54.4717,1
26.3395,0
10.0824,1
9.85989,4
21.043,2
14.2583,3
6.50941,1
9.58376,2
11.0376,2
7.84034,4
8.31989,1
12.4443,2
13.7704,3
9.8809,3
7.92848,4
19.8456,4
13.9015,4
8.37017,2
13.2418,1
10.9854,2
26.2242,3
26.8427,4
7.94997,4
6.6023,0
7.95643,2
10.2727,2
11.621,4
15.0061,5
9.52413,2
16.0678,4
11.7986,0
13.5196,0
12.2768,2
8.76508,1
15.1174,2
13.9087,2
16.137,5
8.81681,0
6.30612,2
12.791,4
15.3592,0
14.1324,3
10.4226,1
10.4797,1
24.4975,1
16.5961,2
18.4063,3
12.4492,2
23.1644,3
17.7915,0
21.3716,0
10.2241,2
5.87421,0
5.42896,2
10.3484,2
17.4583,1
15.143,3
13.9189,1
14.9225,3
11.6188,0
19.862,2
20.9524,3
28.0813,2
14.3645,4
9.27912,1
13.434,2
7.46315,1
15.5616,2
11.7886,2
9.31749,2
11.2367,1
8.45645,2
11.115,2
5.94549,0
3.80857,4
20.0147,1
11.6273,3
18.7113,3
8.51276,3
10.0073,2
17.6133,1
22.5708,2
11.1919,1
15.5799,2
14.3547,3
10.3522,2
17.5678,1
15.1515,2
17.0278,2
26.3727,1
6.34424,2
15.3323,3
21.0711,1
22.2585,0
6.5608,3
7.74327,2
5.82979,1
9.34824,1
11.9724,2
56.2145,1
12.019,0
9.58532,1
32.7141,1
16.8766,1
6.12465,3
14.9233,2
7.12252,0
7.61339,0
9.69104,2
16.9798,4
20.2954,0
5.45558,4
5.73838,2
14.122,4
14.9504,4
14.6039,4
8.23754,1
11.0672,1
24.7207,1
7.42115,2
13.6247,2
26.0324,7
7.63212,2
6.27563,0
6.85559,7
8.3398,2
13.5343,2
7.57849,1
6.69751,2
7.93713,2
15.2762,1
13.0823,2
16.7492,2
20.6063,3
12.512,3
33.4842,1
14.7942,2
10.1061,0
10.8966,1
17.9299,3
13.8039,3
7.49453,1
13.7555,4
7.12366,3
13.4676,2
14.9026,1
28.808,3
15.3874,5
12.9843,3
10.9852,2
13.0387,1
7.60617,2
5.91545,0
17.6898,4
8.7499,2
11.7337,2
10.2429,1
12.4705,1
7.26886,1
23.1224,2
10.8873,2
16.0765,2
5.87301,1
15.4599,0
9.73065,1
14.367,2
17.2433,1
7.33652,1
7.88463,3
23.8973,0
18.8117,2
28.0703,2
8.97786,2
10.1254,0
15.1507,1
17.3815,5
10.4505,3
13.5994,1
7.97968,2
12.0365,0
13.935,2
18.3843,3
14.5066,6
32.0149,3
25.7006,3
14.2518,0
11.5247,2
21.28,0
13.6129,1
6.74115,2
18.1596,2
5.55338,3
13.9157,2
11.5552,2
4.5581,4
7.44125,2
16.3587,1
19.2909,1
7.79966,3
9.93645,2
7.6636,3
21.6492,3
14.1621,0
11.0243,3
6.88267,2
7.0669,5
5.03397,1
18.7844,1
11.2642,4
21.5166,3
3.25265,0
29.6234,0
10.2078,1
14.5378,1
11.3492,3
12.666,1
6.99789,0
26.2275,0
9.30224,2
13.9727,1
24.0134,1
6.82942,1
9.11696,4
8.95145,2
12.9078,2
19.4542,0
11.8738,2
14.0352,2
6.01838,4
17.3677,1
6.4326,0
17.7443,2
13.1117,7
30.8126,2
9.22781,2
19.0549,3
21.1534,3
9.90221,3
9.98447,1
26.414,4
44.6421,4
14.2573,0
13.1499,3
21.2385,5
12.0971,5
4.67117,1
12.4021,1
13.8562,5
19.5603,2
6.21774,1
3.98323,2
15.8092,1
12.4272,3
16.4559,1
14.444,0
16.636,1
3.62057,2
12.8213,2
17.9453,1
8.50303,0
17.6911,0
7.77867,0
12.9185,0
15.5109,5
14.347,1
12.9658,1
30.3509,1
8.43954,1
23.0178,1
11.4351,3
9.14776,1
22.3379,1
13.1424,1
25.5659,3
15.3668,1
4.87275,3
4.47233,1
11.0495,2
7.27983,1
6.04786,2
24.4729,2
10.0176,1
14.7599,1
12.1661,3
11.4006,0
8.8205,2
17.7063,1
16.345,1
6.57006,1
19.9166,1
13.5728,2
24.0086,4
11.8884,0
11.4663,1
26.9556,1
13.9047,1
12.7353,0
4.98074,3
13.1541,0
10.173,0
17.7665,1
8.90163,0
9.49457,2
4.35202,2
12.3806,1
12.4108,2
28.2566,2
7.35371,1
13.362,5
17.5945,0
15.4122,5
8.49231,2
17.5407,1
6.56756,4
13.2151,4
6.47639,5
7.70799,3
13.0453,0
7.60248,3
46.7512,3
4.97393,2
10.6555,1
3.82881,4
13.1506,5
17.0914,3
13.4724,2
3.90015,1
16.8617,1
20.7096,3
23.4421,1
8.56284,3
10.6934,1
6.52369,4
18.7229,3
12.9037,3
8.04414,4
20.1123,4
25.4429,3
4.33471,2
12.7962,4
7.4903,2
10.3504,1
4.80903,0
10.8049,2
12.2215,3
5.28656,0
9.57695,4
4.54173,1
16.3769,1
22.1061,1
9.38421,1
8.8214,4
28.198,0
16.7168,1
5.18063,1
7.52053,0
23.375,0
12.3433,0
6.52398,2
6.6687,2
8.13234,1
7.75,3
8.65093,1
16.1465,1
19.8282,2
16.2558,2
21.4503,5
14.9692,3
14.4829,1
17.5094,3
15.2884,2
15.2642,3
15.216,4
7.98548,4
20.9424,1
14.2642,3
10.8977,2
5.89501,2
14.871,2
4.30608,3
17.3488,3
18.5975,3
10.2764,0
19.7202,5
16.3717,4
19.4609,2
4.45885,3
10.9432,3
28.9387,4
28.1328,2
7.17134,6
10.94,2
5.9509,1
11.7593,4
11.2669,4
20.0829,2
21.129,1
26.7523,2
17.1977,1
12.4597,2
22.9202,5
5.33774,2
16.7485,3
17.5369,1
7.67382,3
9.88827,3
24.1883,3
5.23465,2
9.28751,1
18.3916,2
12.9215,0
39.9189,2
11.1275,0
7.48204,2
7.1909,2
7.38892,2
7.98223,1
6.27027,3
11.5123,3
5.98228,4
7.53367,0
11.8435,1
18.5152,1
14.7799,6
14.1801,1
8.60147,1
33.0881,2
8.40403,1
17.1332,2
21.6722,0
6.96232,0
15.8585,1
3.70116,1
12.7442,1
8.53831,1
6.4617,1
22.3004,1
14.2349,3
9.08946,2
12.813,2
6.62412,4
14.4378,0
14.2316,1
21.2452,1
9.18655,0
9.21743,0
10.6082,1
9.07935,1
9.36125,0
40.217,3
17.7702,2
21.0451,0
9.17053,1
14.6636,3
21.0146,2
22.0691,0
14.4413,1
7.03662,4
26.7243,1
13.1587,0
11.169,0
27.6481,0
15.1828,2
27.7239,3
3.94594,1
15.2019,1
5.86167,6
16.7346,3
14.9436,4
12.3677,2
14.1557,2
8.14369,3
25.3767,3
30.4826,5
12.1698,2
16.9523,2
16.4309,2
10.2276,1
10.7903,2
15.7415,2
14.439,3
7.05022,2
19.1395,0
11.6197,0
11.1185,1
11.5623,1
11.8793,3
12.5925,3
14.8491,2
15.9077,2
5.69535,0
7.80084,1
9.64484,2
41.5992,0
24.4652,0
6.83564,1
20.3225,4
13.9291,1
4.35603,1
10.2781,5
6.71683,1
9.75587,1
4.65547,3
15.6933,3
18.7267,4
13.2521,2
7.32681,2
12.6122,4
16.196,0
16.043,0
11.6986,1
5.75408,2
31.8958,5
20.5736,0
13.591,4
9.48503,4
8.17105,3
6.98347,2
7.79041,2
14.0714,4
11.6265,2
14.3238,1
6.21531,4
8.51124,3
8.40216,2
9.61552,3
6.45925,2
15.0005,5
16.073,0
7.4097,3
18.3,2
10.3908,2
17.5902,0
15.7916,2
12.9269,4
24.1228,6
23.7296,3
19.2925,2
10.5263,1
22.3036,2
27.9881,1
9.3837,2
16.9704,1
15.6467,1
21.6474,1
4.47388,1
12.5224,3
2.56751,1
11.5638,0
5.2922,2
4.98599,2
9.54847,1
9.62994,3
32.459,0
12.8522,3
15.5019,2
18.6527,1
8.12466,1
31.2213,1
15.271,4
7.76271,2
7.59667,4
26.9189,2
21.0381,2
5.63507,1
11.4316,2
17.8115,2
6.02299,3
17.0133,1
15.3813,5
5.44704,0
6.99274,2
5.92797,2
7.74026,2
7.74997,0
13.8311,3
26.4305,0
16.9394,4
20.2541,2
5.93736,1
27.9298,3
31.2552,1
5.08998,1
19.106,2
11.1307,3
17.068,1
39.2237,2
17.9489,2
10.552,2
12.8302,0
15.9037,4
7.26371,1
12.7033,0
11.0862,4
15.5258,1
25.2245,2
26.4873,3
6.54656,0
17.6926,1
7.46748,3
23.476,1
9.38816,1
8.28642,3
5.48329,1
14.8854,2
18.058,1
32.3426,2
6.76495,4
20.9258,1
10.3265,0
21.2623,3
5.18045,3
10.3935,2
10.839,2
35.6751,1
9.01004,3
8.29096,2
10.8312,3
8.3439,1
13.8517,2
51.2661,0
11.9891,3
12.8066,2
6.47736,0
12.6278,2
6.07136,1
27.9158,3
11.3305,3
10.8002,3
28.0995,3
8.94558,0
15.7456,1
12.9537,0
5.96517,1
21.3622,2
21.0962,2
7.95804,2
17.4714,3
16.5371,0
11.3286,2
9.64122,1
12.6046,1
13.3189,0
15.5326,2
16.8038,1
9.00456,1
3.59088,1
4.82697,2
9.40443,0
14.3864,0
4.62275,1
21.2519,3
23.3961,2
14.2921,2
18.0136,3
10.3447,3
8.54535,1
3.3856,4
14.8955,1
7.87204,1
8.24319,0
15.4294,4
11.4543,1
22.3201,2
24.9472,3
11.1071,2
12.2226,0
29.4767,5
22.7615,3
35.0203,2
8.00203,1
23.3932,2
23.5982,3
23.6267,1
13.2686,1
20.2079,3
21.6392,2
18.4103,4
9.02311,4
9.93572,0
80.9032,2
4.92209,0
5.54672,4
12.2522,2
41.799,1
35.8095,1
15.9384,2
4.56789,1
17.4933,2
12.7079,4
11.5039,2
12.8705,0
14.238,1
5.56907,4
21.6035,1
9.41007,2
12.5546,3
12.5746,1
12.6063,2
9.28592,2
12.7592,1
3.38124,1
4.67358,2
6.57961,1
5.99486,1
15.9197,1
12.9456,2
8.00569,1
15.5912,2
17.768,1
9.8367,3
15.7547,1
11.323,2
24.081,3
24.6825,5
14.2001,0
10.8079,2
26.2197,3
17.4167,2
7.07848,2
17.1,2
8.71868,0
11.1381,1
13.52,1
7.87166,1
30.663,2
25.4083,5
25.8523,3
8.01812,4
5.88519,2
17.0108,5
5.43013,0
20.2887,0
23.3142,1
6.57787,3
34.2778,1
12.2996,3
16.2754,3
11.3156,2
10.8412,1
5.92286,1
10.838,2
14.3095,3
40.1379,2
13.2148,1
10.0019,2
11.0864,1
13.9177,2
9.51051,1
8.91562,2
14.4847,3
5.24686,2
21.4218,3
13.0807,1
16.0272,3
11.0591,2
14.2394,4
4.86977,1
11.7401,2
9.06658,0
7.65379,2
18.8155,3
13.359,0
6.41642,1
4.26248,2
14.4439,3
5.47734,1
8.30838,1
9.18604,4
12.123,0
13.7499,3
7.07976,0
17.1122,0
6.88075,2
7.84576,1
11.417,0
8.14934,5
15.0583,2
23.5973,4
21.6896,2
31.4291,2
7.95627,2
6.46117,3
12.1808,4
21.6994,1
9.8967,2
16.8109,2
43.1654,1
8.62876,0
14.3477,5
27.6186,2
12.1244,2
12.5955,0
26.3945,2
16.8704,1
11.5177,1
8.32634,2
10.9628,0
9.95217,5
31.8103,2
6.78461,3
3.7748,2
22.0989,3
23.3362,1
31.256,3
10.1861,4
15.522,2
12.0055,3
5.84595,2
16.6502,2
6.78621,2
12.0646,1
22.4519,1
12.7102,3
9.73748,4
8.83901,2
3.9208,2
18.8338,5
12.1112,3
21.9771,2
17.1787,2
2.98514,0
15.4491,1
18.664,0
16.7185,4
18.5714,2
21.1236,2
5.6184,1
13.9088,1
19.8465,1
11.507,0
9.21781,4
6.12753,1
12.4085,1
11.7283,0
5.49596,3
16.4611,0
30.5478,3
15.0973,1
4.41967,0
6.17473,4
3.1874,1
12.7633,0
14.2438,1
9.26122,2
14.7898,2
14.8289,1
19.9479,2
11.4546,1
15.501,2
16.4145,3
15.6904,5
17.4889,1
47.2573,0
10.881,1
9.49967,2
9.8072,3
16.4149,0
10.1748,1
18.7392,1
8.20505,3
25.2937,0
8.05512,4
16.4396,1
7.19199,2
10.9854,4
7.27397,1
8.0735,3
18.462,1
4.70977,1
21.8322,4
19.9828,1
10.8344,5
5.42638,1
8.86609,0
5.1272,2
3.7592,4
16.9992,2
6.99533,1
12.5232,0
13.4117,3
26.9639,3
18.0895,1
6.83882,0
8.38505,2
21.2828,1
6.15849,2
19.5781,1
8.91868,2
18.71,1
20.9829,2
17.8907,1
9.77342,2
5.3531,4
39.796,2
6.09599,4
9.72734,1
17.5855,3
18.6392,2
11.6953,1
11.109,2
16.9635,2
4.11254,1
6.04014,0
8.65739,0
22.7639,1
17.4158,0
5.90096,1
12.9837,2
9.11865,2
12.0156,3
8.81581,2
12.4098,4
13.0173,0
19.9313,2
8.85611,1
16.5726,3
10.2327,1
21.1981,1
8.46995,4
18.3761,2
29.8924,0
14.8905,0
5.7301,4
18.9866,3
5.70138,3
10.4342,2
29.9689,3
18.9427,0
15.5449,1
20.961,3
9.41466,1
18.2333,2
17.4277,1
5.33192,6
13.47,2
13.1965,3
13.6089,4
4.45633,0
27.7137,0
9.93749,3
14.7188,1
7.59355,4
6.38135,2
29.0644,3
15.5162,2
14.0574,1
15.2705,4
12.6414,2
22.0407,2
4.09782,2
33.7813,1
13.6453,1
9.38135,1
31.0005,1
11.1838,2
9.95367,1
6.85663,2
4.32366,2
14.1019,2
26.2399,3
7.04583,4
23.5271,2
11.1002,1
9.42422,3
6.59606,1
5.60091,1
7.03515,5
9.23449,0
12.3392,3
5.87966,2
20.1985,2
9.42769,5
26.7475,0
13.9096,3
4.24527,3
8.50066,0
9.8326,2
12.4794,0
17.889,1
13.77,1
5.76846,1
9.74529,2
10.3922,1
15.7011,2
19.2531,1
19.8127,1
7.90079,3
26.3813,1
5.55765,3
8.48246,2
10.6584,1
15.7773,3
10.367,2
19.2629,0
7.38588,1
10.009,2
15.666,1
6.02066,2
8.82937,2
8.17821,1
16.399,0
8.09312,1
6.65657,4
21.1722,2
8.6088,2
6.65522,2
24.2723,2
17.4035,0
11.1185,4
11.3852,4
17.5564,1
11.5812,2
10.9994,1
6.47354,3
31.9516,2
11.2398,3
7.12262,1
8.61539,3
6.15614,4
8.35419,1
10.8543,0
5.42189,2
19.4256,2
4.157,1
12.2106,2
13.806,6
38.5233,1
6.61145,3
11.8199,1
22.9445,3
21.3769,4
19.0417,0
17.1707,1
10.7836,2
12.9989,4
11.0986,0
22.5682,2
5.27113,0
6.86945,1
13.4656,2
14.8057,1
23.9596,3
25.5351,3
11.8451,0
21.5833,2
6.60249,2
9.04503,2
11.2668,3
6.82902,3
13.0667,3
20.8533,1
13.7787,1
6.90006,4
8.932,0
13.5438,3
21.7886,3
15.6905,2
18.8363,1
14.6507,5
9.61012,2
8.52941,0
14.2337,5
40.0536,0
5.07267,3
14.6133,1
7.56026,0
9.51012,1
15.6906,3
2.91267,1
11.689,0
14.8806,3
28.5425,1
17.3424,2
6.29809,3
11.9796,0
33.0085,1
3.90259,2
7.1873,2
12.4033,2
17.5028,2
11.7363,1
7.40456,4
20.0266,2
5.22017,2
18.1097,1
5.68448,1
21.4729,2
17.2159,4
13.8857,2
20.5322,4
4.8116,3
15.6302,1
7.42672,3
16.9366,2
8.74914,2
8.0833,2
8.71701,2
13.212,3
15.7465,0
8.89048,1
7.00257,5
18.7143,0
3.79003,2
8.17263,0
6.04654,1
15.1593,1
7.63316,4
4.94934,1
5.73242,3
13.5118,3
7.27487,3
14.6097,8
3.77788,0
5.10387,2
11.653,2
11.6992,1
8.55275,3
11.3978,3
6.43318,0
9.2163,2
22.5826,1
15.9893,2
6.77565,1
7.26197,1
23.7351,5
12.1978,2
9.35254,1
16.824,2
24.5731,2
5.37903,2
8.84031,2
12.3432,4
20.8772,2
4.98707,1
9.2958,1
10.9509,1
9.56277,0
13.1251,2
15.4472,4
14.5241,2
12.9341,1
21.3689,6
8.42492,0
15.1771,0
10.405,1
6.61658,2
6.64838,0
14.8874,1
7.80641,1
5.65355,1
11.4615,2
12.6561,0
6.37773,3
19.6123,1
10.093,1
9.13763,2
11.3655,3
15.4019,4
12.7024,0
14.4552,1
4.7738,6
12.0879,3
9.76938,2
5.71025,3
4.30106,1
15.9804,5
20.1662,2
6.7632,2
18.7809,2
28.2902,2
9.04778,3
6.74414,4
19.8905,1
15.1444,2
12.7877,4
23.4876,1
22.2576,5
11.9563,2
17.4996,2
14.5236,3
8.2777,1
13.9195,4
26.9979,2
13.2182,2
5.96804,1
13.9211,3
16.1338,3
17.312,3
8.19371,0
18.1873,2
7.94425,0
34.8408,3
12.5934,3
6.92111,1
13.5556,2
21.4959,3
15.6645,2
12.6302,1
5.92678,2
6.89208,1
15.4791,3
10.9527,2
14.1934,1
12.0399,2
15.2331,1
5.40356,2
17.6972,5
13.8633,0
9.79728,2
18.7244,3
5.72291,5
13.2475,3
10.4358,1
15.5905,4
16.0371,4
40.6059,1
8.41546,3
11.5043,2
20.3656,1
10.6987,1
20.9779,5
11.1961,1
12.9429,0
4.91961,3
5.72609,4
32.8855,5
19.1463,2
16.9483,2
14.41,3
5.17845,0
5.24142,1
15.4571,1
7.08999,0
6.24509,2
12.1233,0
8.27752,4
28.8874,4
69.0558,3
16.7798,1
27.9083,1
10.1146,2
40.5254,2
7.94349,2
7.21017,0
12.472,3
8.92303,1
11.3419,3
30.2809,3
17.5082,1
30.723,1
8.80264,0
9.9214,5
11.7851,0
14.1401,0
16.1075,0
7.82155,1
18.5639,2
12.9721,2
39.9707,1
5.70537,1
10.3836,5
4.93265,6
6.6371,2
13.1717,5
7.60556,3
28.6475,1
9.90098,1
9.45723,2
10.5835,0
7.06267,3
8.05246,3
9.93914,3
21.0154,3
8.92023,2
20.9654,1
15.1475,2
14.0259,4
9.39374,1
18.6241,4
6.11937,2
11.2919,2
15.0819,0
19.505,4
13.7805,2
9.77517,2
9.83847,4
22.3381,2
25.4422,0
10.354,3
6.00042,4
17.2927,3
2.67977,2
13.9348,0
17.4741,1
13.8477,3
16.4613,1
8.68349,0
15.0176,1
13.4324,4
16.8506,4
7.88943,5
18.6531,1
4.49833,1
9.43547,1
5.54908,2
7.04605,3
13.2488,3
10.8995,1
11.8182,2
26.4786,1
6.15927,3
9.67118,4
8.98705,2
11.3074,2
23.0462,4
12.3562,0
22.936,3
14.4839,0
14.5659,0
16.0956,1
20.4,2
28.4625,1
7.25849,1
15.5985,4
11.5923,1
5.15974,2
18.0068,0
10.6353,4
16.5645,6
5.68563,0
25.6496,1
13.2799,1
11.1497,4
6.37763,1
12.1874,1
14.0829,0
3.78695,2
4.07919,1
10.2923,2
14.6195,1
14.4318,1
18.0899,0
13.9375,1
9.92043,1
27.4549,0
14.7852,0
21.0309,1
23.195,1
16.1832,2
7.85403,1
10.1162,3
30.5835,1
25.1859,4
8.28429,1
10.8573,2
3.81314,2
13.9865,2
11.1186,1
23.3991,0
6.85486,0
8.87418,3
7.27335,2
22.3734,3
5.40826,2
7.03009,2
9.95207,2
10.1809,3
23.0725,1
8.14506,2
12.9766,4
20.5042,1
21.6801,4
13.4616,0
19.123,1
23.3388,1
15.5208,2
9.569,0
11.2503,1
21.5309,1
10.8462,2
18.7073,1
6.95117,3
11.4435,4
18.3271,1
14.8967,0
14.2583,2
9.21185,1
18.9193,5
17.3489,2
7.55999,1
7.8523,2
23.0977,1
10.2351,0
17.6962,2
6.72437,2
11.5476,0
6.36036,1
21.02,0
11.3569,1
11.5241,4
5.76793,1
14.8776,1
31.1801,4
7.8724,1
5.93901,1
11.6439,0
56.7349,1
6.34465,3
14.4336,4
7.96702,0
15.0385,4
13.9008,1
24.9274,0
18.9975,3
15.5088,0
5.18231,1
8.00613,2
12.978,1
5.67915,2
23.9497,4
19.6965,1
16.4026,2
43.9779,2
15.6812,2
21.0106,0
6.52227,4
5.31576,4
4.58175,3
6.17771,4
13.5213,4
13.1562,2
9.05254,1
4.82566,2
9.33303,3
9.76235,0
11.5017,0
47.3975,1
11.6513,0
8.23414,1
24.733,2
14.4959,0
6.5122,0
15.2091,3
14.2596,5
15.4402,3
12.3364,2
6.87278,4
11.9185,3
15.4292,1
3.89691,0
12.689,0
20.7777,1
12.615,1
23.6377,0
12.4791,3
25.9882,1
22.4237,3
17.6559,3
12.8496,0
10.9973,1
8.89371,0
9.2358,1
13.2817,0
17.4292,2
20.2956,2
19.3435,1
12.6252,5
12.3036,2
8.61042,3
24.3839,1
14.0493,2
7.04819,3
7.65828,2
15.907,1
9.98315,1
8.96028,0
40.4114,5
3.28722,3
9.46627,1
6.69398,2
3.31221,1
10.5717,5
10.3232,0
4.4874,2
9.76186,2
7.04967,5
12.568,2
8.26974,4
7.19802,2
14.042,2
18.5194,2
7.34591,2
31.2014,1
5.92331,5
24.2372,3
17.5683,4
11.0977,0
31.4496,2
5.05031,2
18.8577,2
18.1272,3
4.92324,2
13.7247,1
18.1761,4
22.4351,0
11.2075,1
6.22259,2
29.8703,1
11.4633,1
13.796,0
10.3376,1
5.65301,1
26.7981,2
5.91095,0
19.3165,3
23.2742,5
4.78013,2
16.4528,3
11.5505,1
18.1027,1
8.62768,0
14.3327,2
10.9445,1
9.36626,1
49.9046,0
8.02719,0
22.0011,2
12.2439,1
11.7873,2
18.8881,1
14.2835,2
17.3151,1
8.65969,2
5.15318,2
5.57978,3
6.81042,3
8.63868,0
6.21049,3
20.9171,3
10.6975,0
13.6453,3
16.8099,0
24.6302,1
12.5018,3
8.72451,0
9.63408,1
15.2937,2
4.7986,2
9.84438,2
13.2101,1
13.9623,3
21.1274,0
5.42997,2
14.7774,2
16.8704,2
3.99382,4
6.50863,2
5.57174,1
12.7447,1
26.1798,0
6.70648,1
5.02208,2
9.38406,3
13.5286,2
8.35472,0
14.8273,0
27.2351,1
6.09019,3
11.0686,2
12.6652,1
13.0107,2
21.3215,1
18.4658,0
14.0246,1
10.504,1
18.2615,2
8.82004,2
12.9524,2
13.1925,3
12.0772,1
19.3715,4
10.0895,2
14.8682,0
9.46983,3
12.6885,1
9.1631,1
14.6434,1
9.45562,1
20.9316,1
10.701,0
18.3073,3
13.0427,4
11.5898,2
12.2962,2
11.7031,5
8.54286,1
13.0323,0
4.31822,1
10.1786,2
9.34788,0
16.5258,0
15.31,3
10.046,1
5.04083,0
8.60203,0
17.1986,2
7.81309,1
5.96737,6
14.0962,5
12.9153,0
6.52622,3
15.6061,0
7.35011,1
6.18718,2
23.608,2
21.2244,1
9.52732,0
14.9614,5
12.6519,0
8.93781,1
17.6191,5
7.56149,1
12.5892,3
13.9412,3
15.0299,2
17.057,2
17.619,1
19.6291,3
9.48004,3
6.12868,0
22.3445,2
7.55036,1
9.38917,1
6.83424,0
28.5517,2
22.2643,3
8.01779,1
17.5571,3
8.77883,1
16.7404,3
9.12262,1
12.6241,2
25.3031,1
23.998,1
17.4895,2
16.0306,2
12.6317,3
4.95076,2
13.079,2
15.0109,1
10.2292,2
13.659,1
18.4168,1
8.78025,2
6.67752,0
6.5915,1
8.63378,0
9.95055,1
6.71949,2
21.0431,2
10.1927,4
13.5513,3
8.70025,3
9.93876,5
4.37969,1
9.92678,1
7.06798,1
4.77449,4
15.6702,0
36.7027,0
11.3873,0
7.27789,2
13.8896,3
11.6247,0
10.6447,1
8.4511,1
9.0034,2
6.211,0
5.04166,1
6.36206,0
7.1281,2
11.1258,2
7.85688,1
8.69768,2
20.5049,2
12.8834,2
16.4327,2
19.0102,3
4.75256,0
15.7803,1
5.45094,2
23.5898,0
28.4574,2
4.66251,4
4.14019,3
14.3774,0
23.0576,0
12.6803,4
23.9759,0
13.9065,2
22.5523,2
6.21921,0
14.8632,3
11.9736,1
5.3887,3
9.22073,0
33.1338,1
18.8367,2
29.4763,0
15.8401,3
4.19778,3
6.86518,0
7.35128,1
6.59669,0
24.1182,5
7.83167,0
24.7143,0
9.09965,2
4.87201,2
23.1116,2
10.4705,0
5.64948,4
5.09279,2
21.9638,0
12.2815,0
5.50175,0
13.7417,2
11.7844,0
9.09023,4
9.82404,3
7.29284,2
8.59421,1
15.8514,2
3.38813,1
10.9658,3
12.8478,3
12.3762,1
42.5311,1
14.9205,3
12.5681,0
16.1395,2
8.6032,2
4.73275,1
12.7764,3
6.50121,1
37.1446,0
8.27563,2
7.16073,0
27.9327,2
6.01135,4
24.0023,3
8.88631,1
5.50466,3
8.65808,1
28.0787,1
10.9481,1
10.5916,3
5.97124,1
14.8745,1
14.8537,1
10.2308,2
24.31,1
8.29973,3
34.8086,1
28.3974,1
5.20159,2
7.4404,1
7.37329,2
15.5014,2
11.0526,2
21.2881,5
10.5375,2
5.26986,3
9.17112,2
17.5297,1
5.27761,4
11.8616,3
19.793,2
10.4431,0
6.30401,4
10.834,0
7.93805,5
37.8679,2
2.95064,2
11.9112,0
3.53836,1
10.1238,4
8.56493,2
5.32088,2
9.54813,2
23.663,1
7.06436,2
12.5246,3
14.8165,1
6.81501,2
11.789,1
13.559,2
27.6939,1
8.9159,4
20.9481,0
6.91247,2
40.7167,0
7.97321,1
10.2997,2
16.0835,4
9.6493,1
30.4438,3
7.40815,2
7.21936,1
7.92508,1
5.7521,0
10.3333,0
6.14816,1
10.9355,2
15.0456,1
6.99413,2
36.8272,0
18.506,0
5.80797,1
7.21529,0
4.66721,1
18.059,2
10.1601,4
5.34086,1
8.9385,3
26.0146,1
13.3757,0
17.4955,5
24.0962,2
13.9866,1
10.463,4
16.3016,1
83.5501,3
5.21838,2
3.51719,2
19.2065,0
8.51034,3
22.1633,4
8.20929,2
6.4654,1
33.6144,2
5.37418,2
14.2965,2
7.05988,0
10.8324,2
13.9762,1
15.1879,2
3.65889,4
4.92239,1
10.2223,0
5.62384,5
18.2505,2
8.65087,3
20.3395,2
13.7457,0
14.8282,1
12.6959,2
12.495,1
13.6782,2
9.67713,1
25.783,2
15.883,1
3.49047,0
14.4411,1
27.1766,1
12.6706,0
6.56301,1
8.26669,1
23.1057,2
11.1908,0
5.00854,2
10.1816,3
7.87351,2
12.3244,5
17.1001,1
11.4277,0
7.81921,0
13.5984,1
12.5063,3
15.7658,2
13.056,1
3.9567,0
13.3164,1
5.00998,1
5.76296,3
10.3202,2
8.25665,4
15.3739,2
9.75502,3
41.6638,0
13.9953,1
10.1326,1
10.6569,2
23.4173,2
17.4393,2
16.7056,1
11.9079,1
7.68143,2
9.02174,2
12.1381,4
25.5619,4
10.2473,0
9.78742,0
16.0452,2
25.8188,2
17.6393,2
15.7935,1
4.77239,2
11.8839,2
12.2532,1
6.21203,4
14.0258,1
19.7562,5
8.89757,1
7.32557,1
18.5783,0
5.97246,1
9.18122,3
3.68316,1
10.7351,3
14.403,2
16.9551,1
11.3868,1
15.4005,1
6.04304,4
12.9302,1
28.3342,3
18.0181,1
10.9005,2
7.05267,1
10.083,6
5.27714,1
15.5198,5
10.6365,0
5.83951,2
14.0705,3
22.6856,2
33.3812,6
8.0631,1
12.9796,0
6.79647,4
7.19805,0
10.0803,1
13.6998,2
8.5916,0
17.8962,0
12.0662,1
56.2019,1
20.8829,1
7.09879,1
5.00327,2
11.1692,0
11.5729,2
28.7457,2
13.5307,0
15.649,1
18.6034,3
21.1069,0
7.3225,1
18.0366,3
45.8045,3
7.28896,5
19.6299,3
14.4708,1
5.921,1
16.1052,2
5.49485,1
6.22762,3
18.7243,1
12.0313,2
6.35084,1
12.1093,0
11.1494,0
20.2945,4
8.80788,1
15.2079,1
19.8274,3
7.81613,3
21.7646,2
12.7799,2
11.6191,6
10.9472,2
28.2705,2
9.78909,2
14.5072,0
15.8601,0
8.90726,5
7.64568,0
6.83363,1
5.75614,1
15.1959,1
27.5172,1
16.1023,1
6.42689,3
8.52436,0
29.5887,1
15.1671,2
5.56991,2
6.80074,0
23.8891,1
4.75023,2
9.54476,0
9.67681,1
14.464,2
51.119,1
6.88086,0
10.0591,1
5.27957,1
17.8345,3
7.02677,1
9.11236,1
14.4694,1
9.78283,1
5.501,0
6.85134,1
5.75425,1
5.82321,2
17.1917,3
19.411,3
35.6476,1
13.0136,6
11.1085,3
15.1725,1
10.9725,4
8.69249,4
17.108,3
15.89,1
13.4388,0
10.2995,4
3.63118,1
18.2249,4
5.69143,2
10.8502,1
13.2079,1
13.3952,1
36.7007,1
19.3948,6
8.47141,0
12.8235,2
20.012,2
7.94842,2
9.0551,0
17.6205,2
7.87187,1
6.155,1
20.7339,1
9.74079,0
18.3959,1
19.2629,0
11.7062,2
9.30572,1
8.16913,2
4.35884,1
13.1181,0
10.4702,2
21.5419,2
8.51745,2
14.5195,2
5.59864,2
19.513,1
14.8006,1
28.7636,0
12.1597,2
10.101,3
24.299,2
12.9756,3
7.72724,2
4.98051,3
32.3258,1
7.60747,3
15.2908,2
10.3828,0
16.5896,2
16.222,3
17.2867,1
13.4879,1
5.94433,5
9.4626,0
17.4721,3
24.4603,1
8.87171,3
13.6314,0
11.0895,4
17.6695,3
21.333,2
15.9568,4
7.58052,4
21.2855,1
24.5966,2
4.22646,2
4.9777,4
13.4513,2
12.4583,3
18.5358,3
15.9976,3
11.0146,3
21.1646,2
18.5471,0
13.8885,2
8.85154,1
31.933,3
9.19532,2
8.50216,1
15.4255,3
18.9146,1
19.2022,2
11.4222,0
7.70257,1
15.1594,1
10.1385,1
14.5662,0
20.4259,4
6.86096,1
12.7321,5
8.59762,3
13.5183,2
25.5235,1
12.406,1
30.8606,1
9.47858,4
7.33694,2
18.2693,2
10.7774,0
4.79388,3
4.40155,1
18.019,2
10.4628,2
19.7252,3
19.7755,5
30.1526,4
28.7497,2
13.36,1
11.2886,1
15.9243,2
10.0193,0
11.5424,2
23.3839,1
9.6406,4
50.8503,2
3.7179,2
5.41273,0
39.5596,2
9.75035,1
7.01222,1
15.1165,3
20.9828,0
15.639,2
28.7999,0
16.1473,0
12.6141,1
25.4025,1
37.0712,0
17.974,1
16.4521,1
8.73575,4
23.7202,0
5.16547,1
7.79831,0
7.68574,0
10.4936,1
5.89313,2
16.3955,1
25.2246,1
7.60353,3
8.18335,2
11.2107,1
6.5071,4
14.8847,2
17.0982,1
10.5407,3
54.3482,2
12.5829,3
17.5162,1
18.9558,1
7.5932,5
3.5537,1
5.31516,2
23.0005,3
14.1326,1
14.4692,1
18.5712,0
8.64087,2
9.8723,5
32.6585,1
9.42018,1
9.78491,1
17.526,0
9.83637,6
7.32598,1
21.1055,3
6.82734,1
7.13023,5
5.49194,3
10.1536,0
23.7125,2
18.5966,3
14.1179,4
13.5299,2
12.722,3
9.71841,1
16.2298,1
12.8811,1
21.5572,1
5.73503,1
5.66249,0
9.90596,2
17.178,6
8.17721,1
11.754,0
5.37093,2
10.2407,1
22.1547,3
13.3209,3
17.023,2
18.0023,3
8.48805,0
15.6167,1
9.00008,1
35.4168,0
8.43635,2
16.4513,0
16.3651,2
3.82028,7
6.90921,7
12.3257,1
20.1422,1
4.87333,2
18.7664,2
12.0946,0
10.3926,2
20.3118,0
9.18846,3
5.61915,5
5.26969,1
5.48087,2
10.6191,4
11.3308,2
10.6228,2
4.84355,3
9.70304,0
12.4336,2
15.7435,1
8.74653,2
8.13303,3
9.67829,2
12.5115,0
13.0533,0
16.2783,0
14.201,1
6.00914,2
2.90098,1
8.45523,6
8.29635,1
30.2547,4
17.2008,1
8.64882,3
17.0341,1
10.3795,3
8.06144,2
11.5577,2
8.60691,1
3.91324,3
19.5091,2
11.5818,1
17.4651,1
7.81295,1
18.1615,2
15.6987,1
10.6017,2
7.24564,3
7.7224,2
14.0802,2
15.091,1
13.1736,0
13.309,1
18.2439,6
9.54068,2
12.459,2
13.8048,4
8.71192,2
9.18638,1
9.36753,0
10.8569,0
25.9228,1
7.02078,0
14.7876,3
11.9528,2
8.75105,1
7.83231,2
11.9641,2
10.5065,5
17.1467,1
25.324,0
21.2427,1
4.09835,2
4.71009,4
7.34274,7
25.9897,4
27.7016,1
6.58808,1
7.81601,1
8.8174,3
10.5965,2
16.6097,0
7.97431,2
19.7199,1
21.0724,2
17.9348,1
4.52924,2
21.4994,1
13.5005,0
9.61537,1
6.96982,0
10.7159,2
16.1999,2
12.813,3
14.8889,6
6.87054,2
9.23591,2
14.478,2
8.52936,0
18.9665,1
6.13426,3
6.02145,4
7.30439,0
22.9491,3
8.82158,0
9.21302,2
12.1441,2
20.5163,1
11.0581,1
10.9432,2
14.1583,1
8.17544,3
15.1277,3
10.2267,1
5.1349,2
10.2115,1
8.15294,2
11.4629,1
23.8959,0
8.91936,2
5.92151,3
21.449,1
15.0318,3
15.8331,1
16.6175,4
15.5268,0
25.9993,1
13.3652,3
14.0181,1
5.64169,2
12.8195,1
9.86627,2
8.457,1
11.8027,1
13.1938,5
27.7785,0
7.415,0
15.5082,2
12.1101,2
12.7855,1
22.8058,1
18.2332,2
11.9089,3
9.77394,5
15.5329,1
14.7519,2
9.50843,2
25.4812,3
10.0276,3
11.037,1
13.1344,1
7.72958,2
4.82024,2
8.40608,1
8.08522,1
5.72254,2
7.3127,2
32.1497,1
9.16959,2
10.1967,1
9.6171,0
7.47687,4
14.2943,1
2.90257,0
8.5713,0
4.8891,2
9.07726,0
35.6836,1
21.3341,1
10.5048,5
20.567,2
10.9585,2
8.57305,1
7.66804,4
7.76167,0
13.7007,1
34.3388,2
12.0506,2
19.073,1
8.30762,3
22.5182,1
5.00073,4
9.25488,1
8.83019,2
10.1651,1
7.71189,1
7.53026,1
4.26635,2
26.3121,5
10.3499,0
17.421,0
7.47579,3
8.06196,2
13.7615,5
3.94076,0
19.4133,0
19.2986,1
31.0012,1
9.72739,2
7.64348,0
21.1448,0
36.3627,3
15.7662,2
6.58106,1
6.6636,3
15.7328,2
21.0183,1
7.06554,1
7.42473,1
14.429,2
6.71616,1
12.3934,3
9.41353,1
9.97976,1
8.79565,3
17.9748,0
5.89693,2
15.4533,2
8.9314,1
9.60202,1
11.2224,3
8.53566,3
7.91392,2
4.91219,4
15.7035,3
14.264,3
2.9824,1
14.1427,3
21.1261,3
9.73654,0
8.5127,3
11.9992,1
37.8747,2
12.6772,0
27.5218,1
13.2287,0
20.6335,1
8.7781,0
10.3144,1
9.9985,3
11.6682,2
9.95535,3
24.0739,1
6.53799,0
26.9564,0
11.3604,3
10.3246,2
9.2268,0
6.84232,2
15.0999,1
12.3898,1
15.7783,1
12.5884,1
9.12285,5
5.48302,1
22.309,4
19.4379,2
8.3277,3
36.154,1
26.772,1
6.20356,2
13.229,3
7.08286,1
12.6257,2
10.2411,2
8.98742,0
5.399,2
14.3244,1
7.82859,0
18.2884,1
14.2316,1
15.8298,0
22.861,2
13.7163,0
14.8113,0
17.5006,3
12.0084,1
8.77641,3
20.2223,0
8.68806,1
4.42973,1
14.5819,1
8.96385,0
4.33962,1
6.22641,4
30.963,4
12.8624,0
21.7724,4
6.02879,2
10.5607,1
10.0144,1
9.06333,2
15.721,1
14.0561,1
4.33767,3
12.2655,4
14.9773,2
11.4561,4
17.5484,2
25.3465,2
8.05585,1
18.2466,0
14.5074,2
9.90243,3
17.3154,1
9.11396,2
12.486,1
14.5084,2
9.76423,3
11.6121,2
13.7686,1
22.9983,1
11.0953,0
14.3498,1
53.3508,1
5.65721,3
9.71967,2
9.35696,2
4.74787,1
11.1364,0
5.94519,1
4.08319,1
13.6126,1
18.7136,1
14.8594,3
14.1239,1
11.554,2
5.2074,2
11.8707,0
3.09198,2
5.12259,0
6.82038,0
12.1353,3
12.2442,3
25.6266,2
5.76352,3
19.1166,3
9.2063,4
5.16112,2
26.2412,1
7.54869,3
9.63857,5
5.58359,2
7.10187,1
29.089,1
18.726,2
11.6615,1
11.1708,1
16.1765,2
20.7349,0
16.1068,1
32.6387,0
9.87898,1
27.3101,1
7.37149,3
33.8067,0
14.3201,0
2.57535,3
16.6923,0
10.6331,4
13.1366,0
10.8637,1
24.6263,3
8.35244,3
20.7548,2
6.25017,1
11.8216,1
9.58169,2
24.083,3
9.58949,1
16.3239,2
5.60659,1
54.2679,1
32.0357,1
14.691,4
10.6394,4
9.32097,3
9.64378,3
23.7525,1
13.9995,1
9.21532,0
29.5189,1
15.7679,3
18.595,2
31.5368,2
13.7819,1
20.3372,1
7.60717,4
8.271,0
9.56395,4
23.9645,2
10.8737,2
21.418,0
5.29829,1
12.5814,0
15.6569,0
10.6655,3
10.3667,3
19.3785,0
7.63281,4
4.68641,2
3.23508,3
7.9178,1
12.2949,1
5.06164,0
7.19828,2
16.7907,0
25.5926,1
5.09329,2
15.75,2
19.6576,0
8.24646,1
8.59721,4
27.8878,0
28.5736,1
14.3069,2
8.3632,2
15.7952,2
16.5929,2
8.30303,3
11.6672,1
20.9647,5
13.3647,5
8.00249,2
4.33715,4
4.83488,3
7.85866,1
9.02856,2
14.7674,1
7.29496,2
13.9421,2
1.92118,3
18.4602,3
13.1659,4
8.53819,1
11.6973,0
11.039,2
21.8803,1
12.9496,1
3.39162,2
13.2848,0
5.91174,2
18.1919,3
8.68136,1
5.7445,0
28.4844,3
5.52956,5
5.2997,3
6.49435,1
7.18875,2
10.8194,3
9.14672,0
13.0625,3
14.9941,0
13.2879,2
13.3083,0
16.2616,3
9.36606,1
15.2622,4
10.966,1
17.3816,5
30.1022,1
9.76387,0
10.8553,4
21.9759,1
22.1158,1
18.7015,1
11.8868,2
6.56833,1
9.63874,2
10.4383,2
12.8696,1
14.4745,1
5.83537,1
8.23299,2
35.6918,3
10.3814,3
25.5995,2
6.92476,2
10.9701,1
14.1183,1
14.3969,1
9.54172,0
21.518,1
18.0017,4
16.1886,0
7.00843,2
5.55324,1
16.7154,3
15.4721,1
10.1901,3
20.219,2
10.3543,0
5.76401,3
16.0964,0
28.1636,1
20.3098,1
17.3245,1
8.52858,1
24.6461,5
3.78852,2
5.78122,1
18.9766,0
8.78305,1
8.13738,4
8.44718,0
17.4001,2
9.58846,4
12.3519,1
24.1046,1
6.97763,2
4.9851,3
24.4622,0
4.99303,3
7.70012,1
15.0501,1
37.751,3
5.46268,4
7.14512,1
6.85245,2
15.019,3
9.38884,1
15.054,2
10.5161,2
16.6022,3
8.8163,0
25.3326,4
12.3012,4
9.44317,4
8.91603,2
4.57512,3
6.04325,2
8.99023,2
7.59659,1
2.82784,1
13.0872,2
19.9639,2
16.7353,3
4.50448,0
6.33356,4
12.0957,3
6.84315,2
9.39459,3
9.20152,0
12.2769,1
13.2774,2
9.60481,4
20.1443,1
23.6484,0
8.40126,1
12.4702,0
14.7642,0
17.2447,1
11.8023,2
12.154,4
8.48114,0
6.49502,1
14.7725,1
13.4172,3
14.1937,1
10.7006,3
12.8383,3
20.3174,4
7.15455,5
4.27302,2
24.7503,1
7.70385,2
2.78643,2
15.7417,0
10.7854,1
5.47738,1
19.7956,0
12.2167,3
10.7321,2
8.99377,0
24.9358,1
4.97694,3
18.3481,2
10.2566,5
10.7401,5
9.10877,3
27.1887,3
8.59983,2
9.12266,3
6.50921,3
37.0195,4
6.63379,2
13.9513,6
12.942,1
5.85634,2
6.55194,1
13.8445,6
8.4453,3
3.50984,1
20.869,2
5.70137,1
12.2623,2
11.7859,1
9.71909,3
4.01925,1
4.78793,1
8.24434,3
16.6238,4
15.1883,2
6.3308,4
9.46142,1
16.0399,5
14.6431,3
13.6314,2
5.58023,2
16.7647,1
7.79422,1
22.3829,3
8.19973,5
6.86201,3
23.5593,1
11.2732,1
10.6086,1
10.7658,1
9.97193,2
10.5242,5
6.95952,1
12.695,3
12.26,4
23.8498,4
17.8936,1
10.77,2
14.8852,1
12.5873,3
6.23424,2
18.3216,3
6.48473,4
8.57143,2
13.1836,3
8.42624,4
8.85515,5
16.1549,1
5.40568,2
26.0544,3
30.5653,4
14.7681,1
7.96058,1
11.7994,3
16.0089,1
6.06234,3
9.65268,1
27.2212,1
17.7802,2
3.11588,2
7.05358,0
9.69625,0
5.74621,4
4.01896,1
10.313,2
14.405,2
11.5778,2
7.86501,3
11.826,8
19.1903,4
20.0952,3
23.725,1
15.8464,0
25.1169,6
11.638,2
16.2095,1
20.7029,4
6.64341,2
13.0516,3
14.815,1
5.71994,2
13.042,3
28.5899,0
30.9222,2
8.68916,1
8.66798,3
32.6614,4
24.7078,1
9.63958,1
16.6253,3
9.14051,3
7.17296,1
47.1035,2
11.4405,3
22.4809,4
10.9049,1
7.65005,1
9.37674,1
21.6842,4
9.35272,1
14.4132,0
9.45301,0
18.3627,1
3.45651,0
17.6472,2
11.3303,4
12.9231,1
9.28799,0
10.8667,4
8.43368,2
14.6928,0
3.32023,3
16.14,1
16.5117,2
12.4742,1
16.0041,0
7.00123,3
22.9017,5
6.54841,2
10.4064,2
7.55199,2
9.77114,0
5.61321,2
14.897,2
4.33956,1
14.1996,1
12.3469,1
6.71448,0
8.59842,0
7.26487,0
27.9379,3
16.8368,0
10.4259,3
8.91785,4
9.41804,0
9.04542,0
9.61283,1
8.59302,1
10.5868,3
7.94491,1
9.82935,2
10.3602,6
23.6688,0
6.8834,4
8.31208,1
20.2218,1
22.5564,4
5.8909,1
15.5618,2
11.9214,2
10.9473,2
6.89325,2
26.884,0
13.7485,1
15.4721,4
8.62055,1
9.45849,3
3.66646,2
7.54073,2
9.50394,0
5.71825,2
6.40051,2
15.9541,0
6.85925,2
9.6358,2
16.0417,2
9.5327,2
17.6768,2
11.5725,4
11.0362,2
9.78246,0
7.88791,3
10.9596,1
31.3415,2
7.46931,1
6.37782,3
4.71287,2
17.5034,3
8.69047,0
14.2166,4
6.96218,2
34.4395,3
17.5476,2
23.4123,1
3.77632,0
11.6914,1
8.34351,1
9.1263,4
4.60685,1
4.67114,4
7.91463,4
11.4822,2
5.01891,6
3.65185,1
19.7615,1
5.87082,3
16.7254,4
40.309,2
12.0066,1
11.3714,2
13.8873,1
12.8519,1
8.41996,2
6.54538,2
10.7417,2
33.4151,2
11.6053,5
6.59453,3
19.8428,1
20.2092,3
6.10318,0
15.1455,6
14.3898,1
7.29445,4
5.98424,0
17.9574,1
9.30542,4
16.8716,3
7.54976,1
9.5744,0
6.53779,1
7.67488,2
19.4061,2
36.9858,3
18.8706,2
12.9878,0
11.9428,3
9.60906,3
19.4874,1
26.275,1
6.00294,2
10.9837,2
6.24021,1
9.96535,1
15.1161,3
29.5073,3
4.67126,1
7.39406,3
15.4182,0
10.8745,2
22.5458,4
7.88172,1
23.1541,2
17.1811,2
24.9587,0
20.7331,1
10.4735,2
26.801,2
13.4953,2
8.53431,2
20.3821,3
15.2682,2
28.718,1
18.1801,1
16.9695,1
6.35122,2
20.879,0
26.9304,2
12.3391,4
24.9072,2
7.9959,2
14.4725,2
6.75912,1
7.54664,2
4.41892,2
11.7137,1
10.1854,0
26.1505,3
21.3096,0
13.011,1
8.35153,1
9.54517,3
10.3146,2
22.3654,1
21.5858,1
10.7883,1
4.78143,2
20.9577,0
15.0404,1
6.93545,0
17.6906,1
13.7994,1
4.98783,1
7.92303,2
22.4301,0
7.28318,0
5.26406,1
12.072,1
2.62515,1
5.72928,3
10.5717,3
11.3379,0
6.07542,2
27.6164,4
9.51819,2
12.2653,2
11.6425,1
11.7668,1
15.2021,4
6.175,2
7.15905,2
7.6872,2
5.95484,1
12.1659,3
13.5001,1
17.9557,2
23.9404,3
3.73226,1
7.31373,0
12.1495,0
24.6912,2
12.8477,2
21.4922,2
11.0925,0
10.183,3
5.07737,1
24.951,2
4.73998,3
14.815,3
19.4531,1
6.6078,2
2.97106,1
15.3371,2
11.938,0
6.7161,2
13.1158,2
4.25031,2
7.37222,3
7.49268,1
10.309,1
14.2659,2
8.42504,4
15.7069,2
17.0586,0
10.5361,4
9.51885,0
3.2385,2
11.0572,2
7.79619,4
3.83143,2
12.3465,2
11.0718,0
24.3997,1
10.2429,2
5.15865,4
17.7605,5
5.28304,3
18.3227,2
13.2019,2
12.3435,1
8.39755,3
7.0238,0
13.7662,6
6.21005,1
16.2579,2
13.2254,1
21.7193,3
6.40357,1
39.4762,2
7.60423,0
21.3101,2
17.9776,1
10.0671,3
31.859,0
13.4241,7
20.1632,1
23.7704,3
27.9616,3
11.5006,3
9.68691,1
5.08955,4
5.10208,2
12.2346,4
10.7933,1
10.5685,2
11.5317,2
22.7525,0
20.8308,0
17.4252,2
4.52064,1
13.2635,4
7.45415,1
30.384,1
6.93666,1
14.2206,3
7.32175,4
6.05374,1
10.2695,1
7.46556,4
14.3923,2
9.57712,2
24.0397,0
5.58357,2
36.4092,3
7.14019,1
25.2948,3
5.11005,4
11.0812,0
15.3816,0
7.32586,1
10.2187,0
11.9236,1
5.45638,0
3.68111,3
9.30142,1
14.8344,1
12.5749,2
5.32915,1
4.66031,2
8.58717,1
27.2066,0
21.8719,3
15.135,2
7.53217,1
11.3053,2
6.96204,3
9.01784,2
3.69779,0
4.90505,1
18.8444,4
18.5197,2
5.31842,0
7.89342,2
15.4372,1
11.9375,1
18.7708,2
