22.6205,0
8.45715,3
7.88461,4
13.2866,7
9.36326,5
9.76115,4
7.44603,2
19.5335,1
13.7947,2
11.1718,2
7.092,4
9.70456,2
13.9121,1
12.0541,1
5.30602,2
5.06392,1
7.42439,3
8.22654,1
12.1287,3
9.95677,3
7.95867,1
8.34912,7
25.0488,4
7.66326,1
8.18445,2
17.8918,3
6.93054,3
5.08561,0
31.7759,0
5.91093,3
31.8043,2
14.9923,2
12.0274,2
10.519,2
11.8918,2
21.1333,2
13.3057,0
7.73348,2
5.39381,2
15.2541,2
4.15814,0
5.95164,1
11.256,1
15.605,1
13.27,2
23.8014,2
12.8581,2
7.57589,1
20.601,2
9.02019,3
10.8608,2
11.8427,2
11.1761,3
36.3699,1
36.2207,0
6.99822,4
9.49718,1
13.5869,0
28.8999,5
13.0052,1
6.54679,2
10.0457,1
13.1812,4
13.3494,2
9.95388,4
8.654,0
14.5714,4
7.66616,1
24.128,1
9.5807,3
3.529,1
19.7638,1
9.76924,2
7.29845,0
27.2547,2
13.3276,3
7.38568,3
11.2281,3
19.0221,1
15.1946,2
7.34945,1
10.0772,2
5.36331,2
12.6373,1
13.0163,1
10.5389,2
12.2752,0
13.2561,1
15.9644,1
16.2645,0
13.9849,1
7.59675,3
7.01991,2
6.22005,1
8.14723,5
9.20878,1
19.2544,0
27.8767,2
13.8348,2
15.5726,3
12.145,1
11.6707,0
24.3283,0
9.80122,3
7.83942,2
13.7002,1
11.0585,0
38.4735,0
17.8083,2
9.20438,2
9.72031,1
5.84248,2
34.6442,3
22.5475,2
12.0595,2
9.19907,4
4.85552,0
21.4985,3
15.0793,3
10.5959,1
20.0852,2
9.06194,0
27.3118,1
7.48949,2
19.4765,3
17.39,1
15.6471,2
12.61,1
8.71252,2
5.23696,2
7.25431,2
11.3605,1
15.5977,0
18.7682,2
13.4263,0
15.0152,3
11.7896,2
10.7492,4
25.5569,0
5.97753,6
7.38567,5
21.3206,1
32.906,6
38.3389,3
8.74781,2
8.67317,1
12.7827,1
5.5948,3
18.2911,0
7.84425,3
8.58015,1
13.1549,2
18.0872,2
14.5803,2
11.7731,4
18.9075,2
9.9552,3
6.17709,0
16.3053,3
14.7062,2
19.5412,1
8.13273,2
16.1383,3
5.37353,2
9.24508,3
11.7314,2
30.9421,1
21.9016,1
6.63409,1
6.51656,3
28.0821,3
11.1131,4
13.9286,1
34.837,3
7.46989,1
17.1102,2
5.57788,1
20.4269,1
29.755,2
5.71112,2
13.3085,1
8.27598,5
4.43787,2
6.91561,1
14.3087,2
16.0565,2
5.41117,1
18.559,4
12.1058,0
3.86444,2
8.04062,0
26.2827,3
20.9663,0
13.0742,0
10.0954,3
16.8243,4
19.6296,2
5.63401,2
9.13751,1
30.4462,3
8.31392,2
9.92014,6
8.21548,1
10.085,0
11.9646,4
9.78478,6
9.4704,0
9.31352,2
16.492,1
30.2896,4
10.8091,2
5.63492,0
11.3041,2
14.9589,2
10.8698,1
8.52586,1
18.8826,0
11.2084,1
10.3596,0
16.6119,2
14.7197,1
6.0775,3
5.93229,2
9.13155,0
19.3969,1
10.3756,2
6.84962,1
14.0388,4
11.654,1
15.3626,0
6.12893,5
6.52632,2
36.7274,5
39.8302,4
13.4345,1
11.5497,1
17.8794,0
18.4865,0
22.1134,0
6.30296,2
11.4403,0
16.359,3
7.85457,4
13.4674,1
12.3984,2
9.45063,5
9.63424,3
4.16917,2
11.43,0
7.89281,1
27.6714,1
7.59514,3
18.9355,2
10.4672,4
12.814,1
5.49588,1
9.60842,3
44.6874,4
5.1555,2
28.267,2
14.0657,5
4.83342,2
17.3448,3
8.84415,3
16.4416,2
7.42969,2
9.60104,5
36.982,2
11.2852,5
32.1414,2
7.04993,1
33.8974,1
8.83606,4
12.2887,2
22.0862,3
7.03095,3
22.7698,2
7.61065,0
8.44277,3
26.2954,2
12.451,2
8.82151,2
27.4017,2
22.538,5
13.6671,3
6.2853,0
7.647,3
16.9718,1
26.9351,1
18.7405,3
10.2424,2
14.1509,1
11.1577,1
13.98,1
7.30988,2
14.0562,1
13.1762,1
6.72346,2
6.50047,0
11.2467,0
6.09906,2
13.1845,0
7.61046,1
12.8725,2
15.8019,3
10.4073,2
5.89283,0
13.4712,5
4.91439,0
37.214,0
6.31636,0
13.027,0
10.1906,0
28.3061,3
5.86037,1
10.4584,4
6.77869,1
17.6783,2
9.27668,3
12.7843,3
10.0358,3
16.3027,2
22.9801,1
8.55606,1
17.5479,1
8.86689,0
10.6214,1
7.20581,2
20.8664,0
13.4849,2
12.2046,4
20.483,4
11.6661,2
23.1276,0
11.3721,2
8.35024,1
16.8949,2
14.7324,2
21.9303,2
19.8944,4
6.72496,2
8.43082,1
10.9437,3
26.5362,2
7.87407,2
6.49609,0
12.259,1
11.4355,1
11.1059,1
7.56547,0
21.7959,3
15.9369,2
20.2998,2
16.9129,1
6.37768,1
7.95527,3
11.3724,1
8.36858,2
11.303,2
15.374,0
14.6029,3
20.7816,4
21.9426,3
21.4937,0
9.47937,4
14.8944,2
15.7145,4
3.60906,1
38.4996,2
9.19597,3
15.1803,3
16.4742,2
13.5962,2
6.64431,4
11.1384,2
16.5741,0
25.3167,3
10.032,4
11.3715,0
15.8968,4
18.8554,1
16.4874,0
30.1331,3
24.5918,4
7.95533,3
3.94573,1
17.9922,1
9.31754,2
13.9941,3
31.6807,0
16.7647,3
5.52753,5
20.8495,6
27.0573,4
4.51311,0
13.5612,1
7.78945,1
9.9642,2
6.96235,2
14.1664,1
10.3261,1
23.8094,1
21.8626,5
13.4954,0
12.8898,3
10.9797,0
10.6057,1
6.96242,2
10.9583,1
20.014,2
9.11654,2
23.7683,1
12.8141,1
13.9753,2
15.1668,1
13.5637,0
7.67879,1
12.3198,3
13.1774,2
15.5742,2
12.3832,3
13.6877,2
8.27063,0
17.2774,2
21.2415,1
6.80934,1
9.94653,2
14.4179,0
16.334,3
25.8308,3
31.7127,0
3.83584,1
6.64188,0
7.80113,1
21.7281,6
8.02158,0
7.32971,3
9.21657,4
15.8055,2
6.36919,2
6.92394,2
11.0661,4
29.2738,3
21.0904,2
8.78796,2
5.22981,2
8.36752,5
4.29054,2
17.992,2
6.28931,1
26.4273,2
18.811,3
9.94203,2
25.1416,3
21.7365,1
24.2655,1
54.2663,3
8.70471,3
10.0911,1
8.22233,6
8.66732,4
12.3298,2
18.7445,0
28.1284,2
7.07214,1
22.8484,0
21.3218,1
7.47451,1
3.97117,1
5.10062,1
18.4469,0
18.6562,3
9.54895,1
6.71677,0
14.1578,1
13.7366,0
15.0024,1
23.879,1
13.4193,1
42.4066,5
6.04496,5
8.46628,3
14.6502,4
27.2495,0
28.8717,3
19.3347,3
24.7023,1
10.8274,3
14.0493,1
6.65512,0
4.07066,1
7.65762,2
38.5056,1
29.1219,2
15.361,1
19.8335,1
19.8111,2
12.3332,1
14.8487,2
21.7919,0
15.3145,3
5.50292,0
29.7356,2
5.93663,6
5.56695,0
6.69142,1
10.1081,1
5.33114,2
13.6226,2
26.6014,4
6.05331,1
7.90561,3
11.5575,3
9.35762,1
10.5047,2
22.5658,1
20.3099,1
13.8571,2
13.2745,0
7.80603,1
7.29677,1
4.9214,3
12.8712,1
12.3806,4
7.91214,1
16.3239,1
22.0955,1
21.9509,4
5.50756,1
12.5064,4
13.5732,3
7.52691,2
14.6747,1
10.5585,4
8.18068,0
5.7696,3
8.67571,3
10.0666,0
4.70806,1
19.5155,4
30.1207,4
3.99206,3
10.6776,4
14.2943,1
14.2129,3
10.259,1
11.9235,3
7.77083,0
33.8785,2
13.9044,4
8.44403,3
14.4677,1
7.83167,1
9.70427,3
9.15459,1
13.1645,2
12.6671,4
24.2405,3
13.2071,2
33.3019,1
13.0675,2
14.9746,3
18.4024,4
16.7015,4
11.411,3
22.1538,3
22.7777,2
12.1114,1
26.1392,0
11.7907,4
9.38812,0
39.2333,1
21.1966,0
12.2696,2
7.93082,2
14.5192,1
13.1517,3
37.6087,0
20.5675,3
17.4269,2
24.9004,2
9.25134,2
7.43434,2
32.8133,0
9.82006,2
25.9308,2
11.7548,3
19.4614,3
14.8487,2
14.8329,1
17.8869,1
7.08291,1
16.8821,1
12.3489,0
5.25131,2
2.8908,1
24.6631,3
7.11982,1
8.68293,3
12.6805,2
13.593,3
7.21589,3
15.2854,0
7.64037,2
22.8535,1
9.097,0
15.0735,2
7.23949,1
13.3606,1
16.2768,0
6.90504,3
13.6926,1
17.9234,1
42.3513,2
11.4205,0
14.1921,3
15.4826,2
22.8117,2
15.9383,1
14.7834,2
8.48024,1
7.69604,1
16.4066,0
16.9408,1
4.17322,1
6.62096,2
8.0249,3
25.6321,8
14.5911,5
4.51763,2
15.479,0
5.8464,0
10.3277,3
13.0898,2
7.06915,1
21.1374,4
22.4225,2
32.9422,3
6.58261,2
5.98136,3
7.31484,6
13.0968,1
12.6218,1
35.3543,0
15.4342,2
12.0004,1
10.3845,1
20.4569,3
7.88638,3
20.8695,1
8.15405,0
11.3997,2
9.47465,1
16.649,0
22.5622,5
45.0777,2
14.8205,3
32.7492,2
9.82289,2
19.8361,7
19.5926,4
17.9827,2
14.3611,2
11.5376,3
7.57657,1
6.41976,1
17.5522,0
15.494,1
16.057,5
18.6567,1
10.6438,1
7.6782,0
13.8841,1
14.8772,3
7.37071,1
18.5904,3
16.4923,1
19.7853,2
15.9142,2
8.4517,0
6.07404,3
9.3212,1
8.78038,1
16.8624,2
13.1009,2
7.36876,1
17.5044,1
5.40591,0
12.4054,0
22.8086,2
14.4448,1
10.6005,0
7.7095,2
25.4034,4
34.0475,1
11.2999,2
8.47229,1
17.936,0
10.0402,4
7.26842,1
10.045,1
19.6989,1
17.9002,1
7.69432,3
24.2738,1
6.66525,3
4.03673,4
9.9185,2
15.6884,3
20.5213,2
14.51,3
9.13211,1
8.55962,3
13.7685,1
24.3048,1
21.1696,3
9.02784,2
15.5596,1
6.08799,2
12.3041,2
16.3409,2
8.15181,3
17.0878,1
8.7688,4
12.7721,3
6.13574,0
11.362,2
15.4955,1
4.72918,3
8.44697,2
8.35997,2
6.22977,2
12.9029,3
25.9026,2
13.3001,1
11.4106,2
15.3562,2
12.9088,2
17.9153,3
6.19736,2
9.07635,2
5.915,1
24.6577,1
19.0881,0
31.8204,1
17.0561,4
11.9063,1
12.5676,3
9.0643,2
7.18811,5
19.3528,1
10.1013,2
14.3737,0
15.0432,2
17.7802,0
29.6284,3
23.1544,1
10.9827,1
11.5692,0
23.7515,4
11.3065,2
7.85135,5
4.85157,2
17.1562,1
6.46213,4
13.6591,3
7.94631,3
4.54876,5
4.69276,1
5.09023,1
7.20265,0
12.1152,4
21.248,4
24.8953,0
40.1065,2
11.153,0
8.82776,1
13.6285,1
12.7881,2
9.31026,1
14.7922,3
22.2371,2
30.6273,5
15.2513,1
16.0566,0
16.3207,0
6.67028,2
9.12236,1
13.1262,3
8.31322,1
15.27,2
5.14989,3
5.94965,1
12.5552,1
18.163,1
14.4377,2
7.9001,1
73.94,2
10.7785,2
13.8591,0
15.8846,4
17.2771,2
13.6186,1
22.8474,2
12.7116,1
9.23919,0
48.5385,2
28.0837,1
13.5904,0
6.98905,1
4.67902,6
10.9337,1
20.0215,2
9.24043,4
16.7111,3
5.62912,1
10.0987,4
28.9128,2
4.1702,1
17.656,0
12.4897,3
11.7777,2
10.2031,1
33.6937,1
5.77543,1
13.1619,3
27.1354,1
10.7733,1
12.0438,2
11.605,4
17.9621,1
12.1283,2
9.22179,1
11.2472,0
22.0762,2
6.65365,2
4.41767,3
32.9989,1
5.40212,1
5.93848,3
13.949,1
11.2054,3
6.68196,2
11.5462,2
10.5758,4
8.02122,2
12.7093,1
11.9611,3
8.30171,0
24.4548,2
17.4908,4
8.5838,3
4.34748,2
5.20868,5
7.04488,1
12.4578,3
28.082,2
35.3025,2
16.9241,3
21.087,1
15.8043,1
24.792,0
10.8407,1
9.09916,2
13.745,0
16.7163,3
20.5768,3
12.7711,2
26.4344,0
26.5382,1
10.2558,3
3.90902,2
21.271,2
8.38018,2
19.5181,3
23.236,1
10.1705,0
11.7251,0
47.3586,1
12.4606,1
14.6837,0
7.09735,4
3.89523,0
12.5339,1
9.10758,0
15.4087,3
42.7509,2
8.01609,1
4.57784,2
9.81702,2
8.34879,4
5.68634,2
16.8416,0
5.41316,1
18.9218,3
50.215,0
10.9021,0
13.479,1
14.6048,2
3.48939,2
26.316,1
9.39721,3
8.40335,0
29.1238,1
10.0416,2
10.1198,1
12.9217,1
10.0484,1
21.4293,1
17.7621,1
7.30844,0
28.1654,2
32.2893,2
8.62327,2
6.89021,1
20.5587,2
7.58876,0
6.99896,3
16.8488,3
28.5949,2
9.88671,3
23.2348,0
12.6246,0
5.43119,0
7.717,2
13.606,2
11.9818,3
8.812,0
27.907,1
11.0803,3
5.21387,3
10.4593,1
7.33115,0
28.2208,1
5.24468,2
5.34108,2
14.409,3
12.5239,0
29.3295,3
8.55983,4
17.9577,2
17.6323,2
15.8915,1
15.6461,1
10.7555,3
18.9939,1
10.0983,6
21.137,2
22.5756,2
12.7214,0
14.8332,2
12.1391,1
20.896,1
13.0274,5
7.6917,1
10.9263,2
16.021,2
14.5392,2
10.4636,1
33.7154,2
6.35518,2
9.14883,0
6.41854,1
8.22945,2
20.556,2
7.04761,5
12.207,4
4.35935,2
14.6377,1
20.8659,4
13.3563,3
25.5269,1
4.10548,1
28.8474,0
31.2091,3
10.8701,6
8.68866,1
11.7283,0
15.3901,1
5.43316,1
11.2219,4
18.4407,3
9.57749,2
12.6604,0
9.49019,1
5.61741,2
15.5585,3
6.8998,0
10.48,1
4.27995,2
9.4778,1
16.0254,2
16.5973,4
14.3523,1
19.7169,2
6.66156,3
8.59599,2
5.36114,4
21.0007,3
12.9581,1
13.2801,0
25.4629,1
8.77372,2
15.526,0
5.17453,1
8.77364,2
9.67018,3
12.3366,1
33.5852,0
9.91503,3
20.9447,1
18.2172,2
19.967,1
3.54991,3
4.8674,2
15.8191,2
8.06539,2
24.5594,1
21.8021,1
8.6124,2
25.9752,1
12.6584,1
10.4879,0
26.0821,5
17.4591,2
13.2587,1
14.7531,3
4.46193,3
6.83013,4
9.05544,2
15.3433,0
18.667,4
15.7841,0
16.128,1
5.22389,1
12.296,1
12.3362,4
8.70412,5
9.76653,1
11.9522,8
19.169,4
16.3489,1
26.2165,1
13.3162,1
16.0933,0
10.5345,2
10.4355,0
23.4306,1
9.4635,0
6.79435,2
7.17231,3
17.2252,2
10.7053,2
29.4073,3
11.9385,3
15.0378,3
47.847,3
10.4101,2
22.2292,0
6.59136,2
23.8108,2
7.98365,2
4.71979,2
5.48421,1
10.9643,1
7.41626,1
14.4191,2
11.4617,3
11.5723,0
14.6943,3
6.73424,2
15.1531,2
7.91035,4
9.77139,0
11.0314,2
8.38432,3
20.8772,0
18.5756,1
5.83281,0
17.5495,4
17.5144,2
22.0223,3
14.2778,0
14.813,3
21.2713,6
10.184,0
14.8806,3
9.96451,0
4.81371,1
10.3218,2
20.5213,1
6.01336,2
19.0008,4
38.3068,0
18.1654,1
10.923,2
3.88821,3
22.149,0
6.97478,2
16.1864,0
8.52288,1
48.8904,0
11.5051,0
8.86767,2
27.9848,3
18.8618,2
17.4261,0
8.06077,0
21.1924,1
14.1695,3
7.00684,0
18.9886,2
9.11213,0
4.59365,1
11.3793,3
4.59854,1
17.428,2
9.56163,4
13.7099,2
22.4497,1
8.32263,5
11.3953,2
14.5727,1
4.3367,2
19.8381,2
16.6104,4
9.32582,1
9.34607,3
7.45819,2
8.80722,1
14.0854,3
7.5056,3
11.1834,2
5.55665,1
24.6859,1
7.76926,1
13.2337,1
4.65461,2
7.6889,6
23.9329,2
6.52208,3
6.14584,1
17.1181,2
5.63153,1
14.7487,0
19.5126,3
12.0491,2
12.1112,0
5.08256,1
11.9532,0
20.6172,1
11.2942,1
11.8599,3
6.73389,2
10.3625,5
15.7516,2
24.7569,2
6.16195,0
20.2588,1
7.11806,1
15.5019,3
16.5849,2
9.39789,5
12.0483,1
7.53943,3
7.7294,1
24.124,2
6.77877,1
3.91844,2
18.4321,3
10.5616,0
13.2557,1
7.31986,2
5.22597,3
12.8413,1
10.9556,3
7.3508,6
12.7511,3
13.7592,0
8.26385,0
4.06702,6
27.6319,3
13.856,3
20.2524,2
19.072,1
13.7634,2
22.0952,0
5.79923,3
21.4497,1
4.76774,5
9.6029,0
17.0247,4
12.1286,1
14.8247,2
14.5435,0
6.8299,3
12.2314,4
19.4316,1
5.52101,2
11.7434,3
7.15838,2
13.3561,1
14.3631,3
14.4029,3
14.1313,1
23.5483,0
7.99606,1
7.95583,0
5.1645,3
6.92408,2
7.35414,2
12.0117,3
15.8109,4
8.46976,3
12.9685,1
10.4718,3
17.2715,1
21.1872,3
20.7798,1
11.0498,0
8.76661,1
11.9702,1
17.3594,1
25.3946,0
17.991,4
12.4991,1
16.7529,1
13.302,0
21.8168,0
10.5773,3
7.19693,3
3.99985,2
7.62306,5
24.7135,2
7.5254,0
7.15669,3
23.0891,1
18.7003,0
11.5351,5
52.3172,3
19.5584,2
21.9663,2
13.4807,3
12.9042,1
11.1347,4
11.0504,1
13.458,2
12.4412,3
30.6623,2
6.82949,1
7.80503,6
7.96822,2
24.5531,1
7.78609,1
9.83297,0
9.94067,0
16.9262,2
10.8398,1
7.68631,2
17.5675,2
23.9565,2
11.103,2
20.5202,1
11.9016,1
10.3235,1
11.388,1
17.8232,2
10.9865,0
5.8436,1
6.12378,0
7.41376,3
20.0838,4
19.5152,2
13.7749,0
19.429,3
7.6227,2
11.8759,0
9.24758,2
14.17,0
8.27922,0
6.80674,4
5.56969,3
8.35167,1
5.5091,3
8.63235,1
8.71039,3
16.3731,1
9.34307,0
6.30696,0
12.1425,3
6.01987,2
28.2156,1
17.1305,1
32.6527,3
28.4876,0
28.9023,2
14.5333,0
8.76935,1
24.2663,2
19.3641,1
7.48261,1
6.76404,2
9.62841,3
23.4927,2
6.14063,4
11.0954,3
7.02887,1
20.2041,3
8.21978,2
3.97744,2
20.8829,1
9.98377,3
27.514,1
7.21369,2
21.4654,2
15.2898,1
13.7523,3
25.1624,3
6.50261,1
16.4576,1
6.5715,5
17.9471,0
7.64046,1
18.9922,3
11.1883,2
8.72393,2
28.1482,0
14.338,0
4.53312,3
13.7617,3
6.23877,1
5.51048,1
14.7023,2
8.0497,2
23.9696,3
7.51955,4
14.7109,3
22.4189,3
25.6044,2
5.96616,0
11.8293,3
7.40473,2
13.858,0
10.2681,2
6.52307,1
11.4465,1
15.7841,5
24.9999,1
6.55114,4
19.6496,1
36.09,3
12.9143,0
11.0012,4
4.42424,1
8.50538,1
9.81598,1
12.0397,2
7.10782,1
16.7143,2
11.2884,1
11.4625,0
17.3873,4
16.0854,0
10.2424,3
9.61032,3
11.6438,4
8.15463,2
8.25874,2
8.57023,0
12.7505,3
11.7301,1
17.4885,1
12.8337,2
7.00107,3
5.16717,1
6.0964,2
16.0867,3
28.4888,1
10.8864,3
10.4903,4
40.3943,2
6.71678,4
7.20613,0
10.626,2
6.31713,1
15.5092,4
9.7041,6
10.4149,1
15.851,5
36.1472,2
5.85619,3
7.56506,2
35.0592,3
13.6504,5
16.6131,3
12.8967,6
20.8594,2
20.0769,1
11.2986,1
7.17696,3
30.3092,2
8.91403,1
9.21991,1
12.5052,1
7.7661,3
35.4072,3
16.2555,3
9.63697,1
13.8804,1
10.1167,1
5.6718,1
11.3727,1
36.5297,3
13.4116,1
14.2467,1
16.7266,2
6.51215,2
14.9407,2
21.7117,0
16.5276,1
19.1797,2
18.5912,0
9.94286,2
15.0055,1
23.8593,1
17.0782,1
8.28366,4
24.4485,4
7.53877,4
33.0743,1
5.868,1
19.9509,1
17.6575,1
4.57037,4
22.9581,1
12.049,2
4.81024,2
25.2364,4
28.0537,1
7.77543,2
6.98259,4
16.3191,1
6.32413,2
13.9504,0
8.42449,3
28.9983,1
29.3504,2
5.06216,4
10.01,0
13.9953,4
20.2831,0
9.28791,1
13.5802,6
14.9664,3
20.256,0
13.1281,0
14.788,3
7.35726,2
26.4406,4
5.90817,4
9.8433,0
10.1327,0
12.4108,2
12.7134,4
9.69804,2
12.9763,2
20.0496,2
5.88097,1
14.1333,1
13.3273,1
4.94672,3
5.89119,0
10.3088,1
6.02648,0
6.34105,0
6.78196,2
15.9005,2
18.6916,6
11.2758,3
9.02566,2
18.278,1
8.67929,3
24.0574,1
16.8563,2
6.03826,3
12.9992,4
19.5818,2
25.9643,2
5.82688,1
6.19396,1
7.14094,0
15.9761,2
11.2931,0
12.6695,4
16.9433,1
13.6022,3
12.1897,3
16.6139,3
9.49446,2
11.0406,0
20.4665,3
8.17413,3
9.5046,0
11.431,0
11.3484,0
9.17262,3
10.0032,1
18.7281,3
6.65021,0
16.3366,4
8.36476,2
13.8858,1
12.17,4
9.79609,3
13.0244,1
19.5003,1
13.216,2
24.4557,2
15.0879,1
13.2779,3
26.5986,3
15.3885,2
5.41947,1
20.8108,5
18.133,2
16.3572,2
9.14203,0
5.57183,4
16.7953,3
8.84348,5
6.84126,1
11.0269,3
22.9998,2
33.889,2
7.21611,3
16.4682,2
36.5442,3
4.23729,0
22.0851,1
10.768,1
9.89002,2
13.2192,1
12.5394,0
7.06003,3
27.175,1
28.3989,2
10.7252,4
11.2694,2
11.1035,4
10.1712,2
20.692,0
8.79101,2
23.7521,1
21.1967,4
5.90301,4
11.0188,1
9.20786,2
23.0662,2
14.7579,2
59.8807,3
21.7414,3
11.4841,2
14.1807,0
9.46433,3
11.1259,0
11.1064,1
13.8962,3
15.1671,4
12.683,0
11.9445,3
13.4722,0
14.9989,2
29.3996,2
21.9359,2
21.7175,0
21.5428,2
6.44652,1
18.9193,1
6.40866,5
7.6937,0
13.4294,4
14.0597,2
6.43493,2
24.7836,1
6.39105,0
17.4794,1
5.08113,4
14.527,2
7.70933,2
27.3851,0
8.27193,0
12.6544,1
11.4488,2
19.3147,1
21.8726,1
8.84739,2
29.0964,3
19.7695,1
7.65635,0
47.4267,2
16.9137,1
10.4131,0
14.6729,2
10.2471,1
9.7783,2
7.41571,2
9.84138,1
16.2779,1
32.4266,3
7.53057,2
16.8157,3
32.4283,4
16.8894,0
4.49507,1
4.49977,2
9.19524,0
19.264,2
12.6097,4
15.983,2
11.034,1
18.0733,3
11.7416,4
7.62317,0
14.9736,2
6.99293,2
7.51332,0
26.4299,4
16.1477,3
10.0225,2
20.0415,2
11.4013,2
11.2526,3
8.62041,1
20.2889,3
17.5211,2
12.4821,3
12.8459,2
40.0202,1
11.7686,1
7.24094,1
13.8407,0
9.70059,0
14.5627,0
12.5445,1
4.39968,5
12.1446,1
13.701,0
12.8286,1
13.1674,3
6.47132,2
7.94375,1
14.1042,2
18.7881,4
27.7665,1
26.9453,3
15.7042,4
37.413,5
2.64186,5
8.79491,3
27.9331,1
16.8342,3
8.55947,3
18.6816,1
8.27035,3
12.9669,3
8.33791,2
7.70036,1
8.43885,2
23.8495,2
13.407,1
5.669,1
12.4744,1
7.54608,1
15.7016,3
9.7617,4
21.3524,3
12.799,2
18.1333,3
12.18,0
14.9664,1
16.4277,1
6.19651,2
6.29891,2
10.4829,2
22.7106,1
14.351,1
9.55223,0
9.46186,2
40.61,3
22.1807,3
9.23426,2
15.2119,2
12.7005,1
15.921,1
6.81711,1
8.72814,2
5.55008,3
8.86538,1
6.24726,2
15.3416,2
4.46763,5
8.97238,2
9.18708,5
8.52502,2
24.8784,3
13.0016,3
6.40794,0
5.60313,2
14.8821,0
5.62757,2
3.42202,4
27.8656,3
9.22877,3
29.0688,1
18.1836,1
18.6525,3
10.0842,1
18.2783,0
9.40833,2
14.3197,0
8.74423,5
5.09091,0
18.4957,1
19.9298,2
4.97301,3
18.7125,0
15.2254,1
20.7962,3
16.7692,2
11.9667,4
17.9421,0
11.5316,1
24.2246,1
7.34961,1
9.7458,2
11.0632,2
14.551,5
11.6998,3
6.77352,4
12.4818,1
8.93776,2
17.1311,3
11.7061,2
8.87722,2
8.18865,2
29.7797,2
30.3545,1
5.62711,4
26.3781,2
4.93358,1
14.7366,3
10.128,0
7.83492,1
13.1602,0
8.85581,3
7.15646,1
16.4032,3
19.3024,2
4.79617,0
16.3242,1
11.6883,0
10.1902,2
13.3626,0
12.9035,3
18.8905,0
11.3161,2
16.8341,5
15.8261,4
11.1818,3
14.5032,1
5.85061,2
5.93434,3
8.87497,2
11.2265,2
14.1837,1
12.0407,3
9.81586,4
14.2619,0
19.5976,0
30.8829,2
25.0562,2
16.6584,1
8.72983,3
7.3094,0
34.0994,0
30.5452,0
9.30377,3
16.5428,4
9.2127,1
38.891,2
9.69348,0
13.1016,2
5.51758,2
14.1246,1
41.5729,1
14.4296,3
26.7015,2
10.5874,3
13.3054,1
25.3399,1
24.2766,4
18.3449,5
14.0461,2
19.9301,3
8.99657,1
13.2957,3
13.5595,8
21.9844,4
7.71651,2
14.2561,1
11.9792,0
20.1461,4
9.35618,3
18.4281,2
12.4235,4
9.91218,1
10.1171,1
10.5373,1
22.3662,1
12.3034,1
5.96064,2
11.8909,5
23.9339,1
36.2362,4
29.0661,3
6.20874,1
31.2291,3
31.361,4
20.9733,2
19.1876,1
8.60747,0
19.4807,1
6.54993,2
17.3784,1
10.6751,2
18.6913,1
21.1932,2
12.0567,1
9.24963,4
40.6477,2
18.2019,1
26.158,2
13.5812,1
8.28021,1
23.152,5
9.28253,1
10.5455,2
6.68255,1
14.0097,2
17.8532,0
18.8305,1
13.9039,1
9.90858,2
14.0837,1
11.7266,3
14.2868,2
18.0813,3
9.68786,1
15.5491,2
8.41449,2
21.9491,3
13.8211,1
20.6203,2
6.92668,4
7.76938,2
5.59809,3
10.6484,1
7.94011,2
21.6757,2
15.6603,2
10.0488,2
20.6435,2
7.47533,1
15.3981,1
11.6144,1
12.6063,1
6.71593,1
13.6353,0
8.64665,1
22.9985,1
50.4622,0
12.7002,3
7.69499,0
13.8519,2
10.5871,2
6.72372,0
16.8656,3
31.5136,2
11.466,2
12.209,3
8.06432,2
19.5607,0
6.51293,2
18.9935,2
7.23019,3
11.7812,1
15.7627,1
8.18752,0
23.6795,1
20.7955,2
9.52946,2
6.24188,1
7.50949,1
7.4998,1
6.45678,6
11.5215,0
8.42931,0
5.96051,2
9.80462,1
21.1123,0
11.792,2
26.6352,6
28.0345,0
10.0346,0
5.0466,2
21.8544,2
15.0697,1
13.6935,3
5.78771,1
20.9857,5
6.9176,4
16.1233,1
12.6437,0
15.624,1
12.5772,1
7.57856,3
5.10888,4
5.74362,2
13.2636,0
20.155,1
13.3778,4
20.9708,3
9.24663,3
8.31413,0
12.9846,3
12.6824,3
8.25145,1
10.1258,2
9.7037,3
6.87094,1
7.25342,0
12.1277,4
4.9278,2
21.8621,5
11.7325,0
22.5897,1
4.42504,1
8.12204,2
8.92038,4
13.1048,3
10.9824,0
7.33603,1
15.5445,2
8.99342,2
12.4261,0
8.18622,1
15.8194,2
7.92721,4
7.612,3
6.52482,2
13.3971,1
10.7468,3
6.57603,0
9.62128,2
27.1637,3
11.8946,3
8.64129,3
13.7857,2
17.599,3
13.1872,1
22.3843,3
9.35533,1
9.80338,2
5.13387,1
18.6197,1
4.50327,1
8.84931,3
14.8032,0
22.3065,2
8.17654,3
11.7427,5
7.79973,0
8.16206,2
6.94384,0
5.45796,1
32.1179,2
9.7524,5
10.6804,2
12.3926,1
21.3496,2
12.995,4
11.4147,4
11.0946,2
18.7602,1
14.6307,0
18.8812,3
10.1681,2
20.3439,2
10.5148,1
23.4771,0
12.8975,1
32.8989,2
12.2958,0
10.6523,1
28.2873,1
22.7871,1
11.334,3
21.0168,3
7.62981,0
11.4599,2
15.0451,3
18.2278,1
10.5991,0
25.1751,0
10.4415,3
7.52429,2
14.3673,3
24.1599,1
14.3194,3
32.4536,6
5.95908,2
8.45947,0
9.79035,2
7.39081,2
25.9611,1
15.0384,2
13.8639,2
10.8201,1
32.7548,2
17.8546,0
7.45096,3
22.2564,3
10.8596,5
13.768,0
19.0797,4
16.6546,2
30.2989,2
9.14435,3
9.84793,1
10.2444,2
16.9551,3
11.6885,3
23.6704,0
13.6569,4
30.8872,3
18.5811,4
15.6764,1
8.65521,4
9.52512,0
17.0875,3
6.24033,0
7.13001,3
15.1334,2
6.92811,0
12.312,1
12.3019,0
22.9556,1
11.3419,4
21.3751,1
19.5398,2
8.79922,1
12.1357,4
7.75985,2
10.0514,1
13.1865,2
17.1801,2
11.2483,0
6.27957,2
9.15299,5
20.6175,3
6.73763,2
16.3579,0
11.403,1
11.5165,1
5.61819,4
18.4066,2
19.293,2
24.0761,5
18.9704,3
27.589,0
14.1445,1
11.8504,2
9.78844,1
7.1885,3
15.8851,3
18.9275,2
5.19412,2
14.7639,2
6.62824,4
6.25845,4
10.3618,5
10.5101,2
8.65421,2
23.5794,3
10.0397,4
5.09902,1
10.1226,0
6.47685,0
5.51947,1
14.1219,3
29.6966,0
9.21897,3
17.9683,1
26.1518,2
5.29848,2
15.4144,5
14.3603,0
9.15056,1
9.25569,2
5.07315,4
10.3133,1
6.92236,3
23.6318,4
14.9879,2
8.9959,1
6.02121,5
8.25388,3
14.9184,4
4.95503,1
10.3112,2
11.5647,4
10.878,1
7.87641,2
15.6918,1
10.3468,5
16.3546,1
19.3408,2
16.2558,1
11.4943,1
9.9847,0
25.5155,4
19.9924,2
7.2192,1
17.7892,2
10.6256,1
20.3887,1
13.7642,3
4.8074,0
13.4278,1
21.5293,4
12.3714,2
18.066,3
22.0071,0
14.3776,0
7.90228,2
5.29956,0
6.63013,0
7.14584,3
15.0231,1
12.4643,2
17.7019,2
8.11778,2
14.5376,2
6.2825,0
9.89445,3
11.6106,2
32.4938,4
5.8695,1
23.2757,3
20.9179,2
7.71447,2
6.84172,3
13.5124,2
10.7425,0
26.3029,3
23.6947,1
12.4871,1
13.8587,1
25.3867,1
8.75347,0
35.9318,0
12.0543,2
7.93775,2
3.83511,3
7.10379,3
28.5135,1
15.3366,1
16.5427,0
9.2201,5
10.3119,2
7.96857,3
9.09663,4
28.8874,4
14.7138,1
33.7101,3
8.95536,2
8.28203,1
37.2032,4
12.6962,3
11.5035,3
8.67453,2
10.0388,2
17.5871,3
10.0258,4
17.3008,1
9.43489,5
7.70318,0
26.0869,3
11.3266,0
14.1431,1
9.10912,3
7.7992,1
35.1951,0
5.31811,3
14.7734,2
11.6995,2
7.6566,2
9.83961,0
14.1528,3
15.2092,1
12.3603,1
8.82209,5
11.6481,1
6.37425,2
11.067,3
8.88265,0
13.6623,3
13.5866,1
25.4397,1
11.5091,4
8.52793,3
11.6184,2
18.4716,0
16.8472,1
11.0365,0
11.5737,3
10.2098,1
17.9723,2
9.33542,2
21.9312,3
7.5847,5
9.43056,0
10.9354,0
9.14104,3
9.28981,2
14.4544,2
10.785,0
15.5827,1
11.0683,2
21.1844,2
7.3384,4
16.4178,2
14.8614,2
15.6538,3
18.7667,4
15.5381,6
14.1039,2
11.2783,4
11.3132,5
21.0705,1
5.73706,2
12.7151,2
14.8291,1
39.5764,2
3.4333,1
14.1023,1
6.04834,1
13.9284,0
11.4252,1
35.9048,4
13.253,3
14.6572,1
12.0635,2
5.00759,0
29.0743,0
5.77934,2
9.34216,1
7.02205,2
9.52327,1
6.63022,2
16.7704,2
28.5548,3
5.72228,3
15.6238,1
10.8343,5
6.08532,3
22.2051,1
12.7803,1
8.27129,4
14.0501,0
5.45249,1
4.36441,1
33.7471,4
28.5043,5
27.4303,1
16.8893,1
10.3332,3
16.2709,3
7.98856,3
11.858,2
18.3207,2
13.3195,3
5.9989,2
22.5266,0
14.7309,2
3.18884,3
15.5844,1
7.21722,2
5.97722,3
9.57859,1
12.7926,0
11.6813,2
14.2662,3
16.7242,2
9.35117,1
9.44169,6
15.7065,1
12.4951,1
7.73835,0
8.16682,1
9.03136,0
5.37816,3
15.3904,2
14.1267,4
36.4336,2
7.09632,2
6.81565,4
8.09647,2
7.19012,3
9.27917,3
12.8974,4
7.91825,1
12.1138,2
9.63471,1
9.93034,3
9.58945,0
15.6969,1
9.8488,0
7.56569,0
14.3303,2
11.1353,1
7.02586,2
8.61682,0
10.5986,0
13.9816,1
10.5046,1
11.4946,0
28.3766,2
11.4919,2
12.4415,4
4.27324,0
13.0866,0
8.6069,4
8.3815,3
3.41706,2
26.2341,2
14.1817,2
14.0737,2
2.95284,2
15.0226,3
8.48611,3
6.57399,3
7.31664,2
33.7852,3
9.55176,2
6.96334,0
5.34388,2
16.7932,5
14.7659,1
10.3897,1
7.51876,1
18.1336,2
9.54539,1
10.4735,0
15.3573,0
15.3199,1
21.8508,1
17.5364,2
11.0309,4
9.33914,0
22.6377,2
12.4365,1
5.6418,2
8.89505,1
9.91552,1
22.9109,0
12.8049,0
13.501,4
10.5004,2
8.39388,4
10.8461,4
5.17925,1
11.6242,0
9.58547,2
4.09316,1
7.56902,1
6.27582,1
16.6102,2
17.7299,4
26.1154,1
15.1168,0
5.42461,2
6.49823,0
11.7649,1
10.9878,3
14.9145,2
23.5505,2
30.2921,2
15.4747,2
11.742,1
28.7758,3
8.95364,2
45.05,1
24.7887,2
28.9282,1
23.6477,3
3.12037,1
7.01217,1
9.27054,2
11.5052,3
27.5055,0
10.8938,1
21.64,1
8.08696,4
24.6008,3
10.487,0
12.3238,3
11.6019,1
17.9229,0
26.6292,3
10.6192,2
12.4384,2
21.028,2
12.8437,4
10.6187,1
9.97868,1
21.4634,2
25.1975,4
10.933,5
25.8682,0
11.5612,0
8.0114,2
8.15588,1
19.7987,4
6.38225,0
23.4122,2
7.69535,3
9.09826,1
21.4856,1
6.20568,2
17.4849,1
10.7117,4
10.8777,3
16.0913,1
12.7691,0
9.08485,1
15.6795,3
6.7945,1
22.4407,2
12.9513,0
6.10728,1
24.8957,1
10.8275,0
14.5974,0
12.9222,1
9.33392,1
5.04082,2
8.825,3
15.632,1
12.3511,1
6.31502,2
2.9319,1
15.9956,1
13.3496,1
6.61762,1
23.1587,3
11.5685,0
7.75008,1
26.0799,1
10.329,4
10.2453,2
48.8302,4
11.5846,1
8.61599,2
13.3381,1
7.9429,4
12.1332,1
15.3056,1
10.0896,3
32.1608,0
7.58051,1
13.8642,3
21.3021,3
20.825,1
9.51335,0
10.1564,1
7.63683,3
13.2803,1
14.2642,2
13.6336,3
38.6978,0
9.15338,5
19.4993,0
9.80767,1
9.00945,2
11.9146,2
20.1337,2
10.807,1
31.8919,0
10.7982,0
6.86206,2
9.38053,2
10.3141,2
9.73347,0
11.7048,3
35.2993,2
15.427,1
24.1965,1
11.5879,4
10.0542,4
4.00364,4
7.39742,2
6.53614,0
16.1269,2
20.954,3
18.4178,7
20.4662,1
17.1593,1
17.2629,0
10.5219,1
12.6451,4
8.09472,1
5.61864,2
17.3021,2
9.84463,8
32.5566,1
9.82738,0
20.3883,2
7.29207,4
11.5393,1
10.7378,1
11.9667,2
10.3666,2
20.8457,5
12.3659,3
8.47434,1
7.45472,1
16.7944,1
6.43615,1
8.20007,1
6.19589,4
8.68333,1
8.69282,1
5.99436,1
4.36824,2
7.29802,3
25.0025,0
11.0996,0
11.3227,0
11.7789,2
12.2785,0
14.6039,1
10.7089,0
9.94193,2
8.39043,0
20.0511,3
8.75632,2
9.12843,1
19.8104,0
11.2066,0
29.4287,0
8.85364,1
12.1165,3
9.43191,0
12.8834,1
8.41481,3
23.7022,2
5.65294,0
15.8922,1
7.15858,0
9.70046,0
13.4149,2
6.64948,2
12.0767,1
12.5138,2
22.0649,2
22.2732,1
9.51819,2
5.36015,2
17.562,5
16.2405,0
10.6831,2
17.0542,6
10.0258,6
7.21852,3
5.88374,2
4.87585,3
8.28295,0
14.2099,1
16.5091,2
10.0305,2
8.85344,2
9.17555,3
22.7904,0
11.0993,1
25.9779,1
9.91478,4
13.3731,2
21.0291,2
13.5885,1
16.1752,1
13.6617,2
11.098,0
5.97111,2
8.68844,4
15.7822,0
19.1738,2
15.499,1
12.9674,0
12.6317,6
16.8505,2
11.1651,3
8.49365,1
10.3041,0
10.7147,2
12.319,2
12.8509,1
6.13445,2
15.4492,2
7.21069,2
10.6417,2
6.7775,1
6.48707,3
5.92075,1
14.4193,1
18.3979,2
18.372,4
13.3921,2
9.40025,2
12.1953,1
22.6832,4
12.8559,1
9.09654,4
18.1401,0
5.70602,2
9.0556,0
13.5072,1
17.1669,2
21.7136,2
23.2162,2
13.5735,0
8.46108,5
14.7691,2
7.37307,3
15.2192,1
10.2037,2
9.76022,0
10.1747,0
7.35431,2
20.8179,0
16.7918,2
12.6041,1
16.698,2
15.5226,2
16.3015,0
30.4279,0
18.8271,2
11.3825,1
4.83336,2
19.1024,1
12.0683,1
8.05006,1
11.9524,3
19.8065,1
8.97007,0
13.7633,3
20.0077,1
16.2248,4
26.9273,0
9.57693,1
10.5583,1
10.6323,1
11.61,3
10.2728,3
6.77851,2
12.3303,5
5.41136,6
24.3284,1
8.72059,3
5.1525,1
9.97214,3
12.1342,2
15.9319,3
10.4065,1
7.71759,3
10.6311,3
14.7462,3
14.0874,2
9.12652,1
8.22731,0
12.5644,4
10.5225,3
26.2576,2
6.78676,1
10.6735,2
11.4774,4
7.18489,5
8.56763,2
14.5523,1
7.72036,2
8.79202,2
14.057,2
8.48734,1
11.9481,2
19.8973,3
33.0493,6
16.3181,1
14.5222,2
7.58984,5
12.4249,2
7.2393,1
7.22043,3
11.5419,4
39.2624,1
4.5965,1
6.83148,2
10.0517,2
19.175,0
30.564,0
10.1074,3
11.3598,0
16.4038,4
12.2401,1
3.3286,2
9.03938,1
16.6691,0
16.9882,0
12.3774,0
15.3815,1
11.5278,0
16.8339,2
16.9298,1
17.4543,2
10.9458,2
8.96816,1
17.7561,2
5.0159,1
8.75944,2
6.44941,1
11.8934,1
16.6678,3
10.3652,0
4.92475,1
10.1004,0
18.9226,0
12.957,3
11.572,3
12.3074,0
13.8116,1
8.39676,1
16.3131,2
16.5393,2
13.6944,0
9.62635,1
4.79893,1
6.95085,4
4.759,2
10.4162,2
13.3126,3
17.9611,3
23.288,2
11.6077,1
36.4103,0
18.5511,2
20.4258,0
27.4792,0
18.7398,1
19.2098,4
16.7812,1
10.0648,1
8.46307,0
6.84403,2
16.7084,1
4.43605,0
12.2782,3
13.7916,2
8.08229,1
10.0009,2
18.2377,1
6.00197,1
10.3518,1
21.8476,2
7.86172,6
17.1469,3
7.33271,0
3.92277,3
28.0231,2
11.9964,2
10.7875,3
13.3086,0
6.25901,5
10.9653,5
11.1255,0
15.7175,2
10.0569,0
15.3457,1
15.4562,2
27.4221,2
13.7073,0
12.586,1
9.1559,1
6.54104,3
14.4013,0
11.7225,2
6.76316,1
11.5977,1
16.1499,0
8.32394,1
28.3809,2
14.6597,3
10.9111,1
15.586,3
8.05552,7
13.6874,2
11.6679,1
5.91464,2
19.2151,3
9.72602,2
5.47579,1
7.99812,1
16.0523,1
12.0585,0
24.2948,0
27.4583,2
17.2608,2
15.642,2
12.4598,0
14.6573,3
15.2796,2
14.797,0
14.4368,3
22.6458,6
10.424,5
7.35627,3
6.92042,1
4.56384,3
23.2359,2
26.8971,2
9.24226,7
14.2066,2
11.594,1
22.713,1
4.28774,2
9.65349,2
11.7369,0
19.1631,2
17.6391,1
21.9772,0
24.6554,1
5.33037,3
6.36225,1
8.619,1
8.95688,5
24.0509,2
10.7061,1
10.4798,0
10.286,3
4.66052,0
31.2786,1
12.8128,1
20.2466,5
9.41438,2
8.0906,3
9.97641,2
14.4323,3
3.93372,2
21.8431,2
8.45516,1
12.9111,1
23.8888,1
14.2086,2
11.3949,5
14.7897,3
14.1109,1
7.05904,3
11.5097,1
10.5807,0
11.6746,1
9.59019,1
16.9504,3
11.9625,1
5.36713,2
14.5176,1
16.694,2
17.6077,3
32.5058,1
6.44372,1
19.2582,1
14.402,4
28.3951,4
9.36742,2
6.12447,1
6.39643,1
11.429,3
5.96942,0
16.5302,4
11.0495,0
12.3089,2
37.0906,2
20.0177,3
19.9653,4
21.4532,2
6.14161,0
8.27198,3
9.14864,0
8.71513,0
5.7535,1
29.3201,3
16.141,2
16.9292,0
12.5837,1
10.0078,1
10.2316,5
21.3767,0
8.26558,0
7.31086,3
30.0686,1
8.54875,2
15.9934,1
7.8911,1
12.2616,4
10.3034,1
13.2773,2
17.9162,1
10.1066,1
9.46152,1
16.0079,2
11.9634,1
17.919,5
6.1477,1
27.06,2
11.1215,3
13.3449,0
14.6923,0
10.6037,3
22.5596,2
10.9147,2
8.0922,2
12.8059,2
4.59976,0
34.934,2
14.9221,2
19.4403,2
16.9848,2
23.8108,1
13.8732,2
6.15578,2
8.80018,3
26.7517,2
4.61733,1
8.0241,2
11.6519,3
12.0222,1
13.613,2
8.42842,2
12.4867,2
8.41213,1
5.32476,0
41.9265,4
16.3628,6
15.1158,2
10.6473,2
6.6828,5
11.317,2
18.0334,1
7.50308,2
10.8653,2
16.2204,3
20.6612,2
18.3825,0
9.44325,1
28.3267,5
8.324,2
12.8399,2
9.38854,1
14.0749,3
10.5255,1
15.5767,1
4.01512,1
7.85883,2
12.2663,2
11.3669,3
6.75144,3
28.0809,3
15.4771,1
26.9896,1
16.9582,0
9.22609,2
19.7054,1
10.1732,1
15.8143,0
27.1984,0
17.5974,4
5.31621,4
10.7287,2
8.64205,2
25.4038,5
8.05127,2
13.6174,3
43.8022,2
9.44207,3
14.8015,2
10.1337,3
4.55243,2
15.3096,4
10.2529,1
7.55617,2
16.0251,0
6.98079,1
14.6144,2
12.7644,3
7.23813,1
13.5599,2
9.06398,1
10.6849,0
25.1436,3
11.403,1
8.31385,2
19.7658,1
43.8047,0
8.25463,1
12.7392,3
12.0078,2
17.177,2
28.7338,1
8.48297,2
19.8704,1
18.7381,3
13.8994,3
14.7264,2
21.8448,1
8.61671,0
11.8522,2
24.1986,1
15.8678,3
6.08331,1
7.48289,2
15.8632,1
10.8089,2
41.794,3
13.7788,4
8.65108,2
12.6782,2
5.83819,2
13.857,3
22.758,0
13.4893,1
14.0052,2
11.3385,4
6.21982,2
14.9816,2
15.7187,1
7.9346,1
33.7213,2
9.16156,0
13.2482,0
15.5462,0
16.3352,2
8.89418,3
21.3506,3
5.2246,1
13.6956,4
8.16325,3
15.2788,3
21.6399,1
13.1665,0
8.66994,1
21.113,1
13.883,2
28.0284,1
13.2395,6
27.4964,3
3.75833,2
11.8236,4
23.0177,2
27.0442,0
26.6229,3
6.06011,2
10.076,1
17.8107,1
4.90114,2
12.7905,3
4.21355,1
9.08076,3
12.3078,3
12.2869,0
9.52805,0
14.4818,3
12.4032,2
22.0837,3
9.97607,0
4.09957,0
24.9395,3
37.667,5
9.49839,1
15.2003,3
10.4361,1
24.5877,1
14.3579,1
15.0758,1
10.6267,4
10.2934,1
6.80555,2
9.64152,0
9.24494,1
8.27639,1
6.92287,2
5.24044,2
24.4824,2
7.25749,3
4.95041,0
6.07066,2
4.17487,2
7.33387,0
24.055,2
17.1629,1
29.6918,2
8.73237,3
16.2565,2
10.1049,1
10.3337,5
10.9058,5
3.5086,1
10.3245,2
8.77006,0
10.3436,4
5.59971,2
32.6673,2
10.3905,3
15.4462,2
14.3389,1
12.2472,3
33.5947,4
7.62203,1
10.683,4
13.1462,1
5.30336,1
13.1698,1
11.5236,1
29.6373,2
23.2444,0
9.97532,2
8.23317,1
9.09428,1
7.11528,3
12.2049,2
12.757,1
6.8957,2
11.2619,3
9.80649,0
12.9935,1
7.74717,3
8.0225,3
7.24633,0
17.3269,1
20.0351,1
11.0259,0
19.3079,2
8.3236,7
7.07133,4
6.85663,0
9.76529,1
14.2947,0
5.28636,4
13.0946,1
7.97861,1
21.4877,1
8.70502,2
4.34238,1
10.8564,1
11.1279,4
6.90174,4
23.1858,0
4.94924,0
14.1979,2
30.4027,0
8.9523,1
9.72509,0
12.934,1
27.4717,2
8.97088,3
11.4926,2
7.74756,4
9.32075,2
4.41247,0
26.1198,1
5.41431,1
16.0457,1
4.10227,0
14.6983,3
4.23613,1
10.2288,3
6.18464,1
27.9987,1
12.9367,6
14.0616,1
11.0616,2
15.0345,4
9.41778,2
6.42734,2
19.9631,3
5.66114,3
10.1859,1
5.42588,5
13.5787,4
16.2029,2
11.8807,3
8.22659,6
10.5631,2
8.12763,0
16.5092,2
18.6004,3
7.64498,0
9.10224,0
15.3659,2
16.9968,2
10.2007,3
8.7084,3
8.69914,5
7.95654,5
13.7374,4
17.3883,7
16.0903,4
13.8121,0
4.52846,3
19.7615,1
9.90436,3
8.26203,0
3.98013,3
6.7153,2
11.0932,4
10.4322,1
8.31325,5
11.1791,2
13.4855,2
12.276,4
6.06334,1
17.3184,1
15.1282,3
8.648,4
14.3564,4
5.24618,3
7.04653,1
9.63725,3
12.0024,0
20.6973,1
15.9507,3
4.13126,2
17.3038,1
12.2916,4
6.21799,3
17.9324,2
32.7983,3
9.68155,1
9.61387,0
10.0337,1
11.5105,1
21.2898,4
6.63455,0
34.0111,6
11.4318,1
19.5574,1
14.5815,2
10.6513,4
15.4861,3
5.79919,3
20.4365,1
6.09211,1
6.8776,1
16.4276,1
8.24833,0
8.06485,1
8.67081,3
8.4153,2
9.35281,3
47.9015,1
17.5115,0
7.42496,3
17.7477,3
13.2022,3
25.9851,2
8.86399,0
14.7523,2
14.3342,4
10.1219,3
15.8247,0
9.31734,5
17.0901,2
12.6261,4
11.4709,1
24.4526,2
37.2383,3
9.11076,1
19.3675,1
10.214,2
17.4474,2
10.7135,1
9.85039,3
7.30108,1
12.9086,0
7.92141,0
3.95905,1
16.5595,2
25.6236,0
13.9538,2
21.952,1
21.4367,5
15.3692,2
12.9066,2
17.0288,3
16.6697,0
19.2046,1
5.34522,3
13.1357,0
31.8993,1
10.4973,3
8.42823,1
21.7386,1
22.4276,3
6.61066,3
24.1545,2
11.0707,5
11.0334,3
11.1691,3
14.4775,2
8.70483,1
21.449,1
5.77952,1
9.93233,1
14.2926,3
31.7077,2
14.8697,2
20.6909,1
20.8694,2
18.1857,2
13.0773,1
15.2472,4
10.3937,2
4.30961,3
13.0176,3
7.52971,1
8.56803,2
11.3413,0
14.1903,4
10.6907,2
11.7301,3
16.0663,8
6.62618,0
17.4775,2
19.119,3
12.2838,4
9.14346,1
8.7354,1
17.1604,0
5.91785,0
10.7699,1
7.09141,2
6.7424,1
9.46555,2
12.1874,3
22.986,2
28.4129,0
12.5161,1
8.25637,1
9.89814,4
15.8852,1
39.7636,1
12.6035,1
25.2505,1
16.4959,1
5.96056,5
8.62439,3
22.9893,3
5.966,2
21.2928,0
14.99,0
10.5041,1
16.7995,0
13.327,2
17.5657,4
11.6562,3
10.8765,1
30.5377,1
6.02041,2
7.94158,3
6.51094,1
13.024,0
10.5958,3
13.8733,3
5.74434,0
19.6683,0
11.7376,2
5.89423,2
11.1812,6
10.8851,4
11.748,5
39.1288,4
8.16588,5
25.3269,0
5.64331,5
8.73977,4
24.664,6
9.77417,3
11.5327,3
19.6212,1
24.8859,2
6.93998,1
26.1009,1
5.74678,2
3.43834,4
19.9076,2
9.57979,2
12.8299,3
10.3796,2
15.8801,5
14.3097,1
32.7713,3
12.617,1
22.7186,2
13.254,0
15.3774,1
38.2052,2
23.5012,2
8.12454,2
8.02653,2
6.29335,1
19.0369,0
11.6848,1
8.47211,0
11.4845,2
21.785,1
10.8236,2
18.6463,3
8.76496,1
11.9458,3
14.2234,3
15.2533,1
10.1034,3
5.53191,2
15.6159,2
8.46114,1
14.414,3
11.5981,3
8.38863,1
10.698,2
32.8317,0
34.649,1
9.77373,1
10.3853,0
9.55632,0
10.4914,2
10.9739,1
10.5495,1
10.0244,0
9.38318,1
8.94556,0
6.73579,2
7.50803,3
8.1568,2
8.42537,2
8.34112,1
9.55812,2
5.79793,2
8.16027,4
32.744,3
29.6176,4
9.38166,1
7.39879,2
20.9508,2
7.49551,4
13.8026,1
9.60409,2
7.13017,1
12.1133,1
39.7602,1
9.02406,1
16.0642,4
11.5372,2
13.9766,2
12.5269,3
7.95415,2
9.31233,2
17.5633,1
7.20129,2
5.61939,1
6.47209,2
16.9552,4
11.5075,1
9.11883,1
7.1364,4
14.6818,2
24.9468,2
18.8397,0
26.9399,3
6.33609,2
33.8935,2
12.0174,1
19.6702,2
38.6013,1
15.528,1
13.658,2
9.51021,3
11.6018,2
12.3539,2
6.62712,0
8.39984,4
14.8158,1
4.90006,2
7.78594,3
17.6514,0
11.4521,0
9.83207,4
9.6195,1
12.8101,1
8.35483,3
15.0071,3
15.313,1
10.1735,1
3.89198,3
7.82301,2
22.1087,4
49.8307,2
15.7616,1
18.8122,3
13.0931,3
14.2601,4
11.6624,4
9.15625,2
10.6603,0
20.3093,1
9.0299,1
15.4529,2
10.2294,1
24.8662,2
20.0185,1
16.4312,5
28.0509,1
8.57638,0
4.42298,0
7.44437,3
13.9849,2
18.8547,4
19.1668,3
7.23804,5
11.5194,2
13.0821,3
5.4562,2
7.72285,1
15.7968,2
15.9916,0
19.6668,5
28.2578,0
9.88956,4
11.8488,2
14.2211,4
16.5194,2
8.27935,2
14.0119,0
27.0956,2
10.8401,3
13.1951,2
17.868,2
9.80518,1
7.05693,3
8.76127,0
19.5982,1
14.6946,3
22.386,0
38.5924,0
22.7198,3
15.6254,4
9.59212,0
44.4438,1
7.44555,2
16.5628,1
10.8975,1
39.184,3
6.92531,1
12.4557,2
46.8684,3
11.7698,1
3.74421,3
25.15,0
8.71972,1
10.3651,4
18.9939,3
6.20799,0
10.2635,0
10.7017,2
5.91173,1
12.1368,1
5.92212,3
15.6486,1
13.6642,1
14.5778,2
13.0692,2
9.47626,7
6.72295,3
10.8014,3
27.4562,1
29.0931,2
21.4332,6
11.263,1
11.5696,2
13.0959,4
6.43793,2
9.27249,1
3.39581,3
7.53615,0
9.23296,4
15.596,3
13.4745,3
6.71721,1
19.6654,1
14.0997,1
11.7204,0
12.8562,3
24.2864,2
13.6134,2
18.2635,3
5.51906,1
6.87442,1
18.49,3
11.8328,1
16.5789,6
23.5258,1
9.6492,2
10.3081,1
15.9599,4
4.97899,2
7.72228,1
10.1882,2
16.1328,4
8.6406,1
5.81486,4
29.5555,1
15.5144,1
28.9015,6
28.9233,1
11.4638,3
7.65621,2
13.9665,6
10.0823,3
26.9943,2
30.2802,1
9.44138,1
20.9855,3
34.5519,1
13.0744,2
12.2468,6
23.5218,2
14.5198,2
8.28054,1
6.18609,4
18.3181,4
26.9103,1
15.0895,2
24.7482,2
20.491,1
16.5288,0
8.3072,2
14.4727,1
10.1232,2
15.186,2
7.04922,2
18.1754,0
7.55163,1
4.29639,2
10.6645,1
8.02476,3
15.3868,5
12.9396,3
20.124,0
8.11074,1
4.0881,3
12.4754,1
13.9785,0
5.84329,1
22.5238,2
8.47702,2
6.11424,2
7.63941,0
19.193,0
13.1427,2
12.4421,2
15.5262,0
19.0565,1
15.7386,2
10.9746,0
8.80902,1
7.83082,1
6.21472,2
10.3868,3
11.7884,1
6.39325,2
17.6026,0
8.45454,3
7.44298,6
14.3908,1
16.5345,2
8.51894,0
13.9559,1
10.8837,1
15.7233,2
11.9587,2
14.8771,0
10.6878,3
13.776,1
11.7462,2
17.8102,1
7.41677,0
34.9349,2
23.0368,0
8.60813,3
18.8165,4
17.0319,0
17.7728,2
12.2525,6
5.46717,2
7.66619,2
11.6599,2
5.89984,2
9.422,0
16.4143,1
21.5231,3
9.45203,3
15.4989,2
13.4729,3
6.33331,2
6.37816,1
8.059,1
36.2512,1
11.4083,2
16.2773,1
11.7398,2
35.285,1
17.5675,5
9.21345,4
28.1331,2
25.822,2
11.82,2
10.016,1
23.0127,4
9.78261,1
12.4338,2
8.46206,4
16.313,4
14.3228,2
6.9181,2
7.05585,1
10.0209,1
18.2561,3
18.8373,3
16.9792,1
10.7555,1
27.6183,0
34.9995,2
5.63124,1
5.07347,2
9.18188,2
27.9804,2
21.7593,2
7.46764,6
9.23382,2
12.8202,1
23.6111,1
12.1761,1
16.2551,4
10.8076,2
5.87749,2
4.91972,1
11.9568,2
24.3569,0
14.1829,2
23.3727,3
27.5337,0
26.0864,2
7.0954,0
6.90053,2
7.48757,1
7.76865,2
8.02365,2
9.11956,0
2.97726,0
4.00501,1
9.67918,1
18.9241,2
9.44226,4
11.2395,1
22.4513,1
20.8443,0
5.37516,2
7.13659,3
24.9943,3
14.9737,0
10.8249,1
10.6392,1
14.6909,0
8.06718,1
23.0833,0
6.20883,3
9.41166,1
8.40174,1
46.3246,1
12.9791,2
10.6993,3
21.9913,0
7.45919,2
9.21548,2
5.80291,4
23.1983,1
8.0688,3
12.4714,6
3.67299,2
15.6486,3
26.3823,1
11.4476,2
6.52548,2
11.0742,1
26.7372,3
12.7645,3
21.7435,2
10.9222,0
5.05192,0
36.7538,4
10.8646,2
13.9722,1
4.68206,2
24.4144,1
15.2955,1
5.95525,1
5.36928,1
7.94522,5
17.9118,4
10.3869,2
5.19139,1
21.4256,3
7.23751,1
12.1562,1
10.5393,1
8.6085,1
10.3836,3
16.8955,2
21.1751,1
7.82997,2
10.3033,1
5.36167,2
13.9206,1
9.10554,3
6.31927,1
14.149,1
16.3579,1
6.12523,3
24.3765,2
6.66723,3
6.51632,2
16.3067,3
8.53245,2
12.0318,2
10.5626,2
36.4663,2
14.8617,3
13.1576,4
8.00491,1
14.7714,0
15.649,1
6.50317,2
13.28,0
43.0252,1
13.9294,4
19.3397,0
8.22507,1
5.11886,4
21.3939,1
9.59999,2
15.1381,2
7.67242,1
16.591,1
6.38431,2
8.94045,2
21.4397,1
20.597,5
9.9065,2
8.51573,2
39.6632,3
14.9154,3
11.9961,4
10.121,1
19.4524,1
8.81831,3
8.79309,3
8.98134,2
41.9714,1
12.9183,1
20.9558,0
10.5939,5
7.93647,2
14.1635,1
12.8445,1
10.729,1
22.8771,4
8.33931,1
10.9428,4
12.9909,0
5.8387,2
22.6537,1
6.58403,3
7.17542,1
18.8229,2
15.8378,3
19.2093,2
17.856,0
13.0703,1
13.3727,2
22.5148,0
9.7394,1
19.8811,4
8.44263,2
6.93508,1
10.1435,4
21.1366,2
14.1202,4
8.42071,3
27.1235,4
16.0975,1
17.2024,5
12.404,1
23.1088,1
11.7199,2
22.6285,0
7.63405,0
6.87398,2
12.0611,0
16.2535,0
20.9493,4
13.9678,1
9.35331,3
9.11669,3
15.7354,3
16.5672,3
10.3811,4
15.8872,3
10.1062,2
9.80713,2
7.98104,0
15.208,4
14.2788,0
25.9792,1
10.5665,0
8.82993,3
6.2005,2
11.518,2
8.04998,0
10.2258,3
8.429,1
5.22452,2
10.495,0
9.96989,3
8.86302,3
12.5833,3
15.9738,3
21.4985,1
10.7295,3
8.36264,2
15.9661,2
18.9674,1
8.8872,2
29.1372,4
16.6586,2
9.93853,4
12.6544,2
7.11495,5
11.1614,3
16.1544,1
9.93699,1
6.85112,1
12.668,1
3.14367,1
7.52233,0
9.09954,1
23.1458,2
18.9694,1
4.61321,2
15.9994,3
11.388,6
32.5153,5
10.5249,1
9.03273,2
23.3425,0
25.642,3
7.44233,0
6.64389,3
9.46071,3
12.5762,0
5.41665,1
8.05156,3
14.0927,2
15.543,3
16.7959,5
6.64086,1
9.401,1
26.8381,2
25.0716,2
29.0761,2
9.77652,2
24.0109,2
13.4406,1
6.30721,2
16.734,1
15.7022,0
10.7805,5
9.95562,3
6.88958,2
19.8866,2
9.2906,2
8.42448,2
11.7343,2
6.30684,4
8.92567,4
12.2694,4
5.45033,4
24.3517,3
10.0262,2
6.88715,3
10.6009,0
14.284,2
13.0256,3
13.7713,2
12.3045,3
34.3459,3
45.3173,1
19.055,1
17.0528,3
14.7712,5
13.5105,2
10.5433,2
14.812,3
14.9036,1
15.9246,0
16.2722,2
7.09777,3
13.7893,2
13.3381,2
8.56377,3
11.5096,2
41.1363,3
12.6516,3
22.0421,2
32.4901,4
15.7164,3
21.8964,1
9.46365,0
24.4209,1
5.93501,4
4.08081,1
12.8904,6
11.7685,0
12.49,2
8.54058,1
12.6166,3
10.1623,1
9.36141,4
11.4275,2
18.6423,2
6.72804,5
13.6483,2
7.04696,2
13.334,3
27.3064,0
14.1872,3
6.87502,4
14.4976,2
3.21851,4
8.91713,0
9.98802,3
7.04876,3
19.1019,4
33.721,1
10.8948,1
32.4001,0
19.1759,0
17.3765,2
11.3719,2
9.67786,4
12.8372,1
10.6938,1
14.701,3
17.4292,0
16.7948,3
10.959,2
11.7507,2
16.9265,2
7.84762,3
6.17197,2
22.03,0
33.8223,2
5.15027,3
15.2769,2
14.0818,0
9.83046,2
22.156,2
44.6421,4
17.0165,1
6.66949,2
17.3899,0
23.0001,3
22.7868,1
19.2701,1
14.9506,2
23.7025,7
7.84369,1
8.68712,1
20.3975,2
11.9485,0
7.62697,2
13.5395,0
17.7551,2
21.1666,2
7.56877,1
14.1312,2
14.899,5
9.37712,2
11.8052,2
12.9602,0
21.8325,1
11.7119,1
5.19487,1
5.6186,2
9.55247,1
26.4211,0
6.85239,1
17.803,0
15.073,1
10.0202,4
9.78696,2
11.4205,2
12.5582,3
5.06496,1
20.406,0
11.9474,0
13.5712,5
8.34764,2
10.5877,3
8.0511,4
14.6743,0
6.81434,5
18.1837,3
9.73394,0
12.4875,2
5.02164,2
5.81784,2
22.0568,2
14.5689,2
10.6513,1
8.17567,1
11.0855,3
16.4649,3
9.51907,0
8.55924,2
9.29453,1
11.6362,2
8.50057,1
4.2996,4
15.2972,2
7.88356,0
15.3632,4
9.10634,1
18.491,2
13.8734,2
7.75552,3
14.2792,3
9.05023,2
7.77684,4
6.40639,4
21.0813,0
7.33492,0
6.01511,1
27.5137,3
12.4096,1
2.73143,2
15.5113,4
27.9295,0
13.8107,1
12.6677,1
26.2096,0
10.5775,3
9.45057,0
12.3933,3
10.7627,2
7.5998,0
27.1834,2
18.8801,2
13.1442,1
3.76088,3
9.04037,2
9.90074,0
8.10149,0
4.03429,3
8.16192,2
8.05999,0
32.9415,1
15.4172,1
13.3986,3
11.5842,1
14.6953,0
14.9787,1
7.59307,2
12.7612,1
23.3031,2
3.21761,3
7.95578,2
12.8515,3
17.0342,4
7.04533,1
30.5601,2
6.85814,3
25.6747,0
4.97612,1
8.484,3
5.78624,3
21.0016,3
9.67815,1
11.7763,1
13.562,3
27.1257,0
19.4217,3
27.9505,0
13.4094,0
15.0759,2
5.52596,1
4.32239,4
20.8523,2
6.13732,3
13.542,0
10.936,1
7.15333,1
22.5038,1
15.9138,1
15.8355,1
36.3148,2
12.5067,5
18.1743,5
13.1681,4
7.51283,3
16.2396,1
17.4141,5
27.2671,3
7.45367,3
4.78815,2
12.0714,4
23.698,1
10.217,0
9.91633,1
15.5814,2
18.9526,2
16.317,4
8.80747,5
6.86379,1
32.4286,2
23.9687,2
22.2403,2
8.32258,2
6.77044,3
6.10846,4
9.09485,4
9.88369,2
16.1441,1
6.51982,3
18.7757,1
10.1511,1
12.4625,1
13.4684,3
17.9449,0
18.4285,0
7.60593,2
16.3055,1
9.75174,2
12.4258,1
11.5444,0
16.9239,5
5.5764,3
6.84166,1
9.67306,3
12.2495,2
13.307,3
19.612,5
12.4082,2
14.415,2
6.94018,1
12.7468,5
65.544,5
10.2192,1
16.3298,3
17.708,3
11.4767,2
3.55271,5
26.7407,6
14.9316,2
10.2841,1
1.94168,2
7.20117,1
14.6062,0
23.3943,2
8.25985,1
12.1888,2
11.1655,5
10.7075,2
10.449,4
9.88881,4
8.15275,3
12.1973,2
11.6683,0
9.25408,5
15.8385,1
10.4311,1
9.9859,1
17.2013,0
7.8299,2
5.21163,3
11.5054,1
6.40297,1
9.50702,1
12.7471,0
11.1338,0
9.96384,2
12.8706,2
15.3727,1
23.6805,4
5.77201,2
8.61283,2
7.85129,1
11.6856,0
10.3963,4
7.06228,0
23.6166,1
7.49717,1
8.0141,0
12.3462,1
6.47293,1
9.3474,0
14.2024,1
11.6257,1
7.44244,3
7.24233,1
14.8358,2
6.55338,2
26.3971,1
13.5714,0
8.65486,2
16.289,2
26.2137,1
4.25782,3
26.9468,2
7.05027,5
12.2445,4
17.7356,4
27.5874,3
21.3994,3
10.7073,1
8.00275,1
19.7915,1
8.93049,3
10.5615,0
17.7118,2
16.6575,1
33.4283,1
8.86732,2
28.2393,2
8.70417,1
14.6134,2
8.76621,2
12.8523,1
32.0028,1
5.29134,2
17.8688,3
9.6924,0
16.3073,3
26.7257,1
22.1998,0
5.47083,2
4.27776,3
13.2366,0
9.95108,0
35.2834,1
9.0668,4
6.07426,1
16.0924,2
18.373,2
12.8172,1
16.2339,4
13.1631,2
12.7241,2
14.2714,3
10.2025,0
15.6545,1
6.50747,2
17.8888,0
10.0457,2
9.64532,1
9.55035,1
12.7836,1
38.4685,2
7.37225,3
14.7556,3
14.5596,1
7.97294,2
10.7429,5
10.1514,5
5.34988,2
16.8575,2
7.40602,1
8.76797,0
9.11658,2
19.7874,1
11.5555,1
6.55144,3
44.2239,3
14.952,1
7.70369,2
6.72104,3
3.90732,1
8.2151,2
12.1345,1
8.55991,0
7.95488,2
7.87271,3
13.8097,0
4.73368,2
6.17638,1
18.2184,1
11.855,2
26.6398,2
28.6482,3
12.9692,0
10.507,3
8.90838,3
37.9547,0
17.2773,0
13.2538,3
6.38518,3
21.7886,0
13.9418,2
15.8226,3
11.1461,3
11.6067,0
8.42064,0
8.28114,4
11.0048,3
8.79543,4
17.7436,4
10.6494,0
19.7068,1
20.0007,1
8.09521,1
9.14091,1
21.6918,1
12.6485,5
6.44394,1
29.7349,4
9.7444,1
14.4903,1
4.27434,2
17.9996,0
19.0087,4
4.26992,3
13.893,1
32.4123,2
5.66232,3
11.5539,1
14.7773,2
9.00338,1
13.9163,0
6.80447,2
15.9503,2
10.4807,2
10.897,2
19.0931,1
21.6083,1
19.6731,3
23.0452,2
9.19031,2
9.26969,1
12.148,2
25.5938,1
20.6667,2
8.20417,1
27.5702,1
7.49454,1
6.80242,1
12.1738,2
15.5084,2
65.5352,1
16.4962,3
13.478,1
16.3181,5
15.7399,0
16.9189,1
11.119,2
11.3587,1
8.50739,1
7.98409,0
16.0444,2
6.28029,0
11.0592,0
6.33112,0
3.8904,4
10.4284,2
11.3072,4
10.693,3
20.415,3
8.38798,1
7.77452,1
24.84,1
9.99887,0
18.225,5
23.1654,1
7.04392,3
29.0752,2
19.2425,2
8.25923,2
25.0349,2
15.5089,6
13.6657,0
17.0151,0
7.78923,1
5.9394,1
5.69619,1
20.2865,1
10.7031,1
4.582,2
15.8702,1
12.4376,1
25.2675,2
6.96916,3
11.4824,4
23.3784,3
4.77949,1
9.60387,1
35.7691,1
23.997,3
10.5106,2
12.1745,5
11.0823,0
10.7011,3
13.7779,1
4.11909,1
7.31791,1
18.2839,2
8.15073,2
6.69394,5
13.4012,3
7.0165,2
12.1213,2
17.7576,4
16.8175,0
22.3227,3
8.47007,0
33.1565,0
49.8892,2
12.2861,5
21.5332,2
10.1359,1
10.8802,1
11.119,6
10.2772,0
10.7751,3
20.2018,2
6.58974,1
21.1222,2
7.22421,3
14.0505,0
12.3074,3
11.9157,2
12.1625,0
23.5368,4
16.5727,0
16.7166,3
6.38209,2
11.2898,0
12.8317,3
8.52127,5
12.81,4
42.297,5
23.8744,4
11.8872,2
20.9344,1
8.08248,2
11.9096,2
16.1006,4
12.6006,1
14.3699,0
19.9715,3
8.00641,0
21.8174,1
14.1499,1
5.19318,2
12.1519,2
7.92594,1
13.7661,1
8.78376,3
12.0933,1
6.86866,1
12.4592,1
6.30503,2
9.74273,2
8.42851,2
7.7702,2
10.1738,1
7.45781,4
8.76496,2
7.7991,5
4.72104,0
11.4556,0
11.4031,2
15.2008,2
11.5776,0
7.97147,0
7.81084,4
35.8078,1
26.5926,4
6.677,2
5.92098,0
15.6352,0
6.60427,1
13.3454,2
15.5359,5
12.9299,3
11.9265,0
5.54096,1
13.7252,1
17.8575,1
10.191,3
11.6135,3
12.7362,2
12.0014,1
6.01049,1
13.0384,1
11.3321,1
10.518,2
6.60628,0
22.7355,3
19.5987,2
13.5888,2
24.9863,2
31.0191,1
5.89864,3
29.5137,3
9.92159,2
13.349,2
9.84084,2
8.34377,1
19.244,3
20.4003,1
7.21297,0
15.3547,0
13.5607,0
22.485,1
10.3283,1
10.6453,3
13.911,0
22.28,3
7.22741,3
11.7688,1
8.53105,0
14.493,2
11.694,0
6.17861,2
7.74956,2
9.62603,3
9.27586,4
7.17715,1
23.5394,3
18.6373,0
5.0358,0
39.8062,3
5.2033,2
13.0711,3
13.4176,2
14.1088,3
12.0289,1
9.33749,4
11.4108,2
18.9231,1
17.2017,3
7.49317,1
12.7443,1
7.46375,1
7.99413,7
22.1271,3
16.8165,0
25.6967,2
33.6024,1
15.3731,4
30.6833,1
8.39031,1
12.0172,4
15.6172,4
31.7913,2
7.03582,1
14.8482,2
12.1981,2
6.86388,3
9.49416,1
11.8615,1
16.5702,2
17.7961,2
11.2423,1
29.2183,2
7.04517,2
16.2333,2
9.77883,6
19.9926,1
7.14514,2
11.8674,3
6.01894,0
16.1231,2
8.17087,2
24.31,3
4.7607,4
6.61226,2
9.81065,2
10.8449,1
9.09742,3
9.03726,2
9.21784,2
11.6535,4
8.73129,0
16.6946,2
12.4801,2
17.6193,3
7.70288,1
19.1323,1
11.4926,1
7.49517,4
15.3138,3
12.0748,0
27.6415,1
10.6923,2
9.1896,1
28.1945,4
16.7055,1
30.4831,1
15.4229,1
13.7822,3
8.08368,3
45.1154,1
23.9403,4
11.0599,5
8.4035,1
6.56404,1
18.4444,3
9.75711,3
26.7055,3
6.10821,1
8.6659,2
36.0565,2
18.0226,1
22.3607,3
15.9793,4
20.8782,0
17.9979,3
7.59792,2
9.607,2
5.78159,2
11.9141,2
20.0489,2
14.5758,3
49.5474,2
21.1849,1
20.5061,3
14.3807,4
27.5873,1
6.45496,1
8.28101,0
17.4138,2
16.1042,0
13.1316,3
14.1234,1
17.6208,1
19.4366,4
11.286,4
4.92677,1
19.1624,5
4.25555,1
12.7877,2
18.7038,0
13.729,2
10.0457,1
12.7116,1
26.0353,3
13.7669,2
9.8107,3
10.9926,2
11.8962,4
13.4939,1
6.16389,0
8.35813,3
17.0753,1
7.35152,0
14.91,2
11.658,4
7.56748,4
10.2903,3
9.42837,1
11.335,1
29.4852,1
10.8285,1
7.10934,1
13.8531,1
14.7482,3
7.48207,1
7.11485,4
9.54279,2
6.64355,2
12.9354,1
20.8112,3
7.60361,0
28.9533,2
8.35073,3
8.75086,2
20.1741,1
20.2579,3
25.9669,3
7.87387,2
7.91905,2
9.21091,0
30.4801,2
14.6323,3
4.29278,1
8.54138,1
6.59318,1
10.3067,3
20.2706,2
11.6388,1
26.1767,3
8.47861,1
23.7176,4
6.0945,1
17.8157,1
9.97458,4
9.34832,2
10.0953,0
18.9335,0
24.7613,1
13.4138,3
11.6897,3
8.83324,4
11.5734,2
8.18617,1
21.198,1
7.71221,2
20.6349,4
14.9689,1
15.3386,1
2.52264,2
12.7691,2
19.5183,1
8.37533,0
13.8977,2
19.0696,0
7.28539,1
8.73101,1
9.72168,2
20.7591,1
11.1438,1
14.1386,1
8.17482,1
25.7942,3
10.7905,0
17.4821,2
10.9037,4
9.68945,5
7.73007,3
6.10181,3
19.9504,1
8.00028,3
26.0645,0
15.4656,2
28.0419,3
11.7869,4
11.5932,2
11.2052,2
12.1219,0
9.7655,0
24.449,2
19.3598,3
4.70836,1
5.68902,0
11.2024,3
13.4061,2
15.477,2
9.707,3
21.7528,0
9.80339,0
7.5606,0
8.62132,3
7.85064,2
7.84538,2
17.8392,0
10.3547,3
10.3814,4
8.43558,1
11.5107,1
13.8513,2
10.2669,0
11.7828,3
8.60416,3
9.06491,3
10.1823,2
14.7808,2
11.1473,4
34.9863,1
9.15527,2
9.40595,1
11.5018,0
6.22974,0
36.2908,3
3.89643,0
14.041,5
9.00677,3
7.44787,1
12.8578,1
18.3562,3
8.83447,0
12.5099,3
18.3288,2
24.0597,6
11.4014,2
14.3889,0
16.2675,3
30.8616,2
29.321,1
10.284,1
15.4947,0
12.3438,1
14.627,1
13.9059,0
4.33609,1
14.6787,5
13.1019,1
10.0326,1
16.2208,2
3.72766,3
14.1181,1
6.58072,1
9.22435,1
9.12305,2
4.49996,0
13.4297,2
23.0498,3
6.71153,2
11.0771,1
11.255,7
17.0524,1
8.19381,1
10.1725,0
8.58042,1
16.6163,3
11.3691,0
12.2047,1
16.8399,1
28.8192,3
9.965,3
8.74308,1
10.7082,4
9.87318,0
7.81581,0
6.38059,5
7.57198,4
10.2991,5
12.2399,2
21.9182,4
7.93299,2
7.57702,1
13.1878,2
28.1494,3
42.4797,0
9.3478,2
25.9326,1
14.3107,3
17.2594,3
24.2776,4
21.1164,2
7.21971,3
25.2924,2
6.34959,2
14.0623,1
17.0367,3
13.2845,1
16.9268,5
13.7503,3
10.5944,1
14.2236,3
12.068,1
8.7328,2
9.36277,1
5.71373,1
20.429,2
12.4372,1
7.54982,0
9.07715,2
23.3956,3
11.9838,3
6.82035,0
10.5941,1
23.2881,1
6.08372,2
10.517,1
22.1216,0
30.3142,2
14.7992,1
30.8015,2
14.4044,3
17.477,0
7.7891,1
9.27542,1
6.0757,2
13.7249,5
10.4029,4
9.36681,3
19.7396,1
6.22843,3
13.3743,2
36.7222,0
10.9705,1
17.9282,2
17.9839,2
32.1138,5
9.96491,1
26.9677,1
10.3422,4
16.3552,2
12.3066,1
9.93874,3
8.80171,2
17.0661,2
6.07725,1
11.3367,2
30.9464,5
15.4502,3
9.53259,1
18.8915,2
12.7983,0
27.2873,2
11.9407,4
11.0694,2
14.8442,1
7.49174,0
17.7989,2
9.72361,0
27.7294,3
37.293,1
13.7968,1
10.0937,1
6.08017,4
10.8284,2
7.50447,2
9.99158,2
23.6079,3
10.9883,3
12.7431,2
30.7861,1
4.63601,0
9.10876,1
12.6101,1
13.4912,0
16.2421,1
19.0169,3
18.2415,2
13.0699,3
12.4316,1
21.7048,1
8.53234,4
9.67351,1
26.0299,3
27.927,2
10.1814,1
10.5068,1
19.4518,2
12.6414,1
22.1145,3
28.3722,1
8.62168,1
23.6665,2
12.5694,1
18.0914,1
13.4669,3
22.9067,0
7.46359,0
31.1982,1
11.3998,3
13.8718,0
20.7208,1
18.9019,2
13.1497,5
15.2104,2
17.2966,3
10.2419,1
12.6222,1
6.06085,2
10.0248,0
6.41535,1
32.2847,1
13.4556,3
17.5442,2
10.708,2
5.53021,4
6.13388,1
9.67418,1
9.81333,4
7.0469,2
7.87951,0
14.013,2
33.7332,1
14.6688,0
6.42606,1
21.3936,3
9.26931,1
6.02542,1
11.929,3
18.5419,3
10.0693,4
18.7392,3
18.4826,1
21.9729,1
9.98781,1
9.81664,3
10.4455,3
12.7754,0
24.3651,0
7.68421,1
8.86425,3
8.38654,1
11.7833,1
6.90552,2
8.02098,2
14.0409,3
10.4188,3
12.7937,3
10.322,2
16.9092,1
5.6319,1
4.30998,3
5.29869,1
21.824,1
11.9729,4
10.7024,1
4.44549,4
8.69785,0
12.0542,1
10.4592,1
13.0547,0
13.458,2
19.3031,2
6.69142,0
5.0407,2
15.1242,1
9.58433,2
28.2086,1
4.42232,1
10.884,3
13.1962,1
6.57524,1
6.46071,2
9.11038,3
7.02638,4
10.0297,2
19.927,1
7.17332,2
8.07699,0
8.28527,1
6.38648,3
7.57385,0
10.1333,3
16.495,5
12.4071,4
29.3011,3
6.45099,1
28.2794,1
3.52063,2
17.5026,2
16.8145,1
8.93556,3
23.2255,0
5.59312,3
16.9285,3
24.5486,1
33.4896,2
7.04375,3
35.0734,0
12.1333,2
5.36085,1
11.3477,2
8.87169,3
4.58646,2
13.3011,0
11.6601,5
9.95694,3
9.89559,2
17.5571,3
4.93556,2
14.856,0
2.71127,0
19.3532,5
8.54297,0
9.57442,3
9.97421,6
40.5217,0
32.1475,4
10.0726,3
3.65696,1
11.6984,1
14.5072,4
18.2651,2
7.84993,4
21.2869,2
16.779,0
15.1151,1
9.97158,5
22.3277,1
12.0143,3
5.76983,1
21.8688,4
7.62043,1
14.1189,5
14.1505,2
10.5154,3
8.34126,4
9.95496,4
7.22687,2
23.6999,2
13.251,2
4.90959,1
19.45,2
12.4461,1
12.9646,1
9.70833,3
19.8027,0
7.30691,2
14.5051,4
13.9578,4
12.3604,4
7.1774,0
10.1466,1
10.6537,4
13.7602,2
8.31618,3
27.1696,1
7.2832,1
20.8087,3
10.4989,4
14.1436,0
19.9809,0
9.74744,2
10.7912,1
7.9915,2
12.7751,2
10.4367,3
28.7169,1
15.4411,1
9.65853,5
7.87509,5
23.1198,4
9.67192,1
21.0586,1
5.92505,2
7.80799,0
12.1724,3
15.9433,6
9.37519,3
20.2633,0
15.7976,1
52.6951,1
6.2831,3
9.85309,2
8.71921,1
7.43216,0
10.6717,4
12.6842,2
6.73286,1
15.7685,5
13.3,2
17.2387,2
17.9494,1
6.22862,5
6.33443,1
11.0462,2
14.582,2
20.6063,2
14.2294,1
15.8245,2
7.50945,2
9.7205,1
23.5937,2
17.2986,3
7.28235,2
10.7873,1
10.0946,0
26.6457,3
9.10953,0
12.9725,3
12.2998,3
28.3525,1
27.9556,2
34.0567,2
16.4919,1
20.6832,3
11.8706,6
14.2098,0
15.4981,1
31.4667,3
10.5945,1
13.4652,1
14.1883,0
16.7024,4
10.0806,3
12.1245,3
9.81409,2
29.2332,0
17.6177,0
7.52304,3
19.6503,1
5.88053,2
10.9772,2
13.7951,4
15.1617,3
20.6804,0
13.2603,3
17.6518,1
12.9289,2
12.5624,2
16.3315,1
6.93697,1
20.094,6
8.44203,1
22.9556,3
18.4315,2
6.26708,2
9.29873,2
19.0934,2
9.69909,2
4.90501,3
6.986,0
6.60856,0
22.1872,2
33.4432,2
18.4916,2
6.97807,2
16.0816,1
27.16,1
5.86748,3
20.6326,3
5.12696,2
37.0662,2
19.5419,2
7.36121,2
14.1808,1
22.2402,1
18.5112,3
34.516,0
6.26268,2
19.888,1
16.1411,1
10.7733,2
17.5717,3
10.3424,1
15.3005,2
13.4192,2
7.21708,1
20.1939,2
6.4166,1
10.1813,0
14.0826,3
17.6218,0
13.1663,2
14.8423,1
17.1651,0
9.0175,1
16.1247,2
23.0031,0
10.5962,2
14.8817,3
13.3276,3
6.74738,1
14.4881,2
6.42875,2
15.2324,2
33.7876,3
18.1712,3
14.774,1
15.4091,1
11.302,2
7.88204,2
13.7382,2
19.4259,2
10.0298,4
6.10082,1
31.2255,3
23.3446,2
25.9685,3
11.6883,0
13.0306,5
8.64482,7
10.0264,3
14.6601,1
4.01996,3
15.2454,2
5.22128,0
10.993,3
9.70749,2
18.5392,5
24.6966,1
14.4637,3
8.39025,1
38.7914,2
21.4903,2
45.3458,0
19.4974,3
16.9041,2
6.13657,2
21.6036,2
5.8399,4
8.92101,1
18.6778,2
6.34481,4
11.6353,2
9.41381,3
20.5708,2
9.4662,2
7.54906,0
10.2616,3
7.0054,2
9.74035,2
14.0432,2
13.3536,1
18.9048,1
10.235,4
9.33183,3
12.524,0
31.0681,1
8.49335,3
8.23237,0
17.502,1
11.1533,4
8.47512,1
6.81595,2
10.1953,0
3.94053,3
22.275,1
5.64715,0
28.4172,3
14.0672,2
5.28145,4
11.1037,3
5.44466,0
10.2048,2
13.8468,2
21.1318,1
11.3971,1
15.1969,1
17.5266,2
6.4975,1
9.33314,1
18.769,0
4.41426,2
7.40126,1
9.51836,3
4.4987,2
9.60863,2
5.04363,1
9.56722,1
10.5654,4
11.0644,7
10.822,5
4.29098,4
10.6307,1
7.69536,0
5.20557,0
31.4592,3
22.4452,1
13.2885,3
8.45027,1
6.04203,3
11.7889,2
14.3169,2
17.9473,2
12.6089,3
7.54076,1
14.2451,2
9.8183,2
7.3142,3
10.3502,0
6.23244,1
14.8531,4
18.9988,1
8.82583,1
12.822,4
10.262,2
13.6752,1
19.6444,0
6.41368,2
15.8363,2
22.0495,0
22.4986,2
34.4424,2
12.6932,0
20.1878,1
5.24236,2
19.373,1
10.2641,3
32.4837,4
6.46838,3
15.0443,2
7.2539,3
12.6887,4
4.80893,3
24.6969,5
23.9913,6
29.3441,1
18.1116,0
5.86451,2
22.9513,2
9.84914,1
25.1467,1
6.30815,0
24.079,1
19.1556,4
20.7452,2
11.4082,1
16.7071,1
15.8707,2
7.33946,3
17.1485,0
9.06996,2
15.2516,1
14.1197,3
40.3835,3
13.399,4
4.00483,3
14.0331,0
7.53825,1
5.11872,3
12.8699,2
10.6793,3
10.2408,0
8.98165,2
32.2867,2
12.1323,2
7.77414,2
18.1223,1
6.16523,3
15.5291,0
17.9929,0
9.09976,6
11.7666,1
6.97861,3
9.92005,0
10.6478,2
7.9496,1
37.0923,2
14.6049,1
3.25787,4
19.4835,4
18.9139,1
10.8407,0
12.5739,0
6.27,0
14.6821,0
8.97571,1
6.78488,0
31.1168,4
9.1849,2
23.6247,2
4.13609,2
10.2951,0
19.7545,1
22.2477,1
6.16358,4
8.48233,1
13.7489,2
12.1546,1
8.99127,2
18.4629,1
34.5187,1
11.6849,1
39.4337,0
5.79845,1
16.1854,1
7.35429,3
6.19577,1
11.2342,0
3.81477,1
12.3251,1
22.4439,2
10.6525,1
9.80101,0
22.5035,3
11.5274,0
15.2156,1
8.72255,3
8.35124,5
12.241,1
21.4327,2
3.36337,2
7.55134,1
7.6462,0
8.81925,0
20.6243,1
5.85505,1
13.8552,1
8.52897,3
11.461,1
8.95742,4
13.4053,0
16.5366,1
11.5889,1
9.28052,2
15.494,3
28.757,4
2.51779,0
7.90438,6
12.0685,1
10.2334,2
15.0626,5
12.5073,0
20.4189,0
13.5057,3
18.1909,4
13.073,3
28.5164,0
11.8183,1
13.3806,1
10.4414,0
17.5846,1
15.7445,2
7.4209,5
8.74122,3
21.8862,2
12.8704,1
13.9934,1
6.14482,2
10.4488,0
11.0369,0
4.96444,2
10.8395,2
13.7249,1
8.02051,1
4.72936,2
4.99237,1
11.4625,2
14.7162,4
19.5519,0
32.2058,4
4.52985,2
25.4953,4
7.85927,1
13.2337,2
8.76161,2
9.09114,5
9.52015,2
13.2906,0
21.4859,2
11.9861,2
17.5602,1
28.2381,2
25.663,1
9.02655,2
11.7355,1
8.71876,3
18.4424,1
14.0086,4
14.6926,1
8.32719,0
7.01094,2
14.9942,1
16.8054,0
8.82307,2
11.8985,3
13.2593,2
18.4759,1
9.58932,0
16.5113,4
11.2119,5
20.5089,1
8.79552,0
5.17205,0
39.0951,2
8.10994,3
23.8809,1
9.99112,2
12.9832,0
12.8264,2
7.60046,4
14.2268,3
6.32764,1
7.56849,3
6.67659,2
8.19871,2
6.35697,3
10.9653,1
12.9222,1
8.81786,2
26.5374,2
7.0453,4
9.11891,1
13.5315,3
16.4564,3
6.98295,1
10.3248,4
11.2657,0
11.6146,1
13.1358,2
7.51678,0
5.7321,2
8.32973,1
18.6841,1
17.4315,2
22.3416,0
4.61397,3
10.7094,1
31.1179,5
20.9412,1
13.3397,1
31.2512,4
12.9502,1
15.6756,3
16.3955,2
7.46245,3
10.8709,2
11.2146,2
16.7321,6
13.4496,2
6.23314,1
10.8336,2
9.67138,3
26.3923,3
6.11972,1
35.6375,3
12.9263,1
15.4966,4
16.7455,1
16.2192,2
13.4401,2
11.7882,1
10.1592,2
6.14764,0
6.11349,0
11.0476,0
12.2582,1
14.0316,2
14.0168,3
9.33918,3
8.64332,2
27.5334,1
13.3981,3
22.321,1
13.2425,2
7.403,4
16.379,1
11.4542,4
7.43853,1
9.58219,3
7.5576,1
7.08806,2
9.41256,4
12.4006,1
5.27134,1
11.7933,3
26.3577,1
24.6219,1
11.1801,5
24.536,0
5.82447,2
7.51489,1
5.4672,3
6.98476,3
12.5665,5
13.2861,0
9.92889,1
7.34132,3
17.999,1
13.3139,2
4.65241,2
26.3137,0
7.91396,0
19.1043,3
13.5053,1
15.3513,1
58.8937,2
13.9051,1
13.9701,3
20.9588,1
9.56515,0
6.23901,1
13.2281,3
32.6094,0
11.9801,1
26.186,2
7.89331,2
11.6255,2
12.6724,0
31.2719,2
11.4891,3
16.2072,5
12.6453,2
39.9384,0
18.1195,2
4.5107,2
9.90437,1
10.7226,2
4.98436,4
17.3839,0
7.84809,3
12.6572,2
6.35063,4
7.01436,1
12.6249,2
20.5619,1
13.533,1
10.4715,3
13.4163,0
21.7367,1
12.8257,3
10.6791,1
16.7698,1
13.6143,2
18.3972,1
34.8738,3
17.6649,1
20.5488,1
8.42387,1
19.9374,3
12.1779,3
9.47618,3
12.1599,1
5.13453,5
12.8395,2
10.0387,7
6.06784,2
21.6197,2
35.7162,4
42.0046,2
17.8418,3
13.8796,5
36.0861,0
11.7948,3
8.665,1
3.59828,3
4.65221,2
7.34539,1
19.3687,3
10.7834,3
12.4323,4
19.8269,2
7.2433,2
11.6324,0
11.2778,0
5.3271,2
26.6592,2
11.2688,0
8.53649,0
16.7866,1
22.7158,2
7.79322,1
11.1557,0
12.809,3
8.45383,4
11.8923,0
23.5615,1
11.8818,4
14.116,2
14.8335,2
4.43368,2
8.8885,1
7.31171,0
20.0095,2
16.5505,0
13.7225,3
20.9169,2
6.27419,1
21.141,1
6.92913,1
4.9297,2
9.01006,1
5.87701,2
57.5435,1
19.9496,1
24.9648,2
10.9425,3
8.12864,0
16.2886,0
12.4036,5
16.7773,0
17.5406,6
9.92575,1
7.63753,3
12.4316,4
6.36438,2
35.6078,0
20.518,0
11.1057,5
13.1946,3
20.2626,1
31.7191,2
33.9897,1
16.2572,2
23.0693,0
4.87715,2
5.78794,1
15.9743,2
3.65816,1
8.86609,1
10.0157,2
22.39,2
10.76,1
14.4718,1
20.0125,1
24.8354,1
10.148,0
13.7073,1
15.5945,3
29.0157,2
9.85363,4
23.3563,3
8.83147,3
5.89758,2
15.2826,2
11.1247,1
25.3578,1
7.65626,0
4.10258,3
12.8385,3
11.8196,2
10.004,2
16.5187,1
18.0676,2
11.7123,2
11.2215,3
15.1427,0
17.3593,2
12.024,1
27.2401,2
28.1013,4
14.842,4
29.7718,2
10.2456,2
4.78588,0
5.73952,0
8.56643,3
8.47978,2
7.87622,3
6.40193,0
6.57438,2
11.7127,1
15.6693,3
3.37517,2
8.33919,1
42.7448,2
9.63221,4
5.51101,3
11.6091,3
14.8379,6
18.2302,2
7.95474,0
5.24119,2
16.8099,0
15.8526,7
17.4118,7
10.0075,1
35.9267,3
9.74863,1
9.5583,3
14.7509,3
12.8712,4
14.8472,2
4.74393,1
8.1901,2
15.3252,1
14.1654,1
10.1234,3
6.17059,4
13.692,1
56.8649,2
19.888,2
3.61139,1
20.8159,2
5.26041,1
17.0031,1
8.40584,2
8.39036,6
17.9808,4
30.215,2
5.69451,2
12.2941,0
7.92724,0
27.9127,1
6.64383,2
34.6219,0
7.85172,0
5.4185,1
16.0771,4
6.54182,3
18.6119,1
22.6541,3
12.6897,1
20.503,1
18.1401,1
21.4512,3
11.5758,2
8.32308,2
19.5348,0
18.5826,3
7.61678,3
7.91196,4
7.92965,1
12.6129,3
13.4074,0
9.97839,2
10.8558,2
6.68766,2
9.03945,3
9.2164,4
22.0486,0
13.5387,2
5.05511,1
5.55796,1
7.91295,6
11.091,0
6.70569,2
27.9671,1
13.9987,1
8.82389,1
8.87357,1
31.8629,1
12.1534,2
14.7629,2
17.0285,0
7.01556,1
29.3753,1
18.9197,2
17.9294,3
10.919,3
15.9564,1
11.7538,4
21.989,2
17.0227,2
19.0667,4
50.859,1
13.1021,1
11.6126,3
10.3058,3
8.89713,1
6.11058,0
8.46584,4
7.20589,1
13.5219,2
19.129,4
24.1299,2
12.5605,4
7.68028,2
25.5377,2
18.9729,2
6.66964,2
10.6278,3
11.8389,5
12.2088,1
51.7552,2
7.12366,0
8.74585,5
8.14844,3
16.7905,2
11.3403,5
20.2589,2
10.8348,1
24.3159,1
20.7705,6
13.1058,1
9.21532,0
14.4584,2
6.55015,5
16.817,1
28.972,1
8.96568,1
13.1762,1
8.11591,2
14.5357,1
45.4036,2
29.8278,1
21.2881,1
12.9695,4
16.8028,3
8.76809,2
5.08917,3
8.3321,1
11.3345,1
14.0288,1
12.1904,2
11.9208,4
13.0343,0
13.9126,0
16.3803,0
5.93308,1
19.9574,2
19.7389,3
3.65757,2
5.03545,2
5.43765,2
8.31962,0
7.79519,3
11.1377,2
8.98838,1
10.1709,0
6.09618,2
6.55959,0
12.0861,1
17.9544,3
17.0149,2
16.604,2
5.70492,4
7.77546,3
9.40207,1
15.9894,1
13.7475,1
15.8152,3
9.22867,0
8.71659,2
6.17894,2
20.7386,2
6.5709,4
29.578,0
25.8668,2
20.6257,3
18.4001,1
15.8679,3
15.146,2
7.78376,3
9.28439,0
11.8956,4
14.4541,1
17.8606,0
10.568,1
6.28015,2
16.1454,4
9.01952,3
11.3693,2
14.3598,0
5.58084,3
14.314,2
27.7462,1
19.2225,1
24.2527,2
14.0261,2
13.9238,1
9.05037,1
23.0378,0
19.4049,0
14.5064,3
24.2718,1
11.2996,0
7.1102,3
5.98789,2
11.5582,0
11.5023,2
22.4883,1
14.5753,1
9.29058,2
11.6399,4
21.4748,3
7.07079,3
6.30614,3
13.5617,2
11.5726,2
20.1425,3
8.72639,2
17.1877,1
14.2128,1
13.8841,3
15.1922,0
7.47952,3
6.88999,3
11.1059,2
10.6793,2
5.7386,2
22.0446,3
10.6095,0
45.7783,0
20.9295,3
26.5955,2
9.40237,0
30.9572,3
18.5541,2
9.26703,6
8.80965,1
13.7388,0
14.1448,1
17.0006,1
10.0338,2
15.3179,2
15.2258,3
10.0221,6
15.0661,0
21.8926,1
17.0517,1
6.39978,2
8.09814,0
4.88319,0
17.0227,3
8.99993,3
10.0176,2
5.45396,2
8.38062,0
6.94981,2
5.81974,3
8.28414,2
6.34627,1
9.41212,1
8.27518,1
16.6323,1
18.7326,4
25.3277,1
30.9278,2
11.9528,1
4.26055,0
20.5615,5
15.258,2
16.9133,4
26.6218,3
30.9198,1
6.82523,0
4.74489,2
6.1046,3
5.09596,2
10.2354,1
5.25937,0
6.24926,0
12.6663,3
9.49927,3
17.7355,1
12.0365,2
6.08954,4
14.2387,3
9.39668,0
26.8146,1
6.8921,4
32.3207,3
19.0126,5
9.96238,3
5.1271,3
34.7142,2
6.49718,2
23.0356,8
7.78347,1
40.0807,3
8.78728,1
24.3308,5
25.6652,1
7.63551,0
10.1964,1
6.75136,3
10.5598,3
10.3059,2
18.5792,3
20.9751,2
14.4009,0
49.8053,1
24.9951,1
30.3506,1
28.6658,3
11.3111,3
21.8876,3
9.47363,3
16.5515,2
13.5715,1
8.63811,1
28.2421,0
5.75292,1
8.99762,1
9.59673,4
15.447,1
24.2849,2
28.1322,2
13.268,1
12.8355,1
13.8917,0
9.72256,0
10.1533,3
13.7317,5
20.9314,2
7.81449,4
8.25412,2
23.7813,0
3.94233,0
10.9082,2
7.95794,2
28.6444,2
19.6559,1
10.157,0
27.7498,0
9.75892,1
9.34365,1
19.8186,0
7.24892,4
6.80151,2
17.7598,1
22.431,0
19.4251,2
10.8185,3
14.8609,0
19.0442,2
10.8964,1
19.3789,1
5.97184,3
8.09117,1
21.0437,3
14.271,3
5.5476,1
10.0371,0
14.3338,3
17.2785,5
16.9096,3
12.797,3
7.54984,1
5.64329,3
11.1702,0
10.1973,0
15.3901,2
18.7545,2
20.4279,4
6.11603,1
9.73659,3
9.69834,2
19.1382,2
7.75895,4
26.2321,1
40.881,2
9.25956,2
11.3177,2
10.5068,2
14.8726,2
34.5268,2
21.4166,1
4.75231,3
9.01682,1
15.9832,3
27.2497,3
21.8497,1
24.6143,2
14.8565,0
10.277,3
13.634,1
6.646,1
33.3901,1
11.8354,1
5.09339,2
4.75953,1
9.69523,3
12.9131,1
12.7154,0
25.5086,2
13.0799,1
7.33556,1
9.45927,0
10.7287,2
15.6752,0
6.42537,3
7.36621,2
8.55112,0
13.071,2
8.14713,2
3.31737,0
10.7374,0
4.46677,3
13.5636,3
13.6425,2
33.0136,2
28.365,2
14.8946,0
18.7679,1
12.2957,0
13.2573,1
15.7803,2
5.41187,2
12.2818,1
8.35655,1
9.9795,0
9.31984,2
12.0453,4
28.7441,3
11.3581,1
8.57534,1
12.1193,3
35.0048,3
11.1735,2
16.1345,1
5.21217,3
10.7995,1
31.0837,2
15.8225,2
11.2983,1
18.7921,1
7.1128,1
21.3848,2
7.70192,0
16.9063,1
17.7615,2
9.41396,1
12.4675,0
10.2783,5
29.7183,3
19.0501,1
13.263,0
19.809,2
14.2041,3
12.0096,2
13.8725,1
4.9382,1
13.5634,3
15.4013,0
15.2663,2
18.867,4
12.9246,2
11.0847,0
31.6255,2
6.74207,2
12.8359,1
10.376,6
11.9907,2
12.5839,0
14.4635,2
40.8276,0
30.6811,4
29.5413,0
11.8142,3
4.91541,1
12.9743,2
14.6869,0
5.60924,3
6.66343,0
21.1294,1
17.4659,2
10.9864,0
8.04571,3
10.8979,1
14.9479,0
12.2157,2
18.3,3
8.12833,2
22.717,2
11.5886,0
4.57137,2
23.7006,3
8.6477,4
12.2628,0
17.2421,4
8.49013,1
10.0087,4
7.61936,3
15.8173,0
7.5795,3
4.9074,2
6.88313,4
13.4321,1
9.28004,1
11.4575,0
5.54184,4
7.61392,3
9.90243,4
10.3481,2
11.558,2
7.51741,0
30.3287,1
15.5635,3
29.8829,1
23.9402,1
8.43385,4
7.15641,1
8.53358,0
8.13773,0
21.2053,0
15.6537,2
15.6233,0
6.77359,1
16.6519,0
11.3347,2
12.4583,3
46.4599,0
18.5506,2
16.4855,1
11.8999,4
8.53908,2
10.2093,1
5.94639,3
14.1391,1
9.00318,4
15.3986,2
20.2801,5
13.3986,2
9.0606,3
9.75079,1
10.6715,1
10.1151,1
9.14901,3
14.2373,4
10.2774,2
11.6442,1
11.5504,3
11.031,1
38.2008,3
11.0344,1
8.99965,3
14.9186,2
32.8529,1
11.9068,2
12.8784,2
14.8602,0
15.8556,3
6.73838,3
9.0302,0
17.8511,2
8.25381,2
6.37883,3
8.00635,0
23.5387,0
25.0996,3
18.6817,0
8.63036,2
14.3597,3
8.29799,1
9.88111,3
23.5187,2
17.8237,3
8.52903,5
4.05389,2
11.8246,2
14.0977,0
15.6482,0
33.6276,2
14.853,3
23.5526,1
17.5927,2
4.58147,1
16.8357,2
15.0973,1
12.5339,0
18.8976,2
8.92757,0
26.8719,1
14.0489,4
26.1267,2
25.786,2
8.28013,1
8.22941,1
8.19268,1
7.98535,3
9.03296,3
11.8462,1
21.1862,1
8.27666,2
9.73516,0
15.5939,1
10.2474,2
5.02169,0
8.0477,2
21.9039,2
5.03445,4
23.9465,1
10.0723,6
11.4123,0
9.85076,2
7.10841,0
20.5871,4
9.10707,0
9.11662,0
20.6481,2
9.15931,2
4.68199,0
11.5635,1
20.5613,1
23.3428,1
20.2199,3
10.2158,2
32.1022,2
37.4147,5
10.7225,5
24.0025,1
4.49099,2
8.00425,0
13.9947,0
21.896,2
29.8003,1
4.44952,2
18.3044,4
10.0924,1
2.86088,2
9.21916,0
4.88287,2
18.0438,0
18.6897,0
9.30356,3
10.612,3
34.8812,2
21.4158,1
6.39507,3
26.058,1
5.33014,0
10.6998,0
13.0409,2
16.702,1
6.27465,0
6.82883,1
13.243,1
9.46588,3
4.80032,1
5.88035,1
16.0984,1
11.8716,4
11.1913,3
15.8875,4
15.6865,2
25.7329,0
13.3903,2
16.1149,0
11.8818,1
22.1478,0
16.7416,2
15.8837,6
19.9093,2
22.6575,5
21.7151,0
7.73098,3
7.18021,6
8.36759,1
10.3452,4
7.68014,1
8.85862,4
7.52263,2
18.5213,1
12.227,2
26.0516,1
8.52675,2
7.35171,2
10.7433,6
16.485,2
6.53,3
19.78,1
55.9656,0
36.5227,2
20.5507,2
13.1194,2
11.121,2
24.1159,2
10.4784,2
8.61308,4
14.1665,1
25.6714,1
16.4957,2
10.0663,0
11.664,4
14.7873,5
16.7485,2
9.1543,3
27.9078,2
52.4781,0
8.73104,3
19.7744,3
7.35032,2
15.5,0
7.65251,2
18.7545,5
7.83763,3
21.2996,3
8.38157,2
20.5836,1
5.95073,0
20.8647,1
9.3911,2
8.62257,1
13.2755,3
19.0947,0
10.1703,1
25.6057,1
26.3248,4
25.9644,2
12.3111,1
6.05715,2
8.36496,1
9.17793,1
12.4672,3
20.7556,2
8.69845,2
38.7716,2
31.8371,4
11.8885,2
15.5574,1
15.8684,1
7.03578,0
10.2148,2
7.50448,0
5.53692,1
11.5206,1
17.6077,3
21.0745,4
6.90443,3
8.83329,3
39.8322,1
26.0715,5
13.8461,6
15.405,4
10.6182,1
12.2724,3
17.4258,2
18.1445,0
18.5399,1
11.2846,3
17.788,1
9.24366,0
29.0879,3
7.0177,1
9.43051,1
6.36725,2
8.52464,0
8.29685,1
8.99897,3
13.0511,3
13.4024,3
19.232,1
7.52416,2
8.24067,2
16.5645,1
12.8855,0
6.31659,2
28.7193,0
39.3869,2
9.92972,2
11.6339,0
9.41588,0
10.0853,1
6.01818,2
10.0885,1
8.79676,7
21.4182,5
7.48578,1
5.93277,2
25.7294,3
22.9451,2
13.9069,2
12.0258,5
5.08282,3
15.1183,2
22.0756,2
5.08567,2
15.442,0
8.84714,2
31.3389,0
6.08857,4
8.50757,1
31.827,1
19.881,1
6.60725,3
15.3569,1
15.8991,2
30.3015,2
8.83931,4
10.9631,1
20.6686,5
13.1312,3
8.55594,0
12.7411,1
3.69015,2
27.1186,1
9.29144,3
17.3935,3
14.0761,1
24.8357,1
11.7769,2
15.9309,2
37.3787,6
16.0557,3
6.78095,1
23.8475,2
21.9995,1
7.78575,1
14.9774,3
22.7177,3
5.67377,1
4.95747,4
9.63527,1
3.46412,1
7.90334,0
18.629,0
18.9272,1
9.37254,1
12.2866,3
7.71889,2
12.3255,4
7.79835,1
7.36832,1
23.0177,2
10.7846,1
10.7033,0
13.1243,3
11.0315,4
9.59406,1
27.6942,1
5.00677,3
25.7402,3
18.7123,0
23.8536,3
10.5994,4
8.30699,2
6.32469,4
52.4748,0
23.7093,5
5.4794,2
15.613,4
26.3878,1
23.5604,0
16.1754,0
13.3885,4
7.03349,1
5.74852,6
26.7955,2
8.14522,3
12.5247,0
25.3706,3
4.93616,2
10.6278,2
10.8209,0
14.6114,2
18.5773,6
9.74673,2
10.8051,3
6.65748,1
11.2652,1
8.75761,2
11.3154,0
19.4147,3
17.3976,2
10.8848,2
16.1892,2
10.3303,1
12.6473,3
14.6868,1
30.2506,1
10.5941,1
11.9053,1
17.2647,2
10.7942,2
15.4784,1
5.30434,1
7.05984,2
13.0987,0
11.2555,3
26.9634,3
12.4918,3
13.4491,2
14.4714,2
8.51213,5
10.8351,1
14.9877,3
12.1372,2
17.1826,0
8.82415,2
7.56162,1
17.4246,2
8.67989,4
16.8252,0
17.4174,2
25.8731,3
13.2192,5
7.61069,2
8.46803,3
6.87782,3
5.43116,4
16.3702,2
11.0949,1
20.8484,2
14.397,2
22.2848,4
23.7312,3
6.48229,1
13.0734,1
6.60362,4
18.9552,3
20.2479,2
7.64184,2
11.203,1
9.94024,3
6.9258,2
7.48516,2
6.70759,1
7.55319,4
19.9301,1
19.387,3
19.0603,3
11.3264,0
15.2676,1
9.4064,0
14.8645,2
12.8844,1
6.38034,2
21.9785,0
9.72424,1
22.727,1
5.87109,0
17.4443,1
12.1829,3
9.36461,0
7.1607,2
18.9009,3
7.77463,2
12.5708,1
35.8571,2
9.15232,0
23.5723,0
9.45143,2
10.0796,0
20.916,2
7.2951,1
4.91842,2
14.877,4
16.3945,2
5.69205,2
8.25348,4
9.55614,3
13.4766,0
7.53982,2
34.6843,1
34.0271,1
4.52814,3
4.67825,3
25.3786,1
20.0597,1
4.80145,1
17.4639,0
20.4635,0
22.0589,0
6.27187,0
15.0555,1
19.817,3
8.58736,1
13.4689,0
5.17303,5
14.257,0
16.1092,4
39.303,4
14.4116,2
16.5516,1
11.0888,2
11.5034,1
7.28578,2
18.4724,3
7.95717,0
7.04084,1
19.8968,2
27.617,0
8.95396,2
11.7509,1
9.41864,1
9.86446,2
29.8469,1
29.1587,0
5.62759,1
8.3677,2
10.423,8
6.00248,0
5.56713,2
10.9837,2
27.473,2
18.0229,1
10.6258,5
16.4138,2
11.5972,4
18.6612,1
11.8398,2
7.63676,3
15.9535,1
13.3078,4
8.54069,2
16.2176,2
5.05207,3
26.0747,3
7.16957,2
20.381,2
17.264,0
15.8301,2
9.68165,1
22.2746,4
3.84819,1
31.3298,2
3.74962,3
11.0451,1
10.0987,1
27.0875,1
9.99796,3
21.7915,0
8.47938,3
17.0242,3
6.06741,4
4.72067,3
5.62512,0
7.27702,1
25.1748,3
8.94747,2
4.20736,2
10.0107,0
9.53742,2
16.3896,1
3.01679,2
15.6155,1
16.618,3
14.2817,2
10.8951,1
8.40432,0
8.7626,2
7.92064,0
47.4231,0
18.3415,1
12.5125,1
2.77261,0
15.1126,1
8.86064,0
8.37137,4
10.9828,2
15.0803,5
7.54592,2
12.5644,4
11.8359,2
10.1458,4
17.7283,4
9.60267,5
23.5386,3
10.8051,1
6.19733,2
8.01246,1
14.7169,2
6.87104,1
9.71658,4
9.56008,0
27.7326,1
12.0038,3
20.9616,2
16.4137,1
9.14853,1
10.5174,3
20.4948,0
7.35967,1
8.31278,1
8.44836,1
6.70902,4
11.7513,1
9.08663,2
7.48872,2
21.8389,4
11.5724,3
9.81118,1
19.6114,2
7.58261,3
19.1872,3
16.5179,2
6.29074,4
11.7543,4
11.948,5
5.76864,1
10.1428,4
7.61093,2
7.83153,2
5.74517,3
6.75437,2
30.1918,2
10.1244,4
14.4696,0
16.7618,2
4.6908,1
14.9952,2
12.3449,3
12.8958,1
9.87834,1
15.2484,3
4.63963,2
8.10912,0
12.6359,0
12.8852,5
17.1514,0
21.8245,2
25.7024,0
10.869,2
14.648,2
9.77735,2
13.8683,3
14.8106,3
35.5821,4
8.70488,4
34.0972,1
6.02133,1
8.41094,1
17.1614,2
10.0377,4
10.9735,2
15.6974,1
9.59332,1
14.638,2
23.6485,3
10.1242,2
9.21817,2
12.4767,2
9.67598,0
20.1535,2
16.5804,2
14.5956,1
14.9306,1
8.94793,3
19.6702,2
9.42855,3
10.5932,1
14.4423,2
24.534,1
19.2545,1
11.9835,3
11.8249,0
11.7452,3
21.5183,2
13.7971,3
13.6,1
19.8009,5
17.6247,2
9.91725,2
17.2386,3
6.9579,3
14.2078,1
10.3681,1
19.2013,6
5.71601,3
10.2051,2
8.8536,1
11.8067,1
38.6918,3
20.1268,0
14.2903,2
8.65553,2
11.4711,0
15.8076,1
10.6554,2
24.252,3
10.4235,1
12.6551,0
12.3321,4
21.3584,3
24.2992,2
10.6769,4
4.46186,3
13.3945,0
19.0527,4
11.4941,0
18.1833,1
6.59623,4
20.8606,2
21.8272,0
29.8747,2
4.12651,1
27.5991,3
13.3254,2
19.2413,1
6.29311,0
22.9635,1
24.6598,0
11.9079,1
21.9822,0
26.1969,3
12.6951,3
32.7799,1
15.5802,2
8.25208,3
15.7092,2
9.60017,1
27.2771,2
25.4659,2
22.156,1
4.49538,1
25.0863,2
15.292,1
10.7798,1
14.9717,1
13.5201,2
23.1212,3
5.52915,0
36.0657,3
9.99434,3
18.865,2
8.76115,1
2.91233,6
5.39767,0
9.8817,2
31.2634,1
14.1023,3
14.6468,1
23.7852,2
7.28022,0
5.91482,0
8.71837,1
14.5662,1
21.9966,3
8.56343,4
5.41512,1
7.53411,1
5.7276,4
9.37305,5
8.50923,1
9.88843,2
11.0857,2
9.22615,1
27.3695,1
15.2819,3
8.41382,0
13.0524,0
15.1107,3
23.1208,1
22.2122,1
15.1354,4
9.66384,2
14.7169,3
18.2786,1
14.9092,2
15.9614,1
9.52934,1
7.91131,3
15.0735,2
11.8699,2
9.69297,2
17.7187,1
13.192,3
14.8284,1
8.75478,3
18.577,2
9.68648,0
21.4897,3
12.131,2
13.4923,1
16.9669,2
14.9555,2
6.37474,1
31.3803,4
28.2216,2
12.6066,2
31.042,1
19.9231,3
20.6313,2
6.57392,1
12.74,3
21.0462,1
30.5612,4
11.1001,3
14.4555,2
13.313,1
10.8898,3
14.8392,0
17.4,2
7.23419,2
19.3395,2
5.96298,0
13.4558,1
30.1336,1
16.4282,1
6.64029,3
12.9266,3
12.8906,1
22.5754,0
18.9112,1
24.7712,6
21.6702,1
31.6511,1
11.1561,2
14.8489,3
28.5411,0
9.33671,0
11.8759,3
12.1781,2
4.52948,2
12.0156,6
6.64021,1
10.8114,0
7.41818,0
11.4487,4
25.5163,0
17.1055,2
9.68211,2
8.60849,2
10.3771,1
27.1832,1
12.3822,2
5.66003,3
16.8219,2
12.5049,1
6.32031,1
8.39908,0
7.77348,1
6.58837,3
12.7849,2
11.5576,1
11.447,1
10.7834,2
8.93848,0
17.1236,2
12.0903,4
12.8085,2
16.6745,1
6.70233,2
11.9177,4
31.478,3
14.0483,0
15.1711,1
46.7555,3
11.9363,1
5.7306,0
18.8665,5
12.5442,0
7.71215,2
12.973,1
5.99906,1
8.96331,1
5.89541,5
20.1942,3
4.14365,2
17.6652,0
9.93756,0
28.3358,3
5.96801,1
23.4409,1
20.7107,4
21.4282,2
18.1577,1
10.7722,1
8.714,1
9.35209,2
16.6424,0
15.9703,6
22.2221,0
10.6162,2
10.6278,3
25.9965,4
12.1165,2
26.234,0
6.22269,1
7.85084,0
17.478,3
8.93635,2
13.7996,4
19.928,2
9.55584,3
10.351,3
6.49884,0
20.1197,2
19.0505,2
10.1979,1
7.63352,3
13.7937,2
8.2765,1
5.48192,2
16.0863,3
6.88497,5
6.11042,1
12.4984,1
13.1389,2
4.95565,1
8.11575,3
9.32018,1
6.6131,2
13.2521,1
18.3907,1
13.4522,1
26.6067,2
9.55358,1
5.95802,2
13.233,3
25.0591,2
5.30557,0
26.3367,1
36.8854,10
11.9266,1
6.03952,0
15.203,0
18.1565,0
12.5424,1
19.0021,2
25.175,4
9.23154,1
12.5632,5
10.8718,2
11.9708,3
17.9246,2
14.929,1
8.90033,3
5.85668,3
12.5469,1
12.677,1
6.73857,2
16.8157,1
26.8117,2
10.9502,0
15.2516,3
7.73489,1
26.5026,1
6.06114,2
8.10644,3
15.8695,0
6.95391,4
11.4823,0
8.74238,3
17.1229,1
8.19798,3
10.6155,3
32.5968,1
15.9564,1
16.9387,1
12.0587,1
14.068,1
13.1069,2
8.31329,4
14.9138,6
11.0473,2
8.69691,1
21.8056,4
9.02448,2
21.6887,7
17.555,3
10.9934,3
14.7546,5
11.4966,0
14.9244,1
6.23476,0
11.0656,1
7.28033,3
8.86891,2
7.24712,1
8.04376,1
20.2268,0
23.1432,4
12.3262,3
6.65655,4
13.3533,1
9.02404,1
17.1025,1
12.7358,2
5.66885,0
29.331,3
10.9723,2
11.131,0
16.9756,0
23.8158,2
24.1568,1
7.56782,2
9.58873,4
12.9381,1
18.4237,0
5.80345,3
9.85571,3
14.9603,2
47.6161,0
11.8617,1
14.1469,4
31.8535,3
7.19651,1
6.83238,3
15.7034,3
11.5097,2
10.3625,1
5.99835,1
8.49283,2
10.1604,3
11.9191,1
12.2052,1
19.6606,2
6.04898,1
10.5955,1
15.4279,0
12.3214,1
19.6402,2
12.3917,2
11.1306,3
9.20452,5
10.426,5
11.6338,0
14.4592,3
35.4541,1
8.96409,4
13.2677,1
6.96976,4
3.58371,0
14.6954,1
6.82572,1
8.67144,4
16.5428,0
27.5771,2
14.7466,0
9.93099,3
14.5275,0
8.76246,4
12.4919,4
22.6878,2
12.1161,2
9.35596,1
4.77202,2
18.1065,1
10.9767,0
7.33548,4
11.0662,2
9.48957,2
11.3492,0
15.4407,3
6.70027,1
23.7056,1
8.67881,1
24.7652,0
6.60368,1
21.2758,4
9.61586,3
16.1111,1
14.4021,0
10.7271,1
7.29311,0
31.1675,2
7.61328,1
8.91233,2
41.5704,3
8.66871,1
4.44767,1
12.2416,0
22.7833,1
18.0347,0
9.0597,0
40.7018,3
15.9782,1
11.9359,1
11.4343,0
33.1154,3
4.64467,3
22.1582,1
5.52914,0
11.3577,4
12.012,1
8.33291,3
33.3212,1
15.4556,0
20.452,1
13.5134,1
16.2935,2
15.1069,1
19.7656,3
6.19808,1
35.0817,2
17.2515,2
6.84082,2
6.49224,4
12.9193,2
7.00801,1
10.66,1
6.69535,2
21.423,1
12.9278,1
12.5855,2
9.25803,2
25.3841,2
13.3744,0
9.72923,1
20.0296,1
9.7876,1
13.4884,2
11.5087,3
19.9971,0
18.9313,0
7.16959,1
7.94076,0
28.1832,0
15.2069,2
12.545,3
21.1858,2
26.2495,2
9.3284,1
7.12981,2
17.4213,0
11.0082,3
7.55832,2
38.6949,0
6.82601,2
29.5568,1
8.29015,0
20.7202,5
7.40089,0
14.9967,2
6.92405,0
22.677,1
23.0475,0
7.24247,3
11.0443,1
20.8154,0
9.08064,3
20.8631,4
5.80784,3
10.092,0
16.801,1
4.73299,0
11.6166,3
12.9095,1
23.8709,3
26.2579,2
11.6948,3
36.6063,0
10.018,3
9.09291,1
25.1386,2
7.0439,2
19.1356,1
9.87938,3
5.19642,2
9.75508,3
5.59512,4
22.7412,4
17.0271,5
13.9657,0
22.6437,3
11.2198,1
14.2472,0
19.5607,2
12.4688,1
10.2023,1
7.30504,3
13.1188,4
15.2136,0
13.1816,1
16.1212,0
7.07894,2
7.89656,4
13.2805,2
11.7797,3
13.8968,1
23.9157,0
12.8336,0
10.045,3
7.78442,1
15.8564,2
4.40465,1
14.4376,0
12.0435,1
8.27152,2
15.088,5
24.2007,4
21.1923,2
19.0212,2
4.24608,3
16.1655,2
6.17499,4
10.5332,2
10.4569,3
12.0981,2
12.6046,2
8.53893,2
17.2046,1
10.5002,0
28.0065,2
4.54863,1
9.04162,0
12.9909,0
8.4677,3
10.9306,1
11.1978,2
9.44035,2
25.6325,2
10.2916,1
10.0688,2
6.2112,1
8.77103,5
17.3051,2
22.5631,2
5.33657,2
4.96063,0
11.5364,1
17.0448,5
14.6589,1
18.005,1
46.4524,2
8.93301,1
19.8463,4
6.17851,0
13.507,0
14.0265,0
7.68501,4
27.8048,1
7.48583,4
4.59254,0
27.6498,0
9.14051,1
19.8733,2
11.0115,0
8.59293,0
11.1156,4
2.40422,2
18.4434,1
13.5473,0
7.24026,1
10.4103,3
18.0638,4
10.1642,1
8.35001,2
7.18774,2
9.9157,3
14.7721,2
5.85134,1
5.40653,1
38.2946,6
8.45621,0
12.7205,1
14.021,3
19.0293,1
7.47287,3
18.991,2
13.7708,2
10.7285,5
11.3106,3
14.3666,0
17.2718,2
8.59146,1
9.96595,1
19.7278,0
6.2663,3
20.8783,3
33.6577,1
24.6428,2
20.7102,2
15.1427,0
4.40729,1
7.46353,5
7.44563,2
7.59371,3
21.7035,0
10.96,3
16.88,2
15.8235,4
9.2421,0
8.22118,2
8.20054,1
13.8197,3
4.81018,2
7.46197,2
17.6387,0
10.2623,1
18.1962,3
24.1246,0
18.9257,1
9.79574,3
10.7406,2
25.1327,2
8.29318,0
19.2404,3
18.4018,2
10.5623,0
9.52724,4
13.6443,1
13.843,0
14.9233,3
8.86278,3
15.3169,1
16.1684,3
7.47871,0
9.60584,1
5.82267,0
7.1438,1
10.6346,1
11.7819,2
7.08957,2
4.81504,5
7.86207,2
22.098,2
16.6439,1
7.43787,0
27.5735,3
19.9458,2
20.3215,3
9.89247,0
17.2236,2
10.6446,4
12.0449,2
15.6511,2
11.0248,1
5.47147,0
72.1792,2
12.0598,1
30.2356,0
6.22807,0
11.164,2
5.54109,4
22.4381,5
11.2284,1
21.5624,2
10.3166,1
15.8514,3
23.5708,1
13.9905,2
47.3392,3
7.11606,2
4.21368,2
17.0999,2
11.8487,1
18.4998,4
20.708,4
15.7083,2
9.82112,0
7.17385,1
6.96663,3
10.274,4
12.052,2
14.7749,2
14.6585,0
12.3176,4
19.1817,4
6.63782,0
10.5204,0
10.6848,4
9.8266,2
23.2476,1
9.6345,2
24.5832,1
4.44229,0
14.1477,2
18.5569,0
6.3633,1
4.2906,2
13.4058,0
14.1989,2
12.2998,0
20.1549,4
6.58262,2
9.16504,2
9.23373,1
18.1226,1
16.6526,1
16.3743,5
10.2352,2
10.4457,5
19.9002,2
8.54857,2
8.86608,0
5.30061,3
14.367,2
17.9317,4
10.4553,2
11.0123,1
11.8177,1
4.64079,4
20.1329,2
8.48855,0
13.1265,2
18.0188,2
18.0986,5
10.5035,4
10.6088,2
14.9403,0
7.99919,0
9.87409,0
4.61382,2
6.94112,1
13.2949,1
5.43749,2
19.4688,2
5.56477,2
5.81971,3
16.0622,4
11.2139,2
12.2949,4
19.8642,2
8.19806,1
12.3429,3
15.1328,2
18.7421,1
8.41482,3
14.6039,2
9.71123,3
11.8885,3
9.1927,4
11.0788,1
24.8436,1
9.43011,4
8.38479,1
12.0277,0
17.5237,0
18.2718,0
6.48042,1
8.82825,2
11.1582,0
15.4294,0
34.1558,3
9.51127,2
11.747,1
6.37451,0
10.2955,0
5.91273,3
10.7708,1
4.45806,3
8.88594,2
13.9508,1
20.1698,5
12.6621,2
5.67945,2
12.072,1
15.965,1
6.5887,2
8.42776,4
14.8284,2
6.93289,1
7.67373,2
10.7499,2
9.38251,1
11.7211,2
10.3404,3
10.5531,0
19.8612,1
12.8364,6
11.8242,4
17.3268,2
15.7494,1
8.83121,0
3.92907,5
18.9363,0
13.2332,2
10.1523,1
10.3847,0
13.6088,0
8.6797,4
22.6928,3
20.6768,1
12.466,2
5.53493,2
17.0861,4
9.54185,2
11.9412,0
6.32052,1
15.9359,3
10.9264,3
14.8813,4
9.55456,2
29.2365,1
21.9119,3
21.0413,1
22.2418,2
14.7077,0
11.9207,3
12.7583,2
12.1566,2
15.3312,0
14.7632,3
19.7469,0
10.9232,2
12.4848,1
10.1274,1
6.50937,2
45.1191,3
5.29317,4
9.76225,1
9.73136,2
16.9788,0
3.91288,1
28.9106,3
14.3618,3
11.763,1
16.4383,1
14.4924,3
32.3111,3
11.9326,2
10.6511,4
19.6218,0
5.62041,3
8.20353,3
14.2711,1
9.77342,1
15.4894,2
15.7391,1
8.14832,1
15.0511,4
17.4858,0
8.42674,0
11.3067,2
12.6804,2
9.71368,6
7.51306,1
13.2743,0
11.0512,2
22.7875,2
13.2103,1
21.7885,2
45.0911,0
32.5711,2
5.50387,1
11.7432,3
9.45656,2
6.08417,3
9.99824,0
11.3145,5
7.63127,0
7.60418,2
43.0247,2
6.33239,1
28.8383,2
34.6165,3
3.62282,1
9.54266,1
26.7072,1
13.4027,0
8.15113,2
8.95613,3
11.693,0
13.3891,1
12.7224,2
5.6813,0
4.50187,6
12.6994,1
10.6288,1
11.1324,0
13.5026,1
14.2578,4
19.7724,5
13.5232,2
12.2915,1
19.7685,3
8.80446,5
15.6926,2
4.91899,4
23.6713,1
27.9924,6
5.23051,1
11.8318,2
12.3302,2
24.2747,0
20.0026,3
41.0468,1
12.7479,3
8.40962,1
15.0204,1
5.66446,2
12.918,5
15.8557,2
12.7579,4
47.8282,1
14.3269,2
7.50372,3
6.70047,1
7.25291,2
48.4457,1
5.17402,2
6.0997,2
16.2798,1
25.3787,1
33.4379,2
9.53514,1
3.9644,2
20.1761,2
11.1579,0
9.57297,3
10.4056,2
8.65552,1
8.04533,0
9.62004,3
12.7853,3
13.2228,0
7.22871,2
15.3492,4
10.3652,0
4.06643,1
7.66402,2
6.89764,3
15.1734,3
25.6158,0
12.4104,3
19.7668,0
8.6356,1
12.1623,1
7.35184,4
14.8745,2
17.7474,3
12.1455,2
11.4336,1
21.0944,2
8.69808,1
7.39469,3
13.2865,2
8.9992,1
5.11307,3
9.79466,0
11.9073,4
8.46366,1
22.6662,1
11.9498,2
4.94277,1
6.89047,1
11.7461,0
23.8387,2
12.1284,1
13.8889,3
8.09687,4
7.3299,2
11.5536,2
9.4159,0
25.9215,1
22.5998,1
6.41359,0
10.7392,2
8.7376,1
11.2388,6
13.1163,1
6.94448,3
11.3916,3
12.1331,0
10.6606,0
20.1286,1
5.77374,3
22.8622,1
9.00097,0
12.139,1
20.8739,2
10.8181,4
10.9184,2
28.8348,0
13.7777,2
28.2394,0
14.7204,1
11.9239,0
15.3871,1
21.0777,3
10.801,0
8.61548,1
11.4094,1
12.2526,5
13.8677,1
6.25419,2
10.2098,0
5.86237,2
16.5614,4
4.2357,4
8.62403,1
12.3992,2
8.73729,3
16.1759,0
33.1099,4
12.5,3
13.7058,3
12.2406,3
16.1715,2
8.73492,1
26.211,3
8.49294,2
11.5622,4
8.49038,1
21.6393,3
6.36999,3
5.46022,1
11.8176,2
8.33932,1
28.6513,2
11.5841,4
10.8173,4
12.5323,1
22.3758,3
6.15631,3
13.5364,1
19.0685,0
18.2782,4
6.33528,3
37.878,1
29.8791,3
13.061,3
10.3641,0
10.3662,0
18.6446,0
7.68194,1
35.8599,2
15.0835,2
18.3416,2
22.7658,0
15.8175,1
18.0778,0
3.00934,1
7.55388,1
18.9473,2
6.26935,4
6.28735,3
9.52177,2
37.2151,0
5.07418,3
60.8845,2
13.2981,1
11.2795,1
16.1213,1
12.468,4
9.96768,0
9.47305,2
24.9276,4
17.1546,1
7.92218,1
19.3761,3
13.791,1
23.7663,1
12.3444,3
15.5739,2
10.2795,3
9.1768,2
11.4356,2
8.65834,1
17.6091,2
19.4257,3
24.1141,3
21.065,2
30.1674,0
13.0599,3
4.94721,5
12.9792,1
14.7581,1
13.3363,1
19.9192,4
16.1215,2
6.28518,0
4.57429,3
25.9435,4
8.74858,0
12.4942,3
6.95177,3
9.52498,0
21.7382,2
18.8243,3
11.0678,1
10.1425,1
11.921,1
9.73088,2
5.23043,2
8.3463,0
20.105,1
8.48597,1
17.4563,1
7.44656,2
20.8511,3
5.99148,3
18.2608,3
31.5213,1
4.15604,0
18.8664,1
5.29692,1
15.0091,2
11.5059,1
10.0787,1
6.25911,1
7.99048,0
23.1062,1
24.4162,4
4.71406,2
7.02174,4
15.9297,3
9.809,0
20.7658,3
7.48045,2
14.6842,2
13.1589,2
12.953,2
17.4327,2
6.92378,2
9.02441,6
14.9305,3
6.58289,0
10.1795,4
16.4803,2
13.5077,2
24.8954,2
12.0072,2
6.13519,0
8.85882,4
8.01474,2
4.74399,1
30.1128,3
14.1872,4
13.8244,2
9.6825,1
7.47952,0
10.1124,0
10.5088,3
6.8714,2
10.0969,0
14.2331,3
5.59105,1
13.4642,0
4.80276,4
14.2571,1
17.9134,2
17.8877,3
24.3566,2
15.248,2
6.09952,2
7.21102,2
7.21711,1
9.71611,2
12.5587,2
7.46962,4
6.72514,2
8.56629,2
7.37445,1
17.8465,1
22.6591,2
12.9979,4
34.5822,0
17.1671,5
14.5244,1
12.7602,8
6.65993,2
15.2405,4
12.2364,1
14.9027,3
17.3251,2
19.9226,2
9.3246,1
39.292,0
8.23966,0
19.9904,1
15.2327,1
8.19812,1
34.0754,1
22.454,2
28.8231,3
16.3833,0
10.1646,1
17.4432,3
25.8602,3
13.033,6
28.7985,2
14.8536,5
12.8759,2
7.297,2
40.5328,3
23.2292,2
17.7146,1
15.332,1
7.45051,0
22.3954,1
12.6047,1
15.7126,1
14.9077,1
16.7244,2
6.43155,1
9.64222,3
20.8738,2
23.1689,4
18.7088,1
7.05867,3
9.43361,4
45.2246,2
25.8223,0
11.4574,3
8.78724,4
4.86259,4
12.8391,2
40.8161,2
8.84531,1
5.9744,0
10.6448,3
9.40382,2
12.3897,1
6.72617,2
10.3038,6
15.0894,3
17.6509,1
8.55329,3
16.1876,4
12.6137,3
21.0187,3
7.93633,0
30.6891,0
6.55088,0
7.86498,1
9.86215,0
8.21152,2
8.81967,2
18.683,0
7.76171,3
21.109,5
35.8845,2
25.6726,2
9.59252,3
31.281,2
22.4038,2
7.08241,2
10.3494,0
64.8388,5
8.45239,4
23.1787,0
9.28924,4
10.6086,2
10.2711,2
4.88831,1
12.5068,2
16.6161,0
8.23171,2
17.5988,1
44.457,3
11.4256,1
17.3824,4
8.45922,0
7.15796,1
18.5407,2
9.58983,0
10.5506,2
23.9347,1
22.9853,3
4.32905,2
13.2452,1
10.5627,2
24.0204,1
9.79497,4
11.1981,3
9.15195,2
7.03786,0
11.3863,3
17.9201,5
15.9958,1
9.45673,1
20.5358,1
18.9039,2
12.8381,0
4.9566,2
24.0934,1
8.6434,1
6.61898,0
14.5667,0
14.1366,3
9.08412,0
13.4901,1
15.1476,4
9.32007,1
6.04421,1
15.2746,2
5.03212,0
9.65611,0
18.2912,3
23.9547,4
13.8809,1
16.1776,2
8.11551,3
9.34934,0
8.14972,1
14.7066,0
12.1461,2
10.4207,5
9.4329,1
5.80489,1
23.2485,0
6.8641,2
11.589,2
7.78351,3
8.84909,1
6.32495,4
11.0104,1
6.4157,1
12.0526,0
7.64325,3
8.9392,3
2.29401,1
6.59053,3
6.00977,0
10.7769,1
6.23665,1
15.6623,1
14.1004,4
6.99261,4
11.1483,2
10.9578,3
7.48158,1
6.03756,3
8.28284,1
3.49274,2
17.5837,0
12.4257,3
18.1599,0
9.26898,2
16.8593,3
17.4127,2
8.94956,3
8.32915,3
19.6167,2
17.0606,3
6.61489,2
16.7222,1
24.2441,1
7.26256,4
21.4025,3
4.15536,1
5.88717,1
10.1616,1
19.798,2
13.4262,3
20.2838,1
9.84208,0
9.08182,2
11.8211,4
13.9026,0
23.1958,2
13.2074,1
11.5162,2
7.28669,3
26.0793,0
15.9306,2
17.567,1
21.5865,3
19.3547,2
14.9873,2
10.0757,1
16.2671,0
7.76863,4
5.79334,2
13.8223,0
13.4762,4
42.9154,0
16.7388,3
9.86361,0
6.04621,1
12.0362,0
19.0667,1
13.2646,2
9.73536,1
12.9963,4
14.023,1
25.05,1
11.8515,2
8.59077,0
11.2589,4
17.5228,0
8.59564,2
14.9476,1
18.9721,3
5.83185,1
7.71424,1
26.4617,3
2.85777,1
22.3395,2
13.8844,0
6.99493,2
29.6326,2
12.2777,3
8.30961,5
6.69393,0
14.5262,2
10.5773,2
7.71425,2
14.1461,0
7.82361,2
7.30907,3
7.41242,1
8.9707,0
17.6848,1
13.8617,1
9.26275,3
8.3277,3
11.0301,3
10.1174,3
3.87946,1
6.52592,0
18.8003,2
6.60488,3
25.6606,3
7.07236,3
6.97832,0
17.1262,1
12.4188,4
17.7626,4
9.32332,1
23.3067,0
20.0314,1
15.4169,0
9.86959,3
4.33214,2
16.0365,3
7.6838,3
20.7876,0
5.14821,4
17.2488,3
6.09099,4
7.26197,2
16.5679,0
7.82242,1
6.26582,1
8.75707,1
24.7861,1
11.0683,5
22.5415,2
7.02387,4
11.83,0
12.6605,2
16.3797,2
19.3008,3
20.9772,2
3.04117,2
8.68549,1
23.679,2
14.4631,5
14.4764,1
6.83204,2
16.6651,2
17.1525,0
4.34852,2
22.3213,0
7.85356,1
12.1677,3
10.3802,0
8.45064,1
42.9938,0
12.4418,2
12.6574,0
19.6446,0
25.0316,2
7.47118,1
13.527,0
33.5316,2
27.0676,3
19.6599,2
12.918,0
15.0982,2
17.406,2
6.41703,1
6.85695,1
13.8989,0
7.79384,1
11.8632,2
24.2441,2
11.3083,1
18.5928,1
15.6729,2
11.5509,0
8.81551,2
15.0535,1
14.187,3
15.3743,1
12.403,3
5.39611,2
4.37844,1
15.2086,0
20.1217,2
13.1287,2
15.6153,1
10.7842,2
12.0108,0
6.99615,5
8.09652,0
5.11575,0
11.6542,1
13.7159,0
6.86901,2
17.5507,3
29.2518,6
7.50109,4
28.2809,2
7.01302,0
6.96066,2
10.7406,4
20.5559,2
24.7465,0
10.929,0
8.38098,2
6.67118,0
7.28934,2
7.00275,0
11.3489,1
6.5186,2
17.7097,4
22.5984,3
6.7794,1
21.6513,1
14.244,2
15.2031,0
32.5189,0
10.7208,2
30.8915,1
11.1761,3
10.4911,2
5.03505,2
24.8859,2
8.26122,1
13.6255,2
12.9301,2
5.11263,3
4.98921,3
11.6119,1
13.3616,3
7.0032,2
21.817,1
58.5575,1
23.7945,2
17.2545,0
17.9639,3
13.2151,0
8.61101,0
5.64688,5
9.39466,2
18.5613,4
10.9621,2
13.6699,1
8.97767,2
7.90444,1
11.5018,1
17.7396,2
25.0218,0
8.83217,0
28.3072,4
14.6656,2
14.0054,3
4.31731,1
17.5555,1
18.4402,3
11.4723,3
12.9367,3
9.69486,2
24.4743,1
5.78521,0
12.9795,4
15.5261,3
13.3833,1
10.6503,2
21.5888,1
7.93045,1
21.6246,0
21.4954,3
15.9136,1
5.48781,5
13.8307,0
13.5763,2
9.04492,2
11.911,5
5.46657,1
9.90549,1
28.3993,1
14.8531,2
17.1599,2
8.22275,3
7.29607,1
13.0748,0
10.4251,1
16.6608,2
11.6762,2
8.17361,4
11.5888,3
15.7252,2
6.13321,1
5.92626,3
30.5958,4
13.1823,1
20.5363,2
19.7399,1
15.7834,1
15.8159,1
10.1577,3
11.4633,1
27.4076,1
27.8155,2
12.638,1
33.7622,1
9.94044,3
16.6104,1
9.36433,0
21.5953,4
52.2828,0
18.9338,2
19.3359,3
12.282,3
13.4513,4
10.9428,1
8.46179,1
6.67353,1
9.16328,1
15.4498,2
20.5349,2
16.9034,5
15.166,3
9.38255,0
15.1333,3
7.02838,2
14.3481,0
14.8786,4
10.7071,0
21.4658,2
10.2652,0
12.163,6
24.946,2
10.2833,2
47.776,1
18.0451,0
15.4601,2
25.8394,3
10.139,1
26.8649,3
13.3908,1
10.2816,2
15.7987,2
10.7916,3
10.406,3
8.37414,1
11.5365,0
22.2278,3
7.32995,1
6.42968,4
11.1804,6
23.7796,2
22.6886,2
7.51872,2
9.93538,2
8.23537,2
8.90972,1
28.0715,1
5.80005,1
8.51268,2
20.6135,3
11.2482,4
22.853,0
12.2649,0
8.99818,3
5.91856,2
23.0603,3
17.7517,2
8.80447,3
55.0121,1
4.93202,4
8.3608,3
12.8666,3
12.4873,0
6.73896,0
16.5489,2
27.0253,5
11.6455,1
26.9197,1
20.4346,2
5.15456,4
9.57591,2
6.74897,0
9.0523,1
27.7707,2
17.4521,3
19.7839,3
12.1445,2
7.87953,7
18.4801,2
20.4507,2
27.1032,3
14.3909,3
5.99812,3
16.1287,0
9.38393,3
14.4212,1
7.75593,2
8.68881,3
16.0423,2
6.48066,3
19.8373,0
18.8564,1
14.0367,1
15.7625,1
15.3902,2
19.6344,4
9.77586,0
27.2659,1
4.42326,1
15.6323,4
5.0257,0
6.45115,1
35.4306,1
13.1163,0
11.0115,2
29.2786,1
13.3498,1
7.23765,4
4.82152,3
8.56833,3
16.1429,1
10.7517,1
8.72026,3
33.5238,3
19.8213,0
48.5145,2
12.3896,2
13.2051,2
16.9625,4
14.0857,3
19.703,1
12.7637,0
10.0379,1
11.8864,2
19.3857,3
18.3065,2
16.0165,2
4.72133,2
7.45606,3
13.1872,0
13.1532,2
14.9077,3
8.22302,2
9.69856,1
20.1455,1
8.65843,3
22.2187,4
9.33983,0
8.63072,1
17.2438,2
15.4322,1
11.9732,3
19.3962,2
10.7678,3
9.68028,3
11.1789,2
10.2174,4
9.80972,3
20.3482,1
33.4361,1
11.4974,3
16.2285,4
10.5444,2
10.8797,2
18.5899,3
6.13005,5
20.2478,1
11.9096,2
28.816,2
11.941,5
11.251,1
28.9627,5
9.48141,3
12.0524,2
7.76353,4
8.55765,3
8.82964,1
9.10799,2
10.2532,2
12.8963,2
6.80995,2
8.52427,1
7.74433,1
53.3785,5
12.5865,1
3.7062,0
18.0889,2
16.5805,3
10.8422,4
12.7992,0
13.8752,3
17.1875,1
15.6578,2
28.8633,1
7.72272,2
28.0865,1
22.2768,1
11.472,4
14.1972,3
16.4639,1
10.4852,2
25.7927,2
17.1896,3
7.68874,2
16.7619,2
9.68004,2
40.7909,2
16.7617,1
32.5241,2
10.0757,4
9.21709,1
6.12083,3
12.0306,0
15.1727,3
20.3258,0
14.3756,0
14.5483,1
7.4926,2
20.0178,1
23.3172,2
11.8198,0
12.8204,2
8.8405,5
30.1073,2
9.89568,4
12.1754,1
22.7107,2
11.1299,3
24.4403,4
23.8852,0
22.7766,3
11.2416,2
19.7577,2
7.95646,3
3.33079,2
24.2575,1
14.4469,2
52.6009,3
17.5967,1
11.0497,2
7.02027,1
19.9078,5
10.6688,1
8.21072,1
10.3196,2
4.08122,1
20.3865,2
30.9981,2
13.3824,2
7.62143,3
10.5351,3
10.5964,1
13.2454,1
10.4499,0
16.78,3
12.8547,3
10.3955,1
16.1591,0
26.5014,0
21.3677,1
9.69747,2
11.6364,3
28.9703,2
12.2615,2
34.4715,4
4.83693,2
6.81853,0
10.742,2
6.65405,1
19.956,1
17.2359,2
16.1099,1
5.05984,1
10.0862,0
9.3955,2
14.0849,2
9.381,3
16.9648,3
13.5626,0
14.4847,2
16.7103,3
15.6782,3
17.1254,5
9.26925,1
18.8655,3
26.4842,1
15.4867,2
10.6711,1
15.8207,6
10.8075,3
6.01485,1
15.0016,1
31.4164,1
8.5369,1
16.1161,0
29.4364,3
9.12345,1
18.6411,3
9.30446,1
21.1708,2
19.9534,1
17.1568,3
18.5009,3
11.0945,0
5.41305,2
12.7398,4
27.3509,2
20.4977,0
6.95937,1
9.54046,1
31.0005,1
14.7894,1
9.52899,2
12.0997,3
14.8641,2
9.07772,1
7.53908,1
9.43931,1
3.99025,2
6.66038,3
6.03943,2
7.57435,5
24.6231,0
18.0818,2
14.5391,1
8.85575,0
18.3674,1
17.8155,4
13.1877,0
18.6965,6
16.0809,1
6.87045,1
23.5045,0
27.1084,1
12.7558,1
17.0664,2
10.431,0
11.2229,1
5.5744,1
10.8394,2
10.2226,1
5.45107,0
6.67144,2
12.4407,1
6.20127,4
11.3384,2
13.2207,3
16.6213,0
23.9068,1
5.69618,6
7.60044,2
16.1286,0
12.8035,2
16.0329,2
6.60473,0
8.60988,0
20.0383,2
15.1611,3
20.5969,2
10.5707,2
12.2163,1
5.48795,2
16.3894,0
15.4595,5
20.4396,4
22.7516,6
9.5452,2
9.00356,4
7.34139,1
6.72953,0
16.5353,3
12.4483,4
49.1769,3
10.8896,1
19.7064,1
8.95028,6
16.5099,2
8.76536,1
11.9061,3
8.5384,2
31.8695,4
14.459,4
8.71239,2
6.53407,4
4.31182,1
12.8188,1
17.7785,2
17.4632,3
7.92606,1
16.7441,1
7.90914,1
14.0048,2
14.5457,4
12.684,2
18.8949,1
12.3352,1
10.5131,0
13.1208,1
11.4362,2
14.3358,2
8.57562,2
31.7597,2
13.2485,0
7.89841,2
9.20252,1
13.8889,2
7.62742,1
12.3201,2
17.08,2
26.4493,1
13.4024,2
24.2484,0
18.9992,2
33.5893,1
11.4302,1
13.9747,4
13.2269,4
13.4661,2
15.5805,2
11.5496,2
13.8457,3
17.4307,0
21.0014,1
14.6044,3
6.96768,2
5.36683,0
7.06395,3
13.5401,3
8.04571,2
18.47,1
14.7838,2
8.75839,1
7.83327,0
13.9181,2
9.64925,3
8.49955,0
40.1258,1
30.6582,0
10.4056,0
12.2356,0
16.3231,3
6.67667,3
9.77853,1
20.9343,1
16.0902,1
26.2396,5
11.1172,1
13.9875,0
6.12962,0
16.2373,0
8.26745,2
6.36409,2
7.40179,2
7.19836,2
36.4365,1
9.60069,0
16.0357,1
20.347,3
46.3327,6
32.2531,0
13.2103,1
15.8017,4
7.28792,3
11.2768,2
7.49044,1
25.2647,1
17.042,5
6.92008,1
13.8334,5
16.5313,7
8.01946,0
13.7025,3
10.9345,4
10.8652,4
14.4613,0
14.5995,2
6.11368,1
8.13265,3
7.01126,1
10.309,3
8.12098,0
12.6625,4
5.37443,0
13.1742,5
15.5128,3
25.5421,0
6.75025,2
14.7893,3
11.3691,1
10.9319,1
18.8388,3
18.3225,2
20.048,0
29.8475,2
8.82674,0
9.70387,1
9.32492,2
9.32937,1
24.3316,0
17.6764,3
7.79809,2
15.4974,1
9.28891,1
12.1721,2
8.23288,3
7.88596,4
43.7532,0
6.2363,2
7.73793,3
11.707,2
34.8864,4
33.3734,1
7.52396,2
28.1937,4
34.8248,2
12.9024,0
5.80867,1
10.3099,2
6.45604,1
13.7765,3
15.0907,2
11.3159,2
10.3374,1
4.98168,2
17.8315,4
14.384,3
13.5175,1
9.77751,2
9.79563,1
8.65404,2
7.41705,1
12.5158,2
15.2258,5
7.19267,0
49.3742,1
15.2527,1
33.8915,3
11.45,2
12.7874,1
11.64,2
24.9296,1
9.31473,2
11.6731,3
19.9745,2
13.3997,1
13.3379,1
4.03222,0
8.49683,1
13.2559,1
34.0634,0
29.0174,2
6.29483,3
7.86058,0
25.2175,2
21.839,2
26.5666,1
33.8025,3
11.0923,3
7.55126,2
11.8356,5
5.17781,2
12.5662,1
14.5885,3
23.0462,1
22.6068,2
12.8894,0
7.60018,1
25.7201,1
15.8864,3
13.0073,1
17.3653,3
6.1802,5
8.34076,0
19.1937,4
7.63742,2
21.6596,3
22.1887,0
9.34425,0
8.48228,1
7.84157,2
12.1836,4
17.749,1
23.0258,3
16.9102,0
7.30065,3
8.07619,2
10.1618,1
22.6412,3
20.3582,1
3.72067,3
6.02459,2
10.391,2
12.7121,1
19.2395,2
18.2202,3
9.86499,1
11.9536,1
8.5614,3
8.24015,1
38.8158,1
8.73636,5
9.25376,2
23.8894,1
20.7789,2
11.4341,5
9.7869,2
23.7551,1
16.9129,1
5.00306,2
15.7535,1
5.30992,3
17.2193,2
10.5113,1
10.1371,1
23.2049,0
7.63764,0
6.69846,0
12.7716,1
17.1478,2
14.3667,4
15.6636,2
18.2106,1
37.5366,1
15.0632,3
9.64364,2
8.74297,1
16.135,1
6.41855,0
10.4869,1
22.7392,0
46.13,2
5.8494,2
30.5303,2
5.03419,2
19.3711,1
20.8335,3
16.9043,3
30.2122,3
31.0254,4
9.26306,2
9.73625,2
12.8721,1
10.1695,2
15.8718,2
17.6258,2
28.2778,3
19.6313,3
13.2839,3
33.4452,1
7.95646,1
13.2251,1
8.94694,2
8.09895,1
13.2738,2
10.301,0
20.5645,2
15.7311,2
6.21448,0
16.2299,1
10.7829,5
10.987,1
27.5651,1
9.34918,0
3.21483,3
6.5448,0
3.48936,2
19.3372,2
26.8571,1
25.3951,3
17.9157,2
11.787,3
18.3537,5
16.4963,4
16.0134,0
23.2772,3
16.1402,2
8.47877,2
14.9998,2
17.379,3
15.5646,1
17.5789,3
14.0991,1
11.6873,4
9.42832,0
9.64704,0
14.4503,3
28.0218,1
11.8977,1
6.05949,1
9.93634,2
21.2134,1
8.56066,2
13.9058,2
4.82931,1
9.67136,1
15.335,6
22.5608,3
22.0324,2
5.90309,3
30.7051,3
8.37302,3
17.7938,2
9.96605,2
5.58038,6
16.7726,5
21.3385,4
17.7639,0
17.6684,2
11.6948,2
14.8185,5
7.49395,1
9.19085,0
11.1759,3
8.23741,1
14.7803,4
8.47759,3
16.0299,0
14.16,1
6.41973,1
29.8211,1
11.9635,1
10.611,5
13.2748,2
8.08329,3
28.1973,4
11.6707,1
9.10621,2
27.3371,1
10.1605,1
25.0418,0
12.9804,1
6.63057,2
5.10367,2
13.1899,2
22.6655,1
6.36321,0
15.7784,3
19.0749,4
10.1915,2
25.272,2
12.9904,3
17.8483,1
12.262,2
11.1835,2
20.9418,0
21.5141,2
4.88032,2
9.1805,4
3.57795,1
14.1319,3
9.00607,1
8.50368,1
15.2797,0
6.03656,4
14.2855,5
27.9601,1
18.7857,1
11.3976,1
23.1276,2
19.4352,3
12.4429,2
22.4792,1
5.50849,2
10.3657,3
38.4996,3
32.6062,2
9.01168,1
7.13064,2
10.2464,0
8.91935,0
10.8486,2
5.51455,0
14.6066,0
16.9619,2
12.5904,1
8.46569,3
29.2547,0
12.9826,0
5.83089,4
6.46891,2
25.911,2
14.0255,2
15.0634,1
17.3309,0
7.16788,1
11.3832,4
5.96161,4
11.0848,4
16.7069,0
6.44109,3
12.1288,1
11.1771,5
8.83598,0
29.7006,6
21.9586,3
11.5251,1
23.7558,1
15.1943,2
14.5085,1
24.2022,2
13.7502,2
16.5604,1
8.35425,4
6.74953,0
17.6668,2
3.81909,2
5.61045,4
15.2286,2
14.906,4
20.1215,0
10.3507,2
11.1172,1
12.4099,2
14.334,1
27.7209,2
66.9574,1
12.9293,5
16.9144,0
11.727,5
14.2156,1
18.8399,5
5.30466,3
12.8484,2
6.49144,2
15.3305,3
11.366,1
16.4357,2
8.34348,0
8.78198,0
31.7934,1
12.2211,4
13.9862,2
20.4223,2
11.86,2
16.5824,2
9.36251,1
30.6373,0
8.08426,3
48.2544,1
15.3448,2
10.1178,1
9.6213,2
22.0493,2
5.5214,2
32.8112,0
25.7713,1
24.6094,1
19.7003,4
10.5983,1
15.6286,2
16.5112,0
10.8689,1
13.7834,3
16.5607,4
20.7249,0
5.36566,2
18.0805,1
26.7863,2
14.2433,2
16.4463,1
27.3067,2
9.33836,1
11.3632,1
24.3223,3
6.61423,2
24.9095,3
3.34195,2
26.7309,0
11.2025,3
6.88167,1
9.18986,1
10.451,2
22.2976,1
17.664,4
22.7704,2
12.8207,2
20.0227,2
19.4409,3
4.82373,2
11.7818,1
19.0539,1
15.4791,4
17.1771,2
25.8123,1
13.9061,3
12.7148,0
8.48817,0
17.5957,3
6.40698,1
6.30675,0
22.7373,2
10.0085,2
11.2252,3
21.6032,2
8.35552,1
6.04276,3
17.9895,8
11.1825,6
6.95928,3
21.3664,0
6.3353,3
10.1387,1
22.0326,2
5.36295,3
10.7906,1
20.4538,1
7.41871,0
7.61789,3
10.5579,3
20.658,2
15.5307,0
9.36279,1
25.1346,5
29.2708,1
12.6036,1
4.35557,0
9.16444,4
10.4092,5
21.7414,1
20.9217,1
9.33153,1
27.6904,2
20.102,3
23.1098,1
11.614,1
9.55015,3
6.27949,1
14.7303,2
11.7237,2
7.40893,0
12.0735,0
15.248,1
5.10387,2
17.0697,3
5.59484,2
3.17521,2
6.54338,2
29.8474,2
15.0365,1
15.2747,2
10.0837,4
7.78901,0
4.56005,1
15.5342,7
10.0124,3
10.2885,2
11.7651,2
14.3214,1
11.8315,2
4.16157,1
23.787,2
11.9217,2
8.74771,1
20.5028,1
15.1364,1
10.8546,2
8.16626,1
9.11062,0
13.0931,1
10.3413,2
15.0683,5
13.1659,3
10.1342,3
17.9696,1
14.0393,1
8.95051,3
8.84032,2
11.7153,2
9.90981,1
17.693,1
22.2423,2
8.05824,6
17.7816,1
20.8802,1
10.1223,2
40.2851,2
11.5812,2
14.7338,2
9.16789,2
9.1553,1
16.143,2
12.8767,4
11.2341,2
7.98024,2
26.1891,1
20.26,2
14.4845,1
6.11273,1
5.24193,5
12.8764,0
12.3459,1
10.1404,0
11.9767,3
20.5796,2
25.0766,2
15.9144,0
6.22839,1
3.25063,1
18.4417,0
10.7721,4
13.9399,2
8.48883,2
13.586,4
9.47606,4
19.4407,4
12.7442,4
18.0263,2
16.5989,2
6.53734,1
5.30453,1
20.5432,2
16.5922,3
31.4292,2
4.60487,1
12.8064,2
14.2819,1
9.15289,0
11.1428,5
32.2678,4
13.3965,1
15.7055,1
11.0166,3
4.70789,1
18.4302,3
14.3553,0
19.4666,0
15.0312,7
16.6934,4
15.7933,1
12.1955,3
16.5465,4
13.03,4
12.6277,2
56.1326,0
16.4202,2
10.9321,1
10.019,1
24.8181,1
18.5996,2
17.3946,1
10.7211,4
20.4256,1
22.1038,2
6.41664,1
8.3542,3
21.4237,2
9.62346,1
18.4498,0
25.0912,2
11.1704,0
11.7568,3
20.9094,3
12.4528,2
11.4588,3
17.5893,4
6.29527,2
4.70403,3
4.88745,1
18.6241,1
16.9742,2
11.512,2
4.81039,1
16.5622,2
14.7848,3
8.49047,4
34.1003,3
10.1439,4
8.1478,0
5.16759,0
11.1377,2
10.3722,0
13.4172,0
15.6505,2
17.3532,5
22.5061,2
5.77141,3
7.38492,0
7.19416,3
9.33577,3
5.50956,1
19.8271,0
16.8757,1
9.58657,1
15.9153,3
22.0243,1
25.2954,4
7.00835,1
8.69362,2
14.3516,2
28.3607,2
9.53649,2
10.5024,2
17.7075,5
19.3535,0
17.7965,2
10.3432,1
8.34686,3
9.67052,3
21.8317,3
33.6919,1
4.45651,1
16.9507,2
15.9435,2
14.1102,0
6.39132,3
12.5381,1
6.32395,2
11.2165,1
5.78199,2
11.3023,1
5.01194,5
4.8497,3
11.7819,3
18.328,0
27.9544,2
32.239,2
7.06035,1
10.6672,0
9.62575,2
9.51303,4
8.43565,2
7.55108,5
7.10647,3
18.804,2
8.3789,0
19.9953,2
14.5457,4
28.003,1
15.3731,2
13.5132,0
4.34048,0
7.30459,0
7.91339,1
11.8469,2
5.58015,2
20.6764,1
21.8421,0
14.637,5
19.0831,0
15.9109,2
12.3878,1
15.6894,1
16.2709,5
23.954,1
8.87261,1
14.1806,2
7.7265,3
11.8899,1
11.1279,6
15.9536,3
11.437,3
12.6065,1
11.3914,3
9.66778,4
20.7566,0
15.5312,1
9.61172,4
3.60917,0
16.5134,2
10.3492,2
15.0551,2
10.7467,0
14.0919,1
10.6219,1
9.59181,3
8.95046,0
4.91047,1
8.64213,0
7.621,1
11.484,2
9.16359,0
10.1328,1
16.8934,1
51.7336,0
8.79215,2
4.7102,2
16.3662,2
18.9915,1
14.6529,2
21.2929,1
7.96647,0
15.3188,0
8.75857,1
17.8516,2
15.4148,2
14.0919,1
10.1622,4
5.3989,2
18.0174,0
20.0381,2
14.7347,1
16.4433,2
4.15161,3
7.54408,1
14.0829,1
13.598,2
13.5464,1
8.82868,3
13.6857,4
12.8042,4
8.11568,3
7.99607,2
12.2076,3
11.4394,1
11.5444,2
29.8198,5
15.8926,3
15.4373,2
22.5992,0
12.4035,1
5.43623,3
15.149,4
12.0594,3
8.54707,0
7.3462,4
6.90148,1
10.2991,0
3.79846,5
21.4039,3
5.45783,0
6.40972,3
7.50212,2
7.68989,1
26.1017,1
10.3701,5
10.9479,2
26.4235,1
9.44064,2
10.7826,2
6.04816,2
17.7891,4
11.1919,1
37.3245,3
11.7744,3
9.57843,0
10.7789,2
25.2714,3
7.19275,0
7.48927,1
22.3222,1
7.23157,1
12.6172,4
27.3971,3
17.3971,0
14.217,4
10.1396,2
15.8937,3
10.5457,1
9.20405,0
