45.8707
59.9047
59.8861
48.0553
59.6206
64.9984
57.7123
62.5302
62.0753
47.2864
57.9237
61.6438
44.2922
76.7115
46.6602
67.0699
52.0689
55.524
56.2341
46.7224
40.662
46.7779
47.3658
46.8394
75.3865
77.5427
70.776
51.6394
51.8102
71.5862
41.3566
45.632
50.0256
77.5485
44.9701
66.1915
79.5417
51.0869
52.0323
48.7139
60.3665
55.1209
56.1985
55.7457
63.747
56.2939
48.4632
52.8457
50.079
52.6119
52.7796
50.4907
39.5853
77.7408
68.2831
54.1589
53.7964
55.0544
46.5953
65.8869
74.6212
50.656
55.0597
58.0468
60.8213
70.3788
78.7
63.5529
61.1276
52.814
50.2431
56.2906
59.3962
65.0639
52.8206
54.8384
53.7612
39.973
46.8063
51.4791
66.6142
49.3396
78.2063
43.5786
64.4525
68.3324
55.0255
74.7677
35.1755
52.9502
57.7183
57.3233
45.7401
55.9346
54.9087
52.5767
50.9854
62.9746
67.2467
64.4743
59.496
57.9151
70.9631
62.9509
64.0044
55.1123
54.3335
48.2207
54.5523
65.5488
81.3691
56.3514
75.4974
55.362
68.3557
49.7833
57.8044
69.8287
73.1781
38.4558
45.269
52.2624
61.0735
60.2217
56.2313
51.6744
44.267
55.1017
51.4565
72.9829
49.1706
54.9788
65.7912
71.3665
64.3981
68.412
55.715
57.9768
53.8156
79.7297
68.3426
52.0803
75.2121
77.6464
40.8537
47.2411
61.3385
71.5827
67.2732
45.0437
48.6491
51.8996
76.9877
80.9354
47.2609
45.1718
44.1862
61.8231
70.4751
68.7511
43.6285
45.6917
41.0009
79.9091
67.0188
46.3079
75.2619
43.8204
69.0297
54.8372
95.0955
52.7808
75.0245
49.0344
71.6538
45.5567
82.3959
55.7147
56.7241
43.625
49.2226
71.5467
67.0678
70.5271
37.748
45.9965
62.2427
69.1109
40.0602
65.8357
88.6953
46.5322
48.2821
59.6778
62.4257
60.0581
61.3122
65.2124
61.2992
53.5347
76.4867
54.5478
53.3013
62.8067
48.5289
69.3248
75.3417
76.0814
53.699
67.8064
48.8404
86.9575
57.3899
61.6187
62.1198
61.6076
67.2083
64.873
51.5336
58.1518
48.7014
64.907
70.2903
78.7465
54.2956
64.0687
35.3345
55.7953
44.5474
77.4922
38.6339
74.4772
72.2253
41.2614
54.4592
58.5818
44.6513
56.3961
56.2259
66.391
101.844
70.4056
60.3303
58.2414
63.7903
57.694
59.3735
62.812
42.7267
54.94
53.7502
61.2099
72.2543
60.1859
63.2357
55.1028
56.7618
56.304
133.15
46.8871
57.6999
50.3206
67.309
57.6284
66.1256
51.169
57.4339
69.9879
60.0372
60.7694
39.1306
55.7675
70.0264
66.4269
78.9743
59.9779
60.7813
51.0896
78.3589
60.5791
67.2057
52.0343
57.264
52.2934
81.0548
65.4546
58.7076
54.8476
48.7449
69.2997
70.8854
70.4896
64.9582
47.4147
63.0634
85.2511
65.1522
97.6222
53.3342
59.1598
44.2395
53.0426
52.764
55.7296
74.3722
54.5627
51.4939
59.7966
44.9834
73.7237
74.8488
51.6931
81.1616
59.039
58.6342
46.9328
48.601
55.4968
56.2162
54.7718
40.6338
62.3676
67.0775
65.598
56.7563
58.6501
46.0633
61.8289
49.5097
50.7631
56.4644
75.2464
41.9485
54.6534
55.9852
61.6893
82.9579
72.0123
85.8645
71.7273
55.0082
60.7673
56.6259
49.0396
72.6512
52.4468
58.5491
47.5359
40.1399
68.3092
49.2783
72.1856
66.6743
67.6147
87.3149
48.8589
55.738
48.081
62.7845
67.66
68.5915
51.817
69.9134
59.1923
69.7188
52.3537
40.8386
53.2835
53.672
58.9315
80.1892
47.0691
46.3614
60.3628
52.2847
68.9802
44.1908
56.6403
53.5072
50.6233
72.913
51.5915
48.5737
59.3832
69.4539
49.9569
45.7269
53.2999
71.6384
72.4291
69.7919
70.8173
55.9666
49.5264
54.7926
51.8806
56.0893
52.22
44.9994
63.0013
72.6351
58.3668
53.6618
61.5141
50.4784
99.713
71.4934
42.1238
34.6765
46.1545
61.7481
88.4917
48.2457
60.7925
52.2952
58.3404
37.5679
39.5254
55.85
72.1577
54.1394
50.3568
62.4124
44.8302
65.979
73.6282
48.324
40.6575
80.7497
61.3587
49.758
53.6188
37.2042
56.5608
50.685
54.5008
47.1052
55.1953
60.6363
58.5416
50.4015
65.3268
60.5238
40.4397
62.7918
72.58
52.6971
96.6546
58.0299
43.3736
47.8506
57.8563
44.3043
80.9554
57.3475
61.4061
62.7478
51.2577
79.3675
67.1386
50.8953
66.462
39.5911
43.5328
70.1379
49.6498
87.8901
57.2035
80.8741
68.7723
49.9655
49.8078
70.4847
34.7397
58.1962
43.9165
37.0616
43.1869
55.8894
53.9007
65.3283
62.8437
53.1292
58.3871
65.2503
61.6226
71.5802
56.8662
78.2915
47.1901
58.1034
70.1824
79.8516
52.3295
55.4416
66.1802
63.4048
51.1864
64.1673
58.104
47.916
56.0278
39.3102
69.3421
45.508
40.3876
53.4435
58.9587
44.7327
50.9472
55.7426
53.4283
42.8429
49.063
51.5633
77.1528
55.178
64.03
49.0122
43.9753
54.4754
88.1356
52.1637
75.3004
64.4392
48.4523
67.705
40.604
80.2435
66.2933
60.5358
49.3809
52.7339
52.8255
58.0451
62.2674
67.4481
62.1951
65.7496
41.5244
49.9957
72.8445
64.0693
43.731
51.0987
37.6978
55.1148
69.9013
48.4191
50.0445
58.6488
50.4048
44.9168
63.3715
64.1018
54.9359
53.0467
57.7174
47.456
50.4786
58.7861
39.3805
50.6654
47.4046
65.4733
67.9999
43.4747
104.846
64.4768
61.3141
59.7315
63.7262
62.5042
69.9569
47.7871
55.9784
64.5067
45.967
54.5194
61.5834
43.837
42.7746
51.6546
57.4012
57.9489
58.371
57.2148
59.7251
54.4102
68.3563
49.9453
57.7525
60.0109
51.5112
77.4561
50.3342
79.1348
48.9707
48.1673
58.3319
73.859
52.6544
57.738
39.2994
47.8568
41.7931
53.3529
51.3698
56.529
61.8912
52.1625
54.1353
63.3089
52.9387
69.4657
65.4664
50.9697
58.9753
70.4053
45.9336
49.1126
52.1611
71.9373
51.5709
55.9742
63.2141
63.1208
52.5678
75.9526
48.0523
61.0896
50.0032
72.4107
60.772
48.9832
55.6377
58.5776
94.7493
53.9734
70.5633
70.4041
46.4036
84.3545
40.7336
63.2455
51.5692
89.7233
48.256
47.8786
53.7014
44.359
71.0061
60.342
43.6628
42.8031
42.1241
64.5813
57.1764
43.6144
64.0852
48.3445
67.347
91.8051
67.9057
48.1472
68.8302
74.8481
41.3314
84.5428
104.39
57.7996
62.5488
66.7482
51.0855
50.5525
51.4806
45.4895
79.4554
56.3024
51.4335
50.3169
43.7838
48.7792
58.1058
61.9298
108.264
46.0662
83.4387
47.132
59.6251
58.3596
45.8707
58.8607
57.7053
68.3206
42.7936
75.8622
65.7562
49.2948
50.7549
49.5527
58.1936
54.9106
56.373
59.8004
72.3327
68.8435
76.1614
64.9382
53.9047
54.0829
58.2425
76.6384
45.8854
51.5369
109.797
108.508
59.6244
93.6016
47.009
51.3526
58.7049
67.0742
48.5244
38.768
40.3527
59.8671
76.0256
57.6855
63.007
59.1993
56.9104
63.7011
67.3698
45.2729
55.362
72.5392
75.1967
71.3885
63.0929
47.9049
59.0971
70.8985
40.8265
42.139
58.0844
42.7676
57.3479
55.1399
57.1644
54.9161
70.0943
60.8388
74.2708
61.5639
60.4991
59.3278
48.8875
76.3298
61.9911
56.0191
42.9542
69.5217
78.431
53.2594
59.0546
52.8396
53.9463
80.4054
66.2913
70.4455
87.4569
62.9935
55.6553
62.3939
68.6162
62.9526
78.2521
57.1761
66.4022
59.3189
43.4076
44.7963
63.1551
68.5546
75.3198
50.4992
48.7486
72.5548
49.1682
60.9911
81.5668
43.7949
82.9132
44.5759
52.687
69.9861
69.3781
52.3282
44.085
53.2637
64.4335
51.0449
60.3364
52.1706
41.4256
56.5231
55.0262
54.2591
62.8088
83.6235
64.6952
51.3514
46.841
49.2921
55.7055
75.1928
58.8412
51.6552
58.9195
59.0426
54.5616
56.5243
64.0061
56.4859
63.1736
50.6747
100.715
42.1451
58.7272
42.1898
57.3881
60.3638
54.2146
63.6412
84.7586
54.8113
48.9825
67.2532
68.1979
46.9695
59.6936
58.4849
60.0162
49.0742
40.6215
63.5576
58.9816
67.6125
84.4539
46.0911
94.825
52.9498
51.493
68.3616
49.3748
47.5035
67.3893
59.507
72.1764
52.6837
50.7827
51.364
54.6427
63.4946
47.4465
62.4288
60.3156
68.0693
50.2367
75.2253
37.7352
62.228
54.2218
112.412
38.5903
55.9329
71.6786
46.7008
53.0683
60.3139
53.9396
55.3703
61.8076
68.6506
65.0368
49.0486
57.1294
57.9263
63.1611
65.5509
71.2369
49.1316
65.5024
45.7163
61.1346
58.2768
47.6074
49.512
80.2744
44.3225
44.3836
47.6457
54.006
62.8819
50.5037
56.8821
55.6633
59.8712
81.0815
63.8979
44.1215
52.2453
65.1248
80.7928
63.1389
60.4257
75.0985
57.0791
55.1105
62.8627
57.9615
60.8459
52.9783
57.2847
63.3529
56.3306
64.4838
51.0723
43.2705
44.5313
53.2964
43.9296
64.9636
46.7538
48.1011
56.3967
66.143
55.6956
49.7114
72.0617
86.0629
80.3251
95.5241
76.6744
49.3007
51.4672
52.686
68.2314
39.8547
44.3924
63.6183
55.3276
78.8195
79.1352
49.2931
48.4531
72.9186
42.3329
53.2982
66.567
49.4726
57.3589
43.6262
66.5967
45.4345
56.997
64.8338
39.8703
55.1914
53.5693
63.6349
60.205
53.193
68.2125
48.9131
73.2086
47.6776
68.1077
91.3354
66.0927
93.1955
49.6125
53.912
61.1884
61.8144
57.7116
47.8193
70.0183
96.094
56.0046
57.202
60.2771
70.0264
45.1468
56.8172
64.2007
58.2375
87.2237
50.4542
60.5111
76.7498
87.6329
48.4293
53.968
49.1026
64.6455
52.9833
70.3087
80.2725
49.6536
70.0599
54.3333
45.3536
50.5548
59.7018
63.0046
55.0224
43.8182
52.4268
61.6417
48.566
62.7972
56.4265
69.7284
49.9607
45.5074
66.8129
38.98
51.2208
63.9477
106.235
55.7611
86.6769
69.0289
75.183
44.1798
63.9496
55.0122
74.3945
51.8877
45.9123
61.9504
63.2957
52.7357
79.4275
62.3411
52.9692
40.3719
49.5737
57.8375
58.0207
49.6512
58.0933
56.1416
69.0492
64.1404
46.4166
49.2988
60.9495
66.0368
56.8795
53.5459
64.929
62.3583
56.8531
93.5052
59.2787
45.2478
68.2382
54.8761
45.8707
52.9183
73.1316
49.0101
46.9249
80.188
49.5532
53.2965
41.1031
74.1082
49.4568
63.1818
80.097
53.1551
57.0177
83.5249
53.72
68.1201
54.8883
57.0783
70.8746
48.1329
45.9439
57.2412
64.6267
65.2653
71.8749
43.8755
60.5281
49.9458
63.0515
55.7386
45.2532
76.4538
31.5876
88.3474
41.3111
62.8393
47.3795
56.9608
53.5243
46.1995
87.6265
69.9989
54.7891
64.8935
55.7245
55.6461
53.3532
56.2276
53.5576
56.1333
72.2412
72.7868
59.7096
50.6716
49.5619
60.6045
51.556
84.1811
64.2583
46.2268
60.5376
83.1661
62.1746
45.5385
64.0271
40.919
52.3047
41.8203
59.3136
56.3713
58.8216
54.1143
45.6099
43.1646
55.602
48.8161
59.2795
49.5923
53.5772
85.1705
55.1583
63.2894
54.1934
61.7577
64.0146
66.0838
54.1954
52.6706
55.8926
55.1666
57.4052
61.2597
38.3651
47.9029
45.8968
56.7471
49.602
48.6085
72.2046
60.796
44.5319
48.9064
61.2842
78.8077
51.1202
79.6447
38.2127
58.7689
64.3456
56.0005
49.7341
40.8855
49.1713
57.7955
87.3516
63.9858
55.8561
89.6144
43.4426
69.0379
61.8662
83.2265
80.3474
50.6337
61.8696
70.652
46.8629
43.8532
72.4935
41.7714
48.4081
42.3676
54.1321
48.3969
58.635
66.6735
57.4974
46.7035
42.8838
53.199
66.3132
57.2403
60.4339
53.544
81.5808
50.2876
60.1887
47.1634
45.8191
51.9322
47.8802
42.8589
42.5158
57.4235
57.3672
56.4585
58.7745
87.1167
46.2544
58.645
65.9505
71.7794
41.1887
72.3018
49.0434
64.8331
61.5029
58.051
73.92
59.3986
55.461
86.7428
90.0214
47.07
48.1653
78.3383
46.0968
77.2603
54.916
53.3133
50.5676
50.5212
57.9735
56.5846
60.2161
49.2896
66.0399
79.0892
57.5682
47.1453
38.998
63.8026
58.2793
50.0928
59.7948
60.4792
64.673
50.2758
47.8605
64.5626
61.1639
61.9434
59.6373
51.8895
73.13
50.3233
61.6861
66.6562
48.5588
55.0711
69.8694
79.7018
61.9575
55.1092
63.5594
35.5726
42.3781
67.3213
84.1479
55.9561
83.9273
60.5639
76.4143
62.02
73.6954
57.745
59.764
84.0673
55.8505
47.1908
49.639
53.0295
47.2619
43.5183
53.2677
65.1454
74.2838
58.5113
62.492
52.0457
45.9976
51.4904
95.4157
52.5514
67.2874
44.7942
57.8672
90.7543
61.3409
50.157
66.8028
57.4437
49.1609
63.6651
51.9507
45.7602
108.514
51.2135
52.7938
66.505
50.4001
52.9635
51.2992
57.5986
45.7054
71.16
63.7709
74.0639
70.7334
59.1465
67.3863
44.7383
50.7767
78.3539
56.0566
64.4585
52.1933
50.6792
81.2114
58.4029
68.9391
46.5572
37.9069
37.6961
55.8067
51.8615
58.4647
51.245
59.1502
48.9802
45.6496
59.1517
55.1785
67.4696
79.3674
47.0116
75.3107
59.6399
83.0171
48.6195
65.7535
65.9242
53.7586
46.4857
60.1501
47.7202
61.2197
61.3591
64.5812
76.514
55.8006
52.701
58.8622
52.6446
43.143
51.9389
84.2493
76.7553
59.4407
49.2051
44.7848
69.7609
61.9874
55.6597
80.5834
58.2984
40.4272
56.7092
42.9552
48.2232
73.3786
59.5258
62.9032
54.4635
75.8088
62.2473
74.0927
52.2259
63.6414
53.5865
67.4201
57.6999
79.5676
87.0675
66.4176
65.4457
60.7977
58.1607
54.0761
62.8362
52.5857
56.901
52.1361
53.7739
92.2806
48.1799
54.5481
84.4684
43.0018
50.9098
62.3196
43.9661
42.9025
70.201
58.6925
49.1262
68.7513
72.987
49.0759
50.9263
83.0823
65.4316
58.5093
55.6021
52.2019
46.3107
53.8702
65.8051
76.8244
66.5413
57.3788
53.0452
46.4093
53.27
52.4413
55.4072
55.7627
61.2407
48.5051
46.9257
55.4783
58.0394
59.7653
70.2655
47.4479
54.4534
72.698
62.7584
60.1107
51.3915
65.2118
63.7481
62.4158
55.7685
52.4668
84.3435
58.6886
52.8671
53.6924
50.8368
53.7942
55.199
50.1731
55.0588
79.8545
41.8363
52.0008
57.0863
56.9641
54.5561
47.0325
65.4343
56.6994
68.1356
41.3236
69.2124
55.3595
69.0673
74.3895
52.8956
43.1685
52.8427
52.4191
59.3574
64.4742
54.1262
48.835
68.3142
75.9868
47.1679
98.3644
60.2484
55.2107
46.5375
63.6142
50.9104
54.3379
42.1429
57.6657
43.9578
47.8491
43.3092
49.8159
48.0055
63.8915
54.5013
60.3677
59.902
60.3843
56.8992
43.9899
48.5514
65.2512
100.96
57.8701
40.7209
43.7409
60.1067
45.3331
52.2911
53.9435
59.5026
52.9151
43.0185
85.3578
44.5133
54.5148
60.9417
53.6783
51.2264
77.1267
65.6915
50.8112
77.5029
42.9374
56.4897
43.2342
59.5287
95.1646
46.3883
44.5629
72.2411
51.2025
67.9868
56.7446
65.7012
56.2681
47.1951
62.4527
48.0972
75.3446
61.7118
60.2886
68.2017
57.9492
76.8173
67.6888
63.4441
40.9388
45.7558
60.0111
58.1188
63.2199
47.0843
68.8791
60.4726
86.1536
69.2049
55.3988
54.9586
78.918
54.848
59.2075
86.3784
47.6271
72.9521
49.9414
75.0989
45.0142
58.9755
78.1476
49.9714
62.7271
56.9565
64.2085
56.7876
53.3265
53.0887
51.413
68.0381
81.5354
72.5161
49.1304
50.0884
53.1243
55.3721
60.3775
56.0104
49.42
63.7686
53.0413
44.2035
74.6961
60.3138
55.1286
49.273
70.8102
77.7289
57.4272
48.9492
69.0894
47.2065
67.0827
48.467
69.7549
75.2766
58.58
49.4999
52.446
53.0665
50.2505
70.6726
63.2313
65.5357
74.0266
57.8162
56.3438
48.2472
52.8526
47.4263
54.747
94.2678
78.1452
58.5596
71.2863
52.7663
55.9339
78.7865
57.667
46.1723
61.8675
58.5883
59.1788
43.2163
68.256
49.3192
79.179
55.2762
54.1672
50.7361
61.118
48.1016
105.574
63.8734
81.6058
71.6264
38.8649
60.3292
61.656
55.8677
50.8036
56.9827
49.417
69.7567
48.6455
47.1079
66.3799
60.1793
74.8178
86.8239
56.9488
60.5531
55.5951
64.006
60.6835
48.05
72.5454
62.6146
62.363
72.5657
48.7236
61.1878
56.7306
43.177
56.9277
68.5065
57.4553
67.7103
61.196
53.4512
53.6801
51.5495
51.3231
44.6256
58.1228
54.5628
50.4057
51.7901
81.9356
38.2381
58.7649
47.2274
54.5096
50.4069
50.5819
69.331
52.3085
57.3695
56.3035
63.2984
71.5517
95.6593
52.6252
65.0231
57.1833
71.821
53.1303
71.2841
43.345
55.9088
53.5272
60.828
36.876
76.4254
78.1882
56.941
66.346
87.1353
67.2745
48.753
57.0896
52.3871
50.2037
63.2763
71.9686
57.8741
64.215
40.5706
59.9795
50.7512
70.9352
51.9174
50.9489
50.523
89.78
52.1569
52.286
43.2551
48.2958
60.8256
54.8504
57.9905
44.7759
39.5371
86.3668
60.1875
57.0175
68.24
57.4998
60.0224
69.7433
71.7137
93.8998
57.3534
44.8537
45.5105
49.8899
36.3686
50.6021
45.4489
55.7387
40.1463
49.006
50.3119
81.3212
56.7054
39.6276
44.5709
50.5188
48.8151
63.3538
65.7988
60.7154
45.8147
62.7876
54.7232
46.1523
55.0347
88.2042
72.6153
56.3967
48.0366
53.2108
75.1947
42.9523
69.4394
52.4219
59.6075
47.0315
43.1923
68.3653
63.1239
49.8613
56.424
51.9659
44.387
69.0065
58.8387
55.7634
40.0482
51.0871
47.4441
59.1557
72.8826
68.8788
53.3034
65.2919
43.4608
64.2845
85.884
36.4213
75.011
53.7705
61.9491
65.3021
58.4853
59.6826
44.2235
43.5163
46.1181
40.1099
63.0797
59.9919
54.2426
51.7138
53.7776
45.699
54.5383
47.9169
85.2628
64.0716
49.7421
72.7411
58.8521
71.2048
42.3869
71.5229
54.3822
55.2633
47.5982
69.9715
44.5916
50.2425
54.5629
53.0428
61.6928
51.4939
60.8082
55.3101
51.985
62.859
52.1127
54.641
38.4474
62.9677
71.0789
55.7975
61.4434
50.6027
82.3836
46.7472
75.0614
49.3397
54.2151
72.3178
60.4807
91.0338
66.2511
42.4078
59.2132
67.554
64.1153
50.7753
54.936
61.9518
46.9891
44.3505
50.3647
54.9857
55.8566
55.0533
48.8985
51.864
37.725
76.4954
42.7749
56.3015
56.6001
56.9305
85.1569
42.95
42.3564
48.0572
85.5192
65.3537
68.6138
51.7219
50.3876
55.3329
57.333
46.6962
69.1034
64.5323
35.7945
66.2619
56.4117
51.082
50.4136
61.7882
57.6113
58.4811
64.8342
63.9861
64.7712
52.8206
84.9104
55.9461
60.8069
54.5368
52.5584
76.2871
43.37
51.6056
54.6752
66.1169
58.5259
64.2049
56.4357
61.477
55.8297
91.6783
57.7091
55.068
50.7457
75.5064
56.7276
67.0718
63.511
47.5985
89.035
55.5078
54.6368
61.9723
58.8923
94.1247
37.5862
54.4634
40.1758
61.3592
60.5397
90.8781
78.9542
56.4861
54.3195
54.272
90.1827
54.5844
67.4655
72.7686
55.65
48.5011
53.3924
46.8443
53.9573
44.8179
76.2727
52.1269
60.7386
51.7561
54.8786
59.0376
78.1132
57.2395
53.1837
68.1524
61.3578
69.2356
51.3603
58.4679
64.5229
47.1095
57.0103
73.8663
51.733
42.0789
45.5506
43.1476
66.4511
86.2436
52.8001
49.4336
58.7489
60.185
76.2919
68.6635
58.9159
53.9993
61.7018
47.5756
49.3062
58.4401
55.3954
72.1461
51.9213
45.9055
50.0559
53.5901
54.2864
62.0914
60.1025
70.9276
80.4117
71.1633
63.0576
72.6983
52.5185
53.82
61.0348
47.6597
55.1443
52.5397
62.7524
98.3132
44.1143
85.0957
49.5682
48.3324
54.1258
59.3189
45.0274
47.1644
45.1424
52.2867
92.6482
50.584
41.6468
47.06
58.2171
55.9299
56.5327
58.6268
71.2292
48.4639
65.305
68.0677
55.1753
65.9091
59.218
55.7758
68.936
54.4881
53.7909
50.6873
45.2233
57.7182
77.1896
59.8388
61.098
45.0643
86.3596
46.2392
56.2168
60.8794
54.7072
50.7215
66.6501
87.9552
57.2512
41.1764
58.9586
46.3915
43.7788
39.6684
69.3115
49.5019
71.1033
67.7357
57.8341
49.4841
47.968
87.2783
46.7402
50.1747
60.379
59.7768
53.0036
48.219
48.1423
47.8997
50.3828
49.1923
67.3078
76.8487
52.3984
68.7438
57.1266
61.5657
57.2546
54.5542
81.6914
60.6724
115.544
41.5814
51.6229
52.9309
55.5665
69.1066
70.1534
54.3985
64.6529
34.9181
44.6795
51.0946
84.6335
78.0355
44.5437
48.5946
64.0137
83.7424
57.5925
49.2073
46.3914
78.0216
68.5716
47.1118
64.1248
45.4513
79.8155
43.361
75.0466
41.2974
50.3524
77.0273
56.2833
43.5386
52.5713
71.9233
63.2931
52.2637
62.4382
38.4854
60.4107
54.1006
48.6432
79.1805
65.5297
51.5893
75.8182
72.4287
57.3946
51.1329
70.4894
60.8919
39.4854
51.0947
72.0774
83.0739
54.4966
72.8216
58.1244
48.8099
59.04
52.2675
55.7367
35.6685
63.6048
70.1398
66.1182
51.6499
49.5497
70.3592
54.4635
52.1906
74.8792
51.7669
53.3067
52.7077
50.9155
60.0282
46.1099
48.2885
66.4943
79.3934
49.1864
52.5175
65.3545
54.0431
60.7048
45.9601
88.6906
55.4015
48.7972
60.2359
67.1786
59.5962
46.4589
43.7933
51.8636
58.4651
81.2293
55.5129
64.3234
61.1718
89.5438
61.3391
45.3854
67.8065
59.0958
36.7148
58.8514
57.8645
57.3221
52.0081
58.3941
46.023
55.6141
67.3539
47.5601
71.6202
44.4886
63.8823
59.8945
75.757
75.4439
52.9145
46.991
61.3224
46.5948
57.0747
51.7619
45.454
74.1176
48.9337
77.2418
56.3253
49.1199
81.4811
54.239
74.7687
54.9164
50.8185
64.141
92.6489
71.0164
66.492
48.874
52.8841
54.3803
52.9823
73.2371
49.2643
92.6192
59.0897
59.1895
59.9161
52.763
56.1744
56.1711
48.8153
80.4543
40.6819
77.4171
54.8801
60.4611
42.5573
84.2564
59.4285
62.7185
75.4708
53.3438
49.2809
51.9636
56.3201
52.1526
72.3359
55.1139
100.449
56.8533
54.2478
58.873
58.7629
40.5011
69.43
42.785
57.921
45.2165
57.7908
52.9585
61.2412
48.5233
52.0027
54.2571
63.5239
74.4177
79.5276
54.206
47.6224
52.8725
60.0442
92.2621
44.8251
64.1858
47.9715
45.9627
55.1924
77.735
58.4237
50.8165
51.9998
49.0816
42.4496
64.3455
59.9403
68.3931
63.0978
95.29
55.2751
67.7195
61.6155
69.9328
53.6562
70.5679
55.6398
99.9354
65.2713
65.8156
70.0084
45.6418
55.6522
56.7181
85.4708
50.409
57.6917
54.0432
54.8979
59.8455
62.2629
45.9983
51.2516
66.0227
57.1702
49.2177
48.3389
53.0806
57.4702
52.1267
61.7479
54.8907
49.267
62.9827
51.3805
45.9317
59.5931
53.8395
68.2594
47.755
63.4414
55.4147
68.4966
56.2897
62.1367
69.2041
60.7874
80.5444
52.6928
50.8404
41.5967
44.8901
86.4575
48.946
62.5377
39.7062
63.6546
66.6564
74.8256
47.4066
60.1514
48.2614
55.219
72.1642
62.3735
51.0156
44.8918
78.493
62.597
48.2661
64.3112
49.8926
50.428
57.519
47.1837
61.2533
43.1407
63.7608
68.4939
48.2573
53.7383
57.1418
44.2518
63.1872
50.9194
44.1814
61.4301
42.6782
57.7901
46.7206
59.392
54.1625
77.8164
48.4069
77.0538
56.5898
65.6859
40.2045
56.7964
55.4541
50.2973
65.5587
49.2191
60.1267
66.3038
54.8613
51.6866
47.6253
56.3718
39.5783
66.0801
47.1907
43.8583
50.9816
54.4673
50.6326
39.6008
58.7586
91.595
59.9257
56.3593
56.704
65.8702
60.3391
53.0037
58.1221
38.9371
52.388
70.4784
65.2167
51.055
43.4135
62.6866
149.158
62.5096
34.5797
47.9024
54.3654
54.8281
48.4335
54.704
44.3038
59.4008
47.5526
52.7428
85.4386
40.0565
63.0511
76.3182
65.6856
51.0029
51.7363
50.154
48.5331
43.9403
59.3643
71.3078
97.0236
56.9358
47.9865
51.1724
56.3949
59.1767
58.5151
69.1943
48.6735
62.2034
54.9383
64.0927
50.7538
53.355
53.0299
72.3051
59.6173
52.1591
34.1514
55.0568
69.7294
71.9652
52.3515
46.1304
62.3866
57.7381
64.8201
89.2444
70.4137
63.0209
52.2179
48.1381
51.4379
54.6389
64.6996
54.2921
49.3905
42.6602
73.478
61.9537
52.2435
45.2044
93.5426
52.418
70.2898
67.316
56.6196
48.2085
71.7049
46.4441
57.8486
54.4101
77.1301
81.7555
38.0297
74.1514
50.2662
43.6019
50.9373
54.1719
50.9768
54.5276
65.1021
61.6192
61.8848
44.1629
66.8604
94.9543
64.1024
53.8923
49.4959
68.3999
49.7158
54.8481
66.6589
66.071
46.1086
48.3303
58.2818
56.7243
42.6775
51.6657
67.2096
55.4864
51.5589
110.686
38.2656
43.4877
56.7523
78.4018
62.9722
63.5192
53.2118
65.1729
51.5356
52.3822
45.3788
59.9686
68.0443
68.4784
56.7524
47.5658
64.3146
57.7895
53.2558
58.27
70.8974
104.673
53.6578
50.5078
65.4115
47.8067
39.4212
47.0513
67.9682
44.3683
50.0857
55.3628
61.396
43.9795
50.9668
89.6411
54.1473
37.4589
53.0306
61.2667
94.079
65.4712
75.2112
42.4231
43.6043
42.6721
67.7862
44.371
52.0915
66.16
40.8613
51.8077
33.4738
60.8263
64.5455
52.6247
67.0631
70.3699
59.8901
47.7575
49.3645
74.6584
39.6561
66.6827
81.9032
75.0204
53.496
75.4039
56.4567
60.5228
64.6981
62.0231
47.779
48.8423
54.5339
51.9086
71.6422
52.5204
56.9082
72.2635
56.4046
56.4616
92.3963
70.9094
57.1772
63.8219
40.9886
73.3314
71.6321
44.779
59.7196
46.5869
57.8353
70.5574
53.8405
66.7981
52.4207
73.897
67.9716
56.8104
69.5631
66.0079
48.9144
69.9258
60.8763
70.6756
53.9933
54.6119
49.8216
51.3447
65.4226
54.3751
57.717
62.478
63.012
99.1368
52.818
46.7963
37.7705
51.0649
57.8191
65.676
39.0962
47.9153
55.2416
97.2818
96.0988
76.4323
69.3781
55.3912
81.1039
49.6495
58.6353
42.3052
54.7221
43.7325
41.9324
50.291
53.9397
59.6354
45.4627
58.8905
38.7502
56.0691
74.514
44.8535
68.3358
54.7066
68.3327
50.1765
60.1998
47.3073
49.9679
89.5458
59.2146
53.5724
56.2966
58.3051
82.95
63.7687
61.2178
46.1904
51.94
65.618
79.2649
82.9591
56.9226
44.3967
56.2004
50.6487
48.5463
58.5697
46.3795
59.2907
84.7086
47.3172
72.2618
73.1486
93.6023
67.0739
38.6234
47.5311
64.3938
45.7981
71.0989
53.6389
85.9341
41.9857
67.0861
66.5372
58.5154
46.7549
45.2865
73.4131
45.086
48.6683
60.2992
67.7482
46.86
52.3336
80.368
51.1463
60.1385
84.0122
48.6963
48.0537
63.7734
40.7845
62.1622
65.7027
73.793
75.3291
48.3332
88.4757
56.6055
58.2022
55.6369
61.6275
61.6058
59.8922
57.6346
50.8708
59.9018
49.4049
61.255
83.0377
44.3941
53.0244
68.1444
56.0645
60.6095
60.0243
67.2516
64.1019
50.4189
80.4985
69.5451
38.4205
73.7191
54.4867
63.1159
72.5106
52.0055
68.0235
60.0872
59.627
47.7063
73.1209
49.5864
62.3389
69.359
57.2043
41.6181
55.3114
70.9821
49.2814
50.3896
53.0174
66.4175
69.4131
46.397
65.1086
103.756
69.3536
58.8111
41.8061
81.3123
49.8146
47.3169
57.2841
67.936
57.6492
68.5693
46.016
72.8179
43.4705
47.7321
48.031
70.318
56.7688
71.3996
72.5209
50.9697
89.4993
46.8719
48.183
65.4369
56.78
58.4025
59.6669
74.2114
89.0736
70.5755
45.0946
47.2558
44.4912
62.9685
47.9111
70.0715
44.6196
52.6132
65.6356
103.02
44.691
63.9674
61.7256
49.5638
34.5515
80.8541
42.6249
49.5078
67.4766
70.9793
43.1496
45.1728
57.2377
46.3519
62.1285
71.4678
50.1876
49.9881
75.5124
56.4438
42.3681
66.8893
58.0309
77.2597
44.7663
68.4706
48.4849
57.719
62.7218
60.0733
60.2859
69.9928
53.8062
62.8652
76.5542
42.3744
73.0903
50.1317
57.3989
82.3217
64.2207
51.9874
103.799
84.819
37.427
63.5228
51.3017
64.3401
67.2334
48.1942
54.2008
71.5877
54.43
47.7871
53.5402
51.6755
43.816
74.2183
59.5325
68.422
49.2701
51.9506
53.1268
50.073
78.1988
67.8847
68.5248
67.244
48.5519
72.1896
43.8102
54.1763
69.4634
57.6748
59.7415
49.1294
68.3437
51.411
66.3346
55.9701
60.351
51.6494
49.5783
43.646
51.8139
63.2317
65.8065
55.8251
51.0708
58.8306
67.1244
77.4805
56.3601
54.0242
76.4187
42.3927
69.1692
68.8853
54.5615
49.9492
43.103
64.2127
57.5835
91.6894
64.0695
45.2397
55.4029
54.6739
55.6885
48.2725
53.5068
96.437
53.4736
42.6545
42.6554
39.607
82.3884
64.3231
53.0895
77.4614
65.8413
64.0047
51.3496
52.1727
73.163
89.6959
73.5412
49.0225
42.3607
68.2359
67.6471
49.3223
59.7992
70.9758
64.4068
49.2555
61.4117
39.2708
50.5328
95.0419
53.06
77.2069
51.4418
39.9545
81.4731
59.9077
80.4534
54.8792
54.6353
68.0896
68.962
65.317
59.0119
46.3775
35.8697
54.536
46.3065
57.9949
45.3926
66.0686
53.1157
71.9496
75.5314
45.6141
57.1806
75.8697
55.7071
57.8433
92.6439
63.5891
50.3515
88.8197
72.6593
55.8025
58.8186
58.5507
43.7968
64.6435
42.6188
86.4073
52.276
57.1239
63.6486
54.6713
55.5363
49.245
47.4249
38.5768
60.85
45.3061
56.8216
50.5434
55.991
43.8793
66.9956
54.8276
62.5346
57.0889
82.0851
66.5113
66.0359
57.5214
92.1802
56.8386
67.0008
68.5762
56.582
69.634
76.5441
145.646
64.4621
64.8058
50.3118
74.4889
57.3619
80.5236
64.5453
77.5142
66.1703
53.8823
48.6647
61.1229
49.5021
61.3672
77.7906
112.146
39.5994
51.7042
73.2919
51.4982
59.2217
53.1496
62.8305
41.9149
75.2452
74.0767
81.1075
55.4223
58.6132
63.1253
64.79
50.128
43.7276
46.556
55.8797
46.1376
59.4284
36.4198
49.7481
47.378
43.6987
62.4834
63.9363
58.8045
47.3822
51.2537
51.4147
68.3309
65.0917
52.7274
86.4685
53.6847
69.882
58.032
57.3522
59.8312
60.9319
63.6528
48.6027
51.3056
62.3887
49.1633
58.474
66.1303
51.1694
57.0924
50.8687
58.5542
46.3196
46.0276
58.0795
56.9091
84.857
59.6403
65.2939
58.2986
66.4975
54.2584
107.534
64.445
52.1191
63.2701
55.7865
50.5867
53.5028
46.1887
55.0858
110.519
58.5226
73.1453
85.327
74.3813
39.2209
49.8422
38.5302
52.8778
56.7718
70.0817
63.0756
49.8923
63.9858
47.41
46.2312
80.182
57.5757
45.256
54.9253
68.446
72.5102
46.3952
52.8877
41.0917
79.2438
49.952
81.7482
43.5751
62.5815
49.1448
48.9066
87.9652
54.7587
42.2983
44.4988
39.5247
87.9014
56.3256
64.3303
51.8984
39.6067
59.9006
46.8764
43.1423
59.053
102.454
97.5328
40.7213
85.5814
52.0167
43.6622
61.4314
57.1485
64.1108
48.9321
50.0358
61.4622
64.2052
54.1458
58.8739
62.4803
76.6319
46.968
60.1691
45.8565
75.71
49.4405
51.6178
46.1742
57.3652
61.7265
102.365
65.8419
77.0091
85.6285
45.6849
43.5643
58.2135
40.1036
45.8334
56.8918
74.8861
59.0085
71.2858
46.6474
69.1469
49.9173
65.1683
81.5957
52.9656
56.0836
50.8232
56.7709
54.9298
52.265
60.5579
91.0249
47.9625
68.7322
44.5017
59.5672
60.8127
53.6691
69.1709
73.1035
53.8328
76.1519
64.1265
55.8716
57.3329
48.0385
59.0439
61.826
70.9983
55.5046
58.4356
76.945
46.5693
53.3488
45.265
55.4691
50.7387
80.5005
66.1845
70.2859
52.3841
70.4742
71.4704
62.9463
65.0472
51.9512
70.5334
58.3685
55.3166
57.9718
64.4547
64.9529
51.867
51.0127
60.4734
66.6841
53.496
83.4688
46.0753
53.5412
68.758
61.9145
66.2992
60.0614
71.1505
35.4498
56.0444
45.7185
76.6663
53.6244
50.0824
68.4967
47.9645
59.7605
56.7635
49.8018
51.2591
47.447
49.0921
55.1192
47.4445
64.1739
65.9928
84.1895
50.9044
53.8802
65.5226
52.5288
44.3741
62.7025
59.1223
45.4905
53.3048
55.3456
54.6938
58.1957
40.6922
36.4212
54.9557
55.6372
52.9853
51.1392
61.5545
55.4614
57.2481
82.0667
81.3952
52.9741
61.3473
69.0035
58.089
48.2007
38.6356
43.7714
67.2535
52.8529
96.6934
52.9782
48.3176
60.2225
66.4801
68.6776
55.3422
84.2488
59.3253
52.4778
78.5364
51.9527
52.8129
44.5116
54.5239
52.8287
59.1354
41.3767
37.6676
46.0551
43.4715
62.9498
64.017
59.3072
62.9789
71.5067
71.4481
50.1752
48.8846
50.8016
62.8395
41.1361
74.6731
64.0805
66.2522
62.3157
45.4511
42.432
65.9347
66.8434
45.4389
69.1154
56.2527
65.2675
55.5081
76.7023
50.2223
45.42
57.1263
46.5253
61.5368
44.8163
50.3539
64.323
62.4708
54.5371
80.1476
46.2687
53.8584
71.4759
59.0886
70.4752
61.1518
86.3897
60.3316
57.7503
60.4426
61.7524
54.1042
84.2343
77.0295
43.4383
69.0421
79.5324
43.136
71.425
46.3506
49.721
40.3673
66.3732
69.7434
72.3018
50.5727
61.2654
60.5197
65.1429
48.7647
48.4172
43.825
56.3911
58.0498
65.1421
84.6893
68.1382
73.6724
79.1102
66.7419
58.9223
64.12
59.5711
41.1748
59.6599
52.8877
86.0981
42.8341
78.31
59.3106
70.5379
55.087
50.9311
56.2155
77.6349
70.5481
66.2091
76.8139
81.9691
49.9949
53.2285
67.5949
50.8844
57.7474
48.0109
68.3981
51.9104
53.3062
45.0392
60.3768
46.3667
62.4287
96.7657
60.3345
87.6223
35.9576
55.1013
62.8691
44.1188
66.2084
68.7048
57.5197
52.3646
41.1469
43.8772
67.4285
94.8321
45.005
62.7496
45.979
59.9676
77.6306
58.3876
65.7417
83.4234
52.7446
64.7226
58.8976
73.185
58.6007
51.3173
43.8375
52.3753
78.3631
76.4536
64.6179
51.8183
40.7961
91.4615
60.6086
50.7621
53.0072
55.7882
75.8584
48.3588
55.6435
57.0582
52.4107
45.5425
48.1478
42.617
68.1872
69.8845
53.2687
46.9242
47.0456
57.8576
52.2179
64.5236
67.3446
53.902
61.5386
47.848
62.5853
52.0203
78.2182
53.8223
52.334
53.559
61.8883
61.912
66.5699
75.4472
55.7197
52.3924
51.5696
51.3528
62.0159
58.9864
47.5595
42.7797
60.6685
69.9924
68.4516
57.3459
55.7394
53.3475
90.7339
49.2649
51.3414
69.9178
50.008
55.7555
43.052
65.8695
44.9901
69.8435
42.906
61.4705
82.9614
51.7477
71.0389
48.107
62.9837
88.9563
46.672
62.8035
46.1042
88.3426
46.7743
86.5693
44.8757
46.1505
54.4324
55.4486
56.353
51.5495
45.2936
53.2402
51.1772
49.6545
67.6308
43.5943
53.1301
48.0967
38.1492
57.7898
56.6114
69.8241
50.708
61.2219
48.547
68.1761
40.9982
58.2695
67.3355
57.6669
42.7378
64.3294
63.9244
56.9521
67.2927
49.2335
51.7354
55.7022
45.8688
82.9437
66.0211
51.2075
58.0295
77.9586
65.6312
63.022
65.1084
48.0667
41.8308
59.1563
61.1495
51.5512
60.0697
89.2179
75.2532
45.1664
71.0327
43.161
52.254
62.6671
59.8791
39.7936
93.9662
61.1611
57.8344
68.6384
58.0155
67.9977
62.0144
51.4187
91.1506
70.1418
56.7237
83.6108
51.8295
59.7119
64.0814
58.9652
52.0725
67.5904
54.4342
53.2378
50.5245
45.5022
61.0325
52.6671
54.3834
79.2335
64.9097
55.3953
50.5273
51.7406
59.4708
46.7712
62.2644
64.216
68.7442
56.4735
78.5159
53.4831
59.5669
51.2037
47.1911
46.6767
104.341
44.2194
57.6188
53.2055
54.5106
57.9197
59.1807
60.7557
50.5135
56.1143
63.8053
51.6387
48.5543
58.2747
53.0614
68.5996
50.0572
56.734
76.5491
71.8802
91.2725
103.918
42.3049
50.5858
54.7681
59.1153
69.6789
53.9949
57.0167
54.1762
50.0998
56.9889
59.3915
33.8367
54.6238
46.6001
74.5203
59.1177
48.7295
49.2293
70.3596
52.315
46.1755
45.5636
58.6156
71.8578
56.6663
51.1778
48.8848
51.9534
55.9641
55.5883
55.7995
39.2536
71.5666
59.154
49.8284
51.9202
52.8403
59.4957
69.7629
40.1434
45.6637
81.6222
49.1552
74.8335
66.9629
87.0662
68.112
46.3481
47.1636
38.6678
112.819
62.6465
67.9986
64.389
59.4173
52.1654
66.9241
62.6426
80.0277
53.5512
64.2216
65.0392
37.7095
55.3698
46.837
47.2448
39.1675
74.4595
64.4872
67.0561
44.1909
47.1515
43.9893
47.4245
48.6328
77.8998
55.2196
52.849
54.1264
65.6302
45.1411
42.3505
49.2678
34.5497
58.0551
61.9033
61.5009
56.9293
68.1904
51.0311
80.7882
51.1648
54.2847
51.9438
48.2027
105.13
46.4029
61.0955
81.7828
65.3822
58.649
56.7398
48.5164
44.3994
75.0771
71.4488
62.9007
51.1163
63.4109
62.7124
49.5111
56.747
58.7052
74.7671
54.8606
49.3948
47.1878
60.5696
56.9559
46.7575
59.0069
118.246
85.1792
85.5057
61.5548
53.785
39.8332
63.0999
47.0187
52.2463
59.4584
65.2264
48.9627
49.4392
60.384
63.1272
67.4
55.2387
83.0877
55.1249
63.3184
65.8986
51.6694
48.8236
53.3305
51.5503
63.1109
55.9406
66.3324
53.1361
54.6928
70.4124
79.2718
50.829
57.5665
75.6712
65.0922
52.8351
59.0707
58.4756
68.139
78.3134
44.1148
68.0491
46.546
44.049
45.1296
62.0397
57.4827
56.4744
59.053
56.6224
75.4003
64.2428
88.2162
60.4616
54.792
58.9311
69.2064
56.5091
82.5086
76.8834
71.6978
65.8894
55.6456
44.2802
47.3475
72.638
51.5829
83.1827
60.3304
50.9421
44.0047
73.5963
82.3802
49.6316
52.5801
49.0485
76.252
60.9186
63.0222
54.9085
62.5239
63.3003
54.8293
57.8426
70.5951
47.2951
59.5278
54.9814
69.7611
78.449
64.622
59.3929
53.7784
48.8838
52.8233
49.3851
70.4018
46.7858
53.6404
43.0147
64.1005
65.1055
48.605
53.9536
46.4835
50.399
57.6978
76.4907
50.0611
45.2677
58.5877
62.0202
96.1747
38.4832
50.7034
57.056
42.1719
55.2564
41.6427
47.5197
54.8863
45.276
56.0353
84.4214
56.4743
51.2895
52.6851
56.5151
62.0033
45.4263
54.7716
55.9647
62.4285
67.3506
69.563
76.404
48.0861
42.122
64.0053
67.2731
69.8587
44.5359
60.2149
45.7234
51.652
54.6936
42.4099
51.3308
60.0679
51.6502
58.6934
50.5775
57.7133
51.9595
74.3519
77.8643
60.7667
50.4647
45.7544
48.0135
42.5056
55.5392
65.0606
43.2233
51.8396
68.4839
70.9524
59.2222
52.6565
59.5734
42.6465
56.5362
52.7393
59.5003
58.2424
52.2408
69.6117
60.3297
59.254
41.2182
61.7737
62.2041
49.2289
74.0939
58.954
49.5165
51.442
57.967
65.5723
71.0974
60.6377
47.1849
59.2688
51.4355
56.5965
85.9847
67.0297
52.1134
55.7611
40.3601
46.4953
59.5407
51.0414
61.3565
40.6426
54.9476
78.8549
55.7072
49.0826
50.1603
68.7457
48.7866
61.2044
66.564
47.5088
70.6294
72.7447
59.7327
51.9197
76.203
45.1467
42.8092
79.3185
62.4484
42.8975
59.1279
65.4527
65.7881
62.8016
46.699
100.112
81.1959
49.6432
42.0746
52.0826
82.3039
55.5226
45.5987
59.212
65.5441
61.4766
42.3278
53.0303
88.3353
62.3112
55.0253
47.2761
54.3557
65.1034
36.3026
70.2795
48.9124
82.7286
47.1023
52.9248
61.9062
72.6842
57.1514
55.1394
47.791
54.62
50.2035
47.3226
66.3128
73.6541
41.3232
56.7347
66.3602
39.7653
68.5753
65.9708
43.9669
53.6529
61.9321
64.5727
48.9451
54.6676
66.5605
59.1353
81.0916
63.4218
48.5182
55.1825
47.3462
64.1852
54.0096
54.4325
66.9769
53.5981
84.6528
63.4321
50.6463
66.8633
57.2518
61.6367
59.9367
50.6988
63.34
43.9696
72.7915
53.6288
47.8884
81.7856
46.3698
55.3246
41.9352
64.3912
63.6672
52.5351
45.9126
60.9927
66.7539
53.7627
59.1075
59.7168
61.3487
43.8178
51.8532
61.7967
113.726
90.7925
47.8445
70.7453
72.3109
64.6069
69.0135
52.7947
57.454
68.0647
73.6226
68.2064
40.1648
49.2036
67.647
80.6369
49.1703
57.8373
53.0088
45.4635
63.3414
91.5343
56.1068
40.1794
62.3221
40.3936
63.9661
81.0048
45.8839
59.6879
51.6279
69.4858
72.3676
45.4288
39.7886
50.0074
86.9319
61.8825
62.2107
69.1693
76.8879
51.2079
50.9469
56.6367
80.7822
61.6675
100.005
55.4704
62.838
55.0721
53.9769
46.145
68.0703
61.7598
47.4867
67.2057
55.5797
69.1904
71.2551
47.8945
33.1979
39.5016
77.1241
55.2669
42.1339
67.3969
59.1891
67.7353
57.6955
58.914
71.7146
41.8361
44.5935
57.5688
55.1905
47.3019
49.2339
48.4616
72.1747
63.9947
53.455
57.9972
51.9079
54.9263
78.8279
64.5853
50.8623
55.9925
60.6329
59.8806
45.322
87.5003
43.6169
95.3017
55.0575
48.2909
77.0861
51.3911
59.5982
59.0597
71.8049
41.3469
74.2986
50.3711
60.9637
47.0082
56.0752
47.1927
54.3118
60.5004
54.5726
54.8691
57.4238
46.1431
50.4245
50.3732
60.2243
47.5525
47.9758
69.3447
80.0802
67.9212
65.7079
54.0486
56.3743
53.8473
54.2187
45.4698
63.8232
46.6703
64.8889
51.5826
52.871
63.328
42.0968
42.958
50.9486
76.232
73.3661
54.8499
57.067
53.8141
41.3243
63.2894
83.7899
76.5233
54.8884
50.1967
56.374
54.4901
50.9254
61.4722
58.047
57.6536
73.3428
46.6511
57.9916
62.7056
52.1342
67.8072
59.4747
52.0483
83.1403
69.6683
78.1906
62.4847
64.2415
48.2493
59.9022
80.78
52.0569
54.7309
60.4084
51.1754
70.6136
51.0518
70.4751
62.2637
62.1022
82.3126
84.026
44.0568
88.2809
60.1095
47.574
48.0003
51.0665
38.7462
63.5199
59.8184
58.8745
57.7463
57.0157
58.019
68.3365
48.0256
74.5317
62.8142
49.9919
65.6065
54.6339
71.5948
52.08
40.6275
43.457
52.9154
75.6152
61.6354
47.0928
47.4603
94.5874
53.6874
65.408
60.0103
53.3365
57.8795
65.2769
40.9394
49.4029
62.3321
60.7265
48.5698
46.44
115.367
45.1775
43.8719
49.7439
57.1371
66.5243
91.4652
51.1362
39.5665
64.119
47.4254
43.5913
37.439
69.7253
72.4128
59.1837
55.2297
59.2869
66.3737
62.6894
68.0191
55.3669
86.2422
66.3628
75.0925
37.8895
46.4486
44.0205
44.9181
60.2001
60.4077
43.6878
43.9062
54.7095
75.74
48.0122
57.903
45.8077
58.9142
52.3598
76.4605
60.4279
51.3561
65.3071
84.8902
61.4933
54.991
40.3784
61.6608
49.5295
74.4466
40.7634
52.5506
56.9548
79.5412
57.0398
49.4827
71.679
48.9537
69.6312
51.536
87.2423
67.9368
72.611
71.8465
59.1647
66.6794
58.6592
67.0661
58.3615
68.6725
51.2188
62.6782
52.926
79.5009
57.8944
45.2482
45.457
53.9488
64.3265
58.7095
73.775
66.3801
57.6438
56.9727
92.3404
49.8736
73.4083
47.4088
66.2513
54.7026
48.1321
50.1492
49.1606
79.5921
51.5114
97.4257
42.4381
61.2118
56.4324
62.4409
72.3601
81.5111
50.3618
52.7809
62.0582
67.8192
37.8203
45.4263
58.21
46.6223
58.0655
55.021
61.0215
53.8797
52.7426
51.8935
37.6313
64.0673
65.2577
66.8417
58.9192
51.593
90.0865
75.1237
50.537
79.5856
75.2869
53.0772
65.3843
59.3611
68.485
54.7363
63.6424
79.5674
56.7004
62.4834
43.9647
85.264
56.9086
39.3244
56.1148
59.8528
51.3575
46.4321
49.7906
59.8942
56.1939
72.2648
69.7105
56.9435
78.9591
57.8614
54.2645
58.9498
43.4269
56.7856
63.4205
79.7165
55.2436
60.5858
37.277
75.7698
54.3796
68.3341
74.8026
61.5275
57.2224
54.1952
39.0575
47.7436
86.1566
90.6398
55.2536
49.0997
54.8806
57.3689
66.7537
69.6799
60.5174
59.5104
40.7623
65.7186
74.5696
54.7448
66.6391
70.956
64.7164
71.5758
65.8294
60.1883
50.1014
44.8279
61.9394
70.6087
81.4229
62.4469
43.0759
74.7701
41.1207
49.7439
66.0998
58.1534
69.8657
57.9771
55.3602
78.4987
77.2752
53.5234
86.7632
52.9344
73.1411
53.7964
52.8482
66.7094
68.2219
66.8352
47.8192
44.019
69.3363
51.4712
59.788
54.1714
84.1411
61.6224
42.157
55.8681
61.4735
48.866
54.5975
74.8602
51.7124
42.8273
54.8915
47.2424
47.6439
59.0172
76.1865
55.8973
55.5321
58.5903
54.2375
44.6642
53.1949
101.536
45.6416
51.5516
72.4259
73.2776
75.7175
48.2121
45.497
53.8124
42.0125
76.7519
48.1737
63.1522
49.9423
56.8681
58.8989
39.4602
57.7735
69.1995
65.0593
55.5445
58.463
63.888
55.8618
58.4957
59.4575
48.1837
47.9421
60.0777
63.01
44.3155
96.8621
73.6943
72.6408
46.1086
40.0482
48.2837
60.8015
73.3321
50.4913
78.1763
67.6537
54.7703
62.5159
69.3448
53.9913
43.8527
48.3576
59.2589
56.2167
63.347
90.1003
74.6234
60.4044
55.9804
37.1803
58.9834
57.8491
51.9568
62.7758
45.9953
81.3876
52.021
46.5697
57.696
53.9446
56.9013
63.5807
56.3335
52.8383
42.7975
56.8144
51.8474
85.9633
68.0248
46.0525
49.9357
41.6517
55.4082
59.2905
68.2028
64.2886
48.3838
78.0485
72.1583
57.8517
69.7063
66.2915
46.8373
54.6624
60.3223
47.8182
71.4419
93.8237
51.9023
65.3326
50.2673
53.3785
47.9553
61.3994
49.3083
49.7787
45.9019
53.084
61.0032
46.2311
60.5375
54.5145
46.5289
49.829
40.257
81.7782
53.2422
70.1728
60.5198
69.2
43.6225
67.4408
85.2092
44.5356
54.7591
65.9857
48.6694
78.125
45.053
58.1452
48.2599
54.099
62.262
50.6234
46.584
45.4549
57.0125
77.6159
46.3853
77.3327
58.7038
77.3118
61.0245
59.1361
77.2319
42.4567
57.615
68.4504
49.9679
58.9415
58.7621
49.9526
69.9886
45.906
52.741
50.1381
66.3566
56.846
47.0998
65.3769
48.5289
54.3667
53.4856
53.0453
42.115
53.7721
74.3494
56.0678
91.4441
60.1159
50.6169
45.6004
71.7197
57.2936
44.5741
43.2006
57.0094
57.0814
81.3034
53.9957
69.4778
44.1468
46.8816
52.7819
74.17
59.2332
53.4424
53.786
56.8147
50.0451
76.3622
63.0767
46.8217
54.8244
48.3409
46.0997
74.0328
68.6637
81.2355
67.7764
72.5977
56.9603
47.1617
55.2095
72.3786
59.2407
53.3548
57.9477
50.062
57.3918
60.7642
51.3789
52.9906
57.9599
39.7836
63.6919
53.8225
58.0969
65.8129
53.3586
56.8212
50.3207
68.8371
36.5772
36.3802
46.444
56.8568
43.6466
54.39
46.8823
50.1421
73.9952
41.0064
66.1078
57.123
41.9223
45.4248
54.8375
49.0635
73.2303
68.9387
49.7673
61.0019
63.3543
54.5132
82.2565
78.8822
60.2837
64.3033
49.871
58.7331
56.808
56.354
64.0482
56.522
52.0695
53.5751
58.2993
51.1279
63.8221
70.6895
68.3928
100.133
58.7367
47.7117
94.5035
74.5774
53.6584
59.7496
56.5706
61.837
51.9544
41.4783
45.6839
48.4093
73.6212
64.2372
57.9636
66.0291
48.3614
48.8844
54.0621
74.0945
83.1523
55.3105
50.5613
54.7178
81.315
48.0532
72.7882
57.7771
61.5114
45.8051
56.4067
124.938
49.577
72.8519
58.0546
59.0477
57.6951
75.5274
55.1968
45.8316
46.4119
59.8865
41.6416
57.2889
43.7792
60.6497
39.1767
71.7968
65.0091
69.2005
54.634
47.8395
57.6273
59.9091
56.7038
40.0913
70.3054
48.4416
78.6991
49.4117
58.4541
44.0111
58.868
66.4704
61.2985
59.9399
81.9
68.2191
52.9743
63.4569
70.8397
51.5432
49.7366
49.8932
40.4273
62.6985
51.5293
46.2592
59.6554
89.3664
46.8318
71.572
55.7969
77.8646
79.5512
61.454
70.1579
55.9147
56.5576
80.6726
102.057
57.0559
65.5009
54.7432
51.2706
47.147
67.186
47.2235
65.8005
46.6328
73.5584
64.9309
46.9672
65.025
47.8027
51.2943
45.2498
54.6225
80.154
66.046
44.0548
76.3729
43.8775
55.212
51.1593
50.3002
50.7844
57.8497
68.3438
54.5293
49.2791
44.4434
55.1953
49.8478
51.1895
57.6748
61.4478
52.7989
51.7241
64.7729
51.0641
57.4736
55.3582
76.0415
58.4769
75.8091
52.5862
59.4115
64.1329
52.2583
66.036
46.899
42.7285
78.3765
46.8571
37.0115
72.5835
68.1216
39.6468
51.1972
54.4581
47.0163
50.6912
44.2202
96.9368
44.909
46.7462
44.0071
57.8939
76.5639
52.6454
62.0324
57.0728
55.3726
47.6841
74.617
65.4145
47.3563
57.761
52.3206
59.8253
68.2871
49.8892
72.538
62.4254
51.6225
54.7923
87.958
86.9777
42.1624
49.0824
48.3225
56.5948
89.1072
71.9665
50.5196
54.1363
67.7042
59.607
48.3173
44.1021
47.0015
61.4291
51.7955
72.0753
82.5969
47.452
57.0369
48.5372
52.1446
53.1305
59.1846
51.53
46.2566
55.3191
47.6209
67.7963
66.922
60.2339
45.2747
64.4277
46.1991
38.3809
35.9649
44.5522
68.4544
49.4276
42.2536
50.9678
55.5177
49.4074
58.2572
53.3283
53.1406
59.3504
61.4073
50.9416
48.6835
62.3778
66.5678
65.355
53.3006
55.7119
57.2647
44.422
45.0562
62.4097
87.6102
61.5715
52.8178
57.9054
43.0734
64.4321
89.1238
50.4792
57.7152
53.6997
70.3335
79.7271
62.1338
59.0372
66.5675
68.2205
80.7294
50.3174
57.5277
49.3334
70.1107
45.0543
73.6797
47.5557
55.1482
75.4075
53.44
48.3203
68.4577
51.0757
63.7059
50.6459
67.5414
70.323
44.0036
52.688
59.0701
68.9554
57.7659
71.2659
69.1676
69.5905
49.2466
52.3614
57.1534
79.0953
61.5236
57.3877
66.6045
69.3247
80.3806
73.9569
60.3099
61.2006
47.8958
43.9084
70.7874
45.7516
42.8541
42.4415
52.2497
77.0061
51.8112
49.4675
65.4662
52.6365
65.8868
54.111
50.7605
49.9806
50.2167
80.8628
46.3942
52.6234
51.2855
66.3042
54.9108
55.2081
54.8869
54.7541
51.022
62.0364
43.8707
77.3547
61.2344
58.2554
59.7355
53.2943
87.3621
46.505
52.5267
69.497
79.1692
58.9488
63.7899
57.2684
58.9808
52.9414
52.5376
46.6983
63.2294
54.519
46.4659
64.2535
47.601
59.9375
65.8934
58.4392
46.3472
63.4529
63.4889
69.3663
51.5382
63.2637
58.452
58.0482
59.8143
71.7716
53.5429
65.0193
59.1678
57.9348
52.0032
56.9814
64.5685
56.6613
66.9531
59.8857
48.2559
56.9774
59.625
53.0302
39.781
61.2288
46.3528
54.3146
55.0764
71.775
87.7908
62.292
74.5524
59.0815
53.6209
51.7208
53.4192
85.6146
40.8932
43.7139
63.0055
56.2442
45.002
68.2157
69.8291
53.0245
59.7541
133.081
53.6553
46.9752
51.2074
37.7322
46.873
55.3723
38.8295
55.401
54.2376
49.8732
63.8666
64.7692
72.5638
52.6583
50.5229
42.9681
52.1855
65.8026
63.2888
50.187
59.2558
60.9456
40.7249
54.7272
62.9602
60.3652
59.1485
63.2626
51.0498
36.0498
59.9681
79.728
53.32
58.7279
53.3672
65.4688
66.6857
55.4104
38.8342
43.5943
63.899
56.4986
57.6707
47.0271
51.0712
36.797
55.7264
79.1354
47.6089
59.4989
51.7217
53.9339
59.5055
77.7107
65.4626
53.9649
45.1987
61.9229
48.6663
47.562
57.6207
48.385
47.682
61.4591
59.0072
42.7519
45.5831
50.806
55.3185
54.829
63.9455
53.1941
64.2215
57.4808
78.576
66.2386
48.605
59.8436
41.067
50.0271
55.4872
72.8233
76.8432
77.0714
57.3907
82.6381
47.3064
45.0603
68.9976
50.3702
51.1665
75.9852
49.4378
57.2247
49.0704
54.5316
49.6694
70.219
86.4535
67.1095
53.806
50.9702
49.6541
48.8236
53.8229
72.5059
77.4389
46.3063
55.8468
75.9349
64.8533
44.5479
55.4511
79.7585
45.9263
51.624
45.8711
68.6674
64.1365
54.1092
56.1654
41.9896
47.5211
53.7946
36.2657
62.7594
58.1999
93.43
71.7256
58.1678
50.2038
48.1899
51.7203
61.1292
55.0789
51.982
69.6604
67.127
58.0739
38.982
63.1129
77.0448
41.2587
66.2904
52.6137
51.7446
51.7407
51.4404
74.0613
57.5122
54.2247
52.2524
84.7243
56.3078
64.6023
59.3006
53.4483
66.6022
64.7342
52.837
52.5527
42.8911
51.2898
74.7091
69.8743
53.0786
71.5215
59.204
63.6626
51.4164
55.0327
50.9537
75.7897
48.5731
77.6487
51.3958
60.8988
70.7637
48.5719
66.4855
65.5425
53.0429
46.0369
58.593
47.161
48.9878
48.6408
44.7366
71.516
55.2708
50.9012
53.1226
67.301
50.6963
59.1491
45.3392
53.9996
62.6227
53.114
44.129
78.5609
61.4072
51.0345
53.23
55.7109
54.3636
40.2898
45.3937
49.7269
83.3151
77.2435
69.5466
53.4206
54.4238
59.0174
59.7446
49.9531
52.6412
61.1832
63.2302
70.7055
59.9239
61.3027
42.1647
43.4395
51.5244
66.0214
53.6791
55.8175
44.5428
78.5271
57.8902
55.5475
65.3382
52.9771
53.2412
46.1999
48.1235
44.5423
63.7974
62.9202
67.1349
61.1068
61.2095
57.7003
76.1368
47.9152
84.8864
44.9264
73.7383
83.9753
63.705
53.8579
49.4137
73.0665
54.9314
48.9395
51.9983
56.6722
68.5884
56.7766
74.4902
52.4399
64.0051
57.9025
36.2541
52.8525
54.5395
63.8102
53.372
42.6075
57.8562
92.1272
52.0578
60.3576
54.5626
67.4245
60.5248
51.9874
102.652
58.2834
50.4602
88.7901
52.2364
52.5991
57.9811
53.5921
54.5177
66.5552
63.5184
51.5686
47.3045
56.1209
95.8674
99.2729
54.4689
66.0911
61.1205
58.9421
52.345
65.0787
79.5356
49.997
75.6626
61.5344
47.4779
56.8461
55.8109
56.0548
72.6661
64.3665
44.2004
52.6992
43.3814
69.9667
62.5026
55.2629
56.5327
52.7236
56.2567
84.581
52.7194
68.102
64.0294
53.3049
74.8858
43.7785
52.5168
43.9042
48.0798
63.0071
48.5011
47.6664
47.6264
57.1824
74.1426
61.2671
64.336
54.8123
80.5848
47.7341
49.8883
54.8987
43.3302
61.3788
52.2132
47.8134
65.4702
59.773
87.9556
58.786
68.6177
75.1739
52.1898
102.621
75.9023
50.2516
56.9824
64.9153
65.4799
68.5594
55.0841
55.0467
122.656
65.0996
58.6503
64.9679
67.9385
45.1399
61.8091
65.8807
51.8481
54.6861
61.3581
52.4051
72.3652
45.4438
49.826
51.2838
60.6735
63.6275
71.5838
60.1974
64.0163
51.7428
48.1937
47.7072
50.4885
78.8727
68.3915
57.4156
46.3168
69.3884
61.3528
50.5271
51.5994
56.7051
49.1143
54.3143
93.3528
83.0597
62.1632
50.9559
65.0197
59.7929
43.8694
51.7758
75.7813
54.3911
44.6109
50.3799
92.8608
65.1494
81.2698
50.6906
47.672
75.4328
43.7426
57.8505
62.6184
50.1185
56.2972
49.3715
53.4473
73.1709
69.136
54.063
61.7667
87.8843
58.0199
56.9484
117.18
71.2448
42.9977
71.6176
62.3474
45.2934
59.2871
53.7262
50.0502
53.4123
65.4928
78.4826
43.742
54.3631
64.7795
52.7346
48.9948
54.648
56.2353
49.7187
42.7019
68.4042
53.2746
56.6819
74.881
51.4598
85.462
59.9551
67.8839
43.2138
49.4173
62.627
54.6991
50.9284
50.843
77.0429
67.8069
47.6964
53.0566
59.6147
64.2046
60.6588
47.1665
68.6313
71.7408
50.4369
82.3721
54.4858
82.6226
50.782
46.3047
49.579
36.9687
60.2356
57.0363
42.7463
58.0356
58.5215
44.9074
59.3675
54.5165
44.7516
94.3975
63.6801
69.8089
62.4971
59.0434
43.5296
52.2819
54.3551
58.5067
55.3492
92.697
101.63
84.3601
52.6775
57.4872
51.9271
49.3576
47.9691
92.2427
44.2721
59.7199
39.0105
54.136
57.9208
73.4133
62.7102
55.289
70.5872
61.1093
67.5769
45.1384
57.9041
54.0351
59.7944
50.1776
61.1942
76.1397
51.3279
79.8123
62.0392
58.7894
83.7717
58.4066
66.9757
97.8088
68.739
61.0291
56.8333
60.7215
57.8483
46.673
45.567
50.3612
60.8511
66.8058
49.0191
63.97
51.2851
43.2716
53.5201
57.4862
100.148
72.7695
59.2077
56.4939
98.4439
44.4592
56.534
71.6257
79.0404
55.8437
56.2555
87.7137
44.0841
57.4691
60.1746
53.5884
59.1869
54.0841
67.3387
61.4732
90.6564
64.7757
58.2358
72.4989
61.3429
44.6922
55.1195
103.135
57.4807
48.8949
52.7519
65.9716
68.1292
50.806
72.3644
48.7595
60.6101
44.2549
44.9948
60.3714
77.2484
47.392
80.5317
48.2089
55.4079
72.9311
56.8609
53.5391
59.109
43.7526
62.0164
57.5679
53.6034
99.368
77.5628
73.0169
53.056
62.3094
74.8709
61.8428
47.1902
69.4464
88.7023
54.2211
48.2081
57.1499
49.2273
50.3925
60.6027
70.0154
49.116
73.4172
59.2759
41.5959
49.8985
48.3873
81.2806
58.251
64.2731
58.7427
58.5552
44.5313
59.0585
49.4391
52.7978
43.5814
45.7484
50.9209
48.1108
47.2263
53.8895
82.5726
55.2691
59.1886
91.5766
58.7452
51.9972
60.6611
56.2197
40.1864
39.4139
54.1741
62.2
62.5862
65.8718
58.0186
53.184
64.8405
66.5266
55.5397
65.8876
72.5827
54.2779
44.7748
55.7107
62.7636
70.1249
65.4734
52.7933
113.743
63.2465
62.8097
69.5583
45.5137
52.5346
66.014
58.0553
56.1742
75.3306
51.6023
44.3942
68.7109
64.5847
53.9894
62.3276
52.7528
45.9748
45.9292
70.8936
60.7207
48.5415
59.3829
53.0834
59.1228
70.2726
55.3246
54.6604
51.3652
47.9023
41.8901
69.3972
43.4444
58.8034
51.2564
60.2008
71.1731
51.9227
55.9324
59.1112
47.0768
71.8463
55.9228
57.4633
84.6136
59.4682
47.4383
55.0615
75.6656
51.9592
68.5635
51.1137
64.0914
62.8308
59.6704
82.526
64.2493
39.6246
54.1605
64.0637
45.0518
49.6862
51.4226
56.613
53.498
59.479
50.8991
59.8136
94.4598
57.9015
65.0121
49.0453
58.8907
57.4662
66.1158
47.645
55.5337
46.0501
53.6452
41.4235
63.8902
71.2918
63.8332
53.5889
65.9793
63.2548
51.7583
40.3417
61.8941
55.6203
47.7613
52.3558
42.9901
61.8949
56.2874
43.7157
83.09
56.5165
61.7934
69.2077
50.0829
42.6874
43.8536
57.0096
44.8353
67.7628
82.5198
50.4483
99.8799
43.3486
78.1292
65.5675
68.8396
67.7404
65.932
56.7168
50.8398
41.1487
60.9141
49.3362
56.01
46.6148
53.4677
59.0603
60.3176
54.7377
51.512
78.7339
45.1026
57.0479
70.5356
80.8439
54.0527
63.0825
62.9692
69.548
64.1076
67.3822
71.3248
63.8517
54.1446
51.1915
68.5603
71.7227
34.3958
53.1192
60.4193
55.7746
41.9955
53.721
59.4829
57.0922
50.0866
46.6016
56.6808
44.3602
169.625
53.5143
50.8577
64.6878
44.3072
46.9457
50.1675
72.7099
53.648
71.8429
50.2769
74.3463
67.7477
74.5743
46.9241
68.1458
55.023
49.1702
78.8457
46.372
61.0737
87.1613
51.9439
55.2984
59.1329
51.6708
58.1696
54.2708
57.0529
47.7105
50.6463
63.4203
55.2687
85.7448
46.4816
52.8185
60.6016
75.9722
46.6884
50.974
40.9732
65.1217
48.2534
46.726
56.3333
96.6781
65.15
67.3953
64.1284
45.4756
63.8129
44.0346
55.2011
58.2974
49.4891
44.797
59.5932
42.5223
50.3702
76.6008
68.2563
70.1803
60.1265
67.993
47.9301
81.3487
66.6634
60.2583
66.3925
98.6369
48.9992
44.2727
43.0896
63.6978
44.5279
41.7449
56.3908
45.5637
58.8268
57.9745
68.2596
49.6019
50.0557
82.2112
46.6506
65.2507
83.9953
50.0434
55.5135
53.3327
49.9942
64.4505
59.8637
76.3468
98.3798
66.8272
59.706
59.8026
44.7474
50.9239
67.3931
67.5735
62.7516
61.9937
61.971
56.8404
92.3268
63.5496
78.135
74.1476
98.5865
49.1735
58.0182
52.795
49.7965
74.6942
45.8815
59.5413
45.9372
69.6746
50.6256
65.7163
50.1472
62.327
72.7367
52.3018
53.1268
55.8457
51.687
90.0495
51.8606
78.0814
58.7946
57.4966
51.5997
62.194
46.4059
53.4055
45.4368
54.7384
57.7416
62.0789
52.5687
38.9506
42.281
44.721
61.2568
52.3271
93.2499
58.3647
53.1877
54.4331
56.5176
45.6276
67.8514
69.9464
80.5796
52.8606
42.0589
54.5332
74.8508
64.3268
52.2734
70.6525
41.1142
55.1703
61.6621
66.5152
52.6403
58.0451
45.8335
61.131
47.4094
58.501
53.5162
52.1582
49.2921
38.7815
64.9522
41.9589
58.9658
36.4094
74.6004
55.1904
69.4459
72.0614
55.4393
54.4787
68.8885
66.4065
54.5402
87.2237
50.9652
71.4801
50.7087
81.4713
53.7139
75.5485
78.294
69.2191
63.3395
66.2299
39.2896
43.8057
74.2554
52.4642
42.9677
55.471
61.1597
61.274
67.399
57.4811
42.5636
48.4264
62.188
58.5754
62.9724
46.1176
43.2188
39.9638
80.6833
62.1673
89.2684
51.4921
77.2237
64.1816
66.3954
42.8763
50.8994
78.0758
43.787
64.8595
61.4386
49.5248
48.5425
68.7593
62.9523
60.4209
54.4989
64.6899
50.5725
80.1376
42.141
48.3062
58.5707
53.3363
55.3639
74.5815
55.6685
44.413
60.8464
56.0292
51.9259
45.0883
45.9029
70.1932
43.6823
48.0652
61.2594
55.143
73.2642
66.1179
64.5401
46.229
59.8571
43.5697
37.839
67.6769
52.6423
61.9244
43.2588
62.3151
62.4042
61.7704
50.5537
57.3818
49.5477
95.4843
64.3785
78.3491
45.9612
57.5205
39.7609
79.9929
39.6156
56.3237
44.4725
65.9574
58.8916
69.9618
73.2163
40.9484
92.4321
59.7389
40.5725
84.2778
70.8666
46.9984
56.6949
46.2714
78.5845
76.2297
68.0958
52.5299
54.0727
57.3864
47.4581
56.9402
51.2748
59.1617
63.1293
56.4177
66.4098
62.1094
56.991
62.8101
62.4128
61.8344
60.6584
56.5053
55.9774
70.8383
57.1307
64.8961
60.9869
62.695
41.9662
46.4455
100.855
53.6563
54.0639
67.9116
51.9003
44.5056
61.7963
39.523
51.9442
72.263
71.685
58.9012
66.7386
56.2867
53.8223
47.5439
71.805
59.6766
74.5344
77.1074
62.4919
53.9281
61.6195
70.2055
61.3296
65.37
50.1305
57.4062
51.6652
102.273
46.8859
70.1862
72.6155
64.0473
44.5029
87.0859
51.9974
76.3628
53.1232
81.3825
52.7307
46.8446
50.7444
67.6665
43.5997
68.641
76.3429
74.2931
79.1925
54.1764
57.9392
53.225
97.1675
47.1195
39.9483
61.4585
63.7564
76.4015
64.8227
50.6028
49.5652
48.669
51.4855
46.6223
49.0754
72.5684
46.0438
50.9855
59.4184
63.1095
65.2725
64.0146
60.5666
71.8557
43.4651
49.2982
65.0253
69.4597
42.2542
58.0465
42.1853
60.3387
44.2471
54.6487
46.988
45.7056
50.5742
52.2821
83.0485
44.9929
73.8181
47.7475
49.9329
95.5024
75.7261
51.7177
89.2609
52.5637
87.3813
63.5002
45.8788
57.1163
65.1185
85.426
54.3592
46.6329
91.3668
61.4437
50.0308
59.584
39.7697
55.6056
49.7808
67.5974
49.2261
47.3517
50.7984
60.323
59.0578
44.6393
57.1207
69.0956
50.9841
69.0915
57.4284
58.8431
41.9956
56.8929
52.6072
43.2775
87.542
55.1877
66.9476
64.897
65.3535
55.3846
63.8574
64.1477
42.801
61.0991
47.491
63.2994
57.6688
59.8141
103.907
50.8346
67.5456
52.6928
66.3695
45.8881
55.2563
59.4454
38.4819
50.3653
45.9949
39.4766
50.0934
63.231
72.126
58.0319
55.7251
58.822
46.2041
62.459
43.6653
69.2637
60.8703
61.6784
65.9104
46.5754
84.4174
51.5433
59.3805
68.9851
58.4489
73.0343
42.9109
71.0988
38.9751
61.949
69.1315
58.3216
64.0254
49.8646
64.2057
65.2352
59.4048
44.2061
40.7311
43.1733
65.2171
68.8675
59.7077
65.1331
53.0864
55.5777
51.0537
63.4472
50.9417
66.2723
39.8069
48.4956
50.039
54.0615
62.5511
62.7215
48.5142
58.9908
53.3763
69.1823
47.2225
60.0869
74.7304
63.6997
57.6178
51.1826
54.8849
68.9092
39.9861
55.8834
55.9064
66.1176
45.6971
79.4529
72.9548
53.7444
57.5055
65.3988
68.7427
93.9212
45.4446
54.0845
59.6739
57.3529
54.6743
48.5953
64.0381
59.797
71.2657
54.5993
43.7737
44.9703
65.2572
53.4827
77.4942
71.8512
63.9741
66.818
74.8835
47.6199
54.7205
65.6774
59.7093
60.1791
63.0879
59.3785
48.7483
51.9595
49.4425
65.0032
39.889
77.8173
67.8107
89.2876
57.7805
50.5647
56.43
47.5928
50.7497
44.8067
51.0045
83.291
61.0287
41.9304
54.652
59.4624
48.6855
57.9511
61.7818
60.5212
68.947
43.8935
50.5312
43.0349
38.4992
56.8851
89.7566
46.3152
68.3902
68.2577
57.1037
42.9892
53.3773
78.3029
49.6276
58.6319
72.3755
118.812
87.6555
60.7275
86.5929
41.7737
70.7934
67.4957
54.4499
72.1073
57.8984
40.7984
53.7393
78.1103
53.1384
65.3066
53.6266
38.3992
51.0901
71.726
67.2652
54.3009
54.8286
51.9128
98.6031
52.068
49.4165
40.517
66.2789
45.6598
79.3364
45.9739
53.6196
54.3687
84.1262
67.667
57.622
58.0156
46.3475
69.2031
59.0374
73.2242
57.0059
51.7567
58.6728
49.5988
67.497
64.8644
48.048
89.2415
74.4433
44.9515
68.3153
63.3831
60.1063
54.4634
59.0116
67.3816
59.478
45.9473
46.9899
48.9113
58.7012
81.6542
36.6961
50.5069
44.7198
56.8571
58.1703
52.8204
68.572
65.6944
47.6691
48.7237
52.7885
52.0657
52.0194
50.7673
42.5823
98.0966
58.0768
65.097
48.4068
56.546
58.2077
46.2378
48.7482
44.9716
47.4737
63.5738
77.0398
42.6085
54.8675
84.0103
66.9409
60.9426
45.022
61.8111
58.8743
63.1896
65.3121
46.9491
48.8866
74.6744
46.0443
53.3759
61.8482
61.5814
46.2856
44.591
51.3972
58.6371
47.0451
60.5197
65.7715
56.5514
63.6896
56.3096
73.6934
56.8264
54.827
49.5506
44.8166
68.5717
47.3683
48.8445
67.7818
51.429
45.7242
49.9271
74.0689
59.7551
49.7529
89.2083
92.6838
48.609
61.8883
51.8029
61.8762
44.7797
59.7885
64.32
62.1096
42.061
60.1121
46.3224
45.6728
48.9716
92.0115
58.5481
44.3046
51.0797
46.8148
50.0165
51.992
53.9671
58.6821
51.9795
51.8019
55.331
43.1926
48.3355
50.6239
47.973
45.3253
57.5022
61.55
63.2869
38.9273
57.0576
50.0983
43.9768
47.3747
57.5165
53.7419
51.7144
70.8745
62.4754
41.4553
44.8558
55.391
55.1478
57.6945
85.2488
52.6173
49.2354
50.3046
61.9174
60.3945
44.4179
63.2711
97.6511
69.3512
94.2101
51.8296
53.2534
60.5646
102.426
69.2073
49.4252
48.8899
59.064
47.8839
57.6322
50.2094
71.7837
55.1477
62.6175
65.9166
49.8332
54.2261
48.0374
61.847
72.4595
55.2902
55.2422
59.0798
59.2476
73.8883
47.7113
59.5005
46.2694
98.4228
62.6869
81.2908
63.3732
48.2112
53.3403
64.795
46.2561
70.9863
42.5687
66.2933
50.3886
50.1666
53.2229
65.5434
58.9767
38.6018
65.1772
73.0495
81.982
34.9447
65.9225
46.1173
48.2054
46.3408
66.0751
60.29
56.2455
51.6167
67.1622
57.0224
40.5538
46.4523
64.9695
56.681
47.3964
62.7607
55.9771
72.0701
55.7956
90.5672
65.8004
52.5529
59.1484
75.2474
52.2108
51.2793
68.7633
50.5919
48.7742
66.728
59.911
62.9033
55.7768
59.7405
49.5145
59.9151
70.2316
77.3577
58.3323
72.6638
63.7727
90.236
52.8516
76.9154
65.442
46.4774
69.255
79.3934
67.3842
65.4358
93.3741
69.108
58.5303
53.1793
47.8222
76.2212
52.4875
55.5343
114.626
59.977
48.9858
54.3682
45.5702
70.3213
50.544
88.2039
73.5677
64.5077
47.5666
79.9372
65.1517
74.3054
45.7997
49.975
45.6657
54.7588
54.1058
55.2392
55.5136
71.8921
64.8159
51.282
56.2739
61.747
49.1043
50.7859
45.957
46.2998
62.5512
64.9717
53.6121
56.764
73.0612
58.8878
48.2352
77.5191
97.3889
59.3288
44.0245
92.7944
86.1318
98.5691
45.855
40.8519
55.454
63.2045
61.0409
55.9172
51.3484
65.6152
62.4747
42.5743
56.0065
67.9835
49.5339
56.8232
73.2544
58.6948
71.5644
47.9849
46.3063
52.8195
80.8837
67.2644
98.6576
55.122
45.0544
76.4592
82.3579
56.2921
68.6034
53.5993
50.0719
44.767
57.4572
46.5174
56.7
61.2274
57.0645
61.7966
63.8538
60.7219
53.2935
65.9782
45.5545
70.4051
60.0896
49.599
68.0531
59.4648
45.9965
68.4214
55.1616
43.851
56.5668
43.3542
44.7097
62.2019
76.425
58.0044
43.6899
67.2705
63.7212
69.0826
68.6892
56.8125
56.2103
60.2374
66.5683
59.9339
63.4648
122.574
45.4241
78.9546
68.7724
60.7665
57.5232
52.1394
51.2409
59.549
58.298
52.3364
54.9895
89.846
38.5569
56.9695
57.6444
63.2768
82.9548
40.1745
60.9533
72.1565
47.1782
69.7191
54.3678
55.7128
57.9556
103.249
78.5713
66.3327
40.0898
51.8731
37.754
65.8718
65.7157
49.1535
57.8911
59.726
58.6927
51.9854
61.5565
56.3483
63.8717
88.5087
83.5856
60.8514
65.8154
58.8524
54.7164
49.3465
63.4009
59.3619
78.2448
56.1052
61.6808
40.5845
48.1
42.9641
60.3908
56.9976
74.0059
45.7423
63.7727
90.1067
42.8734
42.1135
53.5041
48.8319
61.5365
59.3945
84.3821
68.9865
54.9494
44.8153
55.9705
67.2851
74.3639
71.4227
80.258
58.6777
48.2659
62.4674
60.6531
97.5206
64.617
62.9224
38.2251
62.9692
46.4662
40.0557
60.2188
56.3616
62.07
64.8622
46.2607
42.2788
77.1974
57.2748
60.0172
47.1325
50.0042
59.7524
48.3409
51.5436
55.4333
65.8478
51.021
59.673
59.306
76.9065
52.483
58.4451
68.3358
85.929
62.1693
53.3455
40.9992
57.2143
82.2802
42.4174
47.0065
102.351
66.9724
42.3776
79.4189
60.7356
50.5521
47.194
62.7077
63.9229
73.2567
50.0951
49.5633
71.5621
49.7251
47.4919
35.8437
56.2431
67.4385
51.1922
65.0521
53.0673
46.4671
45.3859
59.004
67.5372
43.2223
51.9932
55.371
61.4481
52.4152
52.1589
53.4419
55.8132
70.6974
71.4031
51.3455
60.7866
49.9717
51.2508
78.2997
57.306
60.5967
56.0495
46.7037
79.5595
50.3484
54.052
55.0301
74.7474
66.6732
75.2663
78.2204
43.9337
45.0967
79.2179
55.586
56.9776
60.9084
56.3187
55.1503
60.9295
87.0984
53.5224
68.1342
44.1134
58.2473
48.6383
55.8716
75.9257
69.5014
79.3277
61.4908
44.3181
65.5511
78.3676
57.4819
43.1455
55.7156
69.7598
57.5435
61.8594
44.1132
38.382
53.2648
83.736
49.5715
54.945
63.8403
54.8982
63.5852
55.7692
54.5359
42.548
50.6515
50.0592
75.7634
53.3834
56.8584
65.7585
70.1753
71.5425
46.8633
65.989
66.0398
62.1863
56.5169
49.5546
51.891
55.3835
66.7109
74.4933
52.5175
58.5862
49.1769
47.7637
36.6237
57.5967
74.6879
62.734
71.8915
38.0105
46.8886
63.7291
52.0842
61.685
58.2113
47.7223
66.8678
69.8542
72.4208
56.5332
64.0773
54.3674
68.7685
49.2312
70.2092
45.1628
47.5177
47.9558
54.5781
60.0642
48.7012
63.8812
67.6612
46.6286
61.3193
66.0771
57.2006
51.3901
37.7901
52.2264
48.7708
54.0822
47.612
59.9004
104.575
58.6465
75.6489
61.1128
51.6025
45.9366
43.3089
55.0543
51.7053
57.3184
59.8539
57.9756
59.4895
40.506
52.903
50.865
47.519
65.1024
61.9879
68.7053
59.1544
50.4862
55.4678
47.8114
64.9346
101.212
55.8083
64.5254
50.4957
77.8655
80.9573
68.3054
83.8924
40.602
54.6487
56.4787
51.8884
55.2413
48.462
62.7843
74.2
66.3355
54.8525
69.9524
63.0045
89.8008
75.2746
58.3462
52.2909
63.0635
64.7676
62.8542
71.57
65.6187
63.4719
55.2643
53.5207
78.3462
65.1707
47.3061
71.5302
60.2958
53.2554
48.9494
80.505
71.1787
55.5835
64.9884
49.4211
65.4824
58.7165
51.4891
50.0743
53.3361
73.8711
51.2934
44.4306
61.5224
65.0393
61.1717
41.8967
57.9108
63.8807
46.7027
56.2845
41.6549
96.0823
45.569
43.6214
61.7253
50.9754
46.89
56.7018
55.2531
54.9377
78.6356
44.3326
48.0845
49.4003
58.0153
84.6385
46.5221
59.3803
62.8778
54.988
65.4849
40.8602
45.2601
76.1031
89.4659
52.7108
58.0452
66.041
67.4204
56.629
44.7913
52.1922
53.8401
51.5802
61.0568
65.0805
57.4778
47.8866
64.1311
64.1574
43.9308
55.7694
57.5058
85.9626
64.501
38.4456
52.6879
54.5843
71.5681
55.7604
49.6901
58.1582
71.1205
58.2598
50.1406
75.9294
60.7063
74.4276
58.4568
44.4504
49.2865
53.7153
63.2493
73.6796
52.3583
68.855
60.2502
80.9119
52.0729
64.1928
59.8121
60.1549
63.5434
73.0331
76.5324
46.0607
52.23
57.1698
55.3734
62.8586
54.1356
50.8347
48.6309
43.9122
72.3331
42.9827
64.791
61.6966
60.9234
47.62
52.2983
61.2143
60.1626
64.3398
48.4929
58.2634
78.1514
73.6177
55.1979
49.7578
62.775
66.3744
63.3395
47.5274
64.7747
64.5467
72.0451
57.5298
43.3321
97.2758
49.0423
63.9105
48.7829
49.0093
59.3034
57.3688
65.2683
55.8563
55.0427
54.806
62.6595
51.9888
52.8348
57.3544
42.3624
56.8329
51.5174
65.1928
70.9653
75.0643
77.8748
55.2773
63.239
39.7894
59.6622
80.9786
49.8345
55.4012
56.04
61.7909
48.3653
51.9999
69.6795
57.9373
51.963
62.2082
36.1766
70.898
67.1548
53.6737
59.4943
63.7536
76.0679
44.7075
66.3719
86.2924
63.0846
56.2944
48.3246
44.8503
78.2711
48.0057
64.3374
73.4776
82.6643
45.2999
48.2731
42.586
40.9291
50.6898
65.6405
54.3961
51.7672
74.0896
70.1083
66.707
72.1033
71.4532
75.5793
52.0252
62.8382
49.7409
47.1541
41.7646
59.3721
37.4015
43.2884
57.1243
65.4887
55.0721
57.5795
64.3526
81.2549
68.1651
52.6331
50.7685
42.0516
54.2298
55.1223
66.7469
42.8716
53.5245
56.1089
39.346
48.4366
67.0281
69.4285
65.5344
48.6475
52.6481
50.2438
49.8331
51.644
50.7572
66.8339
55.5402
67.6702
63.1731
54.4683
57.6781
50.5954
43.9523
57.0997
64.6025
48.3268
64.6369
42.0346
42.1108
87.648
60.6278
42.8297
90.0627
53.6367
64.9945
76.3811
59.4489
51.3548
58.3146
50.8387
56.7419
56.0406
47.7938
67.502
75.2491
79.032
60.1302
53.9055
59.051
46.7259
56.8945
56.9212
50.7874
56.8052
62.2836
50.5481
45.7671
50.9016
45.719
51.6853
52.9878
53.4963
63.8256
75.6905
43.0151
54.983
73.7641
48.1617
60.3302
47.7555
46.5263
64.3414
49.4372
50.0781
58.0348
50.7255
63.5305
55.6959
58.1292
53.1167
47.6997
56.327
56.8088
61.998
55.1866
51.0726
57.7491
43.438
38.6455
98.2942
46.7433
59.9088
57.2087
75.9718
46.0013
89.8802
68.1637
49.682
48.8943
41.0154
68.7564
57.6204
54.9503
57.0881
47.6368
44.8823
43.8548
76.0121
44.7939
78.1012
53.5075
62.813
61.0214
56.7292
75.1505
54.6782
66.6006
62.6405
49.8103
51.3313
41.7353
54.5797
61.2857
84.547
50.9809
48.186
63.918
52.9904
70.5367
43.3906
81.3869
50.2165
59.3626
52.3517
62.7904
47.3306
58.8747
47.6456
80.3212
59.3019
70.1159
63.6537
67.0786
71.2585
54.1316
64.2225
51.5076
74.3389
59.4391
59.1932
53.2085
50.4714
78.9836
42.4829
69.8215
41.7939
55.9991
39.507
47.8661
66.4094
53.4134
58.628
67.7152
45.7107
57.6755
43.8312
65.8707
56.5974
50.8149
66.377
61.8507
51.7659
63.2987
86.4235
57.3666
55.4451
49.6865
53.8191
85.5289
45.0886
73.3226
49.6293
55.1563
71.8794
71.1692
70.3179
49.0002
61.5896
59.5306
40.5248
35.5682
76.3339
62.7461
46.8808
45.2906
45.0439
47.5778
64.9209
68.6984
91.407
55.7932
72.1387
60.4955
78.0185
44.5068
52.0501
58.6439
45.3411
67.0324
59.8943
48.3462
67.5457
60.1968
85.6156
57.6387
61.7697
65.2161
63.0036
74.7631
44.2236
59.7872
49.3598
58.8973
66.8402
63.2711
54.4343
58.7685
68.5507
49.4929
53.0734
68.6864
61.7849
47.6111
65.8012
55.6669
53.8903
52.3608
48.9575
71.941
53.8082
69.9383
58.473
68.4838
53.0978
58.1473
62.1457
55.3627
70.1709
63.3316
54.2486
54.9245
67.3139
50.3561
55.6254
51.1937
67.7254
76.7959
47.1643
55.6952
58.56
40.7597
68.0548
46.426
64.1705
64.2872
52.1026
49.6329
53.2986
55.1984
79.3944
70.953
47.712
71.9422
46.6751
59.879
55.7026
41.5121
53.8829
58.2624
78.0895
71.7164
40.7105
57.958
57.3715
50.6186
45.8681
40.6751
61.825
55.6192
58.7416
52.3977
44.3641
48.9232
58.767
50.9499
52.1757
56.1718
43.1392
46.9009
78.1704
64.524
48.2326
48.6771
64.7678
55.5366
53.4007
45.0191
46.7633
49.9734
69.3845
41.1622
76.9541
49.4125
71.9763
59.3485
45.9734
51.056
47.4666
49.2742
46.3319
78.4553
39.8081
66.5437
58.7854
40.3877
52.0751
49.5662
65.3004
45.1633
53.6386
61.8983
67.6398
74.9058
73.4375
57.0306
54.8472
60.3242
67.9948
68.453
50.3159
33.9534
51.8688
50.6735
63.959
55.1595
38.1736
44.8296
57.1353
60.7408
53.9569
92.773
55.71
54.026
55.4515
102.898
52.0794
74.3456
63.5663
54.4335
48.0384
55.144
69.1723
74.6931
66.6488
48.9713
55.8037
52.6281
41.624
54.8784
44.0856
46.8676
87.2328
56.3292
75.7605
60.4699
51.2817
55.5866
55.6331
55.0763
63.6167
56.3868
58.2717
60.9483
65.0386
56.9767
48.2284
76.978
52.0419
45.0616
55.0569
49.0141
57.3957
57.9299
80.9124
63.2261
65.8586
57.7871
56.9275
74.7192
63.8174
65.1263
88.7325
83.3033
52.7861
44.672
59.3451
53.2947
53.1875
41.6621
63.4202
67.6164
44.6098
56.5312
51.0681
59.4201
76.0115
51.1626
71.6827
68.3522
68.3853
61.0521
63.337
71.2986
67.7724
46.3594
69.4577
71.5472
63.3926
51.7367
67.1093
87.3404
72.824
60.7833
93.7612
61.2182
58.6188
51.702
49.4648
55.1017
73.9197
55.3469
47.8486
67.8422
50.8951
69.2483
67.3241
47.3637
55.2337
61.178
40.6628
60.6338
55.399
60.2819
59.0348
42.5058
45.9609
67.8127
50.7948
40.0677
45.8451
57.6133
41.58
60.2894
65.0883
49.8635
81.7532
57.1699
59.2091
54.9187
47.0507
56.6002
53.101
66.1523
51.1165
70.7645
56.9866
43.0563
58.2909
59.1371
59.9694
48.361
74.4219
57.7865
51.3731
58.6505
47.0999
55.0356
96.444
36.2785
59.1543
46.9746
48.5598
57.1865
64.7231
51.2474
48.7753
51.2422
66.4045
67.4376
50.2511
113.44
42.9354
60.1834
52.5676
59.8405
55.1553
61.6202
58.3853
76.2342
56.3725
57.2308
54.2574
62.6351
60.1426
54.1554
47.5425
67.697
51.4721
51.7457
56.4034
48.5939
84.1349
60.7397
45.9361
53.4283
72.0641
56.8578
64.7894
58.1773
58.434
62.1071
66.715
47.0683
58.4225
59.9709
57.8087
48.0361
45.9023
41.3001
43.6988
63.8824
54.0512
48.2725
68.3407
42.0917
66.3588
75.6314
55.3453
70.3734
55.7135
55.3605
61.2135
52.3505
68.3138
59.1324
58.0773
40.0514
58.3186
44.7928
70.0427
61.2866
51.7938
45.014
74.7616
58.4717
54.7794
60.0446
71.1841
72.7515
40.0929
53.9238
89.9444
49.2054
76.0325
68.113
51.1973
50.6472
59.2949
46.2688
50.7369
73.3391
46.5729
69.5358
48.1279
49.8042
75.6071
91.4473
84.2756
53.0322
37.792
51.822
108.858
63.1414
55.4417
53.642
54.5009
68.6501
50.601
49.8075
52.0308
49.2877
42.8875
68.4514
56.0479
50.3779
53.1452
84.0078
50.7608
66.5055
73.9575
56.3158
79.0458
49.1424
47.1541
60.8596
75.6985
65.7063
56.4241
42.2054
51.7624
54.1447
74.1289
55.8664
51.3136
65.8648
73.0225
36.9354
66.4866
48.1467
80.5292
47.9228
63.1663
66.3432
69.3018
45.0193
61.9931
47.68
84.2417
34.7938
72.0318
46.6403
72.0427
63.3439
51.1526
53.0925
54.0332
47.946
57.3377
42.478
45.6581
42.4926
57.4108
67.0609
70.7684
55.7642
54.6944
76.4295
57.7105
65.3982
71.66
72.3045
49.183
69.489
67.0272
63.6078
93.2286
33.5382
59.5004
62.7592
51.1484
43.029
73.0131
59.6705
45.772
43.6892
48.4961
38.1298
60.7852
60.1547
59.346
43.4849
49.5632
78.2896
65.3851
56.0488
43.3947
59.9068
59.3553
71.9783
42.973
69.3973
87.0457
98.7809
49.3614
53.0686
52.6289
51.7095
54.1422
54.9843
62.206
57.4403
49.0981
73.2636
60.1151
41.379
58.8956
57.7826
55.0656
65.6798
43.8487
69.2325
51.7639
43.2021
62.2948
55.0292
57.1457
51.1781
45.8732
67.3844
56.1803
73.1874
75.6043
54.2589
77.6194
49.8464
43.2627
48.6482
68.4515
61.2695
60.2948
59.646
56.616
45.8252
48.0912
52.876
59.9533
66.7702
78.5898
63.8673
59.3562
45.6851
71.0332
87.8222
50.3907
57.4515
65.6116
45.5876
55.1481
66.7048
63.3794
49.7533
38.3558
49.3386
76.7104
84.1201
72.1196
42.573
53.5346
58.278
53.8527
73.3478
43.7699
52.2978
57.9745
65.902
46.098
58.7772
80.8424
47.373
71.0411
63.9786
61.5161
55.1524
44.1948
42.9565
86.5586
78.8572
46.8516
61.8312
76.0127
56.812
43.3226
64.721
63.3395
59.3656
45.3538
68.321
53.8348
64.2728
48.3791
55.7566
54.4228
68.7037
81.355
47.0002
43.2759
54.295
61.274
53.7774
59.5617
50.2011
62.2915
53.3351
61.2396
73.2571
99.4178
56.3542
57.7107
74.935
49.7308
62.0117
55.0371
44.3439
66.7847
89.6698
61.3522
53.9052
62.0996
44.2015
50.4567
67.393
50.8076
51.9256
51.866
48.1127
62.1384
65.6788
60.1833
50.5948
58.1004
65.0552
67.6647
47.2054
79.0052
41.779
50.5545
46.2897
51.8097
40.0398
43.7935
43.4185
51.8683
37.117
52.472
56.4845
42.1703
55.2748
48.8041
74.4289
39.3906
44.5308
76.2652
89.9613
56.6382
59.4565
80.3047
51.2178
57.3063
78.7189
47.9169
56.2254
58.0643
78.8261
52.2507
73.0351
60.3404
55.953
47.8851
62.3563
53.8531
62.559
59.1995
44.3176
55.4557
42.9594
66.7265
55.172
50.5896
43.6364
56.8557
66.2696
85.3131
76.3151
66.3273
58.3851
67.081
61.4832
68.5958
73.5684
57.6975
54.1954
42.1297
43.4684
69.6658
50.5103
72.1922
55.6814
41.0479
56.1488
46.6558
62.8781
103.352
61.9721
47.5764
74.5793
35.0332
55.6328
76.6534
42.7114
60.8816
64.9806
46.7336
42.5022
46.0469
83.5884
62.6968
64.7677
63.8553
46.0878
45.9905
104.153
53.2809
67.6018
46.9777
50.3478
49.3962
56.54
48.7281
42.2871
54.6784
45.0221
48.0126
65.2892
78.6843
47.6286
57.9642
63.2196
73.6967
50.3425
58.5102
68.1197
73.6317
97.1658
52.2419
72.873
47.0499
48.4557
66.4287
41.6099
46.9448
80.9963
49.2333
56.3163
56.8458
52.4262
68.4554
64.7754
66.727
46.1727
50.9178
60.4123
67.2635
45.1363
49.9179
64.2857
48.0499
55.0363
41.6287
33.1371
45.6351
62.7424
45.2152
44.1112
49.0635
42.5562
62.4901
55.688
67.422
59.2751
65.5645
62.3928
59.8691
74.0457
54.5095
67.5979
47.2086
78.52
60.0431
49.7656
78.0863
79.5265
59.3011
57.3582
53.7096
50.9606
48.3348
60.4558
51.4964
52.9358
61.5648
72.5166
75.6985
83.6877
42.47
80.0307
62.369
51.6059
37.828
62.6464
44.5137
58.1208
52.404
77.8149
60.7147
47.2013
58.0635
53.4212
49.6547
47.4499
57.322
64.172
47.5562
63.6891
53.7321
50.3143
51.6498
58.3221
67.755
59.0154
63.8567
59.9014
43.1232
50.4622
50.4095
52.8558
59.9973
48.3014
51.8429
53.244
53.6013
52.6878
50.9766
52.4432
54.4434
45.0279
54.4263
56.7802
52.2599
52.3065
48.0826
58.4332
44.4466
62.5827
68.6336
52.4022
46.4654
56.9423
55.4493
57.8214
62.8173
49.6371
59.022
47.3002
52.4631
54.5384
50.8533
61.2026
59.007
60.7991
51.6146
72.7102
49.7829
56.6966
74.673
51.8686
67.1
49.6844
45.8673
63.8646
41.9468
49.9114
59.6703
49.6077
63.6155
63.191
44.5416
64.3302
55.5977
52.2426
58.0714
60.8459
54.1551
64.1598
58.1874
50.7917
67.7546
76.812
48.7781
65.6963
83.1544
49.8859
51.3549
92.7232
76.3789
56.3325
55.4325
51.6216
59.7862
56.1625
62.3602
58.3181
56.9058
59.3714
54.9297
47.0171
48.5423
59.4384
67.1863
63.7487
67.5566
52.8007
44.1769
44.2807
48.5914
71.5468
75.5885
58.9384
56.2138
58.3201
56.3863
52.2631
55.3198
52.8714
55.9632
50.1928
51.2552
52.9359
70.9385
76.0446
60.9542
66.4297
45.3189
57.1275
59.248
41.0217
42.4
55.2122
58.316
36.1339
66.5811
52.3314
48.3141
49.5304
58.4773
51.6677
72.9898
59.4621
71.601
66.3129
41.884
58.4168
45.9045
64.6816
66.7755
74.4331
41.5507
68.6597
51.9953
75.737
119.498
62.3026
54.0283
64.9948
43.8454
71.1002
57.5575
58.8943
66.19
56.3974
46.888
50.1193
53.3994
55.5013
48.7779
72.4366
54.4626
62.0466
53.6282
36.9712
50.1036
55.1326
114.3
40.6804
58.9138
52.6954
48.8851
48.5716
51.2355
42.6251
87.4714
77.9414
54.4819
46.9545
47.8889
72.5568
84.5979
58.0633
61.1892
92.2222
69.3762
54.4684
64.8086
48.7717
54.7927
67.4852
50.0627
44.0556
70.7933
54.254
45.5452
46.3403
42.3521
58.5868
57.9924
59.4461
46.6183
55.1038
50.2173
56.9228
93.9942
42.7353
44.3304
58.9643
42.9496
60.4542
58.3218
70.243
57.6053
52.5625
51.9513
57.0075
51.131
58.1217
42.1835
60.5545
69.4059
48.8418
51.0489
47.3025
54.0612
119.338
56.7372
85.1593
53.9349
50.5591
49.7042
60.5225
50.5524
70.1633
51.5732
40.6733
63.8731
78.5098
54.131
47.283
73.5761
50.8331
70.4017
58.3202
77.7314
51.8252
57.6992
72.5091
66.0881
77.2787
53.9565
66.3006
68.2579
57.161
56.9687
59.0332
75.9401
49.718
50.3117
69.2529
56.2311
68.2235
65.7809
47.505
78.9186
60.7995
64.6644
54.0447
68.271
52.4653
56.5521
60.5874
59.6924
39.1974
54.9696
58.5393
52.9607
38.4076
70.1794
57.6577
70.8346
40.2313
41.9716
57.6957
62.8323
44.6748
69.5356
80.6646
72.653
69.3045
52.1662
69.6875
54.6458
85.5791
47.7802
75.5207
59.5007
48.3211
49.0926
65.9687
69.977
77.0685
62.5634
45.0481
89.3975
50.8634
65.5108
78.7656
73.1197
68.8006
56.1907
62.8013
55.4939
47.4818
66.5072
58.838
65.5178
44.5961
60.2925
51.1186
61.7487
56.6085
47.8114
73.5091
113.717
69.7006
67.1335
63.191
46.6212
51.5009
51.4853
48.4691
72.7552
48.4019
66.7944
58.2948
50.6112
103.078
55.4221
81.4389
52.1889
73.2007
49.1469
51.3747
47.9205
60.697
49.1622
64.7739
72.6591
99.7371
48.3339
55.4211
55.4185
71.7133
52.6214
59.3066
50.2099
51.5876
44.5875
54.5295
39.5695
70.9568
77.5269
66.6155
69.8
62.63
55.6559
73.6951
42.4226
50.7185
71.1491
60.7639
72.1471
73.8077
57.8557
52.2953
50.7401
55.09
76.6206
42.2989
66.6583
57.9663
69.5764
46.9344
49.831
57.1433
45.5326
101.618
56.8468
47.9692
54.5489
41.6894
59.0865
58.0029
49.3975
54.3864
51.1152
57.7078
61.3543
71.2725
56.3724
67.5904
47.5394
96.0175
78.2392
44.9112
60.9666
73.9147
42.4216
55.8212
83.3772
57.8979
47.7299
49.349
50.5076
95.6799
80.5076
51.1367
48.7591
79.7453
53.3437
69.8833
59.2209
57.9627
47.5908
57.9473
48.613
43.6622
49.3955
45.4485
70.3638
49.9163
39.7115
60.0029
54.0393
54.8868
74.0324
80.9309
66.0154
36.5412
60.1064
44.4085
52.5885
57.7238
54.635
51.647
56.3702
62.7407
51.4447
61.5424
72.0713
53.8643
51.1022
69.1105
63.4001
58.5968
65.9324
55.4212
56.4744
41.4539
66.1017
65.6798
59.1041
47.7352
73.2942
60.1068
76.6581
50.0221
48.4452
55.5223
42.3707
81.5414
85.0142
59.3305
49.5645
59.5926
68.1509
74.4559
61.6093
66.658
67.3349
74.6602
60.1904
60.7575
71.8694
62.3674
76.5386
50.1779
65.0044
47.4548
71.6598
65.4086
49.3891
48.3381
50.9644
54.6139
75.7967
71.835
54.5082
65.1362
40.36
67.4587
56.5152
61.0306
59.5401
46.9175
44.462
52.8715
52.8283
46.1177
36.1406
70.0875
57.4478
64.0979
64.7703
44.0329
51.1027
74.1763
58.8743
60.6197
59.9056
73.7945
71.0906
62.7887
81.9706
74.3794
53.416
47.3363
44.6702
52.1478
84.8549
41.8003
48.3943
43.7957
56.3338
62.2789
50.926
51.7921
42.6756
54.9321
51.2375
51.1066
65.6704
89.9415
63.3783
69.6939
51.1851
71.368
55.5786
99.52
91.8818
57.2476
53.2539
58.1752
41.1137
47.2318
43.3331
56.4405
63.1294
55.7241
48.1007
81.7628
105.466
55.6696
41.0253
42.5466
63.4931
46.1435
54.2466
51.4709
41.5014
59.8278
54.8184
59.2894
66.4505
47.6681
53.0898
62.2588
50.1746
54.0339
57.3969
66.5086
44.379
60.0114
52.0999
64.6517
59.1839
57.692
64.7638
43.2337
42.5062
75.3046
58.4845
55.1515
52.2709
60.4991
64.126
58.5432
53.9318
59.3674
46.5946
40.5789
55.891
44.1718
92.3374
65.8081
78.2463
62.659
64.8291
73.7487
47.072
77.1697
56.8879
74.2431
42.0415
66.5511
72.6493
60.7953
44.4118
61.6175
57.7388
46.3537
64.3892
60.0326
49.3764
55.6281
73.0658
42.0968
53.0458
65.6302
50.2037
45.1627
54.1032
72.1981
52.1598
75.4203
48.8056
74.7448
48.2043
52.8081
57.595
55.1391
47.3887
83.6746
35.4096
58.69
74.2365
53.6395
47.7892
55.2191
43.3194
46.6177
52.8588
47.2855
46.8473
40.1273
71.9451
46.8817
66.5644
53.5076
58.553
61.3347
61.1195
58.8219
55.8071
56.1666
53.7621
47.9524
57.5566
87.4812
55.8227
50.5349
51.4161
58.2058
72.9325
40.0994
67.3604
54.9046
55.0052
57.5673
38.9734
49.414
72.4311
68.785
56.2937
63.2117
66.6938
49.9794
50.6617
54.2619
47.4056
59.1091
45.4286
30.0998
49.8431
64.6831
49.3908
51.8649
61.3981
77.5545
43.0628
88.0344
67.7
84.8406
56.546
54.0544
70.281
61.361
76.7266
44.7783
60.4539
47.3879
73.7137
43.7687
35.3807
48.6137
75.5579
84.1249
66.27
61.3689
46.0835
77.57
63.4695
79.5999
70.9902
52.0324
66.9106
49.5721
72.9079
66.2101
90.6146
53.2479
53.562
76.5197
57.819
71.8618
72.4147
89.0471
56.1924
54.9068
57.3882
48.0475
54.4131
53.5979
66.2003
49.6184
87.7586
57.8812
39.9269
68.0996
55.0141
47.2347
41.5016
56.3786
57.7224
49.6744
65.0924
94.7147
54.1737
51.2028
61.1503
71.6696
51.8914
68.8273
61.5309
40.9107
53.7572
65.3666
40.8075
58.4843
61.6332
72.2696
54.5606
46.6015
43.4887
51.2726
73.2742
49.3878
50.7147
51.4031
42.6599
64.7984
81.4027
66.0253
69.5406
54.7142
41.7999
56.144
85.7719
78.1017
45.4253
47.5579
43.3213
92.5789
56.1938
49.5291
54.1966
52.9248
58.8966
52.239
82.5931
67.0859
57.2017
52.8713
44.7875
57.4815
78.3794
74.9908
72.2158
75.3466
48.5168
46.8688
44.0009
91.2196
44.0459
47.425
41.8644
51.9501
51.0187
63.0932
55.3395
50.8516
48.8941
59.6032
52.0782
68.2292
38.7639
55.4402
53.5644
77.7727
50.8094
64.4877
58.4295
44.2046
57.1913
48.1181
54.7059
52.4942
62.5707
47.3826
63.0944
72.2617
51.4261
44.3357
76.8178
50.7403
62.1181
62.5374
43.9492
56.1175
50.6992
53.9473
52.5688
62.0415
41.4848
51.819
63.0529
52.977
41.1088
77.9307
41.1404
48.6065
56.6648
47.5112
41.7003
59.8762
57.6337
101.479
59.4884
58.9059
78.726
57.6205
69.3787
47.738
61.8247
56.1116
70.0207
49.6459
54.365
61.432
49.9746
48.512
62.4023
67.0645
52.5736
93.1536
69.2394
56.8959
45.1133
47.1102
32.9888
64.556
41.2998
49.3153
106.112
44.2049
71.8972
46.2975
41.731
60.8075
66.6206
59.7854
53.7737
52.6158
42.4164
56.4055
68.5113
88.0532
63.2978
47.5119
43.12
57.1814
59.5016
69.6242
78.0693
62.9254
43.848
50.8498
51.0242
57.4734
53.7263
82.5305
47.6566
50.2334
40.7486
52.6259
57.1701
60.1669
54.9754
85.0033
51.7351
56.761
46.7768
55.8732
55.9338
55.0931
82.9149
58.0524
56.7801
65.0708
76.1475
59.6649
53.614
57.9937
55.3874
48.4815
46.6539
55.6421
66.595
52.0283
48.7146
42.8908
45.6955
46.9934
62.9897
47.4794
42.7187
58.7567
55.4054
45.4653
78.4581
43.0919
55.6497
57.6999
54.1388
48.5051
60.021
78.5388
38.2916
50.1107
59.8814
80.6341
50.3756
62.0715
61.8158
77.786
55.6744
45.4546
43.6858
53.5379
54.5621
90.3271
80.1412
102.543
39.5653
41.0027
59.4071
57.6036
61.5928
53.4246
46.7754
44.0757
62.6294
45.6703
56.3324
56.2236
49.8971
83.4452
39.7243
74.6167
44.1394
41.0761
58.1917
67.9742
39.1445
51.3921
63.9925
49.9466
51.2359
51.6007
46.4204
42.5419
49.6954
47.9859
58.8819
48.2383
43.9071
63.6986
69.5528
52.0467
61.3061
48.3111
55.0296
88.0413
69.2399
83.4025
45.8238
60.0347
57.5247
58.972
102.114
77.2741
58.8782
53.6678
48.6248
70.1935
56.9468
62.2082
66.9288
66.3758
67.4493
57.203
56.5987
54.1826
60.7318
45.8913
62.0807
49.6631
57.6571
51.4823
43.01
97.5668
43.1374
57.0664
69.5537
62.903
87.8969
53.6606
77.0871
97.9275
52.0741
55.0779
54.8202
72.4499
57.7582
50.8519
70.5325
60.8438
43.5133
54.6348
42.5938
65.2408
67.5806
55.166
62.81
70.427
70.9929
63.1159
51.8856
65.4124
65.815
69.0587
68.132
48.8888
71.011
50.5033
48.3303
57.5293
42.5293
55.1599
54.1035
55.3977
55.7342
48.3101
49.3439
55.876
67.0988
51.5059
43.8627
58.8014
63.3758
65.912
45.394
45.8246
57.6547
81.554
48.598
48.657
67.009
71.0538
45.0323
76.4938
50.3679
47.1928
59.4905
74.0066
66.2519
45.1437
71.0659
51.0732
45.495
92.7004
82.6168
60.6243
51.3411
48.8479
64.928
60.0021
62.814
54.3529
55.3488
63.4988
58.3411
56.5668
59.8914
66.3892
65.166
57.9744
64.7904
43.6497
61.4576
53.808
49.1574
57.8113
42.8219
38.4989
56.5386
48.6961
66.9213
54.8963
77.7848
58.2546
63.5527
52.2761
62.8839
51.4975
68.1373
75.3362
71.4044
49.1349
44.6
71.2869
53.1721
49.4925
71.0379
58.8998
53.4514
42.1317
59.0399
52.943
90.8397
53.7895
69.8747
50.1063
52.4221
103.77
57.7313
63.1555
79.3969
86.4882
80.8832
59.0275
56.4219
79.6912
71.5896
47.8186
75.1051
60.4385
70.3471
69.2504
63.0654
67.4891
53.0776
51.4755
58.9504
43.3203
62.3863
43.334
77.9988
47.5949
70.2019
45.9904
55.9311
42.0022
58.2946
90.6852
83.5131
46.6622
41.8394
56.5952
70.3907
59.6144
87.3642
59.3006
63.1135
46.2902
63.6371
52.0857
51.1751
87.995
64.28
57.0445
50.7119
62.751
50.0458
59.7155
46.1174
57.0681
56.062
63.4838
52.5648
68.4701
64.6555
44.5987
59.6698
