16.3266
16.8608
16.3601
17.0296
21.7514
18.0788
20.3958
18.973
21.3021
15.9792
18.9609
12.409
20.2803
19.136
16.4921
14.9334
13.3089
17.018
20.8653
15.5232
16.5405
14.7205
24.2716
17.8391
17.7755
19.8107
15.1935
19.8448
18.5599
20.8148
18.3633
13.164
17.1994
15.0516
24.1635
15.1531
15.6902
15.5129
17.6282
15.4055
23.4751
18.3434
18.2216
12.6596
15.085
18.2611
15.9387
19.795
16.2758
18.7335
16.3932
18.5094
17.9258
17.023
14.5037
20.4064
19.5347
17.1924
16.8069
15.5204
15.8218
16.4128
14.1464
18.3994
19.5413
20.7813
14.9365
15.5555
16.3381
18.0548
13.8317
18.5469
20.0071
15.4406
18.9776
15.7048
19.0632
13.2732
15.9376
23.7318
26.8557
14.5171
19.3873
20.173
14.3001
18.2454
26.4365
17.4896
14.5894
21.1217
17.5664
13.6021
17.4664
19.0808
16.2881
26.6374
20.2642
18.0807
13.3653
15.7467
20.7264
19.1714
16.8698
16.5378
14.5183
14.5724
21.8075
16.259
20.3594
14.8143
16.4406
12.8411
17.4957
20.3583
24.0613
14.9656
20.0151
19.3204
21.3044
16.3312
14.9339
17.8666
20.202
17.5066
21.6654
15.8041
17.5134
21.4713
13.4921
12.3777
14.7704
20.5463
20.2083
16.9345
18.5877
16.5525
18.0191
20.4076
23.2746
21.575
17.3188
18.9206
18.839
20.3502
17.0653
22.2241
20.3627
16.7103
15.1364
18.3404
14.7094
18.3108
22.0151
18.6668
18.1952
22.7149
16.1649
14.1003
16.4974
20.5581
17.5915
20.423
19.957
14.7754
23.6067
30.3298
15.7964
17.6339
20.3099
18.8854
17.0024
16.4547
18.7137
17.7679
16.2187
18.4524
21.1786
14.2124
18.1101
15.0039
24.9796
16.2541
18.6997
17.1739
18.9283
24.3807
19.4038
16.2647
17.8012
17.828
20.0141
18.1614
13.8608
15.3947
21.6266
18.9249
17.3123
18.2428
18.1021
15.404
19.5383
15.0504
14.4556
17.3264
15.322
14.3483
18.7347
16.4567
16.9561
15.3858
16.4467
15.6725
20.324
15.64
15.8328
20.0851
27.185
16.3333
18.6183
18.8068
16.6215
19.6285
15.4098
17.0435
19.837
18.0597
21.7629
17.7375
19.3736
16.1321
16.9685
16.505
21.458
16.9844
16.1993
16.3485
14.8792
20.5207
22.4311
17.3055
15.3125
18.1838
20.5573
17.8144
15.8715
16.7777
16.4729
15.0822
15.8807
13.6321
21.2999
18.9898
14.1279
21.4171
23.1624
18.3756
20.629
18.1342
13.9051
17.8411
25.7106
16.9367
15.0968
15.964
20.7862
16.0576
14.9044
27.4068
16.336
17.766
19.5123
19.0513
17.5667
13.9859
17.1287
22.0538
20.8405
19.7581
14.9637
20.7134
17.3428
23.2667
19.9371
18.5888
15.1178
18.3913
18.6702
17.2791
17.7916
16.9958
18.0988
21.0913
23.5427
23.6469
19.698
17.3294
14.6275
15.6763
13.798
19.1461
23.5211
18.7698
22.1888
19.0842
18.7456
20.2542
17.551
18.3949
16.4528
17.2998
18.2156
16.4899
14.7566
18.6227
20.0704
13.6087
19.7851
13.9213
14.1455
18.8634
19.4132
16.2217
16.5488
13.9018
13.9456
14.6871
18.9582
40.2085
18.3158
19.0741
18.0088
14.6423
20.2374
17.3355
13.3389
20.2297
18.4643
20.0213
25.8198
17.6479
15.3555
29.0677
15.7544
18.9979
17.383
16.1124
17.2304
25.6845
15.7038
17.7346
18.6059
16.1446
28.8258
11.8572
18.6541
13.4112
15.5828
16.5764
15.1627
14.6815
22.9911
16.9955
20.6116
22.0759
17.2987
15.8568
17.1517
18.3874
17.8673
17.696
18.982
18.0409
18.3131
17.2867
19.3034
18.4238
13.5832
20.0721
25.9791
15.1157
17.327
14.3144
17.8981
19.1666
15.7597
19.7863
15.9246
16.1027
21.5372
17.2032
16.7767
15.4546
21.3378
12.8905
19.6071
13.9579
17.8772
16.911
16.124
15.8586
18.0322
16.0913
17.5858
16.6702
15.9248
19.9087
17.6932
23.609
17.4301
13.8665
19.4515
26.4347
14.5799
17.6731
16.9887
19.6652
24.194
13.0042
15.809
15.8986
18.4589
18.8037
15.9728
19.4019
14.9515
21.4739
17.2384
16.9116
18.6356
15.317
17.0472
20.5071
15.3354
17.1575
23.0774
18.6982
14.2732
13.672
15.3124
16.8455
16.0582
16.054
17.4461
16.2465
30.4826
13.9856
13.9722
12.4496
15.397
25.9897
18.8772
14.206
14.2013
18.7954
13.0249
17.247
21.9787
17.2481
19.3416
20.0893
22.8761
16.1374
18.5122
25.7355
14.4198
19.2915
15.2265
14.0483
15.3779
16.186
15.2578
19.0255
21.0667
15.989
17.2003
21.3193
16.1728
14.9375
15.8591
13.7261
13.9607
18.3517
15.4912
25.4039
15.1816
18.5575
19.7758
31.8407
20.0237
16.4094
17.8746
16.523
20.7022
16.7896
12.7716
19.6286
17.8696
18.5605
18.2872
16.6961
18.7913
14.9945
19.6011
17.1155
17.4564
21.2863
31.9277
16.4077
17.554
14.7501
16.3175
24.4046
16.1447
20.7007
17.1327
15.4677
17.8927
14.86
16.2722
17.2045
16.7811
25.7088
18.9781
17.1323
16.9357
19.629
15.1675
13.3283
12.1027
19.1533
14.0443
15.274
18.9846
15.7813
17.5998
17.1183
15.9282
20.5186
20.5755
19.3234
16.6136
16.9637
17.7242
17.0041
16.1084
15.9011
16.1811
15.8694
19.1014
16.8291
21.0321
14.8753
15.545
17.5639
16.9452
12.596
20.4721
15.9464
16.584
15.1969
15.5905
17.3758
15.3883
26.7652
16.1238
18.6543
16.5675
16.611
19.572
17.7282
18.438
18.4857
15.7644
11.9612
21.1552
14.9198
17.5243
21.1627
20.5063
16.817
13.988
26.7396
23.4609
21.7891
15.1176
17.0071
15.174
18.8679
15.3109
17.5311
19.7639
14.5512
13.4711
16.0624
15.3047
16.7027
15.4652
12.6089
15.0281
19.2498
20.6946
17.1963
24.1558
18.1811
17.8869
22.1818
20.6445
12.7427
15.3629
18.1129
15.0557
17.6476
16.5552
15.893
22.413
17.1516
15.4636
14.9188
15.9955
18.6308
20.4345
16.6754
14.0724
16.1386
17.1976
14.54
22.1486
12.9918
14.0342
16.5706
22.8025
15.6032
27.3966
33.7862
13.4669
21.749
20.6621
14.3943
17.3642
19.2303
21.8151
14.7503
15.512
16.7938
16.7254
15.931
17.8285
19.2039
22.0913
25.4923
16.7517
21.9068
15.184
17.0095
14.3388
20.4806
20.1498
18.165
15.3314
18.6132
15.3583
17.9171
18.0942
16.8367
15.6408
21.511
16.7248
19.5637
12.4848
15.7145
14.1948
19.0333
17.8175
16.4532
18.8228
17.9111
19.532
20.3021
25.0444
17.029
14.6999
19.4203
17.7591
19.36
14.4384
15.4574
15.1538
23.1555
13.502
16.0437
22.4468
17.4177
22.9086
21.2808
16.6123
14.5082
14.9678
13.9681
20.0088
24.7757
19.7833
17.0669
23.448
16.8659
15.9869
17.0399
18.1165
17.4045
20.7853
18.1721
15.4122
13.4566
15.572
20.1893
18.2996
14.7948
18.0058
27.8558
19.5094
15.9912
19.3816
16.8116
16.4085
17.4405
20.7345
14.544
17.6409
15.2971
16.9189
16.3167
15.8168
18.9362
19.1893
16.7425
19.5385
17.7184
14.3
15.2376
18.1798
23.5954
20.6023
16.4514
15.4169
17.0133
17.4244
18.3777
16.1258
15.882
22.1882
17.3992
17.0034
21.5252
22.3984
17.3986
16.1574
13.9284
19.8388
16.7248
16.7663
15.5615
16.5923
21.7593
23.034
15.6158
21.9064
15.6964
17.7855
24.0208
12.2149
18.5778
14.4275
15.6483
20.6244
19.5688
17.6539
19.7541
16.0589
18.8248
16.6134
18.0575
15.0754
16.93
24.4706
15.5984
18.9177
15.9143
21.7781
19.7076
19.6623
18.0231
16.0874
34.0086
16.423
17.6971
21.2353
21.911
16.2008
21.3212
16.1042
18.7588
14.2601
18.3934
20.3656
19.9682
13.9426
19.3735
21.3851
19.5316
18.0083
20.8846
17.4687
18.0693
17.699
19.4379
18.6979
19.3066
17.1865
18.007
19.8613
21.0907
17.2962
17.9941
23.5131
19.9507
16.8336
17.6271
15.2252
18.0259
17.9514
18.1336
13.4978
15.8488
17.2829
14.5977
17.2565
19.5012
15.1912
15.4154
21.0342
21.3686
20.3465
14.0592
14.913
15.7922
18.4858
36.4446
16.5495
19.676
18.479
13.6199
21.1142
18.0946
20.449
16.5627
24.3282
20.1051
15.8818
16.5682
19.2492
31.9884
24.1937
14.2305
20.0207
16.926
17.0288
20.33
14.3975
16.7456
15.2531
15.8797
17.9181
17.0099
23.2603
20.212
18.3713
16.7574
15.2645
18.3927
17.5519
19.9327
16.1478
17.1863
27.8065
22.0151
15.921
21.3837
19.1376
15.8709
17.2838
13.5554
20.5003
15.6179
16.7366
20.7352
19.4984
23.8295
14.6706
19.1297
17.3885
16.8131
14.4008
18.7684
18.976
15.976
17.3838
18.3192
22.3199
18.1244
21.3065
16.605
19.1203
14.5988
18.298
18.5937
15.1501
22.3626
15.7892
15.4209
25.8067
17.9666
19.6902
15.1714
18.9341
15.895
16.8192
15.9888
18.7887
25.7305
16.6859
18.4355
19.3762
14.1857
22.3256
17.2396
14.5868
16.3378
13.2757
15.0876
16.0039
21.9142
21.0036
16.9464
18.5679
18.9594
17.635
15.4756
17.546
18.8891
22.3323
18.5625
19.8938
18.4516
16.5993
12.5054
18.2027
16.3556
16.3021
25.7049
17.849
17.5568
17.8273
18.9525
14.2264
16.6506
13.0423
13.0982
16.2148
17.9694
16.5956
24.2335
13.9389
15.0889
15.692
21.2687
18.4401
15.5416
19.7517
22.2686
16.0511
17.5825
17.9439
17.4244
18.0231
18.7192
15.6709
13.8916
16.4534
14.4213
15.8477
17.8379
15.9035
16.0701
20.1548
16.8399
16.6799
18.8258
18.6433
25.5828
18.5094
29.3751
17.5509
19.2259
22.1135
22.6904
26.6521
19.5564
18.0907
20.4937
15.0431
15.0507
15.1413
15.1469
14.3702
16.8857
18.7933
16.2841
16.3765
17.6263
18.8066
17.8031
16.7518
16.8172
22.5438
19.384
16.5947
18.3418
12.6023
17.5536
27.5334
15.1614
20.0536
17.8843
15.8386
17.7609
14.3913
23.3633
17.685
18.8395
18.6974
19.9587
20.6403
13.8826
14.8316
31.0555
16.2212
18.7472
16.2008
17.1325
16.7483
16.6216
16.7914
29.6931
19.0271
20.0626
13.475
19.5846
14.1252
14.4516
20.7369
24.9212
18.6596
18.4979
13.5356
16.2844
20.2923
19.9021
13.9165
15.3099
15.4862
16.4691
19.1394
20.8478
19.6677
19.743
19.9399
16.5431
16.9459
22.8682
15.5822
16.6002
21.7169
13.8717
14.2338
13.0053
17.8053
15.0805
17.1825
16.9037
16.9736
16.3877
22.2282
20.4027
24.0538
20.9103
15.2434
20.0427
11.3614
17.2215
15.585
15.9297
16.5651
17.5008
17.9315
15.6758
18.1284
13.1229
17.3379
16.8913
19.4078
20.1151
18.9466
14.1618
22.1514
12.2098
17.4966
18.1604
16.733
15.0465
15.0691
16.8022
16.3652
18.9843
18.1983
17.3183
15.0835
15.6483
20.5892
16.2492
12.5492
18.6912
17.5384
17.9041
16.6672
18.326
21.4832
22.0874
16.9048
15.2039
15.2204
20.7156
25.1067
19.8237
15.1261
15.0124
16.1297
13.396
15.3987
20.9967
14.9337
14.1242
14.061
20.3504
24.5286
15.17
17.3989
16.7854
15.2282
23.5766
19.915
15.0392
19.1971
16.2458
18.6314
17.2373
15.2667
17.9898
24.4836
14.37
17.1566
23.7947
19.9677
15.7293
16.7502
18.1322
19.1287
14.0027
14.9005
14.8439
14.9868
20.2294
17.3063
15.6848
16.143
18.9629
17.958
17.0393
14.0595
20.486
15.7001
17.0127
15.9309
19.3221
17.778
19.7388
18.9434
18.338
16.0284
16.2786
19.537
14.3703
17.3254
18.516
13.0137
16.0648
16.8807
19.4887
20.5193
17.2927
18.2621
22.3143
15.2835
25.3975
16.652
19.1203
20.6409
21.761
21.1676
17.0921
15.458
20.2238
19.4707
16.9118
13.5076
18.4638
16.292
18.0052
16.0366
19.864
18.1973
23.26
22.8958
17.0974
12.9282
16.9921
19.3898
17.5934
18.8299
22.2973
20.422
17.5025
17.3998
18.1718
20.2923
15.528
19.6335
18.8545
20.093
19.6285
21.6478
20.8818
18.8835
20.1463
15.3509
21.049
18.3028
23.9631
14.6033
13.9191
18.0361
13.7143
19.4992
16.2849
18.7804
15.0908
22.5812
15.7474
17.5616
18.7463
16.8218
19.6006
17.9638
18.3249
17.1062
20.0281
16.7555
13.9954
22.9441
18.3798
14.8289
25.3601
16.2222
18.6567
20.7795
17.2241
16.6682
15.9479
14.8552
18.1179
16.3823
14.5825
19.7087
28.2555
18.1871
17.7807
18.4974
15.6412
18.8171
18.6706
15.505
20.5361
15.3519
19.7763
21.4197
17.8273
20.2661
18.4687
15.2768
18.56
14.1398
15.7296
16.9697
17.7082
14.5072
16.6821
18.4308
15.5501
16.358
15.649
16.3396
18.9935
20.2192
18.4544
18.1699
15.3305
17.7488
14.6423
17.9653
17.4759
18.3541
17.6942
13.0424
19.286
14.0267
14.1528
16.0056
16.9612
17.9232
20.7949
28.0866
16.6392
16.7305
18.0513
18.3791
16.7222
17.9407
16.0858
21.6372
16.188
16.649
18.209
18.3874
18.4396
18.7044
17.3568
16.7358
15.1471
16.222
17.5066
21.227
16.7533
14.854
15.7178
16.1215
19.1391
15.3801
15.4586
15.5238
17.8909
17.5357
15.1505
17.1214
22.7629
18.983
16.1433
14.2067
21.3612
17.7272
21.4106
19.1028
17.8198
16.8351
22.8618
26.9931
16.5012
14.6477
16.8803
17.0643
13.3198
18.3872
16.0932
16.1118
17.6359
20.0236
22.0306
16.4785
19.8684
18.0568
15.3997
17.1575
17.9599
21.425
17.2729
18.7721
17.2526
16.1366
14.821
14.6678
16.9403
13.9339
23.4006
16.5428
16.724
24.5602
17.2282
16.6632
14.6186
14.8926
17.979
12.2847
17.7215
16.4037
21.2147
20.9491
18.1637
15.9895
17.0805
14.3154
16.6751
19.7745
16.122
18.0238
24.2936
22.4305
17.2973
13.5977
17.6642
17.5603
15.877
19.1596
16.9583
16.5204
14.8805
22.6117
18.7072
18.4384
17.6574
20.15
18.6827
23.5304
21.5569
18.0993
15.1888
17.828
27.7362
16.853
18.4895
13.9619
18.722
14.9218
15.5625
20.6356
20.1022
16.4374
19.962
12.4256
12.6148
18.6161
18.8357
28.2392
15.8891
21.5627
22.4141
16.6302
16.1634
25.1639
17.8463
15.2182
12.3203
24.0056
17.3597
12.7765
26.2361
21.0841
14.3082
20.1038
16.8914
16.6394
17.0946
17.1373
16.7092
20.7258
15.6448
16.5658
15.9462
19.1911
16.2196
15.3342
17.8308
16.3512
20.9398
18.6163
17.5593
21.3618
18.706
15.2672
13.0756
19.184
13.698
21.3434
17.099
17.7073
14.4689
16.5541
15.6025
15.8257
19.5492
16.5362
21.675
14.4278
17.0668
16.6918
20.1167
14.0654
17.9898
12.3543
19.5799
15.1279
17.6534
19.0725
19.5024
22.7795
17.9235
13.1219
17.7518
15.5673
17.5725
18.1752
15.4611
13.1017
15.0584
19.7701
20.227
15.5574
19.6485
24.8159
21.494
18.0748
15.9255
14.5621
13.0594
18.0905
17.226
16.0051
18.1471
17.958
17.1056
16.9954
28.3973
22.5282
14.5826
16.7369
15.5229
19.1399
15.6302
16.6003
14.0092
25.1401
19.2235
16.4267
17.7134
17.0795
16.6732
16.8906
16.6178
21.7313
21.4133
17.6713
17.2097
23.6121
16.2135
14.3047
20.4483
18.6038
20.7699
16.5897
17.5429
17.1855
18.74
22.967
17.1683
13.7439
21.9411
15.2978
28.3349
18.8057
24.6364
15.6841
14.357
18.2816
23.6683
19.7938
15.4692
19.8868
17.9731
15.0565
15.1547
14.8153
22.6389
21.0487
22.2095
18.2272
14.1632
15.7722
20.9894
18.1095
28.0399
15.345
21.4605
17.0877
16.7502
15.0129
21.1326
20.7524
18.6928
18.2242
16.2411
18.7803
19.1739
22.0161
18.8995
15.2718
26.435
17.8708
15.6507
16.2506
13.8741
24.8962
14.4663
22.0165
16.5159
11.4399
23.4791
18.8701
20.0315
20.4016
14.7554
19.8122
18.3809
23.0941
14.8933
15.7088
23.0788
15.6241
16.417
15.5817
18.5472
17.3511
27.6664
15.3683
14.7777
15.9993
19.6841
14.9264
18.3881
15.0617
17.2489
25.2227
29.3241
13.7679
16.3918
18.3598
15.8387
14.5786
20.1706
13.7788
23.6725
13.4838
20.0984
18.109
15.4757
16.5824
14.5867
17.28
16.1047
16.8598
20.2314
19.4484
20.476
16.7247
16.3891
19.5625
14.1779
19.3654
19.6881
17.997
14.9081
22.6312
34.8192
19.1337
15.7783
16.5929
22.47
22.6443
21.9868
16.6553
20.3898
16.6527
22.6061
19.5976
22.1738
19.7933
19.073
31.3619
24.7062
19.1384
16.5586
18.1331
15.418
16.185
14.0904
15.9907
25.4587
15.9025
16.2285
14.628
15.8066
16.3609
16.6834
17.1413
13.7769
22.7111
15.0931
19.4902
19.9818
12.1303
16.0331
17.6531
15.4071
16.7622
14.4928
15.2836
20.0218
19.044
13.2067
18.5883
15.4938
16.4852
16.7777
17.914
23.5949
18.1776
18.163
26.2846
17.1636
24.6274
17.6996
20.415
15.2665
20.9495
15.2347
18.857
16.2055
21.4553
15.8111
18.7271
23.1084
19.259
16.4835
14.8771
12.6343
17.5727
14.998
18.9444
17.8126
20.1393
12.5944
17.9148
17.7195
18.5077
18.565
12.5868
16.6806
17.2134
19.0626
20.7237
21.2387
14.9987
20.3531
15.2495
13.218
25.7478
12.4981
15.8531
19.7976
14.2895
20.1511
21.2348
13.2625
20.8202
21.7421
17.8914
19.8653
21.1018
19.0819
18.3563
17.6988
21.1891
15.4204
17.688
18.5406
18.9403
21.0405
18.2147
19.6808
21.8943
15.7979
19.9421
18.5189
17.7688
17.9087
14.8975
14.2814
13.8038
19.3533
18.3356
18.359
16.7066
18.9059
12.9596
17.7368
16.3466
17.3334
18.1511
14.3938
17.9265
19.6317
19.611
22.2808
15.431
19.7232
17.028
15.7158
14.3786
18.1627
17.1013
17.8452
16.3533
19.515
21.073
14.1454
16.4255
19.6434
21.9776
15.3321
20.3264
20.1028
18.7462
16.8735
17.6642
15.6553
12.8568
15.0793
13.6704
15.8336
12.6763
16.5674
17.9275
20.0544
16.0709
20.0137
20.2248
14.8728
17.1628
17.9366
23.5514
15.2767
15.5708
18.1572
17.8047
20.5225
15.3771
19.3394
22.6444
21.2232
15.0988
15.6176
14.8226
16.6466
18.0611
15.7327
15.0994
16.0773
22.6168
20.0952
26.4791
18.7915
16.2239
15.0739
17.7819
21.187
16.7117
17.4354
22.8341
17.27
18.1262
19.9026
19.703
14.6417
19.2796
14.2536
22.2271
18.5871
18.6635
15.7639
15.0394
17.4574
12.6232
18.4986
21.4454
18.9155
14.983
21.4124
17.254
18.1066
15.427
19.3099
17.3288
16.6003
17.9957
15.8566
16.841
15.8761
22.0603
17.5999
15.7571
15.8514
18.4326
16.0445
20.0439
18.171
16.2092
15.7593
17.2684
18.3357
16.1292
16.3632
18.5788
15.8396
16.7358
17.3665
13.9877
17.2803
21.1919
13.3262
18.0024
14.3635
19.9825
21.0346
18.0289
19.3618
22.6542
16.3554
19.2344
16.8035
15.7162
19.5168
18.4528
21.616
16.1917
25.4983
19.1752
20.0099
19.5396
19.7938
17.3686
15.0709
19.7897
16.2317
20.9573
17.954
15.5785
26.0279
17.3139
22.6966
19.8285
18.539
13.5631
18.7292
22.4239
17.8964
21.0546
19.0929
18.1463
17.634
14.5264
17.5453
14.767
14.4189
15.5689
16.0364
15.1582
19.4251
15.6951
19.9921
17.5354
19.8775
18.0097
24.5626
21.647
14.6148
16.115
15.9735
15.8047
15.2464
20.4012
19.303
16.9862
22.2813
15.5598
19.1652
14.1181
14.1586
22.966
15.9492
20.21
21.5511
20.209
15.8021
18.0813
14.7748
17.1163
17.1447
20.6303
20.1861
21.5441
17.7358
14.8964
14.7899
20.0431
19.0739
27.1483
20.5414
14.482
16.3586
16.1215
17.0939
18.3512
19.0456
15.861
17.3884
13.2666
20.2248
15.8648
24.3102
17.3399
12.638
19.3499
17.0869
13.2797
16.4861
16.8537
31.1911
17.1895
20.8674
14.0684
20.5403
17.992
14.3375
15.1869
16.6829
15.1158
13.8924
17.28
24.1806
15.8841
22.7759
20.0232
15.6557
22.4253
19.9979
15.4055
18.9307
16.6815
18.1674
17.4888
18.5853
19.5953
24.4772
33.8884
17.2966
18.5574
13.4775
25.4075
13.7968
21.6766
18.9961
13.8723
17.6688
16.031
17.3796
19.462
18.2065
17.1777
17.0774
18.1406
19.4312
19.8056
16.5454
15.8119
17.331
18.1476
14.978
18.1506
16.2295
27.5744
16.9256
15.7557
14.6248
15.7064
25.8638
18.6028
15.8526
19.8223
14.4424
17.6593
19.8989
21.2811
16.7471
16.5082
20.8407
22.1021
16.0881
17.3146
13.4713
14.1756
24.5805
26.0791
16.769
17.0831
15.1141
14.7572
21.0282
19.4494
18.8977
22.2896
22.3539
20.1941
16.7684
18.4294
17.1498
21.068
18.0396
17.1159
15.4835
17.9849
22.0732
14.9627
14.5329
15.7465
25.018
33.232
18.1379
20.5367
17.5239
22.636
15.7346
16.8081
14.6843
13.4908
16.0987
18.9902
19.1055
19.5144
24.3678
17.4409
16.3211
14.3864
19.1157
16.3853
19.3716
20.0508
14.8431
19.0941
19.1309
16.855
21.1623
21.4492
14.857
15.8553
17.5635
27.8919
16.485
16.6115
16.1243
18.4044
14.053
16.9888
12.3321
18.9382
17.6054
18.542
26.0257
15.4061
14.1336
15.2356
13.31
15.6132
16.9169
16.2225
18.2726
19.7833
14.8868
16.6226
20.0274
18.9663
15.3374
18.4993
14.9339
17.7698
15.3239
17.2176
23.9708
16.5975
15.4565
15.0012
18.2631
14.3637
15.2688
15.0153
20.3406
18.2452
13.6949
35.7065
14.2074
19.6072
16.7408
19.0665
19.2295
18.2306
12.6522
23.6862
17.0982
29.8219
17.1232
18.1748
14.1386
14.7857
16.1422
23.8347
18.6958
16.9425
17.6148
20.2167
15.4283
25.1152
20.0332
16.1891
18.1506
15.157
18.6972
16.3187
16.9232
19.7335
14.0903
27.8942
20.722
12.6885
18.449
13.5767
20.219
14.303
18.7226
15.9361
18.1875
16.8239
17.2141
15.0643
11.0913
16.1575
14.5461
17.0486
17.9121
15.7585
16.726
15.8097
20.121
18.7707
16.2353
17.077
18.9271
15.911
19.3216
18.9656
16.5422
19.7335
18.2416
19.545
22.9792
18.4458
15.9693
15.6449
20.7502
17.5742
16.1856
16.8964
18.0013
21.4135
20.8754
15.6206
14.8359
15.4481
14.4743
15.9532
15.5926
18.0338
24.3656
23.8773
16.9676
24.0743
12.141
19.3535
16.3877
15.1991
14.1916
27.5722
20.6091
19.4187
16.9799
19.3897
14.8691
15.5219
14.2471
17.5537
14.7193
18.1196
16.0395
21.9621
18.5458
25.3866
16.2955
25.9987
16.4454
14.9035
18.6498
17.9382
15.6981
20.4642
27.0921
16.2536
15.6896
18.0948
14.5385
20.6244
21.2662
15.9763
16.3869
17.9611
28.0442
16.1786
18.1996
18.8159
20.7271
15.6135
13.5093
16.8034
17.2914
18.3625
17.6394
17.2004
15.6235
15.0915
19.991
15.0258
17.8293
17.6242
16.502
21.8332
22.8843
18.7802
14.8216
16.0686
17.706
17.1157
14.2851
18.1379
20.44
13.3594
18.2544
19.9576
19.4868
15.993
18.3333
12.6916
15.1747
27.392
15.6293
15.0367
21.1122
13.9052
17.3152
21.765
20.2424
13.9943
13.538
15.6805
19.5164
14.9051
18.4605
25.0022
18.9436
14.8713
17.3045
16.0092
17.9638
14.4727
11.9547
23.8266
17.7482
18.5646
18.9548
16.8445
24.4646
20.4997
21.665
14.7486
14.233
15.6288
12.6265
13.8279
16.3166
17.6654
17.5875
20.716
16.1806
14.8131
16.9655
17.5809
18.0896
18.9956
15.9875
19.7302
14.2117
18.5518
22.1425
23.687
23.013
20.338
17.2971
20.9733
17.9868
14.1267
14.2585
27.1034
17.2511
14.2038
15.6184
18.2279
18.1454
17.9969
19.6853
15.4533
19.5855
15.9473
21.101
15.9236
18.2821
20.6473
15.3922
22.0167
34.8746
15.2256
24.4125
18.3679
18.1175
16.2273
21.0378
15.7153
15.9122
17.3917
23.3569
17.6934
14.3881
16.3109
20.7686
18.4937
15.0491
17.5441
17.5777
16.1478
16.8448
16.3063
13.4927
17.2503
17.6341
17.043
15.4953
14.5645
18.1199
18.2876
17.5486
21.3524
14.4294
18.6966
16.4904
16.9169
21.656
15.9038
18.5975
22.1541
16.4449
19.6021
16.9192
15.9828
19.3447
18.0533
19.4625
19.6447
15.0136
13.9799
23.5848
12.5522
15.9148
18.4423
15.5627
19.4261
16.0796
17.7229
18.139
16.7521
22.1451
18.2039
21.0941
15.4796
20.9519
14.5504
15.137
20.7812
18.7719
20.2548
13.8998
22.1255
19.4239
18.6355
20.465
16.6218
16.7196
19.0221
18.1248
20.3552
17.0897
15.8542
16.5674
16.7648
21.642
14.0064
20.0545
18.2354
16.7183
19.4747
16.2052
21.7865
20.1406
18.3087
13.7009
18.3556
17.1166
15.622
24.3408
18.3792
20.9897
18.764
18.3728
17.2246
18.256
20.185
22.2014
15.7234
17.9537
14.9725
14.9098
17.8209
15.5156
16.5552
20.2464
16.327
18.684
16.509
16.7
17.8427
15.3287
17.2526
19.4757
16.1291
21.0597
14.7725
19.0381
19.1855
13.2393
22.5644
16.8826
19.4962
14.6889
20.2012
15.8717
14.1642
18.684
15.39
15.1993
17.6744
15.0435
18.7099
15.4006
17.8892
19.6716
14.7654
18.6798
21.0592
20.8983
17.7004
25.1402
19.4493
17.4879
13.3689
18.5844
19.7058
20.8436
19.3787
27.3021
20.5283
15.3141
16.8253
18.8146
24.9743
17.914
19.0719
18.7416
21.7798
14.6927
18.7814
19.9776
18.4161
18.0935
15.8206
16.8448
16.5355
17.2845
15.4187
15.5309
23.1848
20.7483
15.1626
24.7104
15.9098
15.8006
15.5442
19.0538
14.8551
17.2638
14.295
18.8224
19.2068
19.3767
15.6015
15.9521
15.2394
19.2885
18.0291
16.7671
19.2132
12.961
16.7035
18.1552
16.3343
22.4992
14.7105
17.2645
17.5764
19.5382
16.9157
14.8197
22.7932
13.4499
17.3145
17.3199
13.1283
17.7686
22.3695
21.6894
21.8723
13.5257
17.2904
20.9409
20.5488
20.2435
17.3504
23.4159
18.4838
20.0903
16.3436
21.8045
14.0722
20.3188
17.3699
20.0935
20.2035
14.9559
19.4893
15.5498
16.97
15.8486
17.8631
18.7935
16.5594
20.1822
20.5032
16.3286
15.3579
18.1008
15.5359
17.8919
23.254
19.9261
16.4197
15.9894
14.0911
16.6016
18.6632
18.8961
19.3916
22.6574
21.5904
16.0602
14.5744
15.6888
21.6644
17.0818
20.2025
16.8489
22.5379
13.4858
20.3552
14.9959
19.2458
21.3674
17.1
15.9043
14.3897
15.3241
15.2328
14.2713
20.2623
16.4171
13.6331
17.257
19.793
17.4484
19.1612
20.8314
16.302
17.1916
15.7385
16.9613
16.6545
20.0023
13.6976
16.8531
16.2342
13.2869
21.3511
13.9571
17.8132
15.5396
16.4215
15.5675
13.0384
16.9238
12.8019
14.4279
23.0598
22.071
19.5681
16.2947
15.3113
15.6647
25.6996
20.9234
13.2942
19.2403
17.9425
16.2311
15.1952
16.0733
18.0522
15.3803
17.7658
29.7603
22.8395
17.6397
23.7855
16.6937
23.0881
16.3522
19.8456
15.1952
22.8353
18.4064
23.5971
16.0731
16.8572
19.5697
18.9617
13.1328
25.6114
18.475
20.5008
12.0355
17.1737
16.9275
14.6512
24.3744
27.254
14.7085
17.4076
14.7383
20.6019
17.2036
31.1167
20.7597
14.3845
14.8203
21.3414
28.8714
18.1143
14.9881
20.1136
21.0724
13.6125
17.457
14.9679
23.5615
20.6163
33.0246
20.6374
21.0199
16.2023
21.5147
17.5405
16.0476
27.5246
17.2782
18.7961
16.3088
15.2184
14.9822
21.7701
16.9024
21.4249
17.9811
17.5116
20.2815
18.6927
14.935
23.9839
15.856
26.2284
21.8462
19.2129
22.505
20.917
22.0272
17.115
15.8532
16.6473
19.05
16.7094
20.8486
15.3385
16.8064
15.3377
14.0959
16.1428
14.8631
17.9273
18.6453
18.7808
13.6965
15.1764
15.3241
17.8664
19.4394
22.6465
15.5667
13.9292
21.1065
22.7971
15.1616
20.0936
19.1623
20.1194
15.6901
20.8066
23.7414
24.446
14.548
17.5548
14.9796
26.9324
15.1021
17.484
13.3617
18.6817
15.6218
23.2316
20.9876
17.7399
14.0074
16.6737
15.8548
20.0579
17.5419
18.9045
21.9053
21.2864
19.082
16.4643
15.8785
22.1768
19.6913
16.1425
19.2611
20.2619
18.963
16.4108
14.7229
17.6304
16.2484
16.9336
14.6507
19.6043
15.384
14.7088
17.2963
20.9478
14.8748
15.5288
16.4657
18.6564
21.0311
23.0318
30.0228
16.1796
15.0784
17.3462
16.2214
15.0594
30.3195
18.4095
16.7623
16.2585
22.616
17.3118
22.3823
25.4601
15.9615
17.7534
16.4553
14.5948
18.0124
15.4475
16.4812
15.5456
17.7788
19.5778
17.1722
16.4213
18.889
17.8106
16.6712
15.3561
20.3379
21.5611
15.0727
16.8997
16.0947
21.3795
18.1769
17.3052
22.6243
15.6554
14.0612
15.7911
17.7479
15.8637
15.8324
16.2726
15.2762
24.2153
14.9294
20.3117
17.074
16.0526
23.74
15.8855
16.4206
18.6403
17.8701
22.2542
24.6789
18.5749
22.5657
22.1103
17.4907
17.5462
16.9386
17.6331
19.5725
16.5741
18.0638
26.9211
26.2284
15.8028
19.5389
17.9314
21.994
18.0114
15.0439
18.6138
18.0644
29.6693
15.9453
12.8443
16.5676
20.5765
15.3297
16.219
15.9011
17.7366
17.5755
17.0558
12.8032
16.2785
17.8822
16.855
19.4253
17.7706
19.7608
14.7948
17.7239
15.2485
15.4867
19.4472
16.228
20.7298
23.7312
14.5966
23.4522
20.9085
17.6101
18.5699
17.3138
23.4949
13.9826
16.8634
16.0661
23.2391
13.4255
14.9092
21.2501
19.5316
15.5751
16.6699
17.8278
14.0536
14.1881
17.1459
14.3472
16.7708
26.4662
16.3611
14.3083
18.5647
19.9302
23.0366
20.1409
19.9456
14.4703
16.3645
19.7541
18.6771
18.2244
20.0868
13.9758
17.9143
20.7279
19.3894
15.827
18.7044
18.2525
18.3824
14.7609
24.1974
22.8952
16.1595
16.4864
14.5261
18.5856
21.2728
15.7374
22.2368
17.0085
21.4444
20.6462
21.7211
17.221
19.1055
18.7204
16.1873
13.541
18.9464
16.5902
18.0365
15.234
17.1043
17.0951
23.0041
18.7876
24.3782
17.5178
18.5898
15.4758
20.2801
18.4398
14.5589
24.5568
19.7102
20.3404
22.856
21.6882
13.3763
22.2324
19.7108
20.3403
20.8035
15.2965
16.0965
20.6518
16.2682
16.932
17.6861
16.6303
14.1784
20.2436
16.4069
17.906
16.1228
25.8219
15.5403
19.2524
20.1286
12.2574
19.6667
15.415
14.8573
17.982
20.6435
13.2938
27.0542
18.0585
26.6067
18.7503
15.7807
13.6347
13.4815
17.354
20.039
17.3153
16.8459
13.3101
17.022
15.9512
15.6347
17.419
19.8408
20.9304
17.7901
15.5482
16.2142
17.3541
15.3557
15.2687
16.2136
14.6302
18.2268
17.1698
15.6837
24.7175
17.1719
17.7534
15.7001
17.5837
19.4738
17.5008
16.7024
19.2783
18.1948
18.2965
15.4408
16.3673
13.4679
17.4878
18.8176
24.0017
14.8487
19.1325
21.4402
21.0607
15.0449
18.5596
23.3681
17.8919
15.0278
14.5056
13.8419
14.3384
17.6715
21.9782
22.4464
17.0365
17.4207
18.6722
13.057
18.2272
17.5507
19.3958
14.6963
20.0435
20.1465
18.0993
19.8594
17.3689
18.2412
15.0318
15.166
15.4561
18.899
26.2019
17.492
20.4286
16.8118
20.7929
18.5737
18.1562
16.4111
16.9382
19.3432
17.0605
19.5737
16.8573
15.4938
21.7728
16.4252
14.2841
19.1531
15.4466
14.8142
19.6372
16.9105
17.0276
14.5564
21.0071
20.6909
20.8475
17.2458
18.6479
18.4842
15.1709
17.5754
16.0739
18.1787
16.4629
16.8963
25.8367
21.7299
23.8544
16.241
16.7856
16.6713
20.7351
18.8918
17.8485
21.3806
16.8443
17.9899
30.7514
17.4684
23.0896
16.331
15.2798
16.3068
16.5613
14.1148
14.4295
24.2625
18.6756
14.8953
13.9577
17.2637
15.4025
16.1916
17.7675
17.9699
19.7618
21.9853
14.0191
16.4125
16.3663
18.1977
15.6266
16.408
23.4387
20.6266
20.668
17.4916
14.8392
14.0856
15.5701
16.7744
17.4867
17.8503
15.0327
13.7696
18.4316
16.0155
20.8401
19.3152
17.4628
18.327
19.575
14.9801
15.0737
18.7494
13.9386
18.2806
16.7294
15.9245
15.7806
16.8368
17.6873
18.605
19.8546
17.9183
15.4253
25.818
18.4535
14.9776
15.0795
17.2324
14.942
20.9945
19.7546
19.6447
15.3764
17.8102
16.7129
15.884
16.152
16.1964
13.7389
19.068
15.8506
18.9434
15.2575
14.8496
25.26
15.5972
16.7649
17.5048
15.493
19.0733
18.7034
14.6658
16.6796
19.0381
16.4765
14.881
18.1315
17.7911
18.3506
17.9569
17.5451
14.9105
16.6722
16.3952
15.7094
15.5007
14.1495
16.6362
16.7463
16.7666
21.5254
13.5509
18.7165
24.9594
16.1504
13.2088
17.6843
17.516
14.7716
15.5886
18.4138
17.6463
13.9732
17.9672
15.7722
15.7824
15.3823
18.3155
16.8301
24.1463
34.0668
15.9723
18.6074
23.8359
21.565
21.4036
16.9101
14.6661
19.1585
25.5597
18.6562
16.2067
18.2032
15.4706
24.5332
16.9774
20.4495
15.496
19.4094
18.3613
18.4915
21.1747
13.98
21.6156
15.5816
22.3289
14.251
17.4509
17.2783
17.4291
21.4828
14.7564
16.3507
21.3344
17.7713
26.6021
21.1361
13.4568
15.8922
17.0679
14.5017
31.8829
18.0356
16.5739
22.1605
15.2114
17.3088
18.1977
15.0754
14.8182
17.7095
19.6976
16.5035
15.1736
15.2224
19.6425
14.1211
22.693
16.8157
17.4988
14.0872
27.068
21.5604
14.1968
18.3342
15.1541
15.2277
17.3228
15.1893
18.9513
12.7497
18.2264
20.298
14.95
19.1774
19.6971
17.3988
22.097
16.6404
24.6937
15.8062
16.4383
20.4271
18.5234
17.5222
17.0504
22.667
16.1539
14.0571
15.2639
18.0693
18.4839
20.0903
19.8359
17.2346
14.9915
18.6178
20.4699
21.7504
19.4417
15.5309
19.3588
18.1449
24.1361
18.3251
19.4588
18.8493
16.7338
18.9539
16.0203
18.7828
22.7529
19.7775
22.3742
16.9378
21.9332
17.3833
21.8427
16.2791
15.5131
24.1262
18.4524
20.0552
13.733
17.24
21.1653
19.086
16.0773
15.4135
24.6686
15.2745
16.0513
20.1571
14.7658
14.2036
16.3841
17.0551
18.5301
16.7654
14.8141
15.4242
22.3455
23.5297
18.9404
16.8392
17.1808
24.8343
19.3002
18.398
17.5809
15.3195
15.3964
13.3451
17.1628
17.3523
17.8656
18.6704
17.0631
15.5435
17.0431
15.6024
17.5809
13.8296
25.7251
15.3273
14.1657
13.024
18.1287
14.969
19.3799
24.3717
17.2823
17.0964
24.3883
14.9133
14.5029
20.9395
19.9384
27.2312
15.1771
13.2568
17.5207
14.8081
16.542
22.2853
17.4601
19.6013
22.9287
15.9857
21.0133
19.5412
14.7067
18.8329
16.6365
19.3525
14.8559
15.1832
19.6071
19.1339
16.678
14.0321
20.3787
17.1716
18.894
14.68
20.1586
19.8626
19.3781
19.4639
14.8486
20.3408
15.61
15.6697
17.8733
26.5494
19.4809
17.5763
24.4085
20.5797
18.0887
17.572
18.2388
14.1949
14.588
19.0857
24.6514
18.1656
17.3525
20.9467
18.34
20.9756
14.6291
20.8876
21.3398
14.9268
24.4897
17.2279
17.0945
15.0474
15.8048
22.4129
16.9458
15.4648
17.5178
19.4466
15.3475
19.7309
17.9029
17.8735
21.0233
14.1699
17.3242
19.107
16.7162
17.8229
22.4367
16.8134
19.6283
16.5281
17.9726
18.0908
18.3746
15.6833
18.3367
17.919
15.9769
18.5253
17.0167
15.0838
16.4794
20.0078
16.9148
16.6971
14.6663
16.6176
15.6591
16.6147
20.3102
16.76
20.8851
19.6845
16.4896
14.3331
24.4712
22.3055
16.4628
23.3029
13.3801
14.8764
15.9506
15.1678
13.4345
22.5572
15.0808
19.5119
17.4956
18.7122
19.0734
15.8191
15.4677
16.7091
24.2324
19.9722
18.5857
18.6289
20.2572
19.7528
19.7334
13.9216
18.0933
16.3622
17.1047
17.9298
16.3484
22.9662
15.2488
18.0391
15.115
18.2523
15.2834
16.9753
14.8422
15.8875
15.5287
21.6348
18.8539
18.8529
21.9259
21.9008
17.6982
14.1108
20.5795
14.9146
23.0334
15.8797
19.3916
19.983
13.6883
14.8973
15.5703
13.7541
14.2589
14.582
18.7171
15.3971
12.6548
19.6096
13.8199
16.4734
18.4547
12.9222
17.0496
19.7511
15.5862
17.6212
12.6717
18.6832
17.9485
20.8961
25.1585
24.1831
15.8149
20.397
24.0707
20.9361
16.1876
17.9233
15.8614
16.6048
21.2643
16.1296
16.3301
15.2608
18.5855
14.983
13.4332
20.849
18.619
16.3049
17.1458
25.7555
20.8715
18.4693
14.817
13.1508
17.7442
19.5552
15.4795
22.0759
14.9712
12.428
16.7841
16.4178
17.0315
18.8837
22.9999
16.588
12.9454
18.7528
16.866
16.2289
18.5893
20.0214
20.3741
18.2698
16.2973
18.0137
22.7658
16.8488
22.1511
17.3402
17.9981
17.5013
16.7153
15.9675
16.6507
16.1855
16.32
17.0847
17.0839
21.4991
20.8812
17.0985
15.2545
18.3012
16.8728
24.3911
19.0303
22.913
19.5746
17.6983
16.2938
22.2957
19.3995
18.8241
21.9807
15.7748
12.482
16.775
14.2588
14.2826
19.4446
14.1437
14.726
20.8515
16.099
18.1729
17.9922
14.3332
14.5233
14.8497
17.5786
16.7257
19.8332
18.9601
17.0297
15.964
17.2268
18.6927
25.809
18.1921
17.798
14.4126
21.103
19.9806
17.0588
14.2099
15.5988
14.4644
25.8109
18.3019
17.8115
17.4864
17.8482
18.5078
24.9913
19.6537
16.518
16.684
21.4583
16.7139
16.6325
17.0435
21.2018
16.3847
20.3737
18.4795
14.6896
16.4379
18.9342
19.4752
18.2998
17.4479
17.3483
15.5994
17.2187
18.7261
19.0893
15.4221
16.5407
17.1836
14.119
15.6875
17.6599
17.4374
16.9865
23.818
16.5796
19.3846
19.0187
14.8443
16.1758
20.3283
14.2031
28.0662
21.5821
17.3994
17.5703
15.9278
15.9713
16.7613
16.5519
15.6729
23.0343
13.4064
26.7434
21.2679
18.537
18.3515
19.9237
17.0412
14.4872
15.4719
25.3101
18.1062
23.8941
16.7103
18.4826
29.6669
16.4174
12.8963
14.7642
23.4364
18.9022
19.4313
16.9569
20.4636
14.8439
20.5359
25.0955
23.8373
17.1155
16.3526
26.0777
15.7545
17.4999
24.4603
22.6368
17.8367
18.1312
15.7677
14.181
15.5858
15.6119
15.4924
21.0009
16.9224
16.7363
16.3793
16.8739
21.3313
21.8726
15.1932
17.233
18.6036
14.9352
17.7818
18.6289
14.0819
16.3997
19.884
15.7171
20.5293
13.1958
22.5745
17.7296
19.5817
22.3997
20.1478
20.2295
14.2952
14.2284
20.0975
20.9885
16.2685
17.9252
15.6004
17.7499
20.0158
20.8867
22.3598
20.5656
16.2704
20.7104
19.4993
18.229
12.6428
19.8352
13.6211
15.6028
16.9834
17.0493
20.8985
21.4162
17.3341
14.7869
14.7493
15.5191
17.0301
21.4339
16.1772
17.438
19.272
17.1955
23.2535
18.7261
16.5144
16.3251
21.5158
15.6291
17.1514
14.9016
18.0232
19.8089
16.4159
26.2526
16.1375
13.8558
24.0945
17.6765
23.5663
14.6499
17.1703
15.0288
17.1746
26.8268
18.8841
18.2747
17.085
15.2575
15.3489
15.9813
13.0496
14.6271
17.3912
18.6579
17.3914
18.9292
17.0923
14.6095
17.2647
16.1389
21.3167
22.2381
21.8928
18.1525
20.2767
19.765
20.0557
19.2355
16.1012
12.7755
14.4182
19.5373
17.1144
25.5055
21.4569
22.2431
15.0382
18.1781
17.6837
12.6461
16.1902
19.2692
20.0097
12.496
23.4077
20.3986
18.8487
22.4757
19.3296
14.5278
15.4008
15.5747
15.752
24.4839
17.3191
16.2943
23.8956
15.0151
15.0487
17.6482
17.7263
20.9961
14.5224
20.7797
33.7636
16.8287
19.6016
20.4057
16.4072
21.1096
23.8128
17.4971
22.0014
18.0595
14.522
14.317
16.6027
17.6172
20.9628
15.0411
15.6888
23.0816
35.2573
16.9444
16.6949
22.9615
19.035
21.5033
17.7069
16.9442
21.7596
16.6809
18.7914
21.7519
15.0141
16.053
17.4208
21.9459
14.6795
12.808
17.2637
18.4169
19.9128
18.9875
16.6227
16.5912
16.6521
19.3035
18.8954
14.4381
19.144
20.8514
18.2658
17.5181
16.4444
18.5703
16.022
21.2575
13.9688
17.065
20.7076
15.5551
16.8615
14.9993
16.7229
22.3784
17.8428
23.2427
20.084
17.6996
14.5651
16.1268
13.9398
16.8714
13.2667
23.2916
16.5099
19.2582
16.8327
18.1189
13.483
18.8156
16.6733
18.6169
19.7378
15.4845
18.0929
15.4425
16.0728
18.9528
15.3907
16.0416
20.2979
19.7612
18.5688
14.3452
17.1695
23.8011
16.3219
15.852
22.5501
20.9366
15.6076
18.5392
18.053
16.0378
15.4689
17.187
15.5683
25.0208
17.6109
18.047
18.0426
15.4679
13.8731
15.724
18.2683
18.784
21.9045
18.9167
16.94
19.1171
23.5725
14.8452
15.7644
15.4812
17.1194
20.145
21.8722
18.9153
17.0133
14.2869
18.4522
20.7101
18.095
17.6925
18.6401
13.4577
17.7715
17.4183
14.9208
18.7392
25.7514
18.6206
17.4784
20.6082
16.1942
23.1474
13.3891
18.5536
19.3864
17.4624
21.2603
15.2126
15.3715
16.5908
15.6412
14.7315
16.2943
17.5053
17.7455
17.8564
23.9322
21.4512
21.9836
19.2009
17.1667
17.1098
15.6775
20.3656
15.35
18.1318
14.7983
18.8576
28.9252
16.1865
26.539
16.9582
19.1898
17.0859
22.4686
17.5483
18.5441
18.7354
18.8729
15.7326
14.8682
25.3746
16.0685
15.3299
16.2923
14.2437
17.285
18.2326
14.4656
16.5272
22.1249
15.4198
22.0245
16.3156
19.3772
15.3797
18.4835
13.9103
17.024
16.8732
13.3224
17.4088
19.2726
15.0567
28.337
21.0346
15.8473
15.2519
18.5749
13.9753
15.5063
23.8787
15.7235
19.1322
16.4187
17.7804
18.1843
20.9253
26.7638
15.0284
23.9882
21.7945
14.4674
15.9385
18.8042
14.598
17.5088
15.0657
19.9085
14.0662
21.1141
15.3871
19.1739
16.8015
18.653
16.6544
15.6938
21.4171
14.8884
23.4377
17.4905
14.4958
15.5711
18.5171
15.3133
17.3089
20.5075
19.524
18.8427
18.4176
17.7851
18.2763
20.951
17.2882
13.6048
19.4968
18.779
19.5141
23.1914
15.8719
17.215
14.4131
13.676
18.2527
15.8062
15.7948
15.9036
16.9032
13.2157
19.1416
18.9636
15.0761
19.9742
18.8277
15.5184
17.0002
18.6928
16.7988
16.7285
18.2094
15.7224
24.3334
23.0167
16.508
18.1545
25.6142
18.5359
20.9732
14.5557
23.5063
14.5015
20.0587
20.412
27.605
18.6267
17.2728
17.6941
19.0136
14.3456
20.1173
18.7852
14.7928
18.1085
15.6583
15.7404
15.5763
14.9487
18.6198
19.1396
20.1333
24.8688
18.0133
17.6284
22.5358
21.9366
18.9367
16.0462
17.209
25.2716
18.7553
16.6988
21.0869
18.857
15.8479
18.9138
14.7881
14.1941
22.9115
14.6313
21.2034
16.6632
14.4364
18.5036
16.0533
19.65
17.8423
15.1975
18.9092
19.2064
14.2269
20.9657
16.6094
13.2128
23.136
17.305
18.8152
14.4517
20.3808
15.4907
17.6844
15.7721
14.6463
19.0425
16.7174
15.9281
18.6545
22.9535
19.0609
14.9246
16.9155
26.8381
17.4455
18.5938
18.9539
19.8205
27.4837
20.098
19.5289
14.7789
24.126
15.007
20.6961
19.4185
17.566
16.5581
20.0516
15.2567
17.5926
16.92
24.639
14.7244
15.2685
18.3199
16.4739
16.9739
18.1798
14.3284
16.4412
17.2579
14.4927
16.6523
16.2109
14.8691
23.6622
24.8825
16.3531
13.4329
27.6792
23.2399
22.6991
22.4782
18.7468
20.7665
19.1838
13.6758
12.9799
16.6003
15.0237
18.1966
20.1251
14.5551
17.5478
17.72
16.1662
13.9874
17.3672
28.7021
18.4769
18.6275
14.7502
15.7588
14.4321
19.3605
19.4781
17.71
18.205
15.4707
18.1955
22.1773
19.4992
19.5071
15.8811
18.0538
17.2193
23.7841
20.9976
20.6733
14.3589
25.5856
24.9703
18.9957
19.8533
17.8902
18.7266
22.422
22.2256
20.9376
15.4915
18.1846
17.9813
16.8634
16.3742
20.5383
22.9764
12.0866
13.2423
19.8764
19.2508
15.3184
18.8458
23.5837
18.1723
17.4446
18.9509
15.6578
16.5376
18.5018
23.5778
26.9263
16.5188
17.4009
15.8873
18.4393
14.6923
17.9199
23.0883
23.4257
17.862
15.2815
21.8762
14.8645
17.6883
26.3676
14.8642
19.8593
13.9634
15.9161
18.8848
21.1185
21.2208
20.0959
14.2967
17.5118
16.0622
25.9683
16.759
16.09
26.1489
14.7675
15.1347
19.7826
15.2311
18.7465
13.2923
21.4222
18.1958
13.0331
17.075
17.1974
16.2722
21.3095
16.0793
18.02
20.7893
25.7262
18.612
16.3547
14.249
25.5627
21.1964
19.3043
20.5227
17.0611
18.1207
19.0503
18.7743
17.5694
18.7042
16.3187
13.1763
20.6891
18.4559
15.4153
23.7548
20.3651
20.5854
19.8315
18.9289
17.1691
18.4142
12.6839
16.375
20.1807
17.8272
21.5754
16.6146
14.3409
16.1969
17.6528
16.0537
16.013
17.3566
14.6652
14.6384
23.427
17.7993
18.2309
17.2581
29.3907
23.3174
14.8687
15.5422
20.0574
16.3869
16.1748
23.5188
23.9029
15.1845
20.9021
14.9905
18.6951
13.2342
21.2454
19.5781
17.4785
18.0632
29.0779
17.4702
17.1385
19.6714
24.1084
16.6844
13.3716
16.2849
20.1017
19.3135
19.6514
17.6893
23.1287
17.0195
20.5466
19.0996
19.6053
17.2856
14.8289
17.3575
17.194
19.6877
18.312
23.0734
18.8209
17.7506
13.8586
15.2354
16.7355
15.6389
14.0704
19.7129
19.1393
17.0724
24.7129
14.1382
22.6282
20.0033
15.2144
18.1465
19.2242
17.8107
24.4138
24.6727
14.6948
14.7085
15.2671
17.1937
15.4091
20.382
22.4324
17.6696
15.5152
14.5045
17.8474
16.2123
13.9415
18.1385
25.6514
17.2371
13.2971
18.7992
18.1421
17.4294
18.9
18.9251
16.7391
16.9666
11.8406
16.2963
20.4131
26.2423
16.8067
24.0958
20.9423
15.1696
16.8191
17.0979
14.0108
18.0865
15.8426
15.7126
18.534
17.6817
21.253
13.5844
23.2924
17.3694
16.755
19.128
15.9691
18.4071
17.6602
16.6696
17.4161
18.3643
18.9707
14.1004
17.5511
18.1316
17.6448
18.6266
17.0124
15.6238
19.4626
17.8567
21.2939
19.6624
22.6106
13.86
17.5904
15.137
17.445
16.3298
18.6418
19.5072
16.6045
15.982
13.9576
18.3433
17.054
21.4826
15.9075
22.3527
16.7696
19.068
15.0329
14.3166
14.9989
14.8948
18.4319
24.1012
16.1705
16.6029
15.1727
19.4951
14.1388
21.5063
19.1227
19.5067
17.1386
19.5019
16.711
20.0145
15.1637
21.5124
21.9821
14.3601
17.4473
17.1812
16.887
14.09
17.534
21.835
20.3931
19.9729
15.8549
17.1364
17.282
17.8784
18.9504
17.0693
21.1506
13.9732
16.0887
22.4728
16.2283
16.8054
18.2825
14.7104
20.6182
13.7878
19.7461
18.8461
14.3238
18.5138
17.5468
17.8391
17.2631
12.7621
24.264
18.5405
18.4268
16.2505
18.2072
16.1911
21.0645
14.3193
23.5517
14.9578
18.094
16.5982
14.7174
19.8639
14.5944
20.064
15.8088
17.5434
22.628
17.356
15.3786
19.8773
16.4206
16.8381
17.4579
18.8968
17.9859
16.6244
18.3058
19.3454
18.911
16.6909
16.7296
17.2846
11.9623
19.8829
18.046
18.3207
15.0711
17.7894
20.0088
21.2103
17.1256
17.478
18.668
12.7783
13.1864
25.2347
18.5071
16.8969
17.7554
19.5754
20.1423
15.8781
12.902
18.8025
27.6641
17.5246
16.5238
15.8465
18.3486
18.788
16.7877
17.7412
12.7709
15.054
22.197
13.3394
17.9261
15.2103
16.9636
16.2683
14.921
14.1016
17.1713
17.343
16.6984
22.5803
20.1534
17.0294
26.6368
16.4684
18.2608
27.5192
15.8166
19.03
18.2978
19.2783
22.4279
17.0205
18.1343
21.6296
21.8741
16.844
18.7151
13.6286
15.3296
17.5057
17.1647
17.9105
16.1631
14.8471
15.7854
20.2742
13.4967
15.8486
15.3435
15.0852
19.2244
16.5253
18.4267
17.0904
19.0876
18.7233
17.4168
18.2967
20.9204
19.273
15.9857
17.0276
21.8903
21.5312
18.2306
17.4054
16.6714
16.2408
15.1486
17.1015
16.6385
15.7566
17.5963
25.834
20.0117
18.1898
17.9782
23.1066
23.1648
23.9775
16.2278
17.3784
16.1318
19.3217
17.5073
17.447
17.9354
16.6031
16.8556
23.6875
15.2753
17.2998
17.5819
24.3566
21.0085
16.7807
13.34
23.6891
16.1746
19.4612
16.1409
22.2764
19.7105
20.726
16.9762
18.1175
15.7052
13.3031
19.9405
19.7407
17.4411
13.66
14.3438
17.5971
15.0176
13.9392
15.0822
16.7357
15.6555
15.839
18.1713
18.764
12.7886
14.6953
18.4722
16.7721
15.9335
17.1657
14.4911
15.5501
19.2242
14.7293
14.485
16.9366
25.1541
19.3591
15.5697
17.4885
18.6335
16.389
21.3729
22.8831
15.8395
16.621
16.6629
22.7639
21.5239
16.5803
20.7002
15.598
16.1159
16.622
23.0207
23.0963
15.6683
19.4493
16.3523
22.411
15.8575
18.0728
17.276
15.5384
15.6944
18.3013
21.8988
14.1265
14.5575
19.0001
18.3918
14.546
15.7495
19.6247
20.2315
23.655
15.6799
17.7664
18.3921
15.4771
13.5592
17.7998
19.0146
20.6979
17.4301
20.1332
13.2696
26.2387
20.2453
17.7933
16.0484
18.6938
17.2612
15.6243
20.4048
15.547
20.4963
15.6747
20.8336
20.5098
17.7594
22.9271
21.0522
21.5368
20.6341
21.48
19.0532
26.2477
21.4248
17.5828
21.8658
16.292
21.4217
13.9301
17.3543
15.5822
19.0702
15.304
17.1769
17.7991
13.574
17.5565
14.2498
18.7109
17.8909
15.5486
18.4766
15.6438
17.1023
16.5093
17.9066
18.0548
14.8441
12.5861
16.9591
20.2776
18.8946
19.3678
17.9522
13.9614
19.9616
20.4783
19.3857
17.1244
15.8283
19.9787
16.4118
15.3538
19.7272
15.9329
18.9497
16.8603
15.2665
25.7148
21.2657
15.744
16.1477
20.8942
17.0731
16.5434
20.8464
22.5206
19.8823
15.8967
34.7773
19.3782
17.0816
15.9697
19.3582
15.3754
15.6947
16.7106
17.1402
18.0969
15.4545
16.2816
16.5453
17.9856
20.3621
19.2274
13.5283
18.1464
22.4771
13.7047
13.6453
15.9431
17.2854
16.9269
21.3492
15.205
18.912
13.3544
21.3255
20.8879
15.0895
15.4363
16.7932
16.07
17.5465
16.0567
14.5487
20.5253
18.3364
20.0674
15.2503
19.6767
14.3926
14.5378
19.62
15.6497
27.7239
17.7422
16.4435
14.0935
18.5174
16.0416
25.3054
19.976
21.4621
16.1817
17.7761
15.472
17.1527
17.6394
12.471
20.8624
17.0094
19.8985
26.2664
17.095
17.569
17.1039
16.4303
16.0185
24.021
23.3079
20.6361
16.2719
15.7342
24.4122
17.5079
15.7183
12.1517
15.6188
16.8404
14.9554
17.1981
15.2801
17.896
23.8998
14.7516
18.6023
16.2394
15.8426
14.8979
16.2153
22.2285
17.6615
15.6972
20.8334
14.6104
13.6366
15.6045
16.7276
17.798
21.3094
15.6966
23.0074
18.0958
15.0432
18.425
14.705
17.6965
18.7609
20.2407
15.8748
17.1718
17.0972
14.5612
16.5121
21.7862
15.2475
17.9862
16.0187
15.5561
22.0717
17.2963
17.2311
19.9224
20.6217
16.5132
17.9931
15.4446
13.6985
19.0407
16.2737
21.3082
21.9113
14.7449
17.8713
15.4924
15.9094
14.9948
24.3824
17.0581
21.5914
18.7801
16.1164
16.3223
17.2048
16.5728
15.0873
18.6979
14.0267
13.9028
21.0379
15.2802
28.8914
17.4578
18.6303
16.0802
17.3353
17.2441
20.9574
21.807
14.4656
14.3467
22.467
17.1541
14.6363
16.5525
20.4039
16.7341
15.3733
21.4476
21.0791
27.2639
18.282
13.8639
14.9042
15.6018
17.5551
17.5749
20.855
18.4511
15.9506
17.7149
20.5627
18.8085
19.3273
17.0847
13.8281
15.8247
23.4229
17.416
22.1159
16.9069
23.8303
18.7602
16.4123
16.941
14.4716
18.0796
27.9406
17.5573
24.0869
15.8128
17.9777
19.238
17.9145
24.9722
15.1989
16.2784
15.4849
15.5806
17.5448
16.3416
18.0455
18.3351
17.6465
17.269
20.1137
21.2946
18.1318
20.8434
17.3136
18.294
15.0786
14.8075
15.1408
15.1996
14.8966
18.3074
21.763
19.1953
16.8888
14.7031
12.1174
15.9666
13.497
17.45
19.3571
21.2891
16.0317
17.829
22.0628
17.6634
16.0445
17.0687
21.8166
18.4457
15.7912
22.2426
17.8804
24.8877
15.2974
13.0747
14.8862
20.8533
15.2166
18.2812
12.8303
24.2111
19.1998
15.4037
17.3489
18.3024
16.6468
21.3351
16.0341
23.2667
13.6673
19.5172
14.7276
14.6909
18.8182
17.312
17.8185
16.7491
16.4946
26.8265
21.0871
17.2905
15.2739
20.1474
18.1978
18.4726
19.7777
19.0716
17.5069
24.4112
21.677
19.9648
15.1754
16.511
15.8634
26.1351
14.9248
21.1507
17.8435
18.6702
16.6391
15.6096
15.6311
15.7237
17.0293
16.299
20.1487
20.1378
14.5955
15.1968
13.9223
16.2864
23.2171
15.853
20.8028
12.945
18.0543
18.7543
16.4706
16.2208
15.8816
16.3014
29.1404
20.1704
14.9239
18.3936
19.6142
22.4629
16.7995
20.6406
19.5084
15.6755
15.5116
20.1243
17.483
14.1467
21.4577
18.0155
17.6031
24.0289
18.3239
27.3791
18.6349
16.7977
16.7229
12.4078
18.0005
17.968
16.0813
17.1722
16.8728
21.0463
19.45
23.274
17.867
22.2396
15.6083
13.9044
14.6879
19.2757
18.7867
19.9789
19.1984
13.5619
13.3607
16.616
24.2178
22.0171
19.6813
19.2879
15.4847
25.5449
20.3274
14.2188
15.9177
23.2542
20.8686
16.0931
15.6646
17.7104
30.2425
17.7349
12.9404
16.6217
18.2834
21.2897
17.7108
19.7888
16.1496
18.6521
16.2412
22.8839
17.6689
15.0707
20.4903
19.2582
21.5195
23.5023
16.7271
22.2613
25.478
16.8427
28.4487
15.279
17.5927
17.3582
15.0895
15.3597
18.0127
15.0584
17.7849
15.6871
13.3306
23.3682
19.9168
16.3346
13.2864
14.7785
16.3425
15.2131
13.9711
19.0244
19.1275
15.0831
19.9446
15.6278
18.8278
26.7686
17.7895
15.2647
20.1534
17.7248
15.8533
24.3806
22.1617
19.339
17.7223
24.8479
17.3651
14.4534
19.1325
17.3523
15.3903
17.4482
24.0091
15.8873
20.5527
23.0064
18.0257
18.8086
16.845
13.4525
22.2308
18.8633
15.765
18.8177
21.1619
21.0526
19.6705
16.1189
17.7032
23.595
23.4632
16.1212
16.2981
17.0841
19.6469
19.0094
15.963
14.7168
16.9549
21.0073
19.5379
18.199
21.0623
22.5978
16.3037
18.9446
16.4572
22.0158
14.0658
22.4052
24.7363
16.9811
15.7327
17.6616
20.5094
26.7954
16.5008
17.2181
16.213
18.7934
29.4287
19.1384
19.7258
13.3513
21.0728
16.7193
16.9052
20.42
18.1163
17.154
16.0986
18.4892
14.2703
14.3431
17.3234
16.4939
15.543
25.5496
21.4975
16.0889
23.185
15.8863
18.5344
18.9578
20.4817
22.793
19.7442
19.9025
19.8677
16.9185
16.2558
20.054
14.2779
16.463
20.2481
13.1901
17.175
20.7136
12.7796
18.6632
15.2936
20.987
16.8731
14.1779
25.2861
22.7214
15.9299
14.3324
15.4872
15.2511
16.7491
20.6084
19.8187
16.8302
16.5792
15.3276
16.7393
19.3396
22.7714
19.2868
16.946
19.1313
13.3427
14.5419
14.3085
14.7602
18.3441
31.9316
19.9547
22.7395
16.1269
13.5661
21.4592
16.3189
23.3444
18.7837
13.4818
24.547
14.5521
17.3906
16.1804
18.3498
17.6701
19.1288
15.4779
18.3754
24.0151
17.0924
21.8523
25.7361
19.7543
17.1369
16.0577
15.2948
21.0254
15.3046
14.2573
21.3383
14.5424
18.6531
21.658
18.0796
14.6942
14.7579
18.01
19.9317
12.4496
21.6824
21.4272
23.0989
21.5879
24.9864
17.3818
17.1129
22.6155
16.3683
17.5304
15.7016
14.9718
23.3624
17.0329
21.7355
18.1766
12.5884
15.1506
24.2973
20.8992
16.9197
18.4151
16.9649
18.7518
22.2692
25.0589
17.8013
13.0449
19.0033
15.8636
15.6638
17.6165
17.8175
20.3568
14.3166
18.2812
17.2058
14.9156
18.1472
19.3814
25.4409
25.2502
13.9417
18.4942
18.6369
22.0561
16.9135
16.0148
20.0196
17.351
18.822
16.5842
14.5037
16.3571
16.8506
14.2177
19.7706
21.0022
19.5578
13.9384
20.5653
22.0744
20.3036
16.1295
19.9509
17.4649
18.3604
16.2906
15.762
20.6934
15.8595
17.8757
19.8586
19.9812
16.661
23.172
25.34
18.8542
19.7385
21.105
17.198
19.4558
14.9252
17.0542
15.2377
13.1896
18.6343
19.5385
15.6872
16.9449
16.8199
19.4741
19.7452
20.8114
14.0506
14.7172
13.8405
15.3887
15.3947
21.2666
17.6336
13.8907
18.2999
29.5805
14.8459
16.5619
15.1355
15.8324
16.5364
23.2002
18.2609
23.0629
16.0319
19.5275
15.5982
11.8507
17.9984
16.461
15.9612
12.0974
16.0547
28.5301
25.5524
18.5179
20.562
19.3825
16.8562
15.9311
16.6218
23.1038
13.491
24.2862
15.3476
14.8943
19.3203
19.6258
18.9184
20.5797
14.1917
18.8825
20.7805
24.9071
17.1371
13.8224
20.7097
15.1369
20.8491
16.5381
16.8559
17.6547
16.3816
13.637
26.7065
24.293
17.4914
13.3313
19.0158
16.5119
24.3144
15.997
19.3698
16.8599
18.7866
15.2916
22.0682
15.4705
16.4333
24.8206
17.7317
16.4154
16.5727
18.2422
21.1703
15.2448
14.7832
17.8011
14.643
17.5901
16.9756
19.825
15.6574
14.1111
16.7406
21.2035
17.4135
22.1452
22.2616
14.1427
24.9752
19.5042
20.3129
22.4626
22.9449
17.8578
20.5704
17.2797
20.5365
18.7474
16.0905
20.1673
18.5873
16.5519
15.8234
14.6695
13.8745
13.9263
16.9221
18.8477
14.9132
22.4248
19.9803
15.1679
17.54
12.8265
17.3764
16.5194
22.5529
21.7207
17.036
19.4717
20.0968
21.7951
18.4507
19.1122
15.1545
16.0377
18.1278
16.7748
17.7904
17.3158
22.16
18.6908
17.673
17.8535
16.6924
17.4086
19.2182
17.9375
19.6239
16.9896
12.7741
15.3346
14.3437
16.4438
18.4719
14.8163
19.126
14.3233
18.4509
18.6093
16.3176
20.1743
13.3263
15.3069
12.4216
18.7286
17.4756
14.717
17.6134
15.3034
16.5451
19.6736
21.5192
14.9342
15.9559
21.347
20.866
11.8563
13.1859
16.523
15.6735
16.9304
16.8055
16.434
23.4471
16.4416
17.2768
21.6186
21.4448
18.3898
16.377
22.6219
18.3803
14.6725
17.9179
14.5353
18.7821
16.1889
24.6452
11.6717
13.9802
17.9502
13.887
15.6572
21.2661
15.6134
17.1105
17.0463
17.7876
18.0417
13.3916
18.3661
24.1606
15.745
19.9803
15.3903
15.1775
17.0912
18.2557
16.3359
17.6969
19.2442
19.4924
15.9642
13.7122
16.7336
15.1808
20.7569
16.0096
16.7955
15.6168
15.6615
14.4654
19.3695
15.9709
19.304
22.496
19.3042
18.1089
14.6955
14.144
17.3493
16.9586
18.3865
18.4652
21.6341
16.396
15.3984
15.9675
16.6258
13.9838
19.3579
25.0484
25.2636
15.1411
13.0491
17.2019
15.1197
20.3191
15.8627
14.2247
14.3176
24.5615
16.8887
17.4626
16.7192
19.673
15.5312
17.4174
20.9144
16.8593
19.5429
15.4882
18.0485
19.9978
16.544
16.5012
14.9073
22.9878
17.6876
21.4019
20.3025
23.5149
18.623
17.0631
17.4141
16.3483
22.2627
15.546
18.493
15.8252
17.3805
20.8998
16.9644
24.802
18.1122
20.7363
18.3438
20.753
15.0429
26.2027
14.4218
18.1695
17.2933
15.5839
15.6948
19.779
23.4767
13.1795
19.694
16.4349
17.1967
16.1803
23.0147
15.3677
31.8185
18.9544
16.9559
12.7835
15.7215
14.0753
14.5759
19.5772
18.8627
21.5821
14.3786
22.4123
14.6609
18.2868
14.8954
23.7658
20.9925
19.9317
18.8647
18.2732
21.9914
15.9268
18.0379
35.1606
13.8776
18.0034
20.8019
20.8881
19.486
13.656
16.6313
14.8805
16.0579
17.7198
21.8061
17.5954
17.5802
18.6839
17.8983
14.1263
17.195
22.1732
14.7999
17.0494
17.2491
18.0808
15.3459
16.915
14.3428
14.1475
18.0004
22.0084
14.3463
16.0782
20.2638
17.2398
19.9589
16.0223
16.7045
13.1615
19.1437
19.1881
14.9615
15.6569
17.0855
27.1104
18.06
15.7621
16.6462
17.4015
13.7497
16.7607
13.1332
15.3589
23.6533
16.9576
15.6448
16.44
18.1327
22.5401
17.426
16.9246
16.5634
24.202
24.3972
19.4684
15.1393
16.7334
22.5501
21.6069
15.6749
12.6912
18.4024
17.7833
19.3912
17.3811
15.4135
17.2221
21.4233
15.6134
16.2975
16.5283
18.6199
20.5256
20.0381
21.1525
19.1543
19.6008
15.5141
17.9046
19.0797
14.8036
26.0982
22.038
17.7935
19.9011
19.6254
16.0829
15.9151
14.4955
15.0088
14.5741
16.4876
17.7923
13.7031
17.5785
16.4434
16.5479
19.277
15.3438
15.9467
16.4013
16.839
31.1407
20.9883
16.2009
21.4947
18.1554
17.6199
22.1685
22.206
17.1688
14.7555
16.8537
13.4806
25.175
17.0596
13.4407
19.4183
14.6447
18.2451
31.0107
22.5405
20.515
17.2637
14.9587
14.6551
17.5292
20.6507
15.9378
15.5575
15.1268
18.5582
18.8609
21.3599
16.9024
16.7673
14.9095
19.0225
15.3629
14.5846
16.4385
15.7641
16.7735
19.495
13.245
18.0099
14.877
22.1778
21.3431
17.4086
14.8528
19.2285
13.3917
14.5514
14.637
20.7219
33.3828
16.4083
22.2624
18.9352
18.8711
14.1112
14.86
15.937
14.6022
19.0117
18.8447
18.6653
23.0413
16.0908
25.4241
17.7074
18.2535
16.7218
19.8244
16.2328
21.4129
15.9506
16.7519
15.2774
20.1498
16.1764
19.0323
17.4463
22.5994
15.4617
15.6576
18.2611
17.1414
15.0055
20.0408
20.0506
18.601
16.661
14.963
18.8528
21.3919
19.0892
17.1325
19.7917
20.929
21.0289
18.4258
16.3132
20.7155
16.3217
13.8172
18.0489
18.2262
16.8859
18.7961
16.7198
14.469
18.3743
16.3717
13.3571
21.4631
25.246
14.0164
17.6313
20.4756
14.3078
16.1757
14.1711
17.934
25.7612
16.4368
20.4661
13.5399
18.0051
16.5563
16.5819
17.2925
19.165
14.0978
21.4556
27.3048
16.2975
24.0148
15.8577
18.2249
16.9305
20.6575
15.6146
16.1068
18.1692
16.8915
16.1892
15.0456
16.7952
18.5611
19.1823
15.807
15.2079
16.8715
19.799
19.0776
17.3658
21.8518
16.9865
15.4341
16.9326
15.4457
16.1937
15.4112
13.395
14.7279
18.6595
17.61
16.4192
16.0717
16.5191
12.9514
18.9927
17.799
21.7296
16.8102
18.3847
21.3178
16.1258
19.1079
23.1849
16.747
26.8105
22.457
20.3444
16.5938
14.7921
15.5649
22.7087
21.929
16.3756
20.6175
16.3077
18.2426
15.2462
18.607
14.6511
14.7811
14.896
17.1043
17.4272
19.5666
26.1683
13.7307
13.7357
14.0542
18.5707
17.4185
16.1329
22.1581
17.0928
18.4734
19.4992
36.495
13.7141
14.5401
18.0137
18.402
19.1593
19.5047
18.2713
22.4288
15.5387
15.8359
18.3869
16.918
19.9713
15.8865
13.235
15.0081
17.2614
16.7177
15.2087
21.7789
18.4218
17.4556
14.5891
16.2115
23.2692
21.4078
17.3043
17.2091
20.7752
17.2431
16.2255
13.9568
14.3758
21.283
16.6359
18.3602
13.4731
18.3543
18.2005
14.7625
17.4917
15.8485
21.8638
22.122
18.4127
16.4816
20.3322
17.2965
16.451
26.2558
14.8236
20.0837
16.3782
17.9431
16.5837
18.9888
18.1469
20.4839
18.2042
19.3474
15.7343
15.6336
15.6014
18.6764
15.1475
18.7346
15.2581
19.7203
16.3374
15.5825
22.2731
16.2727
16.9545
21.3856
18.1032
13.5228
15.3362
20.1738
26.2715
17.8272
19.5285
14.0164
18.481
18.5744
19.2902
22.1965
13.5343
14.7607
14.4784
19.6413
15.3722
13.502
13.6394
17.5645
12.9084
15.2983
24.1007
17.3289
22.3217
20.0206
11.9279
23.0681
20.7177
21.6477
24.3459
17.3626
21.5206
19.0965
17.7547
15.6309
17.5349
13.886
17.4272
15.9423
17.0387
17.1576
16.6419
17.1837
15.3255
18.1371
13.7031
14.9342
20.8437
30.5414
13.615
14.3694
17.3713
18.216
17.978
19.1892
21.147
15.5076
18.5371
17.4769
22.624
16.3237
16.9515
13.8087
17.0507
22.9647
17.2491
17.0896
16.4684
19.3119
26.1611
24.9694
18.0151
19.2409
15.5161
16.9048
15.305
12.7219
14.4108
16.9702
15.3304
14.4664
18.7242
16.0545
18.2299
16.1392
15.7687
20.3193
25.5174
19.0023
19.2014
13.7764
16.1717
18.0781
20.711
16.6835
19.6724
15.3922
20.4853
17.714
18.54
16.64
19.287
18.9031
11.8968
18.1844
14.9568
17.279
17.6569
14.8592
15.3084
16.6479
22.0563
25.2918
17.7324
16.9574
16.1567
15.845
17.418
13.9797
14.5821
15.5642
18.1898
14.8511
14.2259
16.6016
19.2631
19.5285
18.9417
15.5458
18.4932
17.1618
19.1809
23.1994
15.2361
16.7991
17.3442
16.7274
18.3285
19.3223
17.5808
15.6953
16.8775
15.8608
17.9481
16.3118
21.5728
19.2584
15.6246
16.2447
17.284
15.1134
19.9887
18.5085
16.481
15.9173
19.7581
16.4326
17.6241
15.5765
15.8367
18.8884
13.6484
22.8671
14.0874
18.5502
18.1899
15.8938
21.5942
16.5828
19.2673
16.7155
23.4591
13.8528
18.0286
15.3901
18.0416
16.0858
16.2177
16.2315
13.4586
19.8676
16.4195
20.7741
14.4557
17.2614
17.2744
18.0677
20.7187
14.64
23.6201
17.4766
14.7954
28.0606
23.0283
15.5004
14.7649
12.9687
21.824
16.9825
19.0566
19.108
13.5527
19.3864
20.1838
14.8564
14.4545
16.9221
21.3025
13.5659
19.7814
18.1527
16.7919
19.5073
16.4105
18.0336
18.9
13.2707
18.4941
23.0071
14.4853
15.4265
20.2855
19.9474
17.8232
22.6924
21.1329
13.6273
18.7851
17.3879
19.2574
17.2592
18.6685
17.98
24.7923
13.9501
15.7915
15.8153
17.6251
16.819
18.8304
17.9253
16.4754
19.9082
16.4461
17.6942
12.4997
18.3387
14.9883
17.0682
18.2293
21.7708
16.8916
16.0444
16.148
12.2715
15.5643
17.2622
17.5176
20.1639
15.5916
25.2884
16.3248
17.4349
20.1169
17.9899
19.9065
13.7093
16.8436
16.9695
17.0725
18.5096
14.264
16.8785
14.7192
19.9983
16.8851
17.0507
17.4715
15.3414
19.1927
16.4332
18.2106
17.7982
19.7878
16.8881
22.0917
16.3481
19.6112
18.6684
13.9206
20.3196
16.0432
17.0217
13.8952
24.0223
23.1056
19.3576
16.4381
17.7688
15.4869
16.8287
19.5931
17.6567
20.4702
22.0316
13.588
16.1319
22.3313
18.711
22.7979
30.0954
19.6964
15.6114
23.4238
17.0223
18.3249
20.8738
15.1666
16.5944
19.7967
17.0673
14.3228
17.1978
15.05
15.9113
15.0914
15.5154
15.3655
18.366
19.3504
15.5326
17.7303
13.3925
20.635
16.6831
17.9365
19.1325
16.933
16.6748
20.225
16.5926
15.0261
16.0791
15.4534
19.917
21.0978
16.8994
15.3769
16.7207
14.0011
15.4197
17.8824
15.5815
13.348
16.6541
19.7593
15.668
16.7486
18.6614
17.8681
18.5176
15.1746
14.9735
21.254
17.2789
22.5569
17.7236
16.1391
14.5217
17.8619
20.088
24.9127
22.1507
20.5162
16.7391
18.84
16.8098
16.8609
17.6322
17.749
23.5774
14.367
16.6617
20.0906
16.2974
15.2906
15.9766
20.7825
18.0525
19.507
21.401
17.1844
16.6704
17.494
15.6202
16.6276
17.2391
16.8669
15.7859
15.2515
14.9504
14.4838
19.4647
12.5745
22.3987
18.6548
20.8754
19.2747
18.3028
20.8421
20.8469
26.3128
21.0152
17.9918
20.9814
19.6581
17.7478
20.702
19.9179
16.1042
19.9979
21.4152
22.9696
14.3007
20.72
14.3394
18.1589
24.0913
16.239
16.2748
25.3345
17.7735
17.8859
21.7376
25.5864
17.3031
19.5257
17.8228
29.5433
27.9698
16.0617
22.2211
14.3824
22.3373
15.3783
19.8412
21.0615
14.5126
16.2221
17.5094
17.302
24.0515
21.6215
20.4405
18.4502
19.4117
15.8282
12.9915
11.8567
15.4277
19.8033
12.3288
19.3574
14.5866
17.4706
16.0029
17.2293
21.031
13.372
14.9383
18.8146
14.6856
13.8573
16.4315
19.1535
15.712
20.428
17.604
16.4667
18.1948
16.5085
20.4158
17.4662
14.4945
17.4841
15.4745
18.7135
17.1246
14.6921
13.1799
20.0291
15.0756
15.2218
16.3379
14.7292
17.6267
18.4705
17.6872
17.6309
19.8687
21.0594
14.3983
21.0479
20.3764
18.9422
18.7151
15.8521
17.2784
18.3502
15.3303
20.8883
18.311
18.1491
17.4396
16.8681
14.5495
23.2761
24.2582
20.3577
15.0847
15.825
17.4863
16.2298
19.5174
14.8886
15.5643
16.7559
15.7627
23.5024
18.8208
20.2741
24.4417
19.1821
17.3611
14.716
17.0854
14.1609
19.085
18.4425
19.8465
17.2446
13.9525
17.0726
19.3378
17.0101
15.5993
14.821
16.3204
15.2673
15.9441
16.1578
18.838
15.6021
22.8949
24.7312
14.6833
15.1359
22.56
17.4213
14.8094
20.2909
18.0831
24.1343
15.2591
15.2789
25.7238
16.4045
22.981
15.3854
17.3634
16.2129
17.221
14.539
15.4932
17.4947
18.829
15.9559
19.3019
17.9993
17.6524
17.6465
16.7664
16.3916
18.4239
14.8047
17.7792
20.106
14.4279
17.7402
15.9448
14.7846
21.1725
17.8599
18.5981
19.1855
15.279
17.3532
16.6667
13.6053
16.069
16.0819
15.8776
15.0445
21.5032
15.1294
12.7621
13.2451
16.987
20.4799
14.8158
19.6816
16.2088
19.6799
13.691
16.1614
22.2212
19.0486
14.7238
18.8644
16.4546
17.9844
17.8146
16.7939
15.4916
17.4449
25.3806
14.1341
16.9304
14.4232
12.59
17.721
16.6472
18.9218
15.6736
21.6739
18.1463
16.067
16.3582
22.4085
13.5217
18.0624
24.8163
20.2757
14.2096
18.0487
23.2485
16.78
22.158
21.84
17.6262
18.9516
25.615
16.4569
25.9164
21.1938
20.254
14.9488
21.4514
17.6375
20.2076
16.6377
17.1761
16.5368
15.8499
17.4143
33.2788
19.8597
19.8787
20.5398
20.3782
18.0906
16.4362
14.0088
18.856
17.8764
16.6281
21.0128
16.5419
14.2282
17.3348
13.7961
14.9413
17.9452
17.7735
24.4068
19.4655
17.5219
16.9476
16.4448
18.0744
16.3513
19.0508
17.5626
15.8495
18.6108
18.0169
18.2286
21.8788
16.6391
18.4923
21.5167
24.7674
23.0934
16.8991
16.3164
17.6636
24.1402
20.5633
14.912
16.6397
21.9472
16.1579
13.7154
23.428
20.3528
17.7213
19.0002
14.203
15.6359
16.0725
18.6158
21.8957
15.3414
15.1119
20.6529
23.2408
20.7711
12.5868
17.1898
15.368
20.6515
27.9628
16.2977
21.3623
18.0419
20.1097
16.6812
27.7478
17.6007
16.0453
15.7112
18.6339
31.7381
15.5072
32.1173
16.1649
14.362
16.0065
14.4448
14.3857
20.8026
18.0811
17.2006
18.2632
15.4212
23.9575
18.4439
16.2418
17.6212
18.352
20.2996
16.9374
18.8412
15.889
20.428
28.4698
18.2639
18.6017
15.8395
18.1064
15.1576
17.764
15.0837
20.1539
16.6784
16.0551
13.3915
19.7247
14.7898
16.4868
18.2104
18.3434
20.5893
21.2837
24.2868
17.7242
15.4659
16.5049
15.0424
16.2107
19.2434
19.1642
15.0579
16.2606
14.6882
18.7897
15.3561
17.6148
18.5169
25.4018
14.1048
19.9657
18.522
26.9496
17.5436
20.6602
14.9282
17.6882
18.3208
28.6118
15.8283
32.7994
16.6227
13.8507
20.154
15.9314
14.8037
19.6033
19.6057
15.8932
23.7253
17.3151
21.0814
14.4973
15.4739
18.2169
14.0078
16.8342
15.2146
16.311
15.1623
19.0682
13.8846
16.5225
18.9365
22.8589
15.5691
16.9051
22.1122
19.0613
18.1267
15.0628
19.0013
14.1557
13.8756
18.1621
16.0108
14.8648
14.5171
15.0391
17.3736
16.1154
17.977
16.2504
11.9363
14.4197
19.7486
14.8211
13.4109
14.5761
16.9743
15.7903
22.5372
16.5098
16.5995
15.9714
13.8137
13.7207
15.3958
14.2096
14.8767
16.1337
20.4556
18.9402
18.1389
16.8162
18.1459
19.8913
21.8884
17.7306
14.5711
16.5031
23.9688
16.5341
23.5065
21.4531
14.3073
19.7383
15.2332
15.347
13.4902
16.4373
18.2016
13.3724
26.4924
21.1406
14.4588
17.198
25.3598
14.7702
22.5176
17.818
14.3323
19.7374
22.23
16.8249
20.9181
16.861
19.2537
16.4275
15.6881
19.4805
19.324
16.007
15.7883
17.2645
15.002
27.0269
22.4301
19.6151
14.9757
18.5355
16.4932
17.0682
20.5044
16.6607
17.4912
16.7213
17.1253
15.5568
18.935
18.3589
19.731
17.1089
15.3131
17.8805
17.6063
16.561
20.1352
21.0878
19.1325
20.5077
17.9643
17.6418
18.917
14.9798
15.4086
17.0379
14.9362
23.8305
20.1301
16.0271
14.3176
15.5729
19.7964
17.2285
22.6822
18.4639
18.8253
19.17
16.3584
14.3932
18.8913
16.4712
17.3147
20.6007
15.988
23.2177
17.3845
17.8161
19.8811
31.4181
13.2372
22.0197
13.3715
19.0519
14.309
18.0694
22.8374
15.2317
14.8732
22.0164
15.3287
14.6334
21.2172
16.5904
23.4741
18.9343
17.3923
20.2385
22.9188
18.2237
15.4596
17.6257
17.4594
15.6922
19.3506
22.8703
20.6228
20.7544
17.4479
16.369
16.9023
16.3287
22.925
26.4128
17.7479
19.0718
20.5773
16.9154
17.2853
17.1105
18.4735
19.9527
17.9051
16.5693
19.2074
21.6176
17.8473
16.411
15.8117
19.867
16.8556
19.4579
13.5997
18.5456
20.0353
17.6977
16.0356
19.8463
14.5259
19.5108
20.1578
15.9367
16.267
23.4175
21.7153
19.6645
18.394
19.1168
19.9708
18.9519
28.7475
18.8132
23.0841
16.1831
19.8209
17.2748
16.8386
21.3459
17.6336
17.1302
16.0116
15.6155
18.0092
13.6868
17.2472
17.1765
16.243
16.0368
21.0213
18.56
19.1874
18.0994
13.7997
14.5845
15.6856
15.8263
13.2689
18.6751
20.9313
16.9572
16.3248
22.476
18.8276
17.4423
21.6262
15.8294
18.0828
12.3223
27.536
14.822
16.2722
18.6241
18.5053
14.316
15.3033
15.4772
21.0155
17.612
15.1996
15.0757
18.5855
16.5188
15.2043
18.6108
16.5054
18.3745
21.8204
20.8738
18.3689
22.3812
16.5484
18.3246
13.3318
16.6221
18.2724
22.4638
15.8121
16.0245
18.2214
17.8617
15.8521
17.2864
23.86
15.9011
17.9399
19.6718
18.6047
18.1844
19.7519
15.7469
12.9736
15.1979
29.6973
19.9269
14.9265
23.4355
22.8926
14.4363
20.3483
14.6389
11.9481
14.5227
23.7825
17.0841
21.7746
20.393
21.1638
19.2682
16.0973
14.884
16.1241
13.95
22.4066
15.8878
13.2818
20.4859
17.4623
19.0627
32.6792
16.4037
18.4887
25.1804
15.4776
14.4921
17.0732
16.7549
17.9366
15.7558
20.5474
21.8807
17.8889
20.2701
15.8188
19.241
19.1289
17.8608
13.1103
19.0187
20.9584
16.4611
13.4282
19.4699
17.9216
17.555
18.8715
17.4861
17.0801
26.9794
15.2934
15.4714
14.9429
15.5202
15.546
15.4567
17.076
22.6869
19.2543
14.6046
15.9697
18.8336
25.6873
17.4462
17.2601
21.7554
22.8955
21.3371
18.6881
15.7287
18.5571
17.0408
17.0292
16.1878
16.8494
20.1811
23.4662
15.583
14.8424
18.8796
13.3556
15.4844
16.2486
20.7564
17.0522
15.5644
15.2377
23.4653
25.5192
17.4796
15.6511
17.3213
14.919
20.4146
20.5137
12.1624
22.987
14.7073
20.2384
16.2197
24.5728
19.2478
16.0144
18.9736
18.1871
12.9372
18.2532
17.6888
17.3773
16.7339
14.6435
18.5667
21.8855
16.4413
23.791
15.3352
19.3354
17.8106
15.6038
14.7155
14.5358
12.9808
13.1878
20.396
21.0586
18.1562
22.5114
17.6888
19.9484
15.5047
16.0487
16.1409
18.6141
19.0136
24.741
15.8988
17.1275
20.5142
14.8802
16.2626
19.5882
18.9156
18.3541
19.6253
25.8532
17.4129
19.9899
18.701
18.3237
19.1436
17.9244
23.438
19.358
18.7159
18.0569
21.1551
21.2355
19.3321
17.1577
17.249
22.0758
17.2834
17.1212
15.4055
13.3259
15.9689
16.0059
16.4546
21.481
16.4881
14.6272
18.3226
14.8443
16.8202
16.7821
14.5853
17.3384
14.9435
13.4252
14.0379
16.6574
28.096
20.5455
14.8377
19.5428
19.7632
14.7183
16.3997
17.406
18.3753
22.5676
15.5518
17.212
14.5404
17.68
19.5082
21.3835
18.2618
19.9233
18.2822
23.6933
13.8514
15.0153
18.054
16.7406
18.653
15.0888
20.7463
16.3266
18.9856
17.0453
17.5459
20.7449
21.0629
22.4325
19.1623
17.5918
13.7678
24.3555
15.8734
17.3417
15.7135
17.9174
15.9431
15.2374
16.4027
24.3867
18.4773
16.4969
17.315
12.8697
22.4881
14.7019
14.4643
16.4992
15.1387
19.8546
16.91
22.7496
14.7012
17.8683
17.0641
16.1847
16.7983
13.4381
18.4178
20.8883
27.7256
16.9381
18.0558
17.5802
19.3642
21.0468
19.3606
16.1803
21.5561
15.6104
20.6497
16.5671
19.6033
26.6441
15.8557
20.9938
13.5452
17.5131
18.5068
16.0715
18.608
15.1916
19.245
18.232
12.9406
17.8539
27.9286
16.2568
20.3321
24.6272
16.6868
19.6181
21.4912
20.8495
14.3709
17.6014
17.3341
28.8679
32.0551
16.7052
19.5388
16.0482
20.1681
22.9619
15.6657
18.9589
20.0052
16.7083
22.0542
13.4608
18.9503
14.8598
14.7389
16.1671
14.9817
25.4957
18.0441
15.814
22.2405
22.5343
17.058
17.8722
29.6772
19.0939
16.9591
22.0475
16.9016
16.6868
20.5419
16.2066
17.8046
15.4864
16.7807
15.9803
16.2581
18.6108
18.6887
19.9715
16.2071
16.0259
15.6084
20.3427
18.5956
13.9437
15.99
15.4071
18.5715
15.8256
20.0748
20.7114
22.4198
13.4817
23.5412
24.1282
15.038
16.4143
20.1311
18.3692
18.6654
21.4144
22.698
17.893
18.878
15.7972
12.9413
20.27
15.1435
13.1645
21.4264
21.2742
20.6479
19.8101
17.4832
19.9406
23.0342
18.9052
20.4178
17.0889
18.7261
20.4527
19.8822
18.0084
23.6077
14.6223
14.5185
14.5807
17.1577
17.7277
17.8971
19.2342
11.6316
17.5372
18.9462
16.4254
21.5002
17.935
14.8731
14.5303
15.7112
14.913
16.2549
20.2225
17.6391
24.3435
15.1812
24.2902
15.0712
18.2918
17.922
16.1818
15.4221
14.8709
18.588
19.3095
17.7055
22.1416
14.4346
14.062
23.058
17.4294
19.8907
14.7471
18.5607
15.3895
22.0839
16.5452
17.6539
16.6201
18.851
18.6266
21.6908
20.1386
18.1627
16.5582
16.8417
15.9856
22.8263
17.7903
21.6271
19.8965
23.5619
21.7236
15.4533
17.0352
17.5291
20.6817
15.4103
16.3566
21.1739
18.9937
19.3244
21.6208
24.643
18.2564
14.3164
24.988
15.5496
19.5501
14.6966
23.4501
21.2771
15.4434
18.9405
16.2399
14.2403
20.1356
16.4297
17.3513
22.2969
16.7311
29.0085
14.4039
15.494
14.8172
16.2262
16.1568
14.0056
16.5339
19.7296
17.2362
20.9171
16.8013
22.632
22.2522
14.7665
19.5758
17.5004
18.0749
17.9309
13.3424
28.1092
19.5336
17.7716
18.9546
17.6658
21.477
24.2966
14.4695
14.0705
24.0005
17.0563
19.5613
22.0571
21.502
17.7024
13.2026
15.0066
19.2732
24.9938
15.453
18.6505
16.7594
14.4113
19.4913
18.1777
17.8877
15.6598
20.3353
14.5712
15.0413
14.9938
20.1492
14.5338
20.2718
16.2567
16.4416
15.538
25.8346
17.3854
21.0361
15.7929
16.5426
15.2362
18.4438
18.3126
14.7861
12.0978
22.008
18.518
24.6494
18.7303
16.3766
20.8625
14.5685
19.4456
18.6206
17.9543
14.3279
22.7455
22.9965
21.7988
13.8785
16.7824
27.2353
14.097
15.2606
20.189
15.2161
18.4381
16.6639
14.7782
15.7296
17.0294
16.9193
21.6061
16.9536
16.1838
17.4424
16.6602
17.2105
13.3659
16.8731
23.019
17.3724
21.521
18.4506
18.5801
18.6895
14.2531
16.2834
19.3455
19.729
19.3904
13.0746
16.3594
17.3198
13.9601
18.4939
23.5347
15.8333
17.5861
18.8976
14.8843
23.188
17.0982
15.5229
15.4823
16.5999
21.6885
15.491
16.745
20.6331
19.8097
15.8367
15.0609
19.2519
16.2041
17.2651
13.5995
21.4119
17.3222
16.5684
16.219
23.5223
20.3798
18.8597
16.0675
15.8724
17.4136
14.6286
16.8587
18.426
18.4252
15.0112
13.456
19.9452
20.1872
23.0829
16.2542
16.3206
15.2664
16.8115
15.4438
17.162
19.9428
16.2326
13.4478
18.6356
18.469
18.2764
13.9432
13.9531
15.4878
14.4928
18.6607
15.9474
22.5365
15.6698
14.3796
13.787
17.9366
17.889
19.3003
21.4092
16.8197
15.4149
20.9439
14.0862
15.0695
13.6741
24.3504
15.1945
16.4633
17.4191
18.3927
20.2014
17.1054
16.7631
21.3508
13.4998
14.0756
17.3393
18.2629
20.9196
17.9564
18.4784
16.0284
18.3223
18.5898
17.4501
12.9806
15.0315
18.2392
21.5075
16.1285
21.2903
19.3883
13.1967
16.3337
15.069
15.3474
17.0366
15.0098
16.1669
16.042
17.7451
17.4354
19.0382
15.8136
16.3824
22.4105
15.8572
18.7179
16.9845
21.562
21.487
25.5422
14.6996
19.5267
17.4248
19.8153
13.8387
17.928
22.0753
18.7512
15.8512
13.8696
16.1374
18.5473
12.6895
17.802
19.3245
23.4108
18.1085
14.5681
15.7346
14.9955
15.604
18.8183
19.5101
16.3032
16.7333
14.3348
21.6265
19.4541
14.6394
16.1188
17.7704
17.3515
14.1285
17.2211
22.3894
16.35
18.1506
20.3738
20.9668
18.8061
17.838
15.4345
19.6918
21.8187
17.0206
15.315
15.3644
18.4122
16.3679
13.4041
17.3809
16.2847
19.2853
14.0013
17.0755
17.3608
16.806
18.0686
17.732
18.7327
13.554
17.9824
14.512
19.7795
16.8658
15.6866
16.9152
20.4566
19.3269
15.1127
14.8736
14.8581
14.4638
17.63
17.6408
17.0576
18.2469
18.4876
15.6641
15.0197
16.5176
14.9518
15.498
22.4848
16.4306
17.9029
14.777
18.3638
14.64
18.132
15.1887
20.3296
21.4853
18.8277
18.5347
16.9158
16.8919
15.9321
23.7683
25.3708
17.6628
16.5544
13.7841
21.0982
14.9232
15.4713
19.0525
22.0269
14.332
16.5844
16.3679
13.7564
15.8101
21.9148
17.9815
18.8614
18.9667
14.8419
16.2484
15.8927
13.2609
13.4477
15.3558
17.367
20.0525
19.5483
18.7893
19.3887
14.851
18.6316
16.8395
15.6804
21.1577
17.3201
16.5359
15.4926
16.6421
20.6219
16.0358
19.5862
21.4085
18.7127
18.0171
17.6184
13.9697
18.0556
16.8094
20.1923
14.3135
16.3205
16.4891
17.3137
21.883
20.3002
17.1049
19.1637
20.661
17.7847
16.5775
29.4302
14.4446
20.0296
15.4964
16.9507
20.0319
18.2341
16.4925
16.9231
22.2961
29.718
13.5033
17.5083
21.8044
18.2782
33.1412
17.6301
22.0185
14.282
17.2593
18.3671
15.8927
19.9574
17.5381
23.2849
22.1138
16.5974
17.1585
20.5623
25.062
16.585
22.5338
17.5184
22.6522
18.3143
15.8939
15.8605
20.2086
14.9575
15.9633
17.7742
25.5408
14.1855
19.0954
16.0778
19.556
15.5167
19.5443
18.3857
17.1363
22.5954
17.7955
15.5728
23.6549
14.7598
17.851
21.6772
15.1239
16.1242
23.8224
18.7553
19.9942
21.2762
20.0378
18.0542
16.5428
16.8435
13.8561
16.8202
20.54
19.6879
18.8702
13.1883
27.0024
14.2993
15.1325
15.872
20.4783
19.3663
31.4185
15.8675
16.6178
15.9499
13.4581
18.985
24.0491
16.4985
18.3777
15.569
19.654
31.036
16.6935
17.1088
17.4498
15.5356
18.8318
14.604
18.756
16.9263
17.4238
16.3891
13.8167
15.7848
21.9271
15.6257
15.2668
16.3512
16.3196
19.322
17.0537
17.2327
17.4002
18.5651
16.853
17.8807
18.854
19.1853
16.9292
13.898
14.8146
17.8741
19.2515
15.9396
22.4156
15.0667
15.4193
17.0184
16.3282
16.5359
14.4264
16.7897
19.9872
18.0793
23.6324
15.0723
21.0496
16.0255
19.8802
18.0458
20.4379
14.7227
20.4795
13.808
16.483
12.8025
14.2906
15.9452
18.752
19.3527
17.437
14.385
16.6652
13.5212
14.1958
17.9828
18.1466
19.6471
18.4506
18.8651
15.2035
17.3739
16.2608
16.9754
16.7382
23.2313
21.8679
17.6464
16.5095
17.698
15.7153
16.8158
21.6693
15.2326
13.887
15.3127
18.3578
16.7114
18.1847
16.1987
15.5416
19.4094
18.2246
15.6515
18.9227
16.3208
24.5126
13.6023
16.7701
16.476
15.2349
19.579
20.1612
19.656
22.9553
16.6083
16.4637
14.3269
13.7807
18.9007
17.861
15.6536
17.5853
14.3082
16.6519
22.8175
20.754
13.9196
14.6892
17.3653
19.9398
23.7602
16.7216
16.1333
16.0839
15.1691
16.794
22.5215
15.6327
16.0044
16.6591
16.3332
20.5492
18.9709
12.4828
18.2681
21.0618
18.1258
16.0382
16.4983
14.4771
15.6314
14.5859
19.3494
17.2562
25.5915
18.3078
18.1427
20.0274
13.1484
14.1217
13.4203
20.7372
17.6929
17.2361
18.4505
16.1671
23.1254
17.1657
15.1889
18.2945
14.7425
19.823
17.7899
18.1259
17.2847
17.3027
12.9215
19.0537
20.4826
20.4524
17.2937
16.2049
18.2696
16.8615
16.6278
19.869
17.1265
18.8954
16.0526
21.4928
14.6117
15.2514
17.2964
20.4701
14.129
14.4422
22.0243
19.2881
15.6581
19.0488
17.9107
17.7466
15.0776
13.9577
17.3868
23.5399
18.3512
18.6077
14.8063
14.6866
24.8699
17.3613
13.9511
16.1544
18.4764
14.2247
14.9821
13.4281
16.9103
15.5482
18.9936
17.2124
19.9208
25.8396
14.5728
22.0474
19.3978
25.9226
23.9576
17.5486
20.5117
18.2146
16.4298
14.5342
18.7544
21.2112
14.0831
19.0928
20.7496
14.4849
25.4374
13.4494
14.6103
21.2076
16.6797
19.0493
15.6575
17.3685
15.6842
15.7719
16.5796
19.2855
16.0938
17.1908
14.9178
17.3252
15.7436
23.8424
13.8652
13.9843
16.9404
16.8677
16.7172
18.5477
14.6491
20.507
16.9838
14.989
15.7017
22.1062
14.8552
23.4794
21.4681
15.334
18.7127
25.0258
18.2096
22.2654
19.3659
18.1443
14.4916
17.1034
16.6176
14.5533
13.6647
20.1419
21.175
16.9145
19.1306
15.4469
17.0002
17.9922
14.9837
16.6704
24.1192
28.8863
18.3158
23.3861
17.7967
22.8224
16.3333
16.331
13.0977
13.7938
15.8068
20.4118
23.125
27.5083
18.6717
14.2575
16.9952
16.912
14.6892
21.3905
22.5325
19.5981
16.8119
15.6245
29.2792
15.2053
18.6183
15.3925
17.9653
15.4553
18.2423
14.6413
15.3749
14.2551
19.5327
25.8083
14.1411
14.7579
15.6986
18.5369
21.0621
18.13
14.5654
17.1871
18.7297
15.7666
14.3954
17.2426
16.4601
16.2433
17.5802
20.442
15.4107
21.1368
20.1584
22.9483
13.6431
22.262
19.7894
14.3211
21.3019
15.8233
12.3393
17.3778
19.6069
15.2125
18.4515
16.9746
17.5585
14.8594
16.5905
16.1584
19.1701
16.9303
16.0688
22.0221
17.7849
16.5375
20.273
18.5169
15.4584
20.4573
18.9259
17.3809
22.2213
15.6808
14.0622
16.1883
21.3741
26.4263
20.1365
16.5114
18.3812
20.6072
16.3797
14.3197
19.9739
16.7775
18.9307
19.9044
17.149
18.3022
16.9576
26.4298
14.4618
21.8243
19.6671
15.6247
16.224
17.2131
16.7583
15.7915
17.5839
15.9239
19.2752
16.199
15.1762
14.2594
19.9186
15.7542
16.0744
14.3122
24.6145
15.9695
16.3558
22.7901
18.2199
22.581
16.5985
14.8625
17.3188
14.0101
17.8753
17.5019
15.7869
15.8122
19.7761
15.8695
15.7737
18.8711
19.6164
19.8251
14.8838
13.9587
14.2983
13.7132
16.3671
14.7344
16.9116
17.3902
20.5291
16.2177
16.9529
14.2054
14.68
17.4884
18.8186
17.9216
17.91
20.0335
20.8132
18.8923
17.0636
16.3572
15.5347
17.8378
19.649
14.1257
21.2496
21.5052
15.5211
21.5594
17.5831
17.3829
16.8565
19.6441
21.4718
23.4096
18.3826
18.3639
15.7222
18.062
17.4732
24.5117
14.6133
18.8594
17.7998
22.9411
23.5264
15.9188
15.3754
13.845
14.8576
24.0006
24.0946
20.7901
13.9522
20.9552
17.7849
17.8508
20.1601
17.6493
25.9072
23.9147
17.2146
21.6699
20.3879
17.8989
16.4995
15.9352
20.6539
17.024
32.4759
17.8223
17.8388
14.6298
16.7621
17.1966
16.3684
18.7955
19.2587
18.5412
16.946
23.3107
17.1696
17.1171
15.7402
19.0326
13.6897
21.9078
15.1432
19.8604
16.1284
17.4525
19.5485
19.8396
21.1992
19.8058
15.9862
17.0513
18.479
16.915
14.4224
15.6296
15.991
21.1123
18.0678
15.28
14.5003
19.1873
21.4949
17.048
19.5524
19.2988
23.9106
14.7502
17.5346
13.055
17.5
21.3207
15.8408
18.1038
25.097
18.1766
19.0989
16.0412
15.6892
20.2211
16.0521
14.1838
16.7101
19.3806
18.6666
16.8777
21.0077
14.613
18.592
15.8162
21.814
16.3119
14.4217
17.3014
16.0716
17.1062
26.1878
14.3294
20.2063
19.0579
21.7936
17.1596
21.055
14.3261
17.2831
18.984
16.6379
19.1155
18.1286
19.4222
15.9248
16.6629
15.6738
17.4111
22.0968
18.9828
19.0039
17.7202
17.5343
16.5567
16.2559
17.3206
24.2393
17.4285
14.2866
15.0922
17.6789
17.7513
20.4344
18.8084
15.8346
12.6535
14.6165
16.6245
19.7386
21.039
16.9702
14.4687
16.6581
27.0804
21.157
16.5715
15.1373
18.1027
16.8056
24.8803
23.108
19.6304
15.9948
18.9196
16.1136
24.835
18.784
17.0358
17.019
18.1526
24.2483
18.9081
17.2807
20.4792
24.9994
16.9506
16.8698
16.6035
23.7692
17.631
14.5604
18.8453
16.1195
20.7963
25.7688
15.9077
14.0664
21.4709
17.0623
18.07
18.3166
17.2076
19.8863
17.1436
17.8392
24.1247
19.8657
18.2344
15.1925
19.1279
16.8312
19.362
19.7417
15.2269
18.2091
14.3373
19.6528
20.8101
18.3307
21.6189
20.7084
14.229
15.8926
19.3669
19.6582
15.2183
17.5947
19.1901
13.69
19.8278
17.9511
14.2306
21.6028
14.4265
20.7649
18.5514
20.301
16.2908
15.7046
20.6382
21.7553
17.6786
17.1151
17.6906
20.4495
21.1122
18.1412
18.9953
15.6333
13.1442
12.2029
17.3655
16.3524
16.1226
16.3518
20.2235
17.3493
15.3559
15.651
17.1691
14.2312
19.7609
17.1149
19.9665
15.6644
19.3829
26.3226
17.3646
20.1558
20.9526
17.3438
14.1941
20.7822
18.5327
17.5307
13.9382
14.7227
14.4642
18.9853
15.4133
18.0956
28.4741
16.0744
25.839
23.6961
21.3352
21.2851
17.4582
17.2611
17.5481
14.8083
16.9124
21.7062
18.2071
18.5838
14.5612
15.3836
13.4985
21.9367
21.2662
17.2224
19.1481
17.2435
18.36
18.4888
16.9547
13.272
18.0367
15.515
21.0087
17.8238
17.5233
23.3019
24.1877
17.4941
21.1288
16.9244
13.7011
16.1365
19.0484
19.5423
16.3224
17.3049
19.6077
24.1916
19.1274
18.6678
15.5088
20.8949
16.8143
17.5845
15.9627
17.1306
25.6966
18.5616
14.3954
22.9966
14.5924
15.0203
14.3463
17.2133
21.0836
18.4468
18.1742
19.0424
14.8274
13.818
19.2932
17.9844
19.7083
17.4767
18.8179
14.149
15.9209
19.437
14.7361
17.8349
16.352
15.5875
19.8222
28.8642
15.6663
23.526
20.1698
15.8653
16.1353
17.1509
17.1852
18.7997
14.3608
20.0054
14.6987
16.261
19.0076
18.1704
17.4977
18.2614
14.0975
17.5103
24.0084
28.5768
15.254
14.7004
16.9732
17.7723
14.592
19.352
22.4254
17.8479
16.7355
15.1082
16.3807
14.4801
19.2289
16.9013
16.6327
14.5445
23.1151
16.2757
25.9542
23.132
14.7517
16.5074
16.875
22.4559
17.0527
24.6289
14.497
16.3255
19.85
15.9257
13.5372
16.6156
16.9198
16.7606
15.7184
17.5996
15.214
15.0401
17.485
20.61
15.2454
14.9385
13.5512
19.8457
17.8707
16.1828
14.9538
19.1797
15.4028
19.2543
16.0083
12.8906
17.7798
12.4547
13.9527
16.1635
42.2726
17.5047
15.6626
16.2248
12.282
13.2131
19.1583
19.3224
20.4318
13.656
13.5768
23.183
14.4283
18.8784
19.2828
17.9138
16.3052
16.2086
23.4538
14.1625
14.714
18.8515
18.9409
20.7364
16.1461
24.7683
24.1253
19.0328
14.3296
16.4771
22.8102
14.1483
23.5475
16.8212
14.1445
15.2122
22.3382
19.6746
16.5296
14.268
25.847
15.9554
16.8567
16.006
24.0036
15.2338
20.9727
15.9527
21.7992
16.9108
21.9811
15.9241
27.7562
17.2528
17.7733
15.653
16.1351
18.8137
16.6755
21.4438
13.7161
15.7103
17.3763
20.3313
15.9487
14.8723
18.3646
17.9223
16.45
26.4409
20.8751
16.5356
19.7382
19.6667
16.7239
14.5471
16.3522
19.9597
19.8318
15.3606
14.1602
21.0296
15.7561
16.2729
15.3097
15.7872
13.6552
18.0432
22.621
17.5734
13.5236
14.0696
16.2168
17.016
16.9073
19.6391
15.9533
19.6935
15.2544
20.4846
15.6938
14.5343
16.8834
15.6891
15.8203
23.6244
14.6878
15.3112
19.097
21.0362
16.1011
17.6659
18.7682
18.1364
13.802
16.8933
18.8575
19.5712
18.0113
18.1173
15.4101
17.0999
15.1111
16.5388
17.0021
14.4949
13.5723
15.7509
15.0487
17.326
17.3055
16.6296
17.2668
17.9293
20.8614
17.5584
17.0735
19.8876
17.355
18.9883
15.4268
15.4555
13.4651
17.7529
17.0758
22.1507
14.2252
23.9127
22.9674
19.2997
13.1227
16.3942
15.0558
16.2466
16.1833
16.9427
18.4685
23.4624
15.8134
12.3477
19.39
20.8204
19.5917
15.7923
17.9823
17.9776
15.9697
14.8272
13.1907
19.2769
20.0335
13.681
21.7158
14.8124
15.7092
17.0305
15.3615
22.6317
18.275
17.256
18.8019
32.3304
15.2798
22.5217
16.5976
17.8317
19.9616
15.7559
18.2734
15.6095
17.8984
16.9375
15.8127
18.0435
13.0332
18.6228
11.8505
13.8737
16.2803
21.7677
30.3823
16.7059
23.4975
15.7478
20.6475
18.9498
15.0379
15.1492
17.9104
18.0116
14.0319
19.3296
24.1364
15.8866
16.7322
17.0677
13.8465
20.6957
15.805
16.3905
19.8809
19.5757
21.4082
19.0572
19.1197
27.5619
16.8431
14.4195
15.0805
15.5864
22.677
16.8371
19.1511
19.3245
27.1196
20.8918
18.38
15.3899
14.3819
18.7857
18.77
17.4342
19.8778
15.6833
20.8864
18.3956
19.2371
21.4463
17.1468
15.0211
18.3554
18.3675
20.7385
17.3705
16.877
14.8727
17.6122
17.822
16.8613
21.2593
20.1459
16.6757
18.443
14.5442
15.0657
18.3367
15.0162
14.2869
15.4702
20.1856
16.5926
15.9059
14.8912
21.4792
18.8811
19.3748
15.582
13.8363
20.8768
25.9302
14.0424
17.2678
22.5438
21.7476
22.0264
17.2756
16.3205
18.2588
20.7488
19.0799
17.7778
15.5356
15.8534
19.1092
24.745
14.545
17.2731
18.7372
19.6519
18.8597
18.1347
17.4043
25.2031
15.0847
16.7485
17.5912
15.3555
16.083
13.8588
17.7407
17.6737
21.0887
14.0954
15.2678
19.1542
17.4398
19.5358
14.1713
12.9847
14.9414
15.7549
16.7348
16.5194
20.0038
20.1635
16.4279
15.6741
24.6075
20.116
15.2481
16.5523
17.753
13.6206
23.0113
19.2242
14.3151
17.3245
21.2043
22.0998
17.2783
16.8368
16.427
18.3303
14.9814
13.4936
22.4606
17.9525
14.3795
13.4841
15.5781
19.0852
25.671
16.4477
18.1793
21.6877
21.6622
16.4965
19.5785
14.5272
16.9659
16.6779
13.5415
22.6478
22.1054
14.8095
18.3495
30.7035
14.9961
15.8604
13.9693
19.2471
23.2207
20.8982
16.2569
17.202
16.2221
19.0255
20.8664
15.2405
17.1044
17.1011
20.2358
17.3324
17.2256
16.3319
18.6842
18.9831
17.4486
16.9492
24.6694
17.0462
15.9422
15.1771
15.0186
16.8646
14.1937
15.4723
13.9096
15.4488
14.3901
14.9152
17.1069
21.6105
13.8627
17.4671
19.3021
13.4804
12.4724
16.2973
22.046
22.7883
16.0282
16.9366
17.3964
24.8511
18.6049
19.7078
