5.99944
5.50783
5.39503
5.99734
5.97395
5.641
6.85614
6.43811
5.43346
5.53096
5.4406
5.85548
6.38955
5.77253
5.54419
6.46665
5.16646
5.47162
5.20052
6.12225
6.27923
7.01276
5.1609
5.14064
6.22324
5.39664
5.47282
5.73563
5.25348
6.45801
5.8538
4.88053
6.18043
5.3196
5.1435
7.36899
5.24569
5.40385
6.75016
6.27887
5.24501
4.93113
5.18262
5.70956
5.64197
5.32287
5.3473
6.11566
5.71329
6.0915
5.85225
5.71938
5.57667
5.50142
4.88982
5.75494
6.18103
5.22332
5.54623
5.6878
5.59288
5.69105
6.42445
5.49813
5.0654
5.21489
5.21688
5.75665
4.74092
5.62084
5.18072
6.06004
5.78558
5.49633
5.42331
5.55272
5.09565
5.61553
5.54905
5.97116
6.18272
4.79639
5.20622
5.99332
5.36477
5.2926
5.56967
5.32367
5.44056
5.30806
6.52108
6.20615
5.49756
4.71154
5.22476
5.37821
5.45991
5.54016
4.9886
6.26034
5.10725
5.37556
6.0484
5.44648
5.52639
5.88347
5.14815
5.70051
5.8989
5.43778
6.09331
5.36682
5.13911
5.634
5.30576
5.26692
5.32631
5.31468
5.13843
5.51435
6.12456
6.2402
5.90995
6.04008
5.1778
5.47739
5.04958
6.07859
6.00831
5.34877
5.65657
5.53749
5.34282
5.23931
5.90684
6.18749
5.4953
5.47252
5.45197
5.82817
5.61028
5.79194
6.21517
4.94292
5.50309
5.64371
6.14452
6.52468
5.7977
6.03495
4.88396
5.37714
5.83351
5.22218
5.2848
5.52717
5.86882
5.77293
5.8605
5.70041
5.34887
5.95712
7.00529
5.57656
5.35239
5.23562
5.83296
5.67895
5.73798
5.6244
6.14965
5.21241
5.2802
5.88078
5.13075
5.31981
5.92583
6.21322
5.21287
6.12437
5.60175
5.48163
5.42177
5.67875
5.73168
4.79827
5.61038
5.50583
5.53922
5.69688
5.64799
6.40322
5.87049
5.78455
5.533
4.9901
6.07657
6.00942
5.54337
5.46435
6.17876
5.0102
6.10386
5.48737
5.91646
5.89273
5.19796
6.83584
6.19313
5.06336
5.45704
5.80711
4.99917
5.41066
5.9716
6.04139
5.81454
5.77013
5.42945
5.44586
5.70271
6.65836
5.18656
6.07823
5.26109
5.68835
5.68935
4.99842
5.12968
6.13064
6.52624
5.25623
5.85662
6.34596
5.97445
5.38284
5.23648
5.5397
6.25553
5.9666
5.73409
5.88207
5.91989
5.67805
5.06429
5.24431
5.83247
5.47998
5.62143
5.97402
5.36314
5.48725
5.68948
6.19426
5.33913
5.93495
5.78424
5.6394
5.18089
5.69596
6.09839
5.77333
5.4785
5.3114
5.39484
5.79197
6.43579
7.19046
5.34613
7.34624
5.31871
5.4472
5.43845
5.53513
5.16745
7.05831
5.5959
6.05878
5.48231
6.07514
5.42329
4.72892
5.56897
6.00089
5.50575
6.39938
6.1895
5.80591
5.78442
5.30922
5.89496
5.57069
5.69321
5.55753
5.68379
6.62447
5.88271
5.51311
5.59168
5.64339
6.04347
6.27124
5.45191
5.54647
7.00608
5.67542
5.36365
6.62515
4.97593
5.9517
5.99546
5.38797
5.49451
6.7495
5.94557
6.20741
6.90028
5.47617
5.36643
5.90763
5.22971
5.0486
4.87713
4.71419
5.2393
5.76966
5.99048
5.92918
5.83095
6.18863
5.57213
5.33018
6.01589
5.36859
5.45294
5.15119
5.40823
6.70711
5.99924
5.30305
5.86472
5.80688
5.16139
5.40958
5.1678
5.46717
5.53622
6.51525
5.2623
5.36472
5.57849
5.46244
6.22992
5.22316
5.41111
6.29035
5.65587
5.37572
5.41574
6.6759
5.59606
5.51583
5.81118
6.60766
5.36325
5.56792
4.98976
5.79766
5.275
6.15468
5.73111
5.81427
6.01011
5.75191
6.1986
5.56887
5.76594
5.27674
5.37068
5.23851
5.69256
6.75203
6.60242
6.18119
5.34013
5.75123
5.58143
5.2886
5.55989
5.3812
6.08715
4.97772
5.23479
5.84909
5.5961
5.92579
5.56605
5.31483
5.46517
5.56687
5.8819
5.25216
5.63947
6.06645
5.17843
5.51166
5.85325
5.37715
5.09634
5.7995
6.40603
5.52299
5.63145
5.34898
5.42759
5.72682
5.42608
5.91013
5.60835
5.58768
5.22301
5.29924
5.92709
6.42828
6.2416
5.76261
5.86575
5.30592
5.77779
5.54182
5.88052
5.59331
5.57745
5.53644
5.47019
5.95265
5.85796
5.55173
5.09186
5.59072
5.81748
5.828
5.90748
5.59216
5.67032
5.9194
5.17569
5.17379
6.21641
6.45751
6.45099
5.61386
5.3723
5.43647
5.91847
6.08804
5.60777
5.40607
6.14493
5.72935
5.62605
5.43261
5.28159
6.67863
5.06328
5.4828
6.15936
5.99765
5.25758
5.89056
5.5636
5.74034
5.83393
6.11974
6.03102
5.37
6.65268
5.56355
5.62904
5.63063
5.45449
5.67543
5.78835
5.80837
6.06341
6.3627
5.50792
6.21709
5.6465
5.03595
5.92737
6.1193
5.34349
5.40051
6.01017
5.96352
5.7175
5.91715
5.05527
5.5958
5.52723
5.47561
5.18999
5.25219
5.65127
5.87306
5.75509
5.47645
5.00251
5.3671
6.07006
5.43558
6.64525
5.65216
6.12303
5.62865
5.69901
5.88612
4.8576
5.57192
5.81935
4.89499
5.28895
6.32746
4.74498
7.25044
5.76196
5.59188
5.01524
5.70691
6.11612
5.6125
5.68732
5.48552
5.94494
6.3508
5.86153
5.95603
5.65062
5.702
5.56988
6.10641
4.98571
5.00642
6.07931
6.2055
5.30897
5.17958
6.22019
5.45083
5.64327
5.70077
5.71698
6.20366
6.02556
5.76788
6.22992
5.685
5.08849
5.94452
5.85433
5.64207
5.0781
6.37173
5.09837
6.7105
5.56722
5.94373
5.62075
5.85566
5.43434
5.26322
5.86156
5.25011
5.63961
6.10062
6.60497
5.34255
6.10059
5.7256
6.23059
5.48166
6.50182
5.43594
5.22212
5.4572
5.45544
5.08844
5.31976
6.00009
5.76919
6.55623
5.69586
5.50686
6.01253
6.1581
5.74122
5.08566
5.34201
5.28998
6.28016
5.56752
5.35348
5.93517
5.7975
5.53022
5.5418
4.80195
5.52009
4.97452
6.19241
5.42554
5.45385
5.83382
5.48431
5.17853
5.94749
5.47038
5.42628
5.41403
5.53819
5.92869
4.99564
5.55938
5.67755
4.92774
5.37885
4.92984
5.99284
5.66337
4.79413
5.56939
5.76868
5.7056
5.25852
6.1991
5.70641
5.24172
6.43625
5.8744
6.16407
6.04837
5.94954
5.46673
4.97243
5.75524
5.76222
5.75088
5.73707
6.14292
4.93387
6.19278
5.42594
5.1741
6.77856
6.28737
5.61152
5.41302
6.04951
6.92258
5.84378
5.69423
5.60889
6.39402
5.264
7.74671
5.88743
5.47534
5.66216
5.70936
5.60856
5.96617
5.979
6.17406
5.48676
5.7826
5.9131
5.939
5.46527
5.90774
5.54477
6.05772
5.25993
5.63752
5.65663
5.61905
5.45905
5.31114
5.59099
5.75077
5.21125
5.49153
5.94595
5.61613
6.09985
5.67427
5.98547
6.01456
5.71507
5.24688
5.97679
5.86673
6.13574
5.24181
5.38211
5.41219
5.32115
5.9367
5.40952
5.67091
5.30299
5.35038
5.39843
5.69691
5.48487
5.60518
5.21433
5.71322
6.55555
5.93624
5.69205
5.78975
5.57748
5.33879
5.59744
5.78607
5.75405
5.26381
5.66302
5.04482
5.12646
6.14525
6.00957
5.94687
5.82295
5.3701
5.67908
6.17479
6.50232
5.96176
6.23671
5.57941
5.92338
5.49505
5.41354
5.99962
5.29061
5.38781
5.63545
5.62931
6.2492
6.48482
5.35418
5.29362
6.15492
5.4188
5.85717
5.26416
5.04666
5.96286
6.20926
5.70955
5.49753
6.17958
5.71607
5.33835
5.47154
5.3117
6.51558
5.20487
5.62201
6.28709
5.67862
5.57785
5.12236
5.65486
5.8149
4.9726
5.45076
5.49917
6.51628
5.69586
5.80977
4.93602
5.10835
5.95357
7.12186
5.50683
5.19221
5.34412
5.7858
5.17888
6.02257
5.18145
6.90055
5.25772
5.20986
5.33171
5.85691
5.58403
4.88191
5.48492
5.91288
7.28433
6.2349
5.42844
5.95721
5.54828
6.19667
5.57508
5.72844
5.64401
5.96964
5.16179
5.70985
6.07422
5.26228
5.36335
6.45303
5.46021
6.18678
5.76538
5.6677
5.83249
5.28177
5.34634
5.48842
5.56261
5.63597
5.78776
5.6288
5.88642
4.93982
5.79979
5.96346
5.50638
5.95921
5.74944
6.23805
4.82056
5.72525
5.01606
5.56255
5.84046
6.03937
5.49655
4.93243
5.17417
5.87133
5.82566
5.47271
5.01098
5.56337
6.00047
6.88947
5.865
6.39958
5.56419
6.13247
5.86431
5.49589
5.62591
5.45175
6.36736
4.99068
5.30942
6.12903
5.48127
5.29133
5.1275
6.62646
5.55707
6.30863
5.11763
6.12453
5.62099
6.47855
5.53688
5.79597
6.07956
5.52157
5.08189
6.34818
5.37864
5.49622
5.40595
5.51827
5.59769
6.21265
5.55098
5.56604
5.20812
6.24824
5.70218
5.99489
4.96302
5.58605
5.47682
6.40476
5.33076
5.63292
6.32356
5.32103
5.37601
5.73911
6.16678
5.80395
6.07933
5.76126
5.53039
7.54585
5.9673
5.68669
5.64373
8.33961
5.43827
5.65297
5.99244
5.07343
5.38107
5.2662
5.94966
5.60237
6.29404
5.35452
5.6937
5.70903
5.98878
5.36334
5.68168
5.92114
5.87667
5.37934
5.25486
4.98308
5.81088
5.32463
5.59824
5.5548
5.16989
6.27842
5.70663
5.59713
6.33225
5.94092
5.64518
5.94007
5.47317
4.89845
5.54383
4.9927
5.8026
6.0684
5.58186
5.91655
5.16056
4.95418
5.88946
5.58184
5.589
5.38895
5.21148
5.41096
5.13661
5.55146
5.82388
5.1935
5.80914
5.6098
5.82614
5.6619
5.25974
5.59419
5.89501
4.88503
6.37738
5.49833
5.61825
5.18403
5.86522
5.67874
6.003
5.69368
5.52405
5.14875
5.59264
6.94965
5.42845
5.49129
5.3898
5.49088
5.56126
6.14313
5.18711
5.68425
6.02525
5.65593
5.48505
5.65714
5.58052
5.85438
5.72566
6.2704
5.72611
5.57828
5.42134
5.07182
5.57659
5.23281
5.14689
5.58924
5.9332
5.63545
5.66927
5.45217
5.68434
5.64867
5.96065
5.67587
5.55579
5.17041
6.21668
5.68126
6.14697
5.87733
5.2458
5.16056
6.16113
6.16269
5.43673
5.28764
5.94388
5.41622
5.99284
5.39406
5.22958
5.53868
5.60047
6.17034
5.43019
5.69239
5.34345
5.39831
5.56444
5.78193
6.03725
6.1406
6.06483
6.14987
5.61455
5.9062
5.34193
6.53976
7.00344
5.34093
5.55792
6.48828
5.85927
5.57637
5.58852
7.56714
5.74524
5.26486
5.53834
5.74339
5.15501
6.93008
6.49023
6.33242
5.86134
5.78076
5.47506
5.60349
5.27963
5.69039
5.60138
6.16908
5.42266
5.60493
5.29892
5.91667
5.87744
5.39066
5.77288
6.16821
5.84326
6.06427
5.65237
6.49356
5.24988
4.98323
6.60991
6.11277
5.83223
5.6623
6.61179
6.36716
6.96828
5.31721
5.49253
5.38023
5.56662
5.52325
6.25405
5.49625
5.49332
5.88295
5.79325
5.64176
5.91959
5.1365
5.77661
5.84518
5.26723
5.53529
5.9915
5.29611
5.43858
5.18286
5.36438
4.83268
6.16048
5.35818
5.84102
6.11643
5.91503
5.311
5.39722
5.67759
5.50099
5.32609
5.62923
5.17615
5.29356
6.28329
5.66388
5.65295
6.10735
5.65982
5.33118
6.29069
5.38026
6.84675
6.25002
6.05952
5.82375
5.50489
5.50677
5.45179
5.83559
5.868
5.00786
6.29284
4.97151
5.17495
5.62638
6.4528
5.81953
5.37819
5.68696
5.07269
4.93251
5.52373
6.01916
5.86651
5.62219
5.37403
4.72094
5.96392
5.44488
5.90225
5.66433
6.37916
6.19699
5.40042
5.22426
5.41001
6.37247
5.31282
5.29265
5.60541
5.49232
6.62287
6.16978
5.66355
6.00171
6.15676
5.85712
5.97059
4.86092
6.31031
5.15137
5.87469
5.12701
5.01614
5.44353
6.2116
5.87431
6.18451
5.90955
6.12672
5.65849
5.2469
6.52962
5.80219
5.96899
5.7589
5.5244
5.18053
5.24237
5.88516
5.43791
5.6459
5.28075
5.92945
5.28032
5.33688
5.73305
5.45889
6.35111
5.67236
5.62091
5.64976
5.65133
5.98189
5.79765
5.81921
5.30088
5.70605
5.67868
5.81301
5.35502
6.14724
5.57162
5.35664
5.59666
6.20378
5.83172
6.09275
5.66865
5.71908
5.80868
5.84066
7.08158
6.23826
6.08377
6.29819
5.94029
5.30297
5.69264
5.13582
5.76589
5.817
6.19149
5.63236
5.76604
5.23565
6.24235
5.56782
5.25476
5.45872
5.15655
5.36004
5.31925
6.32599
5.42368
5.69052
5.69703
4.92624
5.12377
6.47059
6.57572
5.57418
5.36805
5.61294
5.56681
6.25534
5.58931
5.61876
5.28869
5.75207
5.34291
5.39659
5.685
5.88714
5.37917
6.10777
5.64728
5.41373
6.62334
5.71189
5.76943
6.08881
5.25454
5.04744
5.80254
5.43292
5.05983
5.77563
6.19825
5.78545
5.7035
5.83639
5.01463
6.31556
5.31863
5.82187
4.93077
5.31012
6.04551
6.00504
5.10413
5.90819
5.78282
6.40234
5.49265
4.95895
6.72393
5.49301
5.41542
5.69611
6.09207
5.59484
6.23474
5.44812
5.44041
5.77867
5.48348
5.77267
5.90964
5.705
5.89389
5.8908
5.47368
6.42589
5.02352
6.15394
6.30764
5.55571
5.43121
6.22008
5.36695
5.78942
5.4861
5.18051
5.64039
5.51566
6.46258
5.59539
5.80427
5.58397
4.82288
5.12776
5.43693
4.77683
5.29935
5.05042
5.28628
5.29775
5.60795
5.62553
5.39975
5.63296
6.1286
5.35147
5.75078
5.2173
5.8607
5.10399
5.33078
5.46471
5.0234
6.05187
6.19672
5.50462
5.5634
5.69198
5.70404
5.9214
6.40371
6.13988
5.71633
5.58998
5.53702
5.98669
5.51742
5.20981
5.8394
6.34951
5.22519
5.29863
5.17166
5.69716
5.78283
5.9699
5.26509
5.62724
6.83003
5.95851
5.627
5.69066
5.49586
5.54406
6.31109
6.70608
5.1495
5.91037
5.70976
5.77254
5.14883
6.15063
5.95269
6.04699
5.17442
5.31653
5.50387
5.84387
5.4359
5.43386
5.12925
5.61546
5.54106
5.33769
5.67128
5.83978
6.14279
6.07227
6.69664
5.49796
5.76084
6.11929
5.82812
5.66396
7.34343
6.41426
6.18704
6.03775
5.15785
5.21286
5.41134
5.65856
5.73092
5.59379
5.74047
5.69103
6.82725
5.92856
5.37183
5.16764
5.42112
5.85799
5.59198
5.73963
5.62387
5.41702
4.88321
5.16517
4.87968
5.90163
5.43625
5.84857
5.48952
6.33832
5.46826
5.57497
6.36304
5.75102
5.68717
5.18512
5.69907
5.17322
5.27248
5.68753
5.81915
5.96103
6.11052
6.29702
5.84581
5.50024
6.03453
5.47881
5.57928
6.02169
6.28389
5.09639
5.34234
5.71025
5.56977
5.80433
5.11934
5.74585
5.25703
5.35471
5.05564
6.39236
5.41971
5.85348
5.03855
6.24306
5.13598
5.54393
5.66711
5.43082
6.21026
5.3021
6.12884
6.08053
5.82968
5.69898
5.6024
5.43577
5.54766
5.09516
5.4527
5.91068
5.26823
5.53138
5.56671
6.00799
5.88747
5.66835
6.02697
5.6178
5.33015
5.85984
5.64256
6.08093
6.36332
5.5327
5.59391
5.71442
5.45452
6.97003
5.46324
5.4391
5.90225
5.35061
5.63121
6.36586
5.7904
5.43841
5.80657
5.97237
6.56311
5.58385
5.73801
6.03202
6.00938
5.80929
5.55005
5.39868
5.73217
5.36415
6.20119
5.88186
6.54263
5.97672
5.26796
5.76454
5.35559
5.70058
6.14204
5.33602
5.49636
5.6556
5.358
5.97608
6.02336
5.68351
5.5738
5.43521
5.47649
4.90801
6.40339
4.89625
5.57856
5.30085
5.24302
5.60219
5.66817
6.17257
6.32101
5.40724
6.05519
5.5218
6.36585
5.67564
5.56706
5.0498
5.47839
4.80079
5.95678
6.12637
6.23086
6.37536
5.22031
6.23645
5.67596
5.00971
6.52182
5.79355
5.6683
5.19165
5.40433
5.33445
6.65146
5.53027
5.67564
5.6982
5.38883
5.94184
5.37846
5.4333
5.84752
6.98246
5.49171
5.23488
5.34248
5.24867
6.25799
5.46098
5.17565
5.68012
5.84537
5.30735
5.67885
5.18723
6.04073
6.11989
5.92846
5.27949
5.59979
5.53143
5.31763
4.96145
5.4586
5.41245
6.03463
5.4755
6.00439
5.7031
5.39611
6.11584
6.04947
4.98725
5.66129
5.95821
5.61435
5.67264
5.18298
5.3355
6.09623
5.43894
5.30738
5.24558
5.72735
5.47191
5.45401
6.70667
6.03117
6.25181
6.3085
5.48884
5.83343
6.22616
5.50961
6.02158
5.19017
5.88179
6.65372
5.72472
5.8783
6.43958
5.28544
6.25278
5.40608
5.74364
5.29671
5.59705
5.13183
6.2098
5.53431
4.92216
5.20963
5.51685
5.55738
5.70291
6.34949
5.56125
5.62023
4.86992
5.57508
6.22363
5.06839
5.15203
6.2258
5.70075
5.56043
4.95539
6.15208
5.85369
5.69434
4.96538
5.4998
5.98616
5.17951
5.30217
6.25412
5.1509
5.70684
5.75084
5.54435
5.81306
5.47604
5.39284
6.19873
5.85889
6.53473
6.12475
5.5506
6.2575
5.47343
5.81276
5.2276
5.97501
5.16637
5.47295
5.73622
5.26202
6.51189
5.48413
5.61097
5.29738
5.31375
5.627
6.49703
6.03544
6.22045
5.41952
5.33325
5.37656
5.44155
5.39941
5.20791
5.54908
5.26471
5.4499
5.80762
5.63558
6.26599
5.8178
5.03254
5.63833
5.00196
5.69126
5.52082
5.55006
5.35905
5.94134
6.1083
5.25963
5.20877
5.84996
5.39047
4.96072
5.41652
5.39548
6.27526
5.15156
6.23984
6.22549
5.43433
5.1628
5.57347
6.99586
5.77097
5.35543
5.42027
6.06007
5.76523
5.46848
5.64214
6.66146
6.09725
5.75565
5.7752
5.30128
5.49555
6.02687
6.19787
6.14913
5.35931
5.61154
5.6186
5.77797
5.34583
6.43359
5.50218
5.32686
5.56583
5.67302
5.40144
5.86148
5.5573
5.18848
5.09796
5.44498
5.24194
5.41837
5.16119
4.60865
6.80904
5.66972
6.67057
5.58637
5.82578
5.35887
5.09794
5.59761
5.5717
5.51064
5.60424
5.07476
6.33362
5.71891
5.47455
5.404
5.47878
6.21081
5.5707
6.25598
5.87165
6.10156
5.32622
5.55945
5.30725
5.56037
5.58337
5.26029
5.51927
5.45861
5.63727
5.8889
5.65294
5.91285
5.3343
5.04341
5.25424
5.63987
5.43852
5.48014
5.76467
5.60683
5.80848
5.32097
5.54535
5.27519
5.14645
5.43466
5.06399
5.58554
6.14436
5.81609
5.18457
5.68709
4.98139
5.29146
5.39089
6.05131
4.97829
6.04167
5.97444
5.32165
5.29924
5.51328
5.02648
7.23166
4.94438
5.57926
6.35868
5.3876
6.02952
5.1236
5.98604
5.36197
6.2225
5.32279
5.14128
5.56131
5.74852
5.36188
5.22024
5.33056
5.68487
5.47901
5.16927
5.43216
5.72073
5.58108
5.24025
5.23159
5.54457
5.34284
5.51406
5.57987
5.69968
6.55365
5.32659
6.32385
5.47681
6.09159
6.37497
5.70832
5.50387
5.84048
6.30994
5.08252
5.88603
5.42212
6.46404
5.4918
6.71021
5.42257
5.81882
5.20951
5.76571
6.02071
5.72591
5.73229
5.89494
5.63513
5.62665
5.58125
5.99411
5.74633
5.5975
5.56476
6.49015
6.18302
6.01801
5.81554
5.19032
4.94981
5.8022
6.1231
6.4729
5.89647
6.00113
6.21905
5.10066
5.55064
6.22039
5.87239
5.78344
4.98716
6.28034
5.2605
5.7948
5.42177
5.24011
5.67434
5.15353
5.29838
5.59739
5.22971
5.65429
5.63638
5.51655
6.27634
5.13688
4.72866
5.60513
5.89804
6.17624
5.39849
6.61833
4.84717
4.99564
5.3773
6.00883
5.17137
5.70541
6.41759
5.16081
5.22259
5.56761
5.13929
6.33658
5.75341
5.8485
7.16964
5.89969
5.53193
5.76008
5.09269
5.68678
5.62401
6.11124
5.34983
6.31418
6.58012
5.35958
6.09614
5.95012
5.58376
6.71159
5.96553
5.76036
5.78558
4.9782
5.88046
5.61331
5.08955
6.23445
5.47227
5.82074
6.1311
6.10084
5.89341
5.37674
5.28128
6.41802
5.57572
6.04653
6.2356
5.98705
5.1942
5.67237
6.66328
6.75217
5.17957
4.89201
5.81464
5.34168
5.95154
5.55133
5.39347
5.92977
6.11198
4.9894
5.81842
6.27333
6.08879
5.85468
6.60355
5.42816
5.02036
5.50381
5.45954
5.30003
5.44764
5.1696
5.54933
6.59134
4.94911
5.25198
5.61227
5.7531
5.33883
6.09677
5.88191
5.43384
6.24089
5.33672
5.71379
6.42651
5.60695
5.61267
5.12953
5.72896
6.24105
6.10123
5.68447
6.64625
5.41033
5.75892
5.60085
5.94819
5.92167
5.14609
5.02579
5.51951
5.65496
6.27171
5.32672
5.61888
5.74513
5.71856
5.8661
5.69338
5.53841
5.66962
5.36181
6.43137
5.07769
4.9168
6.12562
5.05166
5.46317
5.45102
5.50013
5.56993
6.9162
5.21552
6.2092
5.65733
5.59421
5.34717
5.07479
5.68306
5.61832
5.88127
5.85741
6.1485
5.57183
5.78496
6.49676
6.0279
5.44812
5.6407
5.58198
5.58511
5.49407
6.32817
5.926
5.97207
5.59112
5.72648
5.36862
5.61468
5.93178
5.60075
5.42416
5.64696
5.29407
6.03459
5.76011
5.62581
6.12565
5.35051
5.7202
5.01078
5.51816
5.17648
6.3938
5.28372
5.2976
6.39493
4.99512
6.03194
5.28927
5.82158
5.03676
5.20561
5.08467
5.36678
5.55236
5.30401
5.80068
5.34125
5.5654
5.11492
5.92513
5.74154
6.02693
5.45131
6.71841
5.45957
5.14123
5.14677
6.27836
5.3965
6.48082
5.46914
5.50648
6.36384
5.47751
5.13365
6.08514
5.1927
5.53155
5.73803
6.36183
5.6861
6.3739
5.8251
5.47857
5.37094
5.55223
6.13422
5.47213
5.87452
5.3935
5.35523
6.24574
5.79657
5.30162
6.32067
5.9013
5.85541
6.19482
6.08655
6.18864
5.27759
6.50301
5.03068
5.56174
5.85165
5.87383
5.39438
5.45371
5.49659
5.3934
5.68505
5.63573
5.27754
6.38969
6.42718
4.69657
5.54298
5.73389
5.45839
5.35698
6.43248
5.88104
5.63906
6.16103
6.36882
5.55678
6.06399
5.16262
6.51977
5.65153
6.00421
5.32537
5.216
5.28776
5.14114
5.05589
6.09042
5.12809
6.09272
5.93147
5.83155
5.39411
6.07135
6.16734
6.93507
5.56714
6.11715
5.62985
5.80193
4.83775
5.42096
5.94927
5.68009
5.21888
5.60602
5.66973
5.42624
5.36987
5.38199
6.28103
5.82654
5.69178
5.43778
6.06607
5.50718
5.28118
5.65625
5.10343
5.57614
6.73096
5.90856
5.77583
6.12342
5.9881
5.88721
5.60274
5.33297
5.37327
5.45387
6.5607
5.25829
5.13603
5.67524
5.50651
5.62596
5.34694
5.99849
5.24478
5.36239
5.11397
6.17115
6.05765
5.68404
6.76554
5.98275
6.71705
6.11086
5.1521
6.73292
6.24298
5.63307
6.34682
5.57491
5.76334
6.16194
5.80401
5.57081
5.91425
5.62331
5.41636
5.79083
5.59249
5.34138
5.39322
5.09977
5.26173
5.43148
5.62576
5.87828
5.72372
6.42765
5.3209
5.56044
6.51903
5.91298
5.85412
5.39178
5.69684
5.74515
6.03796
6.41076
5.54873
5.66657
5.8916
5.19096
5.52807
5.39582
5.92729
6.13013
6.63137
6.30961
5.16501
5.59846
5.31672
5.38101
5.21233
5.5756
5.47524
5.71769
5.18793
5.23633
5.41387
5.8919
6.25151
5.67135
5.6264
5.57632
5.83727
5.70261
5.77773
5.93443
6.95925
5.25056
5.72921
5.58905
5.72587
5.51885
5.49309
6.20216
5.40872
5.46315
5.64795
5.81835
5.95927
5.06542
6.19826
4.9746
5.55695
5.42653
5.98957
5.69769
5.274
5.98453
5.84829
5.30485
5.93064
5.75215
5.81959
5.29645
5.45586
5.22439
5.50588
6.17125
5.55901
6.24974
5.61153
6.10729
5.5058
5.82527
6.0957
5.51649
5.53477
5.25186
4.88237
5.57631
5.22318
5.61204
5.70855
5.93108
6.54149
7.54916
6.22722
5.62097
5.78846
5.53265
5.81324
5.5628
4.99978
5.47586
5.45704
5.40152
6.10107
5.37156
6.12423
5.50339
6.00919
5.51979
5.48785
5.47041
5.70151
5.97985
6.42027
5.72629
6.15155
5.52092
5.68848
5.73098
5.85701
5.66665
6.23683
5.85272
5.23198
5.64005
5.69721
6.18419
5.42816
5.62943
5.4824
5.85363
5.88165
5.45951
5.24453
5.26788
5.71727
5.72176
5.80158
5.94039
5.30517
5.74401
5.6078
4.96215
6.46223
5.02046
5.64741
5.4877
5.70367
5.75486
6.35134
4.97713
5.75456
6.34732
5.93008
5.34124
5.18628
5.96805
5.30683
5.44628
5.12683
6.36293
5.59303
5.47454
5.24014
5.19947
5.3154
5.28699
5.95647
6.17338
5.81028
5.24233
5.72536
5.67295
5.65586
5.11958
6.00027
5.99885
5.48118
5.62505
5.9851
6.06509
5.20282
5.2205
5.45015
4.96949
6.02409
5.74815
5.13374
5.79753
5.48524
5.30161
5.42918
5.85338
5.38171
5.36075
5.51665
5.61579
5.51326
5.61942
5.13268
5.22759
5.26387
6.53691
5.35605
5.3328
5.4383
5.59119
5.68922
5.77694
5.86335
5.07497
6.47669
5.87194
5.52242
5.91783
5.69916
5.695
4.90701
5.16375
6.0477
5.2221
5.48026
5.15912
5.05703
5.05507
5.74026
5.72988
5.39277
6.29634
4.94085
5.49102
5.47038
5.73338
5.10455
5.18384
7.23112
5.56644
5.77558
5.71044
5.5118
6.03547
5.06752
5.82086
5.48439
5.49446
5.44393
5.61092
6.40592
5.91406
5.40322
5.66103
6.00412
5.74486
5.13957
5.55263
5.70099
5.54541
5.65193
4.98292
5.84872
6.44908
5.87763
5.76477
6.0377
5.42374
6.41546
7.30046
6.31027
5.54871
6.05215
6.15527
5.9428
6.00575
5.35247
5.52578
5.79983
6.47154
4.95001
5.64071
5.1537
5.9057
6.15859
6.1792
5.2241
5.31831
6.24668
5.42278
6.0292
5.51145
5.94826
5.7724
5.88735
5.71305
6.41974
5.92275
5.56619
6.21423
5.88258
6.04469
5.94927
5.95354
6.53532
5.87512
6.36155
4.83019
4.98187
5.51459
4.79228
5.09427
5.59442
5.41387
5.93481
6.44475
5.27922
5.97543
5.0668
5.46806
5.9917
5.50245
5.25942
6.48096
6.65852
5.42267
5.77902
6.51651
5.70612
5.44123
5.19266
6.08773
5.55635
5.61696
5.3148
5.39279
5.15616
5.66002
5.06644
5.54756
5.46187
5.6087
5.7749
6.35319
5.28388
5.50778
5.35932
5.25031
5.00647
5.95672
5.19035
6.30656
5.01551
5.06201
5.30127
6.51595
5.53913
5.5789
5.78975
5.51529
5.70763
5.09857
5.71367
5.83565
5.26851
5.68722
5.64261
5.92933
5.84033
6.67075
5.08757
6.33876
6.2703
5.52687
5.63281
5.90138
5.1772
5.87322
5.11702
5.91608
5.91324
5.30951
5.6913
6.17797
5.39058
8.34464
5.73801
5.66449
5.18677
5.20185
4.98314
5.36506
5.52644
4.9842
5.17158
6.27604
5.3664
6.11659
5.78694
5.28988
5.13356
5.62629
6.2369
5.27274
5.55566
5.29741
5.29229
5.54672
5.95843
6.2726
5.49466
6.31565
5.46896
5.65429
5.51738
5.64952
5.21864
6.58372
6.58333
5.85797
6.42356
5.85347
6.00815
6.65144
4.96286
5.72321
5.50941
6.16922
6.08347
5.22304
5.63946
5.50163
6.07675
6.72017
5.09212
5.50624
5.15863
5.42523
5.68527
5.77746
5.54168
5.55918
5.34516
6.27726
5.31104
6.5478
6.02654
5.74384
5.44419
5.22558
6.43394
5.26473
5.0391
5.17604
5.57393
5.08062
5.46474
5.84477
5.73292
6.70091
5.95082
5.334
5.74453
4.85429
6.02304
6.29214
5.62559
5.92644
5.82227
5.97002
5.47393
5.7628
6.06236
5.8854
5.59871
5.26144
5.65538
5.29774
4.94117
5.26813
5.53846
5.21145
5.54358
5.62231
4.94821
5.6767
5.53469
5.86721
5.75327
4.9267
5.43155
5.45123
5.14133
5.39262
5.19574
5.86068
5.55501
4.89095
6.04908
5.94155
6.05124
5.48953
6.44746
6.67037
5.85356
5.27603
6.25985
5.71417
6.29396
6.18191
5.23824
5.5741
5.78937
6.11314
5.68243
5.67321
5.3559
6.43541
5.47939
6.56007
6.60606
6.05968
5.38104
5.85909
5.63465
5.34368
5.94182
5.77429
5.6248
4.99065
5.14911
5.36188
5.64476
5.53418
6.02533
5.52509
5.97121
5.49127
5.41525
6.15718
5.87904
5.85958
5.1026
5.99984
6.70518
5.8741
5.04911
5.58124
7.32086
5.34728
6.08655
6.43697
5.45077
5.78059
5.73268
5.67448
5.64134
6.09095
5.80579
5.39767
5.43426
5.49796
5.08496
5.55945
5.80133
5.48498
5.65987
5.18224
6.26505
5.90398
5.59564
5.50361
5.37407
6.32971
5.37567
6.16089
5.53632
5.28384
5.7009
5.48017
5.92745
5.92965
5.59752
5.97254
5.3999
5.98317
5.17825
5.8964
6.21177
5.71964
6.03822
6.07927
5.78002
5.82886
5.36565
5.08982
5.81873
5.28646
5.71542
5.86714
6.12931
5.85155
6.21074
6.2004
5.72665
5.72591
5.2761
5.33098
5.79632
5.88392
5.93992
5.70467
5.11483
5.3493
6.349
5.25689
5.53001
5.43873
5.59251
5.89061
5.47152
5.96852
5.49681
5.1263
5.14598
5.6469
5.21652
5.87486
5.95736
5.65502
5.64071
5.61878
5.96582
5.79092
5.19448
5.66296
5.86564
5.52956
6.08274
6.28002
5.8169
5.59781
5.29323
5.58173
5.23147
5.67196
5.58912
5.5046
6.01904
5.01519
5.37506
5.81272
5.60477
5.34718
4.72167
5.31314
5.49664
6.0384
5.78332
5.09061
5.47099
5.8068
5.76625
5.50625
5.69355
5.90911
5.60993
5.67526
5.87661
6.1977
6.33327
5.60354
5.62001
5.56315
5.68372
5.55885
5.45278
7.58391
5.98036
5.6315
5.83483
5.39876
5.6437
4.91659
6.36057
5.84992
5.25787
5.4831
5.60213
5.32552
5.77678
6.71761
5.86283
5.0275
5.83097
6.46075
5.5967
5.75693
6.29195
6.33146
5.7223
5.50727
5.57146
5.97647
6.03047
4.90974
5.30751
5.22461
6.16794
5.52721
6.066
5.55306
6.32747
5.86442
5.6551
4.87759
5.60582
5.758
6.65281
5.53309
5.48221
5.88954
5.74498
5.45158
5.38623
5.51003
6.25111
6.81234
5.0848
5.24654
5.79255
5.30464
5.50685
5.37086
5.28611
5.74936
5.23972
5.99754
5.60473
5.90041
7.37086
6.17241
6.47187
6.19314
5.35068
5.88082
5.21105
5.92379
4.91453
6.14252
5.50435
5.41263
6.47614
6.00031
5.29142
5.47145
5.2643
6.01944
5.91028
5.91067
5.89037
5.6139
5.81611
5.21688
5.88627
5.07395
5.42652
6.21658
7.30161
5.53216
5.65148
6.00368
5.43715
5.68642
5.83509
5.31062
5.83741
5.48876
5.26577
6.32388
6.06773
5.5169
4.96308
5.19198
5.4339
5.86691
5.39954
5.30456
5.30548
5.21976
5.05855
5.60427
5.50989
5.57768
5.04884
5.75298
5.71601
6.04516
5.20122
6.11526
5.97814
4.89366
5.51286
6.05451
5.60721
6.41893
5.31919
4.78521
5.57217
5.85636
5.55933
5.44544
5.85382
5.92344
5.54574
5.83766
5.76029
5.65371
5.38862
5.01477
5.61457
5.89367
5.31458
5.44542
5.23596
5.32246
5.54695
5.83457
5.35261
5.63882
5.87398
5.67491
6.04461
5.83337
5.55478
5.15271
5.62344
5.82825
6.12484
5.78491
6.05553
5.95454
5.5071
6.35749
6.37719
5.92072
6.02412
6.33849
6.54413
5.23975
6.73979
5.70867
5.70163
5.76612
5.70023
5.68876
5.50009
5.18862
5.16483
4.75075
5.16104
5.87723
5.99706
6.1006
5.30059
5.27087
5.37714
5.79137
6.0517
5.27933
6.29434
5.76812
6.08313
5.89237
5.53102
6.11227
6.05077
5.88063
6.07266
5.73734
5.60051
5.31911
5.43135
5.13952
5.7241
5.89445
5.29804
5.95476
6.19541
5.86465
5.33914
5.06328
5.81632
5.38164
5.53476
5.33305
5.32709
5.66529
5.50193
5.51658
5.73013
5.99445
5.53339
5.30169
5.4322
5.87298
5.64288
6.20796
6.0427
5.21621
5.72593
5.94219
5.80489
5.73213
5.35869
5.3441
5.36101
4.96038
5.5101
5.42723
5.35859
5.86169
5.54872
5.6535
5.88639
5.54158
5.29844
6.00566
5.75738
4.93955
5.40835
5.18491
5.47654
7.58995
5.53459
6.39954
5.9059
6.22007
5.27997
5.73184
5.56837
5.98866
5.73302
6.60121
6.1626
5.51886
5.65121
6.13175
6.09634
5.39744
5.75727
5.58231
6.1632
5.30998
5.59159
5.30733
5.4476
5.35511
5.49439
5.53466
6.59411
5.49333
5.32534
5.72409
6.14494
5.21947
5.5422
5.72205
5.99893
6.3109
5.82189
5.35996
5.51586
5.52909
5.80529
5.72899
6.14728
5.24891
5.84604
5.39718
6.36675
6.34215
6.5051
5.16394
5.34793
6.03681
5.56911
5.94841
5.77661
5.20617
4.99675
5.04238
6.26178
5.54093
6.26766
5.30678
5.82594
5.88628
6.10031
5.7181
5.11308
5.60685
5.76605
5.18857
5.69194
5.91033
5.78378
7.06689
5.4798
6.16115
5.2255
6.14577
5.71777
5.60727
5.52766
5.27233
5.93587
6.18478
5.56121
5.3643
5.12411
5.42738
5.63553
5.88007
6.81506
5.44619
5.62781
6.32065
6.08138
5.21725
5.42225
6.284
5.67101
5.90372
6.28904
5.22745
5.36014
6.87007
5.17782
5.7555
5.28438
5.57299
5.65038
5.24733
5.49497
5.67959
5.5853
5.56871
5.67988
5.34959
5.64735
5.47797
5.87747
5.88908
6.07353
6.40562
5.35816
6.8023
5.98169
5.93927
5.56246
5.70136
5.40378
6.05193
5.00396
5.05966
5.20203
5.55067
5.28891
5.96995
5.66431
5.24004
5.99681
5.61915
6.07804
6.19492
5.67538
5.60474
5.43431
5.77049
5.10752
5.95012
6.08271
5.55779
6.55991
4.95048
6.02153
6.1503
6.18327
5.2469
5.81255
6.67218
5.71653
5.023
5.74046
5.22293
6.02679
5.05102
4.8959
5.36805
5.43408
5.68155
6.20232
5.38368
4.95293
5.40961
5.4871
5.47554
6.35659
5.5638
5.19378
5.92274
6.1193
5.21023
5.17575
5.20905
5.94635
5.97761
5.42976
5.41452
5.44482
6.10015
5.65627
5.43465
5.12981
6.03297
6.0496
5.35564
5.98237
5.49797
5.94328
5.24974
5.96082
5.36004
5.62046
6.16602
5.34114
4.88704
5.27931
5.27051
5.46039
6.05634
5.67122
5.12612
5.76317
6.19665
5.28668
5.36613
5.74819
5.33709
5.65253
5.39853
5.59461
5.80191
5.36595
5.12916
6.11177
5.42403
6.21386
5.53066
5.50065
5.19637
4.95535
5.68606
5.77097
6.56859
6.33418
5.62256
5.10017
5.19348
5.26728
4.83466
5.34225
5.57116
5.51012
5.88953
6.08557
6.18957
5.36472
5.28334
5.2645
5.98931
5.53754
5.88269
5.0579
5.82113
5.27393
5.91919
5.22818
5.20858
4.91933
5.44277
5.47454
5.66361
5.813
5.86107
6.51425
5.79694
6.75144
6.16809
5.93828
5.72569
5.57904
5.14573
5.5716
5.92627
5.62251
5.95904
5.48137
5.21332
5.64599
5.50311
6.09801
5.2069
5.5595
5.41554
5.61046
6.45716
5.82541
6.11232
6.28226
5.35448
5.41451
6.28324
5.5738
6.59292
5.8475
5.32347
6.39323
5.28345
5.68589
5.82561
5.43003
5.75802
5.3059
5.77754
5.58898
6.72443
6.12605
5.54641
5.94949
5.15086
5.7014
4.88488
6.5154
6.09262
6.1971
5.02026
5.90095
5.18858
5.88133
6.25458
6.08749
7.69906
5.50412
5.46833
5.44412
6.14947
5.71797
5.95611
5.62384
5.54861
5.80211
5.44945
6.78692
5.32102
5.90591
5.86075
6.08049
5.51128
5.40302
6.54466
5.37748
5.40809
5.37873
6.29545
5.64187
5.76113
5.40043
5.18451
6.21199
5.96623
6.3069
5.76825
5.46937
5.40003
5.66434
5.62634
5.5928
4.84654
5.62983
5.40485
5.73812
5.35049
6.33835
6.16856
5.53295
6.06361
5.85561
5.79442
6.02777
5.15993
5.86576
6.31588
5.57238
6.07901
5.4858
5.27392
5.53359
6.20287
5.76209
6.41577
5.23976
5.2135
5.34795
6.28994
5.88795
5.12811
5.36565
6.52423
5.37777
5.21142
6.03335
5.65381
5.80628
5.89376
5.20728
5.54939
5.33716
5.74411
5.44556
5.51122
7.08526
5.42238
5.39224
5.45019
5.31698
5.54089
5.74277
5.40877
5.2868
5.18962
5.6178
5.98798
5.65559
6.3355
5.62272
5.62484
5.43
6.22857
6.49067
5.56599
5.62839
5.87838
5.99818
5.75886
5.56935
5.77234
6.04446
6.16402
5.64352
5.40375
6.03899
5.49668
5.6233
4.81854
4.94127
5.96753
5.72599
5.97052
6.08296
5.64402
6.12816
5.93425
6.38724
5.41051
5.98443
5.60901
5.51524
7.97023
5.56376
5.4726
6.08652
5.81464
6.18072
5.48926
5.63085
5.35833
5.60629
5.74198
6.15253
5.60396
6.15173
5.75477
6.24364
5.19662
5.76582
5.76084
5.57481
7.26189
6.15455
5.56707
5.86557
5.27869
5.91229
5.86398
5.47045
6.16844
5.53156
5.21488
6.2462
5.52901
6.21292
6.56577
5.30341
5.81463
6.65793
5.59763
5.84709
5.72636
5.57316
5.8056
5.20365
5.35376
6.07882
5.63108
5.75823
6.61701
6.1597
5.77708
5.42238
6.55779
6.08888
5.40627
5.81249
5.59818
5.45985
5.05751
5.11891
5.83417
5.19313
5.98123
5.55404
6.09212
6.05561
6.21551
5.88481
5.95247
5.3843
6.23369
5.61589
5.69524
6.12523
5.29137
5.24812
6.43645
5.63274
5.46685
5.45317
5.90557
5.52249
5.57936
5.63232
5.33062
5.70907
6.17758
5.41875
6.28289
5.36253
5.55251
5.80997
5.92691
6.45424
5.86045
5.82342
5.02696
6.5887
5.37909
5.49838
5.61711
5.66682
5.95481
6.68947
6.06552
5.35791
4.75359
6.22752
5.65785
5.90629
5.29457
5.81118
5.41242
5.7395
5.26776
5.56238
5.07328
5.75115
5.38422
5.41382
5.57041
4.99121
5.77177
5.89695
5.44923
5.63899
5.40605
6.91353
5.80993
5.42266
5.69434
5.13515
5.89656
5.47617
5.88046
5.2084
5.62555
6.00857
5.52739
5.69362
5.88556
5.60518
5.35202
5.54352
6.10708
5.55069
6.4064
5.36746
5.37924
6.01067
6.14643
5.81637
6.05012
5.33259
6.23067
5.30763
5.5012
6.39672
5.54822
6.08961
6.05297
5.32476
5.18764
6.45404
5.56987
5.44513
5.52349
6.68886
6.77028
5.25378
5.5742
5.83614
5.35195
5.37526
6.55897
5.83385
5.39599
4.81739
7.0528
5.97232
6.07305
5.923
5.71956
6.91254
5.31241
6.31465
5.53389
5.97292
7.04064
5.85228
5.76347
5.31676
5.51144
5.58533
5.18632
5.02779
5.93104
5.35138
5.52146
6.5445
5.03399
5.9576
5.29763
5.20523
6.20773
5.34834
5.82159
5.86496
5.97412
5.97291
4.70394
5.56509
5.68659
5.82006
5.43714
5.67938
5.69052
5.82715
6.03382
5.84427
5.77833
5.51461
5.08431
5.02456
5.75956
5.4092
6.01022
5.47842
6.08384
6.35827
5.31008
5.39612
6.15736
5.64125
6.02542
6.03098
6.32363
5.15509
6.02226
6.2076
5.92562
6.02548
6.03679
5.52218
5.40235
5.58999
5.20457
5.39394
5.59379
5.69753
4.93249
5.27014
5.69853
5.43106
6.30156
5.40695
5.88323
5.45032
5.47977
5.67716
5.78539
6.06979
5.0821
5.49414
5.71883
5.50871
5.5551
5.38251
6.16628
5.51995
5.32169
5.93241
6.00932
5.58887
5.6128
5.80645
5.31532
4.97911
5.53404
5.95479
6.55283
5.56465
5.18927
5.52171
5.64086
5.38117
5.26814
6.79171
5.42556
5.91739
5.8374
5.27199
5.80258
5.56184
5.70393
5.98378
5.15472
7.32463
5.45354
5.11902
5.89842
6.03225
5.76609
5.39245
5.89778
5.99716
5.97209
5.50763
5.94282
6.21542
5.49541
5.6514
5.57768
5.83504
5.61565
5.3487
5.33304
5.31061
6.1706
5.2326
5.7794
5.46182
4.98088
5.74416
5.86522
6.10301
5.39743
5.81873
6.52401
5.33124
5.10368
5.94392
5.53169
6.21237
5.7727
5.7744
5.65238
5.23396
5.08869
6.65858
4.89107
5.09382
5.13917
6.54938
6.03193
4.80689
6.65494
5.12702
5.60491
5.74185
5.39973
4.93982
5.62434
5.38721
6.12251
5.72129
5.90765
6.4165
5.57379
4.90026
5.97627
6.09653
5.24787
5.74596
5.16644
6.31839
5.08354
6.02275
6.05983
5.87099
6.34568
5.71662
6.00458
5.55435
5.4057
5.68487
6.00987
5.89032
5.4072
5.22319
5.74796
6.45115
5.43622
5.92581
5.36815
5.29629
5.65214
5.79938
5.78797
5.92426
6.07142
5.99379
5.60972
5.90215
6.03878
5.25388
5.35548
5.66463
6.01534
5.49807
5.08449
5.80287
5.76992
5.73711
5.57613
5.71212
5.99686
5.77862
6.06174
5.77379
5.77772
5.75426
5.23463
6.13165
5.7192
6.61652
5.47838
5.26938
6.11475
5.18968
6.10784
5.46704
5.7405
4.9565
5.4292
5.84402
4.96495
5.60462
5.44801
5.75861
5.94125
6.41609
5.17147
5.66003
6.25914
6.2677
5.64077
5.46362
6.08683
5.61131
5.12074
5.80956
5.20585
4.83993
5.86771
6.169
5.89676
5.20061
5.92407
5.07158
5.64485
5.92504
5.19013
5.6133
5.6266
5.59798
5.57988
5.66828
5.26711
5.1785
5.70074
5.77085
5.61244
5.63223
5.3428
5.6636
4.78682
5.62933
5.7254
5.9174
5.27523
6.5556
5.72741
5.91512
5.74331
5.96723
5.26618
5.86527
5.1469
5.96019
5.61053
5.68742
4.99317
5.50768
6.17685
5.57897
6.4272
5.49408
5.51026
5.88569
6.00464
6.20823
5.87845
5.21613
5.43951
6.21188
5.62993
5.14012
5.40058
5.56678
5.72122
6.6866
6.12944
5.7301
4.86329
6.38639
5.10337
6.25222
5.465
5.50229
5.43014
5.82409
5.21594
5.1472
5.67156
5.22891
6.17454
5.14076
6.64346
5.57159
6.19024
5.90839
5.54955
6.57948
5.77727
5.82
5.31683
5.36258
6.22905
5.86973
5.65195
6.16969
5.756
5.91007
6.26574
5.51526
5.72439
5.61453
6.10462
5.9864
6.045
5.49513
6.36569
5.60138
5.59816
6.25625
5.61354
6.17885
5.84633
5.9082
5.72484
5.79955
5.13831
5.62116
6.10268
6.21353
5.8036
7.09995
5.82608
5.44162
6.04272
5.75344
5.87083
6.34206
5.21349
5.6579
5.53444
5.67467
5.6855
6.58798
5.90395
5.53709
5.82635
5.81381
5.89958
5.24487
6.19272
5.17349
5.7048
5.72992
5.39688
5.40265
5.79594
6.49795
5.1027
5.61389
5.15985
5.12448
5.38408
5.60612
4.86766
5.35959
5.66504
5.6526
5.64962
6.31535
5.56073
5.98896
5.49786
5.27152
5.34242
5.2458
6.4624
5.8842
5.55955
6.05519
5.34192
5.62183
5.23922
4.58833
6.41509
5.45609
7.16695
5.52655
6.25501
5.08237
5.53915
6.1931
6.34928
5.67957
5.8309
6.07033
5.87383
5.48964
5.14465
5.66128
6.51287
5.23716
5.34806
5.77054
6.3074
5.29223
5.34246
5.22339
5.91108
5.70422
5.33943
5.46724
4.9362
5.86185
6.1633
5.70881
5.98409
5.67215
6.1135
5.5405
5.26854
5.40189
5.46174
5.18946
5.59891
5.98706
5.1015
5.73105
6.03015
5.15035
6.39296
6.44779
4.96329
6.00906
5.99944
5.70344
6.27373
5.85239
5.69373
5.99295
5.80919
6.07398
6.09321
4.80029
5.44328
6.13766
5.83515
5.29108
5.72197
6.86569
5.8626
6.18709
6.31199
5.59268
5.66091
5.80846
5.53056
6.30437
5.85668
5.39173
5.20706
5.41276
5.72076
6.17597
6.03999
5.51165
5.65161
5.78705
6.13055
5.18694
5.42916
6.13513
6.43928
5.12988
5.32527
6.59339
5.07192
5.12247
5.70108
6.38216
5.55035
5.42116
5.8635
6.93043
5.51867
5.07587
5.20781
5.16427
5.80561
5.23005
6.02836
5.43185
5.23301
5.70915
5.24526
5.43813
6.51028
6.12537
5.15902
5.64677
5.5966
5.51428
5.18932
5.2763
5.12125
5.02709
5.55162
6.0684
5.27588
6.16353
5.29221
5.82049
5.7471
5.65361
5.65008
5.47774
4.81484
5.93626
5.79917
5.30218
5.67623
5.01815
5.11755
5.77312
5.46774
6.17091
5.68867
6.07927
5.42268
6.59225
5.77238
5.67882
5.29228
5.29686
5.62078
5.69344
4.76735
5.94999
6.12238
5.4405
5.23134
5.63577
5.84297
5.42751
5.70704
5.09887
5.37256
5.92761
5.58419
5.67315
5.51493
6.70262
6.03812
5.5097
5.71843
5.59935
5.65756
5.44762
5.85004
5.35301
5.28982
5.14203
5.61785
5.49224
5.75428
5.55616
5.51067
6.45602
5.97899
5.66423
6.1972
5.44562
5.38163
5.07544
5.86286
5.4754
5.66873
4.88828
5.86557
5.8697
5.33812
5.43517
5.47982
5.73823
5.9738
5.72772
5.33318
5.43607
5.4698
5.178
6.22268
5.04311
5.69084
5.56809
5.3228
5.33777
6.44454
5.81458
5.72137
5.57746
5.65123
5.02431
5.59721
5.09068
6.85521
5.45547
5.69383
6.05815
6.21511
6.21923
5.21029
6.22096
6.16662
5.40699
5.85262
5.54284
6.36153
5.67683
5.31178
5.59069
6.27107
5.43651
5.54244
5.52525
5.02451
6.15221
5.63568
5.86429
5.6938
5.0762
5.72397
5.56923
5.72148
5.20966
5.95661
4.65418
5.18826
5.18432
6.04689
5.77659
5.37859
5.18621
5.60549
5.98059
5.57615
5.77588
5.51785
5.92407
5.57241
5.41006
5.718
6.06783
5.52868
5.7329
5.58605
5.28528
5.19472
6.94328
5.34537
5.11365
5.96036
4.8965
5.38461
5.65799
5.08564
5.87037
5.98538
5.23223
5.25027
6.11871
5.92269
5.65601
6.52797
5.7934
6.59688
6.12583
5.16495
5.13123
5.0793
6.54154
5.90437
6.66585
5.55604
5.93264
5.68411
5.13054
5.52825
5.71222
5.74454
5.25121
5.27749
5.64014
5.21083
5.18678
5.25097
5.5227
5.39604
5.67756
5.09352
5.58914
5.32862
5.62133
5.14232
5.32907
5.90005
6.21614
4.97745
5.61155
5.58966
6.21819
6.16989
6.01466
5.09855
6.028
5.38612
5.22712
5.51389
6.09255
6.07825
5.63413
5.36587
5.29553
6.12626
6.64848
5.54108
5.27934
5.60804
6.34187
5.38152
5.26048
6.54294
5.48857
5.53646
5.30581
5.37191
5.62715
4.99284
5.67782
5.56501
5.48667
5.93459
5.63042
6.03452
5.6867
5.6012
6.60659
5.19275
5.59316
5.65846
6.19734
5.96183
5.88412
5.75305
5.72036
5.94579
5.62657
6.02335
5.92621
5.29327
5.71564
6.37912
6.02681
5.72137
6.73229
5.45113
5.28572
5.33432
5.61195
5.20754
4.92386
5.22781
5.66544
5.62411
6.25015
5.91349
6.32363
5.92735
6.35441
5.88967
5.3497
6.04806
4.89623
5.40958
5.941
5.7166
5.54894
5.85409
5.8013
5.40206
5.9072
5.22371
5.86636
5.30077
5.6527
5.89374
5.63395
5.59688
6.04867
5.28282
5.3415
6.12126
5.28275
5.48751
5.93451
5.99913
5.50305
5.50329
5.32424
6.09231
5.89247
5.85224
6.15556
6.3089
5.81395
5.67705
5.54815
5.44549
5.89682
6.27364
5.70586
5.80254
5.01475
5.62361
5.2138
5.88979
5.46223
5.08576
5.40606
5.44938
5.27503
5.76712
4.9951
5.52382
5.7701
5.50725
5.79589
5.51774
5.65007
5.25978
5.94559
5.85865
5.25741
5.56222
6.00083
5.28234
5.90749
5.97773
5.46458
6.11984
5.73052
6.16173
5.83619
6.00909
5.52731
6.01363
6.32542
5.77813
5.82557
6.02025
5.94169
6.04714
5.395
5.36449
6.09848
5.42859
5.63797
5.7116
5.86136
5.92237
5.93297
4.99091
5.42078
5.20113
5.08644
5.05179
5.49341
5.59763
5.68313
5.53652
6.0577
5.54301
5.65602
5.86093
5.13668
5.6129
5.31064
5.13741
5.6844
6.16904
5.82676
6.02617
5.66092
5.78367
5.91171
6.51062
5.34614
5.40902
6.028
5.58115
6.24795
5.04242
5.59521
5.6241
5.57714
5.34785
5.72969
5.16242
6.21894
5.83017
5.51513
5.9471
5.51739
5.21619
4.9125
5.8819
6.31903
5.53713
5.97009
5.14362
5.85613
5.53851
6.84193
5.84006
5.79468
6.13993
6.04248
6.20881
5.46026
5.31987
5.23502
6.85339
5.14141
6.10754
4.80637
6.41848
5.61741
6.1749
5.90436
4.84865
5.68176
5.87211
6.85902
4.91098
5.75605
6.81951
5.75765
6.09672
5.5232
6.60813
5.38441
5.90398
7.09752
5.77675
5.48167
6.2058
5.70125
6.39504
5.46495
5.51585
5.52907
5.8955
5.51282
5.56396
5.21361
5.36701
5.85821
5.9562
5.16147
5.39345
5.66735
6.10755
5.51366
5.32325
5.32941
5.96534
5.36296
5.74645
5.04464
5.63064
5.47573
5.52688
5.81783
5.65059
6.30206
5.37049
5.47953
5.57986
5.95561
5.89355
5.57037
6.06134
5.10921
5.22553
5.67958
6.13404
5.04893
5.60859
6.03645
5.34452
5.10355
5.46552
5.32124
4.94203
5.22409
6.03887
5.50913
5.25218
6.05693
5.50088
6.14255
5.69244
5.72573
5.24341
5.95254
5.46832
5.70732
5.56389
5.51298
5.52502
5.29889
5.36171
5.74503
5.48828
5.21298
5.22787
5.4832
5.30923
5.99598
5.56797
5.9336
5.93206
6.1675
6.3987
5.81691
6.0989
5.92164
5.71177
5.25898
6.07702
5.67438
6.4321
6.28275
6.25882
5.12466
5.09817
5.92988
6.33908
5.19841
5.43895
5.08481
5.90774
4.64191
5.49996
5.53195
5.51225
6.13609
6.63737
6.19615
5.54349
5.78298
6.32306
5.32571
5.77867
5.81144
5.27681
5.09847
5.39696
5.77939
5.8137
5.64338
5.63986
5.42709
5.27067
5.83613
5.81404
5.74202
5.41465
6.07401
6.7179
6.85515
5.68006
6.18947
7.02936
5.55092
6.94201
5.11658
5.56128
5.5052
5.26637
6.12893
5.57314
5.16567
5.88747
5.56536
5.81113
5.39905
5.46218
6.01002
5.76384
5.18279
5.36654
5.43655
6.19581
5.69933
5.80396
6.24875
5.44786
5.13905
5.76546
6.09817
5.72316
5.03884
5.39903
5.89994
5.13067
5.95731
4.89478
5.93786
5.94553
6.11329
5.91755
5.83454
5.25257
5.58619
5.31261
5.61638
5.44451
5.4346
5.86604
6.41455
6.11127
5.3686
5.94975
5.62538
5.7215
5.35046
5.64478
5.85615
5.94192
5.32602
5.63003
4.96213
5.92386
5.37967
5.37966
5.34416
5.65106
6.73491
5.70023
4.96947
5.253
5.69999
5.96351
6.28147
5.47317
6.02027
6.22368
5.69287
5.72252
5.09062
5.20432
5.47477
6.30941
5.21631
6.29397
5.19374
5.60334
5.88425
5.6463
5.40766
5.69611
5.50229
5.70544
5.71091
5.39353
5.49761
6.59766
5.43018
5.31845
5.44921
5.64114
5.51486
5.64405
5.34931
5.66088
6.00708
5.54715
5.67663
5.72459
5.57668
6.50913
5.543
5.31944
5.30764
5.31513
5.73877
5.15386
5.57038
5.76104
5.04918
5.36479
5.91682
5.8756
5.80657
5.24827
5.2836
6.59021
6.26588
5.49928
5.53381
6.17865
5.45848
5.22671
5.93446
5.52745
5.71
5.59057
6.04075
5.54745
5.36751
5.27685
5.82454
5.32607
5.4574
5.83473
5.83819
5.61473
5.34262
5.15174
6.1961
5.52825
5.82457
5.62272
5.79603
6.17707
6.02355
5.42105
5.33725
6.09947
5.8172
5.77196
5.29222
5.34003
5.76192
5.57007
5.54345
5.79207
4.93884
5.26403
5.69819
6.22022
4.92865
5.8131
5.51136
5.57813
5.02482
6.05041
6.19589
6.55229
6.60311
5.76828
5.81308
5.49891
5.46787
6.04568
6.21299
5.16577
5.44007
5.58181
5.6784
5.67201
5.55021
5.71889
5.62316
5.71506
5.27114
5.32009
6.46881
5.67232
6.10431
5.49108
5.22459
6.01634
6.03927
5.79076
5.37469
6.25563
5.26507
6.81648
5.30749
5.2258
5.92913
6.56003
5.47773
5.45397
5.80056
5.32218
6.27411
5.65952
6.00548
5.69286
5.61051
5.85988
5.03321
6.46669
5.65807
6.16528
6.24138
6.24708
5.5497
5.3401
5.74363
6.01407
6.07317
5.01259
5.70226
5.27199
5.27158
5.48862
5.69963
6.39935
6.53496
5.3701
5.35973
5.03915
5.78107
5.55859
5.53513
5.88941
5.29681
5.19866
5.4729
5.41219
6.18751
5.52363
5.21704
6.14851
5.731
5.39436
6.33413
5.52671
4.98387
5.96239
5.64508
5.86652
5.48067
5.65269
5.68306
5.61188
4.72583
5.65767
5.62728
5.70922
5.50969
5.59457
5.81323
5.28403
5.81077
5.31467
5.37974
5.80585
6.11845
6.40854
5.6807
5.55572
5.40159
5.70466
5.86542
5.67213
5.47946
6.661
5.69191
5.7977
5.57291
5.97294
5.83526
5.86663
5.53679
5.64066
5.16067
6.29037
5.29275
5.79628
5.1381
6.36062
5.08563
5.61618
5.80656
5.72952
5.47713
6.55071
6.04691
5.48986
6.00273
4.82108
5.52585
5.88227
6.04464
5.09645
6.25376
5.87415
5.35143
5.28207
6.3363
5.57555
5.63739
5.90998
5.60372
6.03508
5.56863
5.34476
6.01477
5.12428
5.80257
5.57657
5.3146
6.0388
5.24275
5.52883
6.52567
5.55819
5.44478
5.65084
5.34459
5.74696
5.43982
5.37239
5.98554
6.62679
5.41493
5.81405
6.51442
5.24534
5.67761
4.96012
5.58432
5.9076
5.86527
5.44457
6.04533
5.48411
5.41682
5.68225
5.78274
5.69251
5.08917
5.45192
6.09606
5.60619
5.33333
5.44016
6.76323
6.50645
5.49728
5.73669
6.29934
5.90213
6.21942
5.45205
5.76511
6.29665
6.1023
6.05709
5.55917
5.56216
5.79496
6.34942
5.39654
6.08606
5.85645
5.54298
5.91099
5.63961
5.8133
5.57556
5.44487
6.04794
5.33652
5.58593
6.08333
5.60366
6.16941
6.50486
5.37309
5.64751
5.16056
5.49056
5.58976
5.52636
5.88158
5.28217
5.17129
6.03401
6.30272
5.51342
5.19791
5.38013
5.30248
5.68303
5.54688
5.912
5.4819
5.51648
5.58235
5.70618
5.39572
5.32276
5.33133
6.13488
5.53116
5.08367
5.20899
5.02229
6.0228
5.85755
5.08949
5.8093
6.56788
5.88804
4.90087
5.61438
5.8428
6.33584
5.38949
5.42848
5.45488
5.77005
5.70002
5.2287
6.18685
6.41909
5.25606
5.41985
6.23351
6.0039
5.75902
6.28341
5.61693
5.99028
6.29303
5.70986
5.69165
6.40611
5.26208
5.85243
5.28898
5.97293
5.37927
5.98095
5.2973
5.35593
5.6929
5.76179
5.53058
6.29752
6.0104
6.00932
5.50669
5.52949
5.97462
6.35401
6.39225
5.31601
5.79089
5.79848
5.61672
5.38752
5.69457
6.22016
4.95674
5.30051
5.65241
6.21719
5.22077
6.40739
5.11586
4.91592
5.72911
5.74856
6.46266
5.45811
5.22644
5.54896
5.35967
5.68733
5.71983
5.59733
5.45326
6.63201
5.51352
6.01512
5.89165
5.48196
5.99737
5.56645
5.68423
5.48234
5.69058
5.7933
5.22639
5.64583
4.88532
5.7487
5.83449
5.9228
5.16368
5.4302
5.36144
5.20855
6.12194
5.36577
5.97168
5.41934
5.8781
5.87523
6.07845
6.30406
5.55412
6.71387
5.62028
5.19923
5.19692
5.54582
5.6315
6.5266
5.62484
5.94058
6.7684
5.58199
5.38895
6.74402
4.81517
6.05419
5.09723
6.44383
5.61776
6.4351
5.79879
6.38258
5.12085
6.97957
5.77823
5.50613
6.40697
6.52672
5.70306
5.90419
5.36048
5.85852
6.16841
6.41832
5.27817
4.97522
5.65537
5.8515
5.27829
5.77243
5.30326
5.19627
5.39062
6.35365
5.17669
5.22442
5.89033
5.82779
5.50263
6.14002
6.3824
5.34067
5.46081
5.66785
5.84022
5.76065
5.57905
5.61502
5.46257
5.78371
5.61155
5.48213
5.26283
6.12145
6.03586
4.95521
5.59247
5.7416
6.85212
5.89937
5.37675
5.06667
5.72637
6.2689
5.2052
5.60816
5.99928
5.53983
5.66323
5.82217
5.6725
5.24212
5.50665
5.15114
5.1182
6.38142
5.01479
5.71738
5.36328
5.63738
6.01248
6.23807
5.3397
6.38232
6.36594
5.52504
5.29048
6.09258
7.10344
5.98543
5.89779
5.81393
6.03906
6.00385
4.95882
5.19087
6.23293
5.73109
5.85107
5.94687
5.66543
5.46453
5.47385
5.83182
5.50119
5.75306
6.08826
5.47386
5.13434
4.77657
5.64705
5.54955
5.8834
5.38998
5.61023
4.91427
5.85406
5.96361
5.80252
5.33232
6.12301
5.83761
6.28831
5.05758
5.14781
5.42582
6.79991
5.77732
5.72047
5.49188
5.90035
5.5462
6.02583
5.19322
5.77432
6.54053
5.3326
6.21697
5.91237
5.66016
5.68873
5.67083
5.95931
5.27278
5.53002
5.1009
5.46933
5.28487
5.27931
6.34624
5.4779
5.75845
5.49139
5.71094
5.54915
5.72791
5.83358
5.69077
5.56828
5.59459
5.79071
5.97488
5.39819
5.43496
5.43725
5.47044
5.17798
6.04267
5.7836
5.44304
5.6043
5.01259
5.59147
5.83611
5.64412
5.18035
5.59482
6.92204
5.3177
5.6437
5.68123
5.6637
6.26406
4.73079
6.32044
5.71832
5.719
5.95121
5.39767
5.58905
5.47355
5.90042
5.18677
5.55937
5.46663
5.90362
5.76497
5.36938
5.91717
6.03503
6.22936
6.10113
6.43135
5.67662
5.33655
5.63698
5.50054
5.77648
4.90402
6.59559
5.52688
5.95518
5.98021
5.84503
6.04275
5.77396
6.27797
6.23734
5.63674
5.23415
4.85417
4.90139
5.38097
6.40448
5.79685
6.50116
6.56631
5.22477
5.28491
5.53654
6.04283
5.63122
5.50531
5.32314
5.55363
5.90593
6.70541
5.38266
5.55838
5.53182
5.72191
6.06325
5.61564
5.80741
5.22612
4.73663
6.06881
4.97673
5.01651
5.29578
6.22875
5.34475
6.19483
5.68258
5.25814
5.32751
5.50059
5.77906
5.07124
5.22297
6.01529
5.15044
5.15108
5.8119
6.26704
5.79012
6.27828
6.15284
5.90809
6.41258
6.58123
5.95236
5.30454
5.44176
6.14613
5.30334
5.32413
5.5511
5.27128
5.83633
5.9692
5.23325
5.68861
5.68628
5.98587
5.47777
5.41206
5.17592
5.10793
5.56691
5.78737
5.10519
5.024
5.65546
5.26427
5.82688
6.30071
6.20256
5.1028
6.0821
5.79078
5.50972
6.16537
5.96493
5.86314
5.88651
5.90874
5.85932
5.29968
5.62969
4.99727
6.41525
5.57122
5.20674
5.51861
5.40566
5.95796
5.94213
6.29348
5.65615
6.31427
5.88927
5.59307
5.63039
5.73202
5.38041
6.22826
6.53518
5.46026
5.85214
5.28382
5.71683
5.39672
5.18054
5.17697
5.66514
5.5158
5.63266
5.45484
5.36375
6.43513
6.35049
5.61422
6.16302
6.93284
6.25613
6.12882
5.52905
5.27334
6.46753
5.70055
5.60078
5.92011
5.42026
5.79014
5.58578
5.3252
5.89518
5.57372
6.04712
6.37283
5.53277
5.92859
4.89695
5.02577
5.71401
5.651
5.02283
5.93392
5.30061
5.67476
5.33777
5.57213
5.42505
5.33242
4.96827
5.86114
5.66065
5.64875
6.70748
5.77184
5.43398
5.50297
5.22373
5.76406
5.30083
6.0986
5.35402
6.18581
5.16947
5.48226
5.70232
5.43686
5.56587
5.78905
5.88408
5.43821
5.55584
5.3224
7.04882
5.73431
5.16082
6.12881
5.50317
5.35275
5.49764
5.64959
5.61015
4.83141
6.31263
5.5998
5.29013
5.20063
5.87365
5.50686
5.13084
6.39391
6.15412
5.2658
6.22789
5.809
5.63747
5.47317
5.60949
5.55554
5.44231
5.58069
5.76038
5.63315
6.27014
5.51779
6.00854
6.60414
6.21113
5.3186
5.85044
5.64437
5.6831
6.11222
5.30471
5.82817
5.63892
5.31467
5.81721
5.1087
5.81537
5.78506
5.883
5.59183
6.2774
5.55536
5.59578
5.80759
6.07233
5.76714
5.80863
5.89793
5.26603
5.51391
6.07007
6.34739
5.88638
5.68871
5.30956
5.33224
5.386
5.56069
5.67823
5.84608
6.79581
5.75713
6.41976
6.02927
5.30974
5.79567
5.07555
5.36979
4.94838
5.73742
5.43572
6.05579
5.79907
5.71694
5.77306
5.04959
5.8399
6.28908
5.39332
5.94225
5.98326
6.87252
5.07535
5.43818
5.4595
5.71984
6.14979
5.77232
5.27572
5.78581
5.69017
5.89933
5.49561
5.11189
6.05106
5.30008
5.71629
5.67524
5.66384
5.35282
5.81414
5.38732
6.79354
5.61805
6.33458
5.56028
5.48698
6.49631
5.48641
5.64545
6.49244
5.43229
5.97923
6.77584
5.29685
5.55469
6.0799
5.62894
6.00665
5.89742
5.52949
5.38717
4.92636
5.92939
5.321
5.27248
4.6852
5.19188
5.29631
5.49551
6.08327
6.18789
5.54584
5.45198
5.77867
5.80428
5.22268
6.27307
5.71162
6.18327
5.61064
5.91964
5.6944
5.86685
6.45271
5.71915
5.18616
5.53751
5.52812
6.38172
5.33078
5.27312
5.86541
5.73662
6.41911
5.64142
5.22089
6.33541
5.82106
5.27996
6.6636
5.07085
5.03236
5.27412
5.38867
5.47187
5.32715
6.37624
5.46707
5.68837
5.50789
4.85854
6.62686
5.40754
4.9387
5.63592
5.68429
5.68709
5.80975
5.97212
6.09554
5.96167
5.21735
5.79689
5.80974
5.58928
6.11596
5.49368
6.20816
6.07887
4.84903
5.49698
6.19783
5.79084
5.66386
5.04194
5.84273
5.95281
5.41107
5.16647
5.49943
5.85808
5.40039
5.67926
5.17585
5.85418
5.21778
5.12025
5.21609
5.05834
5.4358
6.13143
5.39095
5.64467
5.13223
5.87287
5.4716
5.67543
5.57224
5.66644
5.35576
5.72067
5.71426
5.71511
5.22539
5.4922
5.33364
5.74924
6.10299
5.41776
6.19014
5.54928
5.48883
6.16678
6.65677
5.93086
5.84971
5.07276
5.54783
5.79035
6.23501
5.96644
5.73066
5.6071
5.32484
6.65339
6.43376
5.9589
5.33135
5.53904
5.68305
5.20256
5.61689
5.9246
5.34143
5.83912
5.80914
5.54806
5.40425
5.84877
6.07043
5.23135
5.59394
5.40526
5.2989
5.83823
5.46747
5.31809
5.25741
5.86108
5.18107
5.42892
5.04701
6.68649
5.55384
5.74043
5.2092
5.65932
6.20063
5.05401
7.38206
5.99093
5.80738
6.26985
5.40924
5.61872
5.32515
5.47504
5.88238
5.7754
5.71933
6.01688
5.55812
6.11998
5.95643
6.28838
5.52349
5.33692
5.62904
5.45744
5.27057
6.14448
5.21462
5.3667
6.24868
5.70662
6.11455
6.27263
6.41322
5.63885
5.51541
5.11951
5.11965
5.40968
6.12671
6.7047
5.31948
6.06469
5.5517
5.5818
6.39878
5.80386
5.58628
5.63199
5.66269
5.78753
6.10771
5.87598
4.92743
5.5116
5.44377
5.69688
5.63311
5.2653
6.0546
6.54158
5.88019
5.58188
5.81394
5.63696
5.86591
5.83871
6.20414
5.69935
6.00236
6.73306
6.25957
5.52038
6.03591
5.28781
6.03592
5.38058
5.18957
5.28154
5.50431
6.13038
5.75302
6.22889
6.03493
5.67723
5.86667
6.34026
7.4485
6.39922
5.56016
5.60907
6.29423
5.11615
5.97028
5.8488
5.88569
5.28963
5.80916
5.77328
5.92447
5.32193
5.77374
5.85754
5.10391
5.67092
6.06124
5.69845
5.49209
5.40002
5.74311
6.17952
5.4756
5.6717
4.92749
5.62582
5.59207
6.73984
5.63938
6.73239
5.34338
5.55966
5.6553
5.73896
5.1864
5.52843
4.71439
5.2541
5.89113
5.76555
5.82846
5.63639
5.60267
5.5102
5.19263
5.29318
5.54707
5.53488
5.48785
4.74814
5.49825
5.39494
5.5601
5.84504
5.7601
5.15666
5.04746
6.50984
5.41374
5.86278
5.74192
4.87407
5.18326
5.48415
5.58405
5.99252
5.30808
5.98016
5.10169
5.4271
5.53119
5.51615
5.78621
5.29452
6.95495
5.66537
5.70166
5.27805
5.53213
5.08388
5.49387
6.22488
5.40886
5.78428
5.33778
5.36195
5.83357
6.31914
6.66089
6.62013
6.22675
5.45443
5.37648
6.15799
5.41056
5.66447
5.41192
5.72093
6.1996
6.06681
5.30852
6.1994
5.77692
5.91464
5.88566
6.21307
4.99935
5.61846
5.93234
5.01068
6.18382
6.32727
6.05656
5.31222
6.34093
5.57458
5.96855
5.63981
8.06674
5.47387
6.20537
6.34065
5.22735
5.43943
5.78429
5.32422
5.29253
5.48506
5.51301
5.70518
6.52206
5.19396
5.77725
6.09536
5.5558
5.29363
5.85467
5.67673
5.05139
5.57395
5.93049
5.23449
5.07651
5.63132
5.76297
5.34441
5.444
5.06269
6.63648
5.75802
5.80825
6.31296
5.46928
6.16042
5.218
5.14351
5.36735
6.57058
6.42612
5.34762
5.97911
5.92524
5.80759
6.2446
6.13897
6.2952
5.11755
5.17315
5.50466
5.95027
5.86134
5.40769
6.23606
5.93829
6.04013
5.46843
5.40085
5.34423
5.60247
6.20447
5.9874
5.22374
6.4829
6.47831
5.97631
6.31928
5.44683
5.39648
6.68015
5.42519
5.84749
5.30464
5.49454
5.49742
5.73231
5.89137
5.36655
5.0457
6.76455
5.31418
5.48612
5.61956
5.03484
4.95652
5.48405
5.90679
6.00296
6.19594
5.35891
5.49234
5.30699
5.69231
5.59515
5.37485
6.00697
4.9819
5.56942
5.96428
5.35842
5.11266
5.81097
5.48349
5.02139
4.91891
6.07507
5.25791
6.00782
6.33241
5.75166
6.10406
5.20935
5.73437
5.82975
5.63836
5.67306
5.30204
5.50146
5.43525
5.65199
5.72085
5.41985
5.01591
5.64234
5.66778
5.59503
5.58746
6.22097
5.91489
5.3435
6.04006
5.86772
5.91606
6.37175
6.17863
5.77148
5.79515
5.39567
5.20825
5.28684
6.10472
6.15992
5.37132
5.68935
5.56541
5.58786
5.45504
6.07415
6.25067
6.20856
4.94175
5.44984
5.34577
6.69499
5.54052
6.44183
5.77921
6.00181
5.7494
5.9205
5.23744
6.09928
6.10232
5.88803
5.50011
6.18063
5.14512
5.31808
5.83505
5.92389
5.36014
5.77143
6.0898
6.15397
5.28063
6.19715
5.87805
5.7041
5.16917
5.72964
5.72583
5.4821
5.00527
6.07428
5.99755
5.90792
5.3084
5.6201
5.60922
5.38512
5.29655
5.02651
5.67966
5.93267
5.37858
6.10472
5.17915
6.31392
4.75362
5.24728
5.69671
5.93527
5.19196
6.60249
5.14744
6.07865
6.01841
5.20066
6.04658
5.71182
5.47703
5.57865
5.43043
5.93625
6.47374
6.07222
5.22486
5.52263
5.36182
5.31932
6.03534
5.20704
5.80351
5.95707
5.4126
5.43321
5.66523
5.79744
5.58291
5.26637
6.02272
5.23579
5.89616
5.3133
5.5696
5.39316
5.76596
5.61842
5.91941
5.72391
5.90589
5.40624
5.91714
5.57472
6.10298
6.10753
6.33892
5.64744
5.86348
5.16054
5.33248
6.19241
5.37334
5.37751
5.44908
5.88945
5.93153
5.59391
5.22724
7.37234
5.87021
5.88572
5.52089
6.05457
6.07045
5.17763
5.16731
5.58022
5.23852
5.3759
5.74765
5.91824
5.5537
5.37618
6.11734
6.00256
5.38604
5.86993
5.25658
5.36287
6.11475
5.60081
6.26661
5.01256
5.70444
5.28499
5.6623
5.4254
5.1446
5.60121
5.29306
6.05627
5.27836
5.48492
6.23057
5.40414
6.0368
5.82659
6.1442
5.45348
5.91177
5.26186
6.0394
6.31784
5.3419
5.38697
5.43
6.07696
5.3412
6.70087
6.21554
5.34845
5.79837
4.85734
5.38392
5.50182
6.10244
5.55648
5.60991
5.86758
5.77261
4.96404
5.91217
5.74281
6.01475
5.16701
5.13812
6.1356
5.48014
5.80393
5.23407
6.49345
5.50849
5.81276
5.53997
5.40182
5.6957
7.28446
5.1926
5.38805
5.26631
5.37128
5.4485
5.06032
5.39305
5.74417
6.043
5.63182
5.11204
5.62766
5.81098
5.11867
5.50991
6.2138
5.22449
6.29957
5.70489
5.31375
5.36029
5.15774
5.54131
5.86072
5.67693
5.6827
5.87411
6.57453
5.62084
5.3706
5.14143
5.73863
5.68065
6.30344
5.55096
5.14394
6.02126
5.73764
5.34412
5.36459
5.19788
5.11514
6.0005
6.24022
5.35128
5.35808
6.69615
5.22396
5.65404
5.4181
5.25808
5.36166
5.67272
5.60519
5.16596
6.19295
5.71999
5.47749
5.5479
5.38294
5.31525
5.4852
5.90757
6.24154
5.57465
6.67656
6.12006
5.29452
5.05172
5.82538
6.02188
4.97717
5.17497
6.07779
5.98697
5.38714
5.40066
5.32963
4.95613
5.67709
5.94321
5.21473
5.40881
5.60885
5.23266
5.86634
5.45641
5.34102
5.57191
6.87382
6.12744
5.30751
5.2609
5.48501
5.91219
5.64793
5.7397
6.38967
5.81108
5.74178
5.57748
5.66263
5.00451
5.31555
5.7982
5.93315
5.6512
5.53372
6.51301
6.01743
5.54879
5.84247
4.8593
6.08543
5.34732
6.30269
5.76457
5.60765
5.3257
5.9203
5.78021
4.94922
5.1185
5.4152
5.78352
5.97649
5.94684
5.19381
5.21309
6.22819
5.36819
5.65164
5.64385
5.78748
6.1913
5.4463
5.70928
5.35326
6.35755
4.97462
5.21817
6.61424
5.46042
5.857
6.40846
6.63016
4.82058
5.31502
5.28143
6.28789
5.42423
5.89873
5.14099
5.45798
6.24465
5.77943
5.66331
5.64321
6.0815
5.73481
5.73807
5.64834
5.40928
6.84151
5.65331
5.65992
5.27929
4.91276
5.33042
6.09083
6.07839
5.46948
5.66707
5.85311
5.86596
5.16688
6.08015
6.16233
5.83041
5.76301
5.74178
5.41828
5.68585
5.15134
6.04573
5.79928
6.0503
6.33953
5.63989
6.0751
5.27969
5.09242
5.89996
5.59618
5.26409
6.71586
5.22133
6.08608
5.04925
6.08684
5.71038
5.17364
5.79182
6.41457
5.45884
5.83316
6.02597
5.22806
5.82569
6.02735
5.53813
6.0747
5.91069
5.09296
6.52396
5.24881
5.76961
5.45184
5.70111
5.72559
5.40608
6.07891
5.64153
5.1863
6.30622
5.99836
5.58768
6.21157
5.74671
5.53849
5.54094
5.92423
5.80863
5.64774
5.27574
5.47311
5.55209
4.92751
6.15162
5.70791
5.5211
5.16891
6.21692
5.46398
5.30369
6.23919
5.49882
5.83425
6.3204
5.55279
6.23681
5.35743
5.44496
5.70291
6.22499
5.57238
5.44567
6.02276
6.27043
5.56086
5.1008
5.42312
5.65639
5.03241
6.1094
5.34095
5.34298
6.05785
5.61227
5.56105
5.60545
5.52313
5.69779
5.51559
5.46659
5.54445
6.01995
6.14
5.96983
5.57176
6.11802
5.39237
5.75046
5.79532
5.74307
5.72525
5.4455
6.04846
5.4849
6.50028
5.88043
5.42506
5.49232
5.22137
5.16214
5.7383
5.4279
5.37094
5.87135
5.28832
6.44539
5.99445
5.23563
5.8515
5.47229
5.0768
5.62025
5.8148
5.84019
5.98549
6.623
4.81589
5.16467
6.44445
5.53192
6.25883
6.27892
5.06546
5.33209
5.58119
5.25017
5.78916
6.07547
5.20279
5.99429
5.77656
5.46369
5.3259
5.65208
5.38624
5.3269
6.4399
5.40269
7.19152
5.27511
5.45887
5.22483
5.05693
6.40666
5.71682
5.5304
5.41507
4.94712
5.71901
6.02664
4.77157
5.47947
5.7798
5.00023
6.47967
5.71834
6.29717
5.80587
6.63927
6.4139
6.07338
5.44338
5.25819
5.39396
5.36072
6.12876
6.4247
6.2919
5.39956
6.37462
5.41479
4.80436
6.24542
6.53661
5.58955
5.64887
6.59095
5.57648
5.46955
6.34125
5.90478
5.86641
5.76293
5.09665
5.49689
5.81231
5.01097
5.02866
5.76073
5.25919
5.54591
5.75337
6.34503
5.47327
5.63178
6.71199
6.24067
5.5813
5.87657
6.2918
5.80852
6.63792
5.62845
5.93123
4.87687
5.41839
6.1162
5.62375
5.62371
5.4736
5.94522
5.3812
4.68405
5.58691
5.18299
5.7935
5.18172
5.64364
5.40131
6.10145
5.49046
5.92281
5.71289
5.09218
6.10234
5.19857
6.15025
5.82494
5.13843
6.13039
5.48274
5.6294
5.23892
5.77094
5.57603
5.91051
4.87445
5.23729
5.89522
6.31519
5.29131
5.69942
6.01776
5.79643
5.4917
5.39243
5.62227
5.91322
5.59407
5.24483
5.70997
5.45231
6.28658
7.76455
4.98375
5.94058
6.49802
6.19973
5.52898
5.40299
5.46908
5.44291
5.32323
6.6445
6.21959
5.55937
5.37932
5.8313
5.677
5.46915
6.46591
5.18587
5.94292
5.51269
5.71608
5.60454
4.98761
5.029
5.21285
5.51261
6.51663
5.99832
5.17449
5.07957
5.72554
5.40625
6.13153
6.74961
6.16123
5.30861
5.06992
5.38664
5.65054
4.78719
6.09843
6.14409
6.03766
6.60619
4.98961
5.21234
5.82192
5.80188
5.74264
5.8697
6.46507
5.32295
5.17099
5.80378
5.56119
5.74882
5.71756
5.94815
5.64969
5.53608
6.33314
6.01626
5.98548
6.48284
5.43246
6.00166
5.90056
6.13827
5.09494
5.68282
5.60138
5.99927
5.3881
5.18108
5.33384
5.59874
5.23748
5.61597
6.4836
6.11055
5.22523
5.62962
5.48491
6.21551
5.57066
6.25952
5.34633
5.25046
5.61504
5.78466
5.33132
5.3739
5.2135
5.01535
5.37149
4.95847
6.15939
8.1982
5.6503
6.23087
6.28
6.21464
4.84994
5.8505
5.98484
5.80984
6.32296
6.12396
5.27213
5.45442
5.60037
5.22275
5.50803
5.30517
5.58532
5.33722
5.5334
5.54829
5.54165
5.19293
5.51284
5.54491
5.3382
5.74138
5.28281
5.23009
5.24932
6.11144
6.14789
5.53422
6.31494
5.82543
6.20324
5.72386
6.13341
5.58199
5.60384
5.86769
5.63556
5.61745
5.61499
5.32015
6.06196
5.34407
5.48875
5.49934
5.7869
5.74283
6.46349
5.70682
5.40678
5.40015
6.59067
5.04834
6.40365
5.14796
5.83242
5.66274
5.1377
5.80409
5.41726
5.77061
6.011
5.27346
6.41977
5.94074
6.09158
5.93001
5.18306
5.88134
5.50589
5.19101
5.1473
5.45161
5.71814
5.28896
5.05823
5.74028
5.38935
5.98419
5.65241
6.26061
5.4469
6.68577
5.55092
5.99329
6.05286
6.37105
5.67825
5.27757
5.29752
5.74304
5.19474
6.20252
5.94607
5.78814
5.5749
5.11742
5.32825
5.46185
5.42732
5.41356
5.8667
5.85397
7.0377
5.55821
5.76117
5.38225
5.46921
5.38604
5.78534
5.01243
5.62231
5.60582
6.18296
5.14095
5.96989
5.89666
5.02382
5.82473
5.07171
5.51456
5.91715
6.14477
5.43496
5.82078
6.62556
5.75358
6.15252
5.21338
5.83047
5.2188
5.01031
6.11749
6.27445
6.21856
5.9911
6.81802
5.70044
6.71019
5.71277
6.1651
5.46936
6.51147
6.07311
5.27099
5.2286
5.72274
5.81601
5.49713
6.43267
6.05367
5.53659
5.79729
5.42509
5.31936
5.72762
5.89297
5.31542
5.1305
5.2017
5.7673
6.27977
5.95194
6.44488
5.55274
5.26513
5.50006
5.5801
6.03498
5.94055
6.29102
6.06373
5.93371
5.48784
5.58665
6.00909
5.24107
5.77549
5.14242
6.3311
5.78381
5.86689
6.15468
5.72863
5.95273
6.16059
5.95997
5.64838
6.24255
5.87631
5.20843
5.59737
5.86261
5.73325
5.6104
5.5606
7.34324
6.21417
5.26438
5.39977
5.28902
5.54195
5.21599
5.84912
5.54433
6.28589
5.27495
5.84866
6.23996
5.74836
5.23384
5.70592
6.03535
5.58499
5.69961
5.74142
5.81099
5.43481
5.99475
4.92278
6.33868
6.09077
5.70272
5.26504
5.94652
5.35659
5.38415
6.12194
6.35413
6.27252
6.38659
5.68769
5.84141
6.39605
5.91874
5.35967
4.73795
5.1502
5.18029
5.44703
5.24314
5.93485
5.77469
5.065
6.02898
5.50413
5.59524
6.17252
5.9228
5.93439
5.60495
5.77779
5.59722
5.94234
6.08781
5.33592
5.76958
5.96104
5.96444
5.15909
5.88235
5.64118
5.56276
6.05861
5.5871
6.10983
5.92931
5.87033
6.09752
5.85821
5.94242
5.79039
5.68202
5.28185
5.39574
5.79242
5.34743
5.85302
5.9339
5.39861
5.93145
5.93529
5.49245
6.22646
5.19782
5.07789
5.19548
5.7493
5.43634
5.81916
5.4167
5.6835
5.77736
5.68086
6.00491
5.91415
5.72283
6.02432
6.31749
4.91364
5.79692
5.61163
5.32572
5.00044
5.54687
5.45356
5.53496
5.93864
5.51279
5.32022
5.79708
5.26959
5.63003
5.15719
5.42911
5.36137
5.23459
5.16352
5.70003
5.6162
5.98767
5.3541
5.52472
6.25088
7.16577
5.51845
5.22887
6.4735
5.94873
5.66231
6.10303
5.21279
5.47431
5.76262
5.50235
5.41107
5.76179
5.6864
5.62524
5.02132
5.70474
6.17383
5.64375
5.0236
6.12152
5.47795
5.51118
5.5669
5.3651
5.83572
5.34946
5.37845
5.05705
5.38456
5.05775
5.78372
5.41828
4.88565
5.08825
5.58733
5.5112
6.07352
5.75904
5.61764
5.59739
5.22083
6.46258
5.56718
5.44575
4.97684
5.30822
5.84346
5.63703
5.46918
5.57587
6.79759
5.36355
5.48402
5.35302
5.41906
5.44059
5.27441
5.23818
6.87678
5.09016
5.34742
5.50407
5.66385
5.62666
5.57504
5.40473
5.65179
5.12395
6.40065
6.50099
5.50633
5.26129
5.46734
5.84266
5.21382
5.29824
6.90294
5.55457
6.33305
5.61415
4.93133
4.80159
5.46599
5.68603
5.5333
5.23217
5.235
6.18436
5.25681
5.52137
4.8735
4.93327
6.07952
5.40514
5.28384
5.54745
6.02209
5.24035
5.44925
5.51512
5.6173
5.62233
5.8191
5.45669
5.93017
5.49823
5.51026
5.00125
6.62404
6.03496
6.14101
5.67823
5.37768
5.43429
5.89396
5.46453
5.61818
4.98879
5.6816
5.52664
5.73992
5.63646
6.33415
5.15085
6.03628
5.08095
4.67428
5.54152
5.74889
6.01175
5.93493
5.49367
5.63191
5.47316
5.85877
5.85186
5.27611
6.03503
6.70921
5.26237
5.4977
5.54819
5.76477
5.32061
5.99859
5.76925
6.47084
6.08053
5.67188
5.72345
5.39729
6.26273
5.57005
5.43661
5.1916
5.5006
5.70764
5.19945
6.09592
4.92598
5.79974
5.36764
5.66583
5.49095
5.5389
6.24511
5.61806
4.96252
5.56162
6.13063
5.66315
5.22927
5.72402
5.8691
5.07416
5.833
5.62446
4.98949
5.83703
5.40637
5.961
5.54401
5.67089
7.07687
5.14828
6.0365
6.0414
5.32187
5.31507
5.46379
5.98656
4.79031
5.59196
6.00355
4.87251
5.22158
6.13932
5.7233
5.4665
5.79314
5.30516
5.67753
5.46765
6.13844
5.956
5.48375
5.63534
5.9185
5.38707
5.56813
5.60777
5.47721
5.52983
4.93541
6.17729
5.29716
6.07657
5.59059
5.96511
5.39925
5.77686
4.99547
5.4456
5.80803
5.46761
5.40939
6.90709
5.54189
5.83837
5.7565
5.74479
5.96428
5.66516
5.13943
5.8882
5.66892
5.4565
5.61274
6.74574
6.2236
5.80335
6.66986
5.88756
5.66503
6.55688
6.21518
5.3171
5.33971
5.41191
5.46154
5.66724
6.04252
5.17817
6.52645
5.35638
5.37919
6.22734
5.44399
5.74817
6.41339
5.83312
5.84491
5.40574
5.86017
5.64659
5.52118
5.70323
6.52465
5.81755
5.63642
5.3852
5.4757
5.40306
5.75584
6.19942
5.71025
5.53815
5.38752
6.18102
5.94103
5.37986
5.97568
4.86095
5.55678
5.18276
6.06689
5.2818
6.1621
5.06702
5.22022
6.38364
6.70287
6.16836
5.24771
5.23055
5.26115
5.67027
5.32082
6.08908
5.83491
5.36214
5.41858
6.70897
5.95152
5.81695
4.95064
6.07948
6.30217
5.80442
5.25024
5.21526
5.3811
5.13643
6.56649
5.36433
5.44913
5.52013
6.91082
5.76091
5.47403
6.16951
5.50995
5.6726
5.8999
5.43229
5.70243
5.26569
6.50164
6.07423
5.34595
5.35979
5.80382
5.79161
5.72657
6.84056
5.65109
5.59955
5.96524
5.76277
5.14235
6.26815
5.65993
5.68766
6.22279
5.71242
5.32537
5.81993
5.70205
5.99367
5.58359
5.77478
7.6682
5.36284
5.32765
5.33056
5.67216
6.51378
5.97642
6.5367
5.78829
5.3861
5.6346
6.17433
5.88322
5.44021
5.68998
5.84909
5.66349
5.8509
5.51716
6.17153
5.43215
5.26902
5.53876
5.84666
5.83628
5.63821
5.34545
6.6611
5.7662
5.66276
5.61704
6.00343
5.1281
5.70033
6.07347
5.18911
5.13
5.37757
6.76798
5.37747
5.08132
5.20305
5.27518
6
6.93691
5.31772
5.61671
5.60565
5.55212
4.82653
5.3064
5.90008
5.78293
5.97677
5.55786
5.35583
5.71418
5.79444
6.33748
5.09818
6.29903
5.62404
5.80203
5.73769
5.63943
6.10135
5.31293
5.90199
5.08213
5.4132
5.69794
5.98135
5.86882
5.31964
6.15765
5.77699
5.12668
5.46445
5.86576
5.62985
5.11571
5.74217
5.3625
5.54241
5.91203
5.51446
5.72383
5.35319
5.86886
5.53817
6.19085
5.57339
5.58903
5.62584
6.06976
5.17564
5.65515
5.39375
5.85292
5.70645
5.67967
6.04
5.37396
5.29348
5.75083
5.51956
5.62266
5.95805
6.39641
5.282
6.3497
6.12061
5.08696
5.63147
5.26496
6.55044
6.66113
5.95562
5.43139
5.29135
6.4773
5.74441
5.16882
6.12438
5.52195
6.11737
6.35203
5.5707
5.34244
6.21038
5.62679
5.33029
5.48492
5.45001
6.21019
5.78334
5.49579
5.64681
6.57602
5.78852
5.89591
5.24436
6.07647
5.68624
5.53355
5.69517
5.07006
5.54138
5.62101
5.40856
5.56962
5.67135
6.25155
5.54852
6.62859
5.63513
4.80154
6.05973
5.27826
5.38042
5.76935
5.26486
4.93089
5.2796
5.63223
6.00075
6.69148
5.80276
5.64303
5.77975
5.65084
5.09119
6.23621
6.13636
5.79466
5.88223
6.02783
5.16621
6.06367
5.40033
6.09867
7.13628
5.70139
6.22469
5.27219
5.28922
5.38117
5.58753
5.78699
5.54005
5.21676
5.65191
5.40924
5.64573
5.85364
5.70311
5.6435
5.10385
5.00224
5.82132
5.46114
6.25122
5.5831
6.1743
5.24456
6.08626
5.27676
5.53844
5.86745
5.493
5.91644
5.82618
5.85662
5.41008
5.69019
5.79998
5.14828
5.54892
5.82213
5.71046
5.76153
5.88792
5.87358
6.44584
5.70935
5.80495
6.71635
5.88639
5.78181
5.16678
5.09788
6.16713
5.32515
6.13946
6.40086
5.45648
5.38756
5.66465
5.99994
6.27382
5.17597
5.51612
5.46683
5.86669
5.72169
5.88676
5.43332
5.18146
5.03263
6.10295
5.93588
6.02975
5.02522
5.43182
6.48017
5.58387
5.78478
5.49439
5.8589
5.0455
5.87268
5.5861
5.73644
5.10534
6.32421
6.2686
5.70972
5.7924
5.43797
5.61956
5.44863
4.68233
5.84908
6.00915
5.63784
5.32141
5.92358
5.51436
5.9591
5.13807
5.97335
5.798
5.32754
5.50018
5.56231
6.47707
5.41992
5.26971
5.94971
5.59584
5.33922
6.06946
5.53488
5.59943
5.20729
5.03908
7.17943
5.41493
5.14462
5.34455
5.29362
5.58689
5.93106
6.034
6.08973
5.54154
5.52108
5.87251
5.27891
5.96638
6.69848
5.06467
5.36055
5.70318
5.12009
5.82888
5.21149
5.50513
5.21132
5.78344
5.00769
5.15797
4.98177
5.54834
5.93685
6.15128
6.1934
6.43601
6.28491
7.00799
5.86962
6.64079
5.52499
5.76334
5.79922
5.05721
5.45371
5.95619
5.83821
5.10706
4.78677
5.78983
5.28223
5.4946
5.5758
5.55013
5.21852
5.45658
6.50464
6.37542
5.99215
5.62714
5.60948
5.44114
6.07094
5.28966
5.06514
7.90076
5.70016
5.67339
5.55159
5.18923
6.0768
5.86556
6.38288
5.47045
5.64555
6.42291
6.06302
5.37043
5.99896
5.58358
5.93826
5.40286
5.37269
5.16144
5.96177
5.94805
5.47057
5.88525
6.09671
5.31485
5.76966
5.7565
5.49555
5.84005
5.6059
4.79069
6.23761
5.12074
6.22721
5.41201
5.3929
5.9746
5.72726
5.16463
6.04404
5.11411
5.65024
5.84981
5.42561
6.01003
5.68953
5.80209
6.43158
5.697
5.09402
5.68867
6.51279
5.1344
5.52632
5.91916
5.38303
6.82493
5.7156
5.35547
5.36508
5.96138
5.76568
5.87619
5.29148
5.65139
6.17762
5.70469
5.59357
5.54345
5.53409
5.25449
5.4289
5.73832
5.76588
4.85259
5.83196
6.24676
6.26744
5.59719
5.59164
5.80057
6.75337
5.67632
5.02175
5.42692
6.30763
5.60162
5.54398
5.52918
5.53961
5.60625
5.46638
5.75597
5.983
5.58197
5.85109
6.41078
5.74048
5.73793
5.83358
5.51117
5.26196
5.76113
5.62208
6.04555
5.72357
5.93496
5.76589
5.74458
5.06137
5.64227
6.00223
6.87053
6.14888
5.28343
5.76663
5.26526
6.27917
6.27914
5.1553
6.1541
5.26404
5.54612
5.19447
5.63207
6.55204
5.27269
5.4915
6.04972
5.9319
5.38463
5.09376
6.49279
5.75912
5.32513
5.70927
5.66024
6.14578
5.65728
5.09619
5.76272
4.92955
6.19126
5.58867
5.58883
5.30124
5.65168
5.36889
5.36119
5.33538
5.68097
6.1087
6.51043
5.79061
5.65698
5.53292
5.14813
5.02353
5.51245
5.98222
5.42925
8.16743
5.80829
6.03135
5.79134
5.94694
5.69519
5.5468
6.18002
4.96887
5.95273
5.1548
5.70689
5.96166
5.19928
5.47037
5.70073
5.57344
5.76351
5.3512
6.26909
5.1185
5.53407
5.61348
5.25244
5.63478
5.95143
5.49295
5.7042
4.8831
5.51564
6.32342
5.60676
6.07201
6.08005
5.84445
5.41966
6.05123
5.35797
5.7102
5.93431
5.80703
5.90952
5.122
5.11043
5.69533
5.97653
5.58736
5.94642
5.80154
6.18
6.65904
5.7505
6.02474
5.566
5.47224
5.15247
5.31246
5.9933
5.91041
5.52075
5.63903
5.84059
5.9021
5.901
6.48332
5.484
5.69426
5.59037
5.819
5.40296
5.51952
5.71412
6.81596
6.13205
6.15359
5.70668
5.66834
5.61927
5.41976
5.60884
5.86277
5.49964
5.52194
5.77138
4.75011
5.40834
5.33227
6.31653
5.41368
5.24759
5.2245
5.2797
6.06044
5.67099
5.14739
5.60993
5.76086
6.83717
5.64114
5.85958
6.31649
5.396
5.94532
6.10494
5.21957
5.95151
6.22393
5.0223
5.97523
5.52606
7.3624
5.98557
5.53489
6.14251
5.93829
5.70539
5.73347
5.39272
5.35973
5.9202
5.94743
5.80365
5.32309
5.02893
5.66126
5.95361
6.12893
5.97334
5.5103
5.5008
4.75363
6.02285
5.61395
5.57057
5.29355
5.86812
5.61059
5.84591
5.83366
5.59799
6.02518
7.31062
6.44842
5.26364
6.09377
6.09097
5.47808
5.65581
5.91525
5.48404
5.39231
5.159
5.07337
5.66048
5.71461
6.3592
5.20353
4.99453
6.22865
4.77763
6.09234
4.89031
5.79183
6.01766
5.32077
5.97358
5.81579
6.53276
4.9164
5.67334
6.39787
6.25727
5.84423
5.6623
6.38582
5.86552
6.33876
5.09302
6.07687
4.72043
5.01465
5.62402
5.51978
5.95075
5.19951
6.08857
5.7758
5.70701
5.443
5.75837
5.18685
6.46244
5.92455
6.19452
5.53889
5.85941
5.77231
5.74701
5.3091
5.9127
5.69242
5.02209
6.64683
5.4053
6.20631
5.57653
5.41329
4.93171
4.88736
5.68741
5.45397
5.35952
5.42176
5.32194
5.98802
6.61411
5.46783
5.60481
5.1197
5.32646
5.60743
5.70064
5.43582
5.85329
5.08929
5.31019
5.6938
5.72303
5.49679
5.459
5.75078
5.61172
5.65704
5.78624
5.19625
5.42597
5.25679
6.65892
5.58078
5.88689
5.59552
5.94352
5.24917
6.24327
5.17193
5.23765
5.95287
6.02165
6.16848
5.4979
6.07033
5.77654
5.26859
5.4645
5.82088
5.18971
5.285
5.57829
5.6251
5.48296
6.4674
5.95333
5.42833
5.69393
5.47684
5.88251
5.86604
5.92041
5.20372
5.47849
6.27981
6.27306
5.99269
5.80168
5.45564
5.58901
5.78153
5.53409
5.64593
5.26443
6.12598
6.0495
5.47462
5.42779
6.21262
5.66772
5.7989
5.39765
5.60497
5.85821
6.11715
5.47745
5.28075
5.20276
5.26924
5.53571
5.26878
5.38265
6.06702
5.79609
4.8327
5.30903
6.03336
5.86246
5.34252
5.36484
6.07348
5.73889
5.2114
4.92996
5.52095
5.62325
6.32904
5.91953
5.49968
5.92406
6.02366
5.4351
6.59332
5.43577
5.59952
6.94743
5.94982
5.41794
5.48914
5.39465
6.25797
5.49767
5.75687
4.88171
5.26648
5.58879
4.97884
5.42151
6.27687
5.82662
6.61433
5.89495
6.19538
5.85363
6.32456
5.56878
6.09234
5.81512
5.81727
6.4123
5.13905
5.5492
5.67321
5.35785
5.22103
5.16374
5.58034
5.45688
5.55974
5.60863
5.8849
5.87981
5.27603
5.98766
5.36717
5.67372
5.1004
5.40156
5.21859
6.65121
5.27668
5.93215
5.21151
5.66864
5.59136
5.91121
6.82545
5.87894
5.48995
5.45175
5.8184
5.58155
5.22119
5.11517
4.88822
5.98524
4.94899
6.7905
5.57596
4.81355
6.38938
6.38634
5.33311
6.1631
6.11245
5.50748
5.28408
5.15892
6.13441
6.76991
5.56178
5.6468
5.27631
5.67652
5.91393
5.89007
5.71243
5.87325
6.20997
5.23234
7.25697
5.82985
5.63985
5.35982
6.37133
5.43588
5.24702
5.59482
5.63296
5.45023
5.61759
5.70006
5.69839
6.37722
5.83075
5.48444
5.42833
5.13625
6.26953
5.30637
5.66761
5.03533
5.63796
5.51584
5.55857
5.52004
6.28388
6.85076
5.76073
5.58673
5.55492
5.19267
5.46704
5.77643
5.5331
4.96502
5.61919
5.15576
5.84069
5.24659
6.36176
5.03226
5.69665
7.47404
4.77127
5.15291
5.26497
5.09996
5.81975
5.50369
5.32804
5.67036
6.54812
5.38321
5.57102
5.7083
5.84027
5.2503
5.45614
5.80229
6.2646
5.0328
5.86335
5.88986
5.83292
6.31911
5.8258
5.28153
6.09727
5.67624
5.50883
5.78463
4.89202
6.05511
6.45038
5.70672
5.71948
5.73352
6.00158
5.24636
5.86257
5.38742
5.75955
5.54422
6.13514
5.29561
5.24625
6.03948
5.89033
5.77335
5.91734
6.09186
5.38246
6.01352
5.46854
5.22372
5.55599
5.02391
5.46965
6.09873
5.75417
5.9259
5.72917
5.64231
5.83023
5.5943
5.17499
5.35021
5.76389
5.40729
5.086
5.96368
5.63808
5.42845
5.8957
5.15418
5.42532
5.87086
5.51132
5.62662
5.70816
5.97573
5.38959
5.4723
5.37128
5.88598
6.19963
5.4448
5.60664
6.43511
5.56522
6.04231
5.69096
5.48274
4.89385
6.07547
5.12694
5.633
5.47285
5.44722
5.56461
5.76258
5.70777
5.76527
5.41004
5.65881
5.6141
5.03886
5.58371
6.23152
5.4353
5.80655
5.42147
5.9033
4.90566
5.70014
6.71809
5.40185
6.08707
5.3939
5.07392
5.48573
5.51519
5.72574
5.64109
5.97931
5.73145
5.73609
6.88488
5.4637
5.97664
5.70139
5.64357
5.47966
6.19259
6.08303
5.6441
6.12397
6.40013
5.2612
6.22287
5.21823
5.09782
6.05798
5.57767
6.10834
5.44805
5.58485
5.48019
5.65531
5.59862
6.58019
5.50173
5.49899
5.23127
5.45837
5.81993
6.26514
5.50674
5.41681
5.56187
5.36504
6.03949
5.87622
5.61015
6.14185
5.46583
5.55179
5.53978
4.84311
6.17331
5.40052
5.63555
5.57822
6.25264
5.73575
5.76604
5.08155
6.34481
5.84915
5.46134
5.86024
6.72893
5.86422
5.43451
6.11195
5.54234
5.26879
5.51951
6.2105
5.55377
6.00693
6.05441
5.2632
5.10318
5.83564
5.23173
6.09872
5.70187
6.21923
5.34482
5.46397
5.15693
6.00711
5.46107
5.5103
5.59348
5.0811
5.617
5.42936
5.5841
5.78881
5.76195
5.68874
6.5138
5.65978
6.06095
5.80131
5.4233
5.85344
5.47171
6.28412
5.984
5.89632
5.7662
4.89493
5.08786
5.75657
5.43649
5.8765
6.14746
5.47234
5.41765
5.76827
5.58177
5.54972
5.23539
5.45365
5.76075
5.94871
5.72029
5.73861
5.47704
5.53009
6.40893
5.92419
5.72655
4.89364
6.41931
5.53181
5.96101
5.38613
6.8637
5.68588
5.40128
5.78435
5.24471
5.23961
5.03827
5.57397
5.40648
6.29731
5.29926
5.82017
5.68958
4.8518
5.64958
4.93972
5.99208
5.0127
5.52605
6.39687
5.03814
5.56702
5.88163
5.89211
5.84754
5.70569
6.38472
6.80584
5.70489
5.88015
5.78022
5.36378
5.50586
5.50098
5.72007
5.66267
6.13918
6.05774
6.26948
6.28585
5.6847
4.75443
5.20117
6.03387
5.15321
5.59738
6.71584
5.86365
4.98455
6.63515
5.43977
5.55016
6.11152
5.81598
5.40568
5.56174
5.04141
5.74153
5.36078
5.85212
5.15006
5.72454
5.34192
5.33782
6.10089
6.03669
6.11168
5.86196
5.41801
5.10906
7.21918
5.24762
5.15203
5.78452
5.69593
6.34733
5.44035
6.22312
5.43098
5.85692
4.81521
5.4029
5.67726
5.49997
4.83509
5.3378
5.94196
4.91827
5.66126
7.04471
6.50499
5.76074
5.83869
5.67587
5.61444
5.39614
5.89207
5.87358
5.19118
6.0154
5.57032
5.59578
5.37284
5.27404
5.56784
5.07438
5.61302
6.50788
5.4262
5.66792
5.25813
5.53934
5.3499
5.70956
6.39285
6.10434
6.23073
5.80851
5.80212
5.70701
5.37404
6.08691
5.50623
5.39493
5.45163
5.36612
5.8921
4.97832
6.42498
5.41293
5.94
6.40787
5.48751
6.7137
5.30362
6.38706
5.82243
4.81388
5.67969
6.34286
5.47485
5.26947
5.6372
5.31442
5.98476
6.12217
5.88023
6.00046
5.20557
6.93396
5.91857
5.90657
5.97116
5.73975
5.77835
5.84568
5.75079
5.25214
5.73483
6.19122
5.92055
5.65182
5.60475
5.40797
5.15262
5.56682
5.48588
5.31617
6.48684
6.25872
5.78525
5.31823
5.47584
5.44177
5.45503
5.40062
5.92456
5.64655
6.35602
6.46249
5.61894
5.76203
5.48265
5.83464
5.08963
5.84946
5.53843
5.41667
5.69246
6.10036
5.56094
5.82089
5.24146
5.3341
5.78967
5.26924
5.79143
5.85536
5.65455
6.27218
5.37689
5.80052
5.71692
5.5763
5.55774
5.58244
5.40226
5.43008
5.2463
5.4627
5.85043
5.23068
5.94608
5.34168
5.36938
5.18337
5.75001
5.59854
5.89614
5.24811
5.15711
4.93938
5.88525
5.11253
5.35914
5.56452
5.92982
5.91226
5.58652
6.30916
5.70855
5.67447
5.31624
5.23554
5.62895
5.63055
5.45032
5.58754
5.47618
5.79069
5.1966
5.61545
6.57575
5.59646
4.92205
5.18162
5.04025
5.39811
5.68266
5.91252
6.04716
5.82785
5.37515
6.09464
6.12797
5.76213
5.91956
5.73729
5.84568
5.2103
5.73091
5.14397
6.72543
5.9529
5.81267
5.40356
5.78731
5.42453
5.65706
5.61637
5.86225
5.7357
6.32957
5.42249
5.29544
5.84588
5.1441
5.61312
6.07811
5.76706
5.63825
5.72939
5.32864
5.75523
6.10244
6.09801
5.536
5.90342
5.72581
5.11669
6.13528
5.33849
6.73143
5.95942
6.10455
6.00383
5.92864
6.24143
5.5582
5.58761
5.8535
5.06746
6.53196
4.94343
5.80154
5.65767
5.9681
5.727
6.35661
5.30828
5.61696
5.96835
5.6759
5.40676
5.49985
5.79699
5.68586
5.61371
5.73727
5.82852
5.31526
5.67397
6.2396
5.29582
5.53879
6.38548
5.40433
5.84064
5.74906
4.90777
5.44986
5.9827
5.70237
5.83178
4.89449
6.84749
6.03248
5.67891
6.50611
6.49363
5.53694
6.0591
5.48014
6.08721
6.12734
6.17191
7.22145
5.23988
5.23394
5.7202
5.59001
5.78536
5.41732
5.35821
5.92127
5.24728
5.24866
6.10686
5.98757
5.46757
5.57901
5.23173
6.00349
5.86186
5.55807
5.40231
5.55622
5.55746
6.3081
6.15931
6.28184
5.25614
6.04315
5.98269
5.62517
5.29345
5.73597
5.45671
6.06546
5.90383
6.26689
5.5808
5.59108
5.75046
5.84
5.65873
6.32341
5.47512
5.7973
6.01647
5.38896
5.82922
5.26145
5.0062
5.56181
6.31363
5.39957
5.61982
5.48987
5.565
4.95153
6.72362
5.97572
5.40335
5.59718
5.19112
5.57761
5.37767
6.04641
5.72574
5.48274
5.19055
5.66786
5.88579
6.05092
5.57847
5.46943
5.68519
6.18971
5.67693
6.03172
5.59317
5.25134
5.64701
5.67815
5.47553
5.65707
5.06482
5.70012
5.64519
5.34774
5.27347
5.56656
5.78763
5.77214
5.61588
5.55214
5.4448
5.93049
6.03485
5.70457
5.60287
5.21666
5.8378
5.73024
5.42608
5.33087
5.77283
5.8721
5.33601
5.44553
5.94769
5.41292
5.3151
5.5999
5.26641
5.31806
6.11927
5.95614
5.80961
5.47569
5.27053
5.41583
5.30123
5.59654
5.61249
5.78735
6.37689
6.72328
6.21088
5.68494
6.48053
5.09056
6.00879
5.83994
5.8623
5.3006
5.81448
5.69091
6.64141
5.14409
5.29955
5.89781
5.03395
7.43204
5.40177
5.45562
5.73837
5.37234
5.39762
5.21349
5.87014
5.32517
5.67104
5.17109
5.41682
5.61955
5.90489
6.16058
6.35974
5.52026
6.35205
5.99572
6.09942
5.64891
6.10939
5.43615
5.23603
5.70412
5.56295
5.87691
6.1504
5.30177
5.72339
6.09717
5.67852
5.92605
5.46961
6.17289
5.92824
5.89323
5.46803
5.78149
6.33164
6.6808
5.19974
6.51915
5.80175
5.51686
5.57852
5.7657
5.72944
5.26592
5.21118
5.53111
6.0535
5.66443
5.77044
5.45361
6.05567
5.41817
6.12022
5.63683
5.79203
5.32311
6.1797
6.06527
5.69305
5.33963
5.59125
6.21829
5.50603
5.51825
5.45912
6.04012
5.50316
5.24366
5.93959
6.03637
5.55052
5.32692
6.5465
5.5106
6.27076
5.24211
5.71559
5.83424
5.44298
5.68741
5.04866
5.64227
5.55389
5.06021
5.97387
5.72913
5.23065
5.9225
5.6177
6.74135
5.37386
5.66167
5.19256
5.47273
5.92862
5.33263
5.59141
5.79765
5.66357
5.59653
6.54912
6.11059
5.16326
5.32184
5.61916
5.16296
6.44334
5.80718
5.86391
5.29262
5.23573
5.39791
5.15978
4.96838
5.50487
6.79009
5.85213
6.35045
5.49135
5.03866
5.21469
5.17192
4.91663
6.44705
4.82197
5.68896
5.5757
5.14824
7.31731
5.54534
5.61604
5.48303
5.33529
5.3525
6.59459
5.55274
5.7543
5.81063
4.84732
5.14418
5.14924
5.70537
5.35228
5.46883
5.85261
5.5332
5.19535
5.49272
6.20469
6.32878
6.42032
6.48494
8.01143
5.49349
5.78347
5.89599
5.18146
5.64474
5.95273
5.8933
5.74736
5.8483
5.68605
5.67697
5.29648
6.05839
5.73387
5.2184
5.99272
5.34504
5.92449
5.26556
6.44749
4.43972
6.48187
6.72509
6.44736
5.59919
5.35542
5.32951
5.80197
4.97495
5.02854
6.21864
5.81803
6.72845
6.38948
6.00139
5.35069
5.3401
5.16369
5.29744
6.22394
5.89356
5.86864
5.60051
5.46213
5.05595
6.28003
5.05328
5.64824
5.09963
5.47259
5.50597
6.02149
5.23141
6.03066
5.66377
5.69585
5.94644
6.11885
6.68608
5.91102
5.99138
5.79176
5.00273
5.65701
5.72054
6.22924
5.28786
6.20477
6.12032
5.19782
5.74188
5.76842
5.21674
5.29561
5.6713
6.063
5.51911
5.50065
5.88472
5.49096
6.0745
6.03577
5.06205
5.62918
5.91242
6.15099
5.86491
5.49587
5.68283
5.72676
5.78428
5.94748
5.7411
5.75876
5.44095
5.86968
5.79352
5.4315
6.16634
5.99854
6.09416
5.80361
5.41896
5.77251
6.24982
5.67665
5.54302
5.68055
5.12953
5.59245
5.48016
5.19127
6.66562
6.12164
5.03346
5.19559
7.15598
5.02086
5.91791
5.89175
5.843
6.07855
5.83672
5.35738
5.43511
5.80479
5.75987
5.61456
5.29753
5.65309
5.99782
5.23115
6.52417
5.52703
5.34261
5.37465
