17.6538
11.8078
22.8747
14.3268
16.3112
15.6923
12.2901
11.2067
16.0295
23.0422
11.5804
18.5376
11.6799
10.6053
10.0133
12.953
10.9253
15.7764
12.8065
16.4458
13.4482
12.0157
11.6558
13.048
13.385
16.8199
16.5756
13.4042
15.8363
14.9441
13.2835
14.1642
12.5222
12.8806
11.8592
16.9186
14.7359
10.9553
11.6608
12.1967
14.8385
13.5509
10.9128
16.3091
14.2848
13.0918
11.3879
13.4897
15.1021
14.4914
12.1485
12.3548
12.5271
20.7102
14.9973
17.7356
18.1493
12.6027
12.827
13.3431
16.4343
15.57
15.0194
10.8636
11.8503
10.8773
15.9654
15.7596
15.5459
12.5511
15.1419
9.34138
13.9122
12.4998
13.4827
13.6345
14.2179
12.6822
12.4781
17.4447
13.4494
14.6022
17.4693
12.9893
12.3549
28.5355
13.0218
14.075
13.9403
10.7092
12.9377
17.2034
13.1273
11.3527
14.1964
12.038
16.6048
12.3717
12.8662
12.0237
27.5409
10.9563
13.1197
11.2893
12.5203
14.1821
18.7032
13.8827
11.9697
19.6997
14.7103
11.9298
13.0954
18.187
17.9497
12.3427
25.7558
14.4936
22.2873
13.5719
16.3996
13.6381
14.8794
12.7784
17.0163
15.0233
13.0117
13.3839
13.4235
18.6579
18.5028
14.4128
12.9154
14.6248
11.0574
14.7375
11.4917
11.6673
16.7118
13.4605
10.8621
9.85423
19.7727
12.5394
13.4018
18.7249
18.0018
12.3726
12.4658
12.7002
14.8362
13.8992
15.8832
11.369
9.42399
13.4771
24.966
20.2221
15.9474
12.8023
11.8127
15.7461
16.6879
11.6203
15.6652
12.2503
12.0174
13.9685
11.2773
12.1842
15.206
16.6195
12.7169
13.2366
12.0869
18.001
19.0306
10.7091
10.8571
13.6251
14.4299
12.7034
14.2224
15.8891
16.8162
19.3045
13.0346
12.2713
13.0864
13.815
12.0659
16.6414
11.6896
16.3698
9.35817
14.1198
14.7821
13.658
14.1236
11.9165
11.4609
15.6127
14.5668
12.4267
14.0883
14.4908
16.2775
11.9623
14.6028
13.8527
10.6585
13.5353
11.2639
13.7457
12.7594
14.5117
26.9137
14.1696
15.3928
13.236
12.4145
13.246
13.2589
13.1096
13.9617
10.9497
15.3228
14.4467
15.17
14.4175
13.2447
15.6298
12.7065
13.4952
16.0068
16.3726
17.1849
11.9893
11.3116
12.9417
12.6996
13.4825
14.8975
14.6279
18.8789
14.808
11.6506
14.6242
14.3186
14.9018
14.4389
11.9145
21.058
14.6173
14.5091
11.8286
11.7673
11.9923
14.2907
15.6483
15.9148
13.8237
13.4439
14.9512
15.9542
15.7588
9.662
12.6998
11.0117
16.7951
14.1526
15.5572
14.1453
14.6384
15.7784
11.4346
11.2054
13.6157
11.0619
12.3806
12.3255
13.6327
13.888
20.9008
13.6384
14.4476
14.4585
12.9582
14.796
14.8514
12.5068
13.3753
14.0734
13.6845
13.5495
17.1977
12.0047
13.0987
11.9866
11.8515
17.011
16.8722
13.2412
19.9274
16.2725
11.0543
13.0071
10.9072
13.0905
12.9342
13.4939
11.9753
12.0643
11.5772
13.1338
11.4898
12.843
15.4886
13.7893
13.6292
11.0545
13.5517
15.9007
9.35854
16.3154
16.441
15.2468
13.663
16.2302
20.9516
13.4536
14.6871
16.3242
12.4963
13.293
15.4676
15.6686
17.3813
14.1237
16.7787
15.3894
13.6217
14.3252
15.4485
15.6801
19.3505
14.5967
14.2964
11.8788
16.3255
10.8034
18.2352
11.6321
13.5266
15.0296
14.6446
12.585
13.0433
11.3578
14.122
15.8713
15.6875
13.8598
14.2192
16.3969
10.6857
14.7861
13.4708
12.6661
16.7695
17.2911
23.6674
16.4479
15.9483
13.3488
10.6049
9.03331
11.7505
13.5516
13.8768
11.8455
14.5286
12.2719
18.2148
11.9085
13.0124
12.1998
14.4179
12.9484
14.4456
14.8597
16.8788
13.3322
14.2494
13.4825
12.6419
17.1224
15.7054
13.8499
12.3397
12.6282
15.8305
13.1702
16.2605
11.9554
10.9828
19.5215
14.8392
18.6495
11.957
13.3001
12.8375
15.9092
18.2495
14.0429
13.1395
9.98099
12.1695
12.2802
16.4266
14.4034
13.5089
14.4316
13.8654
10.2139
11.9216
13.265
12.0538
21.0827
10.1889
13.28
12.9793
14.5971
16.0409
15.2122
17.2235
14.3816
12.3606
13.1291
11.6394
12.1612
12.2989
10.9359
12.2472
16.3932
17.2717
17.7324
10.815
17.6586
19.1164
11.8669
15.3937
15.4806
17.3211
12.2713
17.7809
18.6263
14.4361
12.5483
12.7011
15.8507
12.2953
12.5012
14.0607
10.7186
14.9645
21.8422
11.8738
12.1318
12.8217
12.3808
11.6048
15.305
15.667
9.9936
11.9418
17.9819
15.1576
11.6487
13.993
14.0511
13.87
12.6071
12.8604
11.6663
12.1282
13.0347
12.26
11.8277
16.5153
12.12
13.131
12.729
16.2326
13.9637
15.3015
13.5698
12.1276
15.2569
11.0111
14.9343
15.0097
16.41
27.6335
14.8626
12.6548
13.9158
14.0437
12.5866
11.8061
13.7997
13.0553
14.3015
14.7651
11.9595
16.9811
15.7563
11.8219
16.1821
14.0949
14.2251
13.2155
11.8585
16.5534
14.5472
16.8719
12.8695
13.1501
12.967
14.981
12.122
12.5094
12.0605
13.5821
11.3143
13.2514
13.7366
13.3808
16.6418
18.2934
14.5807
17.4279
12.0808
12.3555
12.7709
14.8988
11.0409
14.8951
21.9496
13.1911
11.5377
21.5731
13.2583
11.0397
13.6512
13.2754
10.892
10.5342
23.4813
19.7219
14.3031
14.1052
13.0131
19.694
14.4966
10.0206
19.8811
15.2426
14.4813
10.8684
15.6398
14.2215
14.341
15.0916
16.6996
15.9699
14.3899
13.8005
13.5735
13.5283
12.0937
17.8006
11.8447
12.5047
12.5633
16.5235
14.4231
14.6441
14.7981
15.9989
12.6234
12.6703
13.6203
19.105
12.6007
12.8361
13.1076
10.1686
17.8617
15.3747
13.1095
12.5343
10.6797
12.9109
19.2691
10.6837
12.6424
11.54
12.1621
12.9896
10.6854
14.9847
12.9302
13.3354
12.6036
11.2111
14.1873
14.2459
15.987
12.9957
14.8028
18.0589
17.2695
13.3003
14.2085
11.3035
11.4195
13.3146
17.7296
18.8248
12.8538
16.3423
15.4666
12.6892
12.9004
10.5834
16.089
14.4421
11.8611
12.3435
17.3727
12.3139
13.1746
15.4503
12.677
16.1367
17.6548
10.3627
11.1671
10.3135
15.2494
17.9994
14.5589
11.6097
12.6726
15.0983
15.3836
14.0482
17.3031
11.1577
14.3449
12.6299
14.7227
13.1697
17.48
16.5022
9.4529
16.0897
14.2785
13.1308
13.2634
17.0288
15.7884
12.5429
14.5358
13.6359
15.0721
14.4961
13.1827
11.8508
12.3259
12.2865
12.265
14.4976
12.5804
14.3354
12.6582
19.1582
15.5513
10.608
19.5535
17.6209
17.4481
14.3802
11.9799
15.3295
15.9417
11.0047
12.6883
16.1682
13.8118
16.225
14.1365
11.2741
15.219
15.0747
18.2829
15.194
14.7112
15.6224
14.0177
12.2417
11.8659
17.1045
19.4492
12.7238
16.5925
14.403
12.6691
16.8496
11.2219
10.6662
14.2939
12.4274
16.199
11.0416
16.8083
16.7119
15.2391
12.5977
16.0821
12.1526
16.699
13.7489
14.5677
12.6589
13.4758
13.947
12.8417
15.2923
12.8333
15.5618
14.6456
16.5523
16.0205
18.0078
12.801
11.4912
13.5906
10.8016
21.7467
11.7899
16.3037
14.4394
11.1366
15.6021
19.1901
11.7527
14.715
12.5691
14.9456
14.4305
16.3032
11.7579
11.7215
12.2497
10.8905
13.0188
16.8027
11.8365
13.6087
13.0824
13.9562
15.027
11.4216
13.2474
12.162
12.2703
11.555
11.7795
11.7244
14.1124
13.7376
19.1626
14.455
12.5313
17.6329
13.9903
16.1673
14.6648
12.7256
14.2642
14.1789
12.3841
17.256
10.5606
14.1706
12.2561
20.2033
12.8436
13.409
13.6189
13.7307
15.4466
13.884
10.604
14.442
12.6557
13.1393
11.2458
12.2439
15.3468
12.9037
16.0849
17.2935
16.0289
13.96
9.42917
22.6147
17.1702
12.3883
14.317
13.118
13.7747
13.6356
13.4108
15.5054
13.6776
13.4527
14.2247
15.2447
12.9969
10.6268
12.2656
15.6681
13.206
11.5219
15.7135
13.7523
12.7025
12.3911
16.834
18.6807
16.278
12.8178
14.6864
15.9258
15.7179
16.1303
14.6084
14.211
16.8423
13.2376
15.1001
14.9287
10.8481
15.9364
12.1137
14.4399
14.3573
11.5834
12.4661
13.1852
12.051
13.179
11.2665
12.078
10.502
13.6379
11.0123
11.7484
14.1808
14.1637
11.9435
11.428
13.7007
14.8207
13.0553
12.3706
16.0857
15.8258
12.8606
18.7433
13.3115
17.6392
12.4738
11.1576
13.9204
15.0498
14.5613
11.0889
10.8947
14.5633
12.6793
10.5112
11.3387
12.3005
12.3465
11.2991
11.4949
15.7978
14.5966
13.7752
11.37
11.7931
12.7482
12.0901
13.2305
13.7348
10.327
12.5913
14.4991
17.5102
18.2035
15.5666
14.637
20.1066
12.2574
14.2826
18.3296
14.2054
13.1678
12.9796
16.4343
14.1616
13.2317
12.4899
16.5178
10.8404
12.2104
14.3666
11.9371
13.5019
14.3829
9.89107
17.8282
27.2888
12.9006
14.6566
15.0629
16.8739
21.3858
11.4707
13.5489
12.0977
17.0472
11.4524
13.6961
16.909
17.4824
13.1329
13.0155
11.3497
17.9246
17.2623
13.4279
12.5539
16.3235
14.4762
15.8362
12.8333
12.5744
14.7219
17.1973
16.7951
14.9521
13.3696
23.857
21.5099
12.2468
16.7019
13.7452
14.6198
13.8444
19.1406
16.5713
13.2591
16.4453
16.6521
13.1941
12.6548
11.9647
12.0585
18.5459
13.5048
16.378
13.2321
14.863
16.7089
15.3767
17.0868
20.4173
17.6569
11.4132
13.7088
12.9994
15.5519
14.414
13.5628
13.1097
15.5941
14.3935
17.2195
14.6517
22.4225
12.565
15.9164
9.88253
13.1228
16.6212
13.1149
15.9346
13.7323
19.2971
14.1388
13.0365
12.1586
13.99
17.6535
14.0322
15.8561
17.3546
11.4495
11.0216
12.8733
14.421
10.8339
11.1809
14.7753
13.1004
13.5588
9.90595
23.1442
13.5513
15.7379
12.3212
17.0202
12.341
12.9908
14.842
11.93
12.1243
12.8601
12.0124
12.5967
12.7543
13.2075
11.4108
13.4286
13.6275
13.6108
12.6085
16.9181
12.6406
16.8198
14.5024
14.3732
12.1391
11.2956
10.4911
12.2969
11.5357
14.2522
14.7431
13.5583
15.6063
11.0178
15.3386
14.2251
18.2022
19.9441
12.1747
15.303
10.7892
13.6434
14.0666
13.5233
15.7617
15.4198
13.4309
20.3398
14.3416
16.3348
17.4911
12.2927
20.1419
14.236
13.1782
22.2888
13.3609
11.4294
14.2286
15.2621
13.0226
14.5929
14.4326
12.5828
12.1337
16.1019
12.8887
12.0856
12.1721
18.1452
13.7449
12.0685
12.6391
24.1347
12.2145
13.7494
11.8301
12.6216
13.2968
13.5048
13.964
18.0336
9.88753
13.2079
12.8626
19.0344
14.147
16.1736
15.1265
15.8365
11.616
17.3741
13.0065
13.9963
10.8607
11.1694
15.6824
19.1825
16.7225
20.4237
10.7659
12.5382
15.5054
12.9547
13.9093
12.0641
10.2581
17.2291
15.1753
13.9771
15.1436
21.5559
16.5133
11.8931
17.1373
12.5693
15.368
11.2239
9.71165
12.3146
15.6772
13.0232
13.3969
17.4173
12.8751
12.4704
13.3959
13.8352
12.4837
14.2518
12.161
20.8505
14.3927
12.4179
14.1371
12.4361
15.166
12.4394
14.4872
15.9101
11.6965
14.2749
13.5802
15.0212
12.5394
18.7859
24.4978
14.0672
14.4849
17.5101
12.0337
16.0043
14.4795
11.1126
10.3375
13.2426
13.6397
10.9008
32.7425
17.7709
18.7514
16.4339
16.2942
15.7866
15.1057
11.7698
13.198
13.6139
14.3007
12.5757
16.3488
12.7967
14.6864
12.5024
14.8334
16.6753
16.851
16.8347
10.5819
14.5735
11.1203
15.4348
12.5716
13.8117
15.7192
13.0817
13.7406
10.8837
11.7421
12.3828
14.608
14.26
13.9326
12.9436
11.0161
19.2287
16.1904
13.3303
14.5256
16.3222
12.4722
13.5446
16.5817
16.0316
15.4836
22.329
10.5692
17.3209
15.2724
12.5826
15.8011
13.8988
12.4524
16.1558
12.4527
11.5752
13.5358
15.6337
12.0596
18.1254
15.1907
14.3343
11.6567
12.9998
17.608
12.3405
18.3846
12.7498
15.7688
21.1333
14.5175
13.4369
18.6581
12.3921
12.6328
13.1053
11.4255
12.74
14.2861
11.317
16.5056
15.4225
14.9963
11.7705
17.9647
15.5094
17.3052
12.739
12.271
15.8614
13.041
15.564
14.7192
12.8069
13.3395
12.5941
13.0433
19.8254
23.3412
11.1306
16.7331
10.3859
11.524
14.7424
21.0738
10.5196
16.1302
15.8337
19.0615
10.583
18.2751
10.8035
14.0305
14.2649
17.6122
15.6869
12.3889
14.721
14.3315
10.4942
13.5296
10.176
11.7931
14.3092
12.7577
16.2372
12.6279
15.247
12.0714
16.6916
15.0979
15.896
11.1578
18.3902
11.9157
13.0649
16.137
12.2868
10.0838
18.0862
19.2725
12.9074
12.0282
13.0596
11.3974
11.0403
14.9992
10.6498
12.5031
24.1334
11.9632
13.0474
11.3485
12.6591
11.6221
21.6052
9.72614
14.9122
12.0707
20.2668
11.9341
24.1434
18.9346
11.7634
13.3432
12.7541
9.8688
14.0794
11.7721
16.1793
12.1087
18.0177
10.9805
15.4822
11.6067
12.8165
15.2626
13.0759
14.6555
15.7501
16.8844
13.4068
18.3304
13.4549
13.4492
14.2748
12.3891
15.6036
11.3064
12.7035
15.5026
13.0455
13.647
18.1905
16.0448
14.8758
18.154
21.5094
13.9702
14.1877
13.1453
12.36
14.1603
13.8999
11.9001
11.9079
14.7383
16.1432
16.2137
18.3955
13.7516
15.4622
27.7564
13.4013
15.7642
17.4262
14.1804
13.9713
11.6702
12.2209
15.9266
11.6181
14.6636
11.6136
13.4272
15.1367
17.0752
16.1426
15.6533
12.435
12.6554
12.4717
13.1459
15.1228
14.565
13.0774
13.3087
13.1507
13.8389
16.8505
14.9284
9.90113
11.138
12.6635
17.246
9.29867
11.9687
15.0995
12.6535
16.0469
11.5939
13.5003
17.2913
19.721
14.3197
13.9078
11.825
10.4746
17.0961
15.8065
19.2297
16.9044
14.8255
13.6212
11.8783
13.2562
16.1192
20.8482
14.5058
11.9379
14.8233
13.2459
11.3636
20.0206
13.8035
15.3646
18.6647
14.8411
12.9195
15.1538
13.0782
11.6894
15.6456
14.3714
13.4207
13.609
17.1009
11.9937
16.0092
20.8644
10.7534
12.5266
11.2425
14.3928
17.3606
15.2006
14.8199
12.8991
11.3058
11.3678
13.8862
12.4653
13.8294
13.6971
12.8621
14.2696
10.5542
16.7245
11.7962
11.286
13.3898
14.8604
17.0076
12.9301
13.5605
14.9778
17.1705
16.0811
16.7062
16.3457
13.4196
16.0589
15.153
13.4147
13.2966
13.1597
11.7502
13.3866
16.1747
13.2359
11.3635
13.5754
15.4974
13.709
15.4152
12.424
17.1794
14.0173
16.3733
18.8481
13.7864
10.8171
21.2878
11.3114
17.0811
12.1403
9.83923
10.1214
13.9807
15.219
11.8004
11.8056
13.1875
12.2302
13.0394
14.2251
19.244
15.992
13.8355
14.1223
11.5894
14.7375
10.9389
13.109
11.435
12.8086
12.6703
10.6381
13.3723
11.9349
12.1698
18.8412
11.612
11.4386
13.651
14.0938
19.9239
14.3314
12.4419
14.9331
10.9978
16.7975
23.5641
15.5031
11.7119
12.2436
14.1544
15.266
19.0978
18.1976
14.2521
14.6621
15.2182
22.7004
13.0155
12.0812
14.2109
13.752
11.0184
13.6422
12.9832
17.4691
13.2809
15.7813
14.6881
13.4135
12.4767
17.9319
14.5924
12.7861
15.0351
11.3374
12.9937
17.1177
12.5701
11.5995
14.88
12.5538
15.8026
12.1558
10.4589
13.7245
10.9287
17.5781
13.1119
13.3485
13.3255
16.409
17.2208
16.1644
16.9786
19.4945
11.9799
18.6256
15.2389
15.6044
12.933
12.3199
14.0032
12.987
14.699
13.765
12.469
14.871
14.1387
17.5592
13.3997
12.4673
17.2016
18.4447
13.5642
11.1503
10.7511
15.2606
16.2028
11.9298
17.5633
16.4497
17.5425
14.9381
15.8211
14.3219
18.7045
16.1146
13.3539
11.3728
12.9178
13.7115
15.7848
13.9135
15.0685
11.7993
15.6332
12.5061
14.375
14.381
11.4486
12.2324
13.7194
19.2373
12.1977
10.9333
14.6936
11.4922
14.0413
11.1284
9.05268
14.0298
9.58402
11.3587
12.7237
12.825
15.4428
11.7799
12.485
13.4539
17.0681
10.6728
16.1523
12.8886
12.7889
15.2583
17.2273
12.73
12.4402
16.8936
13.3348
14.8548
13.6669
12.4259
22.698
18.7742
13.1138
19.8104
11.6562
19.3329
15.6794
16.6125
11.3213
20.2321
14.1869
14.0026
13.4406
13.0123
13.7226
12.7782
16.5249
15.8097
14.8909
13.2929
14.0934
12.3455
12.8257
9.42074
14.7022
16.4416
17.2162
14.2737
13.3765
12.3397
17.4107
13.2355
10.8057
15.6755
21.9311
12.1902
15.7554
17.3915
12.2488
12.7968
14.9167
11.2105
13.144
17.8871
15.8962
10.4009
12.8287
13.1662
14.1514
11.8277
13.5261
13.0599
11.0436
11.7747
10.9218
12.7975
11.9986
11.4883
13.1249
12.7188
10.3875
14.2854
18.6677
12.7134
13.0873
17.4894
11.5618
17.046
13.703
13.3771
14.6953
15.7022
12.976
12.8738
17.6515
14.2108
20.343
14.1897
13.5419
12.6379
14.6583
11.4057
11.7649
15.2808
12.5525
13.0556
13.0038
13.7244
21.2995
11.9406
13.1893
19.8041
13.6244
12.0079
12.5015
16.5662
15.9768
19.4105
12.9323
12.5674
14.6994
11.5412
14.5849
13.3766
15.3278
15.0975
12.0612
24.6788
19.0786
16.3132
16.1103
24.2597
14.1056
19.868
11.061
14.7708
18.3761
12.1322
21.2449
19.9815
24.3516
15.4483
14.9242
13.8705
13.2352
13.8128
15.0942
11.5185
12.605
12.9239
18.1955
12.0176
13.8544
16.1418
14.2692
16.0541
12.8032
16.021
13.4587
16.1665
13.688
12.4048
12.9177
14.9435
16.8891
9.50361
16.6649
15.8837
13.9237
12.0147
12.9727
13.9418
14.0179
12.9041
15.9046
12.8943
15.0344
12.8779
19.1643
10.5412
16.3964
11.4119
13.6778
14.6729
13.4141
13.3604
16.4644
13.0061
11.6632
12.7092
13.867
12.2229
15.5546
14.7797
10.5213
14.2629
14.573
15.6104
12.3719
14.2782
15.6767
15.4628
15.3976
13.9725
16.8533
15.2657
12.6285
12.6817
18.7902
15.2476
14.9729
15.6915
13.0766
11.4302
15.2075
19.1025
14.0343
17.0108
13.3517
14.158
14.7996
15.6106
10.9064
16.393
12.1854
14.6299
14.509
14.9124
13.2371
14.6292
13.3209
18.9287
13.669
11.3408
12.4201
13.9131
17.8352
15.0764
11.0903
12.3894
12.8872
20.1568
12.1861
14.7746
14.8104
15.4726
15.0329
12.6041
11.5081
14.7254
15.3882
12.9249
13.0359
9.74725
15.1597
12.8638
14.9625
14.7448
11.9237
14.2942
13.7365
12.0448
13.4502
10.9322
13.8993
15.7415
14.7288
12.09
12.9006
17.2992
12.2165
10.8856
11.6418
18.2886
13.8065
13.0651
13.7486
11.4751
21.6337
11.1409
11.1956
12.0017
11.6031
12.7141
15.1897
17.44
15.5974
9.95207
15.0078
14.5662
16.7328
12.7761
12.58
17.9006
13.8173
18.2362
15.4475
14.1958
12.7499
13.6338
14.6204
13.0221
17.4121
14.7468
14.0841
13.2364
16.8042
15.4876
12.3718
16.9506
16.4679
14.4961
12.7365
15.8115
14.2247
13.2561
17.3629
13.9153
13.1897
13.9465
16.1065
17.5909
17.5714
13.5129
13.2383
15.7062
12.4384
11.0412
14.8581
13.5665
15.15
9.74878
13.5591
15.4481
11.4208
10.679
13.2225
15.5202
17.6307
11.9339
13.9447
11.2808
14.6436
17.2538
12.0275
16.2811
12.845
21.2999
13.6707
11.5525
14.6264
11.3442
18.6173
13.9682
13.2828
14.4717
11.4663
11.4969
12.0949
12.9063
11.5349
19.7447
10.8741
15.8359
13.1194
17.2063
16.4853
16.7693
12.1201
16.3206
15.3351
15.2325
13.2287
12.3828
12.3198
12.8476
13.0727
11.5232
23.938
12.019
14.2133
13.3628
14.6214
14.5548
15.5056
17.2387
11.3454
14.1531
12.2018
12.0776
13.9219
13.4549
13.741
17.4614
13.6557
14.2846
16.7166
15.3354
19.0763
13.9527
10.9741
12.4941
11.4238
16.9729
21.9359
13.2846
13.2774
27.0706
13.7406
16.2124
12.9547
12.3588
14.9345
12.3978
14.6275
12.3075
12.4808
11.8016
11.0873
14.8309
16.8881
13.9089
14.2589
13.4637
15.6502
20.3686
13.9761
12.0641
16.3247
10.6426
13.6223
17.6538
14.0721
14.9831
11.7496
14.1222
13.5226
13.8408
14.3572
14.5965
13.7658
11.7156
14.165
15.199
18.5069
11.4988
12.66
12.7113
11.8726
12.5364
13.578
15.61
11.2793
13.2005
23.9059
11.9831
14.7563
15.3801
14.5237
14.7342
12.2263
14.4379
14.4799
15.8039
11.7662
14.0702
14.1248
9.93429
10.8831
14.2637
15.8964
15.768
16.6451
15.9874
10.7644
13.3646
11.9654
14.9908
12.162
14.985
14.7347
12.5113
12.3811
13.3422
10.9531
14.9795
12.715
14.1241
14.04
17.1887
15.5627
14.52
13.0911
18.8981
12.2302
10.2352
14.3796
11.1702
12.2415
13.5258
14.032
14.5416
13.7719
11.4071
13.5516
12.381
13.466
13.1325
10.4402
10.6596
11.5919
14.3394
11.8469
13.5759
12.3317
15.2742
13.6256
16.0891
15.7546
12.2535
17.7884
15.6137
13.7428
17.2586
13.4707
8.97178
13.1615
11.1542
11.782
13.6466
20.1829
12.9423
10.6126
15.1183
9.77416
14.8206
14.8681
13.6499
16.2433
14.1241
17.7699
11.4105
10.902
12.3754
12.6495
17.3732
13.3155
12.6793
10.6521
15.4372
12.7011
14.2193
18.1885
11.5528
11.1128
12.4061
13.3393
11.7153
11.868
15.6815
14.5455
10.8467
12.1035
14.3266
15.2949
15.0613
10.8593
12.1677
13.8971
22.3343
14.3522
18.8226
18.522
22.3937
13.4044
12.0831
13.3611
16.4221
15.0678
13.7922
18.7936
11.2694
12.2897
14.5549
15.3871
15.6274
14.3455
13.0766
17.7859
24.8444
14.4613
13.5102
16.9968
16.126
15.5272
15.8286
12.8558
18.8291
11.4224
18.0564
18.7138
17.3136
14.3397
14.6862
19.2854
16.4628
11.8317
16.7207
12.3321
14.5399
14.2188
10.1713
15.8922
16.6928
13.3995
14.8776
13.0111
14.8004
11.9172
15.7645
17.9403
12.6915
17.3096
13.4464
14.2405
13.8915
16.2344
17.7908
13.039
15.0237
16.1733
12.3244
12.4049
12.4747
18.5842
12.866
13.9802
16.4886
14.7808
15.1876
11.5384
12.6378
16.144
15.4281
16.8462
13.6097
12.8092
13.5177
15.7576
15.2137
15.4068
10.8998
14.1783
13.0287
12.0416
9.73799
12.5926
15.4703
15.0498
17.6394
14.8454
11.6747
12.672
16.0536
17.5088
18.6747
13.1495
13.3401
13.5711
15.3289
12.9831
12.0924
12.1712
15.8752
14.0504
13.0222
19.9556
13.1412
16.9995
16.8343
17.8686
11.6954
13.1233
15.9931
10.1102
13.5038
11.0509
11.4655
11.1775
12.8148
13.4666
11.8629
12.7137
12.8656
16.5938
16.3293
12.4938
18.273
13.2778
14.7548
14.541
16.6782
14.0169
12.1816
14.1699
11.3085
14.484
16.0847
16.3021
15.7643
9.65174
14.1576
13.5383
11.3208
15.1411
13.2387
12.2851
14.8278
12.1584
13.11
15.6134
15.7467
13.2999
18.1894
14.1434
13.1906
12.4977
17.9566
16.8026
11.638
10.1054
17.1261
15.7896
11.055
12.9621
12.7409
13.9003
16.8239
15.3803
15.842
12.4317
17.0826
18.03
22.0477
12.4068
12.6631
15.7775
10.913
14.7237
14.577
14.2036
14.8865
12.983
16.3751
15.2064
10.5255
11.235
14.8384
16.4342
14.6537
14.4069
15.1047
11.595
18.7593
15.5858
13.8615
14.5876
11.7054
18.8907
14.6323
18.717
13.7367
12.7398
11.0394
15.4836
12.8401
17.9725
11.0014
12.1676
17.9675
12.4309
11.9952
17.4827
16.2645
14.0498
9.67431
11.3847
14.0252
17.6063
18.2231
13.9252
12.1237
16.3031
11.3233
14.7928
12.7406
15.7444
12.9798
12.4849
15.054
13.2286
15.8937
10.4457
12.0841
15.3885
14.8573
15.7201
17.0857
10.4677
14.3005
12.0998
15.4596
10.5677
14.503
14.8082
13.4752
14.4934
13.4976
16.7631
10.5214
20.254
14.0175
11.5658
15.2323
14.0699
14.1245
14.5654
13.6386
16.0556
13.3437
10.2688
22.4263
10.6798
11.7292
12.402
14.8188
14.8631
13.4798
13.1428
11.2634
13.8653
11.7103
13.2173
12.5558
19.246
20.2386
14.1095
14.968
16.7532
14.7822
12.2436
15.0655
11.339
16.0821
13.7482
12.191
12.3122
14.7827
16.3234
13.502
13.8732
17.5994
14.4896
15.434
14.3243
10.8709
23.5237
17.1579
11.5837
10.7222
16.3068
17.8204
15.8178
9.96391
17.3611
14.1906
12.5326
11.0755
12.4763
12.3553
13.8855
28.8572
13.7226
15.2324
15.9217
13.2214
11.6791
13.5073
16.6271
11.0205
11.5695
15.6417
13.783
17.7911
15.5673
14.6339
11.5593
12.7277
15.1298
12.3428
17.2279
14.8536
12.3043
11.5148
13.0776
12.645
18.7979
13.8439
16.3173
11.8351
23.8282
13.3657
11.3756
15.6425
16.7517
13.8691
13.2646
10.4929
17.0232
12.2943
12.5941
12.5355
14.7751
10.9685
14.7072
12.9062
12.7113
12.9735
17.6318
14.7449
14.0767
12.6366
15.465
18.0409
13.9562
19.6753
14.1726
15.5291
13.158
16.2792
14.2756
17.6032
15.1192
20.7356
13.4317
13.0137
12.3002
16.53
16.6335
15.3541
13.3534
16.6606
11.5825
15.2452
10.6511
13.7076
9.88572
11.7688
12.998
12.0434
13.6381
16.8492
13.5812
11.9778
14.2431
13.4825
12.994
11.329
16.6391
15.278
12.1104
18.4131
13.1388
11.4562
16.2112
18.7489
19.1435
11.9244
15.0225
18.0101
12.3537
13.5946
16.9619
13.8734
11.8978
13.6544
14.6676
17.0694
13.4393
15.8974
11.4681
12.6297
13.3279
12.6469
13.3694
18.3302
15.9659
14.1228
16.7276
18.759
16.02
14.6852
12.9509
11.3211
16.0524
18.49
12.623
17.7763
15.3192
12.5907
14.3022
11.8098
16.4588
13.9647
13.6389
11.7198
13.4403
13.9038
15.6509
21.7184
10.8029
13.0446
16.1372
21.2939
11.2886
16.693
15.1152
12.8695
11.0459
16.8185
12.0168
11.362
19.4228
16.1163
12.7835
15.0848
12.5683
13.278
18.0648
11.7056
11.4796
12.3315
12.171
14.1092
10.9748
12.6392
17.9897
14.8101
17.9363
16.4409
12.2997
13.5885
11.5448
12.9089
14.3286
9.84647
18.5833
16.0043
14.2128
11.1023
9.73342
15.3449
13.8513
12.5642
12.7278
14.239
13.3383
13.6248
11.6797
12.6124
20.6003
12.3488
13.4551
10.5417
14.6247
11.8833
13.1295
14.9345
18.373
12.7823
11.8317
14.6285
10.7487
20.4043
14.0006
13.1092
13.2116
14.5424
13.0731
12.7052
16.8974
12.3451
11.2533
13.9457
13.2646
10.9966
22.6435
14.0396
12.9451
10.688
11.7456
12.4196
22.1665
12.1689
17.6889
17.896
16.2769
18.4686
17.9108
13.4355
16.4923
13.8612
14.9828
12.0456
19.7194
20.0496
12.46
9.84575
12.4449
12.17
12.0297
11.3592
14.0924
13.0481
12.2483
13.9035
12.311
10.1922
13.843
15.0823
16.1706
14.3011
12.7355
10.7216
12.0392
12.1588
13.4962
21.4936
13.0736
11.7686
15.2709
14.427
14.557
20.5659
15.7828
18.1863
14.1088
12.4369
18.1602
15.325
14.9489
12.685
12.5182
10.6863
12.3194
10.9175
16.6335
12.9549
19.6071
13.8248
14.022
18.9913
16.578
11.7039
14.2372
18.3476
11.8861
14.0577
11.0691
15.837
15.4001
22.2466
15.127
11.2686
15.9365
13.1221
13.6596
13.5385
17.9118
18.9842
14.4564
11.7477
15.776
13.0587
16.0953
11.4251
16.3148
15.6909
11.471
10.7073
13.0616
12.1518
13.2194
18.3989
15.8444
10.9736
9.68728
11.5
11.1531
24.2923
12.6286
13.0493
10.9851
10.2792
13.9806
11.4566
13.535
15.2348
15.8605
10.5878
15.392
15.0789
18.0781
17.4251
14.9321
17.3095
13.4065
14.8424
11.3632
12.3956
22.1301
12.3681
16.6572
14.2635
16.4824
16.2645
13.5564
11.5929
16.9601
15.5617
14.9916
12.2956
15.4848
15.1779
15.9809
16.7819
14.102
19.8697
14.8279
11.0478
13.6415
13.0669
11.4215
25.7922
18.664
13.1704
11.5395
15.3488
14.0584
12.5754
14.6674
11.969
14.9275
15.269
13.0157
12.8005
14.3336
13.6825
13.6287
13.4372
16.9946
13.1814
18.1804
11.7009
15.3977
13.7708
12.58
13.7886
14.9833
13.8387
15.7004
11.3457
11.3641
12.8101
12.2893
12.4471
14.2931
12.8627
14.875
13.3893
15.9859
18.2541
11.7971
14.8283
19.0293
17.8695
12.6027
11.9575
13.1238
14.5448
14.8074
12.9389
11.1835
21.3091
11.0219
16.6565
10.7743
10.4955
11.0689
11.1989
15.5639
19.9923
16.6793
18.148
13.7985
18.6468
10.4704
14.6856
16.1899
12.8793
18.724
11.6114
15.8884
10.7703
14.6262
11.3306
11.2251
13.7964
13.9896
13.5005
17.7364
12.8709
16.1164
11.8044
15.9162
12.3649
13.3673
13.0306
20.2028
13.134
14.0454
12.8187
12.0202
13.024
10.1298
13.2876
12.2153
11.9948
13.4541
18.4767
14.902
13.2654
11.3538
13.8289
14.4727
16.5157
18.3559
11.0783
12.3154
12.145
15.3091
11.9811
16.3123
15.6641
10.9767
13.3213
13.9564
22.5375
10.7273
14.9013
11.2142
13.9566
16.078
13.0351
13.8226
18.5738
12.251
14.2727
13.9363
13.2049
11.9877
19.6415
13.3462
12.3601
11.6364
11.6651
23.1411
15.8389
12.7105
28.0653
15.1661
12.9011
10.1168
16.2657
12.9099
13.1127
15.5695
11.569
12.7789
11.7542
13.9703
12.3925
12.9649
19.2543
14.2686
15.1377
12.7126
13.5669
11.9763
15.204
19.6942
14.7809
12.1075
14.5063
16.4484
13.3158
17.965
11.5881
10.7972
17.6026
12.5415
25.4482
13.1006
11.824
15.3444
15.9175
15.4046
11.9432
16.7237
14.1151
16.8766
12.0848
13.8152
13.1664
15.9368
16.8039
15.3294
12.4579
12.8977
13.562
12.0558
14.5518
15.4449
16.4921
19.8591
19.7585
14.5181
15.4684
15.2926
17.4897
16.5721
13.8287
13.569
14.8183
12.0645
21.4548
16.0201
12.4275
13.7551
13.7819
14.5064
14.9531
16.2694
11.9348
15.8485
11.7009
19.0642
10.1351
15.3439
13.5177
19.0994
12.3479
10.459
14.1464
11.3342
14.3831
11.6646
16.0475
15.0275
13.0059
18.9179
12.3067
13.6189
13.9387
14.0534
13.1125
13.8209
13.8389
15.767
14.7536
12.9496
14.8735
14.0789
14.0146
14.2927
13.3084
11.9816
14.3029
12.7295
15.3517
13.8811
11.5034
11.0227
15.3328
15.9998
13.663
12.3291
12.7849
14.3284
20.4138
16.5373
12.9817
11.1171
11.9779
13.1573
15.9388
14.8352
12.6788
12.6823
15.3404
14.559
12.6018
14.4967
12.6734
18.2672
15.2905
12.2433
14.7419
18.3016
15.292
18.7548
15.7576
10.2099
15.0547
15.9336
16.6473
10.9593
15.0651
19.708
13.117
19.2698
15.1702
13.852
12.2034
15.4179
12.3867
14.1968
11.5109
13.2614
13.5925
13.5731
14.563
13.8211
13.0381
12.682
11.9459
14.4702
11.6923
13.7472
18.1475
9.60275
15.8942
12.1084
13.8915
11.2987
13.7011
10.4479
21.0809
13.1417
23.6601
13.4007
15.1133
10.9615
14.1898
11.9425
17.5193
15.5615
15.3084
15.1883
10.9403
22.534
19.3694
13.0457
11.5826
18.5119
13.42
13.7967
12.8975
11.6488
12.4304
16.1053
11.7987
10.8537
13.7338
13.3542
14.6069
16.8807
15.4165
11.7001
13.4425
12.0171
11.6416
12.3615
13.8031
11.9108
11.9556
13.0343
16.4615
17.3675
14.4626
13.5597
12.9822
10.4494
10.5302
15.2998
14.1889
15.0311
15.4342
12.9829
10.3076
11.1456
13.8298
11.4887
13.0283
13.4707
15.8154
12.2994
14.8066
14.3708
13.7456
14.6891
14.5055
13.378
16.9516
13.9352
11.3986
13.3809
18.0092
11.1641
16.7327
12.2916
11.2825
14.1191
12.8392
13.4687
14.4505
10.3913
13.337
11.2831
16.6708
12.4126
13.9128
15.2931
13.418
13.8189
15.0549
10.7949
16.9945
11.2109
9.5646
10.8097
17.2577
12.6202
12.5038
12.2777
14.6242
13.7464
12.7384
12.4055
11.5771
13.4311
10.4257
13.7507
12.1928
15.7888
16.5761
12.6806
14.522
16.4567
18.5098
11.5197
20.4923
13.348
18.1228
12.4437
20.0604
10.6618
11.812
11.3118
10.2394
17.3687
12.8533
14.7162
17.5292
14.604
12.3711
11.1855
9.95016
18.7301
16.0986
13.7162
12.6056
12.0907
12.4856
13.0364
21.4493
11.4355
15.4112
13.0095
15.7786
13.2574
14.8905
10.2352
15.0744
15.195
16.2259
11.8147
15.6817
13.9333
14.1083
14.6051
11.9741
15.2156
14.5454
15.8202
11.3236
14.2146
12.4176
12.8553
12.5423
14.5944
13.2262
14.4752
17.2773
14.6829
17.7381
10.8183
11.5172
18.3141
10.9391
12.7308
13.7197
17.7617
17.9735
13.5754
13.0496
10.2712
17.7546
17.275
11.7526
15.5444
12.8444
14.2119
16.0085
13.1636
12.6102
14.0808
11.0616
15.6711
21.7908
12.5002
11.342
17.5131
13.0082
11.1627
12.7257
15.8544
18.0346
14.5442
10.3479
14.8634
16.963
16.161
10.8243
11.1512
15.6701
13.9754
15.2553
13.9976
18.1202
13.0216
16.2355
27.8341
29.5398
12.7537
15.8038
13.3233
17.9262
13.1218
12.3444
11.442
13.3538
16.6385
19.8084
15.0834
14.0026
15.1124
15.4694
13.1633
13.9443
11.9992
15.9132
19.1136
12.8542
11.2037
13.9377
14.2883
14.1387
15.9806
17.0901
20.6119
16.7614
12.1057
10.7307
13.4232
20.0377
15.7556
12.3044
12.8508
14.1615
14.4515
14.4447
12.0693
13.4869
17.6975
16.5682
12.0183
18.6251
13.769
12.9805
13.2254
9.95447
16.9785
11.8083
12.6534
11.011
15.1586
14.0214
13.8558
16.3613
15.0292
17.0075
18.9263
14.4738
13.0634
11.1709
14.2298
16.7999
15.3721
13.3034
14.9265
17.2625
14.7588
16.7131
17.4813
12.851
13.4534
17.3777
11.1117
13.6058
16.5774
14.6198
15.1151
13.0731
16.8183
19.3415
15.7958
24.1277
14.0533
17.4326
15.7484
13.8207
15.1067
14.3852
15.8427
14.5403
14.9687
12.5124
13.9541
10.0693
12.5173
19.1895
13.9532
23.1582
13.0904
10.5695
12.1598
14.2408
12.8829
13.1751
12.5303
15.2662
13.2246
11.9472
9.93869
12.5595
16.8976
14.33
13.472
12.3014
13.7435
14.4925
12.7549
14.3249
13.3095
10.9085
16.7757
13.4222
15.9846
12.2884
10.7135
12.1095
18.328
12.4746
14.0221
20.2787
10.9469
14.8637
11.6967
16.8093
14.3
13.7063
15.3399
11.3646
14.4821
14.5351
13.0506
17.6015
12.2368
14.4802
11.5001
13.3518
13.6809
10.9396
18.3759
11.9509
10.5433
19.8673
13.4473
18.2661
18.5095
14.5426
14.7913
17.5692
14.4986
13.8643
13.5261
14.2609
10.4926
15.7321
17.825
14.6145
16.8483
16.0529
14.2707
15.2636
13.1361
12.7053
13.8952
14.4965
24.398
20.3569
12.4625
11.3814
15.8886
12.6388
14.7664
13.8915
10.6612
13.7841
17.253
13.2044
12.1299
12.9636
10.2022
13.9138
17.6913
10.2342
14.4649
11.6004
18.9839
13.6323
14.2716
12.8005
14.1229
10.7051
12.6348
14.4131
11.9278
18.9244
12.939
16.5273
11.4767
19.966
10.882
12.5552
17.8132
13.6472
14.0215
17.2094
17.086
18.114
17.1692
17.0489
13.8386
11.1316
12.1812
16.1947
12.9469
12.7035
12.0415
17.1539
13.3335
13.5711
16.8921
12.3551
12.1385
15.3793
15.7509
12.7339
11.4711
12.3022
13.1984
14.8075
12.0717
10.4449
13.7747
12.8998
13.2479
15.3184
12.3008
13.2038
16.0038
13.6542
14.4176
15.0239
13.3353
10.0892
11.6851
14.809
12.026
18.8148
9.8064
19.8342
11.7353
12.2042
14.2124
12.4513
13.5016
10.8966
13.2911
11.116
11.0223
13.3216
17.7062
20.5485
13.6784
14.1296
11.9123
13.1151
13.8997
14.045
14.0027
14.1452
13.6011
14.5199
12.9891
10.6358
12.5004
17.8936
16.528
12.8455
10.7596
14.4148
12.2283
12.8512
17.1567
14.3628
10.7235
13.5906
11.9807
13.1103
11.7995
10.1316
13.3519
15.2873
13.0093
16.3494
14.3006
11.9068
15.0501
17.7348
23.9009
15.3535
15.5522
13.5901
12.5273
15.3063
21.1819
14.9265
12.869
15.2854
12.0044
14.5883
18.8241
16.7002
12.0549
12.2811
11.0714
15.5404
11.6123
12.504
14.6367
14.0413
13.0271
16.6895
13.5911
15.6976
14.6094
12.7138
13.2821
11.3357
12.5276
12.4573
11.3637
12.379
12.3765
14.5756
14.696
10.499
13.8957
15.2171
16.7132
15.4911
12.9432
15.144
10.994
11.9013
12.0436
15.2408
13.6675
12.7865
14.1451
15.1485
15.1438
15.1691
14.5454
15.2509
17.0824
15.7907
14.4174
15.222
13.3413
13.5952
13.9725
15.0022
11.0168
13.5339
14.9953
12.8128
17.9236
11.6834
11.8557
11.4746
12.5932
12.8093
11.0056
15.1192
12.5547
15.4005
16.1772
13.0556
13.7742
15.7482
15.4562
17.7145
18.1418
13.9469
15.4742
14.0628
11.9289
13.5171
13.2365
15.0019
11.5095
11.6251
13.15
16.9285
13.3937
14.3292
13.9423
17.8301
16.3138
13.8655
13.3281
13.6762
11.0829
13.278
14.5838
12.0848
13.1098
11.4824
18.0181
14.7664
9.67916
12.6052
12.1305
11.8455
13.4189
15.1727
12.3544
14.2443
19.2286
14.7102
10.637
11.0448
12.1149
12.1629
13.1544
18.2692
14.7588
12.3802
12.3218
10.308
13.0634
15.7132
15.6678
12.5559
14.2603
19.3443
14.7774
9.74942
18.9532
15.5448
11.2366
11.3904
14.9952
13.4091
17.4085
17.3068
14.7757
10.3204
10.1478
17.9676
14.8452
16.9266
13.1907
15.121
18.8495
11.9336
12.1076
15.3323
21.7069
11.4333
11.7652
15.5184
18.5182
18.019
11.0512
16.1288
15.1329
12.8083
12.2418
14.9601
15.0872
12.2872
12.4699
12.7266
12.0572
12.6433
11.9516
12.3678
17.294
13.4364
13.9538
10.8608
14.4694
14.2931
21.3716
15.9337
18.2876
12.1505
13.4911
12.1359
11.441
15.6254
15.9146
10.6873
11.7809
13.5883
12.7619
16.799
11.0017
12.9754
16.7808
16.0055
13.3409
13.3885
11.8758
15.4538
12.9053
14.9747
13.7753
16.3302
14.7692
12.5829
17.213
11.4567
12.2925
13.3532
15.4755
15.547
11.15
13.399
12.4604
14.767
12.1094
14.6596
11.3003
15.5214
13.3898
14.9783
16.294
13.5288
19.6113
15.096
13.7282
10.0875
11.0495
14.7425
14.9324
16.5606
12.0349
17.8465
14.7269
11.5628
12.4642
14.0932
15.9022
14.0763
16.2835
14.9814
12.2248
15.4662
12.3895
13.1008
17.9959
13.3332
13.6848
13.5915
10.2321
17.561
17.33
14.7907
12.1614
15.8985
18.6343
11.4828
19.2415
12.9901
14.9642
11.8088
16.4051
16.3475
15.101
13.1541
20.3702
11.6448
18.1243
12.267
14.8352
17.2669
14.0109
12.9022
13.353
12.023
14.1822
13.1682
13.8778
11.0691
14.2927
12.8188
12.8301
12.9083
18.4449
13.9767
14.4078
11.2583
11.0098
12.8171
16.3138
13.1574
12.391
17.1811
14.931
13.8167
13.196
18.0177
13.6736
13.0322
14.1209
15.8007
13.0152
13.7867
14.1767
12.3462
11.9924
16.0398
18.0197
14.332
14.1651
17.089
20.4929
13.3642
10.8828
12.1428
16.0287
12.1211
20.9898
18.968
13.9749
11.4354
15.2033
11.3982
18.8118
14.8575
18.8225
16.289
11.5035
13.9628
17.0632
14.3391
14.4842
14.6334
12.8591
13.6604
12.9869
11.9364
15.1627
13.0805
13.6514
15.9461
15.3489
16.4714
12.7783
12.7282
12.1019
12.0977
12.9955
14.3581
12.1575
12.4447
15.1496
14.3691
13.575
16.491
12.0501
11.9721
14.0823
12.7746
20.3377
15.4909
17.7529
16.8361
11.5338
13.2598
14.7316
13.8348
12.5284
10.9795
13.9458
18.2049
16.3069
14.6164
15.4619
15.6374
10.3651
14.3628
17.3537
13.0858
17.8358
13.8314
18.9342
17.6259
15.1494
15.2206
13.6162
12.8591
17.6573
13.325
10.2448
12.1321
10.6365
12.6426
12.364
13.8702
18.9086
15.2501
18.2172
21.0744
14.3199
15.5772
11.375
10.727
12.2317
16.1177
22.0567
12.0533
12.979
11.7599
12.9415
17.9884
11.1567
16.6722
14.5511
12.2918
13.9436
12.9536
14.1182
14.6937
13.8557
12.0555
15.3225
14.1779
13.3995
14.8363
11.6793
13.8023
10.2004
25.6191
12.3195
11.6913
12.4322
18.1049
14.0866
15.3354
12.3525
12.9739
14.7843
14.0918
13.3941
16.9848
14.1453
12.6883
10.6496
11.628
14.6954
15.2985
16.4267
13.8439
15.389
10.382
13.4289
11.3607
14.8481
11.7917
12.1325
16.3556
11.9002
11.5519
14.9647
11.3137
12.3267
14.1334
26.0349
13.0279
14.7488
12.5687
11.4583
15.732
12.6807
15.6095
14.2823
13.8624
13.3705
20.3706
13.3692
19.2827
23.7417
15.2477
15.7397
14.2939
11.767
16.2032
22.6068
11.6633
10.94
13.9641
12.1431
12.3694
14.0899
16.8426
15.3055
12.7662
11.9327
10.402
10.4198
16.8784
21.2995
16.5175
11.5066
11.0412
13.1942
14.8251
13.8446
10.6539
11.8775
13.8455
14.2129
12.5884
13.4302
14.2756
13.2176
14.6662
13.4002
16.5457
12.3243
12.2432
13.4511
14.3617
13.4996
16.859
17.1891
13.0512
17.5025
13.3738
17.5565
10.9749
14.3602
13.3101
12.3219
17.0635
12.4817
16.3143
13.5027
12.9665
12.2378
13.8655
12.9102
12.3326
15.4168
14.8402
14.2245
13.2049
13.2552
14.9963
13.9681
13.5644
15.8431
15.0933
11.6818
10.6105
13.1717
11.0671
12.6595
14.6452
17.4592
12.0288
12.1943
11.0251
21.8312
14.3342
16.1266
12.8876
13.8893
10.7627
10.6376
14.4228
10.4815
15.0518
12.6909
16.3065
11.3809
17.2216
17.7344
19.8867
10.5172
10.6063
14.4302
11.9623
14.2508
19.1302
12.6488
11.4387
12.5549
11.6821
13.5871
12.5047
11.5022
20.2153
14.1204
16.1923
12.6861
11.9766
13.3292
12.8194
12.0262
11.3781
16.1699
19.6882
12.4014
17.7395
13.6572
14.696
11.5886
12.2743
11.728
17.685
17.8903
14.5427
12.7394
16.7286
11.8809
12.3937
14.2877
12.7165
16.8764
13.905
16.3935
13.7277
14.7102
12.285
10.3798
13.8012
18.0027
15.3515
11.8322
12.7002
15.4818
11.6613
12.9521
12.6097
13.7611
15.0235
14.9812
14.6054
11.2532
11.3491
11.7469
15.9123
11.3096
11.2167
12.3429
14.1501
12.4711
18.0082
13.3332
12.1338
15.8223
22.3797
10.4657
14.4612
11.7104
13.2339
11.5456
11.8124
15.5791
14.5704
12.7257
15.071
16.5921
14.7465
15.0017
19.8078
12.012
13.7121
13.7084
14.8587
14.0047
12.0419
18.7841
13.1517
14.7546
11.1744
11.2793
13.783
14.3743
14.2442
11.4071
15.8345
12.4416
11.2532
11.2148
14.2562
14.8746
14.094
11.0974
11.9476
15.7471
12.9886
11.769
14.245
12.1982
18.0586
9.97039
10.0463
13.9302
14.8209
12.7144
12.2077
18.1408
12.6745
14.9722
15.3372
10.929
12.7627
14.2217
12.6131
14.9176
14.7058
14.1941
14.5846
14.2622
17.0556
14.2913
14.7934
14.8137
14.701
13.6737
10.7826
12.179
15.3711
9.69016
15.4492
22.5603
10.3159
14.7857
11.3139
15.6233
12.4157
15.0553
14.9975
13.4675
15.3272
18.0466
14.5237
14.2392
15.3672
11.276
12.0455
14.2815
12.5646
10.8032
16.9545
14.1982
19.3621
11.2764
16.6902
13.112
12.0155
13.1636
12.1502
17.052
12.9631
12.978
14.6458
10.0564
11.8387
13.1185
11.8655
26.8545
14.7875
16.5215
12.4454
15.1333
10.9067
14.1586
13.5896
16.9859
11.6243
14.8626
15.8872
12.3568
10.1308
11.8742
12.8246
13.7546
14.9218
11.0728
10.6216
13.4958
14.932
16.6508
17.1229
13.9951
11.3766
12.1344
12.9915
13.1645
11.6309
12.6676
12.2953
12.1136
13.2785
17.6034
10.9975
17.181
12.3134
16.8008
15.3441
14.8105
11.9344
10.7346
12.4677
15.4188
14.4734
13.3934
10.7432
11.5443
15.0977
10.195
12.5987
15.1614
15.0886
11.0823
11.1989
12.8268
16.3077
12.9541
10.2181
18.1115
15.0228
15.7203
17.5296
11.683
15.947
14.0287
12.911
13.7372
15.3613
13.7111
11.5951
14.841
16.2425
13.4591
14.569
14.0026
12.9848
12.2351
13.3454
9.70966
10.6529
16.3151
11.4398
13.4396
16.7854
13.6156
14.7063
14.3393
15.2242
13.2848
13.3903
12.1853
17.7579
12.6545
12.3863
14.0813
12.9805
13.004
12.6522
12.164
12.5714
14.4605
14.7789
11.9405
12.0266
14.6162
14.6648
13.9341
15.4249
12.4003
13.6577
14.9611
14.2173
11.7546
13.9266
13.1564
12.3925
18.8076
13.7527
15.2755
14.2003
14.9575
14.6513
16.454
14.4621
13.7318
15.5732
16.2737
14.9646
13.2268
12.5029
14.2157
12.0388
15.7927
15.1863
12.7693
13.9322
17.8327
13.4761
18.8602
12.5575
11.6341
12.7213
16.9248
13.0846
12.9216
19.8114
14.3948
14.9238
16.1372
14.1557
10.4424
12.7222
11.5055
15.6659
13.295
13.759
15.0039
11.8539
15.1311
13.4905
13.168
18.5035
13.78
16.2869
12.6032
13.3957
14.3418
11.2134
13.9032
12.2562
11.6013
15.0483
13.5822
11.6528
12.5867
11.4735
14.5459
13.3273
15.437
17.835
12.7708
17.7661
12.1113
15.2173
11.9902
15.5705
16.0259
14.2205
11.0289
13.2482
12.7122
18.2383
17.1846
14.8741
19.3358
11.9141
11.5135
12.9283
17.7139
13.8578
10.6653
13.5682
11.2693
14.0688
14.7561
19.5145
17.5203
19.3272
18.2486
13.8991
15.3642
14.8114
13.6497
19.0895
13.7618
12.008
16.6526
16.3437
17.0554
19.2523
18.3199
15.2576
15.7732
12.0527
12.4702
15.2696
15.0267
14.2618
14.1273
11.6387
13.5892
16.7405
14.7222
16.2978
14.1223
11.7947
15.6874
15.8398
12.5633
12.4333
16.5991
13.1155
14.1571
12.8433
21.9024
15.6251
13.743
16.9405
12.2813
16.8866
13.8893
13.9817
13.506
16.8189
11.7133
12.2771
20.5035
12.1101
14.6196
14.6941
11.0321
15.8985
13.2361
11.7119
17.2182
14.3513
15.4561
11.5483
13.0398
14.2422
14.0811
12.928
14.1674
13.2793
14.4188
18.1612
17.3665
11.6783
14.0994
11.6559
11.2978
16.2913
17.4023
19.2145
10.8946
18.7541
13.1486
18.0733
12.184
13.9469
12.5339
18.9441
15.2415
14.3282
10.7107
12.1604
9.65228
14.5911
21.4829
12.2846
17.2846
14.353
13.6274
17.414
15.7896
13.3843
15.5514
12.7486
15.1077
14.9798
14.8851
13.1714
10.2393
19.2056
21.8142
12.0217
14.5978
13.9884
12.6187
14.0473
13.5546
28.113
13.8177
15.9858
16.2721
13.9979
18.2834
19.5208
14.0386
19.105
13.2653
13.5471
13.0944
11.179
18.7604
14.6012
14.9821
11.5706
14.092
12.684
13.6344
10.7479
13.3486
17.6266
12.4915
16.904
15.5031
14.3961
15.2291
11.1061
16.7387
11.9118
14.0428
13.2615
14.6693
10.8762
13.2863
15.6691
16.8023
12.793
13.1194
14.6797
17.2908
13.2304
12.3738
12.4062
16.2094
17.6362
13.7569
16.1162
14.4757
18.7193
14.1453
12.9055
13.9025
14.0382
13.9099
16.1656
12.7621
13.2653
30.1094
14.5259
11.6759
13.4947
12.5645
12.2652
14.6663
16.871
10.2844
11.8459
18.9029
11.7102
15.7926
11.372
14.0638
11.3564
17.4652
15.1292
11.5866
17.4729
11.9897
13.6326
16.687
25.6634
12.3364
15.9373
12.1494
17.2678
12.7688
11.9964
13.0946
15.5472
12.7363
17.5947
11.7448
14.8945
11.425
14.336
14.0612
15.9925
14.9536
18.6197
14.5461
12.6621
19.7036
16.2044
14.1306
15.9582
14.4506
13.7141
12.3474
14.396
14.6873
11.5529
14.7199
13.9857
16.7491
10.9954
13.4848
15.2786
11.6802
13.7521
12.9604
10.681
12.9681
14.9183
10.0418
11.4333
17.7829
11.7663
18.0123
14.2336
12.3372
14.4761
14.8921
15.1241
13.1717
17.4036
16.3598
14.8921
12.5307
14.4835
13.1424
14.3757
11.1616
11.9567
14.495
13.0314
15.7521
12.7112
12.1453
13.7178
11.0735
11.2105
14.2159
11.4423
13.8313
15.4378
16.6848
12.4252
12.1564
13.4692
35.6627
11.6273
16.6869
18.8188
11.9986
13.5726
12.7426
15.7644
11.7504
11.8876
13.2815
14.9464
13.4543
15.2151
20.7783
17.95
13.4333
13.2491
13.6866
12.1573
10.753
11.5388
15.8953
24.6087
18.9735
16.08
20.1061
12.6513
13.2087
11.2293
17.3409
13.3654
13.2361
12.0399
11.5685
16.1841
15.5646
11.5047
13.9015
12.743
14.5665
13.9335
16.1351
15.3148
14.0842
17.3691
8.91291
15.5988
17.0463
13.8918
13.0216
11.7567
22.6242
11.7753
15.1765
13.0556
14.9841
10.5577
13.6018
11.9713
11.7348
14.5107
10.165
22.6899
13.8666
14.7085
19.3476
10.2103
17.5866
15.779
16.9045
10.7381
12.2338
15.177
11.7551
13.6735
13.0315
11.8922
15.5007
11.9817
11.7875
11.3502
16.0296
14.8914
13.5495
17.7624
11.0819
10.9643
15.5273
12.3891
13.5121
15.4178
16.5426
19.3738
12.0482
14.4615
11.745
15.4066
15.5006
11.4207
14.331
17.55
14.0041
12.827
13.3183
14.1925
12.3677
10.9396
11.8217
11.8084
12.6887
10.2285
17.2396
14.9768
9.61867
14.6721
16.8408
14.6696
13.8998
16.0733
13.8583
12.5897
19.3412
14.7172
12.2423
13.9162
11.8494
18.6168
13.066
11.5241
11.9881
20.4242
14.4681
13.4315
15.4332
12.936
15.231
13.9452
17.2083
15.0178
16.9545
22.0175
13.1029
15.0421
15.7154
11.5861
12.0423
16.1939
13.475
16.5331
17.8998
12.1107
15.8583
14.2766
13.364
14.7281
12.3721
14.1483
12.9547
14.2753
12.5644
19.8807
11.6173
17.3776
19.6468
11.1151
13.0046
12.5855
13.8107
11.4145
14.0241
13.5052
24.295
15.2363
14.7629
13.7913
12.4595
12.3518
10.9227
13.5773
15.1158
13.4719
14.5626
21.961
12.5317
12.1014
12.6225
15.1499
16.6099
13.5301
13.0001
13.2847
18.1093
17.9093
13.3748
16.7847
20.358
14.6813
15.5107
18.7011
12.4262
14.3833
12.619
12.0213
18.1272
13.4939
16.296
19.167
16.9787
20.704
17.919
14.0128
12.6624
13.404
15.9145
13.6767
12.6028
12.7552
10.9188
14.2801
12.9632
10.7086
11.0158
14.0285
12.2992
14.9691
11.0861
13.4057
11.6544
17.2748
10.8078
13.2188
13.579
16.4453
22.6397
19.0945
14.1347
16.4644
11.6706
14.348
16.2755
12.4296
15.0565
12.4858
10.7887
12.1858
12.6044
14.026
17.4496
20.1188
10.5126
16.009
10.8458
24.5405
13.5723
22.2535
14.6368
13.0318
12.4071
15.6105
13.7238
13.5369
9.42263
18.1875
13.8411
10.7275
13.9642
15.1
13.3619
11.2942
10.991
13.3498
14.1464
13.6751
15.6353
13.2577
12.4608
14.5743
11.1177
12.3051
15.3013
11.8861
14.0292
11.9588
15.0117
14.1465
23.0904
13.8394
15.0498
15.0238
14.4044
10.7164
13.7322
10.7012
16.9592
13.4716
13.6955
10.1689
10.9991
13.6647
17.5373
16.888
10.3852
17.4854
15.5356
20.1102
12.5537
11.7931
13.1733
13.1693
15.1047
13.1694
18.8088
14.8806
12.4242
15.2221
11.6589
14.9222
10.0296
11.2114
11.5731
15.3054
13.5266
18.4906
19.9791
10.8544
13.2035
15.3858
19.6706
13.4393
10.5129
10.8026
16.7637
13.7991
13.0807
14.0375
14.44
13.9056
15.5796
11.9093
10.2433
12.663
14.4032
13.6934
13.5315
14.449
17.3428
11.7085
14.7477
14.777
12.0201
11.041
10.8856
10.3698
14.5001
10.9501
17.1714
13.9755
12.3004
23.245
18.6984
18.4459
13.0181
18.2224
13.3952
14.5451
13.0142
11.5691
14.1142
16.7658
15.8992
14.3422
20.9837
14.3826
10.8907
11.4418
12.4831
11.7929
12.867
16.4218
13.108
13.5326
11.1738
15.8049
13.3395
15.905
11.4848
16.1306
13.3901
17.7428
14.1024
12.7742
16.813
16.1209
12.9507
11.0435
13.6312
15.5051
12.1862
14.2611
12.7064
15.8578
15.0899
12.4496
14.9294
16.9873
14.9075
19.9662
14.6913
18.3984
12.8194
13.3996
16.0777
13.6152
18.5123
14.0009
13.0568
19.408
18.7054
11.2753
14.7203
23.9212
12.7861
19.0309
15.0401
12.4645
15.8008
18.0235
16.3532
13.5351
12.19
12.8743
17.4442
15.673
18.1083
12.3935
16.9242
17.7199
18.0959
10.7848
11.9959
16.0218
12.8614
16.6694
12.0447
13.2942
13.1084
10.5743
13.1337
14.8354
14.1284
12.3941
17.3477
18.5165
11.5512
14.8126
20.531
15.7818
12.5555
11.2007
18.0138
9.36221
12.0846
14.8934
15.1758
14.6173
13.9308
16.5244
12.4742
10.7241
14.4531
14.8029
12.1138
14.3023
11.257
16.1893
14.7269
16.7108
12.6595
16.5456
16.5834
16.0865
15.1478
19.8467
14.4676
10.7607
16.3142
14.3826
18.7953
14.77
12.2891
10.1341
16.7758
15.2904
15.2384
13.0542
14.3302
12.0199
13.4148
13.2167
13.1666
11.994
14.5345
18.7497
13.4863
14.9522
12.5456
14.6495
12.5498
12.796
15.6855
16.5356
14.5212
12.7006
19.5472
24.4036
11.5789
17.1729
11.8478
14.591
13.8695
15.1518
15.25
12.0522
11.7664
13.8519
13.4948
16.6277
11.3715
12.2177
14.6549
12.8313
14.7809
18.111
18.0915
15.3792
15.3743
14.818
13.6459
10.2251
19.8243
15.7958
17.0583
9.80254
11.4841
12.3939
13.0854
11.0755
14.6144
14.8382
13.7655
16.5244
13.9657
11.8155
11.6863
11.7674
16.821
14.9859
13.9581
16.1551
12.6104
12.9911
14.9205
14.8952
12.0603
15.9756
10.5758
18.8623
18.1297
11.6414
14.585
13.5805
11.5474
16.2711
15.1512
14.1675
14.5863
12.1645
12.1458
17.1339
13.6643
13.1275
13.5968
12.3906
11.169
11.6715
13.8071
13.6181
10.4579
11.2807
11.5874
16.0778
11.1104
17.9508
10.6003
11.9795
15.0824
13.9427
15.4605
15.7631
13.5601
14.1816
16.171
11.6997
11.7328
15.2579
15.9306
14.0861
12.9854
12.7214
13.1357
12.7628
14.2496
15.5944
15.0998
13.1238
14.2058
17.6178
16.7107
12.763
13.2606
16.4656
12.7442
15.2607
13.4014
13.0637
14.9098
14.9635
12.3421
18.0309
15.9731
12.3035
15.3215
15.1229
14.0155
16.2697
13.9116
13.0053
13.2629
11.638
13.3354
12.5448
13.4701
16.7605
16.88
10.3924
17.1655
17.8631
13.7976
14.3464
13.0745
11.6357
14.6721
13.4954
10.6312
14.3821
13.0494
13.7043
13.6236
14.01
11.7357
12.381
11.012
14.8353
13.7093
11.3807
11.0805
17.0456
17.6391
18.922
11.0401
13.7041
14.2505
14.9212
10.8904
13.9812
18.0323
12.2955
11.4107
16.3793
13.4483
11.3515
13.4284
9.49485
12.2714
11.6056
12.5997
14.421
16.4513
23.979
19.2202
13.8434
10.8649
11.3849
18.7147
17.5823
14.8534
15.5537
16.4258
12.4032
11.7106
16.9985
14.34
16.0528
12.4574
14.5681
11.7403
12.5484
11.5094
13.6326
14.1238
11.6095
16.6399
11.5002
11.3048
13.3417
11.2238
11.505
13.6698
15.4948
13.2732
11.7809
15.5582
21.4167
12.7063
10.6018
12.5382
14.0606
15.0797
13.1492
11.36
12.0854
11.8733
16.4151
11.2219
14.4759
17.7003
12.1775
13.262
14.1872
11.4274
13.1555
18.3241
13.6126
10.28
13.8605
10.4189
13.1386
10.9968
15.2802
14.2846
13.5609
12.3492
17.5121
15.0786
14.9158
12.129
13.6918
20.6037
9.62977
15.1107
13.9448
13.2248
15.7586
11.2754
12.0597
15.3149
10.7188
17.9963
10.2902
12.2685
14.8919
15.8765
11.6552
17.3141
15.5946
17.3418
11.4517
20.1129
17.7307
16.5176
11.9406
15.393
12.7251
12.731
16.9062
12.4036
11.963
15.9406
12.133
13.5905
13.7373
13.3078
19.8595
13.4504
16.0853
13.7168
11.8119
16.3636
15.9875
11.4935
12.1868
14.1369
14.4409
11.3647
16.136
15.1769
11.0598
16.5295
14.7914
11.481
15.2717
12.961
11.7246
14.3638
19.7748
21.8086
13.3387
13.1242
19.7013
15.0084
15.9802
9.14212
18.8416
12.2266
14.2965
14.2146
11.8305
13.8991
15.0872
17.4476
12.9414
14.435
14.7824
17.5366
16.0624
15.8827
11.6071
15.9001
15.3926
11.7401
16.0606
15.7459
10.7312
14.5092
15.8357
12.6754
17.0297
12.8702
12.5407
10.3546
12.6752
12.4658
14.2164
11.2558
11.4413
11.3128
12.7638
14.6484
12.8042
13.4975
13.219
13.3941
12.0108
15.4361
12.6783
15.8472
16.0925
14.0598
13.8906
15.0335
10.4062
14.5317
12.1845
15.257
15.2072
14.9168
11.1576
16.436
12.3947
12.6697
14.9434
14.376
13.3081
12.1088
14.1953
11.8155
14.7815
16.9817
21.9629
11.404
10.6294
11.719
14.238
11.895
10.762
12.4155
9.67344
15.6594
13.3094
12.5903
17.7596
10.4539
11.9367
12.1878
14.5333
15.2263
17.3191
19.697
12.3186
12.1414
25.6162
13.3976
13.6485
16.7073
15.4882
13.8385
12.1202
15.6452
13.7345
14.3878
20.669
11.2444
13.76
13.3153
11.7216
16.7232
10.3154
12.0858
15.844
13.3333
16.9344
14.1394
15.3118
19.2012
11.2449
13.3738
17.7302
14.8227
11.9021
13.4947
12.7522
10.8606
10.5564
14.8174
10.6537
13.5123
12.1122
14.0261
11.9161
15.1558
14.5681
13.4586
14.4933
11.0128
19.0628
13.8219
12.0869
17.7683
12.7956
16.0416
12.9086
15.4889
12.7351
12.2527
12.8719
12.4463
12.4974
13.8881
13.6029
14.6227
13.369
18.0356
10.5413
14.7166
12.7232
17.6454
10.3541
13.4015
18.4937
10.7993
15.0447
14.6924
13.6027
16.9485
12.7031
22.0406
14.319
17.6287
21.6165
13.8326
11.855
14.0529
16.0362
14.4383
13.6288
14.5584
17.7522
13.095
12.406
17.6956
13.3876
14.754
13.5157
13.913
13.4592
13.6166
15.7312
13.0168
13.9892
13.0736
17.8822
11.8248
11.4084
15.5313
11.3027
12.3785
16.0005
11.1415
14.5103
17.0635
13.5785
11.4105
16.549
15.9247
10.5793
14.7248
16.2423
14.4723
12.2977
11.9601
17.9082
12.3101
11.3092
14.9179
12.2342
14.939
15.1036
17.6306
12.7354
19.8661
14.9048
19.9392
13.5189
12.5095
13.2763
18.2395
10.9315
14.7663
14.8002
10.949
13.8097
12.9367
19.2208
13.8956
18.8082
11.6663
13.4543
11.8648
15.8484
14.7728
11.4806
15.817
13.3007
14.5848
13.0336
11.2937
18.6303
14.4668
14.4062
13.1198
15.9393
13.4323
12.9959
15.1417
18.4859
15.1021
14.2565
13.416
14.6689
12.4934
16.1644
15.23
12.2566
12.6542
14.8251
15.6281
10.9487
11.4249
13.203
19.3559
14.8066
16.6939
11.8094
15.1016
11.8022
14.749
18.4348
18.2711
14.4948
11.4793
11.7455
11.3556
14.0489
11.4756
13.9202
12.4064
13.0115
10.5001
14.7681
13.8904
15.1832
22.82
14.3854
12.5054
14.6997
12.6849
11.5594
16.3548
13.5217
12.4469
14.1521
16.905
14.8916
9.71143
13.305
12.1546
9.69679
13.3956
22.4374
16.7126
25.1459
17.2537
15.333
12.6735
16.5177
17.1815
21.7814
15.8627
12.9633
12.2962
13.1046
11.5238
16.8051
15.0354
14.4113
13.3045
13.9023
12.4789
16.2029
13.1869
14.4106
10.4714
22.3095
15.5454
13.7918
14.7953
10.7601
13.7826
14.5762
13.4961
14.914
14.3217
11.5667
16.7749
13.4418
11.2091
12.6173
11.0958
11.2585
11.6489
12.7156
11.7585
14.2334
11.9501
11.666
13.5039
13.8878
19.2235
10.9519
11.2888
10.7505
14.5101
12.79
13.285
12.2564
12.916
15.9708
13.8921
11.7978
13.2042
14.7511
13.0287
14.0864
14.3354
13.0516
15.5936
11.516
15.6909
12.2939
14.4852
11.1501
11.6738
13.5689
15.8764
15.1596
11.2919
13.5507
13.7225
15.5068
20.8499
19.7936
12.0266
13.2192
11.4058
11.381
21.1639
13.4494
13.0264
11.7879
17.9177
14.6398
13.5627
13.6583
13.6688
12.9623
12.5588
13.4178
12.1855
14.6681
13.7348
10.4926
16.7375
14.1186
21.2511
12.805
14.2617
12.265
12.9909
13.492
11.7964
11.6319
13.4709
11.9818
13.308
12.4094
16.2978
13.5887
16.6939
15.8545
14.2216
12.0403
13.2208
14.9974
12.8986
12.5147
11.3362
16.5062
15.265
13.0961
13.629
11.9768
14.7627
18.6815
10.7537
14.5574
13.5366
15.5802
17.0097
11.9407
12.25
13.4602
20.1308
14.7155
14.4778
16.978
16.0321
13.1582
13.5631
11.9849
11.7414
12.3179
11.6463
19.1061
12.2488
16.3921
13.9015
17.7761
14.9328
17.4934
16.4945
11.0568
17.8117
11.325
9.03033
11.58
16.2047
12.4494
15.3894
16.9413
13.5263
17.7648
14.9621
15.5426
13.1743
12.9317
10.7326
13.1069
11.5573
10.2532
11.3846
14.9623
13.7444
12.795
16.3524
12.4258
15.8387
15.9191
15.7843
13.2307
13.3119
14.1607
19.0889
10.4564
11.3121
12.9869
15.5837
15.6244
18.3708
16.7167
13.01
23.1871
13.9548
16.3296
20.9756
12.4205
18.1355
16.9609
15.6068
13.6722
10.7099
12.7438
14.6659
17.016
18.641
10.0901
14.027
23.0758
16.4283
14.9685
12.2524
17.6275
17.0043
13.2764
13.3222
18.6474
14.532
12.6106
23.7016
11.1511
19.5005
14.7968
12.5784
11.9991
19.2565
11.7334
15.6058
19.0332
13.3647
15.8373
14.024
14.7472
15.7207
13.7694
14.9937
20.0487
13.0471
14.6512
12.4126
14.6443
12.5629
12.8859
12.4383
14.358
14.1899
16.2636
12.0776
11.4182
12.4553
13.6363
14.1713
16.8178
18.8422
11.0577
16.4153
14.3795
21.7221
14.1911
13.5854
12.1688
11.7331
9.47921
13.3448
19.9166
15.615
15.7863
11.9359
13.0889
17.4399
17.4042
15.1425
17.047
29.9133
10.1902
21.176
16.3695
13.5456
12.3899
10.6843
13.1844
14.7189
12.321
14.3726
15.4727
13.8781
11.4024
14.6909
15.9424
14.2856
13.3873
15.6638
17.0386
16.7443
11.9236
12.7879
20.0911
12.5886
12.9439
12.1566
13.4667
11.9424
13.0977
15.3925
15.4548
16.6712
12.0301
12.4857
14.5303
16.8395
19.4199
16.657
11.8736
13.199
12.1381
13.2394
15.7449
11.9394
16.0713
12.3713
17.2399
10.942
12.4019
15.9562
13.3349
10.6491
13.7152
16.0492
13.3531
13.2165
12.4307
14.4021
18.0309
15.1993
11.8522
14.6485
16.5372
14.0861
17.0507
15.6144
14.65
12.4334
15.2799
10.1937
15.4716
14.7307
12.0866
13.8817
13.0227
16.7046
16.2433
13.2129
11.0477
15.76
11.7305
15.212
12.3973
13.9083
15.5437
10.049
11.3159
15.9793
10.554
14.4592
10.9643
14.7734
10.5818
12.4919
15.9394
13.3913
12.3067
14.8221
11.6723
19.7026
14.733
13.7856
13.9182
10.3144
11.6852
14.4136
14.4426
13.5359
16.5899
13.9032
10.7724
13.5272
13.6053
20.684
15.5621
11.923
12.9872
12.2032
12.867
11.3737
11.6195
12.2888
16.2013
13.6745
14.5818
14.5455
12.9074
12.9595
15.2552
13.8243
20.3749
11.6711
14.6626
10.6905
14.9432
14.246
15.9192
17.5423
12.6796
11.6161
12.1151
12.1535
15.4505
15.7096
16.2204
19.6903
10.4302
12.2387
16.3135
11.2105
13.144
14.6282
11.1252
14.5339
15.093
15.8726
12.1219
14.6353
18.987
14.2599
14.2677
13.2628
14.5767
14.0041
14.1034
15.0726
15.0572
13.0488
13.572
11.4162
19.7273
11.495
11.7972
21.4396
12.9187
17.1123
12.2156
14.5623
14.3213
16.9386
12.4758
18.3588
16.3634
11.7257
15.2365
18.9217
12.0004
11.2457
12.1682
13.0802
14.2147
12.6891
21.0309
13.203
14.2077
16.6296
15.2897
13.9037
13.4748
12.8954
11.6174
13.4155
9.84418
13.5571
14.7901
16.2114
11.1471
10.7006
14.2135
19.0099
10.7986
17.2974
15.22
15.6524
18.7967
12.8543
16.2422
13.3048
15.2237
15.157
14.2433
11.7512
13.2903
11.8262
14.6356
16.7972
13.9255
11.2174
15.2472
16.0939
12.827
14.381
12.9456
13.5795
14.2891
14.2518
11.8875
12.0177
13.581
12.1844
11.9538
11.4379
13.7308
13.8273
22.2114
11.0835
21.0467
18.4868
15.7651
11.8371
18.0656
21.678
11.87
11.5005
14.3499
13.1919
14.2863
12.8685
15.3974
12.5386
11.8556
13.6073
11.6415
17.3177
12.028
14.3694
11.8683
12.1847
14.1245
12.454
14.1544
9.55834
14.1942
13.3535
17.0605
12.3929
15.7976
18.551
18.8031
14.3487
13.2098
19.9522
10.1782
14.0896
10.4901
11.5685
12.293
13.6088
20.8182
12.1486
12.6167
11.1006
17.6631
11.3435
13.0232
12.1922
13.381
13.4912
13.4825
17.4209
11.4648
13.1102
11.6561
13.9495
24.2933
12.2795
15.7201
14.2669
11.7652
13.5426
13.2271
14.0217
12.3628
19.7507
16.0257
12.9182
16.0289
18.1813
16.9086
13.5072
12.6005
11.8272
18.637
15.0158
13.2959
15.1723
11.8457
12.7236
14.7952
16.4216
11.2805
13.5109
17.2262
15.4688
16.3893
14.1522
10.8792
12.0711
19.7494
11.7159
11.5394
13.7041
15.6803
13.6535
13.3034
11.5076
13.9886
17.9726
13.2068
12.817
12.9729
12.6115
16.6708
16.3013
12.38
14.2242
13.356
15.1656
16.9101
13.2348
13.6277
14.2796
11.0242
11.9044
16.7338
20.1576
14.3813
14.2263
10.3418
12.2365
12.5671
15.2618
13.1948
15.508
22.8864
11.2691
13.6081
14.5835
13.2958
11.0437
11.6656
14.8241
16.0041
12.6552
13.9158
13.3178
15.1095
17.9551
17.8049
14.7176
13.3943
12.2823
11.5375
19.0452
14.2366
14.0412
15.152
11.986
13.2907
12.3647
14.4158
13.6962
17.4485
18.9916
12.3866
12.7517
13.519
15.9346
19.1387
16.2285
12.2251
10.2734
11.8646
13.4138
12.3344
20.7465
19.2513
14.9688
11.7403
13.6458
16.4083
16.7518
12.5003
14.2855
12.2462
12.0146
14.0293
16.0108
11.3521
12.497
12.7574
13.5278
17.185
13.0309
18.3464
15.2831
14.9787
14.0751
12.4008
13.9111
14.0946
12.4851
9.19671
14.4918
13.5677
16.5631
16.8985
11.9426
11.6328
15.4015
14.9112
14.1599
17.9417
17.9321
14.0555
13.7684
15.0778
12.7717
14.5787
22.0177
17.1447
12.035
10.639
15.4852
15.0569
12.8014
12.4068
14.3015
14.0919
13.9877
11.0636
13.8358
13.6124
12.7673
14.9754
12.2846
12.9864
21.0836
15.8382
15.8738
12.342
12.7734
11.6254
11.8125
15.9951
10.9535
11.674
16.2727
15.511
15.2318
12.5102
16.9842
13.0577
11.3594
11.7916
11.8018
12.9503
12.8137
11.3265
10.3774
14.5041
13.4368
11.5599
13.6029
14.1181
16.4962
15.2158
16.0913
13.0568
13.2137
13.0303
14.7251
11.7069
11.508
12.194
15.948
16.5665
19.6939
13.7214
11.0936
11.5093
15.5163
14.9155
10.6218
12.3888
11.6491
17.0055
13.0712
12.8499
14.0772
12.633
24.903
12.0653
14.2404
17.1598
15.2575
13.2962
14.2847
19.5848
11.9517
14.7758
16.3529
13.7532
11.7581
11.4471
15.0925
15.8754
17.6613
17.6242
14.5384
18.5813
15.2094
13.2074
18.5079
14.1717
13.4435
13.0273
13.9846
16.5914
15.9782
14.3395
13.2419
18.1766
13.7501
17.4711
13.7167
16.1307
9.95789
20.9914
11.6565
11.3706
10.4043
12.4588
13.5951
19.5578
12.0393
12.2836
11.9798
14.6241
14.201
14.2687
21.0914
12.814
12.0872
14.3696
13.7548
12.706
13.0774
13.64
10.3961
12.8485
15.3079
16.1922
11.5409
13.4856
13.059
12.6153
12.8603
14.9301
12.3729
14.2931
10.6798
12.6397
14.8661
13.489
13.6417
15.5596
15.3611
15.3718
12.9344
15.7114
14.5816
16.7712
11.2284
12.7754
12.8335
16.4636
15.3514
13.4152
13.3753
15.3762
15.6843
11.9841
13.4933
11.8411
12.1277
20.5855
13.2564
13.4653
12.4294
16.4693
12.0779
13.109
14.947
10.7329
18.0808
18.8244
14.1913
21.8484
13.8423
13.3587
14.9239
15.3675
10.621
11.7214
15.7089
16.0877
18.9711
16.3656
13.6692
12.8799
13.0096
15.9542
20.5219
15.958
15.3128
15.1501
18.2468
13.5168
14.4802
17.9525
14.999
19.6204
11.9752
10.7607
13.2329
16.5429
12.8635
14.2091
13.3987
14.3491
11.38
15.3871
14.3215
18.1096
15.6788
14.088
12.6506
16.1253
14.4
17.4431
13.1815
12.5969
16.134
12.3205
12.396
11.1673
11.5871
18.907
8.78606
14.4127
13.4047
17.2669
15.2526
13.0854
13.4028
11.0922
11.4197
13.1987
14.1155
13.3146
14.1628
13.7195
11.902
15.4973
18.7494
11.1421
12.5116
18.6872
12.7947
16.3861
13.6906
13.4
15.4373
16.2889
15.2906
12.1409
13.5077
12.7223
17.6311
12.4688
14.7084
14.3238
13.3545
16.4269
14.2944
14.1953
18.9938
17.9305
11.7123
12.9149
14.3433
10.5287
14.7434
13.2573
15.8764
12.1629
12.1217
13.7591
13.7593
11.9859
12.3015
12.7767
14.2381
14.826
11.7955
14.5373
11.8806
14.5603
11.061
12.707
16.611
15.0057
15.1958
13.231
23.4084
17.9404
15.4801
12.8944
16.0556
11.1238
10.3569
11.7506
18.0048
14.477
11.7325
15.4692
11.5848
12.5777
15.7104
14.2446
13.3594
11.2551
12.8932
25.8209
11.421
20.0016
17.5983
13.3653
13.9244
18.2992
12.3233
12.5924
11.1678
15.1237
14.2403
13.0307
11.5889
11.2252
12.3416
12.5766
13.2797
15.5698
13.6441
17.8375
12.4078
16.2871
12.7348
14.3626
14.3511
14.2421
13.7551
13.545
13.2141
13.2308
13.6879
17.5031
13.8275
13.384
14.2626
15.391
14.028
16.5459
14.8102
14.8146
12.9477
19.315
19.3924
14.9528
15.2842
20.5736
13.2307
14.3364
19.2518
12.3259
14.6182
15.6776
11.4753
15.7242
15.2616
14.6594
12.8624
12.2782
16.7538
14.6822
12.028
12.4511
17.0293
13.6497
21.4834
13.8
16.609
11.4551
12.7958
11.8761
14.5315
11.6437
16.3308
14.0581
19.5892
14.5905
15.463
12.145
12.1338
13.9069
11.4708
17.5871
17.2182
16.2322
14.9128
19.8659
12.5881
13.0087
12.5959
13.7021
15.2349
12.0584
12.7118
14.7904
13.9234
13.8819
12.1899
13.6296
11.1845
12.1965
13.1169
13.0226
11.7223
17.4156
19.0107
15.8072
12.5926
12.3866
11.1293
15.3025
12.0008
14.3026
14.9584
9.03862
11.9989
12.9402
10.6468
21.6603
13.6214
12.387
11.6641
14.3196
13.1631
16.0308
17.5741
13.5247
15.0585
13.917
12.9301
19.9161
11.7679
16.8866
17.766
15.728
22.9335
21.9188
12.3899
13.5856
14.0237
19.0327
14.7032
14.2774
14.4624
15.867
11.3508
16.6223
13.0588
13.4103
13.8843
18.0389
15.3252
21.4247
19.0257
14.6932
11.005
12.5758
17.3536
19.6568
17.5329
14.6346
13.7862
23.3099
14.77
17.8036
11.8514
14.5076
12.8959
12.0514
12.5388
18.1897
14.4774
12.8829
14.0264
14.4381
12.8531
15.3271
10.1051
10.8523
15.5688
11.3058
11.6283
16.1899
19.3184
16.938
12.586
13.4103
14.1677
15.5055
14.1316
24.7929
21.7438
11.2391
13.6105
14.7489
15.3115
16.5482
15.8037
17.9584
13.1308
18.6813
18.1361
14.3806
10.1647
16.3984
16.2759
12.8333
15.9413
11.4947
20.12
15.2888
11.7732
16.7586
14.3636
15.0803
11.8076
17.7701
11.5282
14.3727
12.7678
11.2814
20.701
11.573
12.0413
13.3514
12.5507
12.2359
15.5521
14.2762
11.9283
19.8633
15.2548
15.2474
11.1376
12.058
13.1851
12.8502
16.0809
11.8049
12.2539
12.7573
12.7961
14.0574
18.6042
14.5002
16.0191
11.4557
19.2997
17.7781
16.7606
18.266
11.4615
11.7691
16.328
11.8362
14.8792
21.0534
17.9111
13.2758
12.5827
12.6287
10.0066
12.0481
14.4609
15.4989
23.6449
15.4563
16.0076
12.0463
10.6784
15.2784
11.9391
16.3055
10.4706
14.4068
16.1238
12.8438
12.7521
16.0273
24.6346
12.1996
12.8983
17.6341
13.7312
16.431
17.4861
12.6374
13.1328
15.1315
14.8253
20.6359
12.4829
10.386
12.3813
14.4864
10.1754
12.6242
11.1343
14.8753
14.183
12.3895
15.8252
13.3622
14.8838
12.4913
24.062
12.3116
15.7947
13.1537
15.4637
12.4739
10.5682
11.8153
13.283
12.2699
13.5483
13.2481
13.9286
17.5814
16.111
11.9088
11.5445
11.1286
12.6744
13.5742
16.0921
12.1804
11.9296
11.6333
11.4636
20.6509
13.7528
14.9966
14.286
14.445
18.499
15.5987
13.1846
13.2795
15.7795
15.1199
12.9737
12.2939
14.633
17.1097
15.1819
13.3789
24.8468
10.3489
11.5904
14.3879
13.7095
12.7231
12.147
11.8986
13.1696
14.8153
13.2825
10.6324
14.2267
15.8583
11.8872
14.86
14.2023
13.6473
13.4616
19.4243
13.4042
11.6422
17.3422
12.9979
13.4308
10.7467
12.7097
11.9375
16.3934
13.5439
13.6512
15.0765
12.6242
15.8378
12.6601
12.2129
15.3216
16.7755
19.7748
13.7989
11.798
18.0066
13.8916
12.534
12.5817
13.9502
15.1301
14.5773
13.3324
10.8206
11.2455
16.176
11.4734
17.1612
13.038
15.2584
16.3796
14.3831
11.434
15.4415
12.6345
13.4092
12.7052
14.2562
15.3283
15.023
13.5185
15.8192
12.2231
19.4695
13.3362
14.0585
11.3172
12.8621
12.2662
11.8208
16.031
11.752
9.76731
16.1069
22.9939
13.1741
14.7552
12.0635
13.3558
14.5872
16.9817
13.9421
12.719
11.4469
10.1465
15.5706
15.1569
18.9533
14.116
13.4551
11.6921
12.642
13.5493
15.0042
11.7086
11.8352
11.2063
12.9147
17.9607
12.9838
26.1218
16.5719
10.256
15.3142
12.0847
13.4909
14.9991
11.7235
14.029
12.2359
11.8122
13.6672
13.2503
16.1137
14.3911
14.5505
11.638
16.6753
11.7851
12.6572
14.745
10.2586
16.2181
14.1129
14.5941
14.1074
11.5989
14.7696
10.4984
14.574
16.0936
16.5453
12.4751
14.4471
12.0529
13.85
11.9888
13.1142
14.6367
17.5908
11.7573
11.0319
17.6154
14.6848
13.7726
13.072
10.1481
13.3511
11.6186
16.1566
14.1694
27.6134
12.6033
16.3333
11.033
18.9839
17.4973
12.1263
14.17
15.8383
13.4322
19.1509
16.2106
13.4058
18.0022
16.8822
11.2484
17.0021
13.0895
20.1001
16.244
13.0303
17.1099
13.5861
14.796
10.8413
13.5092
9.54073
12.5268
12.7395
12.8217
10.6352
12.8793
12.3476
14.2426
11.3175
15.777
11.7433
12.406
21.8859
19.3853
16.2878
21.0425
22.0611
14.3856
17.3638
18.0857
12.8971
20.4262
16.3492
12.6983
11.6773
15.2574
12.9014
13.1631
12.8447
15.2078
13.2343
14.476
11.4397
15.4008
15.5654
12.235
12.48
13.9028
13.4907
13.8185
21.2953
12.5878
15.9136
12.6462
11.9106
15.0218
16.0498
18.8723
14.1445
16.3941
11.6288
12.7681
23.2576
14.406
12.0381
15.738
11.5865
18.194
13.4275
17.6518
12.1753
14.4157
10.472
12.1557
11.3868
19.8454
13.1942
15.5729
19.4627
13.6814
15.541
12.234
19.3036
10.2013
17.2324
14.8811
18.4349
15.6863
15.5927
12.6384
15.3391
12.5395
16.5265
11.1884
11.2037
14.2084
12.9173
10.8823
13.3926
13.0726
11.0435
14.0742
12.2509
12.2352
13.3618
10.522
14.2485
11.6827
11.3901
16.7742
19.2326
15.3194
14.3002
11.5812
12.6419
14.4563
13.5864
13.4074
16.5065
19.4332
16.4051
16.7692
15.9263
14.1722
15.71
13.928
11.8604
11.744
12.2501
10.7101
14.3932
11.9962
12.1134
14.724
11.2202
13.0635
14.8497
11.8488
12.8234
12.3587
11.9961
10.7675
14.5521
19.8006
14.6336
13.0046
18.3067
10.8399
13.938
11.7399
12.4996
11.8492
12.4816
17.5676
14.74
15.1186
17.9207
13.8143
15.2727
13.3922
12.268
11.1928
16.5606
14.9974
13.3309
18.1459
17.0872
16.3664
11.7121
12.4124
15.6679
15.3036
17.5824
11.1319
13.4613
20.0533
15.1514
10.8422
12.6955
15.5862
15.4304
13.891
14.1423
20.4712
14.8806
17.7025
16.185
11.7031
15.0526
16.326
14.5507
15.1622
13.2912
15.9141
14.3834
14.7619
10.9893
13.2093
17.5568
13.3808
19.4449
13.0958
15.0797
16.0842
17.6979
14.7787
15.5509
16.6528
16.9129
14.1723
13.7936
14.9677
11.6143
11.0331
15.931
17.1663
13.7137
10.6346
19.6495
14.6235
14.4094
13.3783
12.5399
10.8216
15.0207
15.9888
11.9961
12.6616
15.8233
14.138
12.8037
15.0886
14.7688
14.5794
14.2479
13.7218
13.4654
14.0829
15.4309
13.6036
16.3657
15.3853
12.5115
16.1957
14.1366
13.326
16.5079
14.426
10.9599
12.6157
13.5062
14.7277
11.4304
15.2701
14.1254
16.7894
16.2084
13.4089
14.8283
12.4769
15.6235
15.8434
13.6472
18.8601
14.123
10.5961
12.9627
12.1328
13.0416
10.8466
12.2794
13.8308
16.7219
11.9219
13.0523
12.1518
14.6456
13.4294
11.6566
14.1877
20.6692
16.4693
16.8094
12.6267
10.9836
21.4557
14.9088
16.8083
16.4719
12.2115
13.994
14.5436
15.7465
10.8104
15.819
11.4518
23.8278
18.086
13.3563
11.3587
11.5921
16.3735
12.879
14.8839
12.4649
11.8007
14.8202
12.5367
10.6906
12.7107
14.6249
16.2522
18.4543
15.4667
24.455
11.5059
10.457
15.9831
12.4569
12.1575
18.0419
14.962
12.8235
13.2669
10.3884
14.5483
13.2981
13.5819
14.1691
13.8248
15.6094
14.5503
15.8895
13.6242
19.8901
12.7984
12.1077
16.5125
14.83
14.6354
11.9349
23.8461
11.1215
15.5252
13.413
17.7036
21.1105
12.0222
14.3889
14.4229
14.7181
14.3127
10.714
14.869
17.3712
12.6476
14.5441
15.9448
11.618
11.9833
14.2783
11.0614
14.9911
11.5332
11.921
12.324
12.8159
16.6598
12.3128
15.719
16.1663
11.7575
11.2853
12.8706
13.5539
14.1771
13.2426
16.4287
19.6393
15.172
12.0508
11.0438
19.6711
12.2516
12.0529
18.5874
12.5764
26.0085
16.3195
17.3107
10.862
15.5703
10.3095
12.4594
15.2752
10.7315
18.9142
14.1883
13.3322
13.3343
12.7996
23.5091
17.1637
14.8878
13.6413
13.6335
9.85314
13.5951
12.6523
12.5101
15.2101
13.4075
12.8892
16.6635
14.9938
13.2248
11.4417
11.3339
12.9737
15.7663
14.6458
17.6635
15.7615
17.2472
15.7746
14.1876
11.0951
14.0164
15.9451
16.617
11.6262
14.9342
15.7502
13.894
13.9221
15.9842
18.9217
13.4614
12.8479
12.2336
17.7134
13.2661
12.7092
17.9112
18.3374
12.5483
11.8771
21.2537
13.0431
15.4332
12.8128
11.0232
12.1909
19.0152
15.3145
15.4709
15.8387
16.7413
16.0022
13.1849
17.6702
12.2927
11.2832
12.1904
12.1901
10.8981
12.015
11.9338
13.064
15.5456
13.8528
13.4908
17.8558
11.8585
15.1109
14.0097
12.3287
16.0011
13.0255
20.3294
16.1478
15.3195
16.555
12.8583
12.4655
15.5076
11.848
16.1388
12.0682
14.0141
12.5623
12.4737
13.9043
14.7338
14.3632
12.8713
10.0131
17.1096
13.3146
15.9951
13.8659
10.878
19.4337
13.9846
10.4517
14.9675
15.1583
13.0465
14.3839
16.6155
15.6686
18.5978
13.3012
12.6487
13.4441
13.8239
14.2037
16.0077
12.2826
14.3825
14.9786
15.0006
17.8238
22.5992
15.6357
13.3608
17.6199
14.7832
15.6574
12.185
14.6377
11.2576
17.497
16.1939
16.1252
14.1701
15.2775
14.8725
17.1161
11.0098
14.2326
16.4407
11.7028
13.8323
19.206
15.6804
12.7945
11.5271
19.4927
13.3369
10.7737
11.7554
13.8106
11.0995
12.226
14.2198
13.649
13.5615
16.5099
13.0929
12.5629
11.3153
14.2637
13.0024
14.0458
13.4605
12.4408
14.1395
15.0279
9.48849
10.9303
10.8286
15.0981
16.1174
14.9302
15.9547
14.5054
12.6832
11.6963
12.0961
11.8027
13.5519
17.6365
13.2944
12.4612
12.6489
16.6633
18.1127
10.9502
14.6149
18.3966
12.8697
11.8958
12.2261
16.5872
11.7077
12.5039
12.9692
13.2636
12.967
12.8333
15.6243
21.475
11.357
11.958
11.4418
11.3825
16.4305
12.1002
11.8137
15.2878
11.52
10.6595
14.3843
13.1639
13.6762
11.0044
10.7003
13.7062
13.1716
12.713
17.3697
17.7485
24.1456
13.9081
17.4054
13.2959
20.642
14.5073
11.3388
14.9641
11.7846
11.7636
19.035
14.6181
15.3214
20.6469
21.7917
13.9612
15.3183
14.1472
12.5482
15.7467
18.4248
14.2361
14.2574
11.4491
17.5802
14.1311
13.4368
10.4631
13.6357
17.1362
15.6288
12.9907
12.6072
12.3531
14.2908
15.0934
13.8868
15.6825
14.4958
14.397
13.1834
13.808
10.1864
16.6192
15.8611
17.3686
12.1299
15.3816
16.4545
18.4661
12.2102
15.2659
10.2976
14.8607
12.5899
14.0337
12.3373
13.5842
14.5222
10.9004
12.4491
10.4024
11.4185
12.4778
14.4269
12.6858
11.9255
17.9146
13.3491
13.9572
16.8968
12.1181
11.5767
13.7306
13.6834
12.2533
14.3603
21.2822
13.821
13.9179
20.117
16.3589
12.0671
14.8774
11.6924
12.5147
13.4482
13.7171
18.3738
11.4846
13.9858
10.699
11.4705
16.33
15.3321
17.968
14.1552
13.44
11.2172
14.3413
15.3837
18.7411
14.7605
11.187
15.2844
21.5161
13.2532
13.2286
15.1354
12.236
14.5011
16.442
12.4741
15.9
14.0444
11.4028
19.4114
22.8619
14.5918
11.8989
12.3876
13.4709
15.0635
14.1083
14.5804
12.9926
15.3918
11.7893
16.7619
15.6961
16.3968
18.0985
13.904
13.0655
14.6758
14.9168
21.6779
11.4323
10.4126
15.2161
12.8025
13.3734
23.2092
10.8189
13.3642
14.3479
16.843
11.7276
23.1324
10.516
12.4969
13.5151
11.7073
12.5716
13.8284
14.1633
13.2313
18.7368
13.8377
10.2534
13.2639
12.3773
12.51
26.6308
12.8328
11.3208
14.0872
22.8477
13.7057
13.7364
15.2591
11.1402
14.8834
18.9923
13.1121
16.4994
13.2453
13.0543
13.2922
13.0503
12.973
24.2992
13.896
12.8147
14.5318
11.841
17.0505
17.5945
11.9406
11.2992
14.0215
11.2993
10.6089
21.2576
13.5405
14.0684
13.5245
15.6106
14.0663
18.9527
17.8394
12.7374
17.4526
17.344
11.8932
10.6291
11.0225
12.6229
13.6216
10.4728
13.0626
15.9472
14.0369
14.6564
19.174
18.0801
12.6317
15.5704
12.2889
13.1976
13.9489
16.5012
15.9691
13.1902
9.58829
11.3573
12.7266
12.4321
15.1373
10.2145
17.8615
13.3041
13.3355
17.6114
18.2923
15.0381
13.9847
11.627
15.1792
11.4049
15.3599
13.515
13.9938
14.5301
13.3538
15.9436
20.6273
14.9002
12.1096
13.8982
16.7588
12.5181
15.44
17.3435
11.7841
12.878
15.6482
12.1474
15.0144
16.8288
22.3923
12.2694
15.3243
18.7887
12.143
12.7005
13.2368
16.2735
19.3572
13.5326
11.1688
15.8569
10.3029
16.3899
11.8207
13.0939
13.1197
22.3902
13.8019
11.3941
20.6148
20.2392
10.3715
15.1897
12.9073
11.8685
13.9796
12.7765
18.5156
10.9509
15.7648
11.4871
11.7115
13.0847
16.6471
11.8518
11.6944
13.0279
17.12
12.495
12.3216
15.8482
20.4182
19.7374
11.9393
15.3479
14.2149
14.3435
10.5584
14.1504
18.4854
10.9377
11.9851
13.4247
12.7248
12.8375
15.1136
13.9274
12.0816
12.3739
11.1272
11.7126
16.3027
12.0678
14.7116
14.7438
12.3048
13.652
12.6958
13.2929
11.1839
16.4886
13.2924
15.3219
18.3448
12.3042
11.6431
13.9569
14.9047
12.6933
11.695
15.884
11.6306
19.0594
13.8935
13.1183
17.4797
13.7958
12.751
14.6092
17.0127
12.5991
17.5353
14.6478
13.6509
10.5009
13.8893
15.4477
13.7867
13.0832
14.6461
17.8779
11.9114
12.5714
13.6646
14.2218
13.3652
23.1836
11.9177
12.0916
20.7787
12.8194
12.4276
20.6315
14.1216
15.57
11.8407
14.325
12.1615
12.0841
14.662
11.5821
11.951
16.8777
13.2625
13.7703
12.9054
15.0103
14.6996
15.6235
15.6711
14.816
13.2718
14.6658
14.3458
13.1161
12.9614
12.6617
18.4105
12.8937
18.6026
13.5929
18.4635
11.7295
12.4715
14.4051
12.2558
16.1883
14.8905
15.1055
15.2569
12.0735
15.9716
16.0898
15.4667
15.5499
15.6794
17.082
16.9262
18.9481
15.1204
15.4802
16.4701
15.276
15.9044
12.2275
11.3157
14.2301
13.4064
10.6139
14.5144
12.2075
12.1406
15.3747
15.1306
16.1882
12.0011
14.3436
11.7333
11.7739
17.6257
15.5631
19.0913
13.3871
12.537
13.145
10.6245
13.2814
10.3815
16.3081
14.8071
14.879
11.5081
12.9796
16.4539
14.014
13.94
12.5474
11.3192
11.5247
11.3715
12.7551
12.0066
17.1127
15.4586
14.9161
12.3156
11.3783
19.0761
12.2658
11.2215
18.2877
20.1289
13.1157
15.8473
18.2802
13.0899
15.6879
12.5745
15.3172
17.6054
13.1347
16.8942
11.2686
17.8104
19.6086
15.1149
12.5968
12.759
22.1709
13.7916
15.268
17.3831
13.335
12.6052
18.0281
15.9178
15.0713
15.5043
13.1057
11.2332
15.0323
17.1421
16.4043
12.9396
11.5664
20.8868
9.68747
11.7375
11.0038
13.6667
11.3793
18.0235
12.812
17.7574
15.7095
19.8526
12.2456
12.5595
16.5375
10.8674
15.9899
11.5474
14.4107
13.4623
14.5376
12.1851
14.0471
15.646
17.1713
13.3063
17.4923
10.4565
11.6428
14.9173
14.8689
12.7776
10.8845
13.7103
11.9727
12.3133
12.1668
12.2308
8.63712
16.743
19.059
12.452
13.1727
15.8354
13.0875
12.9846
15.8977
12.3751
12.9116
13.987
13.8034
12.2548
17.849
16.4309
10.2549
10.2934
14.0957
12.7851
14.7098
14.0854
13.3514
11.8297
14.6578
14.572
10.5848
12.0244
18.5509
12.7531
14.8317
14.6102
11.4765
17.7368
11.7825
14.5062
13.6325
10.9322
14.7682
11.7497
16.4426
15.1431
14.8954
15.7483
12.7501
12.5872
11.378
10.5294
20.1072
15.5961
13.3258
11.8263
13.0896
10.7229
19.1262
18.0468
13.0017
15.9382
16.5623
16.8089
13.6562
11.9641
13.2059
12.3516
13.7486
14.2905
14.0679
12.7778
15.198
16.1505
15.0686
10.3503
17.7896
19.2126
14.687
15.6899
13.8657
11.5587
17.4537
15.4045
11.9969
15.8792
13.6698
15.6202
18.7312
18.1124
17.9479
21.6314
15.9546
12.2542
9.23989
12.7548
17.4603
18.6368
12.0936
14.0435
14.3638
16.0227
12.7152
16.537
10.2959
11.7297
14.0186
14.3864
13.2757
17.0634
18.5271
14.3613
13.5283
11.8175
14.5954
19.5524
10.6486
14.4927
14.3003
11.8607
15.9166
13.4917
11.3144
14.9154
10.4546
18.8397
11.0199
12.8107
18.84
11.5118
15.8933
11.1799
11.1791
14.1398
15.2371
13.2533
11.1606
16.7435
14.4201
16.7464
14.9925
9.70094
15.3921
14.1407
13.1055
12.587
19.0076
13.9478
13.6206
15.1008
14.9993
14.8409
21.3393
11.8059
18.7544
11.9055
11.3182
17.0513
19.5154
12.2559
11.168
15.3306
15.0402
17.5082
17.6439
9.75459
12.6166
13.9716
15.4472
15.5004
11.8727
13.6062
18.0507
10.5293
16.6887
15.4309
11.5021
11.6758
16.1433
11.6589
15.8815
13.7408
11.2272
14.1771
12.5063
10.5845
11.8164
15.1466
13.0058
21.3027
15.3412
13.5222
14.9687
11.8145
12.9936
11.5916
12.1039
12.6521
12.9308
12.5733
12.6771
20.4789
12.7599
12.0117
12.5394
10.7
12.3738
11.5333
16.4628
14.5661
12.7317
13.7227
12.4072
18.2142
17.4213
12.4431
13.7811
12.5073
14.6123
14.1486
18.4097
14.1287
21.2207
14.1246
13.7804
20.1411
12.6341
13.7885
13.5545
16.9102
10.5534
15.6737
12.7253
11.0649
18.2605
16.9168
13.1774
13.0251
11.6791
14.5345
14.4538
12.9192
15.3963
14.2882
14.2768
15.8586
18.0177
15.0417
13.3368
13.4127
15.6407
13.0049
12.2708
13.5577
14.1873
16.4323
14.4945
13.0734
13.7912
12.9127
16.6043
9.99207
12.9212
14.7668
11.5244
15.4341
11.6019
10.8117
16.1051
14.1956
11.7794
17.6952
12.2607
16.6266
13.5581
13.144
14.0336
17.0342
15.7816
16.2009
13.5773
15.1605
12.1042
14.2833
13.6814
11.1265
13.557
13.2913
15.8472
21.222
11.2331
13.5537
12.7582
14.9392
15.638
14.4472
15.7196
21.2053
14.0206
14.0884
9.89314
11.9944
16.8776
14.2812
14.8241
18.575
11.653
15.1047
13.2201
15.1473
12.6616
12.4488
12.8216
10.3547
15.0912
12.0555
25.4744
17.7208
12.1374
15.9943
16.9132
12.7353
14.2225
17.2845
12.6157
11.8057
11.2316
15.3116
15.6531
21.4658
17.8668
10.1783
12.4365
15.5593
14.4092
12.0189
11.1343
12.1902
11.0753
12.2193
12.4984
14.607
11.6734
16.6738
11.2935
15.0807
15.5328
11.6974
13.5765
15.2075
11.8549
10.3996
11.952
12.387
15.4383
13.0248
14.0106
12.4628
11.8771
9.58666
13.525
14.4765
14.3387
13.2045
13.5273
13.2807
14.4698
16.7142
13.9614
16.3615
12.2205
14.6825
12.2558
10.4263
13.6076
12.2993
12.9476
15.0253
13.9821
12.8701
15.9662
13.4445
12.0446
11.7625
12.4017
17.2041
20.1176
17.6142
10.6239
14.8713
17.0898
10.382
16.6555
17.9871
20.9196
12.8748
15.5646
14.1239
10.315
13.4315
14.5648
14.6978
16.1781
11.0685
13.3506
19.168
14.1022
10.9254
13.1428
12.7733
11.1114
16.857
10.4893
13.7943
20.2101
11.622
10.5063
18.8363
14.2028
13.2038
14.3905
11.8001
13.7439
12.8918
14.4808
14.8854
18.1811
16.6091
20.8527
13.3694
10.9817
13.9978
11.8539
12.4561
14.9789
13.8563
10.6715
17.2646
10.8058
13.1272
15.6048
23.3821
15.3282
14.565
14.2424
17.0861
15.153
13.5212
13.6928
12.4298
14.6481
12.5083
15.7056
11.4098
14.9299
11.9515
15.9372
15.1159
13.0295
13.5479
12.5733
15.6629
13.1109
12.1741
12.4486
14.3657
10.9955
12.5627
12.6244
12.2521
12.0316
12.5274
12.9147
9.85969
13.0991
12.7734
20.1447
12.9883
19.1298
18.889
13.0677
13.1725
13.1416
11.6521
10.9801
10.9762
11.0146
16.2656
16.9847
17.5368
14.1276
16.6129
15.9821
12.4416
11.7905
10.3526
14.8309
12.1992
18.0383
13.3826
17.4584
18.0382
15.0825
15.8439
16.3616
11.7684
11.5103
12.061
15.89
11.7939
10.426
20.0911
15.0949
13.8556
12.0905
11.7922
19.6753
14.8147
13.9963
14.0615
21.014
12.3715
11.3791
15.1037
10.7711
10.2641
14.2459
11.7222
12.386
12.809
13.6482
13.4448
12.7355
14.8491
14.8706
16.4712
13.1254
10.9644
14.5299
13.5104
17.4167
15.1963
12.8956
18.0369
19.6501
14.4186
13.1754
22.2028
15.4321
11.9103
14.4116
13.2621
12.6378
20.0371
12.2057
10.8008
17.7039
11.5823
12.8641
18.1355
11.0659
15.4707
12.8938
17.9454
11.3022
12.8708
12.6254
11.7231
10.4021
12.3855
15.2765
12.8276
19.514
14.4776
16.0707
18.6065
11.5657
17.5864
14.4836
10.9126
17.6099
11.2442
11.9172
17.5927
12.4743
11.6259
13.2464
11.9289
12.5442
11.7068
14.8082
14.1929
12.4475
11.2037
13.4905
13.92
13.8591
14.8484
13.941
13.8649
15.2846
10.7028
15.4062
12.2039
15.5856
12.5295
17.1737
13.0455
14.2703
18.9516
12.77
10.3537
12.5622
12.5434
11.2626
16.392
11.0154
15.1866
14.3906
15.0659
14.8795
11.951
13.5116
12.3421
11.666
15.8353
18.6881
13.3966
19.3652
13.3135
15.5108
11.3594
17.4605
16.3508
15.6958
11.8896
12.1604
15.3782
12.2681
12.4705
12.3914
14.4245
16.3611
14.0452
13.4122
11.4307
11.5999
10.4826
13.5561
14.2619
11.2832
13.626
17.6952
13.8355
11.8548
11.2991
10.8744
14.0646
14.3568
11.5594
13.1444
14.027
13.0391
12.3926
12.993
15.1491
13.4108
10.8485
11.6376
14.6662
14.2215
18.6085
12.71
12.3346
10.0556
15.835
16.8812
16.8997
17.463
12.476
15.9741
14.22
13.326
18.5207
16.0432
17.0388
15.2239
17.2191
9.39563
11.892
14.0187
14.1776
11.9063
15.2134
17.2432
10.8407
12.5226
15.8971
12.7366
13.2887
11.9974
12.9392
14.5751
14.0434
16.716
15.4067
15.3368
15.9026
14.9419
15.1585
12.0161
12.8462
14.889
14.1458
14.3145
18.7339
12.9441
14.8282
11.2304
13.7552
13.5927
13.3136
14.6456
17.8262
13.2094
17.5851
20.1212
14.6219
14.7734
14.3284
11.872
13.0473
12.0252
16.6401
11.5342
19.1119
11.4522
15.9578
14.0026
12.7172
11.2846
10.237
16.7228
15.3179
18.6544
14.8855
12.519
12.5999
11.4381
17.7493
14.0743
10.973
11.0175
14.1919
17.2433
11.562
11.3565
16.3281
11.331
13.0469
14.3885
13.7231
13.3324
11.8745
16.6721
13.3642
12.9098
13.79
13.8639
12.1632
19.3743
15.797
15.7627
10.7222
13.1699
15.3629
14.3891
17.4868
15.524
18.0375
14.1597
14.2869
14.5446
13.6403
17.3774
10.8695
15.9617
14.0794
10.2014
16.8006
15.1286
18.4061
13.7915
16.8309
11.1167
14.6249
16.4656
12.1098
12.5686
15.0594
16.8454
11.5762
12.4291
16.3726
17.9089
13.7238
14.8231
16.7533
15.5113
16.4218
13.6261
13.5599
10.5404
11.3417
13.3392
10.6626
12.1189
13.8042
16.7955
15.0026
16.9416
11.6329
15.2465
11.3313
12.6777
15.3953
13.4181
14.8058
11.4416
12.3276
11.3106
13.7707
19.2607
15.7844
14.8694
11.6868
11.2808
12.3583
10.4709
15.6159
12.4112
12.9176
12.8998
11.1006
14.6354
11.8832
11.6974
14.5484
15.213
13.9769
12.1386
13.1838
13.111
14.3619
14.5982
13.7519
14.1571
12.4403
12.328
12.8513
13.2512
14.7376
10.821
13.7413
13.3316
12.1787
13.7848
14.7106
15.5043
17.3819
13.4524
13.5632
16.9948
15.8607
12.8042
12.4662
13.8152
13.2407
11.2698
13.5743
16.7998
14.1143
17.0774
17.3573
12.6187
15.0923
13.6591
16.7443
21.1484
13.3568
15.8158
11.6841
12.4264
12.0837
13.9515
17.7122
10.7935
14.9817
10.4239
11.831
12.5531
13.3647
14.4143
16.1718
14.6551
16.5279
17.9832
13.7488
17.8693
16.8794
16.0399
21.4364
16.038
15.2129
12.8439
13.76
13.5047
11.1571
17.6026
11.1539
15.916
13.814
14.7216
11.6295
15.9811
15.0324
23.5804
14.2436
11.758
12.17
16.7344
12.1779
13.4711
13.8202
12.3018
13.9908
11.8296
15.2963
11.621
13.5206
17.1796
23.9376
12.4226
16.9698
20.4517
13.1818
20.2182
13.9926
14.4259
11.7721
13.4296
13.2907
13.4021
13.6226
15.7336
13.0946
14.1072
14.4042
11.9681
15.6905
14.2669
13.7581
12.5715
13.5197
16.9163
21.5661
14.1712
11.0062
10.7413
18.3592
12.2634
13.1163
18.4874
13.7698
12.3656
19.787
14.6822
19.1132
21.913
16.7304
11.682
13.6445
12.8407
10.7352
13.0058
13.6272
14.1392
9.95399
10.9345
22.3176
17.9039
10.9565
13.8481
17.6832
13.9247
11.5603
14.1808
12.0676
26.8141
9.45397
13.8779
13.1446
10.3907
13.3146
13.1487
13.9381
14.64
15.1868
13.7115
16.9635
12.6766
16.5109
13.689
13.189
14.3126
12.2586
10.9195
16.7314
12.8651
15.9846
16.5549
16.1928
12.4352
16.9266
14.9853
12.6857
11.2916
12.9739
17.3847
15.3572
11.0741
12.7792
13.1924
13.9513
16.6601
14.1768
15.8222
13.1055
11.7033
20.2926
16.973
12.4259
16.7643
11.6408
13.5259
12.1496
11.6251
10.6242
11.3495
15.2214
23.5907
16.1063
15.004
11.9378
12.6668
16.8591
14.0926
16.4028
11.5358
13.693
12.498
13.3886
13.643
13.33
11.7111
10.405
18.5581
12.8546
13.6842
12.799
12.4259
13.8592
12.6695
13.3993
12.2087
13.6999
17.1182
13.5881
14.6896
12.7871
20.8256
11.8492
17.7083
16.7739
11.6624
16.2662
12.8665
11.4784
21.3158
12.0941
14.6625
13.1968
13.717
14.5698
14.5312
14.6332
10.5382
11.3728
15.7666
10.9541
22.0982
14.5899
14.4427
15.909
14.4125
22.0541
10.5022
13.7576
13.1619
19.203
18.9164
13.5568
13.4515
12.8748
