152.163
202.92
151.526
287.943
213.942
179.419
187.057
272.127
183.167
204.163
223.662
203.329
200.486
230.36
153.252
252.014
238.783
161.804
176.428
187.601
157.772
189.52
161.489
151.636
197.119
157.81
228.874
131.477
151.175
207.356
157.298
210.056
183.461
176.567
177.798
207.63
162.532
165.221
197.074
172.665
178.653
170.027
208.162
168.177
210.32
174.372
188.671
212.18
282.406
208.92
204.71
201.608
159.641
169.673
171.458
167.769
159.339
159.989
241.341
228.479
167.164
195.325
195.399
176.466
203.301
257.085
256.947
180.651
280.94
186.51
224.755
167.164
225.036
219.617
182.512
286.799
196.379
216.037
179.212
181.146
143.199
236.303
197.148
164.107
243.411
186.389
207.694
288.637
220.415
156.643
253.808
226.641
163.623
185.32
187.188
215.297
170.006
174.628
215.392
205.73
148.9
181.507
182.465
206.963
192.124
179.548
204.799
257.138
172.589
230.915
210.161
287.383
183.865
252.422
182.696
195.464
251.749
163.672
205.504
253.636
213.965
247.657
191.211
183.465
238.288
278.645
190.95
155.688
196.824
154.234
293.313
199.712
139.951
163.2
175.139
228.458
182.726
186.053
195.315
139.919
204.049
234.184
186.084
218.575
170.369
187.143
221.69
216.307
193.453
176.469
220.156
209.724
138.98
336.43
195.755
204.567
202.973
284.24
171.192
153.061
193.181
204.298
170.184
175.007
251.834
264.412
248.327
172.403
228.921
175.303
179.006
219.311
174.494
271.173
186.606
170.438
249.798
196.287
156.914
186.093
163.987
180.612
213.473
154.117
204.836
159.25
165.401
145.059
196.945
169.047
210.453
151.789
197.613
199.062
177.813
139.081
201.448
144.28
179.521
257.024
170.915
235.557
225.949
310.129
232.42
209.952
192.213
285.871
202.978
181.322
206.941
212.519
172.708
219.242
209.981
160.92
171.807
189.03
217.237
183.278
202.254
215.633
208.446
162.476
176.492
165.984
189.922
196.254
209.901
191.796
177.344
165.356
177.251
204.258
158.991
170.515
116.036
215.408
165.645
167.528
188.987
178.524
180.605
204.303
202.811
181.369
220.315
155.781
188.403
192.762
184.389
177.07
230.419
278.751
187.445
168.432
214.676
175.75
231.278
190.773
192.674
176.525
244.684
245.402
199.918
212.764
276.509
207.19
192.813
278.05
189.424
167.369
213.945
238.264
214.536
193.371
202.858
180.603
225.667
245.128
277.34
227.737
176.016
192.287
146.337
208.882
218.903
197.905
166.586
165.579
177.448
226.488
194.694
161.844
141.007
180.195
158.575
179.479
281.828
242.572
226.144
247.065
219.147
230.532
175.859
203.153
171.831
189.531
239.316
182.343
181.097
152.06
152.54
190.843
178.17
213.356
166.226
149.872
236.194
178.522
156.176
178.895
195.826
225.822
173.666
202.637
215.427
205.106
183.168
216.329
216.65
223.375
218.713
246.509
160.254
133.256
163.41
171.123
197.756
210.207
194.183
183.861
207.664
160.885
165.834
268.204
161.289
150.335
165.998
152.121
214.542
178.161
172.427
161.631
155.686
218.169
139.293
164.14
216.345
182.668
158.884
173.502
216.2
163.733
218.899
264.526
199.071
190.494
259.784
155.562
222.452
318.018
190.791
183.996
186.546
235.009
160.745
207.144
217.71
225.138
202.749
176.388
186.262
215.817
155.046
229.65
231.753
214.326
144.429
144.442
191.585
192.89
169.278
174.743
194.447
250.69
179.704
224.285
195.764
207.265
130.891
216.145
193.3
164.22
178.528
171.702
151.944
206.514
214.766
224.881
210.959
187.985
190.823
181.515
236.257
179.832
218.304
199.843
229.833
213.34
164.327
141.121
218.895
246.548
162.49
183.956
155.999
196.233
232.269
194.147
192.531
192.041
186.905
188.889
244.575
166.327
161.873
174.303
263.804
183.439
146.854
294.834
203.194
182.044
225.171
165.52
277.17
232.174
266.055
147.332
186.948
230.561
174.245
210.998
158.98
184.506
193.773
289.982
243.801
156.072
157.937
167.455
169.932
152.554
153.098
153.952
164.463
196.408
174.243
145.742
197.451
163.292
277.403
194.036
316.181
210.592
127.553
173.194
232.843
209.236
195.886
183.758
171.545
225.645
184.945
204.243
144.957
157.329
217.54
167.901
157.767
184.95
165.405
198.748
186.364
154.926
239.61
229.54
202.035
183.777
237.911
267.69
187.061
175
182.209
150.794
193.178
215.624
174.789
166.103
190.528
216.111
153.028
201.951
237.668
230.298
201.576
147.524
276.257
221.068
159.698
231.353
159.794
170.298
170.418
158.224
261.607
247.98
274.385
215.628
189.282
156.359
177.846
187.362
264.374
189.87
216.515
190.055
208.255
151.684
252.437
222.649
173.283
198.539
200.149
227.824
236.717
259.747
224.33
181.488
184.492
263.222
198.186
186.042
199.339
237.21
176.353
202.75
301.052
306.263
202.975
224.141
202.79
199.13
189.189
195.207
196.587
184.163
191.089
167.96
250.043
268.343
239.182
282.939
179.699
222.94
231.986
176.406
211.144
243.527
216.013
239.634
168.129
210.715
229.708
170.35
163.732
226.217
196.619
188.019
249.576
217.991
190.362
206.649
176.063
200.913
226.856
192.343
164.564
191.038
233.757
190.246
144.816
151.021
187.313
255.493
162.392
199.434
229.914
187.945
173.729
198.884
195.632
165.285
147.519
249.758
195.23
190.942
191.09
195.013
210.969
213.087
212.754
186.118
172.264
190.619
228.508
157.851
222.064
247.058
169.576
192.551
253.646
309.647
193.319
180.844
176.943
167.323
192.791
268.582
196.754
240.878
231.866
181.391
171.041
215.685
171.759
176.99
181.17
175.738
157.689
175.291
223.88
178.155
177.339
181.227
158.763
194.341
185.257
247.234
159.651
255.893
165.654
215.748
174.463
253.643
177.416
148.962
144.739
215.035
150.318
170.857
152.099
154.35
224.499
188.566
287.299
191.48
162.938
255.616
192.553
149.112
192.42
208.939
215.467
202.902
144.044
176.163
196.546
208.976
176.324
239.932
203.646
165.304
237.283
182.226
176.487
226.343
205.926
268.884
202.19
186.404
199.661
268.619
206.569
163.233
182.781
267.022
234.431
162.024
185.13
239.813
193.262
244.01
202.782
340.133
200.046
183.492
187.9
243.213
180.359
215.259
147.775
214.345
177.054
184.981
145.69
183.562
268.421
188.132
232.331
190.806
205.513
198.76
155.905
246.881
194.13
187.255
210.676
147.827
219.678
191.95
232.76
185.722
259.249
202.739
225.709
240.486
162.891
146.106
185.745
242.244
203.192
228.736
262.482
174.007
198.991
209.56
174.016
165.458
238.193
154.786
241.636
171.077
160.541
164.779
223.329
159.122
201.779
223.324
223.656
262.001
179.66
209.818
231.408
222.029
167.833
213.954
160.824
210.086
171.305
174.491
173.893
202.604
181.622
190.136
174.725
190.41
158.592
183.98
230.377
194.819
216.237
175.562
255.781
214.438
255.85
175.062
187.765
224.224
197.698
174.363
211.635
180.346
172.288
148.579
273.233
181.432
239.926
155.022
188.801
202.748
199.539
196.097
176.519
147.618
172.105
164.576
227.392
217.116
194.313
206.078
279.185
194.714
174.607
209.449
194.062
245.341
176.494
192.265
174.156
256.55
207.038
274.982
204.896
191.712
208.724
192.318
156.644
146.72
147.189
210.265
226.63
189.73
181.827
178.137
294.658
178.193
218.571
184.084
148.083
162.743
216.201
199.723
280.442
194.356
176.851
151.972
165.514
201.715
165.28
192.181
232.155
201.059
196.143
133.894
230.842
210.644
143.734
203.707
159.701
196.615
154.187
161.405
223.255
191.085
182.912
193.616
316.865
174.107
185.164
157.508
139.583
214.542
208.396
168.587
172.688
270.524
204.986
182.368
217.398
196.244
195.76
173.74
193.217
189.413
250.127
175.818
228.413
188.244
199.329
155.059
166.026
164.231
244.998
243.177
180.25
307.718
217.69
192.774
173.725
208.254
237.094
193.374
206.172
184.009
289.277
190.09
175.679
208.394
251.31
182.372
188.337
146.793
216.187
187.449
154.994
164.685
343.66
225.67
209.701
192.309
212.262
260.471
225.211
164.996
149.955
230.996
198.885
253.792
152.68
200.103
208.139
184.654
237.171
159.179
155.019
214.756
187.797
163.086
184.435
220.247
183.317
188.604
190.111
187.771
194.351
215.163
187.538
169.756
194.074
211.28
237.336
195.983
156.096
213.869
252.206
165.726
169.813
215.157
178.808
160.187
248.481
215.897
168.045
161.602
354.602
233.56
215.119
191.239
215.507
165.227
172.87
204.98
211.57
267.352
162.406
276.678
186.158
178.388
181.276
158.159
267.361
242.537
261.168
181.295
149.931
139.71
221.382
266.742
325.824
176.344
163.613
191.484
166.361
171.854
156.288
186.535
174.847
165.646
171.129
192.871
202.408
206.262
152.397
187.021
175.061
161.996
230.169
229.558
172.554
199.711
193.428
158.252
194.955
225.536
204.057
219.601
172.455
154.2
171.951
177.692
184.895
200.298
224.372
190.144
185.109
262.509
194.271
217.819
154.75
202.857
171.431
216.67
158.389
200.353
172.475
199.725
203.413
189.001
175.723
159.184
208.13
140.134
184.522
208.754
183.962
224.029
216.671
213.347
248.533
172.926
212.548
219.544
224.027
340.748
182.124
170.028
183.792
169.354
180.913
170.332
170.441
185.45
206.181
173.152
208.123
159.59
202.339
193.589
262.081
191.544
140.628
234.458
218.36
184.611
171.295
192.5
177.05
203.233
169.523
177.355
162.024
212.29
189.796
209.475
186.823
165.591
183.866
184.529
218.674
169.379
236.478
229.541
207.042
161.617
201.476
162.411
160.923
167.339
190.869
217.22
283.909
180.183
334.07
146.521
236.338
185.013
174.367
228.876
214.826
237.052
183.309
238.278
231.383
200.571
178.69
176.995
166.184
158.705
188.577
180.969
180.415
210.88
189.702
191.788
217.429
136.532
202.92
215.425
162.786
173.175
216.456
165.601
319.088
167.997
221.712
210.868
240.277
176.257
204.847
159.409
161.541
171.65
195.093
178.183
167.172
204.49
155.94
190.059
278.325
172.095
157.836
186.58
155.464
195.557
265.716
200.176
194.572
169.92
178.939
195.068
192.184
238.335
198.359
203.736
227.652
192.589
205.644
174.801
177.296
179.292
168.98
135.965
162.428
252.509
200.105
192.815
171.936
166.325
179.982
202.338
152.116
189.473
178.912
236.774
168.295
261.342
194.021
219.327
211.069
221.625
193.328
166.967
261.628
154.205
229.828
205.903
258.636
206.094
243.159
262.21
198.886
232.617
163.619
168.443
174.707
240.787
171.959
172.556
165.211
167.843
220.542
176.672
202.526
161.086
131.967
300.447
203.601
236.528
196.833
321.803
179.566
153.41
216.702
187.565
178.087
209.906
160.294
186.365
186.104
157.481
164.23
249.71
210.446
181.458
250.489
211.097
201.912
185.771
213.194
202.015
164.134
182.027
188.75
247.699
205.709
205.425
203.082
186.445
168.288
172.386
174.18
156.238
205.278
203.12
182.682
187.775
227.65
238.937
225.228
198.905
185.883
220.731
162.011
187.53
270.06
198.782
162.403
183.024
208.054
207.546
150.887
252.044
261.257
161.877
194.361
178.47
250.245
150.884
234.312
196.869
209.027
160.486
164.353
196.823
248.07
181.563
201.047
262.702
199.655
203.967
181.076
154.815
214.82
178.342
185.899
180.474
233.238
175.435
182.779
164.231
199.774
134.739
204.002
213.58
157.232
144.383
154.753
212.586
145.674
205.582
214.737
198.973
181.288
245.279
247.482
147.582
200.008
210.429
253.105
267.39
230.732
228.016
194.623
165.409
297.238
137.928
207.923
142.076
176.952
293.379
199.14
208.028
159.144
162.31
227.35
192.864
176.738
205.605
150.978
189.811
250.453
145.689
127.381
190.906
229.35
171.283
236.542
276.542
215.569
171.146
150.278
217.115
215.87
150.172
173.911
180.149
176.716
158.994
218.94
203.413
279.789
229.221
189.005
189.593
172.178
177.061
219.12
252.138
177.485
188.556
136.61
171.236
238.664
205.037
201.533
241.627
159.048
202.54
233.405
200.226
165.937
211.985
263.39
180.488
206.703
256.674
148.612
171.412
166.23
168.486
146.907
177.394
196.34
163.095
158.747
197.235
196.154
238.417
204.664
213.68
177.133
196.148
172.613
195.035
267.812
190.305
250.426
295.38
192.718
162.672
201.239
144.863
183.517
205.96
184.361
177.283
143.544
268.269
155.294
204.433
197.614
171.849
207.326
174.333
243.609
225.805
226.708
256.53
170.348
154.12
199.126
193.386
234.581
202.159
160.989
219.466
166.732
182.92
216.048
131.502
189.872
184.714
158.999
151.569
206.725
197.499
192.131
161.715
188.204
205.356
176.337
176.434
200.139
314.093
170.247
220.801
172.962
211.271
205.968
215.356
192.455
227.886
216.138
175.821
191.677
254.792
171.892
206.123
221.549
164.541
158.523
169.891
163.761
169.775
184.387
237.744
175.328
191.948
178.262
171.778
159.001
206.435
159.854
305.937
179.728
318.493
181.054
225.781
242.465
227.56
135.765
202.706
188.305
204.648
254.028
161.992
183.15
190.542
160.811
219.687
233.059
179.825
217.183
168.918
190.765
164.52
158.83
214.604
173.001
176.628
193.218
236.645
187.976
159.948
226.384
208.583
181.749
198.834
212.35
216.929
150.439
157.654
171.419
182.459
158.34
197.593
208.948
207.525
204.303
189.606
237.341
193.844
207.773
167.735
262.083
184.172
201.529
199.009
230.829
228.41
179.786
266.604
180.434
195.855
186.039
197.59
203.365
209.419
144.892
145.665
263.159
181.68
213.881
210.356
224.164
170.818
187.067
192.209
150.177
216.308
271.668
193.642
236.151
133.777
218.087
178.114
221.389
200.84
194.904
186.416
244.304
274.542
215.444
194.381
174.13
191.786
190.452
257.311
308.017
189.846
196.477
324.726
154.872
176.178
308.416
247.297
161.09
266.393
199.149
240.802
174.427
238.888
204.832
204.87
213.599
263.691
160.748
199.786
168.857
195.466
236.606
214.275
248.283
206.536
217.29
192.859
193.318
169.388
162.07
219.474
186.096
207.602
185.755
182.33
167.488
203.582
177.639
158.343
197.505
211.909
253.102
157.747
180.155
177.391
170.03
188.929
208.877
166.251
215.811
204.348
174.406
179.027
220.429
129.953
189.961
181.826
177.501
146.488
135.422
148.597
166.93
221.294
171.794
188.637
219.62
177.602
172.431
224.316
300.539
199.141
178.701
215.865
244.334
245.755
235.931
155.018
192.099
227.669
198.502
220.814
200.886
178.716
211.756
184.11
213.597
150.61
202.071
153.026
202.888
165.133
214.244
191.651
240.668
200.484
208.343
174.895
214.395
181.847
183.154
224.922
214.098
187.816
163.928
236.897
164.939
192.818
167.356
276.548
194.186
173.618
183.38
185.794
173.696
233.017
189.63
157.65
189.627
211.117
205.921
255.906
160.313
168.087
226.712
153.671
260.484
252.55
141.204
196.49
193.045
183.879
162.25
165.07
163.165
163.907
193.898
192.775
177.627
179.787
209.76
198.996
207.078
175.896
204.189
194.006
194.031
167.745
138.883
252.291
188.558
214.439
170.153
151.984
164.619
191.535
209.206
169.33
214.742
157.302
173.643
189.413
161.896
163.195
282.362
147.075
224.636
203.953
141.214
189.441
154.015
274.63
271.875
218.101
172.713
189.242
258.409
192.339
177.713
139.765
219.259
174.924
221.207
206.742
174.218
198.173
194.568
244.985
221.431
168.202
187.168
170.54
323.04
210.74
160.062
205.463
202.635
202.653
186.576
218.953
207.407
279.411
200.562
161.081
160.42
143.049
209.887
241.681
187.032
206.105
197.843
191.038
169.904
162.468
239.965
190.143
188.405
199.147
168.371
176.731
169.975
183.687
204.504
217.113
236.868
196.481
176.578
174.403
169.481
182.746
177.366
157.401
208.47
176.746
190.362
174.748
171.716
208.717
242.356
171.827
220.332
180.443
175.415
195.885
239.501
202.279
183.797
172.328
184.502
211.708
181.871
189.824
236.201
229.844
222.771
201.042
175.001
233.049
183.092
250.506
184.144
192.345
136.09
306.891
290.232
161.59
162.445
181.966
321.443
151.306
190.562
188.894
215.338
226.786
272.443
182.867
190.001
178.008
214.971
194.659
178.012
238.056
266.643
156.602
197.894
201.591
160.473
199.884
192.789
187.155
244.132
338.42
193.447
211.696
221.772
182.034
168.497
186.6
184.182
253.464
164.456
189.572
280.342
205.732
221.439
170.139
156.9
243.668
196.813
222.414
186.952
188.152
209.93
162.695
211.857
263.701
204.196
229.786
198.694
207.768
243.116
264.541
178.753
232.601
143.44
292.293
241.613
147.342
157.207
185.797
199.615
183.649
246.637
179.823
191.223
182.366
161.657
188.541
180.367
228.459
185.627
210.217
181.306
159.943
171.229
181.056
173.931
221.67
201.061
175.585
199.921
336.45
222.71
214.327
208.789
230.558
176.853
170.277
176.92
181.952
205.084
152.388
167.344
262.73
259.727
173.149
189.719
216.08
174.019
242.237
195.451
248.238
195.662
173.72
165.109
211.296
198.641
190.038
239.529
258.468
147.462
194.353
220.025
236.675
201.767
189.777
169.397
253.333
161.41
197.005
171.848
183.418
151.915
146.891
206.003
290.676
173.429
189.48
185.816
237.396
216.551
248.157
171.665
180.859
183.17
184.485
231.524
151.606
171.232
186.339
218.845
201.631
173.997
227.578
204.872
192.808
165.53
158.154
211.842
221.961
225.484
226.613
218.599
149.447
219.485
187.699
175.179
246.453
180.281
194.022
220.619
166.677
189.061
194.128
196.204
145.825
239.589
220.865
182.561
175.864
234.219
200.537
197.408
233.304
197.905
183.49
191.936
216.655
210.876
271.422
189.448
191.436
212.79
197.699
203.758
215.203
202.394
226.395
150.214
190.92
164.109
225.156
155.673
149.364
313.635
202.164
263.305
162.645
152.665
202.479
183.519
205.743
206.391
223.247
211.285
190.581
201.601
247.697
221.661
199.671
150.679
244.453
186.712
242.084
244.019
167.196
200.455
179.612
193.452
169.183
163.893
203.095
206.103
210.197
158.35
216.153
198.713
158.26
230.86
141.656
168.951
184.666
189.773
217.659
245.842
186.662
227.251
181.188
127.324
153.465
208.944
188.939
176.882
191.811
218.328
194.719
220.686
187.958
211.291
180.626
162.804
166.727
142.924
180.375
147.772
235.612
275.941
178.382
215.094
182.511
196.672
244.419
172.615
241.76
239.892
246.218
156.41
185.687
212.203
167.595
160.797
217.019
203.707
162.408
300.946
190.952
222.218
198.095
187.106
194.258
176.326
139.142
214.85
193.011
223.03
191.989
186.921
185.078
202.823
149.414
220.279
238.046
283.678
186.866
144.136
149
175.628
251.895
173.004
207.495
199.389
200.578
164.466
234.851
164.826
205.282
150.654
194.135
171.996
180.293
176.822
270.358
340.407
155.808
159.8
172.56
229.469
300.375
195.78
186.285
201.34
228.047
181.808
220.176
170.517
193.942
258.879
205.382
176.491
191.578
183.226
241.796
158.649
181.22
171.516
152.962
174.186
211.507
188.264
181.168
178.895
153.047
216.641
279.464
214.424
206.386
254.913
181.022
189.77
151.62
214.28
164.626
226.953
182.55
177.478
189.364
153.971
180.966
166.65
157.978
197.999
194.447
296.736
202.233
202.062
265.525
164.472
171.547
196.643
190.705
289.616
146.821
171.795
232.556
181.517
185.191
147.697
276.332
146.583
170.873
164.784
216.058
181.424
181.147
184.941
289.506
184.64
217.42
205.229
188.072
192.644
229.523
153.646
177.547
190.579
158.119
197.16
172.307
167.908
222.725
159.6
200.505
174.873
196.528
202.148
172.052
198.411
184.708
210.29
227.072
187.314
209.349
223.919
192.169
183.409
163.337
172.579
240.981
225.397
167.684
224.978
220.599
262.28
152.435
194.743
200.571
199.839
217.919
252.037
171.617
214.55
186.61
268.332
243.932
241.673
206.166
179.028
227.255
229.418
202.5
179.673
210.737
224.835
182.539
174.537
190.943
164.256
169.486
300.635
213.607
243.725
181.638
225.682
173.655
204.746
169.865
150.265
182.506
195.32
238.811
185.108
209.275
234.024
155.53
163.184
189.539
225.528
203.552
203.429
186.914
165.172
171.878
235.101
171.422
196.12
197.32
227.163
287.283
329.537
179.257
203.761
197.841
228.062
166.314
182.092
198.855
261.12
243.996
155.53
189.319
152.055
230.678
202.558
221.074
161.638
158.971
211.252
212.96
217.754
221.272
172.225
202.024
195.565
202.075
209.337
166.249
218.062
191.982
216.165
168.734
242.206
275.87
178.767
207.799
243.717
154.465
173.524
162.675
203.177
234.371
163.962
258.527
164.739
182.482
166.413
145.876
239.443
220.355
194.666
186.82
183.301
183.635
210.16
217.768
224.239
200.155
174.397
176.598
170.168
163.023
174.489
193.654
142.712
167.268
231.725
179.826
181.698
183.322
174.61
194.447
155.031
165.919
145.269
176.396
165.576
203.058
188.641
151.315
167.952
274.584
153.774
209.025
173.62
228.681
129.746
172.31
200.611
275.938
184.2
199.145
167.238
181.331
205.505
205.188
202.409
170.607
264.675
167.412
187.368
165.56
202.018
127.942
228.755
236.318
172.671
169.393
178.735
147.639
189.122
213.129
219.541
192.361
166.495
207.924
256.839
205.676
246.033
162.487
243.193
197.054
230.542
185.038
163.072
189.529
181.565
312.789
208.366
196.834
237.19
226.263
169.767
162.123
210.613
150.211
181.243
200.832
171.526
196.789
266.686
215.583
168.85
158.709
152.659
200.303
157.82
174.876
159.665
149.327
155.044
186.117
207.403
165.014
201.558
201.14
185.508
204.412
230.651
180.614
183.874
143.865
204.163
253.847
167.792
211.951
201.052
175.92
156.936
177.366
216.51
155.123
174.977
192.669
175.8
172.654
146.989
159.862
178.152
183.124
194.309
176.224
208.996
172.861
227.21
198.205
164.728
181.011
187.639
239.896
194.149
275.431
183.471
193.361
168.041
204.178
159.62
213.822
222.768
189.143
164.207
222.448
163.508
170.912
148.049
177.96
158.838
169.031
208.486
188.478
214.344
163.05
165.777
209.319
158.717
189.748
216.76
177.003
227.07
229.787
195.6
149.464
142.289
183.457
158.17
174.408
158.196
302.067
217.459
181.4
175.27
214.943
202.624
168.801
212.374
188.819
246.543
208.161
206.689
188.224
218.231
193.409
319.956
174.931
230.473
239.389
153.82
192.459
237.976
180.442
217.01
178.117
154.948
151.691
215.785
205.3
197.083
193.132
167.086
196.928
182.455
176.425
312.82
211.816
205.472
169.58
161.599
271.612
229.996
207.15
212.261
167.902
200.01
204.64
203.557
237.222
224.678
170.95
175.018
151.924
193.431
189.022
244.776
161.44
261.347
182.766
222.659
196.979
188.196
180.676
224.986
181.789
186.818
240.895
172.826
204.914
185.738
189.024
175.082
138.983
133.273
176.327
182.936
247.522
197.118
194.686
269.626
244.18
246.86
193.378
229.228
167.862
229.632
255.526
242.436
188.33
148.614
230.332
217.458
189.618
154.097
144.956
230.427
193.901
254.473
176.225
232.361
189.46
184.228
192.739
154.267
205.374
216.015
240.417
171.896
171.113
163.147
234.693
236.015
204.234
185.527
204.434
277.608
163.994
186.562
228.542
183.091
180.654
250.099
238.798
220.148
166.673
151.144
172.784
256.722
165.311
222.494
163.612
209.152
215.731
221.293
149.635
154.69
187.911
162.984
177.226
166.422
267.162
221.392
176.508
167.282
200.091
155.42
157.889
257.784
181.158
181.052
190.654
172.08
183.901
211.003
289.657
199.857
242.429
197.815
145.337
172.403
172.818
203.898
288.22
157.204
212.13
178.055
208.502
232.654
170.356
186.121
202.774
193.275
195.831
231.892
185.721
201.253
239.818
195.952
162.759
155.482
195.66
226.407
258.805
168.805
204.493
180.487
233.219
212.87
176.681
279.574
167.728
177.298
153.169
208.242
179.615
171.252
172.07
205.429
223.435
183.048
190.78
175.41
172.615
160.025
197.651
177.601
191.179
212.406
154.694
257.893
208.363
191.879
273.065
207.01
212.243
176.591
172.431
164.922
173.298
169.787
204.3
217.645
206.848
189.169
224.473
269.307
196.655
210.355
233.083
148.98
201.843
176.181
147.9
228.044
181.481
153.325
168.3
240.694
179.043
191.91
170.372
218.334
217.856
220.285
211.7
208.745
218.25
173.064
215.124
170.591
176.062
254.46
170.083
179.076
211.362
155.582
231.354
199.505
179.176
158.977
214.915
230.241
228.02
186.198
185.173
181.039
159.582
226.317
170.069
214.91
199.105
186.139
199.136
170.557
154
279.463
184.409
179.872
258.921
176.693
129.078
163.151
194.032
178.596
242.069
197.707
158.76
184.185
203.745
189.391
164.998
268.373
210.763
213.698
183.496
170.998
221.414
162.293
148.751
226.085
194.954
191.034
190.655
180.036
163.233
214.603
227.533
204.019
157.177
141.505
170.112
257.946
181.904
250.554
189.289
216.618
222.386
207.773
212.142
205.963
169.985
219.752
180.378
175.259
200.886
324.926
154.287
167.04
258.432
195.882
215.197
253.685
244.043
233.348
195.692
254.78
188.395
168.393
236.657
220.244
189.856
209.083
247.081
179.05
176.182
192.496
161.2
193.83
139.537
227.32
278.135
176.893
295.114
183.762
238.308
244.276
226.388
145.511
166.202
202.237
150.849
189.507
187.687
297.763
188.441
184.831
177.013
212.425
206.116
186.821
178.94
186.854
222.533
286.819
191.405
149.772
214.902
172.82
213.762
147.731
187.869
172.477
211.204
172.458
148.253
177.607
176.516
144.05
216.656
175.962
249.052
230.058
220.514
192.653
165.473
155.331
227.031
175.171
159.857
193.805
177.267
248.095
190.067
196.541
247.173
277.558
202.373
247.117
162.847
206.103
238.651
177.083
167.509
167.402
255.433
211.745
144.878
244.553
244.065
166.574
199.144
157.782
172.208
197.259
238.715
205.682
173.132
144.298
186.454
186.65
192.565
144.966
175.358
187.776
193.891
311.422
152.404
162.201
202.684
171.558
165.356
267.339
182.285
188.354
188.632
161.098
218.741
143.654
210.806
186.813
280.546
206.614
173.182
197.285
233.891
179.011
193.314
158.62
208.006
246.073
163.762
214.287
172.388
185.708
161.371
191.868
231.167
166.162
190.219
160.659
182.061
247.994
138.834
237.179
158.144
189.936
167.97
197.383
188.551
189.216
190.095
187.051
204.445
210.175
179.906
200.561
234.865
224.248
169.088
216.947
163.377
167.289
172.279
154.421
207.924
166.719
196.089
178.044
170.632
244.751
165.968
174.435
228.763
198.346
193.753
174.174
292.648
197.339
200.543
219.965
181.874
204.838
225.615
287.967
263.278
189.471
216.678
209.341
317.9
230.552
173.087
175.551
169.439
265.896
221.094
176.174
191.929
158.088
161.299
202.742
249.016
250.264
157.874
237.16
267.395
207.923
228.7
160.354
222.558
253.215
192.499
164.689
223.048
237.009
180.981
173.364
182.844
149.272
201.107
179.417
245.918
194.274
221.815
192.102
162.569
191.743
168.562
221.019
172.85
159.468
191.656
194.411
180.081
182.682
199.037
195.964
167.573
204.371
152.865
234.522
205.928
163.71
207.149
204.934
183.003
150.151
186.19
196.126
233.204
232.312
313.615
190.509
157.875
183.461
147.648
197.604
188.71
234.334
171.023
319.593
158.873
181.663
194.292
217.512
159.431
192.061
146.658
186.555
238.444
178.093
225.26
201.196
202.222
179.717
214.486
204.929
177.573
178.267
156.736
228.257
204.053
170.26
243.165
161.656
148.159
255.217
160.251
231.394
184.416
203.265
265.985
169.136
196.997
168.319
170.266
228.293
329.676
153.681
164.731
188.209
174.193
155.597
168.578
147.197
191.622
210.296
159.134
211.834
143.922
187.598
194.041
301.823
204.983
138.24
194.754
175.57
196.75
166.062
236.923
169.795
261.397
165.086
148.893
202.514
178.298
171.804
177.894
209.316
141.914
188.049
181.779
219.559
162.111
175.355
237.252
149.481
249.873
257.648
188.553
161.319
180.825
184.728
232.31
266.465
207.251
193.444
164.264
179.843
219.711
159.959
223.376
189.75
198.228
179.861
211.113
170.039
262.361
205.031
190.655
180.528
202.08
169.455
200.302
190.32
238.835
223.238
209.808
228.123
240.206
226.966
181.192
182.579
199.773
235.833
175.451
174.75
197.855
196.512
185.696
184.279
185.034
189.604
190.815
181.919
200.206
153.332
240.953
233.18
148.589
259.22
207.814
243.662
150.582
187.612
276.64
199.697
165.941
136.207
189.206
197.013
173.038
206.677
251.4
224.332
243.671
200.089
194.064
179.491
169.569
159.93
241.42
222.114
173.795
177.811
259.923
212.375
171.265
219.699
160.316
178.237
258.628
163.713
219.512
253.851
164.041
191.48
143.035
138.007
161.829
189.071
208.306
207.646
173.881
192.224
139.282
158.958
178.395
250.004
225.531
197.831
183.067
227.834
234.971
213.787
154.897
158.784
268.229
279.748
205.247
221.707
183.962
218.748
182.627
213.852
254.866
209.712
259.157
212.021
226.164
171.438
162.66
197.071
195.48
200.466
182.006
156.046
272.08
180.61
192.424
214.901
196.729
164.668
210.882
207.869
188.175
184.551
171.173
193.46
161.668
206.881
188.647
207.201
242.076
157.693
177.56
159.112
258.484
234.609
232.76
187.892
174.89
176.317
252.794
153.861
214.689
169.973
163.532
167.511
166.172
230.676
180.563
192.863
205.341
209.592
188.012
151.171
189.89
279.061
179.249
194.713
268.905
229.172
164.676
201.3
178.971
175.549
180.804
211.11
187.955
177.866
149.444
239.814
301.901
180.654
232.789
153.625
231.563
201.522
205.305
198.695
271.404
255.886
161.19
185.393
155.862
150.672
292.41
202.977
245.257
195.387
215.597
204.23
151.335
203.888
175.93
161.731
166.931
184.919
152.275
148.942
195.346
313.718
161.842
208.777
191.645
239.261
196.325
186.611
193.59
189.547
172.031
257.925
182.408
190.632
168.41
149.908
208.089
163.599
231.437
171.892
210.488
176.29
173.888
134.758
190.686
163.204
150.699
223.886
175.666
164.384
189.176
246.019
160.323
160.511
241.615
206.679
163.682
202.672
200.464
202.426
228.766
187.657
205.917
186.903
203.619
179.663
218.505
172.421
189.293
166.021
236.077
183.065
234.646
273.52
171.034
173.426
166.304
177.613
231.292
222.104
138.09
274.085
178.41
182.225
194.612
184.833
252.501
161.573
176.833
204.284
185.528
213.307
290.501
178.303
341.122
221.632
229.961
160.141
187.122
177.33
217.484
254.495
250.938
182.909
165.208
187.734
173.567
293.723
245.723
181.013
143.142
218.959
226.932
242.958
358.317
189.408
243.828
172.129
189.357
221.365
192.843
176.844
165.304
169.612
164.866
203.577
256.906
171.126
209.126
260.514
182.745
174.395
161.26
192.327
207.337
178.508
189.433
184.769
194.094
160.381
200.035
166.69
172.717
230.491
162.288
159.472
153.96
215.856
166.348
177.315
178.373
174.767
195.029
228.606
180.773
212.736
196.835
158.919
171.783
202.008
233.818
180.451
252.194
216.956
171.579
264.498
160.842
175.82
190.484
341.148
183.506
241.781
163.809
217.99
227.56
217.24
170.266
183.821
146.99
208.128
165.924
231.858
261.986
237.312
198.083
241.733
191.855
198.968
160.789
157.865
239.842
153.694
169.746
202.388
194.515
184.626
209.687
183.342
204.239
265.143
194.868
184.239
213.457
213.379
174.674
189.139
205.302
159.384
248.599
215.348
215.951
246.144
165.499
233.669
186.599
312.387
184.065
215.94
166.574
178.253
207.75
181.472
168.185
180.596
174.744
216.883
190.4
182.566
218.541
158.643
182.578
256.177
170.713
210.089
273.55
239.966
150.304
182.198
181.821
187.176
169.863
276.777
183.494
200.977
201.226
144.793
191.091
254.268
214.462
303.419
226.566
179.717
209.108
218.73
182.527
296.506
140.66
204.788
216.24
155.498
230.979
216.34
164.436
169.77
186.339
235.574
126.177
181.052
188.649
186.027
156.747
213.223
239.673
181.716
227.864
167.934
178.578
175.584
179.626
191.377
172.893
198.818
184.752
239.771
163.235
252.366
166.205
190.484
152.927
229.591
176.116
209.151
218.79
155.333
214.37
158.855
195.016
188.324
155.577
193.226
287.056
205.104
264.423
198.483
199.217
204.187
200.04
140.109
192.521
217.01
322.838
184.66
179.607
214.491
302.646
169.553
210.918
198.07
208.144
225.862
186.932
195.427
218.701
217.645
288.602
157.344
222.177
174.789
171.27
237.845
156.86
168.057
146.662
174.858
168.618
205.604
197.133
195.321
171.708
278.81
187.188
225.223
235.089
162.985
191.913
221.373
181.149
242.375
198.247
168.963
169.262
165.428
194.852
199.375
189.727
161.412
208.104
204.476
164.35
204.317
162.401
248.156
163.023
281.35
183.966
193.229
142.916
175.066
195.92
262.968
158.344
217.008
191.617
199.108
236.793
193.107
178.927
227.887
184.401
186.029
307.302
158.884
198.868
187.001
170.437
161.302
201.788
141.711
186.215
149.744
320.99
179.478
197.009
181.485
195.709
171.878
218.385
173.667
215.176
217.682
229.33
225.697
240.929
151.475
218.06
212.99
170.571
158.706
186.652
200.605
142.562
164.352
181.486
282.629
176.177
189.606
208.155
207.263
199.099
176.315
301.642
171.966
214.519
195.228
186.241
292.62
148.251
182.975
305.147
180.86
227.171
148.772
170.045
211.016
244.515
201.614
196.665
188.579
228.507
165.76
222.501
214.375
155.952
203.811
172.567
181.059
227.733
178.685
162.383
203.562
165.591
161.467
182.787
171.317
149.852
177.948
233.378
187.988
211.523
177.049
186.554
182.979
204.077
188.089
234.905
241.223
164.934
180.259
157.127
155.934
253.592
197.974
206.479
198.389
170.813
191.066
161.268
197.413
191.083
170.286
178.322
192.633
210.157
171.003
169.045
190.918
184.052
222.063
168.8
198.669
188.517
167.951
170.06
193.918
179.014
216.941
215.046
227.424
212.136
168.911
173.26
166.479
220.118
219.393
153.832
177.701
176.999
198.942
255.461
174.053
174.226
192.095
223.208
170.828
136.117
173.307
208.664
230.672
147.759
233.851
174.043
155.383
190.45
154.703
162.614
208.988
209.929
173.243
249.028
187.715
144.484
198.619
157.824
171.931
185.047
225.562
188.195
211.406
181.443
155.192
260.048
324.506
187.049
234.104
169.684
181.995
210.23
197.609
197.813
197.679
211.231
164.772
233.139
170.556
184.247
166.438
150.455
239.197
187.159
179.21
181.825
270.366
198.198
183.58
212.249
163.604
200.249
276.476
148.186
173.921
173.253
182.018
193.001
204.071
182.054
202.669
199.279
206.655
242.558
213.467
190.842
161.437
162.687
223.583
225.597
196.549
196.397
206.365
357.195
157.45
211.896
178.871
231.752
195.057
210.338
161.106
184.578
207.499
218.88
242.022
128.229
168.26
180.765
198.056
152.671
173.251
176.32
191.733
187.314
190.571
163.042
177.25
195.985
224.093
155.071
222.316
201.442
209.274
188.481
186.14
237.902
187.379
183.491
185.127
275.04
160.359
262.532
190.547
221.419
169.753
203.206
196.761
285.739
190.675
241.912
187.249
230.343
170.858
204.458
199.989
176.595
155.859
188.899
170.042
178.148
168.977
159.712
184.466
199.475
294.893
169.212
136.385
128.146
169.379
185.829
185.17
196.242
199.541
171.98
162.274
214.865
200.521
190.947
179.061
214.24
353.774
214.887
192.503
200.716
193.35
187.722
171.324
212.91
179.898
178.719
279.159
196.584
391.01
218.263
163.113
226.762
232.679
207.665
190.778
406.006
149.165
192.496
216.276
161.05
298.846
231.788
153.919
228.7
192.291
208.782
194.167
192.785
188.453
165.15
191.102
165.979
236.09
199.152
142.115
153.673
200.408
336.83
166.301
257.571
276.658
178.911
159.723
208.904
221.697
151.985
173.8
168.577
267.064
205.106
224.811
207.154
233.873
205.55
159.29
173.024
161.172
154.493
180.421
208.516
215.522
228.891
176.135
195.802
172.67
168.097
224.126
242.406
161.622
199.956
158.385
245.899
175.063
179.842
144.665
198.651
194.042
198.183
205.482
175.355
232.169
209.223
188.499
209.847
161.159
150.188
255.217
248.738
208.738
246.284
183.094
158.594
185.27
211.194
260.908
201.768
214.596
155.302
187.218
126.762
165.55
183.253
286.04
182.869
177.525
193.335
255.991
186.413
199.68
204.008
183.873
170.802
182.453
180.524
199.299
182.787
178.18
148.669
227.397
184.722
223.373
206.776
206.881
205.821
295.476
205.846
308.865
176.007
202.435
196.029
135.543
157.763
162.942
163.148
186.281
180.976
186.225
188.773
265.737
277.264
179.192
201.14
160.574
267.241
176.114
153.74
242.461
223.275
185.908
219.69
264.842
235.496
189.938
230.337
177.1
260.103
305.618
204.587
216.999
170.975
217.225
182.247
244.915
165.156
176.302
160.373
167.217
247.945
164.974
209.936
175.769
184.389
152.759
181.071
234.372
199.955
145.303
242.474
179.079
165.154
211.272
184.874
170.911
188.747
250.778
267.921
190.456
187.14
262.609
170.413
209.9
176.891
197.25
224.65
223.463
155.528
282.239
188.201
173.505
186.918
250.194
185.468
214.357
156.343
207.909
205.688
170.968
267.838
209.817
143.866
241.117
302.728
176.451
152.515
163.27
156.47
179.216
218.084
176.859
227.848
199.526
162.651
152.359
264.113
189.945
186.734
160.355
243.296
237.829
150.155
146.249
163.54
247.979
185.453
205.184
202.756
151.578
158.569
261.569
175.248
174.567
229.838
193.158
147.727
190.231
178.849
167.79
173.413
160.282
209.971
178.721
209.499
157.332
155.031
196.257
222.203
193.585
168.611
157.994
228.298
162.192
291.49
254.473
193.169
220.837
178.091
218.966
196.348
168.474
203.337
164.368
222.694
162.017
204.587
144.562
198.301
161.794
206.278
152.324
196.719
157.105
203.812
165.01
229.465
151.864
200.399
219.878
180.056
206.507
201.659
198.701
216.858
172.752
257.137
203.836
208.273
185.508
202.729
237.695
214.865
204.564
188.627
201.073
243.131
175.411
201.958
162.186
140.84
217.293
178.758
256.143
198.63
165.781
185.267
267.596
182.383
235.551
143.174
178.999
181.798
180.923
218.039
220.79
168.04
165.176
187.036
256.8
154.046
217.873
240.314
175.692
209.774
222.43
245.215
167.288
181.261
239.314
264.764
143.094
177.788
150.658
167.638
258.627
181.606
204.548
268.659
222.445
187.941
218.758
210.947
125.848
258.664
216.27
181.729
148.974
215.747
220.063
179.108
227.907
191.522
152.906
219.078
166.227
293.998
241.07
254.542
285.475
184.363
193.301
168.806
160.051
159.867
238.467
259.168
148.983
213.969
215.476
225.628
170.585
160.911
254.195
257.322
157.457
205.795
187.133
233.471
177.737
205.002
210.235
213.716
208.449
190.18
202.776
185.542
193.765
239.136
156.756
161.785
192.446
195.634
141.017
180.452
247.224
178.022
171.371
143.706
203.305
215.622
185.751
196.407
178.669
216.205
322.742
196.684
216.792
226.088
293.084
173.099
216.561
160.841
197.259
173.562
179.297
161.189
241.035
193.019
166.283
242.108
160.906
249.867
197.312
251.231
205.779
160.201
196.477
175.428
218.193
191.418
146.726
206.195
181.099
220.302
209.425
207.258
169.168
166.442
193.734
166.34
159.522
158.409
169.415
197.977
174.497
220.179
200.708
183.601
199.799
215.568
171.751
183.657
178.399
190.582
189.778
265.443
194.12
155.648
268.374
215.423
155.312
222.847
177.553
239.69
176.169
223.762
194.15
246.708
176.739
197.877
268.31
186.136
231.911
271.171
185.016
165.319
211.827
171.822
191.504
189.664
170.01
276.223
201.09
208.151
179.626
249.478
278.78
175.997
185.54
146.326
170.061
173.545
259.395
165.152
164.078
254.983
213.52
169.875
198.82
162.292
184.575
159.43
194.503
167.904
174.368
240.803
194.458
166.946
176.545
172.316
161.542
249.938
188.245
184.485
184.361
215.875
253.226
178.649
192.885
204.976
209.515
221.362
186.258
191.244
273.821
231.932
156.017
166.109
180.129
232.839
198.249
189.872
197.07
160.699
157.291
170.536
176.373
208.816
189.178
215.987
176.295
168.617
225.824
136.98
214.582
197.087
189.169
169.508
214.272
196.661
182.604
189.951
265.224
188.05
205.952
181.227
184.375
168.79
211.026
168.557
188.408
206.343
192.696
175.101
300.399
192.835
179.816
221.291
241.782
155.877
197.622
169.767
180.148
152.601
150.918
154.359
162.439
235.816
218.463
176.568
178.536
178.938
179.691
193.56
156.165
179.52
182.308
170.313
183.426
196.934
158.678
175.259
169.261
173.641
238.35
184.437
182.775
176.969
152.036
159.833
184.096
325.821
175.576
196.623
203.567
219.138
238.265
181.475
161.552
177.367
203.336
249.114
176.448
182.359
214.164
194.002
287.354
149.079
187.319
189.701
157.958
175.624
176.89
144.238
205.836
173.587
168.517
161.044
191.651
183.431
259.579
184.307
231.275
186.452
249.746
179.974
168.472
181.237
163.506
229.486
206.764
205.171
193.194
159.049
165.346
209.247
186.971
171.373
146.171
185.062
155.274
367.247
191.36
199.456
163.905
203.754
171.85
180.97
181.112
183.02
230.976
158.442
205.552
167.454
207.025
212.952
142.294
174.262
194.666
206.278
152.425
205.726
184.429
190.028
124.738
186.666
206.788
175.225
154.815
174.92
213.344
206.659
209.667
223.614
182.048
162.297
176.606
161.899
209.842
170.112
195.722
154.002
263.85
231.365
244.037
165.864
221.105
203.832
203.717
221.631
216.56
165.134
223.81
154.77
177.333
218.101
192.575
204.424
177.339
215.202
224.983
288.984
141.166
225.467
168.956
249.305
201.164
148.157
171.884
245.81
160.305
207.944
194.126
173.877
163.854
200.361
238.596
262.794
220.772
145.269
290.982
271.442
224.454
200.319
253.374
204.675
265.062
227.593
182.673
159.869
181.276
191.574
171.83
184.915
224.4
212.517
183.237
198.626
180.486
231.08
203.267
151.87
194.568
162.272
203.645
234.865
214.28
237.463
196.041
223.019
179.158
148.899
281.607
206.137
167.531
243.353
139.089
215.66
178.401
222.987
208.775
275.136
164.172
171.242
160.923
174.105
246.477
210.131
185.497
141.028
220.873
156.069
207.805
193.405
199.771
215.915
169.218
185.517
233.953
221.876
234.636
279.438
253.694
166.96
211.3
256.621
254.565
170.385
233.433
226.519
182.714
186.074
184.641
152.878
164.283
274.498
207.572
187.522
265.055
134.968
187.953
188.398
170.071
153.61
205.948
178.851
208.304
173.665
211.438
190.372
208.041
174.031
181.793
181.855
173.565
241.664
171.217
124.311
176.996
190.586
173.289
162.092
199.766
229.229
176.844
205.132
216.761
148.232
238.145
207.199
193.08
257.821
153.528
152.761
199.252
217.187
174.145
226.329
172.396
168.639
192.535
203.529
181.346
226.08
199.911
200.475
157.819
228.767
180.566
235.151
204.501
285.184
204.941
190.074
199.015
182.033
156.506
207.968
204.396
212.942
221.969
208.807
184.143
175.345
217.594
177.837
157.343
228.951
161.809
260.435
187.704
242.088
190.1
261.058
170.705
162.646
167.28
188.958
172.074
323.033
246.929
184.328
173.82
190.099
194.498
308.066
180.463
262.762
205.409
231.501
245.276
199.846
267.004
201.17
203.692
275.47
185.189
180.651
197.07
179.727
198.976
223.252
208.406
187.36
175.886
168.938
182.544
201.514
187.116
152.71
231.315
182.131
159.823
217.258
194.639
157.202
271.611
178.233
178.806
178.161
193.827
248.654
211.896
157.491
163.074
185.716
176.357
166.46
254.44
175.887
212.223
186.235
216.349
206.358
167.404
182.298
200.045
198.551
163.932
144.546
209.045
153.068
171.412
225.687
194.319
177.217
257.597
146.584
253.445
177.318
196.496
185.107
214.897
207.604
219.685
230.306
151.773
147.133
225.994
187.137
246.311
156.993
264.92
167.5
215.416
195.34
185.832
154.788
193.946
205.191
153.281
169.969
187.637
217.647
189.965
168.108
231.495
186.032
181.32
196.696
316.18
191.994
160.596
220.006
222.237
157.737
224.128
171.201
198.973
188.42
175.362
215.599
239.658
203.216
141.766
177.694
190.045
182.831
234.078
180.049
183.64
180.871
221.386
155.629
163.878
246.752
188.738
250.369
192.849
213.831
212.68
200.125
145.732
170.021
175.901
194.787
173.074
151.889
174.566
209.743
283.6
181.396
187.769
232.406
316.671
297.493
170.978
308.042
177.764
233.424
179.258
218.666
209.315
187.174
226.011
232.951
197.585
156.472
187.595
153.577
226.29
173.188
214.516
181.015
214.979
186.834
186.588
231.117
148.133
252.792
198.384
184.26
185.317
175.887
180.887
184.345
194.57
249.352
208.915
254.536
224.573
210.603
207.287
194.184
177.192
192.881
191.783
175.274
195.189
182
176.463
232.768
187.57
193.857
241.418
231.773
169.368
211.24
181.87
161.53
179.073
204.938
196.268
155.457
215.985
185.861
188.357
185.787
193.394
283.702
205.409
200.018
184.565
174.132
260.084
171.262
205.783
165.729
176.274
180.829
196.44
187.376
165.902
196.026
178.3
186.255
149.133
155.776
184.091
224.03
238.392
181.028
138.142
178.683
166.224
158.411
179.352
200.645
263.798
147.722
242.232
174.165
217.848
202.408
202.14
147.84
267.286
201.607
197.348
180.263
139.088
212.289
231.917
145.427
160.831
218.022
199.317
186.854
176.167
185.017
142.182
185.967
169.496
162.383
189.152
214.218
181.679
191.548
196.982
157.295
189.302
174.759
182.165
193.58
210.569
242.634
129.5
204.735
181.148
254.814
251.265
222.598
264.533
228.774
245.619
166.435
145.496
188.557
177.019
197.824
188.067
165.804
168.92
169.925
174.975
255.073
199.973
190.581
215.226
156.784
188.694
176.379
224.064
173.134
193.8
192.458
194.891
167.079
206.014
181.227
320.555
177.617
245.445
198.296
161.771
159.636
196.142
184.227
181.31
178.774
190.592
199.697
167.978
276.752
208.005
221.417
211.474
189.623
250.23
209.425
211.343
219.298
176.191
191.855
177.23
178.094
200.593
156.604
168.172
280.187
171.795
211.619
199.784
167.57
182.406
222.22
210.927
159.646
237.243
186.091
222.494
265.491
181.694
199.019
181.861
196.945
170.842
180.797
218.638
160.669
178.79
245.685
190.292
188.232
153.304
228.992
178.406
209.383
167.573
193.162
209.285
145.062
160.175
169.725
191.307
171.97
183.057
221.658
153.335
266.746
225.328
207.455
149.649
179.664
180.494
245.631
255.427
217.773
164.388
207.115
189.565
184.307
199.889
183.997
216.183
205.656
182.125
310.792
202.606
168.789
198.429
166.568
240.992
291.234
258.655
166.67
150.255
248.545
168.074
226.342
186.182
177.958
161.544
261.842
196.388
222.136
189.887
250.604
206.059
195.419
177.055
217.015
173.642
172.233
195.154
180.022
141.064
164.895
189.007
188.609
174.794
170.803
181.746
185.188
169.62
164.85
226.925
216.654
158.891
170.042
214.506
194.876
250.417
191.801
180.435
242.673
307.082
218.702
167.741
246.538
320.433
211.636
211.267
196.509
196.06
187.908
179.629
145.096
192.364
324.153
197.113
232.626
154.027
191.467
243.682
208.378
328.639
266.78
155.16
241.613
228.448
197.128
208.521
171.047
192.033
165.972
263.215
183.846
157.216
181.725
156.851
195.853
144.113
178.406
191.868
196.741
284.365
164.039
220.937
240.516
174.363
182.108
156.702
172.973
140.613
164.155
156.41
270.072
222.871
195.76
205.76
178.392
204.962
221.421
210.761
244.239
165.792
227.387
194.001
147.337
191.354
196.542
207.811
152.302
171.461
199.286
177.555
201.089
217.844
191.058
205.691
158.174
139.855
167.674
230.449
153.106
204.727
160.606
199.491
226.13
180.808
174.125
166.537
201.446
208.245
192.993
176.231
166.107
170.6
208.874
183.134
216.526
173.083
217.983
211.372
191.166
228.976
183.462
169.623
172.521
213.558
230.838
175.243
171.989
155.032
188.034
225.158
171.689
248.068
295.867
203.317
161.086
286.486
205.142
182.249
198.166
167.063
190.525
235.95
251.319
171.897
189.09
235.64
223.287
221.062
160.202
244.974
257.149
225.852
195.554
157.422
261.255
161.708
179.327
194.789
217.544
178.53
187.769
228.524
304.766
155.752
171.476
199.339
165.69
172.789
198.486
150.316
198.504
150.498
189.421
165.013
178.018
194.098
235.589
186.996
157.562
143.196
202.409
256.708
204.999
163.825
193.018
149.297
295.133
335.137
218.227
187.601
212.521
230.413
197.662
218.362
202.769
229.032
182.608
174.397
199.861
164.001
159.524
171.09
145.099
241.038
182.705
196.854
168.712
190.348
152.355
247.485
172.567
193.079
153.281
201.429
226.746
209.093
214.676
182.497
207.381
224.669
165.902
186.411
179.753
197.66
212.177
169.139
204.018
237.444
214.258
186.46
209.099
185.645
246.823
184.829
215.229
257.028
203.694
163.822
159.656
182.264
241.845
249.122
243.653
216.306
271.03
192.31
196.187
186.442
197.51
212.901
205.737
204.27
203.73
206.098
206.896
200.441
133.53
158.656
266.29
144.271
179.008
167.915
171.981
189.936
176.261
161.568
193.141
239.412
211.912
210.224
180.254
198.43
201.736
211.139
214.016
178.891
163.377
255.218
250.864
250.078
264.513
193.936
192.428
168.104
187.796
173.381
178.568
181.555
220.136
283.285
191.055
189.295
231.116
227.089
233.607
324.624
248.793
268.793
268.25
238.149
244.67
225.238
189.13
212.201
187.228
177.469
160.61
196.406
198.593
357.325
227.24
185.413
184.01
171.615
162.382
175.405
211.268
149.659
239.91
214.438
223.764
189.661
339.063
248.081
206.342
296.404
176.887
207.546
188.801
186.582
192.893
168.696
216.459
197.475
202.805
182.433
153.981
210.2
230.69
184.851
227.979
180.573
296.977
173.167
175.663
204.559
195.766
228.571
151.535
247.771
192.689
225.644
238.151
206.079
212.805
233.026
143.084
159.032
194.844
203.951
204.882
212.604
181.731
225.865
238.201
249.279
232.072
138.909
216.915
194.168
214.96
166.726
213.334
228.984
192.715
172.607
192.693
174.992
137.606
151.608
224.237
142.752
179.703
237.43
162.683
166.971
164.989
186.544
207.877
200.833
236.698
217.686
191.71
197.653
181.5
187.329
195.267
178.439
182.646
200.042
247.452
207.801
223.744
201.056
254.457
178.478
229.121
189.752
209.669
156.849
166.149
202.032
174.102
223.676
187.571
223.551
182.447
201.156
180.541
149.535
225.559
194.33
176.015
215.545
191.253
140.682
212.212
187.448
196.478
171.218
209.79
212.913
200.159
222.96
167.665
153.58
218.794
210.083
223.129
233.258
203.284
160.876
245.188
211.937
176.09
165.33
214.765
232.518
186.152
152.47
169.01
166.172
259.199
172.541
222.266
182.684
224.347
164.902
212.671
208.621
155.554
170.573
161.616
177.905
216.639
166.395
252.484
151.108
327.187
151.928
199.385
166.24
183.492
290.8
206.547
185.335
178.342
216.001
194.73
180.547
238.113
212.125
217.32
327.541
209.668
227.331
184.843
219.555
190.382
176.908
187.276
222.422
205.58
173.548
165.627
176.127
160.05
189.868
205.761
187.468
174.389
240.514
245.707
229.848
131.676
170.088
198.592
210.86
201.229
158.274
240.057
233.811
167.27
198.549
208.661
196.283
183.67
170.945
267.624
230.452
232.267
131.264
191.504
234.222
175.893
228.483
214.106
183.917
320.905
212.807
298.405
177.126
160.433
172.351
191.16
231.558
142.352
206.602
166.633
217.509
268.606
234.567
202.697
208.24
195.789
149.538
157.725
196.486
224.977
193.218
133.106
181.2
187.485
172.045
184.041
286.182
177.818
178.973
214.841
206.196
363.799
232.217
178.125
210.276
260.953
232.026
178.666
163.563
191.537
203.78
166.773
180.783
193.745
210.285
184.16
171.182
168.215
200.589
194.575
166.558
251.702
197.426
231.671
174.269
162.844
193.194
197.544
246.83
284.584
220.624
154.539
177.394
273.702
192.958
248.494
176.236
192.237
196.049
177.053
157.824
154.099
138.632
174.554
232.082
245.504
223.071
211.909
177.32
173.907
157.064
193.219
209.955
206.763
196.739
178.382
218.465
213.49
188.616
226.242
249.131
256.82
189.755
168.404
261.705
199.75
211.082
156.902
179.177
226.042
200.99
244.483
156.22
170.399
171.542
200.957
301.8
197.246
168.806
164.583
164.991
234.843
161.178
190.06
188.041
209.674
154.874
144.936
181.255
174.44
149.843
161.705
175.08
189.439
198.731
182.88
186.138
191.452
159.814
208.148
155.358
214.541
193.083
199.546
180.309
161.418
188.941
160.893
206.575
280.708
189.536
200.152
224.382
182.404
277.65
183.915
175.177
166.075
196.093
216.143
148.557
191.103
164.875
219.051
246.388
205.717
211.113
187.875
207.101
206.629
156.964
178.145
167.549
149.246
207.736
187.758
196.062
181.455
247.9
236.913
178.402
221.427
177.514
210.957
175.141
161.758
170.805
169.9
215.884
198.899
219.65
143.241
166.474
169.757
148.436
166.375
169.416
191.656
198.678
282.354
183.877
165.89
221.489
193.556
239.226
186.646
200.083
161.009
163.492
202.171
173.646
222.646
227.529
214.007
228.396
200.677
187.55
194.077
251.337
186.024
228.441
188.451
196.109
174.412
196.008
172.031
243.187
167.639
191.92
187.818
213.424
203.265
167.466
189.58
179.298
186.494
233.028
187.811
242.558
185.931
213.886
212.886
169.285
174.99
153.589
222.158
218.059
215.105
205.686
169.403
250.328
176.794
165.063
196.466
180.285
150.889
204.098
197.245
296.967
198.864
193.473
186.351
183.196
197.314
168.397
159.583
178.161
190.873
219.407
197.008
179.527
196.695
171.67
225.423
180.436
157.837
145.524
196.155
193.937
157.467
157.93
238.743
258.285
249.802
242.783
223.444
176.689
238.625
364.023
181.724
240.6
245.33
193.379
179.686
163.924
173.29
282.48
219.751
183.778
175.734
185.202
179.053
192.388
192.387
172.694
203.297
187.838
170.593
201.606
202.131
241.331
155.923
208.724
216.821
199.95
183.503
172.505
255.115
179.651
177.571
204.549
229.883
220.221
166.568
207.69
156.618
217.557
147.346
246.503
218.456
239.329
154.536
177.093
176.28
347.487
189.739
220.533
194.825
164.703
154.449
188.598
209.292
189.562
148.884
225.995
212.979
182.75
160.513
197.218
202.409
234.957
171.196
190.367
159.746
239.847
249.132
202.649
169.395
204.764
142.87
223.483
217.447
214.72
170.804
185.992
190.906
240.2
230.741
165.726
165.759
191.562
182.203
204.898
187.212
140.608
151.926
211.938
170.547
187.147
161.986
212.641
200.96
205.059
209.656
241.914
165.657
168.965
166.546
167.129
191.21
183.145
208.46
182.265
174.591
295.643
268.55
188.807
163.378
176.004
298.899
234.141
148.246
208.457
204.115
212.531
216.561
145.492
211.896
259.883
156.874
201.06
184.587
233.836
205.578
190.84
208.59
170.483
216.714
204
179.326
271.191
195.054
157.895
209.729
220.543
193.278
180.919
161.777
209.014
175.378
166.844
267.975
241.98
131.374
150.072
252.574
178.403
152.412
182.708
184.101
227.996
169.655
209.175
181.071
209.355
216.842
276.566
128.519
185.016
229.687
163.763
219.729
266.34
196.533
247.349
207.545
176.678
231.144
208.137
195.728
269.589
236.025
236.346
217.676
191.611
206.926
182.708
164.366
193.51
204.307
214.345
216.933
209.904
178.121
213.383
234.968
162.463
181.348
208.14
185.876
186.821
164.103
173.409
184.84
244.217
162.935
197.221
250.719
178.927
150.591
180.638
207.68
241.937
191.059
197.294
148.248
171.49
204.803
147.187
239.195
253.063
305.876
230.924
162.217
166.64
174.034
143.128
164.563
244.961
170.412
181.861
269.478
195.451
198.964
235.989
213.121
149.066
177.085
196.221
236.193
200.152
232.089
186.28
180.941
210.248
161.116
248.093
262.567
155.091
231.654
200.391
171.938
213.825
154.811
174.035
164.149
176.002
188.98
179.971
180.561
185.01
235.608
169.896
207.65
181.518
165.215
252.468
178.872
222.647
285.922
174.951
162.013
206.51
178.839
285.133
191.54
180.473
239.633
147.093
170.008
204.252
206.675
205.256
171.436
186.64
287.14
178.283
204.094
241.304
154.218
196.122
164.097
169.909
264.211
194.755
251.371
234.266
204.759
200.248
208.551
164.419
189.373
190.833
190.544
187.486
249.89
152.865
165.979
225.355
214.613
181.04
218.651
222.663
191.351
184.761
179.226
204.281
206.273
200.509
180.283
189.636
217.061
183.296
188.773
158.894
186.185
173.929
232.394
177.547
172.829
294.165
172.283
185.754
215.068
161.839
188.631
201.849
200.292
246.479
189.018
336.73
183.126
172.111
217.413
195.214
154.969
199.877
152.173
204.918
154.505
193.672
177.06
188.95
205.538
188.968
181.297
185.575
168.389
252.671
172.851
167.346
172.357
170.289
237.198
158.529
228.664
229.453
230.191
194.141
214.218
148.006
180.441
245.809
224.218
148.106
168.474
187.585
237.168
165.697
239.793
228.876
202.364
207.312
177.769
185.577
183.58
210.186
190.681
193.686
217.657
199.542
205.625
228.367
271.426
229.942
209.357
188.789
238.408
213.71
209.246
175.657
170.158
184.248
152.651
248.753
156.117
221.949
165.501
181.21
292.703
150.604
200.831
204.423
227.414
190.26
277.575
159.78
238.654
166.918
252.141
152.608
174.688
176.73
180.873
165.335
194.287
182.33
193.765
193.958
220.629
204.32
175.498
140.249
180.859
170.091
134.287
253.609
196.302
196.974
265.802
193.5
184.196
228.661
174.844
169.503
223.573
196.072
273.621
198.472
180.846
168.207
205.175
168.153
137.943
215.654
241.187
168.45
194.877
212.598
179.572
158.161
173.266
169.515
240.597
276.305
202.02
166.005
194.948
161.468
140.614
164.792
156.785
180.966
184.402
190.498
206.133
191.423
198.665
269.933
226.884
191.803
203.073
155.853
203.705
182.228
181.005
208.887
176.572
185.797
192.418
292.424
194.077
179.011
266.069
212.374
156.835
147.02
218.548
140.466
184.88
182.71
172.018
187.997
202.356
203.852
153.947
196.499
177.551
200.912
193.307
162.385
213.773
204.692
203.895
143.273
221.413
185.761
207.806
213.322
206.983
164.902
186.301
176.05
153.577
229.27
207.221
175.765
166.529
199.28
157.463
181.975
205.905
213.9
265.354
259.625
179.392
158.803
162.162
172.326
158.968
247.778
188.39
195.283
198.918
172.291
209.06
193.981
229.815
254.863
186.938
198.281
237.094
210.641
161.358
238.067
185.797
222.089
263.086
155.398
236.827
218.726
195.718
170.118
190.444
192.65
182.63
172.637
241.67
165.093
172.475
183.03
189.572
160.125
185.227
191.745
209.807
195.372
176.532
293.143
166.931
188.746
161.838
308.483
171.868
242.291
223.015
343.097
154.653
147.072
180.482
197.939
199.664
168.756
220.433
211.014
205.558
244.737
196.245
198.323
153.203
212.961
246.701
160.231
194.255
216.672
217.982
196.281
153.932
281.445
174.795
282.033
214.202
153.089
245.5
169.512
171.329
193.183
210.406
189.373
268.781
183.345
180.118
177.087
209.043
152.178
227.349
197.921
240.486
196.997
155.223
271.359
145.653
167.648
177.466
222.157
188.116
178.028
233.099
170.924
150.285
182.554
208.231
146.488
180.616
151.159
201.254
215.69
168.236
222.056
152.626
185.627
142.794
185.969
202.322
158.173
179.591
199.373
177.861
213.011
187.174
168.36
206.727
228.835
221.989
177.177
177.911
253.621
213.787
173.453
201.557
203.941
230.56
160.762
166.212
238.903
212.931
177.134
165.691
187.534
168.606
191.201
154.518
234.851
207.117
207.722
205.425
229.191
154.394
267.014
181.707
173.697
223.79
201.069
171.98
213.412
157.272
195.227
153.141
193.675
207.63
160.899
222.758
162.614
167.073
169.972
163.567
188.111
159.872
207.093
185.462
186.993
250.123
172.233
148.738
242.764
167.354
195.175
147.734
224.912
225.497
187.342
235.272
177.699
183.879
224.257
237.53
176.346
212.609
170.221
182.454
182.482
158.744
225.173
168.712
151.393
147.436
174.581
227.763
170.298
176.059
149.978
175.116
162.593
179.297
159.429
172.694
182.681
179.679
181.875
179.647
151.93
246.799
240.933
188.983
194.632
208.402
163.332
228.527
160.36
213.746
263.979
199.737
148.473
187.361
154.491
213.406
187.631
147.452
136.491
223.615
194.213
252.607
212.073
173.665
151.546
149.719
243.547
172.232
200.412
191.092
185.843
217.75
166.665
186.425
175.856
230.541
239.831
200.179
198.209
203.996
209.896
245.55
268.035
149.699
161.424
257.579
262.562
188.401
168.205
230.756
168.863
181.161
167.662
244.841
182.117
192.242
175.707
220.65
163.264
194.919
165.201
155.64
159.576
174.634
192.633
138.756
188.102
215.757
161.24
190.861
175.9
211.741
176.409
135.919
202.4
164.004
207.047
232.718
209.962
236.283
190.226
288.612
224.676
166.058
229.013
171.189
183.793
228.388
172.98
261.27
223.943
245.89
217.283
220.226
187.835
170.809
334.565
229.33
206.359
193.137
170.96
174.605
234.195
176.548
252.57
274.03
196.45
174.487
219.822
208.858
164.151
193.678
202.316
159.077
174.025
204.38
270.644
170.348
215.67
221.252
203.602
257.865
199.024
165.642
232.485
211.432
172.268
171.557
183.359
185.377
152.29
195.977
165.928
175.915
226.515
193.988
199.096
239.607
221.495
186.55
188.466
215.293
211.012
204.657
227.364
160.785
177.53
188.083
202.773
193.585
161.48
161.42
149.158
214.403
143.917
193.752
207.857
223.69
200.115
170.217
181.789
199.045
178.147
239.946
204.538
171.974
217.803
186.231
291.441
189.47
166.553
218.404
224.14
173.275
192.816
179.188
208.524
193.867
218.075
178.144
159.688
233.703
319.561
277.223
181.47
177.741
168.671
172.42
256.082
139.002
181.213
128.777
162.131
201.321
200.154
168.485
159.702
198.604
164.63
152.746
189.61
188.528
191.829
192.328
207.121
226.933
203.603
164.129
212.81
175.922
185.072
191.463
213.817
200.528
192.542
242.785
230.397
177.006
188.151
136.614
146.862
226.393
169.252
185.345
198.787
213.136
234.167
151.16
268.295
222.499
203.736
175.886
224.047
151.728
227.896
198.186
164.127
249.134
233.897
302.828
177.859
225.523
182.872
204.32
219.965
189.505
231.456
170.514
158.752
197.441
179.274
171.517
174.244
203.015
217.999
226.182
184.543
237.397
157.788
154.349
195.602
208.082
166.972
184.749
253.322
225.649
186.725
180.295
171.489
215.64
247.5
191.156
213.056
214.997
193.109
217.909
189.065
187.337
200.059
215.226
187.974
236.015
250.097
219.701
210.906
201.294
220.452
189.479
213.873
175.35
190.871
155.586
169.184
178.673
225.678
185.241
205.189
293.216
188.09
228.228
297.16
223.749
248.502
162.859
157.863
164.977
183.469
239.051
183.6
195.25
179.464
182.603
297.191
172.802
201.022
155.584
196.386
179.27
180.384
343.013
159.87
197.471
199.084
180.823
218.089
178.665
159.727
193.149
193.628
152.806
207.92
209.141
191.991
247.355
170.893
171.013
242.284
136.497
175.57
179.491
185.115
168.409
188.477
182.438
148.688
260.042
229.494
183.503
229.278
207.913
177.695
176.911
148.914
228.012
218.821
190.994
178.563
195.725
274.367
188.762
233.77
235.602
210.853
255.21
140.097
227.394
221.175
196.431
173.349
186.895
197.347
224.6
160.204
170.838
175.01
222.65
181.86
181.913
193.293
194.807
271.516
282.735
237.363
217.5
155.385
222.33
184.645
177.225
161.649
200.501
197.942
211.796
164.525
219.74
160.452
198.462
198.357
206.264
259.908
240.974
147.242
222.35
201.706
194.979
199.865
216.469
296.819
252.771
179.75
211.456
147.912
220.07
237.71
163.662
161.714
180.905
215.988
318.118
161.073
239.896
186.471
173.591
238.126
214.411
244.27
180.392
171.887
237.18
234.419
152.656
169.979
179.032
191.731
208.214
185.906
259.401
257.797
208.08
144.887
188.72
167.896
159.732
177.014
185.335
167.635
221.166
179.919
239.406
207.964
226.468
214.042
211.879
152.785
229.586
223.156
190.966
211.076
244.668
185.846
182.133
196.309
185.439
165.758
173.091
188.129
144.987
148.193
187.501
159.947
180.642
200.663
198.229
164.348
140.837
195.171
155.008
150.646
213.783
181.662
188.56
182.385
160.574
159.26
204.385
275.78
148.039
165.453
190.488
203.516
294.276
156.481
278.968
195.341
147.878
175.845
163.037
213.599
145.387
224.131
173.373
180.72
169.603
207.598
188.416
159.638
187.612
221.609
204.474
202.416
230.038
195.719
167.302
209.329
150.276
207.425
176.516
176.92
229.976
211.634
221.954
149.657
241.995
236.934
220.33
207.06
192.158
174.853
179.876
208.699
178.54
146.095
308.727
251.945
207.755
242.885
213.09
203.065
157.814
169.567
177.742
150.017
194.526
198.842
199.472
167.181
223.34
246.796
174.995
169.245
175.027
183.723
152.197
183.652
206.385
250.413
199.288
154.636
210.485
166.694
202.466
197.292
232.342
239.387
232.699
208.384
137.104
200.041
210.071
147.049
231.097
187.415
168.159
152.072
222.67
137.504
201.626
161.1
174.548
243.271
170.061
191.239
257.642
188.051
201.388
196.813
246.327
169.303
208.591
249.283
229.123
226.363
198.202
185.061
210.787
277.734
220.923
260.943
185.882
230.245
188.458
201.642
204.289
177.267
154.803
156.757
256.003
201.4
168.335
181.268
182.713
232.208
170.678
210.669
211.4
218.213
238.885
193.768
210.009
216.654
200.21
186.841
232.921
255.157
216.786
241.716
252.08
193.209
212.693
173.024
182.222
195.111
217.188
203.498
179.755
179.935
264.03
216.312
154.338
162.664
195.247
225.783
233.079
180.413
163.944
152.867
197.391
159.051
203.968
245.68
164.576
167.222
222.948
156.748
222.468
184.91
156.935
152.071
228.959
199.503
172.784
197.293
201.134
149.2
226.838
181.915
236.964
155.265
208.271
221.393
190.408
187.393
217.533
173.898
178.749
179.061
213.619
198.378
145.405
199.825
158.475
161.427
211.944
163.157
281.16
196.073
221.246
134.506
226.806
232.807
184.397
243.165
205.853
199.225
159.617
227.126
209.458
192.109
175.632
197.056
193.142
186.281
192.512
221.815
178.167
203.738
213.791
227.111
186.364
170.022
190.433
197.611
163.749
179.398
205.492
186.371
168.821
176.97
230.895
137.52
229.22
205.826
209.222
167.893
187.002
244.806
223.704
181.044
251.588
192.473
184.034
248.068
154.985
155.353
208.46
178.768
227.491
252.411
220.92
218.062
224.08
216.132
143.674
198.691
202.511
184.088
174.761
219.144
183.744
184.933
201.881
209.475
170.689
180.731
227.08
192.115
237.914
167.554
160.626
158.962
174.461
193.911
174.597
236.528
202.286
180.89
204.844
227.556
187.794
174.836
184.308
136.86
162.169
246.266
193.568
222.037
154.476
300.408
222.455
186.39
227.75
190.965
149.508
232.97
202.48
139.141
185.978
160.533
231.742
167.766
213.932
182.698
172.259
182.514
179.941
198.871
191.659
201.562
227.913
169.004
178.752
142.769
239.941
282.553
174.718
155.695
151.971
270.21
218.245
246.257
200.738
206.158
206.88
291.644
172.628
189.56
253.761
222.444
237.281
163.138
218.685
189.473
184.853
186.803
173.53
281.24
166.98
171.496
165.804
233.59
176.232
216.042
249.475
223.589
225.668
154.476
163.971
165.331
227.667
213.162
190.626
162.02
210.071
192.095
144.147
218.095
228.435
153.656
206.14
199.388
261.275
208.592
201.297
196.948
168.529
268.175
163.087
149.204
281.555
234.679
209.943
285.068
165.127
191.789
247.044
193.825
222.174
163.211
247.79
228.008
215.826
181.37
318.489
187.967
164.504
224.441
191.245
183.825
166.458
191.138
194.826
185.858
301.445
166.418
155.382
210.338
192.979
182.901
192.957
247.658
207.101
191.601
195.646
181.154
171.841
175.531
221.431
237.115
200.34
150.124
144.205
141.726
161.037
193.462
203.045
225.902
168.378
182.174
176.512
156.467
190.319
152.295
248.187
298.605
196.279
160.761
179.499
228.029
192.342
175.138
187.393
180.651
199.911
170.618
177.549
212.2
223.714
166.781
182.133
203.707
223.354
184.7
148.031
288.517
199.492
157.383
156.813
185.223
170.34
147.961
183.506
213.899
156.301
172.375
211.457
152.824
158.206
242.505
163.757
197.743
183.5
183.148
167.727
197.507
198.059
165.229
208.104
240.783
214.639
198.24
207.04
276.826
164.867
157.87
170.525
152.706
231.886
277.696
212.708
219.103
177.726
239.482
189.926
188.957
171.121
198.267
152.764
177.682
157.148
215.216
183.771
147.069
158.24
186.126
220.777
172.938
169.329
216.403
206.724
182.9
266.155
203.613
168.899
207.938
204.151
218.349
324.702
206.325
208.784
200.147
321.721
197.787
206.825
156.373
167.392
330.984
196.653
181.524
232.685
235.073
197.618
195.797
173.313
202.429
264.112
337.955
221.622
219.165
229.631
170.542
185.868
180.513
225.817
220.435
230.438
178.345
154.633
178.391
185.653
164.046
170.599
195.203
198.213
153.556
207.186
233.253
183.807
253.266
170.411
170.54
170.904
176.472
217.27
207.572
148.056
235.46
147.169
168.071
192.29
473.216
226.943
142.458
209.47
175.844
185.859
143.223
183.829
190.753
189.045
166.053
174.37
253.746
193.529
167.454
164.773
265.119
236.017
186.077
274.105
179.631
235.853
203.092
163.932
155.024
231.718
165.176
223.78
192.945
207.272
217.136
188.882
189.909
221.092
168.524
181.755
215.967
247.758
209.496
186.492
210.41
206.139
154.915
164.989
145.06
207.311
258.045
185.065
193.425
209.517
208.482
244.137
188.067
199.088
205.777
210.799
169.228
202.731
204.975
177.529
176.686
175.508
173.103
183.078
166.621
246.542
284.043
238.82
215.929
172.563
244.257
142.069
177.314
209.477
206.446
248.277
182.37
181.478
213.627
230.873
172.445
181.288
353.253
182.729
158.775
200.383
238.084
192.003
166.431
199.699
267.578
211.223
215.897
192.527
155.862
208.048
172.8
185.875
171.982
205.822
166.869
172.289
221.907
200
145.352
156.195
174.199
267.071
212.026
188.841
185.837
204.316
196.83
206.474
167.203
186.588
192.891
183.492
202.455
170.493
182.859
220.028
190.039
238.845
196.053
213.27
184.926
212.82
195.153
200.805
204.598
263.869
196.545
226.369
254.857
150.044
192.533
202.892
188.533
161.697
297.407
131.724
170.572
218.268
205.805
181.473
233.101
183.394
163.768
154.289
185.985
203.039
167.67
227.734
204.775
188.043
260.636
344.641
255.994
183.973
210.678
184.29
212.802
280.235
183.79
210.564
194.829
173.825
177.27
180.105
166.459
200.977
184.458
174.865
212.209
143.94
203.997
152.835
185.639
157.46
152.765
139.811
288.329
183.706
221.323
195.756
217.193
198.709
213.881
209.03
188.329
202.451
162.236
185.378
171.973
192.762
167.992
178.295
197.44
152.4
176.488
170.759
279.286
173.438
145.273
204.392
197.071
229.798
223.835
156.794
204.376
228.867
202.797
216.314
182.83
187.844
220.607
184.226
217.624
191.896
178.975
242.033
328.892
243.737
175.478
169.266
204.444
213.259
208.087
180.124
207.518
172.903
242.632
216.957
194.374
224.369
194.853
221.551
204.195
170.053
139.705
185.961
185.989
202.253
171.432
181.791
191.844
162.803
172.889
315.13
170.498
164.458
223.043
186.269
187.56
225.763
232.441
234.385
256.363
195.238
200.958
259.741
173.695
239.725
201.555
144.415
167.14
165.334
138.466
189.634
179.57
189.458
202.177
192.021
186.601
172.529
279.026
196.151
173.598
268.851
171.009
182.258
171.433
190.596
258.887
201.979
258.888
183.015
142.695
241.575
164.486
223.775
177.072
185.539
161.597
201.548
164.582
170.515
185.446
254.211
207.613
262.472
174.116
258.643
239.37
195.956
179.943
198.673
217.371
177.377
244.244
169.063
158.93
203.496
206.458
189.267
207.316
155.902
215.772
210.88
168.782
221.039
253.597
200.79
209.586
197.323
315.55
193.167
165.705
186.321
193.583
248.958
196.18
232.183
224.702
227.359
199.197
182.884
213.588
160.851
185.438
172.302
293.58
153.723
244.732
149.275
209.983
175.674
277.565
196.033
184.308
245.84
202.571
221.839
173.034
199.009
208.375
169.056
200.574
213.578
250.224
205.284
175.875
194.015
214.33
155.5
233.987
183.023
263.995
141.503
156.566
177.371
175.597
219.732
159.922
282.398
204.705
154.948
188.849
194.398
182.327
279.396
150.855
181.527
238.931
201.874
272.962
183.858
171.317
168.873
217.829
195.022
188.637
232.069
198.272
270.668
258.328
197.597
202.289
207.8
165.035
221.204
157.665
251.683
195.133
194.542
192.2
177.869
155.314
185.384
168.361
237.708
242.188
206.864
275.66
181.567
161.538
138.199
263.581
177.236
173.317
195.434
169.888
163.541
182.171
185.823
183.906
182.341
216.751
223.549
208.656
193.633
175.469
195.929
285.277
169.562
165.29
156.522
174.321
279.322
178.344
234.441
210.328
175.597
166.976
186.278
160.483
192.945
203.904
302.659
174.416
198.096
173.651
183.591
192.561
244.973
184.552
206.353
179.33
162.902
176.206
229.314
157.085
178.423
283.822
216.963
175.818
137.367
186.214
186.458
238.176
181.712
202.107
191.852
265.168
229.015
149.548
199.098
186.68
170.663
214.53
236.065
197.262
169.777
195.806
208.981
153.3
182.449
176.086
246.891
157.53
161.617
155.398
259.195
162.428
228.994
219.04
313.766
217.705
173.76
171.558
198.305
171.665
156.009
213.291
173.856
156.49
156.733
171.984
154.449
195.907
193.16
174.679
210.878
197.615
158.272
195.138
157.7
177.148
188.906
182.505
171.516
353.343
177.624
183.077
245.5
229.863
212.107
182.862
256.405
185.891
200.387
171.706
173.246
173.042
169.195
189.376
161.147
185.841
183.642
233.765
199.127
220.038
201.47
206.083
138.265
162.239
202.237
250.608
190.794
185.621
154.506
199.402
244.014
223.236
147.174
336.584
208.1
189.511
184.139
167.187
191.62
189.363
208.183
222.736
209.855
263.408
233.464
247.586
194.132
174.888
197.427
184.114
176.887
239.169
141.618
200.088
229.704
141.769
185.746
193.734
157.792
226.451
213.387
218.376
194.852
219.475
182.062
285.479
173.453
180.38
217.641
190.126
172.496
249.792
198.583
180.186
196.396
240.745
302.617
165.468
289.791
172.876
189.293
223.337
179.212
225.586
165.823
144.032
145.64
222.643
173.449
193.52
184.934
159.572
209.2
187.181
230.63
197.463
168.547
151.937
219.774
221.724
214.2
203.685
199.211
186.768
209.56
300.931
170.304
148.102
273.92
317.798
171.898
288.409
183.41
249.809
144.772
219.69
170.698
319.676
214.248
159.933
234.325
170.936
134.19
168.352
135.236
156.894
240.652
191.08
217.167
147.215
150.957
164.048
163.94
178.035
251.078
196.204
195.526
234.837
238.77
185.948
178.712
196.933
201.216
229.081
241.942
228.432
208.55
196.662
184.27
196.992
198.937
249.103
202.445
195.817
186.482
242.602
297.875
234.825
221.605
209.068
202.435
190.162
204.708
246.301
170.246
238.433
210.797
231.26
157.777
178.314
212.315
166.192
229.528
188.103
149.1
185.311
193.88
132.131
187.421
152.177
167.929
172.71
183.564
192.574
200.469
199.386
197.255
207.97
199.544
182.962
207.957
261.59
196.522
175.923
183.789
244.483
208.48
205.569
312.257
197.359
179.622
163.85
206.316
175.243
210.249
154.635
172.499
157.258
205.855
173.231
210.297
160.02
183.35
255.693
224.26
161.825
132.805
134.542
209.454
188.84
174.482
269.375
148.82
205.436
222.354
218.887
194.113
161.516
196.828
226.245
163.585
180.317
235.253
174.551
154.082
252.135
206.694
226.603
171.877
190.319
198.527
166.974
153.75
260.408
234.237
262.357
243.268
183.973
216.086
158.912
253.275
198.869
181.37
218.009
181.463
290.07
156.967
181.907
170.406
255.438
218.43
191.904
212.371
156.097
186.863
199.482
232.149
167.019
159.621
193.89
151.187
194.372
160.521
184.396
200.244
198.537
164.752
198.54
158.13
241.508
247.846
160.933
203.401
199.778
274.005
186.974
148.21
192.754
219.854
206.31
181.466
205.419
164.659
153.589
275.641
193.323
199.926
185.461
164.588
170.319
171.501
189.264
186.622
202.497
153.756
185.154
191.017
210.235
191.47
209.765
172.241
149.632
199.583
184.133
174.568
174.686
227.153
158.888
167.163
195.582
209.237
202.253
161.667
259.671
179.868
190.006
182.308
174.899
165.677
192.73
170.951
191.417
199.791
188.018
253.199
146.126
226.511
171.26
187.486
195.087
210.637
193.398
185.476
216.462
168.877
172.173
231.725
240.014
171.247
147.447
209.776
183.498
155.538
232.132
241.69
172.542
190.155
315.175
204.724
193.496
190.899
168.817
165.2
216.461
248.316
199.125
194.195
250.633
161.083
236.769
235.95
189.082
199.27
145.784
183.498
174.493
211.165
182.424
230.776
165.729
234.175
234.681
236.027
175.801
147.716
190.699
195.185
176.926
212.457
207.132
183.78
270.526
177.528
216.406
351.743
220.329
172.898
159.178
173.793
170.098
176.944
268.779
206.368
187.705
182.487
187.609
184.653
169.827
133.373
215.262
345.623
208.834
206.8
216.829
164.319
152.26
183.613
231.2
191.911
179.255
172.739
214.358
189.55
217.36
255.066
217.804
178.463
176.782
175.113
158.164
238.957
153.502
181.822
184.665
184.869
185.058
202.424
177.919
195.076
163.449
175.862
169.518
219.627
170.776
226.963
181.97
189.547
201.302
239.901
271.518
190.473
196.344
195.92
164.364
214.72
164.687
188.431
218.306
178.565
245.962
184.226
150.943
240.134
187.898
169.314
181.624
171.503
196.221
169.514
149.346
183.852
197.191
170.882
213.831
180.429
176.792
159.089
205.18
171.062
164.457
188.242
192.436
228.477
188.944
227.489
251.841
182.239
179.886
190.528
208.903
194.798
247.618
232.894
143.624
298.742
168.2
167.341
228.08
346.68
196.574
142.035
266.278
158.84
269.527
177.1
187.608
216.66
189.74
245.088
186.403
222.697
200.674
328.532
200.374
246.719
172.976
204.148
234.442
218.01
176.43
211.589
202.623
153.582
206.619
202.746
156.203
192.957
186.251
185.885
201.817
233.551
164.688
375.808
164.42
181.352
191.543
181.001
247.8
193.747
191.932
249.914
160.889
172.485
177.927
181.995
230.113
215.983
141.797
221.093
224.875
222.516
197.545
202.123
196.259
139.786
175.008
226.247
276.505
248.462
196.063
223.526
209.066
192.709
225.519
180.732
183.268
257.615
218.855
228.63
143.603
162.411
223.278
202.399
175.654
224.283
191.826
178.035
255.641
167.535
194.795
179.976
216.095
184.795
155.733
190.559
187.484
215.57
145.655
170.599
176.675
276.889
214.021
230.104
170.911
171.898
194.767
191.989
224.77
187.912
182.565
209.971
269.176
197.188
277.183
225.154
164.211
166.062
165.106
179.79
214.404
191.506
222.97
189.36
164.352
214.867
175.745
205.249
161.341
210.713
186.696
166.192
169.651
164.134
193.359
168.89
173.913
219.88
171.059
212.896
170.567
225.374
146.519
246.831
187.152
148.554
283.638
171.393
246.229
217.511
158.896
151.626
156.72
268.183
180.836
194.465
212.191
198.3
226.279
154.933
186.463
214.56
164.318
167.285
175.25
159.408
168.569
256.914
195.868
154.72
155.713
148.151
158.338
147.499
167.698
194.202
201.868
177.793
235.792
225.462
250.871
219.036
136.503
166.355
197.816
166.416
153.404
219.101
181.369
194.234
277.234
218.241
156.885
212.443
176.947
206.462
185.907
217.275
145.113
168.691
243.28
273.565
210.51
265.272
183.039
219.407
165.361
209.521
173.922
218.912
213.68
168.916
180.656
193.063
214.179
193.276
202.713
161.705
196.275
238.489
168.604
175.389
232.646
195.937
225.13
202.888
167.744
158.69
205.967
176.462
164.932
208.703
248.221
193.967
220.27
199.872
190.601
181.246
162.145
172.305
173.989
212.026
185.986
162.378
192.087
172.298
263.026
211.188
197.019
169.628
173.625
244.375
175.026
216.201
216.201
162.961
206.633
175.039
184.664
221.629
199.372
237.355
211.986
202.169
202.799
217.231
169.662
190.513
174.104
160
200.991
261.756
224.572
193.977
209.19
235.94
157.741
228.05
177.495
171.608
187.763
150.851
200.627
203.301
157.853
186.54
270.397
168.655
166.872
230.861
175.89
203.106
179.708
240.745
208.41
160.554
201.441
194.5
209.96
185.101
264.189
174.735
185.077
219.624
209.434
219.398
206.273
188.476
259.59
182.969
166.495
206.276
237.274
191.252
195.234
187.21
220.807
179.489
289.951
303.397
141.708
176.397
235.372
220.722
220.746
212.545
200.316
203.801
227.545
188.548
176.117
160.303
212.755
163.75
238.825
189.483
217.709
193.41
192.154
200.445
248.841
183.112
158.17
213.531
155.293
136.941
183.736
179.584
169.1
224.211
164.079
202.292
171.163
195.339
197.51
201.859
177.023
164.745
194.37
255.681
190.662
189.619
228.539
220.643
176.881
193.657
222.189
200.408
149.29
211.344
284.199
187.253
213.163
217.368
176.154
261.827
180.405
219.788
289.457
176.107
310.704
169.813
154.919
318.734
160.343
228.845
182.777
266.584
202.024
219.821
213.92
170.656
223.823
176.984
179.313
197.022
250.754
192.277
161.441
153.59
165.298
208.151
244.653
211.862
179.913
176.193
151.775
146.97
207.007
180.649
183.301
217.506
208.519
188.814
192.13
178.733
197.889
187.608
186.797
158.415
208.211
178.144
183.924
168.233
236.871
180.245
198.148
241.527
260.998
254.574
161.281
221.704
184.9
239.42
136.07
278.335
152.191
187.98
186.117
203.689
202.248
165.813
175.275
183.623
196.407
156.352
224.964
280.512
180.726
291.375
162.751
249.582
152.594
178.805
173.33
160.873
173.809
199.485
215.235
170.582
191.644
157.062
200.811
171.324
201.473
221.381
188.127
222.117
186.477
199.981
199.047
221.996
171.336
163.142
187.26
206.736
189.2
195.315
204.254
277.61
171.485
172.733
187.289
198.332
205.221
182.622
155.552
178.573
190.209
235.063
190.513
185.734
233.734
164.761
243.36
203.971
213.294
161.474
195.62
150.806
255.802
322.99
148.576
181.52
224.451
221.141
247.813
273.213
199.235
177.697
195.901
232.262
144.265
181.806
176.368
188.61
166.754
311.799
210.959
158.579
171.731
178.054
205.306
178.473
210.679
218.966
208.662
285.097
155.634
204.018
159.134
181.312
268.728
218.23
315.197
181.31
180.001
183.304
174.495
188.275
160.034
155.202
189.195
189.188
174.768
202.456
192.84
183.607
157.785
177.184
169.401
134.324
301.362
254.78
195.229
289.545
204.574
220.948
181.632
198.861
157.898
198.72
189.714
215.001
161.663
203.624
164.15
147.212
159.803
214.311
242.831
208.617
161.928
217.316
211.989
237.805
395.71
164.118
175.163
180.058
167.925
244.449
178.705
175.485
194.383
171.376
185.963
205.705
264.628
165.128
238.611
343.176
188.327
245.78
144.992
169.658
170.434
228.546
172.301
167.205
157.099
147.974
201.859
204.759
194.403
160.776
172.172
187.65
339.052
230.96
171.27
198.314
218.34
169.544
155.854
183.825
157.131
201.866
223.104
266.892
165.471
161.898
184.663
197.207
218.753
192.084
156.743
201.489
172.233
211.481
197.288
156.391
210.052
198.085
135.572
199.144
178.736
179.034
159.28
157.35
185.76
196.769
216.693
186.527
228.471
227.573
177.652
157.436
177.721
240.066
183.994
178.923
268.948
167.637
176.848
198.083
183.978
213.522
209.925
193.322
196.776
232.652
223.381
172.161
148.567
162.84
239.169
174.128
228.724
168.738
172.049
221.06
196.845
172.721
246.252
217.028
173.196
222.31
170.631
178.472
170.044
175.425
252.187
176.15
185.218
194.943
179.523
204.903
175.47
259.161
151.383
205.062
182.373
170.572
187.9
262.634
214.406
245.145
169.466
225.954
172.989
251.929
186.679
181.394
244.054
194.084
205.16
162.838
146.949
204.53
165.917
198.647
178.378
176.793
242.457
193.833
203.677
226.645
262.393
194.068
169.917
202.06
212.42
190.111
210.865
206.127
192.744
184.942
271.597
230.38
144.035
213.643
196.943
157.374
266.798
244.579
218.042
216.254
213.447
174.461
153.078
159.833
185.998
186.846
212.926
151.606
184.875
177.81
187.825
184.364
222.083
178.356
185.842
185.388
179.655
235.733
258.123
312.474
176.817
175.123
200.18
218.102
165.774
195.693
176.158
189.574
221.086
263.165
207.539
202.836
189.298
220.13
278.74
197.287
216.709
212.281
195.187
239.174
189.91
181.336
242.188
192.26
254.975
181.126
210.588
155.961
178.847
242.502
216.955
172.241
168.215
184.448
184.27
211.654
183.664
182.321
184.589
151.406
145.816
183.627
191.21
190.841
160.015
271.335
215.806
286.264
160.467
264.682
233.466
213.025
211.3
183.801
154.055
163.832
267.041
248.396
179.24
147.769
199.05
206.4
188.573
181.468
172.03
220.996
171.893
194.273
228.062
219.623
236.182
235.713
214.674
227.22
188.998
186.369
224.801
190.492
171.709
179.841
205.707
194.869
232.4
206.231
168.247
184.792
151.368
130.993
240.414
153.117
204.947
220.727
205.36
168.012
255.334
162.711
169.129
178.336
184.622
237.423
161.473
198.645
172.362
195.904
230.167
240.866
216.114
164.953
320.649
166.9
236.841
166.801
264.352
136.631
329.676
190.667
154.536
247.884
132.432
157.476
191.434
223.719
183.239
188.021
186.811
216.954
228.05
191.399
241.08
175.842
247.28
156.02
169.854
233.947
196.094
175.927
219.976
206.324
140.811
166.6
158.614
198.463
202.824
237.374
194.131
196.653
190.689
183.266
194.028
173.175
346.726
179.355
145.666
145.577
248.502
214.689
175.161
178.139
202.326
233.019
272.647
187.164
213.71
210.178
175.155
235.506
213.759
152.8
217.248
193.385
151.91
214.664
212.661
233.073
225.828
286.455
157.246
187.568
227.215
167.055
285.977
202.274
267.31
189.819
232.008
220.274
154.82
171.935
191.96
205.416
206.423
215.612
151.873
192.057
157.18
156.282
183.379
170.175
218.351
172.573
185.747
265.507
178.34
181.526
198.769
163.414
184.28
189.98
254.103
208.686
180.688
195.116
186.215
200.172
