0.706027
0.852402
1.31536
0.722096
0.67674
0.295883
0.563873
0.903078
0.740845
1.94449
0.955291
0.85122
0.745244
1.03534
0.576949
0.713038
0.708202
1.53119
0.578848
0.815449
0.692802
0.305371
1.09571
1.0684
1.40776
1.40954
1.32907
0.22306
0.555078
1.87821
0.357301
0.475478
2.12544
0.234448
0.527203
2.0845
1.45308
0.544543
2.0634
0.700949
1.41367
0.941022
0.983387
0.836454
1.5886
0.641641
0.462662
0.75352
0.913409
0.283207
0.792001
0.609428
1.17393
0.461854
0.885035
0.907692
0.723461
0.43724
1.37949
0.50021
0.496098
0.778912
0.704954
0.2292
0.400486
1.00825
0.31646
1.29994
1.14267
1.24302
0.820399
0.541803
1.34575
0.687322
0.322468
1.07636
1.42534
1.05102
0.690414
0.302251
0.759229
1.24028
0.626247
1.09229
1.12237
0.484984
0.256774
1.01793
1.06075
0.544009
1.19516
0.707657
0.595543
1.11881
0.578932
0.940625
1.93867
1.17412
1.00294
0.772783
0.687455
0.892818
0.79745
0.810304
0.754993
0.806528
1.34356
1.48595
0.657759
1.10005
0.513509
0.522735
0.39964
1.20641
0.591736
0.979911
0.273912
0.864958
0.590053
0.704725
1.5845
0.341654
1.70272
0.695042
0.290438
0.714334
0.61303
0.618683
0.441162
0.568335
0.527168
0.259295
0.892754
0.594125
0.500222
0.298626
0.728388
0.238406
0.487259
0.783857
0.423043
1.53569
1.17871
0.392296
1.37268
0.410081
0.700292
0.785716
0.604798
0.734005
0.717951
0.403317
0.78374
0.987659
0.527527
0.709669
0.510096
0.769445
0.668964
1.13471
0.965811
1.15096
1.07123
0.737709
0.635848
1.53264
0.511618
0.853714
0.65013
0.95422
0.248102
0.749244
0.689407
0.614885
0.883644
0.327105
0.6415
0.515094
1.09382
0.464734
0.887745
0.676049
0.588721
0.906808
0.762495
1.17531
0.850255
0.7589
0.889032
1.23572
0.874024
0.946483
0.602996
1.3392
0.861278
0.734966
1.1873
0.438437
0.783279
1.55403
1.07866
0.776401
0.833753
0.517524
1.05443
0.526469
0.370125
0.805077
0.443665
1.28262
1.24063
0.770397
0.613344
1.35738
0.862876
1.2839
1.12148
0.814968
1.26588
0.584876
1.03293
0.71372
0.708381
0.634123
1.15407
1.22779
0.779386
1.57536
0.658897
1.26459
0.438361
0.423609
0.634224
0.757775
0.61468
0.463888
1.02048
0.796207
1.46217
1.27188
0.651822
0.35205
0.735888
0.676828
0.315069
0.759726
1.62061
1.09458
0.905306
0.842908
1.29195
0.457621
1.48053
1.0021
1.08829
0.227718
1.20618
0.744309
0.683524
1.02156
0.886498
1.08442
1.25137
0.399653
1.07572
0.342523
0.98667
1.09864
1.07703
1.30836
1.07988
1.36024
1.31272
0.704419
0.296447
0.784801
1.05182
0.487668
0.835378
0.66797
0.533125
0.628079
0.776138
0.435404
0.63945
0.559828
0.712887
0.899469
0.926536
1.24902
1.16721
0.514465
3.16135
1.02162
1.04603
0.425351
0.379147
0.870354
0.712205
0.942038
1.26676
0.860124
0.981376
0.740512
1.2804
0.690134
0.653057
1.25443
0.745954
0.760385
1.35467
0.78575
0.783558
0.523164
0.574173
1.19644
1.1923
1.35522
0.724906
0.874137
0.529478
0.601393
0.377341
0.624249
0.977438
0.466444
1.39992
0.360728
0.759251
0.982536
0.40443
2.16222
1.05614
0.970484
0.846279
0.723039
0.360633
0.434326
0.58066
1.28378
0.980265
0.93353
1.19258
0.908712
1.43448
0.262334
0.696777
0.757147
1.26051
0.222286
0.713545
0.870773
0.614306
0.592656
0.71346
1.64231
0.784815
0.898073
0.720436
0.952873
0.633269
0.623194
1.22488
0.898018
1.13782
0.880027
2.83543
2.40312
0.968931
0.663132
0.704575
1.65603
2.64175
0.57778
0.429992
0.288978
0.347625
0.813007
0.892214
0.408806
0.769842
0.592204
0.773755
0.484549
0.931952
1.09105
2.31605
0.387199
1.80774
1.34362
1.00725
1.16435
0.547735
1.02283
0.467102
0.455024
0.909234
0.661375
0.298032
0.549271
0.737554
1.03196
0.598446
0.388947
1.03455
1.72923
0.573889
0.791988
0.770462
1.07586
1.32763
0.73747
0.874625
0.676595
0.779322
0.443844
1.31261
0.572118
0.781599
0.672776
1.25305
0.796296
1.16999
1.1235
0.616146
0.575007
0.689925
0.706944
0.50074
0.724387
0.638139
1.83369
0.394453
0.370093
0.789638
0.482376
0.898052
0.324488
0.481011
1.05973
0.703371
0.527706
1.1807
0.59715
0.866578
0.497495
0.554241
1.007
0.941166
0.540436
0.690031
0.856405
1.05319
0.838981
0.487787
0.920975
0.717108
0.62984
1.16697
0.299581
0.766632
0.526371
0.388257
0.893888
1.12053
1.25897
0.525253
0.72226
0.52648
0.725807
0.390031
0.299865
0.69691
0.522081
1.05409
1.61332
1.08294
0.51427
1.46583
0.822852
0.695045
0.498029
0.764255
1.22537
0.412755
0.685839
1.1484
0.570409
0.248544
0.774632
0.725859
0.286208
0.804193
0.518349
0.901013
0.698091
0.64624
0.495759
0.711449
0.774478
0.268653
0.670793
0.933145
1.2277
1.30522
1.19318
2.1143
0.546485
0.730418
0.460143
0.682206
0.247441
0.752718
1.20126
3.6098
0.625945
0.997093
0.480398
0.787244
0.944867
0.625501
0.955874
0.836453
1.3099
0.711155
0.463574
1.09489
0.622976
0.386243
1.53831
0.39863
0.54848
0.64162
1.89738
1.49292
0.568142
1.52088
1.00829
1.60394
0.875921
1.00239
0.592372
0.821592
0.345706
0.552666
1.44615
0.697216
0.213781
0.405168
0.638715
1.9768
0.803868
0.279615
0.38147
0.767638
0.539629
1.58401
1.70237
1.1111
1.08713
1.94281
0.568501
0.932298
0.234314
0.602942
0.704931
0.414825
1.03835
1.01735
0.686254
0.340313
0.846999
0.483404
0.938792
0.753568
0.918745
0.671701
1.49109
0.631139
0.842654
0.534168
0.402017
0.969018
1.68972
0.973983
0.482045
0.380529
0.360342
0.780403
1.15974
0.410152
1.00182
1.6831
1.56642
0.964737
0.572996
0.489839
0.827416
0.897519
0.669974
1.00321
1.69336
0.97463
0.697939
0.367009
1.45491
0.857097
1.54719
1.27667
0.444199
0.632516
0.958797
0.945708
1.01273
1.0836
0.93051
0.655374
0.623295
1.16541
1.08027
0.421951
1.34992
1.36671
0.805119
0.715925
0.965126
0.543517
2.48352
0.74365
0.638485
1.34793
1.18841
0.536987
0.558768
0.96518
1.09881
1.03709
0.888761
0.900042
1.01687
1.76168
0.535525
0.780366
0.845393
1.62278
1.28843
0.669626
0.8201
0.913253
1.22286
1.29052
0.728399
0.390241
0.368886
0.930743
0.600299
1.22139
0.731335
0.90398
0.695493
1.31911
1.13389
1.23349
1.26248
0.277692
0.69063
0.498554
0.675168
0.950902
1.15219
1.03904
0.797925
1.52619
1.01846
0.827361
0.66407
0.766199
0.421369
1.02711
0.81012
0.811018
0.701988
0.269899
0.825655
0.651813
0.909897
1.11567
0.580264
0.525013
0.75417
0.852424
1.52673
0.328095
1.05883
0.670555
1.36511
0.29438
0.977296
0.833125
1.34216
1.04718
1.03193
0.332211
0.928498
1.46794
2.00166
1.35208
1.13282
1.42869
0.337379
0.800333
0.668312
0.566616
0.488138
0.436141
0.547374
0.311543
0.511185
1.40331
0.36486
1.39683
0.851513
0.759401
0.723151
1.27938
1.26791
0.198566
1.37486
1.06196
0.446127
0.6018
1.24978
0.548979
0.471177
0.79404
1.18736
0.582392
0.543383
1.1478
1.12177
0.692276
1.05544
1.22133
1.13562
0.350072
1.0735
1.03068
1.11141
0.215654
0.387205
0.23308
0.613268
1.03664
1.63794
0.310904
0.643223
0.343391
0.61795
1.12434
1.23584
0.79175
1.02293
0.285964
1.22492
0.585962
0.363915
0.411399
0.541634
1.15669
0.977928
0.320704
0.696033
0.798427
0.638068
0.597247
2.54224
0.803667
0.727832
1.47315
0.337745
1.17311
1.09415
1.22092
0.418942
1.59098
1.22477
0.497371
1.53568
0.445936
0.569847
0.841075
0.999501
0.625716
0.782431
1.37049
0.305569
1.62699
2.28704
1.23818
0.901143
0.504957
0.603322
0.697592
0.987807
0.464547
1.07579
2.04623
0.431505
1.01746
0.950283
0.828627
0.190427
0.493753
0.774941
0.515294
1.18318
1.37016
0.432905
0.850921
0.521345
0.785623
1.14542
0.808833
2.04558
0.650537
0.632036
0.75287
1.09159
0.775466
1.17197
0.669023
0.604928
0.27626
0.623951
0.951364
0.498731
0.626546
0.72728
0.550733
0.77915
0.51302
1.85893
0.315558
0.569792
0.500976
0.662201
0.862997
1.90648
0.672907
0.935666
0.994592
0.336875
0.669978
0.556084
0.675494
0.948896
1.01088
1.30673
0.725854
0.587479
1.16018
0.89675
0.407931
0.711191
0.685016
1.04988
1.04486
0.596013
0.44504
0.873801
1.28329
1.83308
0.823843
0.964466
0.661887
1.07646
1.05728
0.656411
0.456925
0.487911
0.667172
0.995492
0.249074
0.780374
0.700059
0.862708
0.239302
0.826855
0.50155
1.31773
1.04785
0.31385
1.06576
0.766905
0.934113
1.42112
1.00344
0.537245
0.411465
0.717203
0.519246
0.626132
1.59336
0.596941
0.36515
1.276
0.792388
0.724031
0.91452
0.828629
0.418552
1.78345
0.323736
1.31737
0.728244
1.43928
0.893132
0.512471
0.651211
1.29993
0.463296
0.398115
1.22794
0.360793
0.561747
1.09415
0.791342
0.416021
0.73944
0.38195
0.490184
0.627215
0.242885
0.472648
1.40684
0.474194
0.776735
0.485155
0.492784
0.968966
0.736889
0.467342
0.479097
0.91558
0.816351
1.77459
0.540681
1.07409
0.529106
0.53362
0.282536
1.47685
0.497285
1.06911
0.548909
1.24494
0.914916
0.616956
0.626286
0.419214
0.599445
0.44045
1.11296
0.3373
0.568435
0.317838
1.17497
1.64195
0.688416
0.700706
0.410431
0.322339
0.494913
1.70495
0.633472
1.2661
1.27294
0.792833
0.759474
1.19021
0.660287
1.13425
0.929683
1.67335
1.20149
0.746401
0.51349
0.933925
0.330442
0.858191
0.542033
0.633855
1.02852
0.601018
0.953176
0.859639
0.443876
0.797668
0.710732
0.732829
1.56661
1.42018
1.24321
0.315752
0.582331
1.2378
0.995773
1.23446
0.612811
0.478785
0.507772
0.538053
0.699383
0.848907
0.352216
0.826878
0.455009
1.01632
1.44481
0.351413
0.714107
1.70132
1.26365
0.830606
1.87018
0.730462
0.549409
1.03992
0.573976
0.825
0.914034
0.360288
1.57665
0.0940284
1.13428
0.950398
1.10587
0.853607
0.514098
1.66508
1.45139
0.445691
0.30567
0.984503
1.40491
0.532595
1.14565
2.1406
1.56055
0.791468
0.638588
0.876346
1.02028
1.15168
0.88519
1.03421
0.657075
1.13428
0.441679
1.08395
0.659758
0.83526
2.2283
0.95427
0.599439
0.871294
0.937703
0.984199
0.453605
0.403546
1.70022
0.582174
0.513137
0.548466
1.26556
0.728583
0.605517
0.837181
1.48006
0.443745
0.505565
0.441526
0.842844
0.824797
0.97572
1.05935
0.932897
0.922317
1.17353
0.797262
0.518876
0.588154
0.707774
0.644563
0.709963
1.02774
0.471199
0.922278
1.9934
1.79809
0.911064
0.577341
0.701266
0.745342
0.56616
1.11258
0.488231
0.880248
0.363263
0.434345
0.881449
1.66028
0.673006
2.35671
0.473615
0.468451
0.888778
0.275724
0.829197
0.270906
0.895026
0.722128
0.586017
0.471183
1.04216
0.433345
1.09609
0.428896
1.10947
0.603043
0.331987
1.09075
0.872643
0.57753
1.16795
0.882559
1.12139
1.1282
0.697915
1.3028
1.21837
0.803795
0.73437
0.903772
0.583723
1.7713
0.848742
1.66656
0.862075
0.857533
0.989661
0.839023
0.462366
1.40468
0.54229
0.812778
0.604401
0.631419
0.726964
0.999203
0.792143
0.939361
0.482409
0.551514
1.66015
0.636349
0.574202
0.567146
0.993982
1.01094
0.714681
0.578673
0.814506
0.627278
0.594757
0.535262
0.404832
0.485673
0.884457
0.631045
0.615508
0.564061
2.19172
0.851177
1.42813
0.840642
0.598707
0.697032
0.730002
0.782787
0.494939
1.04026
0.58082
0.94799
2.07547
0.69604
0.438977
0.866383
0.338218
0.310926
0.704678
1.41786
1.18618
0.658146
1.11943
1.11496
0.90861
0.467656
0.429612
0.924563
1.15224
1.26452
1.07563
0.761417
0.762152
0.401696
1.01335
0.816859
1.32625
0.963803
2.99408
1.46409
0.66424
0.448607
1.53618
0.691812
0.74571
0.757284
0.443066
1.19693
0.427264
0.790215
0.576962
1.14313
2.15527
1.38647
0.679331
0.903219
0.542318
1.1896
0.797853
1.72034
1.16601
1.13903
0.575674
1.03191
0.678594
0.689144
1.01931
0.522507
0.245116
1.39653
0.625881
1.03436
1.93036
0.980627
0.379681
0.997745
0.878563
1.48772
1.35727
0.837501
0.789147
0.295808
0.859891
0.790794
0.798632
0.750708
0.713072
0.615156
0.578117
0.654244
0.285353
0.715569
0.813698
0.420751
0.721987
1.22476
0.607911
0.796601
0.725796
0.889962
0.518111
1.59548
0.616055
0.251423
1.07571
0.681125
0.515746
1.58324
1.34433
0.675945
0.708655
0.847993
1.43097
0.667662
0.960557
0.468618
2.0556
1.01926
1.29493
0.0714764
0.696505
1.15785
1.0232
0.697009
0.548504
0.900376
1.71468
0.306088
1.04438
1.08772
0.225705
0.296003
1.08787
1.22185
0.523019
0.606747
0.757643
0.886527
0.376969
0.452301
0.290187
1.10942
0.305516
0.793858
2.15254
0.338775
1.32065
0.583455
0.80785
2.12904
0.929051
0.938279
2.35045
0.2537
0.632225
1.68439
0.773975
0.504867
0.481323
0.898274
0.579443
0.736275
2.12772
0.986057
1.12251
0.835577
0.584062
0.452267
1.01254
1.07416
0.457068
1.18361
0.379754
0.599307
0.9284
1.02099
0.295212
0.698269
0.781354
0.72706
1.29869
0.502107
0.462552
0.687536
1.08077
1.70649
0.611955
0.69221
0.520951
0.681691
1.09979
1.13606
0.994774
1.54935
0.641348
1.1119
1.21174
1.49023
1.45612
1.55602
0.737368
0.865564
0.63629
1.94479
1.15511
1.0655
0.416736
0.910869
0.352633
0.705526
1.48018
0.890989
1.01944
0.524585
0.360341
0.224341
0.698521
0.798011
0.387158
0.502259
2.14392
0.902093
0.314705
0.772594
0.788122
0.439432
0.626221
1.30942
0.873283
1.86414
1.07992
0.700854
1.17309
0.975785
0.563648
0.650601
0.363228
0.928894
1.13806
1.01368
0.555587
0.653942
0.747456
1.41569
0.363335
0.810427
0.907899
0.791263
0.521465
1.20116
0.236721
0.968448
1.09756
0.701807
1.34121
0.529345
0.911965
0.955305
0.782924
0.24841
1.49788
0.925279
0.641609
1.1564
0.551747
0.824004
0.722143
0.677459
0.894324
0.44323
0.536156
0.456829
1.15012
0.677777
1.20862
0.474981
0.824741
1.37748
1.01954
0.593346
0.827393
0.26408
0.692042
1.26248
0.379155
1.00782
0.385282
0.327801
0.63616
0.158501
1.55403
0.649036
0.524987
1.59097
0.427866
0.550498
1.18684
0.33609
0.738079
0.949838
0.553037
0.589055
1.01662
1.01849
1.7118
1.21286
0.226668
1.046
1.00322
1.43466
0.66339
0.409583
0.280537
1.02291
0.485267
1.60259
0.575388
0.601653
1.15243
0.633834
0.638309
1.3839
0.736692
0.603512
0.772836
0.781424
0.890788
1.58574
0.641789
1.48285
0.493361
0.434228
0.51542
0.549098
0.745931
0.425105
1.32027
0.572102
0.667176
0.700998
1.205
0.573898
1.39983
0.620131
0.409261
0.510552
0.459271
0.32813
1.37459
0.853806
0.861042
0.373602
0.783408
0.399138
1.46968
0.167013
1.12611
0.742704
0.405679
1.21987
0.86112
0.797423
0.61505
0.584739
0.837857
1.82857
1.16095
1.68618
0.556546
1.64881
0.357068
0.695706
0.813345
0.712759
1.55233
0.417462
0.730103
0.566748
0.727343
1.24278
0.431928
0.547017
0.591603
0.920909
0.459953
0.359151
0.778579
1.81918
0.448387
0.654744
1.49807
0.889746
1.20572
0.733952
1.32899
1.88595
0.58691
0.857849
0.282695
0.447404
1.26731
1.51745
0.926674
0.689099
0.315723
0.910795
1.17936
0.687389
1.51044
1.10277
0.861545
0.568634
0.311299
0.728552
0.525738
0.731314
1.02304
0.816388
0.986098
0.943758
0.739869
0.708934
1.14446
0.697637
0.705171
1.50908
1.33888
1.11896
0.483572
1.14284
0.11629
0.628856
2.51046
1.28524
0.663132
0.822161
1.41071
0.932943
0.209454
0.914354
1.92379
0.814578
0.525127
0.599708
1.58749
0.747101
0.496019
0.768454
1.0917
1.08464
0.623957
0.544376
1.02373
0.628299
1.24798
1.06475
0.794258
1.1324
0.776045
0.188341
0.620406
0.52211
1.69706
0.428573
0.995701
0.499661
0.602011
1.37719
1.10007
0.961012
0.686141
0.952423
0.40417
0.308563
1.69444
0.527836
0.780864
1.26424
1.10897
1.31919
0.283411
0.955947
0.327109
1.33455
0.809532
0.801841
0.329138
1.22894
0.80308
0.873693
0.858353
0.459141
0.380664
0.313609
1.40311
0.555181
1.41267
1.18963
0.523772
0.610139
1.10247
0.782058
0.31209
1.62663
0.942427
0.507764
0.636059
1.0136
1.2572
0.750676
0.848941
0.847263
0.924161
1.23452
1.03727
0.326566
0.377076
0.514023
0.44696
0.75276
1.02823
1.11686
0.374622
0.198401
1.04342
0.510766
1.71971
1.65966
0.485397
0.977982
0.271962
0.652975
0.429968
1.26977
0.566511
0.749915
0.947521
0.93732
0.751094
0.642449
1.538
1.16441
1.72908
1.452
2.37986
0.832986
0.507447
1.12388
0.747922
0.952015
0.502431
0.558619
0.940363
0.730061
0.891867
1.72309
1.01722
0.736328
0.932664
0.500417
1.05315
1.22571
1.36554
0.588763
0.973314
0.647108
0.825677
0.876994
1.86052
0.444701
0.855708
0.384351
0.430434
1.1444
1.62815
0.636647
0.739715
0.784048
0.469481
0.553872
0.403387
0.607899
1.43712
0.970414
1.0707
0.506234
1.00362
0.596178
0.7567
0.259203
0.919912
0.581543
0.341268
0.488553
0.528408
0.34452
0.504309
0.496662
1.38273
0.459033
0.39545
0.349908
1.00058
0.251093
0.43981
1.02798
0.532847
1.28609
0.852949
0.721124
0.307141
0.58423
0.857922
0.346405
0.63013
0.944671
0.681685
0.454585
0.577523
1.24216
0.906422
0.759117
0.756938
0.702081
0.738872
0.727809
0.7463
0.4055
0.48452
0.561269
1.9078
0.701396
1.31146
0.338368
0.838832
0.758841
0.949767
0.457704
0.771015
0.354298
1.046
0.483016
0.593625
0.469047
1.73087
0.65435
1.02113
0.967201
0.645356
0.695136
0.510263
0.748997
0.741668
1.06989
0.658727
1.02436
1.34534
1.45614
0.422506
0.538605
0.742569
0.848308
0.742212
0.337519
0.466154
0.506515
0.406728
0.347084
1.1409
0.548473
1.19804
0.500705
0.381031
0.558409
0.291215
1.30678
0.921277
0.582272
1.21592
1.12598
0.997094
0.822352
0.422589
1.18236
0.791546
0.825945
0.966412
1.11548
0.353994
0.66384
0.922582
1.7955
0.768261
0.670869
1.04767
1.37475
0.792288
0.753434
0.935716
1.47994
0.398072
0.466919
0.687684
0.646484
0.884728
0.948199
0.569729
0.910862
0.528025
0.579627
1.11361
0.897497
0.710441
1.29304
1.14546
0.89752
3.07293
0.632928
0.753914
0.41327
0.902458
1.08129
0.454706
0.539206
0.937264
1.09403
0.589468
0.275421
0.541282
1.00722
1.17997
0.767494
0.946565
1.02972
0.719216
0.460096
1.2672
0.310219
1.10049
0.720597
0.802621
0.519669
1.64473
0.621037
1.17478
2.33066
0.892065
1.05715
0.910664
0.829052
0.487255
0.943665
0.803662
0.500699
0.412691
0.818699
0.257017
0.421989
0.583399
0.409954
0.620642
1.02468
0.542934
0.527111
0.663479
1.31995
0.858678
0.713197
1.24656
0.961755
1.14823
0.433367
1.38904
0.506143
1.18764
0.889792
1.06852
1.00772
0.414755
0.442732
0.572116
1.35027
0.827483
0.516796
0.598147
0.218847
0.747486
1.01291
1.6676
0.526142
0.825939
0.330974
0.430367
0.880798
1.5523
0.779911
0.838569
0.92184
0.579055
1.09083
0.537027
0.756421
0.93739
0.515255
0.58566
1.09413
0.934577
1.1442
0.49387
0.884571
0.936655
0.599663
0.720724
0.312936
1.03319
1.04856
0.814356
0.482097
0.75503
0.431334
0.534448
0.80538
0.407229
0.70091
1.59291
1.71164
0.324963
0.609227
1.61073
0.352226
0.688038
0.64451
1.14336
0.5232
1.16687
0.591232
0.354653
0.876667
1.27579
0.329639
0.861721
0.969754
0.44738
1.21127
0.429192
0.677287
1.19696
0.772334
0.342205
0.521418
0.823137
0.77773
0.666972
0.991541
0.691784
0.774636
1.76937
0.678413
1.3634
1.56872
1.19965
2.91575
0.75889
0.411567
1.14823
1.13668
0.778686
0.948708
0.741624
0.857323
0.60362
0.461421
0.915652
0.646505
0.512761
0.795551
0.746361
0.639436
1.50023
1.05039
0.539955
0.774534
0.687261
0.531185
1.13083
1.94207
1.20001
1.05744
0.457222
1.18323
0.626098
0.872089
1.03478
0.298529
0.434605
0.364924
0.577501
0.587293
0.494734
0.543153
0.894033
1.03151
1.01996
1.33022
0.488199
0.577057
0.942475
0.858602
0.761788
1.20784
1.24999
0.415405
0.276678
0.798974
0.273425
1.62682
0.940851
0.462392
0.860571
0.827156
1.07694
1.21506
0.367688
1.29581
0.691542
0.523283
0.943716
1.36538
0.618417
0.620353
1.05767
0.386613
0.87656
1.39533
0.604483
0.751898
0.561425
1.37329
0.890855
0.0735285
0.808558
0.55303
0.717196
1.66662
0.882277
0.885598
1.09294
0.817731
0.602668
1.25428
0.855452
0.319361
0.642561
1.06845
0.797459
0.684877
0.778703
0.936961
1.09229
0.75618
0.74857
0.276266
1.63596
0.696577
0.700793
0.405486
0.511234
1.34402
1.12152
2.38322
0.399177
1.22996
1.1439
0.885284
0.394403
0.917729
0.535574
0.559856
1.4294
1.92782
0.826421
0.587698
0.373565
0.592827
1.00228
0.737718
0.323019
1.53312
0.764983
1.24425
0.877709
1.25497
1.27598
0.562883
1.06295
1.49147
1.88019
0.429987
0.381762
1.18131
0.459436
0.903998
1.08912
1.81965
1.23353
0.602323
0.27264
0.672374
1.56241
0.837496
0.915713
1.08393
0.518453
0.471315
0.480453
0.379123
0.431712
0.423735
1.26497
0.257724
1.25757
0.805749
1.31349
0.279922
0.553023
0.560593
0.567085
0.949752
0.629332
1.22636
1.55466
0.305418
0.753675
1.11642
0.560134
0.657845
1.20179
1.9018
0.591216
0.949004
1.71227
1.02108
0.607779
0.770187
0.464898
1.70218
1.324
0.799937
0.392169
0.598552
0.699304
0.251282
0.864003
1.08729
0.134708
0.722045
1.36117
0.891282
0.50228
0.516135
0.44769
1.07283
0.873406
0.707088
1.23367
0.528657
0.883064
0.394589
0.691131
1.34297
0.264597
0.533256
0.716916
0.465545
0.798526
0.558121
0.752107
0.538971
0.206959
0.417719
0.365606
0.290766
0.166861
0.949552
1.14421
0.383719
0.493049
1.13975
0.809318
0.869735
0.491959
0.876506
0.415893
0.767572
1.22095
0.854273
1.17421
0.875651
0.161551
1.16444
0.950234
0.856676
1.15071
0.910373
1.05322
0.548931
0.562247
0.290505
0.930505
0.511059
0.665757
0.638015
0.50774
0.357546
1.19805
0.777802
1.09885
2.70516
0.66582
0.826305
0.882167
1.03949
0.2962
1.05605
0.739727
0.708777
0.551387
0.320072
0.368127
0.789738
0.345727
0.614213
2.13474
0.33664
0.56712
0.514694
1.46527
0.410997
1.10817
0.396814
0.318036
0.33184
0.767333
1.42323
0.67035
0.709969
0.510434
0.789042
1.79802
1.54572
0.670064
1.11721
0.99831
0.386999
1.03772
0.790359
1.16946
0.914341
0.327226
1.12231
1.36111
1.27489
0.165514
1.3823
0.932274
0.843132
1.06956
0.504607
0.704735
0.986215
1.2674
0.656239
1.22367
0.834648
0.503403
0.750685
0.552122
1.09437
0.894544
0.703673
0.444015
1.15702
1.39703
0.429325
0.582231
0.886649
0.948237
0.812172
0.557278
1.29169
1.1505
1.15247
1.29122
0.146189
1.831
0.465495
1.02316
0.466785
0.348227
2.1946
0.275307
0.483431
1.15086
1.61527
0.64643
1.15379
1.24158
0.43408
0.33655
1.31794
0.23883
0.34981
1.77134
1.85507
0.663712
1.39148
0.720328
1.03339
1.24858
0.932554
1.38258
0.720253
0.779121
2.45811
1.56958
1.01882
1.28688
0.701334
1.12205
0.677607
1.44058
0.876725
0.330934
0.553847
0.615831
1.39753
1.62933
0.793232
0.31825
1.10709
0.401471
0.605903
0.592817
0.601401
0.534653
0.824795
0.698905
0.503518
0.630389
0.351405
0.556674
0.710283
0.574145
1.1252
0.346275
1.2719
0.409087
1.07728
0.655222
0.487786
1.08191
0.641099
0.802294
2.24853
0.706114
0.788361
0.90341
0.803634
0.681117
0.731476
0.305714
1.39309
0.949386
0.925055
0.317978
2.08155
0.73568
0.423434
0.171504
0.869888
0.68649
1.12452
0.753647
0.618327
0.327383
1.18145
0.836748
0.498573
0.307807
0.280267
0.687691
0.909631
0.773481
0.523314
1.28953
0.612094
0.688547
0.476332
0.759898
0.595386
0.372408
0.598516
0.576514
0.791517
0.865116
0.316036
0.861749
1.76775
1.69629
2.18196
0.508128
0.464505
0.776511
0.838301
0.314219
0.922966
0.829014
0.700472
0.346314
0.952719
0.341804
0.903004
1.41773
0.552637
0.754476
0.772011
0.730188
0.478025
1.35001
1.40983
0.880563
1.22515
0.436602
0.649384
0.909239
0.925576
0.737724
0.484328
1.13342
0.775103
0.92063
0.751553
0.462879
0.7091
0.678992
0.875379
1.24908
1.70591
0.976871
0.547089
0.565932
1.33661
0.733726
0.869308
1.08377
1.18635
1.55871
1.30036
2.60773
1.02392
0.451679
0.818311
0.959092
0.582799
0.575575
0.832597
0.493566
1.35222
1.01688
0.827562
0.701611
0.457565
0.672802
1.13454
0.561523
0.30612
0.852114
0.781782
0.798343
0.734824
0.795868
0.810348
0.974305
0.420021
0.286669
0.923443
0.764498
0.323246
0.539027
1.39866
0.545086
1.1615
0.517391
0.492619
0.941466
2.38872
1.016
0.698242
0.580449
0.441279
0.235771
0.866058
0.467932
0.609194
1.00463
0.7872
0.940164
1.47112
1.13879
0.545555
0.337406
0.32371
0.325119
1.09292
0.717215
0.484489
0.661171
0.549504
0.432964
0.783755
0.47807
0.588542
0.599662
1.04806
0.570429
1.46969
0.731687
0.633981
2.26105
0.441958
0.637854
1.28571
0.910082
0.552953
1.09235
1.21315
0.800185
0.484479
0.426509
0.552536
0.231369
2.03387
0.318568
0.739141
0.254685
0.455682
0.585265
1.06647
0.68854
1.56772
1.07667
1.27572
1.32816
0.575293
0.757158
0.55729
0.402397
0.638941
0.652917
1.12374
0.652168
0.253937
1.0009
0.515516
0.609943
0.915134
1.10783
0.583088
0.786823
1.0235
0.552574
1.09002
1.5061
0.908017
1.38484
0.456517
1.06444
0.938729
0.369687
1.01188
0.815646
0.738655
0.773071
1.23697
0.206575
0.771222
1.06542
0.259331
0.161783
1.15211
1.08568
0.420617
0.856579
0.530125
0.324111
0.598411
0.812788
0.912598
0.331163
1.3287
1.11508
0.31599
1.44317
1.25951
1.83318
0.617935
0.513778
1.65843
0.753991
1.33837
0.298714
0.575681
0.728372
0.513762
0.875639
0.818188
0.549804
1.06023
0.424573
0.553328
1.28036
0.721142
0.965332
0.688973
0.397971
0.517884
0.785033
0.580703
0.223207
0.613791
1.0742
0.684041
1.76805
0.370353
0.949942
2.18506
0.427017
1.45047
0.816362
0.65478
0.739708
0.22842
0.967161
0.641081
0.527508
0.56684
1.14674
0.988727
0.570964
0.441822
0.354689
1.57664
0.405794
0.664372
0.601922
1.06589
0.651062
1.0723
0.421725
1.36154
1.1299
2.13464
0.517494
0.602129
0.81698
1.10061
1.17305
0.410727
0.916318
0.953067
0.234146
0.913241
0.862385
1.0571
0.531676
0.353515
0.536373
1.61297
0.345121
0.637263
0.538567
1.66234
0.994887
0.888048
0.801739
1.13493
0.975693
1.12928
0.855622
0.682045
0.352824
1.00375
0.703268
1.1922
0.917318
1.14259
0.192684
0.843633
1.02474
0.70517
0.677789
0.964638
2.18963
0.261524
0.685228
1.33393
1.23505
1.7005
1.42976
0.625899
0.5173
0.387754
1.24876
0.356004
0.55244
0.594916
0.376102
0.602122
0.778793
0.512807
0.837306
1.23361
0.780407
0.939104
1.51567
0.753386
0.76373
0.527118
1.19915
0.76418
0.568567
1.21097
0.628545
1.1562
0.659759
1.44533
1.28705
1.16013
0.429416
0.474532
0.794823
0.980953
0.943369
0.82132
0.875135
0.853899
0.88115
0.825829
0.938038
1.02829
0.734629
0.84469
0.197234
1.49434
0.513896
0.407146
0.702859
1.29079
0.636256
0.704209
0.802303
0.42524
0.70778
0.330317
0.33094
0.368339
0.268738
0.431558
0.957316
0.634738
0.452566
0.627187
0.660198
0.889972
0.529788
0.998323
0.56628
0.484383
0.49065
0.603434
0.614741
1.1875
0.516516
0.715113
0.73559
0.602409
1.03318
0.716764
1.51956
1.68522
0.928329
0.403433
1.0755
1.13377
0.88865
0.868088
0.822011
0.963974
0.401769
0.722852
1.12084
0.889463
0.712242
1.03331
0.604727
1.377
0.776684
0.484554
0.491954
0.731573
0.981568
0.391957
0.547138
0.865365
0.507928
0.985751
0.96928
0.960364
0.566878
0.741864
0.659908
0.505212
0.757786
0.46611
0.617989
1.019
0.703242
0.558646
0.553102
1.63018
0.196581
0.542358
0.871074
1.42717
1.24331
0.802303
0.830632
0.405396
0.765824
0.559005
0.398592
0.714043
0.797408
0.284083
0.441802
0.771683
0.721081
0.877227
0.37046
0.264139
1.41707
0.399204
0.73613
0.24944
0.690442
0.711321
1.12544
0.534266
0.381251
0.34903
1.18572
0.764733
0.357261
0.150149
0.600057
0.781789
1.16516
0.693882
0.539022
0.582783
0.579385
0.620074
0.508752
0.585456
0.821718
0.668904
0.877216
0.500717
0.572639
0.318824
0.601966
0.70258
2.30387
2.31763
0.330334
0.984184
0.678466
0.493198
0.530556
1.2858
1.2362
0.682616
1.14308
0.417358
0.306773
0.547372
0.822066
0.744978
0.817863
0.502231
0.231753
1.03033
0.443309
0.794585
0.687621
0.657934
0.43818
0.217653
0.438359
0.671863
0.605211
1.07854
1.22198
1.42408
0.188367
1.21293
0.380805
0.377453
1.49408
1.70576
0.312982
1.15908
0.656216
1.02098
0.955507
0.886667
1.1094
0.316726
0.238654
0.715094
0.703939
0.734433
0.48642
0.590888
0.689055
0.83167
1.03121
0.355005
0.841938
0.204934
1.06491
1.17564
0.48551
1.17344
0.554941
1.44416
0.839978
1.58741
0.508688
0.542244
1.12253
1.32592
1.34252
0.765534
0.878794
0.503989
1.17648
0.776769
0.465821
1.7042
0.347285
0.785918
0.557747
0.82556
0.500512
0.862996
1.53124
1.5779
0.688877
1.19008
0.737347
0.915591
0.824536
1.00566
0.50848
0.383195
0.59821
0.551926
0.573212
0.281222
0.501818
0.907069
0.940255
0.451485
0.667218
0.688824
0.626824
0.734583
0.362621
1.01029
1.46599
0.258845
0.508304
0.328833
0.349318
0.504772
0.717067
1.71461
0.919517
0.682776
1.91751
1.18952
1.10995
1.21242
1.34689
0.633003
0.565108
1.11752
1.25368
1.62459
0.551646
0.547127
1.15489
0.748876
0.779553
0.6671
0.363195
0.662767
0.82027
0.693105
0.42734
1.10042
1.49206
1.04806
0.822513
0.702792
1.35674
0.846754
2.10193
0.926004
0.500329
0.785195
0.760937
0.627983
0.429972
1.16465
0.65469
1.27879
0.675095
0.884166
0.815793
1.35109
0.659949
1.4929
0.635035
2.33743
0.408358
1.29123
0.479925
0.771063
0.682932
0.982858
2.04948
1.59854
1.58669
1.45957
0.385728
1.01187
0.643126
0.417309
1.20386
1.11342
0.203558
0.712843
1.0709
0.76025
1.34607
0.977242
0.591629
0.451156
0.996832
1.12403
0.540478
0.482888
1.03256
1.56611
0.869933
0.570194
0.563776
0.526274
0.660842
1.24953
0.785008
1.48066
0.72374
0.323752
0.263375
0.452553
1.42491
0.9352
0.629187
0.575329
0.619477
0.530696
0.756379
0.174902
0.660533
1.20081
0.367842
0.8236
0.433792
0.407201
1.56152
0.464837
0.690913
0.831746
0.691887
0.814187
1.5839
0.757535
0.81745
1.10892
0.784424
0.508803
1.33011
1.04488
0.890714
1.12924
0.741208
1.0565
0.585193
0.495053
0.375953
0.335534
0.809873
0.725069
0.296244
0.529199
0.736474
1.07413
0.686576
1.61641
0.958497
0.606847
1.55316
1.62322
0.435497
1.12597
0.485669
1.08403
1.04541
0.656123
0.991563
2.01367
1.21259
0.673414
0.770208
0.334586
1.45482
0.899933
1.12607
0.43385
1.01125
0.672236
1.36755
0.506773
1.20375
0.461994
0.470878
0.770771
1.16807
0.914523
0.818788
0.473069
1.04532
0.812291
0.473303
0.976814
1.53877
0.793619
1.40221
1.10095
0.878675
0.85817
0.515488
0.850524
0.861159
0.761893
1.6172
0.882468
0.684292
1.26337
1.08437
0.526961
0.372768
0.61948
0.700903
0.621299
0.555341
0.71515
1.07387
0.76717
0.939521
0.263838
0.402211
0.382121
0.35046
0.400385
0.706184
0.670233
0.80944
0.2994
0.480435
0.473248
0.560746
0.420855
0.242237
1.28514
1.31838
1.67706
0.669878
1.33058
0.35425
0.281817
0.812016
0.395808
0.868778
0.721659
0.290561
0.638685
0.565007
1.72277
1.81886
1.15102
0.911448
0.92006
0.970544
0.863013
1.20472
0.72696
0.85405
1.60298
1.30043
0.875709
1.23394
0.795678
0.301725
0.838789
0.546087
1.12709
0.624441
0.903851
1.22807
1.2862
0.581982
0.957843
0.598892
0.197578
0.418695
1.34921
0.842667
1.28801
0.589053
0.444889
0.465364
0.575455
1.31989
1.04454
0.775523
1.25887
0.488567
0.610769
0.684395
0.824199
0.586782
0.48179
1.36108
0.367148
0.921384
1.05777
0.610244
0.377196
0.4424
0.569379
1.05667
0.347962
0.309973
0.593997
0.281564
0.679562
0.512753
0.970039
0.371422
0.529612
0.447194
0.665557
1.00182
0.902584
1.14278
0.427444
1.15255
0.525883
1.50493
0.807628
0.577801
0.814667
0.524201
1.30031
1.37117
0.480144
1.53294
0.434795
0.503577
1.23248
0.281099
1.03299
0.523508
0.816013
0.492012
0.745239
1.38031
2.0086
0.851311
0.763962
0.716212
0.458944
0.922761
0.773063
2.1946
1.06316
0.748129
0.505643
0.711074
0.412875
0.573671
0.994024
0.700954
0.867718
0.279006
0.450274
1.32029
0.42246
1.26165
0.982926
0.721867
1.13609
0.684421
0.339421
0.924258
0.754017
0.616137
0.599985
1.22355
0.430692
0.883203
1.36341
1.05043
1.09915
1.14418
0.571153
0.792327
0.518254
0.436604
0.99213
0.796485
1.1759
0.863634
0.519757
1.15846
0.570608
0.62753
0.675168
0.689262
0.537717
0.838811
0.797792
0.793004
0.448242
1.10395
0.939918
0.65078
1.24494
1.45597
0.73627
2.18598
1.32759
0.587964
0.843183
0.241264
0.929466
1.36167
0.945091
0.263904
0.589809
0.939045
1.93694
0.673001
0.836721
0.299852
0.450467
0.519747
0.777261
0.573232
1.22296
0.45449
0.735874
0.710697
0.577906
0.976922
0.703727
1.17939
0.722039
0.641442
0.213007
0.79299
0.816325
2.69344
0.289874
0.358035
0.254745
0.714832
0.426115
0.586203
0.467404
0.754341
1.18799
0.698755
0.584037
0.954035
1.0842
0.688189
1.03358
0.870164
0.645496
1.0374
0.373918
0.847642
0.916347
1.14696
1.2115
1.83417
0.44422
0.858514
1.10713
1.16229
1.281
0.347423
0.563368
0.789035
1.52968
0.675191
0.858902
1.31585
0.726311
0.510576
0.571554
0.360579
0.342587
0.554451
1.16144
0.514563
0.476405
0.572187
0.605854
0.930681
0.795132
1.12707
0.979237
0.567348
1.03094
0.503073
0.565145
0.987493
1.60673
1.55941
0.324473
0.274551
0.364906
1.77258
0.950361
0.425556
0.928103
0.723903
1.84805
0.67662
1.03793
0.814819
0.647193
0.943426
1.2122
0.909808
0.836636
0.884617
0.706526
0.594443
0.976383
0.383321
0.976775
0.303172
0.617103
0.992598
1.28892
0.776946
0.693408
0.719437
0.793918
0.657247
0.748524
0.354666
0.420665
0.852909
2.24013
1.29219
1.84608
0.890527
0.397775
0.349535
0.720228
0.63886
0.6168
1.0107
0.373034
0.602443
0.725963
0.850303
0.929942
0.947573
0.657807
0.558738
0.635375
1.34503
0.665126
1.18334
1.4248
0.55592
0.408649
0.707211
0.233538
0.803593
0.602189
0.777073
0.933903
0.848453
1.46139
1.33869
0.8094
0.659938
0.46497
0.328161
0.405083
0.643457
0.564525
0.767806
1.9958
0.263772
1.32349
1.70416
0.642612
0.680008
0.581912
0.696574
1.14253
0.961605
1.36826
0.591494
0.452485
1.80045
1.34551
1.23644
0.366993
0.393002
0.923017
0.692191
0.394847
0.507911
0.617481
0.437062
0.748388
0.508313
0.691672
0.957133
1.2916
0.919325
0.382928
0.347253
0.651419
0.545739
1.30364
0.861426
1.74414
0.611523
0.7945
0.488493
0.670574
0.842198
0.6082
0.752451
0.408441
0.577869
1.39816
3.34292
0.828694
0.878331
0.846923
1.17162
0.495437
1.01714
1.26388
1.08005
1.30552
0.684241
0.465976
0.424393
0.583998
0.51357
0.623542
0.780521
0.97224
0.75067
0.520617
1.18707
0.419656
0.86587
1.84356
1.11195
0.665179
0.68187
1.81177
0.963337
0.562531
1.02385
0.665078
1.00216
1.47911
1.18623
0.736101
0.724453
0.932409
1.34133
0.702785
0.622843
0.869004
0.627523
0.940542
1.1819
0.703989
1.9185
0.66993
0.888642
0.87101
0.201169
0.368868
0.651173
0.835724
0.521752
0.54526
0.66753
0.375217
0.634038
1.04341
1.18283
1.11646
0.536401
0.972296
0.827246
0.720888
0.574221
1.22221
2.01746
0.659483
0.754053
1.21236
0.226897
0.675006
0.998758
0.650504
0.623033
0.570632
0.944434
1.07741
0.320353
0.325175
1.00386
0.750435
0.952836
0.659723
0.809139
0.707373
0.370981
1.23705
0.799128
0.585878
0.464638
1.02032
1.17485
1.10322
0.406805
0.962577
1.12589
0.584041
0.628954
0.280724
0.708101
0.264582
0.60622
0.343469
0.584017
0.343372
0.745718
0.297043
1.75028
0.592501
0.954623
0.64055
0.698224
0.850907
0.750537
1.03155
0.833954
0.760049
0.731624
0.44796
0.723622
0.599272
0.676023
0.252833
0.970019
0.584109
0.706151
0.729034
1.37298
0.340526
0.382167
0.624414
0.796356
1.43834
0.634844
0.572991
0.760194
0.687592
0.40402
0.762157
0.759311
1.18596
1.26954
0.640862
0.769258
0.693862
0.470865
0.310817
0.618859
2.50984
0.501781
1.10016
0.560771
0.839086
0.815536
0.643811
0.48359
1.63188
1.95668
0.622806
1.93018
0.496001
1.07984
0.70705
0.867496
0.352067
0.493245
1.02824
0.867253
0.678859
0.794598
0.548674
0.993862
1.06162
1.46096
0.634319
0.578669
0.897507
1.17115
0.497642
1.08458
1.14585
0.288373
0.493186
1.12426
0.640715
1.71666
1.07845
0.356068
0.745986
0.784423
1.05076
0.203968
0.697197
0.481529
1.14759
0.283579
1.03546
0.307487
0.49608
1.43341
1.08985
0.483114
1.07214
0.476492
0.457493
0.476008
0.783966
0.884677
1.52292
1.05686
0.455276
0.400123
0.938064
0.785187
0.478228
0.667296
0.546426
0.518412
0.595307
0.705901
0.694682
0.776266
0.725589
0.513661
1.04499
0.597501
1.37106
0.664512
0.753548
0.583344
0.59078
1.26008
0.901558
1.6823
0.646245
1.14513
0.914025
1.33017
0.357104
0.83266
0.66182
0.342009
0.706204
0.423845
1.04753
0.511754
0.45443
2.47924
0.630644
0.66173
0.940411
0.865305
0.446908
1.40702
0.7067
0.484216
1.13601
0.589069
0.338429
0.716037
0.622046
0.542331
1.42275
0.936385
1.20867
1.68351
1.20939
0.60959
0.376895
1.02919
1.08502
0.748656
0.540108
0.684337
0.926505
0.578001
0.682656
0.696349
0.414609
1.05146
1.09922
1.03511
2.56017
0.418258
0.916834
1.01886
1.30187
0.632472
1.31039
0.538815
1.31248
0.699513
0.819947
1.05208
1.02887
0.885642
0.590464
0.808711
0.714592
0.533476
1.07122
1.44349
0.450762
0.850486
0.718869
0.526983
0.611379
0.624505
2.01644
1.07354
1.0573
1.29152
0.337424
0.82456
0.292045
0.659142
0.809067
0.37882
0.829445
0.172114
1.98517
1.21215
0.569147
0.727981
0.908912
0.688089
0.607033
1.38046
1.00359
0.455364
0.766196
0.877888
0.778863
0.858188
0.565965
0.59634
0.485223
0.384023
1.46249
0.466765
0.792214
2.46219
1.33668
0.743629
0.471615
0.696256
1.98983
1.02912
0.773789
0.332224
0.758376
0.727535
0.579599
0.685595
0.761044
0.356978
0.867989
0.64259
1.12736
0.697783
0.730722
0.234929
0.515749
0.751423
0.268475
0.655417
0.919744
0.664216
0.50703
0.80628
1.64918
1.1592
0.592018
1.02345
0.223134
0.768891
0.484415
1.00908
0.898545
1.55176
0.503573
0.409574
0.754656
0.306524
1.28281
0.602767
1.26181
1.0708
0.787752
0.565758
0.372327
1.10696
0.682599
0.745534
0.857057
0.984658
0.637122
0.904852
0.90821
1.01703
0.444703
0.570448
0.914934
1.6153
1.06873
0.622776
1.45439
0.598772
0.498335
0.675228
0.332256
0.666546
0.508616
0.421168
0.852894
1.12273
0.45123
1.6811
0.737578
0.921153
1.03063
0.462076
0.608619
0.788327
0.5472
0.539488
0.671348
1.352
1.86613
0.546741
0.403152
0.904569
0.906961
0.878334
0.300171
1.03142
0.721703
0.757871
0.830989
0.748439
0.308652
0.682178
0.525375
0.767355
0.651931
0.613505
1.80635
0.352101
0.440629
0.578138
0.732482
1.3367
1.00218
0.98032
0.452347
0.293954
0.580989
1.29554
0.709085
0.350653
0.43657
0.420757
0.459315
0.46993
0.69142
2.06652
0.759864
0.680874
1.28499
1.28076
0.955785
0.618766
1.85422
1.34436
1.00137
1.46123
1.40668
0.623251
0.765874
0.619981
0.309685
1.32188
1.897
0.366746
1.18935
1.09035
0.407277
0.175767
0.703555
0.721615
0.568668
0.510637
1.1625
0.532041
0.963465
0.368258
0.680129
0.323321
0.819979
0.558078
1.11706
1.02083
0.414814
0.690949
0.311082
0.541403
0.316942
0.320664
0.543397
0.814646
0.63868
0.827322
0.706226
1.07069
0.922667
0.697206
0.836115
0.438739
1.92827
0.558451
0.561635
0.645759
0.716485
0.781834
0.712528
0.727443
0.968508
0.959529
0.582404
0.865094
1.14843
0.483586
0.452526
0.963698
0.819595
0.688605
0.449141
0.559874
0.663183
0.795585
0.846649
1.14067
0.472936
0.791618
0.550724
0.864176
0.643059
0.768202
0.48186
1.13295
1.68805
0.780564
0.640436
0.92854
1.33822
0.361482
1.08803
2.72611
0.791224
0.994879
1.37201
0.801392
0.694181
0.462669
1.01071
0.620054
0.709764
0.868933
0.641173
1.43429
0.246279
1.13784
0.983046
0.583016
0.171642
1.34274
0.412709
0.646557
1.11411
0.620805
1.6807
0.700593
1.33161
1.72463
1.30656
0.574009
0.975237
0.764747
1.33042
1.78474
1.48378
1.35902
0.791777
0.990174
1.84903
0.717617
0.788201
0.660533
0.429015
0.546926
1.03572
0.51393
1.2632
0.677039
0.457844
1.1414
2.00622
0.461064
1.26728
1.01364
1.00605
0.659761
0.605692
0.819452
0.723049
0.787074
0.84463
1.59611
0.853004
0.85998
0.849437
1.05833
0.799523
1.34115
1.07619
0.264782
0.592598
1.09979
0.896425
0.528354
0.420247
0.630877
0.862105
1.65569
0.544825
0.204754
0.963403
2.37309
0.985104
0.817191
0.647693
0.81355
1.0607
0.621277
0.590651
0.314767
0.890698
1.27619
0.695798
0.786401
1.92674
0.552192
0.429137
0.577198
0.682335
0.496591
0.313487
0.722907
0.566441
1.01094
1.20064
1.07466
0.513579
0.801599
0.363719
0.861887
0.755448
0.522161
0.949507
0.619244
0.971693
1.31779
0.92246
2.24097
0.702969
0.657029
0.77529
0.927674
0.265241
1.10874
0.417786
0.472996
0.651927
1.95199
0.475873
0.644521
0.665364
0.507157
0.878525
1.48504
1.02977
0.918297
1.13282
2.74343
0.915038
1.03574
0.788197
1.0771
0.519489
0.81723
0.638725
1.88152
2.04517
0.942137
1.33643
2.59061
1.02066
1.19761
0.819057
1.02748
0.51298
1.62847
0.778127
0.398212
0.908195
0.394292
0.97593
0.767297
0.504141
1.00506
0.478017
0.261642
0.717216
0.735124
0.604006
0.785077
0.470671
0.848304
2.23276
0.378774
1.09421
0.67687
0.789324
1.24034
0.699323
0.515578
0.891394
0.602035
1.22484
0.589803
0.989833
0.347126
0.465929
1.77235
0.97513
0.528345
0.845044
0.151117
0.77346
0.935068
1.01836
0.758872
0.314457
1.13291
1.40382
0.453079
0.725265
1.37187
1.81082
0.4478
1.26552
1.49323
1.05658
0.505368
0.637352
0.729609
0.588528
1.24974
0.909018
0.521221
0.572133
0.57857
1.23244
0.45134
0.848702
0.267509
0.811974
1.00957
0.631977
0.979127
1.10639
0.406217
0.953154
0.752961
0.40069
0.404967
0.8977
0.56694
1.50627
0.64482
1.2847
1.09474
0.563589
2.02404
0.799866
0.310486
0.719187
0.675388
0.329384
0.816355
0.241572
1.06765
0.836387
0.418351
1.19681
0.69646
1.2885
0.986656
0.472533
0.726315
0.404607
1.25241
0.545943
0.6438
1.04825
1.26854
1.07845
1.20741
0.650806
0.806658
2.55619
0.844325
0.475874
1.40624
0.323696
1.51049
0.752579
0.699056
1.17953
0.441923
0.86558
0.856352
0.645233
1.3946
1.0346
0.734393
1.47327
0.82134
0.613761
1.40527
0.623946
1.25499
0.889155
0.854993
0.361426
1.71837
0.898596
0.50741
1.10887
0.69627
0.552767
2.07731
0.444727
0.256259
2.21633
0.995722
0.316351
0.338231
0.619415
1.91374
1.87624
1.08776
0.926212
0.448134
0.761209
0.812337
1.12126
0.565613
0.733525
0.602181
0.932311
1.25744
0.479931
1.05087
2.25362
0.379673
0.633482
1.25674
1.0562
0.422188
0.738951
1.24374
0.76502
0.649365
0.262828
0.822521
0.489889
0.821476
1.05016
1.47159
0.957188
0.411875
0.67856
1.19928
1.66723
0.733933
0.466069
0.894702
0.363645
0.533209
0.368848
1.06278
0.292163
0.985565
0.393386
1.56357
1.01439
0.610646
0.7298
0.417701
0.440511
0.493082
0.323026
0.874607
0.864863
0.460015
1.99585
0.443429
1.59349
1.44878
0.603229
1.17266
0.745591
0.535095
0.73173
0.523355
1.36375
0.761832
0.530245
0.451984
0.795234
0.836348
0.408477
1.44042
1.78443
1.38981
1.17148
1.29854
0.355159
0.623366
0.69109
1.02747
0.618239
0.683711
0.217564
1.03551
0.775559
0.490875
0.276941
0.251438
0.45853
0.432485
2.12914
1.23768
1.15792
0.781836
0.544263
0.76098
1.15901
0.549373
0.832487
1.36395
0.497967
0.790158
1.18781
0.327527
1.128
0.655129
1.27953
0.606517
1.16383
0.706225
2.20248
1.25613
0.904253
1.07773
1.16612
0.560927
1.19012
0.492433
0.675093
0.675417
1.03143
0.755132
0.725847
0.49552
0.443667
0.785675
0.451472
0.674451
0.315768
0.647878
1.44723
1.57528
0.799124
0.9255
1.04839
0.500329
0.677656
0.377377
0.583775
0.457226
0.791876
0.311337
0.179978
0.478361
1.19418
1.0054
0.575043
1.58
0.291735
0.473786
0.48311
0.398616
0.692922
0.942555
0.547639
0.858804
1.94847
1.82514
0.572263
1.1695
0.929715
0.868377
0.704426
0.624113
0.500695
0.861164
1.02774
0.970077
1.13303
1.30843
0.592933
0.87486
0.646743
1.13418
0.513381
0.712345
0.62832
0.331942
1.04642
0.886058
1.20283
0.977293
0.511201
0.598012
0.530413
1.08567
0.564272
0.600911
0.77758
2.60384
1.35665
1.20279
1.38565
0.73399
0.484238
0.848445
0.839366
0.777717
0.864021
0.637132
0.539885
0.726193
1.20162
0.361359
1.44479
0.277387
1.86559
1.90006
0.841938
0.362977
0.886739
0.606353
1.57338
0.380866
2.16934
0.747352
0.847144
1.28781
0.78813
1.49484
0.464429
0.823182
0.687059
0.663931
0.453734
0.402553
0.468944
1.08226
1.19392
0.465448
0.318121
0.568526
0.32434
1.84012
0.641471
0.709195
1.56122
0.399154
0.664189
0.676367
1.09981
1.26355
0.23696
0.811425
2.0722
1.47281
0.293786
0.691159
1.25901
1.27164
0.380949
0.605269
1.7418
1.27906
0.836185
0.607728
0.431605
0.566932
0.551943
0.664352
0.385421
1.28028
0.674163
1.00603
1.30873
0.886102
0.952296
0.483827
0.653283
0.21452
1.02651
1.5795
0.66586
1.42603
0.783185
0.968177
0.75974
0.819651
1.01258
0.627588
0.981099
1.04774
1.61774
0.876114
0.61502
1.0654
0.733718
0.615102
0.625746
0.854597
0.571228
2.60462
0.545938
1.06366
0.335001
0.630245
0.757706
1.43309
1.21614
0.697941
1.35573
0.418663
0.311048
0.869486
1.7074
0.745693
0.889621
0.324867
0.946323
0.522751
0.875655
0.695373
1.50198
0.31237
1.46637
1.42294
0.751198
0.440443
0.486684
0.453833
0.300097
1.17846
0.994447
0.533838
1.24483
0.67846
1.38195
0.501622
0.494731
1.73543
1.12498
1.45716
1.62354
0.602013
0.838997
0.492435
1.12972
1.85006
0.937094
1.34516
0.797093
1.11524
0.559054
0.576605
1.13738
0.545047
0.663646
0.473029
0.436922
0.655732
1.55187
0.459384
0.582241
0.810735
0.431769
0.713497
1.2663
0.557585
1.03469
0.938089
1.13808
1.29791
0.633094
0.73308
2.32902
0.920233
0.294295
0.521393
0.509017
0.644151
1.41913
0.706687
1.19017
0.846672
0.585198
1.07878
0.683138
1.29107
0.941254
0.545507
0.403637
1.32737
1.12289
2.0713
0.570809
0.532526
0.861246
1.83778
1.33645
0.309417
1.48963
0.639302
0.929471
0.911952
0.354621
0.71567
0.815423
0.9031
0.585522
1.60496
0.406085
0.310295
1.36818
0.746302
0.38422
0.405968
1.08537
1.04919
0.531747
0.341935
0.605915
0.576597
0.498331
0.862733
0.598354
0.304995
0.989724
0.643176
1.23624
1.20258
0.637673
0.996964
1.23605
0.857526
0.468165
0.393657
1.53391
0.586313
1.32911
1.12567
0.926714
0.538649
0.892287
0.738642
1.52641
0.916435
1.20312
0.609165
1.04258
0.932016
0.419686
0.631095
0.577093
1.40924
0.545567
1.33528
0.577411
0.757046
0.551784
0.491856
0.788761
0.648218
1.32874
0.869349
0.507097
0.631201
1.4255
0.585064
0.3209
1.34662
0.694622
1.5865
0.350517
1.68514
0.607915
1.04686
0.710443
0.538093
0.497043
0.53834
0.665561
1.13886
0.678317
0.635783
0.910514
1.38379
0.842736
0.385544
1.31096
0.804871
1.04699
0.827816
0.790039
0.676929
0.714319
0.419099
0.235268
0.303486
1.03391
0.197902
0.927812
0.429888
0.539243
0.702551
0.958776
0.257421
1.28076
2.11962
0.567387
0.543901
1.03264
1.05282
1.6543
0.446347
0.681779
0.827181
0.986717
0.534512
0.635055
1.09307
0.549746
1.30977
0.767545
0.658095
1.15363
0.537704
1.17668
0.275125
0.872307
0.631825
0.523138
0.525499
1.72822
1.04261
0.450331
0.598487
0.654961
1.09048
0.422851
0.464895
0.479906
1.17931
1.11734
1.18392
0.550386
0.193773
0.831737
0.377764
0.830386
1.08193
0.588267
0.523528
0.515769
0.729043
0.584147
0.719241
1.1337
1.32912
1.10534
0.877433
0.764572
0.354048
0.818212
1.55337
1.22076
0.715045
0.398155
0.781084
0.65043
0.973588
1.33293
0.624945
0.688035
1.38019
0.916335
0.589681
1.02354
0.513892
0.2154
1.14457
0.713454
1.53937
1.15227
0.561433
1.06379
0.999376
0.79507
1.21244
0.524299
0.554855
1.0777
0.558952
1.00275
0.978737
1.05133
0.499025
0.368869
1.19666
0.969563
0.45766
1.49291
0.491752
0.688066
0.603391
0.229086
0.738104
0.735927
0.427761
0.933228
0.67261
0.368336
0.469257
0.477001
1.03773
1.09496
1.35882
0.666972
1.80222
1.68974
0.672377
0.585455
1.20743
1.74948
0.633673
0.683551
1.07436
1.05406
0.690822
2.03537
0.637168
0.997764
1.56461
0.883224
0.866814
1.26823
0.571493
0.813587
0.774238
0.70344
0.62913
1.42748
0.399137
0.291916
0.543753
0.615581
1.61646
0.584665
0.954224
0.793101
0.682674
0.968008
0.766512
1.13325
0.914394
0.342079
0.480336
0.400566
0.839875
0.67176
1.55967
2.181
0.415216
0.449568
0.692378
1.3413
0.556495
0.621011
1.70669
0.433552
0.74654
1.27154
0.559703
0.545077
1.16597
0.43348
1.56736
1.42036
0.885217
1.1265
0.687853
1.07085
2.34189
1.07985
0.798746
0.76885
1.18758
1.51506
0.387741
0.765534
0.825511
1.25456
0.593604
1.17909
0.392747
0.443225
0.604715
0.585918
0.904045
0.969122
0.726605
0.862636
0.660697
1.15808
0.463894
0.684301
0.640308
0.569586
1.94491
0.778252
0.241614
0.335373
0.938583
1.06578
0.648871
0.415702
0.33498
0.590807
0.756805
0.702975
0.436099
1.3697
1.23623
0.205222
1.68455
1.10338
0.789894
1.07105
1.04743
0.403876
1.00631
1.13277
0.693057
0.756062
0.357371
0.551277
0.633541
0.389957
0.774251
0.521434
0.296103
0.941791
0.781567
0.44006
0.568595
0.390295
0.270003
0.714414
0.772732
0.460021
0.96454
1.06329
0.716212
0.585426
0.362123
0.294715
1.36729
1.34678
0.543783
0.819097
0.936396
0.554928
1.08443
0.626239
0.751131
0.749635
0.601601
0.772784
1.90842
0.314981
0.541727
0.729549
0.673934
1.9549
0.902648
1.08759
0.526725
0.526763
1.36606
0.494051
0.597129
0.429531
0.684857
0.787798
0.602282
0.548688
1.61746
1.14739
0.837189
0.674749
1.62821
1.39342
0.926223
1.2577
0.354624
0.639323
0.360015
1.3557
1.35817
0.821395
0.877968
0.577504
1.2675
0.563275
1.45909
0.474076
0.668263
0.689547
0.727124
1.08258
1.00291
0.350023
1.17469
0.673151
0.61867
0.501362
2.40453
0.688223
0.23738
0.801266
0.495982
0.626564
1.12672
1.0142
0.675354
1.39875
0.425348
0.548549
1.0256
1.04912
0.536116
2.19563
0.600585
0.42605
1.09993
0.751127
0.733222
0.872764
1.29157
0.296728
1.02226
1.23787
1.65338
2.37452
1.81117
1.28805
1.60144
0.883299
1.27776
0.784704
0.624888
0.489607
2.42696
0.926296
0.507709
0.789082
0.591211
0.590153
1.20583
2.27038
0.69707
0.601214
0.435341
0.355517
0.733736
0.312387
0.794419
1.18122
1.06161
0.899556
0.414952
0.358386
1.66661
0.687724
0.275135
1.85558
0.74089
0.656073
1.3093
0.554454
0.416051
0.761994
0.694293
0.996692
1.62116
0.373832
0.473137
1.01037
0.438897
0.781258
0.418415
1.53445
0.687701
1.57445
0.996463
0.960583
0.291339
0.471157
1.17359
0.769118
0.418443
0.727514
0.5162
0.643773
0.487044
0.947172
1.86807
0.943401
0.352799
0.959317
0.674031
0.960524
0.557614
1.16371
1.49731
0.481404
0.278395
0.690982
1.00437
1.2014
0.78669
0.580372
0.718581
0.412061
1.56444
1.09674
1.00961
1.08255
0.354265
0.873805
0.32078
0.460775
0.833347
0.90339
0.449586
0.549761
1.03733
0.823826
1.02443
1.42765
1.25147
0.567996
0.919307
0.824061
0.173865
0.415001
0.568037
1.31197
1.16765
2.0411
0.347362
0.95846
0.668113
0.848645
1.20567
0.534195
0.777443
0.85963
0.817251
1.41763
0.438405
0.483801
0.475629
0.851556
0.861237
1.46922
0.527556
0.808956
0.47216
1.38569
0.222034
0.47408
0.530569
1.33047
1.25102
0.315103
0.777468
0.779421
0.658773
0.50855
0.802384
0.803966
0.526322
1.09002
2.0282
0.896929
0.967976
0.273606
0.892207
0.499923
0.471769
0.4355
0.348801
0.53685
0.586185
1.27731
0.749515
0.709457
0.370535
0.709115
0.766685
0.990453
0.716981
0.423554
0.555412
1.37069
1.85279
0.546407
1.71714
1.02877
0.718528
0.58851
0.682323
0.233894
1.03067
1.26272
0.68176
1.15229
1.46777
1.12502
0.931776
1.49013
0.779817
0.654443
0.39872
0.467944
0.364386
0.547451
0.468023
1.00115
1.0388
0.512223
1.65529
0.419778
0.892834
0.690013
2.34306
0.677907
0.994686
0.611877
0.894581
0.9219
0.983187
1.37185
0.86536
0.59665
1.80872
0.700935
2.3201
1.33678
2.23262
0.490459
1.86496
0.957304
0.530551
0.617479
0.433273
0.647771
0.899243
0.882129
0.4908
1.38731
0.772474
2.41547
0.390805
1.81389
0.481552
0.387957
0.927126
0.843367
0.359154
0.708627
0.344392
0.750434
0.566516
0.854362
0.928976
0.901953
1.40219
0.901031
1.02611
0.955678
0.635464
1.32201
0.683792
0.256913
1.04642
1.19456
0.540833
0.446518
1.91338
0.981024
0.608502
0.933411
0.421422
0.942343
0.925662
1.55545
0.672219
0.562321
1.17834
0.907706
0.728562
0.662573
2.08344
0.53832
0.366956
0.48253
0.503856
0.756812
0.520714
0.324752
1.45429
0.266424
0.762604
1.16111
0.51797
1.36011
0.709236
1.99928
0.62351
1.24134
0.699979
0.26819
0.794358
0.757284
0.969803
1.96108
0.972836
2.55326
0.916291
1.05058
0.827217
0.625571
1.02915
0.41687
0.740551
0.286296
0.552246
1.13623
0.62979
1.92311
1.54506
0.318227
0.289288
0.594038
1.08117
0.743259
1.22909
0.960217
0.745819
0.458755
1.06713
0.817298
0.501747
1.13626
1.26868
0.950902
1.95817
0.946824
0.802725
0.745759
1.29483
0.641214
0.621586
0.781644
0.893465
0.888651
0.574303
0.766507
1.35681
1.1419
1.22364
0.529693
0.807946
1.71883
0.574041
0.870055
0.785792
0.853454
0.568134
0.526693
0.601161
0.280102
1.47276
1.24014
0.432648
0.757898
1.00179
0.330426
0.614558
1.12704
0.916421
0.721409
0.260721
0.794577
0.366307
0.941433
0.768891
0.91934
0.363591
1.14654
0.702434
0.810215
2.44162
1.02592
1.08155
0.874246
0.592541
0.765713
0.786923
0.649698
0.894229
1.21893
1.33013
0.277574
1.48147
1.37003
0.190058
0.957594
0.327456
0.690071
0.439996
0.895456
0.436186
1.0668
0.446088
0.832702
1.24343
0.537775
1.02678
0.38067
0.729525
0.821996
0.39723
0.992383
0.68461
0.76523
0.617121
0.639948
1.79418
0.345408
0.768157
0.954292
0.672063
0.787042
1.40913
0.342878
0.946556
0.556664
1.08544
1.19424
0.529091
0.579292
0.451314
0.737621
0.699035
0.694979
0.895849
0.62089
0.669362
0.650097
0.701215
1.36992
0.698312
0.971917
1.15388
0.870216
1.47675
0.845671
0.852341
0.757524
0.821587
0.701671
0.937917
0.912614
0.360742
0.406084
0.467445
1.61172
0.535979
0.326619
0.712855
1.20842
0.781865
1.18652
0.558969
0.804582
0.379792
0.811087
0.473686
0.380454
0.515152
0.591573
1.33244
0.885893
0.796093
0.447252
0.567511
0.77399
0.559026
0.686137
1.32859
0.957177
0.34615
0.808572
0.679876
0.768034
1.2609
0.724576
0.502685
0.513855
0.55784
0.503645
0.877684
0.772412
0.565546
0.630883
1.50881
0.705009
0.396351
1.09163
0.534988
0.837479
0.695513
1.0453
1.10293
0.284368
1.08806
0.89987
0.327329
0.941091
0.995229
0.353657
1.00523
1.2768
0.620405
0.718187
2.1026
0.634178
1.62598
1.18744
0.55333
0.325199
0.957763
0.605237
0.477563
0.463665
0.928977
0.811136
0.5214
0.890638
0.199971
0.893731
0.834341
0.692633
1.08747
0.941462
0.952081
0.664
0.643049
1.16849
0.61028
1.16069
0.97845
0.947333
0.627049
1.4427
1.76695
0.508771
1.12546
1.10889
0.731339
0.917185
1.05567
0.530484
0.502332
0.147747
0.377968
0.727202
0.983185
0.708919
1.66343
1.5789
0.412191
0.729287
1.88241
0.523855
0.201269
1.04841
0.541086
0.471487
0.871183
0.675566
0.788743
0.595313
0.663207
0.588058
0.511171
0.357505
0.485486
0.905251
1.04505
0.418049
1.08521
1.35912
0.564193
0.535919
0.817642
0.254334
1.77884
0.842657
0.721197
0.795566
1.18069
0.607941
0.940942
2.29188
0.564289
0.430892
0.247331
1.20933
0.45147
0.130481
0.587957
0.396769
0.894078
0.940027
0.686379
0.875744
0.858347
0.776664
0.865746
1.04531
0.556716
1.01537
0.779365
0.740343
1.96424
0.98998
0.414884
0.400076
1.25905
0.747099
0.754206
1.3286
1.10831
0.229155
0.50539
0.596957
0.53023
1.13073
0.613682
1.05053
0.873298
1.00586
0.562698
0.724943
1.04967
0.583982
0.64733
0.495084
0.665733
0.45134
0.659332
0.568716
0.98389
0.74825
1.03475
0.526271
0.822352
0.616277
0.734687
1.09707
0.463005
0.458422
0.524561
0.328268
1.18279
1.98559
0.627271
0.333775
0.855556
0.827178
0.486784
0.717365
0.745909
1.0944
0.439292
0.857814
1.00947
0.156472
2.3294
0.288929
0.809513
0.722209
1.43401
0.464121
0.416414
1.50806
0.52842
0.489987
0.56147
1.48663
1.39128
1.02839
0.327699
0.85863
0.478741
1.04824
1.96722
1.13956
0.901213
1.43067
1.42672
1.4667
0.500155
0.578591
1.36118
0.783482
0.767844
1.83184
1.3961
1.03265
0.789252
0.804575
0.649482
1.24845
0.408837
1.04351
1.45264
0.801923
0.683549
0.696165
0.891533
0.847199
0.640815
1.10043
0.75051
0.495476
0.510603
0.431612
0.463182
0.582194
0.91278
0.461033
0.527027
1.13719
1.52403
0.614
0.425311
0.630244
1.36891
0.785242
0.687213
0.884663
1.26479
0.953764
0.555865
0.457082
0.546615
0.960631
0.640345
0.973218
0.388607
0.619821
0.673539
0.362025
0.643714
0.511692
1.85877
0.87015
0.725369
0.146831
1.14099
1.28882
1.03252
2.07031
1.71326
0.634976
0.845652
1.29759
0.728531
0.80324
0.762362
0.76282
0.710016
0.917113
1.33234
0.767641
0.713019
0.73132
0.357446
0.35023
0.975251
1.10518
0.724071
1.04012
1.09972
0.398138
0.924916
1.56738
0.715298
0.809872
0.859361
0.467783
1.02045
0.71012
0.836815
0.417684
0.416425
0.571847
0.655357
0.272678
1.53063
0.823036
1.43806
0.733909
0.429411
0.872854
0.147438
0.441761
0.514124
0.812924
1.53609
1.20628
0.925739
1.4575
0.603507
1.03446
0.482352
0.949105
0.742011
0.43929
0.717285
0.252894
0.54957
0.941088
0.848722
0.260138
0.759205
0.726913
0.280794
0.461732
2.47174
0.756407
0.921596
0.746812
0.552548
0.701277
1.92303
0.799221
0.803182
1.20406
0.699914
0.589272
0.51836
1.06846
1.0785
1.13246
0.976953
0.374574
1.16687
1.28366
0.398728
1.57464
0.21694
2.35361
0.735565
0.581014
0.998046
0.82948
0.823667
0.268799
0.550167
0.937919
2.07331
0.690512
0.807075
1.01299
0.968617
0.495579
0.521017
0.599331
0.944043
1.20597
0.821646
0.370694
0.903075
0.433496
1.41089
0.668593
0.8343
1.40044
0.275964
0.979482
0.623461
0.793757
1.07434
1.32966
0.889321
0.482388
0.752574
1.01486
0.264395
0.656926
1.40198
0.978807
0.861926
1.04279
0.719528
0.716882
0.335814
0.749711
2.19594
1.26559
1.50062
0.786281
1.02282
0.360557
0.999904
1.47115
0.945651
0.920336
0.65629
0.256646
0.716526
0.408249
0.674432
1.3017
1.14324
0.368111
0.486318
0.794767
0.620413
0.412886
0.517339
0.531696
0.602084
1.1
1.19691
0.441909
0.489836
0.181833
1.10733
0.481521
1.66943
1.45497
1.73098
0.32517
0.739491
0.516938
0.478041
0.867641
1.06194
0.403546
0.329426
0.213458
0.406001
0.510504
0.631769
0.852088
0.66445
0.884411
1.35758
0.774871
1.33376
0.289731
0.581452
0.985246
1.31694
0.340207
0.227499
1.05261
0.482694
0.775934
0.676225
0.756247
0.701854
0.764087
0.839104
0.557018
0.432193
0.853203
1.85751
0.922076
0.945272
0.728152
0.884643
0.889205
0.700099
1.61662
0.420452
1.04967
0.601038
0.731756
0.337748
0.80096
0.677796
0.813252
0.480046
1.29017
0.934219
0.458214
0.761587
1.16122
0.7061
0.816115
0.99245
0.735733
0.777985
0.307419
0.631306
0.98414
0.789689
0.349862
0.73786
1.25788
0.911216
0.514333
0.707017
0.944106
0.895766
0.70613
1.99188
0.786589
0.386982
1.23137
1.12077
0.379631
0.532387
0.670878
0.976654
0.817478
1.09162
0.371326
1.11921
0.454795
0.75323
0.69735
0.682256
1.33017
1.19969
1.05438
0.81137
1.04601
2.11389
0.54471
0.403839
0.781969
0.426722
0.929291
1.09638
0.519556
1.18449
0.965636
0.641218
0.321589
0.931701
0.936737
0.370075
0.684557
0.356482
0.663921
0.842111
0.561005
1.93425
0.681568
0.807249
0.541754
0.352244
1.14224
0.337111
1.60652
0.341805
0.573044
1.19068
0.551842
2.84012
0.558884
0.471388
1.08289
0.854925
0.835064
1.35256
0.771292
0.794432
1.01741
0.864732
0.930591
1.07169
0.174005
0.76733
0.795051
0.581903
0.850971
0.738774
0.752805
0.496318
0.482219
1.2329
0.528286
0.790531
0.875518
1.1285
0.753023
1.17065
1.09451
2.01992
0.59542
0.972338
0.771609
0.364925
1.54593
1.98653
0.762294
0.712943
0.933315
1.43661
1.08029
0.335445
0.844808
0.526897
0.974176
0.893126
0.643894
0.325594
1.02917
1.16001
0.672286
1.12639
0.416608
0.522491
0.828757
0.410044
1.00767
1.01974
2.24359
0.461404
0.689196
0.833599
0.546638
0.333568
0.735248
0.450307
1.49409
0.628065
0.800049
0.754266
1.6543
0.643763
0.737871
0.663015
0.756873
0.613465
0.478743
1.06645
0.310364
0.894304
1.29526
0.838058
0.375714
0.361276
1.07599
1.04032
1.39431
0.44124
0.336717
1.09965
1.60218
0.752653
0.581408
0.745995
0.192556
0.896363
0.771596
0.263867
0.810348
1.22583
0.532277
0.85326
0.390663
0.971869
0.6125
0.85787
0.608244
0.499677
2.51521
0.320895
1.99078
0.501751
0.803907
0.855532
1.27414
0.491702
0.799105
0.712141
0.581423
1.16231
1.03514
0.828571
0.571425
0.639706
0.649725
0.484923
1.41543
0.455251
1.31302
0.92063
0.356412
1.0569
0.740587
0.569214
0.432805
0.332656
0.812478
0.4422
0.525556
0.514642
0.488187
1.45378
0.584017
0.637826
0.660697
0.909053
0.364969
0.426146
1.07725
1.21575
1.07748
1.30578
0.961762
0.99752
0.504787
0.745508
1.44875
1.23494
0.446833
0.494006
0.758329
0.39629
0.566399
0.629253
0.718776
0.289906
0.567945
0.340653
0.299452
0.447273
0.873681
0.671405
0.342397
0.241736
1.29133
1.03217
0.638476
0.504203
0.589841
1.39196
0.673208
0.501604
1.05211
1.30979
1.65512
0.750719
0.963109
0.755369
1.07412
1.21198
1.47845
0.786416
1.71283
1.40937
1.88811
0.522545
0.307843
1.13284
1.01665
1.44778
1.37802
1.2358
0.425591
0.894439
0.48359
0.394585
1.11349
1.56238
0.659129
1.20404
1.04135
1.25486
1.36683
1.14002
0.673223
0.8465
2.21813
0.530454
0.381703
1.12086
0.340084
1.07187
0.930151
0.438513
1.36175
0.975047
0.361461
0.849639
0.885554
0.620115
0.68227
0.450352
0.817278
1.26433
0.472464
1.66978
0.873864
0.311979
0.824977
0.396176
0.706632
0.656877
1.5947
0.652338
0.690614
1.01628
0.99245
0.584779
1.11391
0.91868
0.360947
0.538607
0.699678
2.22769
0.460738
1.78871
0.406715
1.12421
0.297832
0.977055
0.954817
0.907945
1.23119
0.439489
1.81254
1.08151
0.418959
1.16208
1.43387
1.57437
0.925719
1.43579
1.57331
0.447277
0.369389
1.31282
0.473428
0.550949
1.30024
1.1325
0.584164
0.639215
0.734968
0.519201
1.07382
0.834835
0.699555
0.552195
1.53111
0.471027
1.0248
0.365668
0.63322
1.15876
0.753034
0.573244
0.861888
0.469748
1.80465
0.779055
0.358114
1.36477
0.787322
0.95191
1.23477
0.965703
0.688989
0.245891
2.19008
1.3622
0.491373
1.51927
0.980043
1.55186
0.358071
0.475976
1.03209
0.575028
0.193708
0.794451
0.672935
0.537637
0.507173
0.666797
0.948009
1.02497
0.322022
1.23835
0.959762
2.4162
0.564068
0.48063
0.949672
0.859756
0.298862
0.688714
1.34105
0.445356
1.33887
0.420068
0.911137
0.409191
0.937245
0.940112
0.561451
0.49459
1.05703
1.026
0.724233
0.903883
0.823604
1.2217
0.332844
0.43815
0.392653
0.510341
1.71523
0.935022
0.686038
0.866502
1.01467
1.17009
0.466759
1.24198
1.44875
0.531281
1.00106
0.712232
1.19728
0.382612
0.627441
0.298453
0.663619
1.57388
0.858414
1.03523
1.02841
0.872714
0.361458
0.575444
0.622993
0.236222
0.727066
0.36367
1.97754
0.903593
0.534573
0.738542
1.92808
0.518494
0.505884
1.04763
1.08864
0.884956
0.392787
0.864456
0.971736
0.570704
1.12616
0.955304
0.615819
1.06395
0.753825
0.374069
0.413609
0.589567
0.622406
0.203131
0.330741
0.806189
0.687324
0.698221
0.588767
0.868245
0.895325
0.477336
0.628803
1.20053
0.829372
1.25367
1.07531
1.78185
1.07856
0.985378
0.493643
0.561848
0.317604
0.734642
0.583785
0.826851
1.16512
0.860517
0.733135
0.253347
0.475156
0.578038
1.11832
0.902369
0.801852
0.697632
1.10516
0.450906
0.946538
0.58459
0.668716
0.697335
1.16828
1.40088
0.88684
2.08453
0.342094
1.02616
1.51658
1.4168
1.40745
0.47064
1.27713
0.444884
0.399682
1.5352
0.805539
0.727832
0.70052
1.04307
0.475611
0.781017
0.769929
0.763351
0.982983
0.782295
0.478806
0.883463
0.587797
0.673355
0.32398
0.98835
0.633218
0.865563
1.12853
1.21992
0.840316
0.709855
0.230568
0.644607
1.56608
0.588718
1.00955
0.251484
1.10578
0.698571
0.892543
0.392442
0.766982
0.522344
0.591397
0.541859
0.744899
0.815408
0.351223
0.627874
0.767
0.76483
0.579222
1.07151
0.629013
0.987892
0.441077
1.1936
0.290876
1.14729
1.16023
1.18444
0.556437
1.6921
0.910931
0.315969
0.576491
0.850302
1.06916
0.901872
0.478154
0.995961
1.02747
1.36218
0.274595
0.565751
0.785091
0.915333
0.135237
2.1967
2.21764
0.980429
0.283754
0.889377
1.35733
0.634213
0.374466
1.16041
0.705401
0.502032
1.80928
1.37485
0.28509
0.775686
1.83594
1.35993
0.866052
0.880351
1.2279
1.604
0.703184
2.14094
0.543728
1.02971
0.786636
0.216962
0.807561
0.461293
0.307261
1.48801
0.375397
0.448822
1.07185
0.512489
0.5066
0.873417
0.714533
0.424425
0.974667
0.365304
1.27921
0.65509
0.366138
0.887315
0.744098
1.5979
0.570767
0.842941
0.873039
0.395027
0.638529
0.591023
0.939205
1.03999
1.7554
0.643257
0.903142
1.07792
0.795372
1.03399
0.68492
0.485403
1.23549
0.666873
0.759827
0.660893
1.04975
0.510619
0.360462
0.309061
0.762583
1.37858
0.997084
0.187634
0.831495
0.523703
0.105349
1.51845
1.04812
0.791128
0.481777
0.449077
0.957111
0.586431
0.916067
0.760724
0.640313
1.02771
0.903471
1.04753
0.53504
0.594803
0.93251
0.738652
0.941817
1.09768
1.75265
1.19459
0.653106
0.812135
0.466796
0.491444
0.57645
1.00957
1.11473
0.794225
1.06731
0.813978
0.952294
0.833172
1.09809
1.34622
0.683412
0.204783
1.0394
1.6228
0.298275
0.817647
0.375372
0.491025
0.707161
0.951646
1.38723
0.64241
0.797464
0.235207
0.535105
1.2572
0.915069
1.337
0.848551
0.578302
0.679732
0.546103
1.33835
0.816406
1.01078
1.09679
0.562433
0.351984
0.58005
0.542897
1.10483
1.03125
0.492509
0.944918
1.17637
0.43235
0.567107
0.566332
0.447651
0.814306
1.03184
0.528066
1.13552
0.968976
0.843618
0.749056
0.510446
0.772164
0.534085
1.59715
0.974201
1.05653
0.689534
0.71548
0.425482
0.549492
0.866217
0.41655
0.689831
1.02929
1.37054
0.619504
0.362657
0.710208
0.572124
0.623041
0.702915
0.534264
0.745809
0.772404
1.04663
1.01973
0.353668
0.432883
0.898916
0.69341
1.05749
0.532976
2.5188
1.02763
1.13022
0.340109
0.501382
0.500701
2.1666
0.518542
0.81191
0.618359
1.27016
0.861539
0.39052
0.402633
1.07161
1.15959
1.6672
0.786925
1.11115
0.567123
0.597804
0.683405
1.58997
0.817293
0.399241
0.487268
0.689353
0.829823
1.60887
1.08874
0.390818
2.09334
0.788101
1.86141
1.15311
0.597972
0.822978
0.752521
0.58397
0.527079
0.553763
1.23452
0.280292
0.742389
1.03461
0.885535
0.908925
0.599697
1.26066
0.707226
1.41469
0.956081
0.77697
0.945523
0.357772
0.667406
1.35732
0.590087
0.784672
0.657638
0.594522
1.51876
1.28833
0.597789
0.781405
0.690263
0.773279
0.642043
0.146207
0.581085
1.39216
1.13025
0.514888
0.292498
0.951656
0.456785
0.664538
0.421972
1.22564
0.195575
0.93317
0.911344
0.373433
0.668029
1.48465
0.802864
0.749461
0.756551
0.527104
0.223204
1.12567
1.13482
0.873523
1.58683
0.50133
0.36207
1.59298
0.568697
2.23619
0.627997
1.24695
0.786029
0.955416
0.202289
2.07026
1.0185
0.36054
0.611634
1.04227
0.652746
0.852549
0.706743
0.865744
0.944252
0.538211
0.938586
1.13548
1.37034
0.897886
0.511097
0.854034
1.03435
0.888603
0.618428
0.841984
0.744374
1.83708
0.576237
0.555232
0.400351
0.471677
1.64196
0.206436
0.734777
1.01136
0.467081
0.777334
0.704589
1.76901
1.13794
0.450821
0.801088
0.912692
1.07178
0.976427
1.09576
1.18603
1.12619
1.55133
1.89309
1.2134
0.687917
0.576145
2.8955
0.801928
0.687194
0.94067
0.98714
0.659954
1.00271
1.09022
0.745497
1.45484
0.234852
0.413045
0.760575
0.819891
1.63204
0.758486
1.50207
1.19941
0.723804
0.806286
0.404684
0.476858
1.13919
0.190043
1.44476
0.487759
0.485173
1.36234
1.5334
0.621274
1.32543
1.49677
0.273421
0.644552
0.513907
0.980827
1.68512
0.813457
0.782457
0.94562
2.13829
0.439025
1.04145
1.47721
0.904694
1.216
1.038
0.631391
0.758624
0.592235
0.802852
1.11998
1.74146
0.59266
0.931705
1.23419
0.834154
0.806397
2.3061
1.26763
0.455259
0.704141
0.884429
1.34971
1.09909
0.530549
1.08224
0.489116
0.802403
0.718185
0.488297
0.461764
1.98481
0.515144
0.68782
0.304871
1.06267
1.35904
0.72953
0.729923
0.575709
0.33037
1.00634
0.709368
1.48666
0.487708
0.468596
1.03723
0.582843
0.788897
0.804349
0.474387
1.15315
0.563628
0.855697
0.963544
0.583341
0.602533
0.498306
0.595847
2.19194
0.850445
1.49938
0.499182
1.02528
1.38036
0.975571
0.756847
0.650168
0.563164
0.803317
1.06525
0.339926
1.12693
1.24102
0.509797
0.677493
0.443931
0.795712
0.246727
1.0299
1.66244
1.61963
0.646734
1.68809
0.737678
0.344675
0.693051
0.363745
1.65479
0.649719
0.875645
0.554861
0.739018
1.19707
0.976685
1.05638
0.881488
0.739449
0.426626
0.806643
0.688078
0.599301
0.896815
0.39172
1.47792
0.661309
0.999301
1.89567
0.309203
0.245941
0.829972
1.69395
0.415802
0.678861
0.701226
0.682827
0.648856
0.54306
0.302544
0.48915
2.31256
0.850045
0.429968
1.1012
0.607178
1.20354
1.01459
0.323904
1.56272
0.494953
2.15559
0.834807
0.753149
0.96835
0.508912
0.821244
1.12502
0.984041
0.438936
0.370735
0.658873
1.12862
1.29823
0.452008
1.12931
0.358729
0.561771
1.06291
0.375711
0.994568
0.547117
0.714376
1.09313
1.25055
1.32347
0.838643
0.26028
0.396357
0.624422
1.03161
0.780904
1.11588
0.524606
0.731179
0.948584
0.944902
0.355671
0.362628
0.751889
1.07531
1.50077
1.85919
0.408023
1.16502
1.02564
0.830303
0.93221
0.771245
0.804498
0.605719
0.654552
0.412631
0.935281
1.12748
1.57002
0.733635
1.74558
0.28031
1.02699
0.610762
0.729557
0.814002
1.1818
0.532258
1.16014
0.822525
1.13333
0.411448
0.491076
0.469116
0.78435
0.667775
1.13537
1.01498
0.497737
0.649203
1.14202
1.56469
0.520812
1.14689
0.27611
0.812968
1.0571
1.26682
0.400331
0.266009
1.25863
0.624893
0.701689
1.17415
0.544025
0.813055
1.49404
0.655843
0.57977
0.613767
0.778847
0.972414
0.53337
0.805724
1.03988
1.64872
0.909408
0.816277
0.724674
1.12272
0.978141
1.2053
0.620521
0.619382
0.612212
0.763193
1.15985
0.557556
0.815561
0.96026
0.408938
0.808425
0.405679
0.501848
1.92818
1.02186
0.480765
1.45869
0.71642
1.30333
0.732819
0.609539
0.463578
0.575425
0.557801
0.615094
0.558237
0.698036
0.651787
1.42161
1.01743
0.614003
1.05989
0.940223
0.443391
1.2096
0.453558
0.795244
0.785165
0.86205
1.0781
0.7086
0.649783
0.667828
0.846774
1.63444
0.641791
0.664378
0.608754
0.31799
1.0002
0.607226
0.785863
0.599869
1.02184
0.547538
1.1828
1.94207
0.446601
0.602601
1.03353
1.01782
0.336827
0.492639
0.485018
0.350246
0.526826
1.76456
0.351037
0.41774
1.12495
0.561785
1.55243
0.323203
0.523371
1.65018
1.14235
0.373866
2.98276
0.820759
0.602004
0.686211
4.30362
1.35878
0.881771
0.803544
0.870605
0.525997
1.3932
0.576106
0.455045
0.522489
0.276637
1.15882
0.609952
0.435905
1.37212
1.00025
0.801496
0.669743
1.32502
0.641103
0.673658
0.759923
0.800227
0.764092
0.619147
0.609949
0.588587
1.36666
1.37773
0.728381
0.658714
1.16329
0.701047
0.818764
0.815733
0.169262
1.64433
0.388127
1.04431
0.516575
0.759373
0.755295
0.267732
0.771791
0.622097
0.65552
1.5363
0.911714
0.460808
0.607252
0.732282
0.461448
0.970678
0.667833
0.523796
0.850169
0.892862
0.737641
0.485562
0.604929
0.752705
0.50178
0.374903
0.670278
1.96014
1.81182
0.916751
0.50761
0.809303
0.423509
1.02301
0.71202
0.497941
0.381867
1.52875
0.368136
0.648336
0.706267
0.599961
0.619979
1.57743
0.663374
1.01725
0.624128
1.58328
0.70262
0.914729
0.613085
1.24195
1.65528
0.422255
0.629165
0.264715
0.930455
1.07278
1.22392
0.96288
1.37346
0.359255
1.27043
0.437601
0.802234
0.591945
1.02394
1.70954
1.05979
0.663414
0.695698
0.507475
0.665561
0.536148
0.727361
0.575182
1.33938
0.723314
1.13241
1.48653
1.05302
1.14344
0.900407
0.2694
0.607213
0.209465
0.359355
1.03892
0.275351
0.72676
1.02718
0.310795
0.647256
1.12663
0.56567
0.588601
0.321731
0.382979
1.61006
0.725202
1.33474
1.60391
0.601154
0.55542
0.966556
0.984871
0.378022
0.679941
0.792247
0.605713
0.688924
0.281693
1.11184
0.739694
0.812302
0.546151
0.709978
0.55218
0.210499
1.16011
0.269284
1.11747
1.25363
0.347068
0.470438
0.756675
0.324502
0.608649
0.510033
0.998544
0.689172
2.02478
0.732275
0.386928
0.828892
0.884036
0.681019
0.263372
0.910739
0.841091
0.523667
0.597757
0.22616
1.7907
0.746716
0.450539
1.27821
0.693328
0.54087
0.830286
2.39665
0.40719
0.681904
0.545347
0.684588
1.30392
0.987378
0.743426
1.1402
1.09027
0.710529
1.24146
1.15036
0.438822
1.13883
0.653529
0.439678
0.383878
0.671784
0.720492
0.347703
1.56984
0.737387
0.612997
1.08073
0.594479
0.455785
1.10895
0.64694
0.281653
2.17371
0.553068
1.17295
0.364502
1.53588
0.818365
0.493105
0.706374
1.52491
1.40752
0.477436
0.934366
0.770051
0.751602
1.20625
0.502011
0.739331
0.586381
1.33238
0.459936
0.51486
0.386893
1.7347
0.750829
1.03077
0.504507
0.83771
0.407517
0.93784
0.706799
0.405219
1.85496
0.767943
0.635998
1.47256
0.485968
1.52543
1.00896
0.342231
0.28401
1.1963
0.702973
0.446475
0.580265
0.465149
0.665161
1.08177
0.789988
0.403956
0.803304
0.808748
1.1468
0.932078
0.851258
0.809506
1.41713
0.568358
0.549075
1.34115
0.401922
0.609148
0.500588
0.945475
0.552947
0.845467
2.39274
1.2558
1.28248
1.08642
0.928518
0.961965
0.858572
0.444597
0.393392
1.12612
0.623229
0.468812
1.66113
1.00082
0.541749
0.657344
0.505687
0.719359
0.292306
0.991151
0.255091
0.482375
0.557956
0.503789
1.40167
0.886653
1.70823
1.38742
1.52391
0.991082
0.895677
0.834297
0.619092
1.30281
0.465762
1.63671
0.547619
1.59654
1.01396
0.591228
1.21989
0.28034
0.986749
0.400451
0.341465
0.577778
0.824211
0.554062
0.910433
1.01776
0.682988
0.280081
0.523537
0.523654
0.957362
0.747138
0.718872
1.23485
0.568144
0.694035
0.514632
0.406554
0.445
1.02104
0.615489
0.833678
0.52019
0.445124
0.290894
0.390875
0.80682
0.565804
0.627798
0.867882
0.732078
0.97253
0.669811
0.471455
0.921418
0.823455
0.639476
1.01215
1.11756
1.20151
1.22158
1.10022
0.595151
1.07636
0.70301
1.83187
0.715341
0.742924
1.26665
1.03939
1.16403
0.593048
0.988225
2.37858
0.616231
1.38049
0.91988
0.544059
1.69608
0.313975
0.8507
0.566356
0.709731
0.946413
0.674625
0.595992
1.32768
0.389263
1.45764
0.271891
0.520981
0.724041
0.930193
0.874138
0.835315
0.847722
0.256065
0.545894
0.353619
0.324512
0.681134
0.715483
1.09705
0.661173
0.514969
1.28965
0.891542
0.381749
1.04418
0.686838
1.47436
0.341115
1.28416
0.388714
2.53642
0.446063
0.303458
1.291
0.212101
1.05123
1.42403
0.501926
0.536761
0.74362
0.470006
0.589825
0.494553
0.535309
0.613699
0.488638
0.568966
0.656895
0.252182
0.967162
0.803113
0.631375
0.655847
0.893271
1.15146
1.0287
1.35882
0.395047
0.648462
0.453604
0.776873
0.750397
0.473931
0.469229
1.17149
0.744961
0.969042
0.284504
0.330339
1.52763
0.576597
0.517856
0.743719
0.931909
1.1115
0.487196
1.17948
1.12524
1.00312
0.54722
1.53457
0.552724
0.54064
1.24329
0.973925
0.343077
0.290286
0.362311
0.652153
0.745284
0.745524
0.964077
1.67013
1.87233
0.747512
0.321863
1.28118
1.05767
0.444145
0.757426
0.947137
1.55958
1.06284
0.18643
0.200174
1.40872
0.326535
0.454646
1.22449
0.851761
0.620828
0.910451
0.457246
0.897337
1.32614
0.60007
0.547202
0.920187
0.957962
1.63738
1.42007
0.705757
0.417513
0.915212
0.486722
0.974904
0.394507
1.18117
0.978723
0.271696
1.11237
0.881362
1.28193
0.772639
0.595898
1.34163
0.946223
0.742723
0.407068
0.777712
2.06639
1.55769
1.40957
0.331599
0.607006
0.984211
0.531718
1.30405
0.396256
0.835051
0.41158
1.52346
0.47987
1.68902
0.572473
0.801793
0.499485
0.864895
0.735206
0.325372
0.525612
1.05242
0.765476
0.593894
0.70411
0.336616
3.09135
0.991099
0.873206
1.56358
0.434209
0.591873
1.0725
0.901025
1.07854
1.20856
0.62434
0.864096
0.921078
0.619589
0.913698
0.753457
0.412662
0.730111
0.570891
0.907811
0.386836
0.572868
0.397079
0.702875
0.306944
0.935998
0.959205
1.57953
0.51764
1.85274
1.56788
0.835697
0.438641
0.569891
1.55963
0.266507
0.777893
1.49739
0.95632
0.761984
2.40336
0.674573
0.150975
0.755847
1.13753
0.735102
0.667127
0.590924
0.671167
1.36677
0.590032
0.827128
1.10288
0.780992
1.31144
1.36596
1.52699
0.343704
0.614971
0.7991
0.703824
1.25595
1.40101
0.898454
0.969413
0.226879
0.80868
1.44519
0.985656
0.465323
1.04287
0.435001
1.66562
1.52508
0.843303
1.2614
1.49756
2.44966
1.6906
0.75491
0.385149
1.64293
1.91746
1.06084
1.03657
1.05127
0.340611
0.79539
1.06251
0.751206
0.834884
2.20371
2.11446
0.684251
0.580268
0.518872
0.359099
0.767841
1.52769
0.302666
0.980348
2.1398
0.778193
1.11076
0.629759
0.52837
0.642552
0.600104
1.37939
1.04178
0.709033
1.30137
0.755583
0.656529
0.203352
0.742069
0.739564
1.2104
0.385494
1.31324
0.664765
0.63549
0.92174
0.231201
1.02672
0.803329
0.622826
0.813523
0.337829
0.6945
0.488933
1.68339
0.891216
1.2636
0.774883
1.61565
1.10257
0.552565
0.400184
0.61415
0.52434
0.632433
0.649873
0.852794
0.900937
1.39147
0.566207
0.624376
0.822302
0.385961
2.04864
0.948237
0.393043
0.488032
0.530744
0.898315
1.06786
0.484246
0.408286
0.524481
0.71584
0.982592
1.31582
1.02997
0.245746
0.451942
1.30523
2.12261
0.781893
0.741308
1.18162
0.392174
1.27328
0.376964
0.900574
0.59292
0.388801
0.749136
0.609119
0.792933
0.599077
0.423128
0.352765
0.643337
0.684036
0.411438
0.631873
1.76356
0.611794
0.770832
0.626551
0.801177
1.11443
0.717743
1.16268
0.949576
0.900255
0.591945
0.674181
0.964385
1.33056
0.978929
0.359291
0.279353
0.883634
1.15327
0.31112
1.41884
1.46464
0.607776
0.515721
0.543447
0.738186
0.92723
0.366029
0.869148
0.986346
0.280631
1.07606
1.28368
1.60193
0.724433
2.28698
0.802694
1.75014
0.486197
0.639833
0.291452
1.55125
0.269101
0.984442
0.594067
0.655236
0.870065
0.549578
0.665986
1.17108
0.786483
0.587978
0.963742
0.361919
1.63369
0.570074
1.04911
0.521884
0.30034
0.428175
0.410921
0.245289
0.560568
0.41639
1.14276
0.759889
0.3871
0.469156
0.853306
0.443626
0.554217
0.762471
1.65012
0.854537
1.43239
0.417714
0.72608
0.862662
1.30923
0.74964
0.50958
1.08486
0.907795
0.900363
1.27054
0.739709
0.553182
0.412905
0.87939
0.971606
0.683353
0.899632
1.16757
0.897242
0.607671
1.09729
0.802503
0.693779
1.6749
1.98929
1.10091
1.34625
0.805629
0.452503
0.356079
0.302168
0.916767
0.985339
1.16413
0.694554
1.05725
0.288653
1.28687
1.6411
0.791616
0.503033
2.04283
1.06254
1.38861
0.834915
0.519155
1.41701
1.17633
1.14149
1.03719
0.845085
1.68684
0.496032
0.287988
0.372719
0.360113
0.99418
0.924666
1.24054
0.376321
0.352453
0.823728
1.53675
0.455511
0.431609
0.977284
0.31475
0.226247
1.19224
0.435984
1.14003
0.865738
0.645689
1.00193
1.09272
1.16099
0.75282
0.700408
0.714996
1.50174
0.637549
0.451237
0.972175
1.9088
1.53041
1.16286
0.424389
0.664605
0.496919
1.00442
1.5919
0.594947
0.811363
0.616925
0.809332
0.486801
0.51806
0.658045
0.558452
0.470297
0.688932
0.421389
0.878304
1.55647
0.841741
0.960557
0.947436
0.410354
0.345618
1.01509
1.24711
0.922739
1.27588
0.372238
0.606497
0.687232
0.794788
0.79363
0.222161
0.370976
0.833203
0.656921
0.753748
1.43426
0.689026
0.47963
0.521971
2.41655
0.991936
0.608907
1.12842
2.41761
0.88603
0.8055
0.981858
0.399898
1.42885
0.555031
0.556873
0.234256
0.779747
0.277477
0.729398
0.806909
0.642024
0.689136
1.60382
1.43579
0.320689
0.610459
1.3514
0.77205
0.716977
0.71387
0.85463
1.82147
0.513201
0.729803
1.32406
0.968545
0.442177
0.807802
0.38675
0.780703
0.708009
1.25868
0.64345
1.01373
0.903648
0.784342
1.01865
0.98641
1.21897
0.769953
0.264256
0.979318
0.927675
1.08049
0.606425
0.675636
1.0684
0.742443
0.345756
1.01779
0.437031
0.598147
0.879337
1.00059
0.679996
0.789443
0.609236
0.359466
1.40192
0.52603
1.1741
0.379818
0.815841
1.06371
0.398171
0.724132
1.06937
0.600813
0.747191
0.761654
0.820915
0.508881
0.268978
1.13854
0.987167
1.15545
0.434584
0.876981
1.34082
0.797419
0.647845
0.652196
0.267339
0.790082
1.00927
2.74969
1.73106
0.798293
1.90994
0.563426
1.08965
0.428931
1.00158
0.813035
0.66217
0.671894
0.905701
0.497418
0.784827
0.45515
0.791466
1.35694
0.988196
0.377157
0.695841
0.348268
0.977657
0.369628
0.763719
0.568529
0.697969
1.04593
1.45098
0.503637
0.585871
0.719112
0.674951
0.292069
0.760958
0.46804
0.412415
0.348735
0.408339
0.267174
1.00107
1.42984
0.558115
0.49164
0.728003
1.31325
0.204986
0.603172
0.802964
0.762652
0.891464
0.306993
0.981169
0.551362
1.70804
0.771249
1.87838
0.821261
1.13822
0.868896
0.787759
1.42781
1.31831
0.675909
0.434705
0.681296
0.768508
0.491472
0.717674
0.523051
0.445291
1.02367
0.408306
1.11587
0.683782
0.611864
1.93549
1.16626
1.47446
0.760516
0.655324
0.988511
0.295993
1.55177
0.489118
0.786678
1.01305
0.388765
1.08786
0.983519
2.00809
0.664347
0.531617
1.10214
1.25303
1.06646
0.712342
0.845214
0.370137
0.317256
0.731392
1.07286
2.02412
1.02249
1.42495
0.861368
0.804844
0.845332
1.00358
0.969851
2.66848
1.92535
0.912919
1.07054
0.528707
0.67163
0.826331
1.05058
0.366061
0.862632
2.00321
0.96206
0.353327
0.675832
0.448163
0.688615
0.603779
0.70727
0.552642
0.402367
0.955918
0.340414
0.608864
0.930396
0.600723
0.687128
0.755394
0.985417
0.900388
0.674897
1.23128
0.679489
1.66714
0.758442
1.92198
2.03486
0.701348
1.10554
0.644222
1.21793
0.615508
0.339684
0.819269
0.64657
0.515457
1.47587
1.24034
0.51605
0.592541
0.390656
1.07783
0.755461
0.671335
1.46757
0.914994
0.834083
0.479574
0.725494
0.53031
0.481343
0.633768
0.662204
0.313519
0.667793
1.23255
0.528254
0.400988
0.357882
1.29118
0.785766
1.00306
1.25986
0.321395
0.847286
1.10537
0.997828
0.971396
1.38469
0.734925
1.53351
0.73814
0.418183
0.820606
0.873252
0.59222
1.40775
0.62504
0.338881
0.366569
1.02519
0.953803
1.1971
0.684363
0.777505
1.357
2.1073
0.75278
1.0896
0.421632
0.5645
0.837088
0.93949
0.407569
1.43274
0.514186
0.674907
1.23242
0.307049
0.642772
1.21862
0.692329
1.19508
1.04304
0.471142
1.64623
0.873384
0.926877
0.945165
1.06303
1.25722
0.296584
1.10355
0.962432
1.23209
0.9955
0.608869
1.23496
0.891847
0.565669
1.4738
0.323959
0.598643
0.673694
0.52906
0.567219
0.645881
0.407093
1.31929
0.658268
0.297228
0.845407
0.577481
0.374318
1.19185
0.372734
0.587475
0.72796
0.811557
1.68623
1.18605
1.29599
0.295401
0.986409
1.15516
0.704531
0.698986
0.562069
1.0718
1.44189
1.21909
0.807305
1.69462
0.978257
0.316047
0.980582
0.539297
0.545218
0.601625
0.965318
0.465006
1.51648
0.440475
0.505954
1.05805
1.19765
0.471544
0.486542
0.57091
0.944579
0.460659
0.761956
1.45521
0.471724
0.515532
1.03592
0.525892
0.78537
1.01818
0.742807
1.63917
0.874985
0.358092
0.557644
0.974089
0.476515
0.943164
0.955115
0.424231
0.754818
1.0569
0.910122
1.20899
1.50419
0.503014
1.38934
1.96659
1.08746
0.614924
1.7195
0.4938
0.254272
0.283506
1.37127
1.16669
0.777601
1.48917
1.00895
0.506276
0.305402
0.222171
1.31232
1.24546
0.497381
1.05814
0.693426
0.561876
0.271518
2.6017
0.405851
0.68286
0.873128
1.14633
0.892431
1.11957
0.946578
0.79666
1.05346
0.828199
0.865155
0.550974
0.687883
0.580239
1.73622
0.657128
1.23098
0.440131
0.470186
0.904522
0.684862
0.972587
1.82195
0.928657
0.546736
1.47325
0.945676
0.591897
0.383665
0.669794
0.739393
0.525247
0.420476
1.43599
0.640905
0.694795
0.666951
0.808472
0.899591
0.513242
0.371526
1.23241
2.28709
1.30732
0.409265
0.241478
0.762047
1.52371
1.50971
0.522836
0.745241
0.902202
1.0472
0.329202
0.550899
0.359718
0.598085
0.808621
1.48859
0.485266
0.579373
0.862462
0.410442
2.26358
0.756978
0.916009
1.41934
0.50218
0.871895
0.867075
0.835989
0.562021
0.254883
0.706671
1.35881
0.794499
0.589208
0.747473
0.483891
0.929282
3.0117
0.626853
0.567179
0.575278
0.668505
0.586242
0.473855
1.60897
0.699997
0.978384
0.632081
0.731664
1.18278
0.788606
0.550832
0.53005
0.328176
0.569865
0.818075
0.560855
0.813578
0.842797
0.680007
0.576994
0.495937
0.884802
0.8274
0.651941
1.26624
0.609687
0.923358
1.42834
1.05338
0.400966
1.69597
2.02199
0.947612
0.175751
0.740574
0.596118
0.463618
0.336887
0.850115
1.74655
0.979447
0.572457
1.65484
0.546333
0.6414
1.52649
0.879282
0.486113
0.770207
1.02072
1.31337
0.586052
1.02869
0.462533
0.297488
0.535773
2.88675
1.48036
1.02268
2.90248
0.914387
0.904677
1.13096
0.762269
0.888203
1.22406
0.163796
0.260493
1.37988
1.05461
0.418586
1.08213
1.50285
1.00558
0.751403
0.897654
1.60175
1.28693
1.30465
0.672907
0.89882
1.05442
2.13178
1.28331
0.203279
1.14313
0.734921
0.328134
0.326342
0.498735
0.839753
0.846753
0.771316
1.66297
0.621641
1.06432
0.478388
0.434975
1.31046
0.51444
0.460919
0.443063
0.763456
0.623007
0.288583
0.504291
1.31914
0.584126
0.676351
0.715554
0.490938
0.604461
0.888272
1.44343
0.710734
0.258022
0.751669
0.950823
0.484334
0.952658
0.834967
0.415048
0.479248
0.196701
1.09365
0.652026
0.271773
0.501959
0.441648
1.94206
1.06699
0.604269
0.808567
0.421223
0.440474
0.84984
1.02125
0.638364
1.18382
0.474003
0.892514
0.983975
0.295689
0.785307
0.725065
0.751498
1.19905
0.737143
0.585739
1.9773
0.588693
0.586737
1.0334
0.975429
0.755778
0.346867
0.345823
0.650134
1.25523
1.46692
1.88992
0.689125
0.461718
0.372858
0.623219
0.878847
0.62999
0.419135
1.00381
0.471098
0.846736
0.492966
0.529454
1.08321
2.04125
0.429692
0.785897
0.912477
0.610261
0.72196
1.18429
0.908649
1.31162
0.778697
0.680331
0.689668
0.77637
0.762672
0.806166
0.34684
0.340245
0.796856
0.394965
0.870844
0.591147
1.51873
1.5026
0.372328
0.59529
1.25469
0.927088
0.416628
0.256769
1.09992
0.664784
0.444595
0.921901
0.546545
0.683757
0.299396
0.1436
0.989689
0.84079
1.25913
1.06607
0.494742
0.683938
0.565487
0.963676
0.572515
0.454663
0.785104
0.626393
0.406906
0.997349
1.00542
0.312133
0.542731
0.254759
1.4424
0.544179
1.63214
0.700507
0.956708
0.63358
0.896327
0.583736
0.387751
0.469564
0.731218
0.776259
1.48019
0.478544
0.426809
1.40119
0.663603
0.576397
2.30171
0.492056
0.799318
0.800908
0.476234
1.14058
0.666181
1.43992
0.484947
0.293748
1.17538
1.11941
0.962343
0.843228
0.645356
0.570232
0.867397
0.21454
0.530712
0.435781
1.13144
0.77226
0.431804
0.781428
0.893753
2.52013
0.365194
1.13988
0.646598
0.359559
0.302958
1.17017
0.757641
1.12715
0.407285
0.654867
1.73903
0.522721
0.947595
0.949057
1.20209
0.318319
0.607309
0.444702
0.227243
1.17078
1.01587
0.52561
0.858049
1.27903
1.31566
0.915213
0.883526
0.372772
0.501119
0.976896
0.842003
0.715901
0.631767
0.589666
0.51179
0.450911
1.29658
1.06444
1.22327
1.89809
1.28139
0.561997
0.462743
0.791308
1.83876
0.934503
0.402685
1.64813
0.420974
1.14341
0.898982
0.70334
0.447346
0.439154
0.692325
0.958313
0.99546
1.37789
1.45686
1.13168
0.389462
0.540225
0.357197
1.56668
0.703699
0.918432
0.47287
0.661967
1.06734
0.378477
1.7469
1.43894
0.38728
0.344757
0.946757
0.690606
0.864062
0.557517
1.24947
1.362
0.533785
0.550958
2.55921
1.0577
0.897533
0.567647
1.01978
0.503954
0.550236
0.548692
1.13907
0.704356
0.652166
0.647095
0.429728
0.436621
1.25998
0.915838
0.795895
0.635531
0.995484
0.738645
1.45685
0.587387
0.954026
0.879292
0.228706
0.968176
0.875408
0.895858
0.270282
0.7695
0.685236
0.71625
0.967669
1.33883
1.74261
1.33961
0.828812
1.01959
0.83203
1.16147
1.48496
1.18752
0.686845
0.514965
1.0057
1.11319
0.966083
0.621043
0.555706
1.04451
0.658716
1.28757
1.28392
1.19621
1.864
0.60037
0.817323
0.202382
1.16374
0.321346
1.52701
0.843378
0.387422
1.04202
0.807456
0.785637
0.611842
0.641881
0.514473
1.94164
0.864392
0.174237
0.798062
0.811345
1.09274
0.87779
1.46355
0.569288
0.418898
0.752133
0.617105
0.925975
1.27258
1.08293
0.619151
1.37207
1.03514
1.7541
0.528462
1.10326
0.643598
0.889587
0.586508
0.896454
0.31049
0.385392
0.804503
0.675265
0.320264
0.774832
0.579049
0.548337
0.693617
1.4592
1.79508
0.818405
0.478438
0.455453
0.522311
0.424816
0.746174
0.762236
0.681937
0.78062
1.0778
1.14689
0.989868
0.51443
0.494312
0.666315
0.448503
1.03086
1.0294
0.723662
0.723778
2.05555
1.25852
0.846867
0.457809
1.6398
0.616568
0.846617
0.15461
0.740665
1.18843
1.29307
0.830652
0.705855
0.888777
0.809466
1.13468
1.18433
0.265777
0.393582
0.959666
0.979925
0.801037
0.829069
0.828749
0.601467
0.765204
1.05098
0.325488
1.82213
1.45348
2.38262
0.600394
1.04317
0.552218
0.979598
0.531866
1.00062
0.294484
0.890271
0.794683
0.976256
0.700075
0.665915
0.498243
1.03176
1.50101
0.541315
0.978876
0.663042
0.427213
1.09637
0.698187
0.536327
1.0808
0.582982
0.434343
0.787782
0.890367
1.74138
0.964668
0.398119
0.408383
0.550481
0.617853
0.856281
0.873199
1.21252
0.74641
1.54324
0.553887
1.56935
1.13094
0.626596
0.807374
0.721861
0.576881
1.76616
0.382803
0.359204
1.30717
0.716522
0.193345
1.6231
0.989029
0.648297
1.88017
0.717693
0.461299
1.42702
1.42781
0.678375
0.32611
0.460986
0.260774
0.939708
0.300787
0.783647
0.633443
0.554792
0.850915
0.394905
0.444352
0.862701
0.886609
1.04694
0.576059
0.828548
0.558075
0.315522
0.778696
0.149785
0.488426
0.781866
0.292508
0.744142
0.809582
0.5734
0.823313
0.154224
0.582931
0.990281
1.19276
1.06878
0.931127
0.610989
0.54051
0.67018
0.348244
0.733677
0.632361
0.324631
1.61901
0.475024
1.14338
0.966352
0.525482
1.00431
1.31573
0.633285
1.13451
0.718517
1.35809
0.312599
0.779607
0.776491
0.733483
0.590747
0.407913
1.66013
0.744421
0.604954
0.961729
0.643808
1.19422
0.516596
0.473982
0.538682
1.33583
1.13901
0.778276
0.504108
0.285175
1.07774
0.672518
0.577731
0.319621
0.248945
0.474134
0.655614
0.556834
0.487945
1.21258
1.04641
1.06444
0.699739
0.810647
1.2488
0.583968
0.767502
1.60117
0.405366
1.29031
0.459804
1.10051
1.3464
1.2478
0.539605
1.00836
0.619089
0.888256
2.02081
0.589852
0.474975
0.338468
0.769346
1.14436
1.59297
0.419124
0.597201
1.29778
0.295821
0.575226
0.389521
0.385312
0.95289
0.368007
0.501281
0.650497
0.717297
1.67707
0.434933
0.752142
1.15392
0.901629
0.679493
0.681568
0.879597
1.38445
0.532543
1.47334
0.452887
0.883631
1.58116
0.406093
1.02065
0.991257
0.932496
0.658604
0.891476
1.32433
0.405913
0.739092
0.35574
0.891391
1.61586
0.895247
0.877822
0.311782
0.900236
0.440108
0.891959
0.557879
1.09839
0.747647
0.71309
1.39254
0.976436
0.693723
0.356089
2.39021
1.11568
0.593149
0.582637
1.40114
0.82795
0.343192
0.928858
0.514332
0.656668
0.55301
1.29407
1.17042
0.949325
1.22844
1.16488
2.1847
0.324399
0.41502
0.438933
0.37497
0.358887
1.24199
1.24961
0.339817
0.997818
0.753541
0.708492
0.414443
0.71456
1.57813
0.70953
1.10408
1.28667
2.45731
1.35726
1.13056
0.66162
0.775469
0.947312
1.30157
1.00875
0.893545
0.503769
0.596147
0.634447
0.535994
0.858731
0.987532
0.27211
0.574506
1.526
0.550877
0.699842
0.706739
0.514038
0.361984
0.305806
0.714
1.00476
0.823582
0.995626
2.43
0.86588
0.917747
0.674599
1.1666
0.331811
0.712129
0.747905
0.755714
1.10049
0.30923
0.764191
0.757299
0.927697
1.1866
0.402803
1.60277
0.190196
1.07313
1.4597
0.83755
0.400293
1.09006
1.15002
1.4506
1.76776
0.40807
0.590042
0.283862
0.57612
0.725909
0.677299
0.538691
1.882
0.347106
0.724429
0.754546
0.464829
0.37601
1.01628
0.995355
0.968496
0.68301
0.780979
0.932428
1.39046
0.870238
0.700031
0.820716
0.849598
0.377469
1.10109
0.276874
1.70696
1.5073
0.200385
0.30011
0.699099
0.669252
0.643841
0.501769
0.411696
0.891339
0.758333
0.447591
0.888552
0.521206
0.606754
1.43258
1.57126
0.815538
0.415697
1.28258
0.557372
1.16587
0.946768
1.03894
0.281403
0.734704
1.57944
1.39735
0.488605
1.32981
0.420288
0.489768
1.17973
0.346144
0.935095
0.673029
0.88074
1.84382
1.16538
1.19354
0.282547
0.431608
1.15285
1.07169
1.00733
0.471115
0.579713
0.801468
0.665871
0.832101
0.604006
1.01596
0.494876
1.19728
1.03592
0.250599
0.35342
0.815055
0.668548
0.62907
0.76168
