2.0349
0.841331
0.847186
1.01221
1.62026
0.0584379
0.778499
1.05812
1.48202
1.36841
1.91546
0.923888
1.14127
1.12556
2.09321
1.05949
0.228811
0.342323
0.785082
1.05054
1.60514
0.999299
1.73943
0.861196
1.31827
1.59389
0.879645
0.393165
1.11895
0.894185
0.846902
0.530203
0.998072
0.54943
1.48596
0.89616
1.08674
0.913177
0.794642
1.28949
1.01679
1.76205
0.49137
3.93984
0.278096
0.951392
1.7849
0.629593
0.532751
1.44784
0.89166
0.734734
1.3138
1.14222
0.501162
1.66265
2.17644
0.820049
1.02223
1.01851
0.27277
0.66849
0.464631
0.690465
1.44046
0.414905
1.88963
2.14059
1.06771
0.430387
0.924537
1.50562
0.808459
0.886814
1.0261
1.19648
1.0384
0.60616
0.92567
0.674164
0.962783
1.01979
1.89559
0.308805
0.85462
0.648916
1.7611
0.386876
0.64972
0.873167
1.76843
0.527476
0.522049
0.972193
1.76114
1.27199
0.674837
0.987358
0.174862
0.748662
1.14415
1.35319
0.269605
1.36215
0.426972
1.15285
1.15303
0.988957
0.684266
0.974525
2.83852
1.0945
0.694162
0.474964
0.917859
0.809279
0.76022
1.01694
1.27909
1.1118
0.129769
1.80315
1.05541
1.98041
0.465191
0.759212
1.02634
0.615367
0.578996
0.0637894
0.816324
0.793601
0.997213
0.477617
0.764622
0.849056
0.127612
1.29119
1.07608
1.25128
0.344196
1.16669
1.41735
0.176897
0.547872
1.22138
2.70159
1.27698
0.799533
1.91261
0.428277
1.13375
0.972024
0.745566
1.04042
1.53692
1.14931
0.994716
1.08644
0.999228
1.5525
0.560726
0.731858
1.44224
1.28906
0.967391
1.06662
0.745689
0.560927
1.12505
0.802633
1.38531
1.56643
1.11335
0.588512
1.55421
0.429666
1.47718
1.05882
0.84543
0.642658
1.02863
1.35351
1.07692
1.22034
0.554011
0.956601
0.194036
0.805902
0.796552
0.600071
1.01083
1.86208
1.51424
0.619881
1.06138
0.701571
1.03797
1.10477
1.13806
1.30193
0.600688
1.96386
0.747548
0.788586
0.706379
0.351208
0.738105
1.29894
0.487378
0.316204
0.0791183
2.17338
0.784164
0.491429
2.36414
1.02925
0.743133
0.838711
0.641334
0.910908
0.823462
2.23522
2.20653
0.766197
0.27732
0.602065
1.99758
1.51486
1.3655
1.66237
0.220271
0.95215
0.320062
0.388936
0.884303
1.15192
1.38367
1.31876
1.50188
0.59892
0.781364
1.15098
1.03389
1.00376
1.37981
1.42201
0.674025
1.6611
0.63644
0.515772
1.02534
1.53438
0.378192
1.42266
0.855923
0.917469
1.10485
1.02007
0.526825
0.692193
2.26632
0.605398
0.888969
1.25717
1.02049
0.350584
1.85865
1.51918
1.47968
0.826642
0.733836
0.822082
1.47018
0.662492
1.74821
0.851324
1.23181
0.258592
1.28845
0.958811
0.736054
1.15605
2.37561
0.596426
0.878913
0.451131
1.42957
0.501304
1.03128
0.481465
1.14997
1.24647
0.439121
0.87247
1.25154
0.451554
0.93411
1.0051
0.904151
1.42521
1.60511
1.09661
0.892096
1.07133
0.644632
0.945769
0.720436
0.494056
1.79728
0.578896
0.696418
0.17487
1.91826
1.30411
0.751563
1.55881
0.912736
1.19475
0.499595
2.44771
1.43145
0.497968
0.40141
1.33683
1.01811
1.21905
0.45747
0.310097
1.00455
0.992396
0.451377
0.170844
0.823009
0.22562
0.6419
1.28854
1.16636
0.877601
1.5445
0.770913
0.163651
1.44771
0.524729
0.0680081
1.35425
0.791059
1.27091
1.33432
1.23158
0.979063
1.07136
1.55173
0.969694
0.991529
1.02455
1.82326
0.819667
1.33049
1.29823
1.13663
1.37569
0.300835
1.23076
0.386909
1.27521
0.890662
1.9622
0.944707
0.764884
0.751384
2.20177
1.07234
1.20505
1.12228
0.951649
0.676577
1.76774
0.867148
0.806276
0.588565
0.789036
0.776844
1.12849
1.06771
0.648745
1.28151
1.24165
0.964138
1.78102
0.694479
0.655457
0.900011
2.0504
1.24223
0.739718
0.619376
0.929092
0.608927
0.979311
0.803198
1.21902
0.448761
1.30767
1.89164
0.765137
0.788819
0.821489
0.679374
0.299367
1.38062
1.05856
2.07086
0.991994
1.61087
1.28689
1.96729
0.53163
1.43149
0.852069
0.748137
0.85004
0.603481
0.195669
1.37316
1.65909
0.823986
0.906304
1.5607
1.93761
0.0569161
0.832017
0.13056
0.925985
0.51577
1.48309
1.10189
1.30629
0.879843
0.839905
1.15924
1.12052
0.331048
0.674275
0.288565
1.25405
0.659768
0.767344
0.83746
1.0152
0.71029
1.29432
0.797343
1.2704
0.798023
1.21301
1.12571
0.475493
2.07132
1.14805
1.3291
0.58849
1.31413
0.841419
0.761545
0.559061
0.466755
1.41651
1.35152
0.693311
1.14084
0.888572
1.58312
0.593725
0.90547
0.33953
0.609634
0.4875
0.84911
0.691964
1.41751
1.12418
1.92665
0.951536
1.27532
0.625794
0.547469
0.89771
0.980939
1.31175
0.960199
0.837839
1.01515
1.72562
0.633134
2.02329
0.977976
0.796225
0.463098
0.731795
0.972173
1.29379
0.562167
0.756541
0.29428
0.52329
0.932429
0.595787
1.1022
1.13394
1.13679
0.708779
1.12103
1.63337
0.604209
0.828975
0.23495
1.1562
1.59122
0.714236
0.276952
0.518324
0.510214
1.00923
1.41947
0.887466
0.456166
0.80125
0.878534
0.779812
0.863332
0.968241
0.993084
1.19545
1.94288
0.860506
0.854195
0.668086
1.09747
1.35099
1.06564
2.14762
0.716023
0.389732
1.59396
0.513174
1.60244
1.64984
0.370319
1.46712
0.947231
0.959317
0.678311
0.866119
0.473215
1.23964
0.880332
0.735727
1.46443
0.74902
0.933352
1.47287
0.797295
1.04531
0.561925
0.269463
0.971989
0.709585
1.76046
1.30256
0.853079
1.24537
1.01613
1.04367
0.782951
1.07251
1.03767
1.00473
1.36015
0.696365
1.06535
0.63984
0.510627
0.93485
0.865663
0.701409
1.2553
0.889354
0.92001
0.813514
0.677654
0.246013
0.621241
0.911867
1.29318
0.658759
1.3018
0.880549
1.40131
0.812251
1.1051
0.906957
1.68607
1.64157
1.30001
1.47544
1.02957
0.702551
0.953493
1.01255
0.932603
0.276665
1.12185
0.876947
0.752256
0.627583
0.772391
1.31702
0.615421
1.04212
0.482777
1.02608
0.647384
1.15844
0.822304
0.718903
0.842327
0.718614
2.02851
1.37162
0.670813
0.748434
0.73616
1.26334
1.35763
0.768536
0.784456
0.967027
1.6564
0.493993
0.92618
0.963166
1.72547
1.38644
1.62305
1.16621
0.678277
0.779197
0.92311
0.63737
1.55768
0.809801
0.652084
0.660351
0.93648
1.48401
1.22102
1.36109
1.45077
1.31226
0.362155
1.04223
0.442423
0.965398
0.895077
0.618117
1.22085
0.594086
0.545812
0.670925
1.55426
0.946577
0.446809
0.510135
0.925888
0.53778
1.11319
1.01158
0.832889
0.829473
0.405787
0.639881
0.635912
0.81862
1.85328
0.61235
0.422543
0.538493
0.195254
1.39937
0.783726
1.1674
1.12018
1.37326
0.822179
0.666647
0.658749
0.255504
0.478541
0.810219
0.949008
1.4783
0.157566
0.251771
0.998516
0.58425
0.720296
0.64515
0.592182
1.31932
1.82281
1.10126
1.86376
0.487582
0.958374
0.550724
0.799832
0.542511
0.0625589
1.3849
2.21392
0.666759
0.562835
1.22725
1.44372
1.24246
0.881112
1.22494
1.66041
0.756831
1.0915
0.938655
1.18395
0.721722
0.788465
0.994396
0.722931
0.907329
0.775728
0.621923
0.664178
0.983475
0.562453
1.63406
0.914097
2.527
1.44339
0.0979065
0.496496
0.580509
1.63521
0.817727
1.44491
0.660712
0.616207
1.27942
0.516925
1.0802
1.1287
1.56412
1.08012
0.561738
1.23871
0.762114
1.39965
1.38649
1.62064
1.19551
1.87669
0.926525
0.596264
1.12614
0.764011
0.557942
1.2696
0.749839
0.834228
1.139
1.16484
0.587375
0.763204
1.00651
0.876839
0.186669
1.11496
1.18822
1.30013
1.09125
0.768202
0.681102
1.67705
0.697804
0.954611
0.604271
0.978853
0.692604
1.16031
0.602898
0.801045
0.74904
0.561503
0.952328
1.12341
1.00497
0.948598
0.744043
1.09813
0.703849
1.01886
1.81197
0.643072
0.702161
1.30675
0.996474
0.73435
0.880008
0.833919
0.850758
1.28961
0.636729
1.90934
0.630682
0.529157
1.31821
0.677616
0.929058
1.52752
1.61687
0.829432
2.01033
0.594998
1.31496
1.65215
0.205535
0.841464
0.703843
0.695431
1.05686
0.480567
0.76538
0.689884
0.769091
1.70855
0.626119
1.13895
0.688756
0.629864
0.55722
1.06111
1.11409
0.640285
1.14443
0.874245
1.98602
1.23799
0.88192
1.02658
0.773136
0.864296
0.742708
0.736114
1.2637
1.79724
0.536748
1.03764
0.97485
1.13393
1.11131
0.491733
2.17817
0.764301
0.327397
1.76602
0.52502
0.763176
0.326585
2.14033
0.173999
0.740308
1.8518
0.688833
0.791064
1.0218
0.345723
0.360934
1.45622
0.403298
0.986694
1.10496
0.861985
1.57216
0.869414
0.492327
1.81967
1.25337
2.46829
0.92171
0.664976
2.05559
1.24234
1.72948
1.50448
0.977748
1.69296
0.709259
1.17231
0.773095
0.708671
0.677522
1.08085
0.619815
0.921477
0.190997
0.945812
1.05878
0.882203
1.07435
1.00405
2.42587
1.16594
0.778724
1.40939
0.499378
1.22735
0.845792
0.648093
0.763309
1.69223
0.753644
0.884307
1.08377
0.0985319
0.496215
1.81141
1.248
0.783043
0.94633
0.775746
0.757734
1.35272
0.689673
0.710052
0.577728
1.02989
2.38736
0.609829
1.14606
0.487442
0.737172
1.01786
0.828026
1.04715
0.751471
0.532348
0.209598
1.01326
1.2169
1.22493
0.6935
1.69405
0.702825
1.63879
0.72747
0.505908
0.580777
0.795769
0.808622
0.966242
0.805716
1.1377
0.987404
1.37068
0.929318
0.788536
0.783906
1.27822
1.69294
0.822184
0.434026
2.00048
0.853152
1.47777
1.27275
0.382664
1.04526
1.74838
1.36083
0.453823
1.03264
0.923183
0.259489
0.349224
1.47132
1.05398
1.04474
0.873774
1.78043
1.94703
1.01691
1.14033
0.960869
0.84459
0.795861
1.20635
0.174231
0.861643
0.619976
1.58839
0.489442
0.249852
0.1815
1.20693
0.957387
0.252447
0.866171
1.02842
0.536756
0.871481
1.65469
0.872803
1.13099
1.26268
2.05302
1.82131
2.38096
0.551933
0.25383
0.604946
1.05266
0.985848
0.29031
0.906827
0.349808
0.868689
1.04229
1.59762
0.788833
0.875865
1.48825
1.29233
0.505187
0.741666
1.00081
1.80106
1.0289
1.35285
0.401512
1.65685
1.08529
1.02888
0.879483
1.67864
1.02658
0.635363
0.720663
0.986598
1.05816
0.820515
0.603783
0.730659
1.06242
1.66456
0.728406
0.384125
2.23321
0.669074
1.63129
1.59742
0.842037
0.805558
0.701349
0.729683
1.53803
0.829807
0.441902
1.18749
1.15667
1.52971
2.72522
0.555213
1.08041
1.56117
0.866174
1.13554
0.734992
0.627801
0.987936
1.98704
0.932327
2.04731
0.659019
0.422704
0.489066
0.492103
0.808828
0.712202
0.918572
2.01077
1.23029
1.08145
1.59389
1.42554
1.79886
0.941193
0.323944
1.20995
1.60572
0.874397
0.854777
1.62913
0.556283
1.03605
1.59428
1.40745
0.616903
0.800048
1.22499
2.03032
1.11341
1.46919
0.673737
0.929113
0.296746
1.77677
0.949536
0.978088
1.24972
2.58433
1.03125
2.20648
1.60471
1.90213
0.46653
1.17731
0.757792
0.636634
2.69277
0.63827
0.592184
0.935171
0.414736
0.842839
1.11219
0.572586
1.69541
0.929036
1.36964
0.880076
1.09243
0.793235
1.15267
1.09665
0.679386
0.837153
0.250237
0.615622
0.620259
0.932468
1.0108
0.782027
0.84628
1.08577
2.07003
0.619675
1.18414
0.517473
1.51794
0.487456
1.5324
0.599776
1.0048
0.195003
0.71118
0.79983
0.760708
0.224128
1.01667
0.42328
0.778519
0.687199
2.81097
1.35119
0.911047
0.878336
1.53794
2.03751
0.776836
0.950701
0.260076
1.59918
0.735585
1.52888
0.610126
1.60602
0.461955
0.555406
1.57262
1.43845
1.19137
0.967479
0.953664
1.43353
0.837037
0.278174
1.09308
0.227528
0.683813
0.437035
0.244949
1.04017
1.29588
0.86502
2.12209
1.8225
0.484298
1.57261
0.919616
1.52376
0.154156
1.09455
0.491109
0.819997
1.08065
0.406577
0.926892
0.710711
0.604639
1.0262
1.12724
0.659857
2.14187
0.755395
1.44882
0.915588
1.20224
1.436
1.64281
0.338927
1.33503
0.630373
1.01942
1.36939
0.70869
0.936692
1.19708
1.13162
0.783056
1.16361
1.21107
0.674105
1.3908
0.697235
1.46973
1.21721
1.23338
1.09588
0.131598
0.547975
1.21291
0.577296
1.56756
0.858969
0.252608
0.551276
0.658008
0.248667
1.07084
0.362097
0.950337
0.309562
0.718815
0.519676
0.862358
0.66442
1.92439
0.781388
0.819287
1.18393
0.385481
0.814491
0.260422
1.39309
0.789222
1.46832
1.01993
0.655284
1.50301
0.631331
0.245969
1.3318
0.514145
0.152692
1.40226
0.361609
0.910375
1.12333
1.03337
2.26749
1.89769
0.615899
0.485178
0.960455
0.757153
1.05822
0.754654
1.23729
0.164487
0.447653
0.776376
1.08794
0.414497
0.591554
0.933242
0.822924
0.75769
1.1717
1.00208
0.523366
1.10969
1.58903
1.58363
0.882827
1.47793
0.372652
2.44668
2.70177
0.912426
1.29725
1.15506
0.838681
0.850703
0.925382
0.891959
1.40441
0.873385
0.398719
2.47055
0.631796
0.852352
1.57575
1.46173
1.13317
1.88739
1.5832
1.36448
0.547172
2.02558
1.0473
1.28409
1.33194
1.35031
0.993903
1.14688
1.44634
1.42795
0.94343
0.907832
1.18122
1.96892
1.0776
1.92163
0.80483
1.07834
0.886431
0.60149
0.374596
0.165565
0.563884
1.10461
1.00026
1.30263
1.23049
0.748152
0.866561
0.860519
0.625559
0.224438
0.731656
1.42708
0.850138
1.02396
1.12249
1.27813
0.703346
0.973532
1.07795
0.637054
0.812433
0.68662
0.439574
0.972802
1.32757
0.599667
1.02294
1.15884
0.465702
1.32063
0.509471
0.510709
0.751686
1.0388
0.626659
1.76293
0.822352
0.215067
2.34087
1.15812
0.643326
1.83478
1.86988
0.756841
0.934258
1.21051
0.934185
0.998948
0.276998
0.881967
0.407185
1.31907
1.36476
0.863255
1.45104
0.77249
0.754266
1.69624
1.01442
0.622151
0.580333
2.15971
0.564365
0.944041
1.68127
0.828053
0.422094
1.09505
1.15653
0.799692
0.593368
0.278698
1.24055
1.71362
1.51304
0.177363
0.909219
1.1836
0.965132
1.40641
0.725414
1.08142
0.834911
1.00043
1.03159
0.791293
0.753029
0.598594
0.902606
0.617036
1.42986
0.720098
1.35098
1.09997
1.97447
0.335212
0.443183
1.19708
1.16569
0.807217
1.54754
2.19956
0.326952
1.37213
0.40645
0.506455
0.595404
0.479783
0.513641
0.772837
0.5857
0.647865
1.56056
0.997426
0.952128
2.15214
1.06701
1.99329
0.712518
0.747173
0.952699
1.15179
1.38538
1.09185
1.20378
0.699786
0.494143
0.798134
0.410438
0.910118
0.848789
0.456522
1.54122
1.20745
2.00504
1.26004
0.320011
0.640095
0.57288
1.00623
0.663506
0.357725
1.2238
1.15602
0.608029
1.99361
0.794108
1.98029
1.1431
1.02334
0.480662
0.887854
0.770642
0.831909
0.944895
1.65906
0.656158
1.90368
1.28508
1.01043
1.64037
0.314573
0.636686
0.824971
0.586422
0.779522
1.42972
0.789067
1.09283
0.328009
0.727756
0.683731
0.844526
1.02482
0.707732
1.16551
0.536272
0.670384
0.775249
0.97607
0.783214
1.26395
1.8469
1.20541
0.639096
0.388147
1.38129
1.05276
1.00337
1.72481
1.32983
1.78168
0.796015
1.10817
1.27365
0.894278
0.607114
0.801391
0.584195
1.01666
1.49584
1.96056
1.04455
1.46788
0.848012
0.903417
1.49291
0.962465
0.452016
1.33293
0.770685
0.956726
0.729045
0.708631
1.33605
0.789008
1.09254
0.648739
0.409019
2.15711
0.777473
0.507424
1.22314
0.765591
1.61702
0.311617
0.833964
0.72296
0.461636
0.869798
0.406558
0.901277
1.76315
1.78249
0.766184
1.26207
1.32561
0.677102
0.783543
0.378362
1.75223
0.76974
0.953143
0.827105
1.03083
0.923775
0.68772
0.883237
1.05246
0.805532
1.21306
0.998001
0.697597
1.4167
0.285838
1.53171
2.00275
0.735854
0.677746
1.1319
1.26166
0.793604
1.60606
0.4733
1.78124
0.965404
1.06865
0.832993
0.427937
1.53541
0.685023
0.072789
2.19616
1.59536
1.16578
0.215197
1.13471
1.03294
1.70486
1.11601
1.14928
0.780635
0.494163
2.25693
1.29372
0.646836
0.709215
1.27771
0.447579
1.21865
1.47071
1.04161
1.33122
0.610104
0.852153
2.23002
0.826757
0.761947
0.589232
1.00287
0.707479
0.197376
0.522589
0.957786
1.08021
0.894447
1.35114
1.12174
1.19192
1.12908
1.6984
0.52051
2.07989
2.46017
0.853869
0.853293
1.20667
2.0629
0.93892
0.146163
0.516023
1.32471
0.185563
0.712604
1.45559
1.30914
1.99316
0.551101
0.94043
0.490169
2.20951
1.68504
0.361927
0.850262
0.305257
0.799875
0.911898
0.615602
1.05795
1.3268
1.13593
2.17419
0.618713
0.663673
0.68724
1.05517
0.684373
1.53556
0.936443
0.129774
0.667642
1.184
1.07874
0.555171
0.942648
0.434592
0.0710993
3.68777
0.097478
1.7475
0.766612
0.954517
0.857566
1.22369
1.37769
0.821089
0.37046
0.669858
0.278623
0.678609
0.726625
0.67267
1.67799
0.848199
0.797964
1.28694
0.880266
0.53896
1.68
0.136514
1.00137
1.1238
1.87429
0.784939
0.249537
0.617659
1.08017
1.0374
1.03655
2.65845
0.699656
1.48168
1.43443
3.88215
1.19602
0.395524
0.601941
1.26267
0.866817
1.91278
0.828755
0.813334
0.232861
0.987549
0.898188
1.79665
1.19511
1.3823
0.641114
0.586114
0.610874
0.658454
0.679665
0.875186
0.696404
1.34646
0.0499652
1.16418
0.869876
0.357687
0.493521
0.589647
0.748148
0.508907
0.420354
0.908073
0.670409
0.571618
0.497085
0.995371
0.866884
1.00833
0.357698
1.69875
1.26929
1.01689
2.29729
1.20422
0.646003
0.783532
1.6037
0.614608
1.04778
0.817667
0.845451
0.912125
1.72861
1.64677
1.2841
1.53826
1.35874
0.479164
1.29588
0.93837
0.282001
0.610066
1.00508
1.32994
0.914856
0.739767
1.21432
0.939109
0.713617
1.877
0.93574
1.3482
1.89851
0.480364
0.717638
0.876424
1.05172
1.30895
0.337754
1.15795
0.557826
0.454028
0.955131
0.789063
1.5679
1.51757
2.37758
0.43975
0.56514
1.37364
0.594835
0.911344
0.869694
1.42619
0.915697
0.553015
0.851623
2.83595
1.97949
0.559062
0.716946
3.15178
0.938026
1.16243
0.531599
0.858354
1.34747
0.89029
1.24484
1.70629
1.41547
1.18645
0.959529
0.302099
0.669608
1.8018
0.83908
1.36656
0.694959
1.13373
0.645337
0.788551
1.36407
0.769759
0.33655
0.754356
0.889044
0.945357
1.22137
0.467389
1.71599
0.572842
1.05336
0.749467
1.68203
1.09471
1.06361
0.602877
0.905941
0.697743
0.877295
0.679509
1.35366
1.06033
0.257655
2.26579
1.4659
1.61367
0.875479
0.35092
1.00909
0.826166
0.992376
1.3063
0.449901
2.47777
2.49306
1.56441
1.69242
0.784187
1.5482
0.72555
0.724064
1.05566
0.856268
1.32441
0.517812
1.16322
0.896573
0.785905
1.29943
1.22447
0.37207
1.31224
1.03346
0.648738
0.338746
0.714182
0.881964
0.770792
0.994927
1.78595
0.315847
0.94864
0.826015
0.922487
1.44261
0.812516
0.957691
1.22533
0.728199
1.21966
0.707898
0.763941
0.803187
1.27437
2.06845
1.25897
0.372497
3.74035
0.62724
1.39705
1.03904
1.00564
1.48906
0.741329
1.25792
1.15359
0.658736
1.27098
0.733096
0.443533
1.28401
0.2908
0.525644
1.17326
1.43767
2.74313
1.48231
1.05923
1.46019
1.00739
0.612589
1.64371
0.796071
0.910374
0.958026
1.62978
0.740272
1.07135
0.539229
1.28506
1.79956
0.841402
1.20785
0.871292
2.39209
0.785237
0.880418
1.02763
2.35031
0.842104
1.03648
1.1972
1.11435
0.238984
0.940211
0.918472
2.58441
0.915462
0.672297
0.703631
1.33539
0.774391
0.747254
0.613304
1.52636
1.07633
2.53178
1.16831
0.320975
0.813658
0.283001
0.27235
0.792602
0.690144
0.593657
1.69332
1.1087
0.433916
1.07165
1.5287
1.56319
1.0136
1.07464
0.618676
1.0993
1.22915
0.566677
1.67504
1.72981
1.66403
0.615829
1.25688
0.966353
0.822375
1.35723
2.03437
2.57131
1.05292
1.27198
1.19279
1.70586
1.01059
0.751936
1.1104
0.996654
1.12356
0.426909
0.824295
1.04075
0.907412
0.657375
1.66303
0.723418
0.824267
0.875406
0.23751
1.01687
3.45232
0.451045
0.864412
0.139072
0.582305
0.76231
1.44112
0.524135
1.58983
0.643717
1.63898
1.36973
1.38137
0.702569
0.962737
1.64058
0.851568
0.780109
0.950313
0.530786
1.31857
0.506899
0.71809
0.531454
0.584609
1.31402
0.866647
1.74549
1.44139
0.619158
0.664979
1.438
0.986552
1.47242
0.665185
0.930114
1.35225
0.884009
1.16404
1.46023
0.706641
1.62898
2.13194
1.6551
0.903518
0.871024
1.34938
0.781381
0.788439
0.8008
1.62587
0.699025
1.27007
1.15568
0.972358
0.942395
1.46128
0.833379
1.2455
0.282412
1.35892
0.899888
0.638964
1.05413
0.926325
0.929233
1.65185
1.08783
0.720199
1.16984
0.905381
0.468135
1.38224
1.02798
1.84987
1.18009
1.21608
0.752239
1.01087
2.51979
0.0991494
0.762476
1.15677
0.315261
1.04224
0.535668
0.208325
0.378827
1.27003
2.10239
1.08658
0.185886
0.411088
1.07402
0.450361
0.418874
0.76014
2.36759
1.04386
0.833276
0.836907
0.506441
0.715861
0.930892
0.41231
1.19629
0.492373
0.332538
0.546012
1.06482
0.585088
0.681345
1.28968
1.1377
1.00404
1.81362
0.707273
1.17607
0.78897
0.696318
0.845283
1.13141
0.374853
0.961008
0.654612
0.632682
1.16425
1.26971
0.373135
0.99277
0.7374
0.747667
1.4764
1.57115
0.342933
1.20492
1.15826
1.61977
1.1693
1.36067
0.764047
0.134073
0.649655
1.25805
1.17812
0.608177
0.8926
0.647613
1.004
0.508882
0.460613
1.09147
1.29563
2.13445
0.350186
1.15682
0.649934
0.606842
1.7006
1.85882
0.504856
1.03097
0.0918572
1.01445
0.989975
1.48925
0.99998
0.905504
1.32612
1.1129
0.766352
1.30911
1.27165
0.951293
1.17245
0.96972
0.874231
0.822238
1.54017
0.62417
0.94398
1.96
0.774307
1.57708
0.798989
1.12589
0.727312
0.596525
0.846542
0.714151
1.0945
1.3498
0.308413
1.31505
1.12147
0.381316
0.846003
1.56109
1.35881
1.48319
0.909388
3.05346
1.57853
0.634095
0.401513
0.303163
0.625324
0.350037
1.1588
0.0902728
1.78797
1.39259
0.760477
1.91726
0.907028
4.2913
1.12594
0.651122
1.93813
0.563802
1.28322
0.925956
0.95031
0.334727
1.00257
0.196201
1.64841
1.11336
1.22723
0.973994
0.527453
0.582547
0.250696
1.27448
0.746304
0.604041
0.328432
0.797672
0.532811
0.959023
0.742117
2.06041
1.64361
1.08492
0.865218
1.14256
1.83442
0.298916
0.874613
1.59515
0.882645
1.00257
0.809683
1.12753
0.659689
0.617764
1.05465
0.242647
0.590346
1.589
0.669526
0.548675
1.28193
1.31377
0.712731
0.513864
0.139495
0.832865
1.21521
0.918418
1.41496
1.03776
1.8785
1.10033
0.892851
0.678316
0.242514
1.82235
0.238156
1.13533
1.08279
0.487256
1.24072
0.773163
1.86822
2.15202
0.70543
0.791494
1.29853
1.10396
0.878766
0.700249
1.08041
0.886535
0.412036
0.594089
1.04186
1.08746
1.40084
0.636724
0.596019
2.07476
0.68119
0.965189
1.39476
0.917078
0.626263
1.03106
1.18245
0.959169
1.20712
0.72257
1.84594
0.525165
1.69955
1.25579
1.39399
0.715061
1.16465
1.5867
0.683922
0.561073
0.843148
0.697095
1.3511
1.54057
1.58198
1.06078
1.6934
0.997455
1.32555
0.187627
0.813051
0.85676
1.36817
0.496929
2.78912
1.1395
0.709559
0.838341
1.22627
0.912931
0.881982
1.28174
0.966256
0.276316
1.14062
1.47475
1.63801
0.70183
1.68211
3.03066
1.43096
0.230919
1.30277
1.0743
0.509015
1.21419
2.1691
1.30698
2.32299
0.928369
2.2542
1.14346
0.761757
0.985595
1.04521
0.293635
1.07635
0.654547
0.533137
0.741831
0.341704
0.588496
0.687275
0.964419
0.488814
3.93205
0.499183
0.83463
1.48298
1.2092
1.01091
0.62505
0.52739
1.1802
0.805226
0.946549
1.24563
1.74539
0.393618
0.193917
0.313951
1.83938
0.274958
0.86973
0.922529
0.09012
1.04709
1.13056
0.553586
0.988351
0.777318
0.39681
1.5807
0.797058
2.48318
0.725836
2.5129
0.616185
1.49186
0.761775
1.68864
0.184236
0.837348
1.09507
0.797398
0.927096
0.992462
1.958
0.246508
2.30111
1.04771
1.2041
1.20561
0.92522
0.593844
0.921227
1.20829
0.666805
0.491431
1.5065
0.750233
0.730071
1.93812
0.247016
1.05513
1.43881
1.30647
1.54205
0.910967
0.242106
0.631851
0.269439
0.680147
1.06082
1.0825
0.951086
1.13555
1.16286
0.754556
0.819064
1.48192
1.42152
0.949304
1.08243
0.83747
1.22026
0.493906
0.846655
1.04153
1.26565
1.25063
1.21624
0.90704
1.99429
0.920168
0.980389
0.978893
1.32851
0.511743
1.29388
0.778376
0.837051
1.61024
0.431811
0.728807
1.98502
1.08114
0.730051
0.919191
0.311749
0.827228
0.934812
0.175283
1.04697
0.54979
0.548441
0.863396
0.54298
0.981562
0.524214
0.774821
0.554645
0.445179
1.75567
0.764401
0.250434
0.770108
0.680432
1.63586
0.499436
0.445815
0.96598
0.713638
0.689739
1.14741
0.948271
1.27808
1.13842
1.58597
1.04445
0.460327
1.11059
0.867582
0.439405
0.699558
0.581604
2.66296
1.13548
1.10466
0.403058
0.75647
1.15037
0.536859
0.812498
0.328391
1.34847
0.834357
1.39931
1.27487
0.855287
0.991184
1.13297
0.896429
0.480454
0.734423
1.23538
1.83065
1.21967
0.979634
1.34549
0.395574
0.5014
1.91738
1.20569
0.745277
0.48
0.624066
0.960464
0.798904
1.45522
1.22759
1.57148
0.884914
1.37453
1.92645
1.72572
1.10439
1.44845
1.1263
0.880442
1.16338
0.951425
0.93597
0.990325
1.36945
0.761708
0.722016
1.10288
0.849416
0.854084
1.05014
0.983915
1.28973
1.12812
0.712227
0.796475
1.21752
0.978038
1.3168
1.00979
0.998178
0.80217
0.659115
1.70099
1.43269
1.69728
0.894157
0.970216
0.285404
1.53942
0.922557
1.07136
1.25314
1.26779
1.46887
1.26682
1.10077
0.511434
0.817702
0.903112
0.520772
0.847953
1.08426
0.593049
0.829987
0.972509
2.32969
0.814955
0.585289
0.586042
0.0837131
0.684755
0.910585
1.22987
0.594474
0.959571
0.510027
0.837063
2.68842
1.00328
1.27651
0.831073
0.336294
0.738827
0.53094
1.37478
0.576918
1.03189
0.693946
0.750795
0.606705
1.05587
0.873885
0.641942
0.241565
0.619144
0.868519
1.56386
1.08411
1.31734
0.724911
1.34462
1.04128
1.34614
1.24017
0.789166
1.22898
0.88201
0.902653
0.555067
0.77347
1.46903
0.497869
2.26999
0.412992
0.90677
0.714435
0.661269
0.272021
1.07318
0.865275
1.4637
0.721441
0.663331
1.09577
1.3717
0.970852
0.459104
0.877047
0.786788
0.164545
0.640015
0.706737
1.28098
1.91243
0.727024
0.872873
1.24527
0.867565
0.810877
0.795285
0.763874
0.44149
0.346216
0.919652
1.0945
0.113464
1.50073
0.812276
0.755143
0.733379
1.46686
1.20796
1.65362
0.238107
0.768028
0.691776
1.12258
1.00514
0.662041
1.2319
0.774748
0.5266
2.40587
0.511733
0.879085
0.665465
0.257936
1.33277
0.864127
0.894712
1.02116
1.0742
1.65006
0.769943
1.06491
0.925398
1.1579
0.976074
0.877224
1.31249
0.875782
0.969285
1.24276
1.42669
0.695547
0.981201
0.908626
0.864926
0.889781
0.701182
1.28646
0.46573
0.91088
0.557682
1.12574
0.51185
0.671748
0.79585
1.12658
0.225273
2.24935
0.828542
0.394748
0.684501
0.674503
1.03023
0.108038
0.931104
0.282747
0.368836
1.09178
1.13819
1.27129
0.855271
1.34306
0.711534
1.45836
0.502863
1.87824
1.3356
0.666365
1.59735
0.965535
0.64352
0.542807
1.39681
1.00595
1.30129
0.526108
0.551715
2.3117
0.688226
1.32811
1.66118
1.20698
1.3313
1.23723
0.493568
1.06256
0.804141
1.31483
0.845222
0.765708
1.1211
1.44546
0.955604
0.973594
1.11886
0.72121
0.864746
0.795936
0.614278
0.414401
0.974944
2.34404
0.967839
1.87713
0.917068
1.1248
1.21832
1.8698
1.45387
1.52984
1.35205
2.28039
0.883121
0.472712
0.82348
1.90665
0.729946
0.465192
0.40795
0.402842
1.2501
1.35469
0.535012
0.971374
0.527778
1.27608
2.009
1.42542
1.63101
1.1866
1.34577
0.975279
1.51185
0.937035
1.87039
1.14137
1.23591
1.35246
0.739494
1.45046
0.950926
1.30955
1.50916
1.87846
1.70373
1.31449
0.570671
1.11144
0.944281
0.189076
0.583249
1.66508
0.586869
0.801795
0.930068
0.992511
1.86221
2.36189
1.34858
0.725417
1.50557
1.87698
0.821411
1.34398
1.49975
2.16012
0.196974
0.567306
1.65669
1.01582
1.09255
0.279915
1.63541
1.20735
0.734036
0.979596
0.547889
0.230359
1.93314
1.96526
3.24998
0.893436
0.323075
0.68805
0.864702
0.228419
0.900537
1.74991
0.771344
1.48298
0.768802
1.69868
0.883504
2.63993
0.75107
1.08849
0.56583
0.940884
1.23621
0.2461
1.0933
0.747771
1.87335
1.5955
0.633435
1.46771
0.449881
0.541344
1.1134
1.00773
0.704147
0.752337
2.06386
0.576391
0.610283
1.00387
0.883611
0.480012
0.767488
1.22728
0.225079
0.759599
0.657487
0.956781
0.767817
0.481467
0.641582
0.696791
1.79299
0.863696
1.18199
0.911976
0.493248
1.82398
0.739352
0.997385
0.719117
1.11787
0.530292
1.67978
0.719689
1.00033
0.376449
1.15811
0.908286
0.56282
1.17538
0.815331
1.99493
1.33904
0.981508
0.620386
0.551581
0.287193
1.02837
0.668264
1.22323
0.952926
0.554803
0.521063
1.3261
0.461076
0.786234
2.10745
1.07625
0.345952
0.70021
2.11537
2.46305
0.133698
0.642638
1.46692
1.13413
3.21129
0.987187
4.0487
2.06792
1.54117
1.63192
0.432496
0.70719
0.746861
1.17615
0.546195
1.61938
1.00168
1.13966
1.74603
1.73568
1.51594
2.50528
0.640372
0.700703
1.73584
0.564824
1.17983
0.794023
0.61254
0.818295
1.2233
0.524617
0.526945
1.45544
1.11217
0.385724
1.00564
0.837143
0.890914
0.544558
0.98319
0.827637
0.538786
0.633508
0.95822
1.24501
1.79324
1.01505
0.899997
0.615038
1.26435
1.91493
0.39408
0.500783
0.449966
1.41694
1.40326
1.39896
2.33615
0.406369
1.59555
0.757837
0.440186
1.24765
1.5177
0.920093
2.34107
0.300678
0.695131
0.423998
1.24664
0.939877
0.700817
1.4957
0.460563
1.23767
0.770616
1.06487
0.678764
2.14305
1.30974
0.969753
0.275514
0.917932
0.91983
1.90055
0.521353
1.07151
1.0368
1.14772
0.622276
2.31996
1.2215
1.08661
0.530853
0.845251
0.420513
1.69179
0.374385
0.961932
2.53758
0.894609
0.0307069
1.0334
1.39619
0.712644
1.35865
1.47555
0.762637
0.031815
1.19955
0.808376
1.17266
0.665922
0.609381
0.551998
1.4548
1.31184
1.22208
1.54607
0.15251
0.770241
0.552057
1.28098
1.04317
1.58812
0.757128
0.610127
1.57956
0.701729
0.923301
1.10371
1.01298
0.830316
0.513709
1.02455
1.11938
2.40715
1.45061
2.07297
0.795592
1.01817
1.44962
0.813808
0.980016
1.13774
0.283328
1.60399
1.2549
0.408556
0.498347
2.30654
0.6997
1.55901
0.891509
1.02956
1.27964
1.04918
1.5944
0.614231
0.756094
0.292879
0.416831
1.33061
1.05719
1.36059
1.52385
1.35946
0.937262
1.38653
0.638952
1.61489
1.57811
1.0756
0.912807
0.690562
1.05881
0.695528
0.121764
1.26561
1.32661
1.54684
1.07187
1.60163
0.686823
0.794423
0.671986
0.87699
0.825956
1.54927
2.2065
0.736027
0.596411
1.89644
0.608069
0.180137
0.747478
0.472562
1.40315
0.716752
3.4269
0.428556
1.21612
0.41048
2.11224
0.797776
0.84067
1.25478
1.50079
0.44291
1.65017
1.17836
0.311081
0.883565
0.920498
1.74957
0.954496
0.869381
1.81343
1.68125
0.834881
2.15891
0.267212
1.01777
0.567211
1.08643
0.766538
1.87196
1.50459
1.39115
1.26573
0.809358
1.14204
1.95541
1.36238
0.786526
0.994706
0.877713
0.850678
0.991214
0.582351
1.01975
1.31586
0.2621
0.68447
0.353526
0.677952
1.35783
0.419314
0.725455
1.35255
1.06206
0.876718
1.00111
0.782552
1.42955
1.24773
1.23592
1.913
1.09687
0.667445
0.924349
0.52664
1.6448
1.84194
0.632986
0.435558
0.386494
1.90056
1.45831
0.730097
1.88236
0.934464
0.976205
0.66374
0.812063
1.35512
0.813301
1.38979
1.57855
0.515187
0.852799
0.607503
0.864092
1.1912
1.16653
0.500179
1.94952
1.55119
0.21978
0.898336
1.38512
0.935359
1.02366
1.13659
0.269429
1.07854
0.871883
1.2247
1.11614
0.946662
1.51177
0.400855
0.979156
0.808277
0.459436
1.96986
0.795243
1.72943
0.757814
1.23264
1.06994
0.836482
1.6499
0.0898714
2.5295
2.02536
1.98863
0.812386
0.580001
0.117514
3.43687
0.956993
0.458915
0.730176
0.555379
0.486533
1.43185
0.437208
1.09225
0.532064
1.1469
0.874307
2.06655
0.629866
0.404934
0.799288
0.752561
0.568716
1.64254
0.916276
1.3668
0.954246
0.951581
1.20583
1.21725
0.878144
0.585836
0.913411
0.680021
0.481758
0.854072
1.02549
0.960455
0.800381
0.815185
1.20153
0.964147
0.971438
2.169
0.88441
1.17798
1.15366
0.870816
1.46633
1.17956
0.923598
0.885217
2.01582
0.618843
0.688597
1.626
1.10557
1.02466
0.690088
0.672004
1.06266
0.819719
1.06728
1.14451
0.575194
2.64952
1.08162
1.89243
1.60102
0.445748
1.8891
0.926069
0.818962
0.517831
0.625294
0.825173
0.848301
0.827312
1.67148
0.668989
1.32561
2.0274
0.646365
0.68767
0.956886
0.726274
1.20496
1.04615
1.61893
0.794299
1.53921
1.08055
1.65741
2.53223
1.34774
1.87066
1.32304
0.640479
2.7784
0.798613
1.44592
1.52809
0.84657
0.872784
0.927478
0.788051
0.430573
1.73503
0.749469
0.941757
1.15197
1.75963
0.679791
0.692179
0.38398
0.39596
0.431162
1.26128
1.2841
0.877483
0.573949
2.15604
0.904613
0.905824
1.04081
0.674119
1.3386
0.624081
2.59566
1.04081
0.161335
2.12941
1.6061
0.787103
0.724322
0.692207
0.798684
0.979515
0.41224
1.49129
1.0107
0.630951
0.388592
1.9015
1.66638
1.9466
0.460788
1.63865
0.830409
1.45814
1.38588
0.347157
0.955186
0.84533
1.67862
0.702171
1.19859
0.884911
0.285571
0.935372
0.762109
1.21557
0.929981
1.09582
1.29795
1.0039
0.614621
2.00015
0.725677
1.00764
0.807094
0.474712
1.31189
1.51748
0.921204
0.488884
0.817061
0.934855
1.08243
0.711583
0.76682
0.961972
1.07047
0.62414
0.385929
0.505034
0.934203
1.07065
1.02504
1.28418
0.640121
0.716671
1.34385
0.771098
1.11551
0.838811
0.699878
2.17785
0.98014
0.144085
1.21617
0.58023
0.650154
0.913509
1.90389
0.475636
1.63747
0.845311
1.55592
3.04425
0.869807
1.07018
1.08324
0.726821
0.0977639
0.934067
1.61083
0.309814
0.893417
0.262475
0.432958
0.604469
0.843864
0.998874
0.7674
0.44975
0.596342
0.927772
1.82466
0.628904
0.754501
1.52208
0.552054
1.67296
1.31273
0.881692
1.43033
1.62297
2.962
2.54349
1.16241
0.509439
1.37415
0.626546
0.502737
0.941896
0.63827
1.78102
0.681843
0.907964
1.53832
1.05381
1.03355
1.11509
1.351
0.90786
0.601367
1.12623
1.38997
2.01768
1.28338
1.05546
0.622947
0.936568
1.2936
0.852077
0.96322
0.695201
0.759424
0.307616
1.25434
0.829058
0.751462
1.00085
1.21893
0.891596
1.33799
0.915497
1.49964
1.66076
0.686907
1.53383
1.09303
0.872572
1.41573
0.729337
0.515003
1.99623
0.660412
0.52207
0.90273
0.2981
1.54334
0.576722
1.37128
0.917069
0.977189
1.31035
0.943623
1.11456
0.715682
1.19517
1.0164
0.844883
0.810187
0.544851
0.344184
0.12352
1.55853
0.435655
0.778934
0.828682
0.689705
0.495502
0.903255
2.38547
2.00739
0.778313
0.637409
1.33387
0.495813
0.2876
0.922118
0.816234
1.20174
0.808158
1.25471
2.18099
0.306309
1.13298
0.502937
0.709296
1.05327
0.652167
0.376806
1.82597
0.887696
1.28626
0.897733
0.663791
1.64597
0.60603
1.477
0.489916
1.22925
1.39101
1.11627
0.708201
0.733222
1.15191
1.8747
0.959684
0.523605
0.527533
1.2115
1.0284
0.451987
0.64892
0.8697
0.403016
1.0768
1.11542
2.45183
0.917323
1.26805
1.29864
0.917116
0.510177
1.00795
1.38879
0.917065
0.495153
0.911056
0.932206
0.759976
0.905491
0.742592
0.433174
0.850922
0.738915
0.525929
0.862429
0.828813
0.656122
0.908847
1.11783
0.752673
1.06974
1.66776
1.87609
1.29914
0.822634
1.41191
0.456353
1.73361
0.610308
1.04969
0.69352
1.10756
1.06858
0.943175
2.08701
0.424329
0.482672
0.498692
0.687563
0.345457
2.22615
1.05625
0.961278
1.26957
1.68192
0.493507
0.634193
0.955573
1.5011
1.13897
0.372731
0.851513
0.924794
0.851147
1.19768
0.713766
1.32589
1.16804
1.44333
1.54109
1.79849
4.99991
0.997238
0.485506
1.88421
1.80115
0.894088
0.983238
1.09661
0.824042
0.782433
1.31505
0.424473
0.588937
1.19405
1.00481
1.23185
1.15259
1.2292
0.688397
1.60077
0.566367
0.790406
1.0629
1.33022
0.950565
1.09586
0.464903
0.987544
2.07215
0.296377
2.00256
1.51074
0.649008
0.56612
0.594723
0.726659
0.666342
0.676291
1.51224
1.71931
0.537958
1.02696
1.35316
0.997898
0.759569
0.779563
1.02006
0.662248
0.787952
0.588649
1.25329
0.214723
4.18262
0.931892
0.7321
1.56978
1.33519
0.949188
0.745694
1.3475
2.39271
0.850633
1.54847
0.705944
1.3842
1.05629
1.29596
0.708212
1.38547
0.783319
0.752367
0.942042
1.43701
0.789817
1.4682
0.551813
1.14024
1.53011
0.556911
1.63723
0.684754
1.15342
0.665367
0.144127
0.688517
0.667029
0.799668
0.958667
0.988699
1.09487
1.03481
0.314521
0.777197
0.958334
0.0921927
2.14283
0.957749
0.886069
0.999468
0.731076
1.57835
1.11158
0.76594
1.68121
0.104803
1.1046
0.743086
1.35783
0.704045
0.653267
0.61648
1.68126
0.499191
0.87066
1.08378
1.44158
1.18972
0.703157
0.774076
2.03687
1.18741
1.02211
0.883585
1.83214
0.668747
1.21209
1.07195
0.533372
1.4396
0.98257
0.887256
0.615646
0.445968
1.07258
0.689468
0.721566
1.17213
0.434562
2.2566
1.15902
0.908572
1.91632
1.84423
0.863162
1.33897
1.5208
0.822985
1.81919
2.23593
1.48181
0.56585
0.634764
1.27737
1.08775
1.14266
0.861782
0.596137
0.823304
1.27492
1.12377
1.01741
0.873854
0.590135
0.283126
0.767256
1.84896
2.09797
1.67042
0.95844
0.402858
0.759669
1.38801
1.88751
0.375174
1.76821
1.05611
0.220336
2.29686
1.27203
0.718495
0.674242
0.891771
0.915332
1.04556
0.33444
0.726318
0.494784
0.790503
0.337235
1.29174
2.14729
0.401237
1.17876
1.37276
0.539434
0.846728
0.662797
0.679359
1.33997
0.999524
0.155751
0.539859
0.994366
1.02428
0.782353
0.30717
1.07735
0.911825
0.968893
0.898924
0.947031
0.705352
1.9961
0.84204
1.0598
1.065
0.827046
1.23705
0.441755
1.04907
1.12873
0.599617
0.519568
1.03147
1.49837
0.762105
2.70401
0.740908
0.26069
0.718992
0.613974
1.88324
0.803535
1.48345
1.7059
1.54073
0.910894
0.307266
0.990886
1.17403
1.69799
1.18409
0.927643
1.88629
2.10308
0.713458
0.712365
0.43053
1.26915
0.881842
1.00973
0.917569
1.0249
1.22817
1.10279
0.483128
0.882668
1.67798
0.380456
1.1698
0.786565
1.37905
0.524983
0.911742
0.729741
0.952858
1.19296
0.321209
1.85568
1.61471
1.15823
0.895349
0.686809
0.533779
0.373427
0.417954
0.650569
1.30328
0.860414
1.34072
0.600596
0.169081
0.261068
0.974233
1.74444
0.555898
1.43689
1.15151
1.26542
0.698289
1.27162
0.679412
0.511618
0.865729
0.897231
0.483315
1.06183
0.480003
1.40136
0.578927
1.04099
0.497277
0.757214
0.829177
1.6622
1.01629
0.619452
0.738185
1.58224
1.07051
1.10257
1.27383
0.70374
1.51816
1.12082
0.889955
0.708166
1.63194
1.01894
1.2323
0.604103
1.28988
0.931905
1.30808
0.791233
0.896937
0.659167
1.58842
0.506507
1.36664
0.686844
0.902901
1.11165
1.42064
0.106814
0.762178
1.98183
1.19473
0.510487
1.61133
1.92974
0.614603
1.04951
1.63415
2.86134
1.28987
1.20143
1.33185
0.621027
0.73852
0.672017
1.00943
0.663178
1.35695
1.08176
0.806271
0.864976
1.4139
0.937284
1.53572
0.635437
0.426652
0.919631
0.855498
1.2188
2.28087
0.583547
1.25163
0.718239
1.019
0.815181
0.466282
0.756161
0.463423
1.24122
0.867361
0.645499
0.642266
0.926952
0.844612
1.63454
1.16581
0.94372
0.966752
1.02404
0.637442
1.84594
1.06904
0.916471
0.521967
0.79158
1.69373
1.28233
0.901944
0.907034
1.88599
1.02376
0.539984
0.835762
0.794511
0.713265
0.202149
1.35503
0.853773
1.4593
0.748103
0.901082
0.801306
1.88061
0.590322
0.906471
0.409397
1.58271
0.968358
0.792987
0.96231
1.27027
1.98593
1.47197
0.915154
0.953923
1.24517
2.02401
1.81844
0.685727
0.613939
0.552393
0.96013
0.669585
0.558966
1.15758
1.10719
0.911392
1.13686
1.11085
0.975663
0.864804
0.945053
1.12447
1.11798
0.906233
1.63671
1.80056
0.909815
1.96174
0.827528
0.471581
0.118065
0.858495
0.850224
1.57689
0.991949
0.711473
0.868073
0.462105
1.31673
1.10908
0.634758
1.14381
1.18132
0.55639
0.471143
0.477108
0.928893
1.19158
0.803014
0.144699
0.855383
1.34407
0.935919
0.820232
1.32988
0.536869
0.974115
0.171453
0.940461
1.24839
0.720698
1.47123
0.371386
0.696564
1.30242
0.985484
2.0284
1.48613
0.920695
0.495132
1.4219
1.21148
1.5651
2.0893
1.86559
0.370406
0.717116
1.05544
0.52756
1.08279
1.7844
0.501871
1.52602
0.81972
1.05194
0.637321
1.45638
1.17719
1.10084
0.866614
1.09525
0.646169
0.697268
0.597677
0.633593
0.670263
0.575695
2.01602
0.832336
0.570668
0.751192
2.03244
2.47632
1.31163
1.29115
0.810293
0.98709
2.45028
0.774456
0.698223
1.06491
0.965981
1.16685
1.40419
0.188591
0.861259
0.996503
1.73234
0.696214
0.538947
1.47374
1.14529
1.46718
0.826576
1.27786
0.579534
0.504055
1.25203
0.755216
0.549688
0.434241
0.915085
1.7731
0.367993
1.26382
0.6682
0.349983
0.889282
1.70043
0.824924
0.945114
0.975068
0.597948
1.24342
1.68907
0.700883
0.769291
1.14355
1.12969
0.532751
1.62303
0.887939
0.835149
0.854286
1.50086
1.11358
1.32711
0.701563
1.13644
0.520101
0.387351
0.701567
0.580022
1.12639
0.428795
1.62996
1.84088
1.52956
1.80536
1.09038
1.33568
0.344247
0.804251
0.862491
1.22364
0.537033
0.253174
0.666518
1.12084
1.41307
0.944879
0.714477
1.78318
0.621085
0.665515
1.59749
1.10992
0.809053
2.37867
1.87523
1.32462
0.808847
1.97775
0.239948
1.3127
0.870234
1.33873
0.978264
1.32901
1.2522
1.29059
0.89839
0.784602
0.898697
1.14152
0.842557
0.573342
0.796579
0.536141
0.564373
2.27724
1.00566
1.0607
0.390358
0.967943
0.541262
1.2384
1.56243
1.08078
1.51476
0.666226
0.989113
2.70081
1.18739
0.774134
0.354869
0.983918
0.952832
0.829054
0.965559
0.467829
0.50851
1.53142
0.780824
1.49621
1.30906
0.712402
1.12735
0.837761
1.2153
1.01243
0.677028
1.38681
2.28125
1.30117
3.68821
0.869776
0.466345
0.380057
3.98376
1.22292
1.48681
0.66646
0.952591
1.09132
1.15008
0.706618
0.554933
1.45226
1.46509
0.366518
0.800847
1.99126
1.10117
1.01418
0.600621
1.01981
1.00146
1.14053
0.641474
0.369521
0.73012
1.12411
1.39196
0.624075
0.544541
0.700461
0.780245
0.918965
0.449492
0.576267
0.715151
0.703359
0.833393
0.401153
1.54622
0.895527
1.11011
1.20413
0.919055
1.63568
2.05919
0.911045
0.496575
0.540789
0.970724
0.882569
1.4344
0.719908
0.710508
0.626082
0.555532
0.975476
1.00446
0.732229
0.700854
0.425154
1.17649
1.4351
0.768498
0.751564
0.97495
0.232569
0.883144
0.546269
1.35727
0.323575
0.28655
1.34698
1.9643
0.833072
0.811726
0.715171
2.00319
0.742264
0.383452
1.07333
1.58276
1.06428
0.714418
0.873694
1.27694
0.342433
1.06816
1.13907
0.65524
0.779923
1.54302
0.762248
0.837892
0.709934
0.345677
0.463308
0.97339
0.979821
1.61446
1.28585
0.863302
0.611099
0.596094
1.25284
1.46246
0.779477
0.0422816
1.3206
0.734936
1.15539
0.774376
0.906726
0.898939
1.36444
0.486072
1.27156
1.74622
0.642476
0.826698
0.771132
1.84718
0.983834
0.395798
0.761448
0.708383
1.93047
0.621326
0.29939
1.79545
0.645824
0.509236
1.3769
0.721689
1.45894
0.59021
0.935654
0.577831
0.528501
1.24431
1.61312
0.0682039
0.337463
1.39942
0.882312
0.0543763
0.878562
0.622723
0.566511
0.844317
2.42134
0.397724
0.703288
0.437178
0.625546
0.927266
0.898222
1.07712
0.741461
1.37195
0.584139
0.865897
1.78729
0.773897
0.975225
1.31563
0.666863
1.60238
2.26799
0.606795
0.520254
0.749237
0.620067
0.396545
1.04237
0.405895
1.98336
0.988718
0.9915
0.564412
0.776154
2.32946
0.63582
1.18313
0.507164
1.59436
0.622976
1.50021
0.742141
2.7371
1.1414
1.13021
1.84051
1.40746
0.477255
1.90528
0.425221
1.2222
0.587749
1.4862
1.92532
1.10646
1.0951
0.857859
1.01053
0.683806
0.150293
1.19472
0.718943
0.683193
1.56094
0.34938
1.11935
1.69181
1.10557
0.605121
1.51924
1.36085
0.936652
0.119242
2.09468
2.86367
0.628676
0.561879
1.18028
0.393806
3.23263
1.46579
1.2199
1.64223
1.32358
0.984758
1.63908
0.295864
1.88663
1.14469
0.764284
2.53132
1.54337
0.665436
2.63185
2.07165
0.466238
0.665472
3.22438
1.72137
1.13448
0.743501
0.611517
0.752881
0.74252
0.752593
0.416893
0.591502
0.818568
1.48446
0.3365
0.823237
0.435124
1.41969
0.519094
0.907336
0.705813
1.5015
0.965729
0.328224
0.375332
1.60408
0.884037
0.731784
0.875894
0.95712
2.5807
0.829519
0.884417
1.88129
1.54589
0.684642
1.13869
1.28513
0.793192
0.786933
1.03872
0.77073
0.382371
0.67558
1.36716
0.904084
0.492102
0.922818
0.819149
1.12521
1.75702
1.39917
1.6681
1.13387
1.01244
0.972801
0.72149
1.72091
1.95246
0.519388
1.13933
0.341059
1.68947
0.982361
0.945947
0.99869
1.12318
0.867363
0.408884
1.02853
0.890393
1.55071
1.30437
0.72994
1.36629
0.710294
0.732975
1.29411
1.14623
0.396327
0.190305
0.962211
0.941578
1.06075
1.05377
0.799215
0.910253
0.941799
0.503774
0.858686
0.887971
0.979333
1.7823
0.972156
0.796568
0.963526
0.424962
1.47836
0.72551
0.79566
1.28683
1.52473
1.25998
0.740817
0.294535
0.730967
1.29826
0.978313
1.13361
0.486548
1.2765
0.49017
1.11311
0.786734
1.15337
2.46599
2.03439
0.719816
1.25696
0.846269
1.62358
1.6003
1.38587
0.664907
1.17116
0.582786
0.615815
0.642803
1.11953
0.913866
1.06445
0.673742
0.84913
0.883545
0.893739
0.453097
2.03825
1.57249
0.539897
0.741809
0.111388
0.740464
1.02951
0.284701
0.673593
0.609208
0.657158
1.72461
0.929104
1.98042
0.77015
1.16196
0.929743
1.28147
0.496538
1.76831
0.713479
1.18123
0.200822
0.691677
0.545991
0.986544
0.352066
2.53982
1.14042
0.580212
0.329355
0.54946
0.399258
0.756793
1.2564
1.68578
1.00717
0.682512
1.18768
0.238164
0.849037
0.636663
0.519351
1.82534
0.627341
1.50469
0.801681
1.24796
1.66217
1.92715
0.769408
1.12891
1.07209
1.12939
0.681168
1.57826
0.750861
0.206384
0.700246
0.917402
0.657194
0.784295
2.00563
1.78517
0.255527
1.62413
0.880357
0.5273
1.73178
0.873836
1.48714
0.849087
1.5557
0.500184
1.3397
0.915407
0.766685
0.911046
0.960678
0.776817
1.08465
1.19124
1.69237
1.0157
0.678534
0.891689
0.737588
0.769621
0.691124
1.01077
1.40727
2.21511
1.47405
1.36832
0.749673
2.08059
0.603179
0.853747
1.85337
0.680484
0.745076
1.24928
1.2733
0.864093
0.984089
1.61752
0.218999
0.733511
0.611601
0.367854
1.05067
0.993122
0.317229
0.543999
0.59261
1.17605
1.1846
1.23107
0.53909
1.13974
1.71919
0.850956
0.635466
0.764226
2.07525
0.700712
1.32379
0.371165
1.56407
0.341523
1.62413
0.368299
0.416123
0.623396
1.49278
1.05577
1.96679
2.21189
0.929504
0.433889
2.37833
0.959463
0.829205
1.01005
1.78767
1.48609
2.46548
0.506025
0.929401
1.14708
0.97313
0.571007
0.800189
1.51467
1.49776
0.6515
1.35041
0.863903
0.863078
0.905539
1.02894
1.03957
0.814698
0.676433
0.489046
0.416542
0.608404
1.79929
0.921152
1.49217
0.545112
0.836239
1.35134
0.628264
0.864428
1.98739
0.977107
0.732121
0.747036
0.803432
0.840194
0.560125
2.42515
1.27135
1.23718
0.841746
0.447288
1.70523
0.636582
0.694359
1.22126
0.985287
0.331605
0.264689
2.91048
1.85496
0.604524
1.05614
0.716081
2.30461
0.783073
0.797365
1.88733
0.395757
0.816634
0.74253
0.529402
0.101611
1.07454
0.872603
0.303886
0.750206
1.39278
1.33538
0.752345
0.552454
2.57356
1.1422
1.42826
1.01548
1.01455
1.02924
1.59408
0.613305
2.01778
0.913754
0.763083
0.140485
0.134533
0.24027
1.51952
1.41991
1.23405
1.75339
1.07598
2.04447
1.13729
0.903764
0.538465
1.67362
1.12025
0.58415
1.79529
0.758816
0.545665
0.952853
0.792225
0.772125
0.525935
0.970736
0.710771
0.576453
1.16315
0.814075
0.650614
0.928792
0.47902
1.68499
1.65547
1.52523
0.940343
1.01495
0.695334
1.61821
1.09805
1.42538
0.586363
1.41036
1.10139
0.913887
0.980962
0.684001
0.689018
1.33795
1.36319
0.784453
1.52379
0.536171
0.810461
1.26787
1.43993
0.721016
0.824784
0.665775
2.93473
0.634784
0.489956
0.26694
0.775294
1.12606
1.20395
1.17896
1.06985
2.41232
1.28328
1.03076
0.660511
2.15056
2.017
1.21852
1.25823
1.94059
0.981465
0.520896
1.70795
1.00362
1.54255
0.758671
1.44009
2.55608
1.05545
1.14457
1.01877
1.05261
1.40951
1.36061
1.58701
1.05349
0.135359
0.433446
0.48983
0.256444
1.20643
0.6168
2.5103
1.20863
0.646145
0.849962
1.05391
1.27905
0.486114
0.864618
1.23731
1.58348
1.34145
0.756168
0.984752
2.11834
0.909265
1.54956
1.06014
0.233185
1.25286
2.67982
1.4565
0.837443
0.897335
1.82084
0.819994
1.6315
3.0796
1.73339
2.35961
0.908761
0.877315
0.897103
1.30644
1.06931
1.37647
1.13756
1.02995
0.675601
0.764092
0.700656
1.24861
1.49821
0.609017
0.817588
0.355358
1.52466
1.66951
1.1467
1.4169
0.2492
0.520226
0.462894
1.62735
0.953143
1.47378
0.87853
0.822743
1.32549
0.471886
0.298888
0.755333
1.62554
1.53122
2.70002
1.68734
0.803651
0.94502
0.783637
2.01808
1.37306
1.24529
1.90731
0.596751
0.829565
1.05711
0.855715
0.599213
1.04256
0.523999
1.25282
0.749437
0.685908
0.517914
1.10489
1.08755
1.13369
1.96131
1.39614
3.08782
0.865342
1.79963
1.41062
1.62559
0.206684
0.691214
0.779777
1.06742
1.46321
0.802539
0.498775
1.26387
0.805233
0.318364
1.15478
0.843538
1.36798
0.70477
1.02081
0.730918
0.851628
0.821089
1.45786
1.25502
0.641462
2.28566
0.645314
1.64661
0.633123
1.27284
1.03718
0.61865
1.31674
1.13976
1.33987
0.85516
0.372563
0.427772
0.660474
1.24221
0.477516
1.87942
0.998091
1.19001
0.849139
0.768283
0.735134
2.78197
2.42267
0.41559
0.590792
0.349793
1.05987
2.2382
0.739122
0.543193
1.06064
1.44965
1.22737
0.612925
1.86907
0.258875
0.643889
0.694781
0.914262
0.779256
0.651396
2.15708
0.512493
0.940522
0.899886
0.974728
0.715111
0.383054
0.804324
0.629366
0.733186
1.37638
0.450051
1.35579
1.56692
0.741934
0.836523
1.26117
0.938134
0.608074
0.653093
0.112249
1.5898
1.03235
1.2931
0.933973
0.689296
1.01793
1.19952
1.36809
0.89412
0.200287
0.201721
0.755524
1.17071
0.528759
0.644957
1.56122
0.913446
0.556466
0.353593
1.13745
0.930431
0.411606
0.672465
0.442259
1.11459
1.54891
0.224246
1.83409
0.609767
0.764177
0.598378
1.25796
0.786571
0.861015
0.91976
1.00098
0.694169
1.1094
0.889226
0.448307
1.88106
0.631252
1.42368
0.81347
1.5271
0.534384
3.47568
1.32005
0.510897
1.40555
0.850019
1.00959
1.18045
0.983028
1.06502
0.914942
0.385449
0.304536
0.801028
0.666125
0.633901
2.17929
1.10333
1.11212
0.576223
0.450249
0.87096
1.0488
0.202604
0.979019
0.820944
0.714397
0.37111
1.90815
0.695672
1.02571
0.623707
1.80049
1.22994
0.937742
1.0275
1.20227
1.45507
0.413786
1.18071
1.34256
0.99509
0.765499
0.675707
0.86295
1.13061
1.14424
0.497971
2.82908
0.902525
1.34569
0.598984
1.29453
0.40929
1.25714
1.97094
0.930046
1.99707
0.909051
1.4037
1.16188
0.852423
1.54312
0.547679
1.08693
1.17167
0.84539
1.0089
0.954624
0.562684
0.38047
0.983018
1.08366
1.29626
1.02466
0.65587
0.431539
1.11124
0.185538
1.3179
1.60218
0.952197
0.800756
0.694202
0.957979
0.942566
0.975986
1.42805
1.58601
0.807742
2.01423
1.40316
1.01408
0.181616
0.731913
1.21511
0.645473
0.355838
0.697491
0.131898
0.860014
0.445406
1.09484
1.75154
1.20158
0.560175
1.00444
0.600847
0.719455
1.0982
0.64267
1.16033
1.59255
0.488761
0.794152
0.808923
0.684712
2.13381
0.902778
0.988197
0.346265
0.81794
0.521735
0.728198
0.845273
1.25169
0.229442
1.3571
0.882124
0.878291
0.693354
0.869135
0.989909
1.12363
1.17997
0.972471
0.795036
2.06625
0.849021
0.51955
0.307302
0.325292
0.573179
0.874491
0.858472
1.64519
1.11157
0.520887
1.0476
1.23322
1.45956
0.66576
0.64556
2.32396
1.74715
2.00734
1.54238
0.958648
0.612834
1.17521
1.07262
0.783581
0.365823
0.612627
0.691567
0.418158
1.78287
1.49778
0.0751602
0.615509
1.28873
1.44397
1.66392
0.365835
0.957251
0.725382
1.49432
0.791292
1.22553
1.2124
0.998131
0.873156
2.28121
0.929955
0.345576
0.687933
0.495241
1.00224
1.23072
0.872877
2.12457
1.68837
0.916965
0.63563
0.648964
0.625965
1.13569
1.04386
1.55896
0.69532
0.781187
0.748576
1.12074
1.50613
0.58755
1.10617
0.884326
1.42875
2.47943
0.841079
0.939272
0.128614
1.06361
0.690126
0.166698
0.831304
0.631656
2.11664
1.05246
3.95207
0.591804
1.02876
2.11361
0.84756
0.357161
0.683159
0.484139
1.02404
1.13523
0.225069
0.213194
1.55979
0.754363
1.00124
0.698277
0.854724
0.826511
0.517495
2.09735
0.81632
0.802479
0.648935
0.498487
0.89964
0.52595
2.31746
0.863618
0.567764
0.914267
0.811221
1.36678
0.594748
0.81984
0.871093
1.03288
1.7038
1.02382
0.978227
0.826594
1.14755
0.567845
0.797431
0.734079
0.766122
0.759949
1.05778
1.47028
1.00553
0.51375
0.965552
0.855502
0.66752
1.12536
1.4811
0.50077
1.53977
1.10141
0.620461
0.628227
0.630832
1.91398
0.95929
0.166335
0.445155
0.592982
1.29641
0.946893
1.45473
0.335596
1.32869
0.760413
0.290741
0.687656
0.415885
1.71627
0.299382
0.685942
0.506396
1.0776
1.1182
1.03675
0.857422
0.594331
0.883608
1.02931
0.197933
1.18341
1.09399
0.962725
1.83385
0.847808
0.785116
0.908568
1.24392
0.552562
0.360563
1.4987
0.497861
0.442099
1.58981
0.578349
1.08406
1.81572
1.14516
1.78714
0.864133
3.10084
0.984862
0.887348
0.450314
0.566719
1.00354
1.0413
1.18313
0.141453
1.42041
0.741509
1.43142
2.01857
0.378841
0.648508
0.908562
0.727142
1.64357
0.882436
1.39918
1.13146
0.244017
0.811208
0.90519
0.566483
1.20123
1.26253
1.0537
1.36639
1.36868
0.634472
0.606094
0.778515
0.440589
1.79198
0.724599
0.594841
1.83681
2.37433
0.78838
0.822258
1.00376
0.441742
0.64323
0.917556
0.892439
0.781155
1.61407
0.872127
1.13411
0.756477
1.03049
1.31845
0.19501
0.649266
0.298837
0.963761
0.801069
0.610936
0.91911
1.49237
0.61056
1.25937
0.761487
1.17265
1.6368
1.48857
0.87778
1.47864
0.870598
1.0244
1.82449
0.891961
1.14785
1.05134
0.869377
1.20969
0.943949
1.31473
0.395243
0.302589
1.01673
1.40233
0.688077
1.42424
0.892467
1.25262
0.761768
1.15093
2.53214
0.833254
0.852957
0.481856
0.782894
0.565209
1.12273
0.47595
1.34145
0.897524
1.24735
1.26933
1.37806
1.79962
1.15419
0.731039
0.938714
0.738077
1.31154
0.605216
1.31504
0.507014
0.667027
0.835442
2.1818
0.279081
2.03632
1.16392
1.27314
0.55371
1.21465
0.737427
1.60767
0.370976
0.929427
0.396941
1.10113
1.13467
0.940293
0.790881
0.626423
1.82816
1.18088
1.95322
0.965034
1.22618
3.36746
1.09013
0.726556
0.982178
0.95308
1.01951
0.849774
0.576954
0.712489
0.984693
1.63317
1.76185
0.251811
0.584944
1.01904
1.86692
0.909371
0.771532
0.783924
0.861828
1.67854
1.02478
0.305658
0.646729
1.26755
1.15653
1.10894
0.683868
1.38615
0.274352
0.769897
0.997993
0.688247
0.929274
1.06637
1.18153
0.770788
0.474423
0.725058
1.05894
1.9724
1.58486
0.7658
0.865921
1.21029
0.734984
0.697102
1.21866
0.76475
0.968414
0.458412
2.00331
1.49201
0.480741
0.337892
0.988284
0.692312
1.37323
1.0892
0.951839
1.17732
0.98442
1.68477
0.155643
1.24654
0.882994
1.97769
0.944225
0.939252
0.687887
0.899417
0.993409
0.542408
1.05641
0.830805
1.13958
0.81413
0.614637
1.98453
0.612558
0.909796
0.680864
0.941311
1.21302
1.21546
0.80707
1.37064
0.645315
0.88027
2.43755
0.947732
1.27113
0.774387
0.6374
0.83714
1.00469
0.211004
0.374295
0.501808
0.437135
1.26218
1.39345
1.27272
0.608655
1.59084
0.435668
0.740611
0.636708
0.828252
0.614295
1.2743
2.63562
0.782136
1.23609
0.233734
1.6065
1.06417
1.58446
0.788088
0.373817
1.31546
0.41703
0.419772
0.864097
0.592346
1.11277
0.889129
0.510647
0.897589
0.778563
1.8683
0.938472
0.438339
1.68553
1.441
1.8297
0.726304
0.861304
1.02652
0.777888
1.90756
0.654134
1.89797
2.30733
1.00011
0.558109
0.79084
1.20732
1.03499
1.09221
0.788074
0.472
1.57319
2.23077
1.40506
1.68731
1.30819
0.882532
0.756281
0.78424
0.587776
2.15082
0.44998
0.85658
1.82402
0.79788
0.0596414
0.602113
0.639187
1.25552
1.12778
0.820329
0.451677
0.339564
0.981271
1.30344
1.08455
0.868772
0.246712
1.27781
0.387466
1.01889
0.430142
0.575362
1.54485
0.585139
0.886152
0.550802
0.84056
0.838721
0.749539
1.00315
1.23066
1.85125
1.18793
0.766703
0.900412
1.09033
0.79665
0.521789
0.212016
1.69577
0.730305
1.05408
1.5737
1.09673
0.921859
0.933078
0.559179
0.6844
1.12638
1.3103
1.17374
0.94198
0.688687
1.00914
0.877227
0.949579
0.912861
0.773421
0.413196
1.62524
1.30598
1.63076
0.739641
0.798943
1.88834
0.344066
0.869531
1.10139
0.309248
1.5782
0.777476
0.439995
0.595022
1.52435
1.34714
1.09933
0.945717
0.897506
1.4797
0.612131
1.31809
0.874537
1.70974
1.6735
0.793727
1.04982
1.41841
2.85751
0.141112
1.01423
0.902286
0.0647313
1.46698
1.22943
0.591943
1.46559
0.551965
1.11052
0.613725
0.943639
0.814012
0.782847
1.04564
1.08825
1.31656
0.373589
0.614575
1.32449
0.51774
0.913716
0.746066
0.543152
1.37729
0.952724
0.566742
0.83739
0.611006
0.416912
0.569721
0.551577
2.47857
0.747552
0.384715
0.875737
1.80515
0.934282
0.459846
0.87319
1.23006
0.802396
1.12398
2.28271
1.10527
0.706065
1.18217
1.25355
0.98558
1.40831
0.567954
0.473511
0.545998
0.463247
0.990936
1.0715
1.68393
0.764639
0.75869
0.47257
0.834508
1.45665
0.764993
2.30381
1.25357
0.647156
1.87238
2.24239
1.08777
0.822247
2.03881
0.534188
0.246201
1.26338
0.623026
1.4338
1.33386
1.04827
0.974402
1.46073
0.720854
0.985297
0.41644
0.937014
0.598479
0.417048
0.601606
1.6002
1.26951
1.82117
1.54337
1.07234
1.22373
0.669461
1.50295
0.921087
1.26045
0.992112
0.433088
0.647955
2.59095
0.723112
1.52403
0.911178
1.0694
1.37043
1.1894
1.05038
1.49781
1.12046
0.652397
2.14346
2.94134
0.643365
0.677287
2.32752
0.468311
0.444627
0.446008
1.11185
0.93438
0.609916
0.732989
0.709551
1.64914
0.250917
1.15795
0.425543
1.46593
0.818021
0.952507
1.10407
0.941221
0.727156
1.36483
0.653757
0.497577
1.39457
1.03354
1.20883
0.726714
0.499221
1.19829
0.930258
0.641764
0.874623
1.62617
0.673049
2.802
2.52888
0.783706
1.25261
0.0702339
0.83772
1.26271
1.50706
1.26257
0.458811
0.742143
1.35754
0.486303
0.670079
0.180993
0.578304
0.441469
0.804665
1.17641
1.36692
1.45724
1.25609
0.973295
1.88634
0.877359
0.555712
0.694069
0.972215
0.419454
1.00689
1.6028
0.806207
0.912677
0.425974
0.681874
0.513846
1.25995
1.26585
1.11875
1.46616
0.972398
0.442543
0.659969
0.970813
0.762503
0.403476
0.819077
2.69896
1.42968
0.35015
0.607302
0.886156
0.403582
1.34723
0.921262
0.845143
0.77176
1.05605
0.821233
0.634283
0.618538
0.674373
0.941551
0.816373
1.42567
2.10694
0.76827
0.309057
0.770693
1.43233
0.725964
1.10972
1.70116
1.72115
0.791035
0.469537
0.745013
0.79237
0.904363
0.273847
0.633084
0.68601
1.24564
1.83596
0.479304
1.22675
0.47088
2.40828
1.17258
1.78371
1.10699
0.616142
0.637731
0.631567
0.251731
0.903353
0.402517
0.272301
1.45023
0.626789
1.12416
0.745879
0.471896
1.2885
0.733141
0.767772
0.835614
0.850908
1.0681
2.36449
0.88402
0.744146
0.29591
1.67903
1.12473
0.770108
0.547838
0.422672
0.868283
0.10289
1.2372
0.613622
2.25685
1.42299
1.1549
0.486663
1.10459
0.849455
0.734455
0.99233
0.772325
0.75365
1.0066
1.08301
0.553884
0.824916
1.60633
0.315511
0.964018
0.188334
1.23369
0.709117
1.47839
0.561829
0.301632
1.37432
0.95587
0.946316
0.906918
1.11617
2.15767
0.808101
0.435399
0.701247
1.03643
0.821266
1.46967
0.850145
1.34616
0.754697
1.07099
1.0352
0.749523
0.810255
1.37659
0.130923
0.66142
1.68391
0.420796
1.30203
1.00071
1.5226
0.231089
1.60905
0.728049
1.18949
0.810439
1.10423
1.07452
0.577961
1.86246
1.374
0.919693
0.97349
0.749783
0.575689
0.511303
1.08038
1.43222
1.44461
1.44713
0.77235
1.30274
0.50079
1.19055
1.14832
0.904542
0.704451
0.481171
1.14886
0.929451
1.0534
0.884224
0.686178
0.515699
1.91397
3.76499
1.1432
1.03936
0.615161
0.783292
1.11403
1.16257
0.804253
1.06123
0.339995
0.587977
0.784554
0.21591
1.46434
0.958593
1.48171
1.0046
1.25599
1.33509
0.996326
1.46732
1.24903
0.680879
1.09909
1.02447
0.181393
0.755215
0.940063
0.985757
0.571097
0.268574
1.35304
0.889925
0.534466
0.784498
2.21404
1.7285
1.10252
0.603275
1.40273
0.397777
1.85749
0.452489
0.503603
1.18568
0.453112
0.38975
0.479869
0.843782
0.732595
1.03281
0.809304
0.879991
1.55323
0.554997
1.8089
2.53042
0.998965
0.659124
0.390382
1.54308
1.17027
0.532752
0.771669
0.790233
1.331
1.86128
0.37611
1.28027
0.595207
1.0236
0.46823
0.712181
1.01175
0.818197
1.01907
0.614365
0.926977
1.64568
1.09974
0.654036
1.06021
0.65079
1.20128
1.99161
0.633939
1.27127
0.743074
0.80211
0.707008
0.523964
0.282222
0.146022
1.13287
0.753943
1.33764
0.707173
1.17162
1.34165
1.17092
0.463767
1.39239
1.14309
0.88614
0.773064
2.62331
0.907744
1.00786
1.55851
1.77963
0.77281
1.58685
0.999828
1.13204
1.27425
0.894912
1.05777
0.773266
1.00016
0.892388
0.666135
1.1096
1.20333
0.899497
0.734219
1.3147
1.94963
0.889088
0.866385
0.446256
0.875515
1.6852
0.942895
0.82893
0.873721
0.289948
1.03688
0.959808
1.09
0.803151
1.78156
0.901383
1.36096
0.580942
1.5941
1.36187
0.47219
1.20546
0.935337
0.891868
1.27369
0.659547
0.715733
0.737235
1.33902
1.8652
0.770062
0.396814
1.73344
0.68224
0.888095
1.276
2.16322
1.0551
1.54532
1.29465
1.12737
1.3177
1.36893
1.79214
0.841878
0.704061
1.17558
0.744229
2.2076
1.30979
0.863358
1.61418
0.425104
0.739868
1.30202
1.13341
1.09156
0.761334
1.00381
0.546593
0.675487
1.18154
0.299307
1.21969
0.926865
1.23464
0.1087
1.70433
0.635007
1.79092
0.591867
0.784932
0.273097
0.895974
1.35778
0.470705
1.29058
0.78438
1.10158
1.02845
1.26847
0.596814
1.48178
1.1301
0.682866
1.24162
0.640959
0.150002
1.01479
0.737117
0.708627
0.75451
0.961081
0.600709
0.639347
0.280032
1.08615
3.24107
0.244048
1.40939
1.2613
0.691763
0.888306
1.06822
1.05031
0.941264
0.284767
1.36077
1.07558
1.13776
1.31241
2.09274
0.209698
0.940249
0.888003
0.874307
3.88263
0.139851
0.258363
0.548857
0.762229
1.33192
0.769384
0.601054
0.495804
1.73873
0.359238
0.362812
0.152474
0.969019
2.13709
0.581954
0.536451
0.814226
0.888585
0.40384
1.24854
2.09343
1.00738
2.50404
0.670924
0.327119
0.531066
0.869232
1.21544
0.259143
2.06748
1.27586
1.25704
1.32812
0.202809
1.12421
0.673031
0.376446
0.456408
0.991777
1.97108
0.980471
0.822182
3.10473
0.170352
1.01748
0.903036
1.01937
1.49375
0.888972
1.09652
0.791758
1.22266
1.3773
0.818491
0.191453
0.767859
0.967236
0.668075
0.767715
2.1806
0.797816
0.908686
2.09383
0.589968
1.13137
0.880759
1.83199
0.976273
0.679607
1.61311
0.88714
0.670547
0.134027
0.457032
1.16233
1.90501
0.583124
1.4226
1.04249
0.534322
1.45715
1.71156
0.400185
0.863964
1.5422
1.83982
1.46559
1.84802
1.50192
1.15859
1.2574
1.06976
0.660846
0.973379
0.417779
1.54954
1.30545
1.65897
0.807462
0.88386
1.37929
0.180279
0.624188
0.33746
0.902113
0.916722
0.821986
0.591334
1.08418
0.73722
0.579758
0.364108
2.21179
1.26763
0.54336
1.71133
0.890527
0.766885
0.662707
0.669898
1.63769
1.32795
1.24939
0.461129
1.33776
0.832733
0.482592
0.859099
0.22379
0.817891
0.738206
0.60782
0.723044
0.588478
0.740981
0.755642
0.817267
1.29562
1.1206
1.61106
0.797745
0.491097
0.612754
0.957208
1.72108
0.690862
1.48758
1.18909
0.910661
1.18541
0.556692
0.666826
1.32341
1.2344
0.949636
1.56928
0.643228
1.24605
1.64179
2.09648
0.463919
0.933422
0.970353
1.13574
2.02582
0.953165
1.56423
0.950512
2.35534
0.725699
1.13905
0.600493
0.435686
0.636348
1.14205
0.665921
0.914575
1.91245
0.981732
2.56176
1.37846
1.08253
1.97502
0.136535
1.21844
1.05148
0.791581
1.26208
1.74936
1.55111
0.304961
1.67301
2.09469
0.877996
0.629354
2.08131
1.1204
0.932416
0.713668
1.24707
0.183783
2.13592
1.76129
0.807273
0.600567
0.948757
1.73128
1.15158
0.847535
1.28333
3.57688
1.68344
1.01714
1.68244
0.949692
0.805069
1.28026
1.74294
2.7138
1.63319
0.801626
0.759321
0.175806
0.698946
0.660586
1.32598
2.18758
1.32142
1.74996
1.0714
1.0283
0.463417
1.40239
0.937931
1.3802
2.08398
1.05902
0.765618
1.1154
1.75762
1.16827
1.04033
1.24367
1.43004
1.0183
0.67513
0.779704
1.86943
1.26997
1.04991
0.802899
0.963085
0.34892
1.05324
0.524276
1.70981
1.37659
0.91606
1.1416
1.7467
0.739782
1.23256
0.756896
0.718568
0.622766
1.18838
2.32525
1.95431
1.64368
0.81612
1.0069
0.837295
1.1841
1.9046
1.77723
0.721606
1.3268
0.495411
2.97675
0.591957
0.793044
1.54306
0.754492
1.18533
0.788565
1.57182
1.03904
0.753907
2.23422
0.173112
0.462464
0.44362
0.714663
0.526244
0.987319
0.46723
1.34069
1.44103
1.5215
1.38321
1.08121
1.30367
1.04852
1.12128
0.83712
1.31344
0.705811
0.690894
0.687587
1.03075
0.849159
1.0072
1.12209
1.64389
1.14041
1.01991
1.11353
0.491242
1.71504
1.2491
0.895421
0.925871
0.38009
0.480183
0.817355
1.49662
1.79578
1.30506
1.04206
0.386265
0.919246
0.668852
1.7923
0.720328
0.45623
0.651949
1.04276
0.833299
1.02406
0.72975
1.29783
0.878799
0.332769
0.963948
0.726374
1.19707
0.685396
0.584262
0.665723
0.601591
2.10409
0.640647
0.946861
1.74186
0.473486
1.25016
0.658608
1.54679
1.0063
0.158531
1.41046
1.78305
0.879343
0.442373
0.983993
0.86349
1.16464
0.702528
2.05439
0.489684
0.820747
0.699262
0.81272
0.361957
0.234454
0.722105
1.95041
1.02122
0.477353
0.765704
1.10101
1.15632
0.862165
0.748238
2.72998
2.20977
1.4319
1.39526
0.764617
0.798999
1.12093
1.07021
1.00294
0.674031
0.844545
1.00038
1.57399
1.01175
1.04468
0.485994
1.60864
1.26838
0.734162
1.06226
1.07662
0.285853
0.660836
1.58181
0.631679
0.764629
2.80581
0.872659
0.410846
1.00213
2.11737
0.910961
0.950712
0.776255
1.19191
1.56123
1.17529
0.98996
1.08609
0.905963
0.984023
0.523075
1.51616
0.28838
0.555204
0.616128
1.00965
1.15704
0.877575
0.659378
1.18481
1.30896
1.0331
0.976047
0.828077
0.737168
1.03403
0.598393
1.32326
1.05049
1.30963
1.67962
1.72081
0.974129
1.44819
0.543546
0.744025
0.752639
0.368689
1.19766
1.06002
1.75311
0.27377
1.24754
1.19151
0.540038
0.82321
0.923486
0.385005
0.599251
0.805742
0.809202
0.984322
0.964206
0.87735
1.15645
1.43215
1.80306
2.46335
0.414987
1.29604
0.726086
1.28891
0.894986
0.682965
1.24947
0.910411
1.02305
0.994916
2.06974
1.06078
0.689544
1.37906
0.949053
1.07961
1.97749
0.921772
1.52315
1.76526
0.552957
1.87195
1.12803
0.287789
0.758173
2.65337
0.289842
0.270093
0.81725
0.682363
1.65842
0.319113
1.26056
1.18666
0.857821
0.477197
0.605927
0.743213
0.894298
1.14656
2.97625
0.980318
1.74258
1.15939
1.04875
1.861
0.614682
0.670239
1.09349
1.36929
0.599693
1.73635
0.796916
1.59513
1.15268
1.71419
0.495319
1.25332
0.388105
0.753609
0.901845
0.564702
0.507292
1.27411
0.893737
1.32144
1.06498
0.401897
0.906958
0.958097
1.17634
1.09558
1.13867
0.996752
0.368268
1.05269
0.374711
0.699844
1.31089
1.05729
0.834822
0.907322
0.865181
1.73236
0.819979
1.04685
0.91892
1.02587
0.609063
1.16277
0.83224
0.919445
0.850402
0.756244
0.242291
0.925253
0.694725
0.0753925
1.14832
1.02912
1.10336
0.868051
0.77735
0.643235
0.788141
1.59984
1.19869
0.393733
0.991721
0.744436
0.397096
0.551905
0.609101
0.711417
1.25053
0.649705
0.738488
1.46478
0.598004
0.589361
2.22524
0.839951
1.92753
0.617758
0.45465
0.524016
0.697837
1.39972
1.85312
1.42952
0.248054
0.479792
0.720774
1.68859
0.465077
0.770003
1.43347
1.04823
0.63561
0.592339
0.68899
0.659477
1.60299
0.240371
0.690637
0.134266
1.96896
0.958217
1.75104
0.435671
0.606811
1.21715
0.529129
0.962296
0.863409
0.892726
0.911784
0.592531
0.789501
0.672991
0.92433
1.07325
1.44793
0.367341
1.49367
2.77225
0.563399
0.946428
0.613204
0.646196
0.941217
0.327593
0.691666
0.683727
1.48357
1.0498
1.08734
0.879287
0.790672
0.998309
0.740717
0.684776
0.725207
2.46506
1.68533
0.274251
0.580424
0.916458
1.7905
1.7986
0.746212
2.07674
0.539078
0.623327
0.856064
0.7381
1.02869
1.00129
1.1753
1.18829
0.304574
0.81547
2.22115
0.605052
0.540893
1.20654
1.00752
1.75683
1.94085
0.953969
0.764401
0.818542
0.516012
1.27153
1.23147
0.469542
1.0351
1.63176
0.568137
1.55829
0.935231
1.14811
0.547645
1.66252
0.84783
1.4519
0.759262
0.648325
0.643863
1.07112
1.36723
0.920975
1.139
0.387145
0.964591
0.812631
1.48167
1.32061
2.31812
1.29656
0.683574
0.711181
0.554029
1.13192
1.228
0.890524
1.32008
0.261019
1.29714
1.22368
1.14547
0.367842
1.30366
0.365478
0.611804
1.01279
0.966215
1.25385
0.597354
0.997388
0.809549
0.621145
0.890164
0.225776
1.04978
1.39583
1.17432
0.969897
1.55354
0.59776
0.386538
0.618508
1.30251
0.520752
0.653325
0.65379
0.782789
0.820751
0.95956
1.12282
1.01664
1.36083
0.796846
0.906247
0.86429
1.47849
0.818379
0.653572
0.73654
1.04593
1.67106
0.804879
1.02191
1.26575
2.02063
0.845283
0.690898
1.43955
0.687973
1.21898
2.48624
0.787725
0.907284
0.373252
1.14273
0.754615
0.725658
1.2369
0.592817
1.82722
2.13129
0.37385
1.19096
1.79135
0.472121
1.36106
1.0875
0.828538
0.722458
1.14076
0.817264
1.02917
0.550954
0.760938
1.23085
0.954768
1.82207
0.964254
0.696879
1.03233
1.01964
2.24105
0.797609
0.355606
0.650951
1.32021
0.747052
0.984657
0.616154
1.36341
0.915549
0.784424
0.552751
2.17954
0.725363
1.93431
1.23526
1.20041
1.04046
0.889189
1.1512
0.424615
0.543358
0.880892
0.837533
1.28283
1.28988
0.632712
1.34401
0.671646
0.77051
0.818895
0.27998
0.530991
1.32453
1.12797
1.15188
1.24248
0.6605
1.15513
0.121717
1.50713
0.483369
0.827678
0.49501
1.23908
0.38458
1.3945
0.873136
1.08738
1.62493
1.76423
0.329432
0.718177
0.747695
1.74218
0.601259
1.32095
0.829515
0.548334
0.375719
0.599067
0.504153
1.42058
1.35512
0.515131
1.80354
0.70716
1.15246
1.71689
1.43883
1.15448
0.956376
1.13417
0.630252
0.604792
1.60946
0.402703
0.991321
0.974051
1.70449
0.694042
0.881566
1.54646
0.57006
2.00972
1.30787
0.351856
1.01442
0.782544
1.00889
2.72825
0.757051
0.541438
1.1091
0.740518
1.2443
1.53725
0.814696
0.814331
1.21766
0.735164
0.0961248
1.03515
0.579453
0.771186
1.19589
0.937915
1.14676
1.21353
0.452001
0.479361
0.751048
1.37556
1.04962
0.467061
0.830141
0.934158
2.11406
1.2097
0.940797
2.4279
1.584
0.241894
0.999552
0.553626
1.72725
0.436351
1.67485
1.01973
0.996616
0.142265
0.6554
1.14528
0.570442
1.24406
0.457209
1.53748
1.18512
0.734764
0.741012
0.272763
1.07341
1.14502
1.39813
1.49874
0.709894
0.574706
0.781996
1.46422
0.757243
1.65084
0.804376
1.11648
0.296046
0.902395
1.49996
1.43711
2.24713
0.886496
2.54425
1.48618
1.52483
1.03412
1.5576
1.05597
0.850237
2.18859
0.581844
0.304887
1.27583
0.927812
1.00351
2.02135
0.779903
2.08566
1.56321
1.03396
0.922189
0.583739
1.25055
0.87353
0.493996
1.89182
2.15843
0.95436
1.39539
0.866428
0.646683
2.13908
1.18054
1.07534
0.449087
1.29527
1.58556
1.10198
1.40184
1.16815
0.816883
0.404108
0.942392
0.694567
1.67174
1.16329
1.90593
1.45173
0.908714
0.410292
1.08348
2.182
0.627574
0.326918
0.809049
0.41975
0.980915
0.704318
0.447466
0.0569756
1.04569
0.605769
1.63573
1.05456
0.923038
0.652858
0.951709
1.25909
1.8382
0.414666
1.46388
0.625042
0.757692
1.10083
0.497357
1.1613
0.794162
0.744007
1.09783
0.945646
1.33573
0.437134
0.842219
1.44131
0.977009
3.09149
0.941447
0.471985
0.981447
1.1254
1.59267
0.845085
0.626924
0.941481
0.207573
1.63954
0.740734
1.3247
2.03954
0.298837
0.939987
1.27176
1.11844
1.11607
0.880717
1.55924
1.06518
1.03665
2.00915
1.12348
0.673903
0.780329
0.764522
0.876468
0.979447
1.07764
0.629192
0.660293
1.18746
2.47897
1.91231
1.01501
1.18018
1.30557
0.991423
0.916216
1.29787
1.0521
2.30011
0.836301
1.49324
0.371475
0.540806
0.579493
0.841482
0.988675
1.43276
0.780209
0.373046
0.156617
0.673556
0.189046
1.35106
1.21624
1.39044
0.614829
1.32161
1.19348
0.776605
0.91014
0.566945
0.368992
0.495436
1.5587
0.815519
0.883434
1.65608
0.809924
0.82812
0.249859
0.809904
0.586645
1.33503
0.11461
0.890137
0.614077
0.48204
1.58885
1.59665
0.446258
1.32247
0.803738
1.1856
1.58845
0.640358
1.21428
1.11021
0.41673
1.42262
0.864243
1.77635
0.529463
1.12399
1.07844
0.853842
0.862513
1.45116
1.78039
1.23589
0.697424
1.74263
1.27021
0.625883
0.614151
1.05851
0.56564
0.726352
0.787826
0.68442
0.666715
4.58388
0.998803
0.676331
1.424
0.868682
0.487745
0.496278
1.17282
1.99984
0.872438
0.787036
1.12801
0.50066
1.04023
0.34551
0.236782
0.832576
1.1023
1.18614
1.39338
1.30162
0.778963
1.51813
0.820843
0.475416
1.06273
1.34665
0.282698
0.561533
0.723667
0.35209
1.72907
0.797578
0.618588
0.389019
1.26998
0.947997
0.667632
0.863879
1.58442
0.871299
1.016
0.815781
0.486184
1.83091
0.801663
0.539416
0.804328
0.713545
1.66065
0.976049
0.359202
0.662104
0.497711
1.05961
2.2669
1.69393
0.9287
0.322722
1.71839
0.96709
0.141201
0.724006
0.680069
1.37375
0.409587
0.643032
0.955147
0.354065
0.309009
0.528498
1.25716
0.624616
0.379522
1.76505
0.509968
0.936851
1.10867
1.06765
0.65611
0.716044
0.424492
0.838888
1.7109
2.11848
1.26434
1.06241
1.35952
2.5193
2.1599
0.834683
1.38261
0.522167
0.831764
0.353258
0.367185
1.20099
0.577994
0.232057
0.169864
1.20147
0.966664
1.43617
1.461
1.29163
1.26814
1.22553
0.463734
1.19105
1.81992
1.37571
3.71433
0.906977
0.480679
1.15664
0.593883
0.472416
1.35118
2.78082
0.180393
0.933939
1.19418
0.803524
0.756551
1.3686
1.22671
1.64835
1.74224
0.704612
0.788502
0.55667
0.930819
1.05686
1.14043
0.459528
1.04753
0.342355
0.424216
1.45332
2.79181
0.388797
0.430126
1.59888
0.797961
1.71255
0.537546
1.06386
0.382562
0.46569
0.702752
0.942888
0.680488
0.920396
1.21162
0.174948
0.597201
0.452006
2.04739
0.269433
0.587088
0.305719
0.888233
1.28537
1.30689
1.09716
0.414932
0.488161
1.15923
0.901907
0.122139
1.12551
1.09843
0.486338
1.57473
1.2083
0.664674
2.27337
0.203947
0.741305
0.704209
1.23801
0.707303
1.8645
1.25549
0.791728
1.09674
0.603703
1.26741
0.708837
1.37977
0.929955
0.565414
0.553468
0.660761
1.10398
1.23619
1.18978
1.28438
0.918054
0.360851
0.860336
1.81644
0.860817
0.928863
0.659732
1.10914
1.22695
0.584081
1.07817
0.572728
0.601121
1.45467
0.998789
0.870974
0.678199
1.04863
0.697325
1.01221
0.572539
2.01005
0.767522
0.693315
1.69197
1.16713
1.16117
0.549418
0.437956
0.912235
0.66737
1.05738
1.76309
0.786866
1.08213
0.844345
0.331774
2.21547
0.886785
1.45003
1.11729
0.98229
0.796745
0.865536
1.23595
0.834772
0.751499
2.63623
1.51492
1.31477
0.882734
0.168923
1.1372
0.899873
1.11524
0.484711
0.662294
1.0974
1.9063
0.0741726
1.16815
0.474796
0.527415
1.69418
2.833
0.657521
1.23142
0.88834
0.72878
0.94274
1.22674
1.29738
0.473269
0.929766
0.795532
2.28871
0.854074
1.22106
0.79463
1.62032
1.18057
1.83363
0.521954
1.50652
0.263491
2.27967
0.25851
0.608874
2.47214
0.576185
1.22206
1.16625
1.47158
1.5195
0.880702
2.8737
0.759514
0.70005
0.615338
0.624469
0.41753
1.70224
1.00468
0.227347
1.71671
0.401804
1.57234
1.36569
0.887574
2.31971
0.445219
1.21567
0.714971
0.672084
0.697219
0.957183
1.1084
1.68335
0.476035
1.15451
1.05821
2.16272
0.626815
1.28377
0.711464
0.578809
1.30734
0.231242
1.39051
0.478107
2.25662
0.71543
0.60553
1.13358
1.23687
0.61988
0.755259
1.0922
1.07421
0.453243
0.473864
0.93467
1.60852
0.916417
1.786
1.02293
0.866655
0.0675369
0.450069
1.08579
0.422419
0.855848
1.10497
0.914336
1.29568
1.14868
0.803601
0.858949
1.37255
1.79947
0.631458
1.03726
0.797801
1.45479
1.53471
2.61838
0.747309
0.866704
0.840401
1.09824
1.1191
0.84204
0.377471
0.65594
1.34617
0.897451
0.236605
0.872342
2.05099
0.935606
0.220703
1.04042
0.848657
0.839932
0.831289
0.591706
0.884645
1.25071
0.854071
0.766729
0.832778
0.848791
1.47865
1.18505
0.442102
0.324888
1.48583
1.25666
1.00499
1.15577
0.756462
0.100649
0.708781
2.18186
0.877149
0.272786
1.11406
1.03571
0.28964
1.0208
0.692097
2.1528
1.70036
1.06915
1.15766
0.875122
0.507045
1.07836
0.566537
1.69556
0.933953
0.975149
0.745052
0.353195
0.735815
1.81936
1.53879
1.21191
0.621318
1.094
1.00871
1.15056
1.25458
0.823219
1.35842
1.77736
1.04384
1.08256
0.994769
1.21967
1.43948
1.10006
1.53408
0.815673
0.352249
1.58073
1.067
1.40732
1.07489
0.705909
0.882986
1.98294
0.186034
0.617889
0.903689
0.325562
0.558703
0.88083
1.9508
0.93115
0.605923
0.779032
0.687267
0.774367
1.09021
0.259918
1.17213
0.858274
0.717004
1.18914
1.40887
1.27298
1.42391
0.146439
0.773442
1.01607
0.795531
0.736585
1.52381
1.14347
1.11374
1.53276
0.395498
0.663596
2.1838
0.330947
1.19237
0.766044
0.552658
0.343842
0.747931
0.530845
0.774671
1.3524
1.26098
1.8372
1.1473
1.07473
0.986213
1.02121
1.02307
0.999335
0.833298
1.0989
1.02834
2.73101
0.569183
0.925702
0.786795
1.28626
1.99286
0.810247
0.796481
1.91086
2.22478
0.913899
0.89679
1.0869
1.79446
0.523129
0.603708
1.74771
1.01809
0.494207
0.886911
1.67238
0.858291
0.675873
0.809717
1.08219
0.722189
2.05754
0.70888
0.638832
1.01719
1.11284
0.501607
0.632831
0.711606
0.882693
1.28354
0.932785
1.75487
0.547816
0.980392
0.528161
0.926569
0.758164
0.524102
0.984392
0.342107
0.612681
1.60724
1.22093
1.53727
1.45134
1.23271
0.387008
0.651467
0.653557
0.390525
1.84407
0.799436
0.864278
1.93214
1.10948
0.649911
1.0068
0.90882
1.46261
0.872693
0.726044
1.70218
1.78003
1.0476
0.567974
0.341342
0.654249
0.967164
1.68318
0.311797
1.99679
0.590487
0.984882
1.78543
0.958795
1.01001
0.859819
1.17089
1.16582
0.451469
1.26216
1.45884
0.778696
1.09198
0.92788
0.714606
1.49999
0.484936
0.666003
1.25402
1.25248
0.685955
0.833799
1.01717
0.358708
0.739466
1.64669
0.207299
0.829225
0.687642
1.79644
0.657145
1.59143
0.672471
0.728778
1.66915
0.26124
0.800382
2.04596
0.422309
0.39179
0.718796
0.480019
1.42677
0.792091
0.803881
0.874929
0.7586
1.82081
1.61932
0.98854
1.32596
0.495291
0.646574
1.13675
0.794347
1.11004
0.492833
0.501683
0.828749
1.12785
0.977681
1.24723
1.63388
0.800456
1.42733
1.01104
0.31865
0.793927
0.734569
1.18033
1.65501
0.918484
0.315516
1.38322
0.848264
0.874051
0.613624
0.708522
0.884713
0.64905
0.736049
1.11692
0.858925
1.34846
0.463239
0.773254
0.990925
0.732751
0.4506
1.99174
1.66332
0.525445
0.568361
0.539619
0.555911
0.451565
1.93849
0.529625
0.831644
2.19537
0.870411
1.00512
0.777543
1.74977
1.48784
0.812543
3.39372
2.16288
0.583425
0.209391
0.278332
0.867374
1.2132
3.60518
0.617967
0.475447
1.0863
0.696283
0.615954
1.03954
0.440423
0.583373
1.43547
0.798705
0.229556
0.993575
2.95619
0.799465
1.46364
0.866565
0.894155
1.66113
1.48969
1.63441
1.3004
0.79764
1.46558
0.944564
2.82547
0.93416
1.18044
0.861185
0.965446
0.874818
1.78191
1.44658
1.17571
0.37334
0.569671
2.30532
0.530669
0.798182
0.589128
0.857731
0.952511
1.02046
0.58508
0.523221
0.196746
0.864921
1.27928
1.70907
1.00409
0.672765
0.763567
0.0910535
0.749314
1.45455
0.979169
1.21584
0.873709
0.306986
1.58462
1.21027
1.54608
1.219
0.872657
1.11192
2.36553
1.07007
0.706379
1.30368
1.98096
0.976682
1.16331
0.946214
1.74845
0.797838
0.66735
0.767133
0.858367
0.758212
1.73554
1.32626
1.10566
1.32793
0.838795
1.322
0.4714
0.832535
1.98737
0.998591
0.974537
1.22412
0.556499
0.832565
0.30479
0.912118
1.38765
0.621642
0.553676
0.708655
1.27529
0.182811
1.84134
0.740665
1.01622
0.84849
0.843342
0.970425
1.45802
0.907719
0.989246
0.552015
0.536982
1.55391
1.03033
1.25062
1.34393
0.958063
2.2002
0.901246
1.3654
0.999363
1.55093
0.286874
0.959583
1.08797
1.41615
0.850865
0.965535
1.08044
1.37474
0.896539
1.17982
0.407868
0.412399
0.764915
0.793769
0.28596
1.97036
0.0732695
0.700083
1.44887
0.97602
1.37892
0.426329
0.534906
0.858872
2.1729
0.357375
2.04603
0.947918
0.726039
2.22099
0.86492
0.885597
0.544281
1.35194
0.429316
0.942377
1.54299
0.790399
1.97956
0.491843
0.637315
0.816783
2.60823
1.50377
0.723114
0.592779
0.683942
1.01657
1.90563
1.06712
1.02612
0.504654
0.665498
1.23947
1.61146
0.783389
0.763324
0.731969
1.05616
0.607641
1.35319
1.01999
1.00227
0.481905
0.831441
0.898877
0.732981
0.862125
1.1356
0.57252
1.68578
0.943513
1.0351
0.900721
0.581999
2.79016
0.618936
0.452788
1.19189
1.11288
0.823603
1.44502
1.47844
0.275096
1.55967
1.57387
2.25289
1.12584
1.64395
1.78057
0.59564
2.01852
0.863504
0.719894
0.799834
0.540131
0.848596
1.58594
0.268767
1.64418
0.910362
0.948813
0.741627
0.867373
0.790932
0.884152
1.13426
0.65792
1.3596
0.879388
1.42992
0.616095
0.795713
0.932531
0.80473
1.96841
0.541224
1.21294
1.01534
1.49696
1.34135
0.67858
1.27281
0.681231
1.40144
0.663112
1.81823
1.62604
1.50824
0.842263
0.603751
1.08353
0.917997
1.483
0.998055
0.749099
0.686406
0.943352
1.12828
0.681759
1.20861
0.78632
1.08073
0.666548
0.859806
0.76705
0.535964
0.930927
1.73803
0.238377
1.17272
1.40837
1.01941
0.893361
1.87547
0.868715
1.03204
1.35893
1.1162
1.25288
1.60898
0.809081
1.69226
0.247624
0.788512
3.05085
1.4223
1.02802
1.01743
0.942829
1.07992
0.532568
1.42277
1.00142
0.92223
0.171321
1.4885
0.0968009
0.881596
1.21542
1.46128
0.910431
1.59385
0.882877
0.398616
1.00143
0.605111
2.48711
0.696335
0.566065
0.207947
0.921631
0.937388
0.379304
1.00027
2.11943
0.900672
1.00288
0.536173
0.729128
1.06283
0.922739
1.5996
0.771874
1.12843
0.495523
0.966966
1.5229
1.58805
0.609643
0.228552
1.21413
1.17732
0.78225
0.700377
0.957467
0.894161
0.650277
2.14077
0.584405
0.863065
0.987948
0.263688
0.790161
0.777073
1.58796
0.401896
1.27186
1.16513
0.776315
1.69828
0.667516
0.160343
1.08843
0.756963
0.819204
1.5269
0.81597
0.150237
0.860714
1.31834
1.08479
0.661047
0.76187
1.52493
0.864905
0.45132
1.21927
0.805659
0.644692
1.666
0.479424
0.104127
0.858352
1.28076
1.04244
0.770812
1.19316
3.00075
1.19082
1.26416
0.622473
0.789952
1.05629
0.791293
2.33007
0.707508
1.03791
0.880598
0.711067
0.343736
0.77524
2.19397
0.790059
2.10208
0.708378
1.35172
1.32199
1.24744
0.379632
0.654123
0.976231
1.19688
0.69881
1.26909
1.38176
1.12453
1.40235
1.12162
0.790339
1.5093
1.12672
0.636273
1.15284
0.957677
0.767042
1.10587
1.2955
1.02181
0.9291
0.5107
0.79802
0.790333
0.721683
1.01585
1.13593
0.59128
0.340272
1.03137
0.911399
1.62559
1.07753
0.529624
0.426405
1.10626
0.864014
0.552071
2.07008
0.754961
0.94864
1.0202
0.357085
0.80186
0.468834
1.07676
0.971422
0.942023
1.38375
0.83442
0.407369
0.856132
2.19972
2.02066
1.24671
0.88175
0.590031
0.934099
0.0739256
0.742242
1.16589
0.913917
1.3088
0.580157
0.672111
0.9295
1.17386
1.23313
0.97284
0.771926
1.09617
0.124649
1.24804
1.52781
0.883423
0.180899
0.618574
0.651258
1.16771
1.02576
0.633134
1.55947
1.58761
1.19856
1.21244
1.45118
1.35769
1.72904
0.36776
0.0886152
0.47258
1.54273
2.31442
0.623848
0.769101
0.971694
1.16235
0.727585
1.44507
0.859228
0.723447
1.00543
1.51146
0.930957
0.875022
0.714548
0.5442
0.802073
1.80871
1.33658
0.610481
1.05679
1.96827
1.25243
0.640995
0.781431
1.54252
0.787734
0.624822
0.712703
0.641784
0.760435
0.21801
0.81064
1.86247
1.22435
1.39076
1.00351
0.669
2.39865
0.959424
0.850502
2.23414
0.846918
1.09265
1.89401
0.946726
0.652837
1.05938
0.856532
0.675308
0.449484
0.921459
1.00651
1.40173
0.879085
1.28765
0.997592
2.74773
0.295131
1.38136
1.74763
0.791951
0.517953
0.784677
0.689627
1.90315
0.63104
0.696263
0.554321
1.03519
0.736954
0.524238
1.7205
0.67735
0.906599
0.758692
1.38985
1.36805
1.14248
1.09813
1.04704
0.476021
0.736941
0.968204
0.492225
1.11426
0.692762
1.21195
1.11862
1.47002
1.591
0.802051
2.26889
0.680082
0.823637
0.690449
0.412916
1.34423
1.65142
0.942543
1.21059
1.0329
2.87648
0.852088
0.852543
0.809345
1.20861
0.331894
1.24176
1.17132
0.874828
2.68454
0.864999
2.37174
0.873755
0.762676
0.647739
1.28818
0.575263
1.77593
2.07069
0.853909
0.781097
1.64358
0.418342
1.17446
0.979596
1.55419
2.32434
1.12208
1.60823
1.44774
1.36639
1.01335
1.9227
0.765376
0.399448
0.945647
1.1405
0.520058
0.386435
2.30312
0.824739
1.28904
0.815834
0.980474
0.457059
0.969767
0.665868
1.04329
1.04029
1.14698
0.792501
1.34043
0.805147
0.736894
1.95384
0.465323
0.127326
1.66565
1.16611
1.1129
0.277424
1.22841
1.19319
0.628506
1.05195
1.08491
1.1435
1.00642
1.56721
1.37455
0.835929
0.731577
0.79611
1.40927
1.50608
0.789308
1.8165
0.972388
1.87926
0.982079
0.928017
0.84322
1.85618
0.608839
0.578053
1.87923
0.544406
1.21372
0.687144
0.652243
0.830958
1.26016
1.21465
0.648629
0.686592
0.627778
0.573414
1.5726
0.632082
2.08182
0.562701
0.301018
0.817849
0.656367
0.866763
1.23373
0.778431
1.42734
2.01627
0.917776
0.661523
0.18426
0.945951
0.974344
1.01195
1.06625
0.441448
1.52394
0.753219
1.2557
0.652708
1.04132
1.07299
0.646356
1.81036
0.519231
1.16204
1.34339
0.895992
0.653838
1.33365
1.76931
1.53818
1.2795
0.186139
2.82505
0.986133
1.33618
0.836798
1.40175
0.875273
0.967634
1.11743
0.246764
0.504235
1.18964
0.574299
0.902617
1.51437
1.07004
0.144501
1.17475
0.566594
1.29356
0.641987
0.902011
1.64951
0.540373
0.624309
0.854268
0.592211
0.850783
1.15196
0.571674
1.17005
1.33735
1.09987
1.44787
0.683953
1.96953
1.52755
0.136246
0.711752
0.880997
1.30346
1.888
0.777887
1.47321
2.01688
0.828231
0.293649
0.810011
0.661561
0.37368
1.68765
0.196173
0.316415
1.2074
1.69446
1.01776
1.0354
1.34368
0.410976
0.710532
0.710968
1.30618
0.511381
0.348219
1.50562
1.14926
1.54375
0.378413
0.455886
1.57331
0.802081
1.22958
0.842666
0.59348
1.29249
2.15018
3.01772
0.810929
0.756164
0.341612
2.02781
1.64741
1.92618
1.47955
1.03241
0.872931
1.57849
1.97807
0.953089
1.0783
1.0276
1.18851
0.484995
1.50776
0.942299
0.535409
0.448045
0.521725
0.867969
0.514135
0.664867
0.615505
0.994273
0.465621
1.07785
0.993997
0.961063
1.078
0.819456
0.88167
0.629115
0.696917
1.58691
0.685769
1.21416
1.15855
0.838828
0.721196
0.462268
0.822758
1.15836
0.331415
1.07397
1.54615
1.1098
1.19754
1.28304
0.831234
0.854299
0.275695
0.869158
0.574037
0.937208
0.533515
1.09744
0.981092
0.642597
0.958387
1.66553
1.32345
0.799533
1.01328
0.783248
0.839727
0.749727
1.1862
1.08221
0.302016
0.411673
1.26464
0.997956
1.21734
1.01303
0.41502
0.415985
1.06383
1.00084
0.959948
1.07021
0.352563
0.298663
1.07359
1.95963
0.805736
1.22074
0.853664
1.20132
1.07306
1.49417
1.05229
1.4416
0.841721
0.762158
0.66266
1.39457
1.06157
0.436055
1.37531
1.75122
0.934443
0.84586
0.618876
0.692394
0.781856
0.810063
0.973549
0.65036
1.61589
0.408374
0.921171
1.69931
0.588216
2.46421
0.218138
1.17565
0.582635
1.65331
0.63059
0.52362
1.42069
1.03393
0.442455
1.70289
1.47995
1.83319
0.785578
0.354213
0.940199
0.727089
0.5252
1.70567
0.447806
0.50688
1.05156
1.05628
1.43924
1.19047
1.78811
0.295868
0.633791
0.685496
1.70816
0.457014
1.06403
0.967847
0.500356
0.820431
0.511833
0.947482
0.576266
1.50249
1.16024
0.989709
0.67526
1.05761
0.94988
0.501298
0.931292
1.39271
0.876872
0.799308
0.720513
1.71785
0.656469
1.09945
0.874127
1.2341
1.3028
1.37963
2.22366
0.113168
0.700424
1.05999
0.541456
1.18035
0.898109
0.791353
1.37796
0.781332
0.765872
0.608403
0.582278
0.585788
0.525805
1.26591
0.577569
1.85099
1.28854
0.445595
0.815692
1.14827
0.978492
1.62865
0.776136
1.39873
1.81123
0.747468
0.867603
0.302075
1.13546
0.945238
1.74784
0.930426
0.731644
0.895581
1.11709
1.23532
1.7819
1.60059
1.04881
0.556638
1.0133
0.555217
0.928324
2.30898
0.585234
0.453532
0.525291
0.997997
0.582135
0.912469
0.679394
2.5283
1.41882
0.66833
1.56852
1.94303
1.12891
1.22043
0.699308
0.765655
0.365292
0.637615
1.56119
1.35174
0.863223
0.75072
0.374582
0.633866
1.02607
0.333268
0.249848
0.696832
1.25039
1.79426
0.608628
0.799385
1.17553
0.401885
1.69431
1.76858
0.779309
0.115927
0.821048
1.192
0.991289
0.908471
0.303334
0.458698
1.29285
0.801423
0.574328
0.0977077
1.53528
0.442277
0.479451
1.87545
0.977555
0.898741
0.413664
1.10525
0.131024
0.626817
0.709771
1.55147
0.779363
1.04803
1.60402
1.97076
0.936541
0.495505
0.614269
0.884532
0.872158
0.296334
0.683582
1.8614
0.206904
0.600778
1.7742
0.763281
0.729175
0.548363
1.09983
0.658534
0.966208
1.08169
1.2738
0.553228
1.09414
0.377762
0.444762
0.311881
1.8015
0.912301
1.3364
0.800652
0.503838
1.8547
0.408389
1.34601
0.596359
0.324972
2.37458
1.90361
1.0219
0.428599
0.30666
0.124262
0.674543
1.77133
1.48323
0.894675
0.981855
1.01964
0.387877
0.645031
0.686449
1.55867
0.271632
0.458719
0.702194
0.30171
0.913824
0.618933
0.644636
0.909838
1.57705
1.08003
0.740424
1.42103
1.23682
0.696494
2.56003
1.18926
0.7885
0.669201
0.861454
0.788406
0.877923
0.736998
1.10832
1.28926
0.770109
0.723873
0.475293
0.524326
0.417095
1.18395
0.560553
1.70434
0.954129
1.66956
2.32197
2.13093
1.28236
0.812157
2.09313
1.46602
0.568569
0.240985
1.25278
1.24937
0.0434845
1.56959
1.173
0.815546
0.707313
1.151
1.51597
0.806485
0.479462
1.40053
1.8428
1.28623
0.585351
1.16428
0.393575
0.583785
1.39407
1.28343
1.59717
1.00208
1.21584
0.589766
0.646556
0.811508
0.738377
0.812895
1.72908
1.02368
0.518925
0.989765
1.55914
0.583104
0.579532
2.39647
1.14906
0.615443
1.4104
0.814202
1.01637
1.13738
0.639999
1.24093
1.94259
1.66422
0.868034
0.710599
0.708551
1.24802
0.735256
0.783815
1.01807
0.529941
0.659111
1.00544
1.08447
0.450705
0.330168
0.392763
1.42565
1.69352
0.824456
0.592633
0.749159
1.68859
1.70853
0.763313
1.10555
0.821356
1.53393
0.275205
0.600548
0.82949
0.828722
0.815443
0.907089
1.84137
0.481985
0.721429
1.22659
0.710733
0.141002
1.2256
0.70487
0.9421
0.772891
0.397326
0.482629
2.01117
0.909773
0.901487
0.132519
1.47222
0.154763
0.852577
0.986687
0.695056
0.944782
1.31848
1.18187
1.89482
0.423745
3.41676
0.801033
1.34803
1.17464
0.823805
0.553604
1.11705
0.884697
0.95747
0.556343
0.853751
0.941383
0.766011
1.07045
0.2997
1.44403
1.07746
0.540721
1.73685
1.27084
1.11261
0.79258
0.752966
0.268361
0.81758
0.744887
0.925423
0.565829
2.32737
0.516085
1.74053
0.886143
0.179577
1.06498
1.58507
1.08854
0.636775
0.942795
0.557533
0.475452
0.679452
0.406678
1.13423
0.890791
0.745906
1.6683
2.10192
0.725285
1.47846
0.950685
0.795857
2.34706
0.990077
1.18727
1.07249
1.07073
0.852402
0.881719
1.31209
0.621833
1.79344
1.17833
0.899474
1.43131
1.31187
1.2899
1.35491
0.342394
0.386685
1.06138
1.62088
1.00945
0.153087
0.489142
1.66454
1.05148
1.40983
0.791606
1.51042
0.771298
1.33673
0.665834
1.09519
0.720356
1.813
1.60993
0.65176
1.29818
0.944958
1.14553
1.18661
0.2026
1.0102
1.25087
0.666105
0.741704
1.29467
0.921582
1.16987
1.02673
0.645256
0.335633
1.28537
0.186639
0.706778
0.849315
0.442934
1.28722
1.20199
1.03549
0.582261
1.56897
0.779438
1.39105
0.657231
0.280265
1.03503
0.0926773
0.894042
1.08832
1.18582
1.25168
1.84221
1.01222
0.245318
2.34392
0.675012
1.47684
1.1392
0.893846
0.880976
0.769096
1.18562
1.08101
0.645171
0.509388
0.877932
0.692381
1.56591
0.282415
0.647335
1.23166
1.29321
0.21125
0.844962
0.390866
0.653024
0.357399
0.633327
0.945984
1.10869
0.686836
1.47057
0.637247
0.610192
1.09902
1.11579
0.918599
0.379347
0.623459
0.878532
1.74122
0.855882
0.742075
1.00535
1.2887
0.423955
0.586858
0.73243
1.30505
2.14618
1.28927
0.486381
0.755337
0.648549
1.38702
0.638679
0.847983
0.137044
0.834651
1.90851
0.328826
1.36418
1.35751
0.919175
2.26709
1.04908
0.337533
0.662394
0.0954962
