1.77108
0.566702
0.933915
0.979587
0.991157
0.060079
0.63705
1.9786
1.07795
0.705028
1.86159
0.231702
0.767405
1.06211
1.24731
1.47837
0.837513
0.607766
1.90939
0.415106
0.925009
0.6251
1.60865
1.58298
0.658674
1.59202
0.325281
2.18446
0.270648
0.840217
1.47476
0.702556
0.571585
1.07881
0.677768
0.582764
0.867977
0.464245
2.21276
1.09698
1.03527
1.02607
0.306872
0.677175
0.634773
0.954408
1.59455
1.17111
0.551819
1.36288
1.35536
1.58029
3.53082
0.780005
0.496919
0.934671
0.669629
0.826689
0.823621
0.537914
1.06686
0.517853
1.04381
1.09934
1.94324
0.688235
1.09838
0.786034
0.160888
1.56226
0.997557
1.41066
0.69732
0.937662
0.79969
1.28996
1.01365
0.661215
0.976027
0.585596
0.380675
0.920726
0.497747
1.07597
2.7622
0.496839
0.696998
0.9897
0.438323
0.639358
0.127713
1.02446
1.08122
0.968343
1.30066
0.203017
2.29891
1.86536
0.239255
1.90985
1.6696
0.522522
0.936819
1.02593
0.399412
0.584724
1.53996
0.735154
0.821398
1.1685
1.01011
0.515353
0.430456
1.47425
1.18684
0.610493
1.01482
1.54556
0.924558
0.867845
0.564315
0.49137
0.862455
0.89412
0.790701
1.31179
0.961592
0.68547
1.40691
1.20163
0.672865
1.3867
1.46126
0.675738
1.06553
0.501493
0.302807
0.0912151
1.51548
0.816647
0.783135
0.658377
0.615186
1.27125
0.783609
1.44207
0.9462
0.48
0.761706
1.5676
1.20268
0.203049
0.611279
0.467393
2.58364
1.52441
0.452996
1.01505
0.871063
0.774589
0.716774
1.89842
0.607397
0.657643
0.309673
0.629056
1.11285
0.350821
1.62955
0.974678
1.04844
0.800109
1.27034
0.742426
0.751861
2.0731
1.8025
1.49264
1.19002
0.887719
0.722728
0.847981
0.88247
1.48524
1.39813
1.70548
0.609639
0.995727
0.453273
0.436432
1.09923
0.52835
0.80048
1.27771
0.997867
0.881968
1.61107
1.15147
1.19829
1.00673
0.580117
0.752521
1.41235
0.455748
3.11638
0.485971
0.348783
0.360713
1.48254
1.63301
0.618173
1.97371
0.860628
1.48554
0.810019
0.181646
0.151615
1.0602
0.784052
0.705102
0.720557
0.638381
0.185042
1.57217
0.864536
1.18043
0.37172
2.12808
0.41906
0.789616
1.0828
0.898871
1.36476
0.619469
1.21613
0.905484
0.328232
2.06859
0.632064
1.00419
1.99166
1.38287
1.79676
1.021
1.52415
2.11756
0.735973
0.651626
1.73555
0.819097
0.411583
1.17171
0.892604
1.33763
0.863645
0.688398
1.24995
0.721321
0.839118
0.778679
1.12693
0.519355
0.480093
0.64803
2.74944
1.40925
0.517261
0.711677
0.672566
1.8088
1.28968
1.50798
0.926275
1.34485
0.489685
0.555133
0.169691
1.08192
1.51382
0.822283
1.50556
0.458659
0.547641
0.412063
1.3844
1.35904
0.502164
0.893635
0.309869
0.668867
0.706721
0.600639
1.30077
0.475323
0.805365
0.809385
1.18634
0.572635
0.837987
1.05781
0.501402
0.349251
0.935698
1.52063
1.93574
0.85412
1.05557
0.64569
1.2344
0.835886
0.431955
1.10263
0.770547
0.620109
0.988076
1.05997
0.691599
1.43223
1.69349
2.86352
0.64016
0.608496
0.749881
1.33399
0.695319
0.534831
0.96592
0.779283
0.925541
1.01253
1.05493
0.89822
1.33507
0.730389
0.559383
0.857891
0.798383
1.42056
1.36847
0.650079
1.04429
0.906329
1.26813
0.852581
1.26804
0.319166
0.582566
0.56774
1.40193
0.379767
0.868277
0.664171
0.789187
1.15969
0.707014
0.749009
0.716909
0.398096
0.562123
0.566343
1.40294
0.472224
1.01677
1.40031
0.776829
0.781288
1.13607
0.944369
1.1663
0.415332
0.625636
0.92666
0.795998
0.85812
0.646273
0.823849
0.42512
0.920496
0.602677
1.75763
0.238936
0.406402
1.52935
1.19455
0.829349
1.25342
0.695923
1.52866
0.424596
0.984547
1.03874
2.08205
0.906325
1.0806
0.70729
0.95619
0.650931
0.788852
0.608026
1.43549
1.58335
0.551282
0.410714
0.656521
0.819278
0.948367
0.721719
0.709481
0.38401
0.599347
0.974296
1.60808
0.430262
0.649072
1.35658
1.356
0.634424
0.547814
1.3067
1.26383
1.30191
1.61821
0.618026
0.992197
0.904738
1.17018
1.41996
0.728469
1.2609
2.17632
0.377316
1.35479
0.612071
0.291033
1.71858
1.2319
0.495862
0.616342
0.422598
0.781024
1.06475
0.884906
0.394578
0.197392
0.837413
1.3749
1.30746
0.724118
0.628393
0.686284
0.661965
2.4607
0.98529
0.524048
1.20355
0.591203
1.19792
1.75296
1.67633
0.313918
0.480129
1.29163
0.53735
0.0639113
0.620239
1.23231
0.482452
0.732565
1.58641
0.673975
1.35281
1.07495
0.774149
0.768017
0.905542
0.559923
1.01652
0.863938
1.78334
0.77166
0.969132
1.75661
0.822414
1.81984
0.491926
0.576599
1.6398
0.390538
0.626654
1.2806
1.1609
0.513765
0.946043
0.62584
1.27612
1.48053
1.93592
1.10546
0.588894
0.834707
0.743452
2.17343
1.01532
0.902557
0.605382
1.10408
1.03893
1.29212
0.361354
1.05318
2.26187
0.68767
0.790477
1.77834
0.683257
1.06233
0.779697
0.810187
0.390247
0.621306
0.989001
0.633144
1.49717
0.746835
0.830364
0.659628
1.06147
1.84278
1.01511
0.893073
0.862246
1.49074
1.04958
0.618782
1.19519
0.987696
1.08041
0.945338
0.573532
1.77348
1.15242
0.858152
0.555395
0.858067
0.944167
0.448343
0.415654
0.391154
1.85998
0.549456
1.64865
0.904924
0.59853
0.620439
1.30716
0.948237
1.05125
1.91368
1.15166
1.10131
0.821885
0.836783
2.10675
3.7646
0.514273
0.846101
2.37391
1.55853
0.881751
1.82902
0.539488
2.39941
0.718917
0.821722
0.9444
0.659488
0.753637
0.483925
0.769602
1.37377
1.29919
0.655978
2.09567
0.567866
0.761037
0.373419
0.583587
1.27387
0.699723
0.911102
0.726993
0.654439
0.635496
0.536663
0.760154
0.50862
0.577251
1.10152
0.495911
1.40825
0.57567
0.390728
1.84065
1.38577
0.0997067
0.504919
1.75847
0.647195
0.554227
1.28365
1.02177
0.498997
0.740399
0.751445
0.929737
1.49197
0.435227
0.484845
0.525666
0.564288
2.35592
0.55509
2.45212
0.962432
0.532104
1.59853
1.0068
0.688085
1.38912
0.410306
1.08755
0.377489
0.698007
1.02344
0.407523
1.01524
0.363045
2.50852
0.918446
0.70374
1.69864
1.95212
1.11506
1.05366
0.96743
1.27908
0.567346
2.39028
0.470445
0.250303
1.49853
1.48134
1.07318
1.68921
0.630564
0.955407
0.889778
1.62815
1.74838
0.513202
0.404496
0.710494
0.390145
0.867894
0.420913
1.14638
0.67594
2.5749
0.876888
0.969321
0.670479
1.07841
1.43024
0.656913
1.68773
0.435047
0.880806
0.926217
0.668565
0.782393
0.904224
0.555687
0.628916
0.701304
0.956089
0.25353
1.32058
0.774822
1.16043
1.31169
0.512569
1.39881
0.855625
1.12424
0.973974
1.95766
0.634651
1.01832
1.06892
0.949357
0.73431
0.571784
1.88296
0.944
0.542219
1.08052
0.660639
1.06532
0.914433
1.14875
1.14904
2.1531
1.95053
0.33209
1.36004
0.600912
0.75105
1.77178
0.687711
1.57653
0.666116
1.23869
1.00226
1.38727
0.86983
1.07928
0.60733
0.271181
0.678531
1.09277
0.829381
0.726547
1.35758
1.53727
1.54338
0.320236
1.55455
1.19482
0.400484
2.30424
0.589129
0.592243
2.39351
0.530527
1.04157
1.05265
0.695962
0.551058
2.50429
0.85244
0.576662
0.337892
1.16216
0.899624
2.6487
1.28108
0.832524
1.58946
1.06641
1.15402
0.485705
1.13125
0.171805
0.675138
1.0216
0.223614
0.382367
0.708153
1.22587
0.826147
1.42645
0.738822
1.23599
0.445647
0.790167
1.82455
1.35401
0.410635
2.04556
0.76813
0.924803
0.585799
0.816831
0.806695
0.404035
0.236376
0.510348
1.61435
0.826722
1.35782
0.581874
0.847074
0.543271
0.852032
0.906231
0.564465
1.62215
0.58154
1.5457
0.714473
0.831955
0.537693
0.969774
0.375928
0.704663
1.50896
2.10924
0.900315
0.449231
1.15285
0.977692
1.00646
0.593362
1.94015
0.724433
0.952982
0.318201
1.52187
0.301032
2.24021
2.33583
1.3611
0.287091
1.17393
0.340433
1.43124
0.79439
0.405887
0.537127
0.815921
0.850459
0.595888
1.18659
0.369981
0.251001
1.27197
1.7335
1.06688
1.65373
1.27715
0.240368
1.99086
0.643906
1.50055
0.7023
1.61316
1.30245
0.143084
0.76151
0.368976
1.07985
0.209884
0.803555
0.576174
2.03751
1.79933
2.03746
0.850541
0.973219
0.704089
0.857803
1.59188
1.27994
0.767946
2.05655
0.515162
1.46289
1.20235
1.03164
1.44897
1.16199
0.895093
0.610181
1.06291
1.59923
1.40555
1.64776
0.630352
1.99868
0.956997
2.5467
0.473975
1.41287
0.85805
0.633332
1.00825
0.367922
0.150536
0.514711
0.965338
1.34288
1.10898
0.386254
0.48912
0.546514
0.5869
0.254935
0.805514
0.500531
0.99412
1.17905
0.939328
0.500426
0.870887
0.868404
1.14401
1.31432
0.622404
0.718952
1.11201
0.635603
1.13289
0.883636
0.360096
1.28559
1.88864
0.774089
2.22735
0.671396
0.822603
1.7916
0.371567
1.40618
0.595383
0.690551
0.655771
1.42528
0.393037
0.800125
0.92574
1.57987
0.76218
0.689576
1.15438
1.01195
0.177092
0.94678
0.872175
1.66503
0.785829
0.450472
1.53831
0.513622
0.7322
1.70418
1.09521
0.875148
1.49278
1.93568
0.754452
1.07443
1.44936
0.393661
0.363382
0.257747
0.804608
0.407965
1.29765
0.823577
0.528793
1.1027
0.937685
0.658511
1.05899
1.55735
0.702904
0.801649
0.968855
1.38994
0.649248
1.64202
0.457115
0.780306
0.951005
0.736046
1.04229
0.327004
0.702996
1.07589
1.27668
0.334103
0.741709
0.763202
0.622848
1.73341
0.874768
2.07812
0.431388
0.872148
0.823579
0.928438
1.31767
0.992408
1.22891
1.62239
0.319308
0.544018
0.439726
1.36891
0.521406
0.86752
0.506093
0.924276
1.00048
1.85657
0.964424
1.47815
1.79697
1.08054
0.560412
0.563549
1.03721
2.12704
0.491318
0.85262
0.819936
0.957815
0.799733
1.0032
0.806082
1.35791
1.12892
0.762116
0.85697
0.937897
1.08951
0.823265
1.39901
0.430409
0.402066
1.85795
1.32195
0.615599
1.27629
0.277836
0.980612
0.535514
0.41226
0.604345
1.23257
0.591255
0.620057
0.330209
1.65504
0.740141
0.69612
0.869131
0.930119
0.435098
1.00303
1.26861
1.54237
0.390869
0.327562
0.416031
1.4344
0.665645
0.453047
1.49322
0.909157
0.604507
0.524787
0.369909
0.940289
1.22993
0.0626405
0.682954
0.545537
1.86119
1.44674
0.9308
0.734622
0.470937
2.50645
0.548361
1.47326
0.754447
1.05928
1.58027
0.854835
0.904396
1.20347
1.22269
0.672985
0.463152
0.963389
0.641001
1.00687
1.20255
1.58782
1.06969
0.562832
0.817678
0.493219
0.136317
0.561502
0.166545
0.437064
1.35007
0.424692
1.01515
1.32314
1.14522
1.30244
1.30912
1.24822
1.33209
0.72355
2.18016
0.332559
1.55805
0.527119
0.829775
0.69887
0.786207
0.0664153
0.0871221
1.64851
0.806402
0.841866
0.841123
1.96797
0.608682
1.40569
0.873098
0.593104
0.591951
0.627905
0.725791
2.51201
2.11762
0.537911
1.6059
1.20314
1.41938
0.722798
1.04902
0.546002
1.55364
0.785942
0.289747
0.624983
0.592015
0.650383
1.1173
0.664809
0.531799
0.590817
0.89539
0.667252
1.04752
0.0509886
2.01132
1.19755
0.727231
0.948604
0.714873
0.761829
0.417956
1.20834
0.379673
1.02643
1.06721
0.939513
0.909257
0.998697
0.405695
0.454648
0.94751
0.948342
2.93907
0.737556
1.12992
1.01958
0.587517
1.25633
1.42684
1.135
0.956588
1.35573
0.655971
0.768631
0.418666
0.929774
0.925351
1.31509
1.11365
0.681199
1.07975
0.884134
0.778139
0.625658
0.625067
0.806088
0.994804
1.12816
0.9096
1.55286
0.344321
0.310275
0.419401
1.27048
2.5219
0.407564
0.974898
0.890651
0.857729
0.646909
1.25065
0.82984
1.42912
2.40912
0.852142
0.853441
0.635804
1.40611
1.42497
0.741234
0.63094
1.41066
0.88236
1.43878
1.13199
1.80572
1.23274
0.445408
0.85528
0.393396
1.17225
0.711655
0.857985
1.49126
0.425708
1.21333
0.977902
0.874408
1.16324
0.77062
1.15641
0.414706
0.676711
0.891572
2.48747
1.36771
0.930952
1.85742
0.544853
0.387893
0.528409
0.414838
1.51356
1.45193
1.20419
0.357789
0.841781
0.786548
1.0965
1.41147
0.497968
1.04431
0.299839
0.618128
1.12293
2.00621
1.42433
1.2855
1.08825
0.690553
2.26509
1.25756
0.734311
0.620977
0.490185
1.4229
1.27557
1.5331
1.13298
0.805294
1.6367
0.860669
0.987489
1.30862
0.645605
0.376982
0.9456
0.48348
0.500084
1.46768
1.00169
0.331638
1.48844
0.489139
0.567926
3.29038
1.40118
0.467383
0.678927
1.47863
0.845296
0.683879
0.522912
2.59033
0.400062
1.14794
0.444437
1.70049
2.00652
1.15822
1.78083
3.38043
0.666467
0.53443
0.63395
0.894275
0.723902
1.37124
0.240755
0.782614
0.393551
0.214117
1.05765
1.17512
1.40478
0.131712
1.12377
1.24354
0.962314
0.53413
1.40059
1.18256
1.21949
0.549591
0.467287
0.531844
0.977251
0.476079
0.539066
0.572393
1.05747
2.05104
1.33314
0.485847
0.622745
1.09151
0.526882
0.748931
1.11807
1.18277
1.3189
0.604956
1.78837
1.41345
0.343728
0.725897
1.30258
0.743942
1.1214
0.732691
0.52818
0.68862
0.943031
1.16418
0.685852
0.563778
0.574358
0.91351
1.03039
0.486548
0.686806
1.36385
0.531837
1.66786
1.08814
0.571808
1.18645
0.0994402
0.594155
1.16206
0.27683
1.32911
1.19928
3.07798
1.04979
0.18194
0.782667
0.47264
1.28608
0.673952
0.726136
0.923286
0.988627
1.35931
0.713057
1.00986
0.995457
0.680774
0.633437
0.99327
0.988937
0.764719
0.777939
0.291294
1.63539
1.30153
0.892664
2.1262
1.21146
1.98435
0.709138
1.22217
0.501412
0.116614
2.2511
0.289247
0.829909
0.517342
1.49687
2.03755
0.579659
1.27867
0.735413
0.540953
0.453058
0.0818967
0.43279
0.886517
0.67659
0.388046
1.61169
1.00043
0.744579
0.665657
0.68812
0.702564
1.67382
0.99218
1.25338
0.548549
1.56363
1.17798
0.814656
0.804243
0.342901
0.533396
2.71414
0.494026
3.5773
0.436582
1.28617
2.62954
0.497833
0.171407
0.264758
0.57867
0.372845
1.0583
0.0926532
1.0368
0.4322
1.22692
0.655805
1.13903
1.27195
1.12346
0.67188
1.35534
0.181609
3.35323
0.386123
1.101
0.873538
0.218324
0.476613
0.495303
0.429632
0.334483
0.726732
0.843842
0.981552
0.784056
1.41111
2.19015
0.314535
0.834512
0.962529
0.437223
0.671453
1.03572
0.208589
2.38942
0.492831
2.60495
1.05904
0.865652
0.144426
1.30183
1.94909
1.36648
1.08113
0.8246
0.859618
1.06735
1.2485
0.690073
0.618581
1.35368
1.04789
0.559379
0.580403
0.538597
1.16034
0.780304
0.569286
1.17316
1.06139
0.545979
1.39285
1.34351
1.11831
1.84058
1.38324
0.868409
0.235955
1.10613
2.19753
0.475108
0.97638
0.575642
0.2422
0.76332
1.13914
1.01533
2.3274
0.743772
1.24371
0.595405
1.13071
1.84339
0.755052
1.24009
1.04005
0.815951
0.852497
0.87922
0.296397
0.658313
0.974181
1.06789
1.14579
0.57421
1.9821
1.12305
0.750527
0.8188
0.440724
0.781057
0.390499
0.613001
1.01454
0.636149
0.607954
0.706208
0.567179
1.01948
0.464224
0.977013
0.703565
0.569283
0.385037
0.599293
1.06987
0.249608
1.00278
0.742874
0.480488
1.39802
0.708166
0.88675
0.82038
1.74954
0.172373
0.760853
0.494148
0.457337
1.32501
1.23826
2.03901
1.14845
1.14282
0.647692
0.902284
1.90576
0.244328
2.54112
1.43748
0.723509
1.49232
0.932562
0.259048
0.877266
1.30844
0.970184
0.755473
0.643729
3.3781
0.613699
1.235
0.942188
1.50962
1.05428
0.820987
1.92164
1.16126
0.866862
1.86849
0.734012
0.300296
0.782537
0.838495
0.552129
0.28771
1.11209
0.449525
0.752813
0.429027
0.492146
2.76859
1.88812
0.241404
0.732354
1.00839
0.601792
0.546317
0.376915
0.648549
0.718185
0.610007
0.821887
1.77344
0.397222
1.58286
0.662665
0.4228
0.72334
0.291881
0.312894
1.15265
0.624316
1.48547
0.530041
1.15229
0.952368
0.56834
1.05078
1.21073
0.556816
0.501571
1.42442
0.960558
0.439438
1.46895
0.417649
0.813757
1.01779
0.564484
1.38769
0.744741
1.05816
0.924151
2.18893
0.586997
1.21141
0.243065
0.621912
0.401098
0.713732
1.3793
0.961591
1.18066
0.926838
0.721655
1.36904
0.993642
1.173
0.757502
0.703601
0.941892
1.0339
1.29849
0.708329
0.942077
1.02929
0.718275
1.27254
1.40524
0.546869
1.52576
0.484535
0.59066
1.95181
0.723782
1.30839
0.0732262
0.523436
0.454203
0.729884
1.09295
0.515465
0.773492
1.69655
0.756998
1.38752
0.910039
1.24866
0.443829
0.538807
1.37664
0.758397
0.754711
0.535883
0.488151
1.4666
1.11187
0.577326
0.667528
1.00092
1.02857
0.783514
1.24384
0.639641
0.741358
1.42705
0.755918
1.45465
0.943898
0.540912
1.40029
1.11125
0.762893
0.793415
0.434458
1.49361
1.26707
0.183158
1.38469
1.24343
0.648453
0.605865
0.240844
0.126361
0.445942
0.85423
0.435844
0.889972
0.280407
0.611686
1.22116
1.18881
1.44053
0.603984
1.24082
1.45876
0.656917
1.69438
0.631446
0.699752
0.813128
1.30084
1.16305
0.965232
0.425858
0.620408
1.18736
0.84587
1.13865
0.545541
0.840789
0.701312
0.882135
0.743615
1.21418
0.539388
0.352148
1.00049
0.127779
0.684157
2.14554
1.12908
1.1861
0.92063
1.06779
0.76894
1.04534
1.57854
0.788728
0.892975
1.22276
0.605371
0.976635
0.535414
1.34244
0.730117
1.69748
1.1278
0.458659
1.04392
0.818844
1.48949
0.621797
1.20908
1.10561
0.782303
0.949411
0.759499
0.566756
0.737858
3.0864
0.7949
0.69968
1.13902
0.797419
1.4188
1.78726
0.9479
0.437201
0.653356
0.4223
0.59206
0.502622
0.417267
0.685006
0.696855
1.68212
1.39166
0.457496
0.775036
1.24258
0.776018
0.993906
0.895397
1.92188
1.12868
0.688427
0.880571
0.715157
0.823034
0.45828
0.764475
0.842717
2.09586
0.558916
0.526165
0.471431
2.26954
0.644901
0.570258
1.25126
0.838455
0.282859
0.857698
0.551895
0.912049
1.06242
0.540121
1.12637
1.41425
1.14459
0.741858
1.08195
0.858615
2.44354
0.880824
1.55692
1.39929
0.937463
0.761624
0.558276
1.01259
0.499931
0.810134
1.39796
0.561345
0.584774
0.405272
0.506242
0.70039
0.894619
1.84056
0.600994
1.04374
0.867597
0.520584
1.70725
0.478504
0.813259
0.270604
1.87978
0.975831
1.22837
1.86888
0.502198
1.04324
0.69518
0.646273
0.447644
0.516941
1.59463
0.815607
0.573049
1.1339
2.04102
0.910513
1.36751
0.634627
1.92577
0.285918
0.910663
0.973526
0.732024
0.720454
1.34824
0.544134
3.36771
0.680305
0.36066
0.501228
0.333417
2.08713
0.985277
0.697426
0.935561
1.54057
2.44835
0.842568
4.06296
1.02455
0.958938
0.500247
0.672034
1.0731
0.62418
1.07497
0.845864
1.66062
1.35381
1.29704
2.86239
0.536112
1.46061
0.220903
0.590598
1.96229
0.556166
0.5657
0.585106
0.528833
0.641141
0.605491
0.499168
1.75455
0.400991
0.549989
1.09181
0.868265
1.16267
1.10234
1.28667
0.400606
0.531222
0.516621
1.49358
1.11772
1.5072
0.644052
0.885358
2.44542
1.04856
0.449336
1.00195
0.799411
1.05647
1.17768
1.59764
0.282665
2.60045
1.00843
1.71431
0.837401
1.54289
0.624662
1.13718
0.77074
1.22786
0.48316
0.0297684
2.22121
1.23077
1.34249
0.674699
1.28553
0.0281125
1.6282
0.913742
1.39744
1.29991
0.808178
0.172767
0.715982
0.819992
2.73462
1.9096
0.628389
0.92054
1.00554
1.07128
0.863617
0.797091
1.53527
1.61007
0.967483
0.612829
0.565541
2.2313
0.604001
0.220414
0.819919
0.820323
0.538936
3.54764
1.03131
1.10048
0.260331
1.60543
1.85994
0.469623
1.24947
0.566132
0.527673
0.727192
0.215346
0.680156
0.691912
0.811386
0.812318
0.131998
1.27916
1.0171
1.08152
0.873342
1.79798
2.19966
0.714106
0.196237
0.410535
1.61651
2.2336
0.395642
1.25808
0.755592
1.04252
0.921997
0.968489
0.961042
0.794652
0.690251
0.769446
1.01718
0.687942
1.63925
0.23972
1.16312
0.470267
1.09659
0.48951
1.55046
0.59325
1.40054
0.543127
0.947678
1.06729
1.72004
1.07343
0.746135
1.33034
1.10347
0.231666
0.691934
0.51178
0.653788
1.7843
0.589566
0.759142
0.630421
2.38816
1.08755
0.829633
0.928166
1.49372
1.14608
0.812823
0.371474
0.956942
1.7041
0.851238
0.948309
2.84865
0.896039
0.344977
1.55705
1.46326
0.650864
2.08374
0.452254
1.40459
0.673534
0.491684
0.658808
0.617601
1.02912
0.659574
1.76266
0.759869
0.393117
0.753582
0.850465
0.444761
0.0917166
1.10286
0.885012
1.18905
0.942323
0.429205
3.04757
0.512253
0.305525
0.726043
0.943046
0.879149
1.39272
0.865233
0.914446
1.02463
0.523129
0.501091
0.369816
1.86438
0.889735
1.35564
0.850839
0.659952
1.12739
0.866874
0.871248
2.3824
0.965486
0.935743
1.01514
1.12237
0.768052
0.833459
0.796615
1.63081
0.659176
1.16944
0.974932
0.638121
0.451042
0.552258
0.845915
0.639942
1.31094
0.619761
0.411489
0.965493
0.720944
0.840912
1.26797
0.945781
1.01046
1.48743
1.11941
0.757784
1.2432
0.881231
0.430696
1.1939
1.28035
0.68121
1.439
0.506051
1.95908
1.06846
1.75596
0.802508
1.01859
0.393099
0.457039
0.413585
0.416337
1.14267
2.51709
0.816355
0.858109
0.857136
1.38854
0.141216
0.806439
1.78924
0.918886
0.927596
1.19369
0.933524
0.380565
0.92635
0.3925
0.891225
0.691692
1.13904
0.943014
0.754971
0.678786
1.10809
0.604623
1.29753
1.14715
0.418747
1.02735
1.07994
0.919751
1.06467
1.6642
0.649902
0.774876
1.91472
0.87113
0.755934
1.21356
0.512584
0.59806
0.94979
2.20754
1.13482
1.1521
1.05583
0.38991
2.18137
0.97765
0.785357
1.23187
0.568774
0.856398
1.49368
0.511261
0.914112
0.611857
0.823287
0.770872
0.82492
0.0889702
1.01847
1.82397
0.45368
0.770922
0.694035
0.93117
0.68128
0.565809
1.78918
2.62417
0.618176
0.785731
1.44158
0.427549
0.947361
0.301116
1.36695
0.771743
0.679962
0.297881
0.835779
0.536764
0.729473
0.658071
1.16234
1.06299
0.768917
0.864589
0.96443
0.739624
0.749956
0.302748
0.835383
0.589588
1.32005
0.627536
1.16716
0.562077
1.35377
0.93562
0.972857
1.02157
1.47106
2.47287
0.885764
1.22039
0.618068
0.691955
1.14824
0.966282
0.382185
0.152269
0.760317
0.5375
0.646316
0.850485
0.651363
1.70838
0.718322
0.382057
1.54138
1.02335
0.86635
0.748659
1.06954
1.12913
1.35788
0.676651
0.774155
1.09354
1.24289
0.579626
1.20313
1.82922
1.12733
1.01012
0.63915
0.398583
1.28159
0.849101
0.603932
0.685152
1.60017
0.310743
0.564711
0.730939
0.176898
1.26381
0.683968
1.05633
1.24804
1.1329
1.13096
1.29831
1.66525
0.468321
0.850551
1.02335
0.572674
0.486661
1.00677
0.583349
1.79991
1.60732
1.1093
1.10626
0.554848
1.29345
0.453012
1.47217
1.24409
0.861557
1.98935
1.49575
0.433819
0.778322
0.44044
0.566158
0.955336
2.05659
0.498561
1.89448
1.62117
0.856227
0.648172
0.915891
0.483406
0.921073
1.56251
0.992365
0.955381
1.00801
1.66436
3.63584
0.544435
1.48181
0.929453
1.86568
0.299954
1.18265
2.18522
1.57485
1.08849
0.758864
1.06717
0.565491
1.14808
0.870861
0.77338
0.789264
1.16295
0.660805
0.56073
1.52069
0.678452
0.651254
2.71305
2.22304
1.15721
0.525127
0.493646
0.625495
0.771763
1.11072
1.99284
1.23566
0.644671
1.07408
0.209945
1.07486
0.962042
0.697309
0.22717
0.723099
0.630337
1.03011
1.21757
2.56138
0.798513
0.72618
1.25485
0.892228
0.740048
0.59413
0.560528
0.596119
0.262434
2.01993
0.997064
0.363703
0.502981
0.0895317
1.20623
0.683657
0.881657
1.16118
0.715688
0.967896
0.545346
0.782646
0.788033
0.51559
0.56112
1.78083
0.425483
1.15909
1.29982
0.6992
0.754702
0.911646
3.03759
1.34423
1.80671
0.474212
0.650091
0.449286
2.46395
0.435777
0.411136
1.41567
0.58314
0.675854
0.416066
1.83091
0.501541
1.29589
0.158065
1.69724
0.355933
1.08024
1.56376
0.96986
3.13307
0.567459
0.472139
1.30446
1.07006
0.555635
0.933749
0.893077
0.709598
0.997811
1.27013
1.22709
0.321565
1.62053
1.29948
0.996684
0.35412
1.06645
1.16948
0.649789
2.20996
0.678023
0.678741
0.607923
1.49479
0.536295
1.38216
0.743256
0.999116
1.97662
1.42916
1.37764
0.602906
4.48731
0.65135
0.693586
0.423039
1.25017
0.874662
0.797882
0.951108
0.389489
1.08027
0.66472
0.486042
0.915508
0.714909
0.554472
1.26026
0.689231
0.540722
1.50851
1.37188
0.465926
1.23784
1.01331
1.11562
0.642353
1.69163
0.739377
0.651346
0.581264
1.07504
1.33449
1.08116
1.63632
1.9372
0.828647
0.751842
2.99795
0.41614
0.751631
2.00242
0.538607
0.998202
1.71286
0.509426
0.651358
1.57753
0.371779
1.4546
0.647447
1.02674
1.03193
1.52773
0.925642
1.19175
0.672483
0.96732
1.05805
0.366336
0.416112
0.641064
1.45345
0.796759
0.536341
0.148823
0.267174
1.9118
0.508593
0.618663
1.13718
1.26616
0.775791
0.520248
0.481757
0.672331
0.952284
1.63693
0.842561
0.681323
0.338306
0.623342
0.594836
1.13461
0.554625
2.10859
0.800431
0.98557
0.420731
1.37735
1.22009
0.451581
0.48842
1.05082
0.097707
0.766879
1.4931
2.21794
1.58189
1.04993
0.768754
1.02743
0.580785
0.569536
0.952728
0.521991
1.22655
0.465852
0.737504
1.91989
0.636
1.01191
0.557455
0.520732
0.4147
0.381105
0.766609
0.580769
0.790785
1.78617
0.472207
0.727479
0.654895
1.05656
1.14328
0.804375
1.14661
0.16964
1.89973
0.682221
0.222039
0.366637
0.790234
1.07726
0.834371
0.918354
1.47113
1.08696
1.01475
0.602824
0.71868
0.9379
1.73348
1.25503
1.69837
1.34229
1.70749
0.115577
1.04538
1.01886
0.598806
1.13996
0.695105
0.842836
1.00992
0.911346
0.636004
0.645582
0.609365
0.129576
2.0803
0.761421
1.08016
0.76177
1.17905
0.169912
1.22221
0.633935
1.16388
0.536561
0.847447
1.31343
1.12517
1.9226
0.678713
0.497007
0.851989
0.402323
1.27412
0.38046
0.729597
1.30277
0.653742
0.828926
0.485356
0.457372
1.81372
0.931081
1.05214
1.47761
0.707263
1.74609
0.976915
1.87335
0.876911
0.827934
1.42287
0.820534
1.36768
1.15725
1.65687
1.40346
1.05241
1.10397
1.56218
1.02522
0.699451
0.726524
1.9998
1.26022
0.603601
0.657543
2.43701
0.986622
0.644179
1.62671
0.52431
0.662577
0.875376
1.1122
1.1404
1.56139
1.68182
0.762088
1.28016
0.666144
0.540438
0.544818
0.450962
0.605287
1.3374
1.0836
1.34236
1.50779
0.619942
1.12965
0.64699
1.09303
0.829377
0.744968
1.43762
1.294
0.896205
0.658251
0.90478
1.51024
1.01759
2.38148
0.8483
0.78208
0.646997
0.493597
0.782954
1.0761
0.335366
1.04811
0.507814
2.11357
1.03075
1.64568
0.618818
1.32072
0.602818
1.73507
0.786221
1.82437
0.510691
0.963407
0.703838
0.49702
0.637553
0.525684
0.931797
0.784196
1.07506
0.422677
1.1348
0.957806
0.601781
1.28053
1.19492
0.685488
0.460494
1.14662
0.786176
2.03765
0.666454
0.618512
0.7817
0.79579
1.82703
0.877759
1.0123
1.13346
0.884648
0.834194
0.619238
0.9998
1.44231
0.346249
0.923645
0.533403
1.20101
0.970573
1.35755
0.282399
1.18559
0.80465
0.552535
0.829388
1.40175
1.38984
0.514991
2.08933
0.849066
1.02732
0.652686
0.754882
0.824445
0.631551
0.774752
0.762671
0.722317
0.607161
0.304819
0.257648
1.41334
0.641371
0.710731
0.817461
0.901296
1.46368
0.365481
1.11754
0.497842
0.982486
1.28729
0.68997
0.837356
1.44094
0.495937
0.73359
1.28887
1.48337
1.14914
0.955215
0.603256
0.482628
0.832767
1.39761
0.9886
0.531385
1.20252
0.683461
1.65645
2.14371
0.780702
2.198
1.36938
0.748816
0.596852
0.614106
0.347737
1.84317
1.03806
0.951398
0.530985
1.86615
0.484391
1.65969
0.698425
0.40614
1.44949
2.26772
0.0628042
1.01932
0.928153
1.47635
0.592459
1.86166
0.636714
0.858627
1.03403
1.22195
0.591374
0.971916
0.946787
1.14835
0.61463
2.00546
1.4605
1.06152
0.737393
1.94979
0.324692
0.897108
0.286001
1.62942
0.624323
0.784996
0.452202
0.749255
0.906532
1.28406
1.40378
1.31464
1.58541
0.502654
0.519187
0.330995
0.985429
0.92893
0.167268
1.80098
0.853914
0.312324
0.952117
0.452051
1.96561
1.05847
1.89169
2.1767
0.55163
0.948361
0.413581
0.872158
2.05787
0.608876
1.74538
1.23719
0.26659
2.84685
0.645553
0.481158
0.791502
2.01744
0.742864
1.21559
1.05736
0.689551
0.55932
0.662769
0.871937
0.330101
0.756979
1.83071
1.2876
1.0381
1.39101
0.804135
0.772067
1.87538
1.09867
0.808089
0.653485
1.80273
0.58175
0.552476
1.7939
1.75488
0.338765
0.758806
1.2684
0.787014
1.11006
0.610818
0.597099
1.27402
0.443118
1.18455
0.43222
0.637356
1.47704
0.692097
1.01347
0.761719
1.24664
0.926714
0.482457
0.382766
0.798252
0.584371
1.77882
0.887554
0.9095
0.748721
0.862216
1.20693
0.986151
0.629007
1.2507
0.782721
0.487319
0.839905
0.752645
0.37687
0.814459
1.67823
0.886781
0.423061
0.70868
0.92172
0.806638
0.926844
0.667516
0.922798
0.991473
0.457861
0.632245
0.49951
1.78319
1.31096
0.87775
0.393559
1.18364
0.622585
1.88689
1.60836
1.32032
0.929294
1.12711
1.6993
1.27321
0.702998
0.514105
0.411571
0.999142
2.03512
1.36667
1.24842
0.977654
1.16935
1.06087
0.517284
0.929521
0.679485
0.656684
1.50047
0.302643
0.761751
0.519203
0.95206
1.41595
2.75538
1.2352
0.6662
0.558145
0.24393
1.42155
0.766075
0.705259
1.33589
0.457106
0.460084
0.205153
0.799719
1.24864
1.40795
0.561526
1.62601
0.59565
1.08966
0.618132
0.385611
1.33719
0.253556
0.87339
1.46467
0.86541
0.778631
0.77195
2.15163
0.459709
0.788135
0.615018
0.713574
1.49446
3.42524
1.0115
0.765277
0.661438
0.903484
0.382486
0.813143
0.64438
1.59675
1.2904
1.78011
0.894145
2.24493
1.07031
0.911778
0.361985
1.39684
0.361828
1.14848
0.642313
1.22847
0.874817
1.02937
1.14531
1.3132
0.803142
0.76771
2.05369
0.911399
0.504432
1.57933
0.72167
0.687837
0.865769
1.59387
1.3413
0.334625
0.824768
0.759291
0.533248
1.0944
1.02219
0.711671
1.12916
1.11539
0.895918
0.728377
0.36909
0.628745
1.11223
0.96344
0.558884
1.07116
0.939353
2.02732
0.656255
0.710415
0.630125
2.469
0.787751
1.30343
0.72716
0.629759
0.483272
0.270629
0.677541
0.872698
1.2357
0.878445
0.85112
0.373951
0.751551
0.545721
0.0941742
1.2587
0.710807
0.528963
0.846739
0.97009
0.706809
0.72634
1.89887
1.66525
1.09488
0.929287
2.2646
1.02779
1.47978
1.09122
0.890742
2.15152
1.13946
0.818671
0.83406
0.873367
1.44035
1.05558
0.913101
1.50586
0.765568
0.416787
0.902485
0.486398
1.46493
0.426291
1.05641
0.675738
1.33451
0.765
0.928481
0.556722
0.576449
1.88301
0.640469
0.996274
0.923421
0.767614
1.20741
0.486404
0.86739
1.74742
0.954669
0.573493
0.492825
0.384805
0.439136
0.250222
0.751428
0.51975
0.466961
0.855459
0.909694
2.15792
0.532422
1.48998
1.51583
0.876559
0.396626
2.32731
1.37469
1.63366
1.19674
1.13305
0.648851
2.04802
0.620164
0.885073
0.230901
0.546656
2.33415
1.36308
0.495917
0.547688
0.804747
0.905998
2.33627
0.728517
0.714358
1.01808
0.857538
1.8147
1.76241
0.911442
1.52447
1.71157
0.553121
2.2412
1.10927
1.14384
0.645005
1.09107
0.618436
0.653753
0.87357
0.705881
0.332957
1.49043
2.38047
0.957839
0.506717
0.713397
0.890721
0.873905
0.605228
0.671805
1.54479
1.98697
0.687177
0.798803
0.830971
1.48911
1.40349
0.683961
0.620557
0.722383
0.623411
1.95053
2.00971
0.487351
0.683637
0.85954
0.681751
1.08832
0.496035
3.34542
0.888831
2.37657
0.968783
1.71828
0.946505
2.71772
0.20939
0.666553
1.26766
0.69236
0.767127
0.497275
1.85921
1.33959
0.521377
1.4004
0.400866
1.78728
0.62184
1.62587
0.630288
1.2197
0.772563
0.924422
0.58936
0.804049
0.418282
0.591637
1.03539
0.477316
2.46069
1.0588
1.80514
0.7484
1.21104
1.38551
0.419822
0.392946
0.724483
0.934156
0.720873
0.427646
1.93856
1.30103
0.849605
0.808572
1.12031
0.976051
0.840197
1.39255
0.85186
0.557877
3.43009
1.61107
1.17079
0.696532
1.27857
1.22484
0.940946
0.513959
0.782865
1.15764
1.08572
0.697212
1.39801
0.752128
0.761263
0.720875
1.02353
0.417316
0.511898
1.02264
0.628173
0.698743
1.31616
1.02959
1.38627
0.703622
1.03038
1.06083
0.533454
1.6343
1.25441
1.20342
0.904358
0.553786
0.473742
0.91665
0.398472
1.13195
0.879348
0.624055
0.821375
0.81428
0.558831
0.598169
1.23348
0.189263
0.764716
0.682386
0.338974
0.648069
1.95053
1.1613
1.32466
0.48511
0.550235
1.06281
0.696697
0.479171
0.987107
0.645237
1.04348
0.729024
0.669572
0.932032
1.02861
0.766782
1.69242
0.575641
0.517222
1.39072
1.04381
0.843417
1.22907
1.01214
0.751795
0.922751
0.720211
0.667415
0.982066
1.33787
0.768188
0.419717
1.30278
0.179489
0.576819
0.607075
0.828195
1.24916
0.776205
1.13626
0.554081
2.74701
0.488241
0.701045
0.638938
0.704343
0.128153
0.4538
0.691777
0.604274
1.22582
0.609767
0.895875
1.029
0.648884
0.647069
1.26996
1.71662
1.04468
0.435523
0.619897
2.47739
1.25638
0.567243
0.746157
0.9079
0.839457
0.72419
0.929233
1.27776
0.30405
0.635527
1.30178
0.756298
0.47634
0.777168
0.638903
2.96447
1.42559
0.924875
0.55904
0.681628
0.51869
1.16512
0.707336
0.56435
0.538926
2.01806
0.723966
1.18566
0.983004
0.822557
0.898919
0.976065
1.13573
1.35408
0.811484
0.333774
0.561872
0.588933
0.953138
0.764444
1.82498
0.654718
1.80292
0.880169
0.344958
0.927931
1.09508
0.385423
1.31478
0.855611
0.771567
0.180524
0.826587
3.84799
1.51746
0.732384
1.72707
0.509264
0.145661
0.804001
1.32012
0.995839
1.14384
0.239669
0.866305
1.71228
0.880048
0.622992
0.98277
1.70756
0.423394
0.526548
0.376083
0.344166
0.852443
0.417048
0.910232
2.166
0.515791
0.635067
1.14024
0.742634
0.940772
0.650525
0.548835
0.617565
0.983619
0.57196
0.765799
1.22041
0.523416
0.836598
0.640687
0.607212
0.537212
1.25018
0.844769
0.769106
0.870595
0.347161
1.87093
0.186901
0.197237
0.48366
0.918042
0.326744
0.622593
0.841136
0.504585
1.0623
0.285565
0.855205
0.533708
0.942365
0.511079
2.34217
2.59321
0.884394
0.744229
0.863592
0.807614
0.900972
1.74524
0.411588
1.87464
1.217
1.40257
0.383457
0.695799
0.734541
0.58532
0.550953
2.33906
0.966354
1.55783
2.29301
0.773551
0.881696
0.500841
0.718034
1.05047
0.379856
1.04761
1.12221
1.33993
0.838392
0.253057
0.586421
0.579627
0.857018
0.964845
1.60414
1.81337
0.657941
1.0159
0.443592
1.23399
1.68358
1.22917
0.539229
0.852045
0.171787
0.297783
1.25064
1.47565
1.45178
1.37102
1.49973
0.994358
1.16305
0.565951
0.705596
1.44362
0.75277
1.42829
0.495638
1.00902
0.473808
0.616632
2.42087
0.562004
0.485071
0.703042
1.35168
0.523506
0.53872
0.689247
0.19141
1.05205
1.45629
1.25843
1.18913
0.768833
0.961413
0.865923
0.685404
0.420502
0.26346
1.64036
1.85924
0.745599
0.540627
0.376758
0.727767
0.950252
1.39153
1.31129
1.68672
1.20875
1.13678
1.68157
0.381778
1.3095
0.925714
2.08814
1.22051
2.44484
0.470708
0.678112
0.643339
1.62488
1.56463
0.241721
0.413359
0.617363
0.908938
0.634518
1.14893
0.44964
1.52039
1.22025
1.15658
0.236903
0.853277
0.730884
0.464953
0.808551
0.853867
1.13735
0.426331
1.59107
2.08551
0.721125
1.05921
0.5508
0.602028
1.59255
0.73647
1.05138
1.2906
1.3496
0.676221
0.42769
1.01052
0.878852
0.177426
1.25522
1.36448
1.06073
0.946454
0.961064
0.498643
0.524572
0.651283
1.05067
0.573141
1.2178
1.56051
0.880424
0.65006
1.1641
0.435339
1.10042
1.3059
1.22001
1.03014
0.235832
0.115231
0.309474
0.337709
1.02353
0.936895
2.91435
1.05565
0.563058
1.11437
0.556064
1.0531
1.5167
0.866337
0.662271
1.12905
0.158798
0.575639
0.80388
2.25795
0.562844
0.817133
0.983759
0.79941
0.695918
1.57524
0.906364
0.507622
0.841241
0.815275
1.04411
1.48086
0.576789
1.55607
0.655123
0.0620054
1.47577
0.894199
0.502454
0.688037
2.07374
0.245594
0.778868
0.672257
0.746193
0.334512
2.04068
1.29485
2.21014
1.00612
0.690287
0.341895
0.573678
0.367536
0.480705
0.428948
2.31545
0.758976
2.03951
0.938777
0.524333
1.69988
1.78953
0.604491
1.06482
0.92486
1.27005
0.884166
0.434302
0.978614
1.01367
0.743102
0.850351
1.31623
0.335556
1.75123
1.75807
0.547853
0.402771
1.58104
1.50074
1.5018
0.54838
0.947469
0.96887
1.02499
1.76676
0.207202
0.684338
1.26463
0.150753
1.12194
1.24873
0.986468
0.822356
1.00619
1.29067
1.14221
1.32444
0.887338
0.592289
0.464479
1.08342
0.501105
1.21047
0.544058
0.879334
0.58202
1.44325
0.779276
0.675024
0.83419
0.606354
0.539429
1.22476
0.386626
1.5859
0.95102
0.40211
2.04796
1.04144
0.837836
0.519993
0.811502
1.37635
1.99654
1.66716
0.541692
0.297586
0.869281
0.58158
0.7775
0.680945
1.93561
0.680551
1.25031
1.40147
1.71318
0.874778
0.718322
1.41062
2.16116
0.248574
0.840548
1.2139
2.67129
0.665882
0.672076
1.38801
0.596148
0.853631
0.642575
0.893325
0.491526
1.68368
2.2384
1.05965
0.886174
0.941735
0.424486
1.19524
0.623584
0.826959
1.29722
0.596608
1.04149
0.567554
1.16939
1.20231
0.571765
0.703778
1.68657
0.450614
0.840649
0.546892
0.906326
0.49959
0.761671
0.529292
0.682265
1.7494
0.692532
0.76383
1.27563
0.710722
0.494322
0.766783
1.46683
1.0025
1.23482
2.58571
0.662357
1.54336
1.17704
2.85924
0.961696
1.31574
0.612511
0.445326
1.21091
1.26383
0.518726
0.857946
0.547011
0.888816
0.727285
1.94845
1.89644
0.596921
1.66277
0.266355
0.824505
1.02365
0.632341
0.76636
0.621605
0.459182
0.596582
0.898681
1.7101
0.972474
0.988184
1.83136
0.882283
0.574995
1.66908
0.059886
0.601118
0.805341
0.603242
0.963167
0.325624
0.403524
0.595366
1.08757
0.731601
0.628911
1.44349
0.622132
0.776354
0.51518
1.37163
0.481813
0.281243
0.388558
0.720433
0.607281
0.912095
1.41711
0.793027
0.413576
0.530927
1.35487
0.929648
0.573488
0.813039
0.76607
0.96225
1.7175
0.842921
0.763347
0.697422
0.486294
0.755532
0.845214
0.109565
1.5928
2.56479
2.64817
0.788981
0.936718
0.432308
0.421999
0.959111
0.65598
1.27602
0.575645
1.23432
0.919411
0.201225
1.11039
2.05514
1.67917
0.9612
1.0464
0.594173
0.442454
0.782882
0.926193
0.711176
1.23562
1.15836
0.878547
1.06249
1.11771
1.31532
0.490468
0.741758
0.823892
0.644103
0.83664
0.958723
1.18882
0.33412
1.00676
0.98058
0.568557
1.27946
0.636473
0.945382
0.907219
1.34584
1.96051
1.22895
0.67133
0.462972
0.986754
0.344622
0.595651
0.763634
1.67939
0.657692
0.784434
0.69769
0.73926
0.394272
0.897585
0.853673
0.853674
1.59995
1.85944
0.448959
0.2637
1.85095
0.473043
1.59606
1.27219
1.02932
1.16183
0.900104
0.545695
0.572513
0.645838
0.737916
0.876346
1.63436
0.828285
0.790245
0.465264
0.691689
0.688089
1.48121
0.483115
0.601176
0.631198
0.599432
0.546724
0.820583
1.24751
1.26333
1.32749
0.618234
0.75935
1.56863
1.1527
0.535435
0.928927
0.481717
0.127312
0.918428
0.768608
1.15627
1.36959
1.11446
0.974283
0.679356
1.25113
0.57464
1.5989
0.746851
0.656738
1.42139
0.655837
0.909851
0.632188
0.981619
0.791801
1.09198
1.41341
1.2564
1.21642
0.906879
1.2038
0.906896
1.02399
1.20565
0.31486
1.52504
1.33627
0.573829
1.51503
0.639608
1.08039
0.53244
0.647613
0.896879
1.16234
0.609473
1.22392
0.621031
1.39991
0.418853
1.22499
0.926534
0.940587
0.727286
2.33762
0.320812
1.32863
0.877329
0.908368
0.440244
1.27487
0.544958
0.270558
1.81573
0.796177
1.28571
0.608444
0.812358
0.622586
0.485782
0.280158
0.786684
0.472198
1.41373
0.636852
0.982946
1.02474
1.00418
0.57287
0.36143
1.561
0.637983
1.03433
0.902862
1.19776
0.295482
1.26364
1.2426
1.07801
1.00535
0.743438
1.35423
1.19524
2.07898
0.204499
0.770376
1.91809
0.81979
3.26009
0.134586
0.380992
0.462825
0.144711
0.68631
0.615435
0.66566
1.2857
1.01764
0.290493
1.07489
0.908819
0.610317
0.13521
0.684657
0.333227
1.73368
1.32054
0.926005
1.66173
0.217388
1.09577
0.773288
1.59604
1.88542
1.39497
0.969272
0.929736
0.865661
0.82059
2.15281
0.904816
0.785203
0.174766
0.510239
0.471249
0.764261
0.839706
1.52317
1.04177
0.678748
1.26246
1.08924
2.19325
1.01886
1.23243
0.927819
1.31508
1.26532
1.72404
1.28797
0.627378
1.28964
0.675379
0.746514
1.15691
1.16545
1.72844
0.637082
1.32882
0.167425
0.506724
0.576382
0.953548
0.638393
0.611195
0.810601
1.06479
0.637883
0.786611
1.91612
1.43898
1.79127
0.885196
0.4249
1.07397
0.817917
0.654621
0.864422
0.798702
0.603216
0.612892
0.557101
0.477156
0.899368
0.951591
0.652675
3.11144
1.15334
0.704859
0.993706
0.749428
2.256
0.994708
1.59876
0.732925
1.04155
1.26728
0.984146
0.756667
1.14821
0.621095
1.46053
0.807215
0.456501
0.597818
0.959928
0.484032
0.883488
2.35591
0.850971
1.25671
0.123238
0.91818
1.27596
0.660381
2.79218
0.358272
1.08446
1.82151
0.606456
1.06589
1.11264
1.01589
1.90473
0.89424
1.70718
0.680922
0.806089
0.8096
1.02701
1.10491
1.48384
1.52628
1.0395
0.776253
0.183466
0.995034
1.23092
1.24278
1.94766
0.353947
0.689565
0.551501
1.06116
1.47251
0.741104
1.04466
0.681132
0.812315
1.2885
0.615262
0.715598
0.588665
0.963694
0.827828
1.02566
0.350686
1.07802
0.373828
1.32267
1.40388
1.33787
1.92382
0.647285
0.704463
0.564759
1.26962
2.15487
0.843312
0.829898
0.961626
1.23395
0.767284
1.21198
1.20834
0.966879
0.402324
0.165586
0.351315
0.471938
0.677068
0.959977
0.934053
1.49164
1.13344
0.809233
0.911292
0.773037
1.38732
1.11287
0.401422
0.493642
0.619743
1.22462
0.783821
0.448192
0.839492
0.803585
0.357319
0.617882
1.67024
1.61457
1.0714
1.25465
1.42526
0.379135
0.4124
0.744413
1.16172
1.40065
0.682638
1.09121
0.57021
0.773788
0.476769
0.888944
0.631083
0.538648
0.992014
0.485911
1.21108
0.503452
0.827445
1.06214
0.479288
1.37263
0.922787
0.662629
0.696035
0.771224
1.73576
1.2189
0.725431
0.73377
1.32649
0.99038
1.06331
1.46636
1.10174
1.15527
0.775912
1.01284
0.667309
1.13452
1.24901
0.947963
0.824597
1.03514
1.92068
0.476816
0.670538
1.04041
0.777924
0.278401
0.788225
1.45697
0.819333
0.667145
0.829373
1.08904
1.4143
1.37424
0.796291
1.02046
0.535724
0.771781
1.04816
0.627455
1.59059
1.08678
1.51244
0.854737
1.05547
0.966701
0.615974
1.9384
1.7814
1.00799
0.836572
0.544287
0.940528
0.941295
1.87796
0.255173
0.765944
0.529957
0.513551
0.0972747
0.514587
1.0767
0.734181
0.735819
1.25412
0.72686
1.39288
3.11638
0.393474
0.881275
1.04332
0.577512
0.390468
0.528226
2.8514
1.0089
1.33022
0.609748
0.567195
1.49714
0.843737
1.18674
1.17933
0.697871
1.94091
1.47461
0.305667
0.804156
1.07139
0.227122
0.212478
1.61544
1.15082
0.732854
0.9163
0.814688
0.827571
1.19767
1.76927
1.94572
0.916221
0.72039
0.640394
0.58273
0.960382
1.41057
0.540435
1.67938
0.637831
1.66573
1.47421
1.07804
0.460643
0.997155
0.421104
0.806061
1.7936
0.846413
0.449088
0.881399
0.894941
0.374218
0.940908
1.62658
0.873452
0.435799
0.92827
0.867499
1.29399
1.33441
1.05395
0.0786308
0.957644
0.467595
0.951996
0.743679
0.401763
0.731309
1.60641
0.480398
0.817726
0.509988
3.45665
0.748728
2.66764
0.909526
0.775899
1.00287
1.36962
0.609488
0.664729
1.29549
0.444024
0.658828
1.21549
0.809117
0.539247
0.458458
1.51095
0.784549
0.126888
0.941943
1.31546
0.512709
0.776212
1.65042
1.2718
0.440162
0.886536
0.713111
1.37104
1.45567
1.34275
0.595951
0.638536
0.899646
0.277401
0.674605
0.47017
0.997088
1.36141
1.47722
0.642113
0.999301
0.243718
0.610863
1.56119
0.999993
1.44598
0.88303
0.662553
0.82028
0.720755
1.22009
1.04914
0.992789
0.576508
0.885704
1.00608
1.54861
0.70952
0.268447
0.510141
1.16204
0.588433
0.380172
0.571695
0.520758
0.612667
1.16477
0.998054
0.253389
1.55391
1.47593
0.541707
1.19629
1.22938
0.365831
1.49477
0.990298
1.31445
1.30137
1.13366
0.384504
1.75594
0.32936
0.705901
1.75642
0.716873
0.450322
1.04909
0.770836
1.30451
0.543242
0.578418
0.607184
1.41961
0.617505
0.798602
0.640683
0.748444
1.03537
1.04704
0.981937
0.769351
0.881717
1.86982
1.4404
0.548197
1.40293
1.58305
1.45763
0.413773
0.916623
0.606582
1.13581
0.592085
0.534674
0.688016
1.55212
0.980244
1.94464
0.391705
0.892682
1.01221
3.31166
1.23724
0.632633
1.30038
1.21115
1.47535
0.685755
1.00655
0.87273
1.20912
1.57863
1.15848
0.262709
0.898128
0.960814
0.384515
0.715964
1.99506
0.834219
1.90908
1.28687
0.892427
0.692429
0.566359
1.07439
0.90469
0.887852
0.521321
1.07907
0.921418
0.807914
0.997172
0.902212
0.888302
0.489069
0.754592
0.445405
1.40338
0.666079
1.57442
1.33256
0.514308
0.50716
0.409766
2.16964
0.75833
0.689945
1.41322
0.765085
0.233932
0.900244
1.71233
3.83049
0.584459
0.919946
0.987074
0.640993
0.36331
0.418247
0.562457
0.448902
0.955596
1.0993
0.366131
0.960244
1.34487
1.20182
0.419533
0.3518
0.341884
2.29964
0.717419
1.00837
1.10422
0.640448
0.48688
1.47652
0.588107
0.826981
1.03046
2.54453
0.783679
0.571554
1.50288
1.33748
1.37901
0.529484
0.149329
0.781509
1.17609
2.37688
0.513198
0.867122
0.869748
1.33916
0.797318
0.54098
0.513382
0.752725
2.46326
0.982638
1.56909
1.18244
1.65857
0.857507
2.06178
1.10494
1.29113
1.17268
0.98381
0.624828
0.751291
0.795082
1.60813
0.905754
0.443371
0.663555
0.672215
0.513219
0.462451
0.623943
0.95817
1.17262
1.52638
1.39246
0.901871
1.41223
0.650079
2.17662
1.2718
0.648034
0.981293
0.764296
0.984827
1.0181
2.02063
0.845909
1.46688
0.323537
0.67105
1.27274
0.833271
0.59638
0.0538589
0.507182
0.632865
1.33079
1.17206
1.30901
0.404084
1.34987
0.643522
1.74816
1.02575
0.621091
1.07762
1.70041
0.711484
0.715176
1.15004
2.82188
1.19456
0.239129
0.911987
0.833674
1.3348
0.265164
1.36759
1.09903
1.52999
2.23709
0.633434
0.799208
0.647583
0.737529
0.238373
0.778982
1.87306
1.25136
1.02074
0.641658
1.05272
0.982536
0.68229
0.541284
2.03281
0.62014
0.452368
0.190534
1.21366
0.492298
1.58293
1.09622
0.905405
0.544678
0.708966
0.594139
0.411236
0.99485
0.833679
1.13071
0.501224
0.638007
0.752292
1.40378
0.355009
0.124977
1.05538
0.7204
0.454195
1.58333
2.08217
1.07399
1.56806
0.968317
0.797738
0.926998
0.455569
0.983317
2.04543
0.533398
1.47109
0.750263
1.08744
0.986888
1.46675
0.744348
0.629171
0.940893
1.55677
0.769754
0.912644
0.750708
2.16588
0.908514
0.704113
0.719322
1.05434
1.29437
0.903951
0.327116
0.240468
0.351909
0.986287
0.792061
0.767406
1.82865
0.928368
0.904393
0.326853
0.836435
0.554824
1.3507
0.83499
1.14604
0.836124
1.20734
0.906844
1.44625
0.465671
0.628741
0.893174
0.546264
0.504609
0.833909
1.49219
0.360214
1.55228
0.961982
2.05905
0.856513
0.665786
0.454405
0.277093
0.779218
0.916107
0.931284
0.582964
1.42734
0.830594
0.583641
0.592142
1.5235
1.70016
1.37177
0.894808
1.12042
1.03721
0.861257
0.401492
0.516403
1.56455
0.851479
0.892974
0.723527
1.18204
1.29876
0.469547
2.07501
1.42207
0.458783
1.3245
0.457949
0.520585
0.199356
0.708885
0.562282
1.57114
0.593156
0.921002
1.05296
0.391861
0.568756
0.492488
0.232528
0.756403
1.12873
1.56968
2.34625
1.66552
0.705373
1.19989
0.960248
0.843943
0.412122
1.73889
0.269465
0.571727
0.57034
0.616147
1.2468
0.755575
0.526433
1.03084
1.41523
1.4625
0.533571
1.11298
2.0393
0.435266
1.6322
1.02725
1.13407
1.0951
0.494042
0.822
0.660985
0.666819
1.07953
1.77615
0.347727
1.03659
0.603158
1.4855
0.557059
0.858919
1.10436
0.211981
0.592057
0.748195
0.604354
0.91125
0.68586
2.08133
1.00434
0.928192
1.14799
1.67128
0.72778
2.07679
0.981886
0.883036
0.687083
2.64359
0.95689
2.3641
0.594358
2.77678
0.862873
0.907561
0.478978
0.99869
0.484634
0.382042
0.64544
0.566783
0.405779
1.56755
0.985317
0.58803
1.21727
0.786221
1.69634
1.20396
1.05904
1.53979
0.430601
1.28604
1.4164
1.8091
0.691955
0.666516
2.05988
0.499299
0.364636
0.687104
0.961536
0.782975
1.54257
0.660082
1.24677
1.51747
1.30671
0.408809
0.841718
1.60193
1.98979
1.95667
1.19131
1.38529
1.15741
1.82916
0.807319
0.532565
0.693547
1.12629
0.457534
0.828676
0.717081
0.162605
1.8001
0.951483
0.60577
1.08012
0.219072
1.89701
1.02405
1.27866
0.538986
1.14491
1.16997
1.00097
0.404706
0.830253
0.969686
1.12345
0.959838
3.37078
1.8111
0.707749
0.0679321
0.652769
1.17483
0.888442
0.573832
0.505114
0.615639
0.977647
0.564424
0.540572
0.962657
0.901631
1.48465
0.838185
2.08655
0.381538
0.716436
1.3471
0.243912
1.45473
0.904298
0.465096
1.25915
0.67535
0.590359
0.702741
0.702519
0.633685
0.942474
1.15131
0.300825
0.750813
0.904565
1.87267
0.821387
0.686997
1.43753
0.855217
0.599063
1.34314
1.15082
0.792824
0.623418
1.48929
1.04262
1.04076
1.44965
0.812035
1.35738
0.990007
0.775465
0.743943
0.825801
1.42511
0.882935
0.952687
1.43579
1.11695
1.22808
1.47057
0.59162
2.06022
1.02445
1.4755
0.551081
0.80617
1.63598
0.836538
0.290899
0.513023
0.812721
1.27128
0.657042
0.691649
0.562846
1.41984
0.419571
1.14073
0.725935
1.24652
1.93677
0.856366
0.528387
0.850695
0.538628
1.21959
1.35231
2.04499
0.242498
1.20129
0.42652
0.680528
0.520304
0.657232
1.84481
1.55661
1.29199
1.31917
0.676711
0.854759
0.78404
0.503718
1.18178
1.08595
0.909047
0.695597
2.45416
0.978957
1.09457
0.60873
0.478763
1.36469
1.22729
2.02924
1.30404
1.60201
0.769834
0.417289
0.621818
1.15123
1.00683
1.13889
1.15529
0.951729
0.703735
0.341963
0.659336
0.627172
0.508443
0.83023
1.24903
0.599563
1.50673
1.30443
0.950673
0.57914
0.695418
0.841733
0.792002
0.377804
0.537097
0.363322
0.960227
0.830903
0.432845
0.892055
1.54553
1.10659
0.621527
0.977325
1.43838
1.533
0.767055
0.760473
0.567726
0.610225
1.28786
1.19124
0.887638
1.79983
0.359912
0.545294
0.627284
0.987479
1.20232
0.55066
0.918182
0.502637
1.36236
1.14807
0.758132
0.807595
1.90214
0.920489
1.5558
1.13152
0.772247
1.34808
0.795918
0.824732
1.03005
0.562635
1.40255
2.35718
0.692986
0.631073
1.12864
1.22746
0.998251
1.18154
0.321036
1.50115
0.446828
0.652272
0.755519
0.853454
1.16151
0.682995
0.44427
0.674616
0.833081
0.877401
0.683254
0.660014
0.59865
1.28017
2.01808
0.984855
1.77346
1.00095
0.900172
0.920836
0.950088
0.235088
0.278229
0.980983
2.54169
0.42518
1.07621
0.342792
0.8313
0.451074
0.617499
0.90461
1.0379
1.10313
0.979491
1.29143
0.810943
1.36377
1.93982
1.01746
0.911748
0.791955
1.26427
0.759019
1.2138
0.890475
1.50154
0.685899
1.13456
0.479681
0.985017
0.453866
0.750304
1.41017
1.22812
1.15533
0.840927
1.19337
0.752946
1.22732
1.15097
0.949889
1.05554
1.87453
0.992198
0.591701
1.94641
1.69373
1.36192
0.821063
1.032
1.4059
0.892535
0.627065
1.17231
2.41867
1.49445
1.2187
1.4755
1.33702
0.947621
0.901727
1.18031
1.03191
1.60342
0.641894
1.88109
1.19687
0.659162
0.468834
0.919584
0.811512
1.19982
0.749953
0.766101
0.500028
0.51782
1.97622
0.926647
1.46829
2.12766
0.809809
1.61716
0.266563
0.616558
1.40743
1.21844
0.752346
1.50047
0.944861
1.06787
0.951465
0.470297
0.695549
0.298848
0.0808717
1.12016
1.05877
0.530149
0.929419
1.65848
0.252322
0.716066
0.680104
1.08156
0.505975
1.41572
0.720886
1.81605
0.349137
0.56844
0.600375
0.357716
1.37424
0.466603
1.68189
2.71623
1.02995
2.49063
1.15366
0.843906
0.495213
0.469097
1.69545
0.557405
0.88471
1.53377
0.620065
0.729292
1.28997
0.751907
1.96552
0.912117
1.12758
0.279795
1.58815
0.668946
0.937571
1.82673
0.647448
1.65628
0.479601
0.623121
1.74273
0.482397
0.771189
1.00658
0.241259
1.32067
0.600456
0.580544
0.721931
1.2302
1.92472
0.927468
0.707629
0.352255
0.569655
1.10594
0.625496
1.37027
0.652588
1.59689
1.13152
0.544424
0.973758
0.780059
0.867464
1.0385
0.475304
1.25525
0.481085
0.540183
0.526769
1.39502
0.248227
0.772207
0.520098
1.39482
1.08538
1.59231
1.34884
1.04345
1.06279
1.24553
0.858243
0.284183
1.1048
0.682765
0.989578
1.6132
0.929553
0.830936
1.28177
0.797636
0.795825
0.570551
0.450434
0.974858
0.400478
0.760585
0.862705
0.618536
0.178326
0.94291
1.51082
0.803767
0.57999
0.903604
0.420761
0.84107
0.8634
0.420651
0.848426
1.1992
0.703605
0.830709
1.27819
0.258091
1.40883
0.442363
0.981965
0.65789
0.258941
0.778807
1.74282
1.00896
0.767426
0.673331
0.652759
1.04195
0.655441
1.17719
1.44552
2.46365
0.505452
1.12413
1.38575
0.925631
0.956896
3.0927
0.487715
1.56692
1.43014
1.3845
0.979687
0.787577
0.907763
0.76896
0.642628
0.817098
1.38433
0.942938
1.17261
0.534308
0.511986
1.44398
0.755765
1.49589
0.672056
0.916544
0.822983
1.37422
1.69105
0.945029
1.20299
1.08268
0.725252
0.270505
1.04287
0.528262
0.650645
1.66432
2.27439
0.749504
1.49321
2.20174
0.609863
0.709852
1.29134
0.352959
0.431493
1.1437
0.66185
0.60168
0.753653
1.21983
0.849028
1.15008
1.09715
0.313423
0.819383
0.0837208
2.10595
0.361477
0.970305
1.28451
2.35968
1.01641
0.614129
1.4228
1.64559
0.413749
1.09295
1.59195
1.91663
0.573413
0.543128
0.657929
1.7686
1.4015
0.921479
0.946497
0.902266
0.785171
0.893921
0.816926
0.62792
0.449508
0.553731
0.627932
0.992494
1.5976
0.886828
1.14907
1.42195
1.18584
0.993441
1.09748
0.71255
0.724629
0.208919
1.07317
0.871452
0.463823
0.925796
0.780762
0.277713
0.91627
0.390165
0.78621
1.32005
0.71063
2.39296
0.425386
0.969135
1.14094
1.56785
0.820377
1.65979
1.2891
2.09638
0.804936
0.584943
0.658431
0.649484
1.26417
1.54223
0.506683
1.95875
2.18582
1.21751
0.769235
0.868368
0.414283
0.843793
0.612348
0.727114
0.291329
1.57592
0.656869
1.66919
0.565572
0.665689
1.39144
2.31532
0.928067
1.06937
0.92858
0.705623
0.915716
0.755393
0.897446
1.33104
0.430131
0.884881
0.908193
2.07936
0.645023
1.25383
0.705623
0.902137
0.866636
0.353713
1.01633
0.894468
0.810372
1.33011
0.857652
0.7835
0.830729
1.26529
2.34985
1.4339
0.828233
0.427108
0.631913
1.40551
0.458647
0.518633
0.61683
0.617145
1.40333
0.122923
1.0498
1.23951
0.26667
1.10752
0.520456
0.834542
0.765488
0.955603
1.35609
0.734983
0.77847
0.481941
0.826469
2.44677
0.717504
0.706466
1.05041
0.5119
0.690072
1.67639
0.510196
0.414509
0.585524
0.883041
0.835903
1.4076
0.876004
0.690883
1.01559
0.89863
1.3332
1.24134
0.231654
1.1933
0.642411
0.526203
0.716973
1.07244
1.57031
0.616889
0.351698
1.22632
1.10772
0.173964
0.94464
0.499009
0.654798
1.35983
0.876657
1.23653
0.582482
1.70202
0.681626
0.460864
0.53769
0.78835
0.508554
0.628232
1.26942
1.28962
0.7868
1.40261
0.425219
0.132974
0.649558
0.478932
1.42747
0.999633
0.270683
0.816051
0.682781
0.376413
0.170001
1.50934
1.81538
0.713411
1.01134
0.692344
1.07014
0.401844
0.813374
1.04669
0.731143
1.07335
0.76469
1.03205
0.340508
2.07201
0.955913
2.32052
1.16997
0.498219
0.59823
0.83994
1.27068
1.07264
1.96131
1.76632
1.07273
2.23314
0.493348
0.773881
0.781611
0.482261
1.24506
0.527182
0.416472
0.588254
1.01909
0.569877
1.49938
0.525592
0.715629
2.47005
0.521696
0.752579
0.875863
1.08634
1.18995
0.962917
0.811776
0.237691
1.1929
0.957867
0.833714
1.77453
0.517741
1.42429
0.355959
0.802739
0.659713
0.756186
0.705829
0.643642
0.618144
0.37783
0.697666
0.724112
0.856829
2.26428
0.222047
0.294124
0.951386
0.816952
1.44706
0.443545
1.26973
1.46403
1.17839
0.569813
0.44089
1.40577
1.5394
0.424642
0.55192
0.797867
0.663483
0.653153
0.571575
0.508337
1.63262
1.33099
0.501592
0.756729
1.18906
0.591743
1.29154
1.63552
2.09412
0.576445
1.82792
0.547219
1.52951
0.604216
1.0024
0.902496
1.97729
2.1014
0.80148
1.39293
1.41543
0.717551
0.893505
0.705399
1.03325
1.31044
0.755452
1.08219
1.0501
0.467072
1.07221
0.881767
1.21559
1.16885
1.69515
0.0999784
0.684381
0.840088
1.32113
0.731109
1.42266
0.545961
1.21303
1.67251
0.504477
0.684793
0.548226
1.39149
0.582964
2.24494
1.11949
0.816283
0.626299
0.526343
0.443519
0.406424
0.912385
0.811347
0.973771
0.685915
1.4882
1.69145
0.415273
1.61175
0.561371
0.695232
0.632075
0.478848
2.4896
0.687322
1.45411
1.0427
1.01687
0.517265
0.561401
1.55722
0.815516
1.53306
0.504461
0.717449
0.315982
1.27843
0.372756
0.951732
0.454
0.952408
0.934294
1.38495
0.703381
1.0735
1.22525
1.05635
0.112397
0.579154
0.385479
0.722047
0.123094
0.637085
1.11656
2.31305
0.429217
0.80611
0.998743
0.289758
0.67297
2.82771
0.194021
0.605743
0.656832
1.17472
1.30346
1.16854
0.775626
0.573493
0.415146
0.307915
1.15844
0.965222
0.473076
0.443012
1.05999
0.300476
0.977662
0.584455
1.00541
1.02042
0.347901
0.561262
0.636209
1.02925
0.970608
0.524418
1.11006
1.53143
0.924729
0.432956
0.744044
0.614602
0.985825
0.909112
0.639832
0.377967
0.765184
1.6219
1.02359
0.960173
0.967341
1.12413
1.44264
3.25408
0.597925
0.578669
2.16737
1.22428
0.0410876
1.37305
0.686069
0.671698
0.839934
1.76473
0.560355
0.338076
0.610436
1.46853
1.02865
0.661981
0.632204
0.583077
1.31163
1.15202
1.86984
0.783619
0.477211
1.12132
1.47222
1.04159
0.741301
1.0275
0.628449
0.947054
1.3312
1.27175
1.05084
0.764873
1.62054
0.605458
0.598577
1.11603
0.794036
0.769293
1.68056
1.37267
1.06436
0.885136
0.652356
0.518145
1.2155
1.1281
1.13295
1.29992
0.337856
0.704119
1.11984
0.524921
0.665
1.90304
0.545623
1.85742
0.121851
0.896609
2.29568
0.66885
1.03912
0.684508
0.954137
0.591918
2.25523
0.706574
0.735004
0.819425
1.1254
0.539474
0.276141
0.978694
1.75227
1.14987
0.927758
0.672292
0.753042
0.643393
1.45401
2.08752
0.464959
0.829206
2.5479
0.874869
0.190085
1.27586
0.642063
1.10355
0.676938
0.563534
1.05582
1.0757
0.701565
0.842655
0.36186
1.08877
0.559616
0.919147
0.762618
0.838576
1.13257
0.840976
1.43428
1.06235
0.718458
0.655656
0.397522
1.34073
1.96389
0.152294
0.394714
1.26914
0.746575
1.09571
1.19163
1.4728
0.379144
0.751167
0.634208
1.17471
1.85547
3.44529
1.05145
0.758948
1.00801
0.584728
0.404799
1.22903
2.09425
1.70875
0.32409
1.06725
1.40261
0.713989
0.437459
0.947569
0.681704
0.864399
1.60148
0.830483
0.301598
0.0976524
1.02208
1.67969
0.862169
1.6782
0.499968
0.72947
0.420262
0.850654
1.76562
0.741768
0.740715
1.67473
2.4271
0.420994
1.26916
1.54409
1.41559
0.394528
0.735704
0.704267
0.547083
0.783095
2.11953
1.17674
0.510191
1.03788
0.731188
0.782784
0.782469
1.46154
0.370124
1.21725
0.588905
1.01967
0.424092
1.09088
0.129862
0.819087
2.27884
0.879214
0.325538
0.554445
0.826385
0.908126
0.924011
0.234034
1.44105
0.651762
0.695303
1.48497
1.44106
1.78207
1.25673
0.791048
0.367313
0.800242
1.28859
0.31502
0.686024
0.757594
2.81339
0.330148
0.793148
0.826034
0.274433
0.922441
1.77785
0.849824
0.722701
0.637592
0.897282
0.899534
0.699676
0.788737
0.410125
0.666728
0.553712
0.603121
0.365528
2.13376
1.16139
1.21216
0.897995
1.10108
1.06653
0.59821
0.880332
0.572421
1.34189
1.23648
1.72578
0.995772
0.389471
0.863803
1.17441
0.683912
1.03924
0.916526
0.928231
0.528407
0.87614
0.433458
0.70906
0.936721
0.78604
0.571307
0.318358
0.533458
1.39968
0.549674
1.72908
0.999269
1.55603
0.449242
0.473417
0.801449
1.42481
2.24353
0.814188
0.453893
1.27498
1.37886
1.24188
0.884935
0.657065
0.430074
0.461646
1.00397
0.947911
0.728623
0.162873
2.66305
0.859544
0.416993
1.32951
0.978975
0.799963
0.834706
0.818385
0.287388
0.699408
0.946997
1.01371
1.86244
1.24714
1.36998
1.03533
0.780369
0.359629
0.7536
2.42333
1.91149
0.846975
0.645905
0.269603
0.206102
0.785194
0.730948
1.64913
0.391112
0.623257
1.47563
1.15102
0.993229
2.74399
0.974142
0.0217936
1.47944
2.22497
0.676728
0.685133
0.449155
0.558543
0.0410253
0.48704
0.564496
0.54739
0.519723
1.23585
0.80881
1.05332
1.55485
0.993679
0.704189
0.646205
0.675574
2.02652
2.0147
1.17767
1.31134
0.912447
0.658734
0.699092
0.819907
1.27064
1.34145
0.670068
0.404167
1.85749
1.02832
0.679749
0.989021
0.978649
1.25982
0.586076
1.04457
1.29742
1.29458
0.547176
1.31706
1.44919
1.08793
0.387501
0.549328
1.22921
1.27646
0.325607
0.583171
1.30553
1.05755
0.752118
1.43965
1.24815
0.632794
0.754705
1.10963
1.01436
0.496659
0.569692
0.279725
1.14216
0.668954
0.998818
0.454696
0.981898
0.956104
1.16918
0.96014
0.587807
0.823768
0.858926
0.552404
0.986687
1.30395
1.0715
0.940515
1.13006
0.668725
0.386017
0.496005
0.845688
0.742474
0.970925
1.51492
0.495603
0.690513
0.439786
2.29204
0.587047
0.934934
0.918973
0.576118
0.43096
1.35266
0.83298
0.419554
1.22638
1.17582
1.12213
0.980657
1.75792
0.552645
0.254252
2.14833
0.635232
0.6002
1.17104
0.895731
0.728242
1.25231
0.932837
1.85281
0.709932
0.830139
0.782673
1.73695
0.410137
0.780832
1.00626
1.36529
0.509526
0.511876
0.831279
1.14051
1.34361
1.01171
2.39075
0.9322
1.66955
1.7015
1.24927
0.689221
1.5155
0.550858
0.471188
0.854407
1.3348
0.776376
0.867325
0.185016
0.548563
0.970741
0.95946
0.586623
0.421756
1.37697
0.796288
0.486437
0.276675
0.738228
1.13871
0.632627
0.644231
0.641491
1.1223
0.890209
1.05789
1.40299
0.431118
0.634592
1.35844
0.468945
0.619138
1.8151
1.43928
1.42939
1.12929
0.813926
0.799138
1.09892
0.411113
1.68118
0.331442
1.20937
0.568487
1.09169
0.976805
1.51106
1.23646
1.35272
0.463911
1.34076
0.28986
0.955858
2.46645
1.39571
0.138179
0.890875
0.981705
0.474541
1.48843
2.10004
0.754886
1.83219
0.978602
0.531071
2.14732
0.348524
0.207884
0.660223
0.981656
0.843394
0.878627
0.700121
0.995225
0.163088
0.803274
1.39217
0.510219
1.61149
0.51696
0.979752
1.37036
1.277
0.584773
1.39987
0.760811
1.03417
0.276276
0.702445
1.1819
0.593554
1.13617
0.437185
0.607025
1.23662
0.810283
0.473762
0.137084
2.03067
0.664116
0.0825811
0.848805
0.68108
0.439336
1.20842
0.793268
0.403019
0.427095
0.830595
0.759649
0.718958
0.283429
0.489787
0.673085
1.43573
0.609463
0.957398
0.661828
0.428091
1.12063
1.28666
0.455258
1.01389
0.759854
0.0730178
0.796797
0.43433
1.4602
0.579205
0.644974
0.640001
0.403875
0.659442
0.366847
1.66125
0.735977
0.719835
1.45744
0.692405
0.810526
1.21361
0.717274
0.717489
1.73559
0.375731
0.393855
0.423144
1.17692
2.63203
0.748274
1.47447
0.777144
0.581796
0.211016
0.554383
1.12429
0.498955
0.824528
1.15482
0.468961
1.29874
0.61514
0.216459
1.05793
1.93651
0.493754
0.76008
0.259273
1.03963
0.368131
1.09729
1.15002
0.488039
0.764865
1.09756
0.685646
1.26348
0.639549
1.43344
0.436671
0.257479
2.02219
0.381562
0.408685
0.743321
1.29323
0.775765
0.659733
0.50016
0.942381
0.877552
0.829629
0.478032
0.995873
0.719226
1.24215
0.773752
1.33929
0.379875
1.28662
0.573118
1.80153
0.432909
0.476926
0.576345
0.43598
1.495
1.53261
0.804829
0.748867
1.31473
0.844724
0.855348
1.11277
0.648556
0.74175
0.698729
2.31695
1.20454
1.10316
1.48881
0.359094
0.749723
0.722123
0.829043
0.355041
0.541426
0.493681
0.503765
1.30633
0.94155
1.89848
1.14119
0.658339
1.19796
1.70828
1.2019
0.501036
1.31115
1.69386
1.76957
1.04444
0.178961
0.942815
1.62664
1.07627
0.475586
0.665237
0.796872
0.740246
1.24582
1.41373
0.244518
0.686319
0.401945
1.03127
1.56305
0.639759
1.36612
1.12428
0.509697
1.01239
0.808491
0.724869
0.943436
0.601177
1.48932
1.07062
1.41442
1.66021
0.85502
0.962162
0.557003
0.444911
0.916999
0.667174
0.470124
1.05165
1.33056
1.02952
1.82411
0.601658
1.17355
1.74074
0.650795
0.777398
0.265846
0.513519
0.192509
1.01945
0.601571
0.727236
1.02573
1.10658
1.86129
1.06606
0.409386
0.936254
0.589545
0.40623
0.225788
1.61326
0.569113
0.695022
1.2611
0.391955
0.214789
1.63818
1.07393
1.08925
0.511414
0.679191
0.341637
1.10017
0.829344
0.575846
1.4878
2.87485
0.835407
0.503051
0.214239
2.06661
1.74466
0.45937
0.583836
1.24909
0.961224
1.07739
0.720693
0.570995
1.90146
1.02926
0.840467
0.395492
1.00976
1.7428
0.555259
0.973524
0.803109
1.82813
0.490147
0.142576
0.765806
0.362201
1.08336
0.333967
1.03477
0.765497
1.14727
0.861221
1.46739
1.82261
0.565971
0.787063
0.902692
0.927104
1.7214
0.713251
1.0529
0.243194
0.950959
0.481811
0.311699
1.34256
0.583917
1.5862
0.706261
0.947264
1.05614
0.509206
1.59689
0.52716
0.485906
1.4899
0.7833
0.69319
1.31356
1.39415
1.43589
0.932961
2.12179
0.325387
0.938876
0.827051
0.677887
0.44561
0.882109
1.0744
0.343945
0.506227
1.82714
0.637629
0.162936
0.122548
0.640577
0.95491
0.531906
0.729585
1.335
0.946128
0.855001
0.997825
1.12389
0.434821
0.923675
0.470619
0.639265
1.04541
0.465751
1.65624
1.49086
0.886099
0.985171
0.704637
0.253038
0.587238
1.41267
0.977764
2.02324
0.702731
2.50526
0.973583
1.08462
1.28263
1.5564
0.72583
1.07353
1.42209
0.647528
1.00882
1.00447
0.951736
1.22658
1.39751
0.795515
0.582596
0.905426
0.328907
0.44841
1.06058
0.483669
1.03879
0.513752
0.892863
1.07263
0.474956
0.353632
0.996878
1.61971
0.400961
0.900546
1.175
2.03256
0.744774
1.08841
1.41861
0.769532
2.4168
0.20606
0.521169
0.807067
0.43144
1.00176
0.628422
0.61955
0.738993
0.412476
0.580367
0.359163
1.23454
0.693688
1.46147
0.678152
2.53428
2.08002
0.725025
1.18726
0.0891786
1.29111
1.67178
0.177417
1.26105
0.470758
0.710249
0.606326
1.63953
0.485133
1.41592
1.61574
0.926995
0.748517
1.10345
0.799413
1.78462
1.23261
0.709797
1.24259
0.785734
0.549441
1.02441
0.509572
0.995623
2.2674
0.190081
1.44016
1.63304
1.0661
0.721119
1.15443
0.16053
0.521282
1.78955
0.323109
1.22659
0.553901
0.90806
1.50164
1.34382
1.03873
0.855215
0.837436
0.368647
0.203562
0.897644
1.0268
1.88468
0.369311
0.749663
1.11387
1.49425
1.18577
0.672007
0.741913
1.431
0.58804
0.914627
1.06517
0.93604
0.593052
1.77976
1.11731
0.452599
1.44774
0.686823
0.855291
1.00854
1.3576
0.633772
0.689311
0.988382
0.462726
0.529556
0.975996
0.514952
0.76954
0.839283
0.626311
0.455825
0.514794
0.553453
0.819377
3.02759
0.700633
1.71221
0.521108
0.96242
1.16346
1.13023
1.00404
0.612239
0.632766
2.08257
0.941151
0.871116
0.966444
0.726192
0.82771
0.331179
1.20271
1.32014
1.42497
0.757241
0.921705
2.17908
1.96937
0.483604
0.494478
0.547706
1.0192
0.805516
0.638672
0.781417
1.07152
0.611503
0.749432
0.978499
0.314287
0.505034
0.479396
0.452362
0.726539
1.22594
0.706493
0.733689
0.857945
1.07209
0.821931
0.951027
1.27052
3.29769
0.506957
1.15318
1.14337
0.536266
0.97763
0.983625
0.968995
1.75506
0.918878
0.507275
0.970849
0.508129
1.41845
0.851462
0.120598
0.769655
0.828377
0.56975
0.362985
0.170763
0.699755
1.25794
0.172737
0.394089
1.42614
1.24425
1.00085
0.685398
1.12179
1.11338
0.836191
1.0995
2.37057
1.04973
0.395438
0.76681
1.17813
1.3052
0.633543
0.354845
1.56922
0.375353
0.793663
0.563179
0.661491
0.645217
1.09725
0.481878
1.59776
2.66415
0.241323
0.910016
0.593255
2.05077
0.542532
1.19867
0.685368
1.26723
0.414307
1.29667
0.468407
1.00137
1.15877
1.92909
0.74363
0.877232
1.40243
1.35843
1.88994
0.49733
1.23035
3.03608
1.19106
1.05428
0.412719
0.797017
1.13044
1.0911
1.38699
0.672542
0.570198
0.792423
0.497739
0.485642
1.29355
0.743258
0.588636
1.13704
0.54503
0.71172
0.990423
0.712795
0.460867
0.683585
1.22159
0.585824
0.445649
0.685796
1.0225
0.6416
1.46064
0.642046
1.30429
0.554522
0.753137
0.720767
1.12213
0.703911
0.711607
0.549048
0.35199
0.364077
0.958044
0.407894
0.178219
1.62958
0.937753
0.803308
0.77408
0.38071
0.806128
0.264914
1.2317
0.542768
1.00832
1.2608
0.255667
0.986756
1.09908
0.896984
0.811413
0.807332
1.07523
0.764479
1.65905
1.16902
0.636296
0.459075
1.07611
0.967173
1.8817
0.933313
1.47958
0.956385
1.0472
0.670081
0.721791
0.693875
1.41776
0.871003
0.756164
0.470399
1.23536
0.979406
1.12843
1.07977
1.04301
2.15505
2.38229
1.78214
1.54334
0.713068
0.827192
1.7343
1.5217
1.25958
1.75453
0.980807
1.68141
0.90527
0.741256
1.38572
1.27321
0.860906
0.837244
1.45276
1.28767
1.58314
0.848901
1.50017
1.37112
1.5728
0.814691
0.799717
0.447836
1.67404
0.246834
0.66339
0.714844
0.228565
0.668236
1.32861
2.17245
0.782023
1.84863
1.05191
0.688701
0.824142
1.22709
0.750886
0.262497
1.45823
0.726404
2.12217
1.49867
1.31579
1.17655
0.682214
0.936234
0.845198
0.652765
0.84107
2.02
0.921782
1.87115
0.779399
1.43098
1.56646
0.151571
0.461747
0.865948
0.493457
1.48638
0.584253
1.70154
0.966921
1.09291
0.671989
0.380873
1.74564
1.10518
0.709099
1.23554
0.947198
1.2921
0.499169
1.47547
1.1258
1.39007
0.543865
0.975596
0.65956
1.64175
0.855074
0.257121
1.38348
1.50699
1.02035
0.669255
0.775217
0.917822
0.777277
0.779981
0.569101
1.48955
0.553657
0.423529
0.860045
0.78536
0.417913
0.833373
1.13667
1.09068
1.36007
0.738659
0.6294
0.528482
0.340388
0.556749
0.757186
0.407589
0.168564
0.640974
0.952468
0.656194
1.15144
1.32513
0.790925
1.21697
1.64207
0.603432
0.690057
0.602184
0.727926
1.48981
0.821699
0.450157
0.266509
0.604858
0.620751
0.27237
1.19146
0.546038
0.373954
1.00594
0.416142
0.803618
0.692361
0.93698
0.997857
0.830021
1.53953
1.06279
0.750002
0.853172
1.34352
0.358298
0.581213
2.64636
4.01923
0.436463
1.15503
1.81624
0.461174
1.67709
1.14598
1.22406
0.305901
0.947233
1.11143
1.72931
0.401376
0.391383
1.89215
1.95285
0.887374
0.499285
0.956141
1.35324
3.64329
0.555514
0.92208
0.599214
1.59067
1.11811
0.640853
0.482486
0.782013
1.38846
0.616299
0.719149
1.14308
0.643631
2.42052
0.773717
1.08748
0.789281
0.604574
1.07983
0.526521
1.58542
1.59999
0.680679
1.19202
0.632256
0.844594
0.812997
1.2861
1.87281
0.672151
0.693476
1.24765
0.75193
1.21725
0.877286
0.525492
0.651447
1.35412
0.489264
0.724313
0.971301
1.09921
0.529469
0.687433
1.25779
0.652135
1.39584
1.32265
0.513773
0.71073
0.689394
1.34107
1.14956
0.898126
0.883781
1.59325
1.64096
0.604233
0.692622
1.17433
0.873937
0.55602
1.13949
1.06554
0.787069
0.662309
0.677846
0.481751
0.597044
1.61733
1.67201
2.15006
0.596194
1.04761
0.278135
1.17351
0.884921
0.550778
1.86381
0.399316
0.95693
0.720681
0.550338
0.901322
0.484845
0.993661
0.516746
0.763462
1.20356
1.08369
0.686798
1.44158
0.382407
0.68951
0.754977
0.93786
0.637156
0.917178
1.27341
1.0063
1.37269
0.818947
0.79862
1.1929
0.573028
1.318
1.81482
1.26402
1.00984
0.671267
0.956275
0.702351
0.732902
0.671564
1.32466
0.69374
0.818579
1.28479
0.806999
1.43627
0.598676
0.623864
0.509609
0.552673
1.37742
1.22285
1.13929
0.609366
1.06413
0.50802
1.11738
1.67334
1.8543
0.926469
0.400588
0.66
0.676036
0.81514
2.28837
0.634282
1.48671
1.81497
0.809249
0.548328
0.55174
0.320686
0.824539
1.25642
2.87484
0.875399
0.996487
1.67377
0.536456
1.45187
0.93223
0.91804
0.906469
0.980578
1.0121
1.52006
1.49549
0.470033
0.519079
0.841448
0.547275
1.22497
0.255227
1.08519
0.438064
1.01572
1.63295
0.79685
0.552264
1.21368
1.02394
1.25904
0.341563
1.33156
0.576041
1.09405
0.616141
1.16822
0.835672
0.361347
0.811293
0.89864
0.54101
0.536245
1.66337
0.387805
0.627562
1.6304
1.37346
0.716558
1.53467
0.924774
0.611194
0.490439
0.776718
0.549032
0.999644
0.742324
0.757486
0.474056
1.60654
1.0179
0.345578
1.62477
1.35505
0.767426
0.15768
0.914133
0.515298
0.747813
2.02252
1.24914
1.04994
0.182558
1.14972
0.66806
0.613432
1.21636
0.932726
1.67464
0.957988
0.7694
0.925699
0.761814
0.914886
0.790981
0.248943
0.798155
1.57131
0.442824
1.17332
1.37733
1.81392
0.672789
0.525364
0.543884
0.980745
0.71219
0.89381
0.292983
0.883084
1.18671
1.45992
0.340325
0.347683
1.73441
1.19875
0.781071
2.24834
0.509698
0.994903
0.5601
1.18336
0.95208
1.61836
1.36206
1.13819
0.956812
0.948956
0.830469
1.16863
0.518906
2.17754
1.08277
1.73966
1.35658
0.425828
1.0765
1.10594
1.70336
0.921588
1.15666
1.4629
0.687509
0.675954
1.53844
1.21706
0.720909
1.12709
0.5902
0.775732
0.910127
0.720056
0.60685
0.751658
1.605
0.589155
0.769398
0.513062
1.00717
0.565806
0.828207
0.910103
0.495305
4.43122
1.59654
1.41588
0.877487
0.811639
1.48695
1.1803
0.656608
0.803319
0.506601
0.542818
1.1921
1.1275
0.895428
0.998975
0.677604
2.35064
0.599338
0.712515
1.76806
2.1593
1.04619
1.31834
2.06683
0.831555
0.580603
0.87567
0.499663
1.67338
2.0802
1.14253
1.16833
0.682877
1.23251
0.688224
0.452651
0.682018
1.02837
0.6015
0.497222
1.98688
1.50395
0.67358
1.3314
0.251998
0.416006
0.491226
0.769357
0.749926
1.43112
0.699188
0.791567
0.960535
1.20961
0.901435
1.03706
2.19743
0.885781
0.416163
0.794659
0.464976
0.999635
1.51671
0.865519
2.14609
1.11945
0.870982
1.16017
0.435698
1.23772
0.94976
1.3122
1.09606
2.60851
1.03974
0.743672
1.29894
1.18573
0.795788
1.41453
1.13138
0.127486
1.83406
0.700968
0.841718
1.43978
0.759976
0.595712
1.13284
0.701045
1.9092
0.507043
1.401
0.754113
0.574938
0.295899
0.519286
0.633498
0.288087
0.615993
0.608556
0.593403
0.829197
0.201372
0.801022
0.905229
0.558539
0.875769
0.819984
0.679826
0.246429
1.0791
2.04919
0.511531
0.369996
0.797523
0.739313
0.467293
0.342896
0.861469
0.231163
0.558877
1.12576
0.742395
1.01251
1.18472
1.36586
0.562649
0.723046
1.11358
1.36023
1.08323
0.591962
0.533441
0.48375
1.18418
0.712609
0.654219
0.916866
0.575656
1.19658
1.47566
0.0357534
0.465549
0.53772
1.26887
1.41074
2.46777
0.935927
0.759635
0.629713
1.34352
0.990657
1.07606
1.66056
1.06659
0.315686
0.761598
0.754019
1.43598
0.811885
1.33605
1.0577
0.815667
0.587645
1.18313
0.428148
1.68364
2.13485
1.51751
0.541438
0.887748
0.351943
0.693215
1.18501
0.399573
0.455769
0.868719
0.914073
0.942813
0.798543
1.15559
1.55434
1.59785
2.14443
0.53954
0.652704
0.641998
0.641093
1.68754
0.803958
0.595833
0.763346
0.747395
0.908393
0.546749
0.533196
0.484618
0.671491
0.946445
0.755345
0.453326
0.623587
1.1082
0.818161
1.094
0.75562
2.32854
0.819668
1.52983
0.371807
0.826962
0.984747
0.599803
1.77816
1.4187
1.07411
0.764549
0.65382
0.678091
1.12174
1.26156
1.07223
0.760445
0.561553
2.35624
1.18913
1.08733
0.29777
0.602178
0.44884
0.776493
0.729729
0.763726
0.65632
0.155768
1.1255
0.832694
1.13235
0.7668
0.440666
0.783077
1.0355
1.10704
1.09043
1.1789
1.52381
0.693713
1.38195
0.259532
1.38825
1.0521
0.518067
0.553788
1.01763
0.718665
1.03665
0.519903
0.76124
0.538731
0.405039
0.523231
1.63375
1.02033
1.51974
0.162933
1.45838
0.251138
2.70634
0.708452
0.902494
1.05295
0.597346
0.468405
0.549402
1.3263
1.35471
0.531052
1.11748
0.677977
1.44621
2.05186
0.870776
1.35013
1.38774
1.1343
0.657143
0.35499
2.54304
0.538229
0.954276
1.17667
1.0288
0.881381
1.50765
1.29941
1.36253
1.03009
1.14882
0.368254
1.3265
0.380743
1.38451
0.510682
1.39452
0.674751
0.666954
0.42146
0.607892
1.76156
0.573967
1.78907
0.623701
0.789819
0.775014
1.93718
0.777318
1.14915
0.682582
0.936457
0.400088
0.874351
0.408277
0.961909
1.4248
1.02225
0.452263
0.887997
1.01675
1.89103
1.16889
1.3751
0.925643
0.870097
0.677213
1.5884
0.934557
1.06132
1.83476
0.443627
0.16479
1.04898
1.02593
2.61815
1.21833
0.362374
0.667562
1.04804
2.51969
0.747336
0.581973
0.753493
0.801292
0.532987
0.604589
0.996822
2.32031
0.876306
0.509691
1.84896
1.79604
1.12426
2.05932
0.859102
0.519637
3.23272
1.09213
0.892065
1.06403
1.02278
1.42907
0.654119
2.39783
0.48825
0.493907
1.29443
0.3664
1.05012
0.325858
1.47438
0.976639
1.20926
1.17777
1.89994
0.416737
1.49346
1.31389
0.30186
1.55105
1.87887
1.47571
1.29806
0.992163
0.659839
1.10099
0.704343
1.23835
0.724191
0.711749
0.658793
0.811122
1.16529
0.248293
0.497447
1.05358
1.87316
1.56025
0.520983
1.25063
2.06073
0.457022
1.10861
0.418885
0.349474
0.558241
0.452889
0.425913
0.609469
1.31596
1.32334
0.328017
1.24933
0.874972
0.681583
1.47434
0.428678
1.09325
0.571234
0.997673
1.35694
0.4204
1.16882
0.496039
0.104737
0.358109
0.341007
0.804624
0.576242
0.852317
0.299454
1.63597
0.46567
1.3375
0.623358
2.07988
1.04256
1.36689
0.755523
0.860911
1.22284
1.55207
0.628093
0.749099
0.369698
1.18809
0.928109
0.295875
0.867831
0.764388
1.02961
1.00144
1.01956
1.36243
1.4923
0.617752
0.989062
0.491559
1.48441
0.564537
0.966871
1.12037
0.974053
1.51916
1.40109
0.976803
1.01812
0.578723
0.598016
0.858467
2.49402
0.480731
0.821132
1.28621
0.222816
0.409282
0.882807
2.31414
0.674271
1.39346
1.24257
0.993849
1.38827
0.465637
0.288717
0.565873
1.22529
0.971589
1.19086
0.620413
0.679968
1.35942
0.571383
1.36267
0.893392
0.351437
0.628955
1.45918
0.578811
0.660444
1.51504
0.490627
1.19593
0.521727
0.535557
0.539496
0.342435
0.843501
1.12004
0.573602
1.09275
1.44361
0.649376
1.09947
0.849407
1.32785
0.849213
0.701747
0.555306
0.843855
2.0698
0.564871
0.656146
0.956558
1.21173
1.68895
0.906359
0.559081
0.848397
1.29015
0.617232
1.14879
0.387661
0.449989
0.539592
0.804259
0.90892
1.76034
0.861647
0.456807
0.915152
0.507974
1.17044
1.61653
0.852067
1.28108
0.706851
0.259395
0.698644
0.279998
0.550629
0.699405
0.358311
3.0996
0.590152
1.12561
1.50636
0.326745
0.909224
0.536222
1.19629
1.40217
2.3002
1.00914
0.376031
0.21329
0.657832
0.898611
1.47765
1.02421
1.04493
1.06503
1.22611
2.064
0.0407622
1.42818
0.641021
2.46554
0.885885
1.04574
0.86055
1.13599
1.52607
1.16467
0.810218
0.587691
0.511219
0.691103
1.29341
0.77903
0.662044
1.16177
0.471488
0.423888
0.919871
0.859631
2.87177
0.596898
1.06545
1.47963
0.407063
1.24927
1.33371
4.82716
0.213984
0.500488
0.968141
0.413648
0.469094
1.38256
0.30615
0.67026
0.439424
0.767702
1.06625
0.667333
0.794694
0.41583
1.28086
1.1076
0.30332
0.884273
0.594675
0.231325
0.309615
1.36073
0.704025
1.68217
1.17218
0.959625
0.761542
2.93657
1.12556
0.125962
0.815017
0.836554
1.07843
0.854479
1.46504
0.28327
1.0356
1.59509
1.36222
0.369045
0.503807
0.526301
1.96962
0.427188
1.61734
2.15384
1.42022
0.350474
1.69598
1.23054
0.570516
0.72299
0.477865
0.993289
0.883338
0.922182
0.871778
0.691025
0.153984
1.27881
1.5687
0.739324
1.88063
0.633303
1.51162
2.42459
0.343621
0.648731
0.406199
0.492641
0.55205
1.27445
0.595427
2.51495
0.773672
1.20768
0.903348
1.68282
0.347373
0.626128
0.953579
0.452571
1.47928
0.622542
0.674263
0.655903
1.39994
1.56101
0.368154
0.593464
0.560257
1.51242
1.22059
0.647542
0.99272
1.29567
0.86453
2.07818
1.37944
1.28781
1.79405
0.828273
0.932332
0.830985
3.15185
0.840707
1.2597
0.944297
0.0774165
0.334507
0.618587
0.485274
0.543164
1.49317
1.36266
0.933913
1.00575
0.616864
1.59041
1.11354
0.167921
0.761287
0.434152
0.753336
0.655126
0.788917
1.02507
0.967786
0.694989
0.771401
1.33825
0.982352
0.8181
1.71943
1.1084
0.79295
0.237493
0.533831
1.63555
0.531394
0.676508
1.37992
2.08318
1.64832
1.33108
0.525225
0.818919
0.49125
1.61102
1.16212
0.759585
1.74549
0.363923
1.78421
0.722802
0.379352
0.12986
0.250082
0.510407
0.554965
1.58712
0.452561
1.80473
0.77383
0.380156
0.939515
0.719646
1.33969
1.45251
0.68651
1.12937
1.09091
0.480399
0.496858
1.74767
0.915249
1.25458
0.977211
0.720658
1.18389
0.490297
1.2662
1.51873
0.495682
0.727067
0.702734
2.4568
0.496129
0.538336
0.844302
0.761503
0.798985
2.72346
0.597539
0.638669
0.782664
0.629546
0.442262
0.74035
0.725547
1.67119
0.573609
0.547497
0.598313
0.664095
1.41601
0.47076
0.814352
0.503038
0.759513
0.71154
0.771972
0.965977
1.14967
1.04666
0.506432
0.791162
1.351
0.996131
1.01584
1.34681
0.648912
1.52712
1.5765
0.965795
1.80173
0.920528
0.8582
0.660251
0.836849
0.747439
0.685939
0.541554
0.838801
0.753066
1.2395
1.52267
0.302741
0.514792
0.535493
0.399677
1.4273
1.22886
0.620817
0.687307
0.874543
1.11539
0.961365
0.635213
0.727276
1.72142
1.14239
0.485464
0.813714
0.763813
1.45164
0.780939
0.416861
1.52451
0.696858
0.802846
2.38726
1.16968
1.18252
1.0784
0.852359
1.02853
0.857764
0.589304
0.72429
0.672435
0.371118
2.21331
0.386937
0.905566
1.64045
1.64947
0.278413
0.415409
0.16679
0.773586
0.886959
0.37617
0.33393
0.801125
0.219827
0.961479
1.2419
1.25087
0.906414
0.689443
0.67969
0.649501
0.918712
0.701867
0.444596
1.29526
0.674385
0.77517
1.53742
0.785735
1.1074
0.584982
0.434804
0.670784
1.02858
1.02344
2.1343
1.26992
0.504716
0.552664
1.61862
1.19651
1.73751
0.403932
1.94477
0.574827
0.365604
1.47816
0.702325
0.82467
0.598653
1.76184
1.15779
0.589502
0.768137
0.611872
1.46652
0.812704
0.767045
1.36769
0.930027
0.963265
1.45042
1.27147
0.541596
0.590658
1.60154
0.778329
0.653648
1.7147
1.15391
1.19443
0.349244
0.87336
0.709648
0.479292
1.53969
1.46888
0.507515
1.754
0.353252
1.28843
1.08071
1.02434
0.226586
0.939035
1.05758
1.00543
1.3641
0.630759
1.04872
0.884232
0.668719
0.815662
0.582066
2.14935
1.88957
0.968448
0.468304
1.34601
0.516575
0.593485
0.908869
1.1239
0.41165
0.873933
0.180108
1.16989
0.870942
0.543193
1.40987
0.735956
0.680532
0.28941
0.80408
0.525953
1.14679
0.497719
0.945553
1.32182
1.17693
0.480809
0.635929
2.10967
0.669279
0.278866
0.694964
1.23254
0.854586
0.873641
1.37161
1.01398
0.951955
1.64745
1.14993
0.503806
2.40532
1.24894
1.00905
1.55885
0.851481
0.520094
0.970883
0.453615
0.878308
1.31984
1.50338
1.26692
0.248687
0.332062
0.47679
0.412529
0.798645
0.355982
0.562498
0.516828
0.734719
1.21492
0.476601
1.07314
0.54607
1.62423
0.498859
0.495202
2.23625
1.31299
1.47882
0.728377
0.833969
0.485067
0.918281
1.19102
0.682051
1.03668
1.17634
0.916151
1.0235
1.32925
1.23606
0.651935
1.25794
0.701844
0.851756
0.726897
0.849058
0.824072
0.360007
0.474559
1.05438
0.230944
0.507452
2.74467
0.625702
0.236541
0.479809
0.838265
0.918793
0.574104
2.12254
0.416552
0.866493
1.03265
0.357161
0.223607
0.934911
0.800904
1.00188
0.475877
0.600156
1.01925
0.951639
1.03369
1.37189
0.565131
0.649624
0.760223
0.934834
1.22072
1.04457
0.679895
0.430373
0.418963
0.986827
0.748719
0.657412
0.660019
0.487243
0.92147
1.16023
0.648477
0.554542
1.51476
0.645131
1.29482
1.25656
0.544419
1.65645
1.15419
1.17807
0.839027
0.483018
0.428601
1.22833
0.491536
1.58079
0.363873
0.757693
1.53761
0.779869
1.11492
1.01418
0.813289
0.536957
1.61598
0.681587
0.71741
1.64285
3.5671
0.938728
1.46706
0.4027
0.502209
0.861242
0.922143
1.08732
1.41349
0.467071
0.116297
0.744939
0.313529
1.36501
0.364461
1.24868
1.10034
0.806151
0.721641
1.05001
1.04847
0.638778
0.341978
0.622172
1.18191
1.33554
0.654936
1.69225
0.845336
0.216395
1.05364
0.498308
2.08814
0.986284
1.24167
0.699613
0.6305
1.19414
0.953903
0.529594
1.05501
1.18486
0.699037
0.359051
0.22993
0.664147
1.4412
0.809276
1.90458
0.51459
0.915879
0.830139
0.625331
0.769656
1.55119
0.355832
0.715191
0.951182
3.08031
0.705173
0.72064
1.21027
0.391061
0.3525
1.27502
0.604001
0.270532
0.730929
0.731209
1.3812
0.72349
1.20044
0.992355
0.258045
0.614587
1.17938
0.751266
2.31899
1.32871
1.45607
0.768839
0.904581
0.511432
2.39465
0.83612
3.06358
0.591301
0.998735
0.584281
0.642492
0.276221
1.35131
1.03023
1.27445
1.1792
1.08444
0.756716
0.274214
0.901538
1.1565
0.331858
0.672342
0.982946
1.35352
0.945986
1.00133
0.156512
1.38272
1.84852
0.161628
0.965137
1.49135
1.86353
1.07772
0.399188
0.162141
0.650319
0.791976
0.587796
1.20245
0.197615
0.724379
1.28042
1.2253
0.977993
2.17894
1.06731
0.570124
0.498384
0.969825
0.265505
2.51444
1.75174
1.48254
0.622711
1.07987
0.837454
0.825983
1.1416
1.60574
0.613763
0.894824
1.13868
0.766548
0.608053
1.74065
0.275124
0.479741
0.688454
0.234274
0.487759
1.04104
1.55011
1.30141
0.729079
1.20303
0.261389
1.06932
0.339687
0.138235
0.721481
0.558555
0.472961
0.786632
0.674864
1.04287
1.00999
0.916884
0.784787
1.09811
0.742099
0.850156
1.06955
1.27934
0.332783
1.50065
0.592596
1.2426
1.70137
0.632449
1.9466
1.19273
0.800542
0.597033
1.55103
1.0752
1.76855
0.736181
0.943071
1.04761
0.97935
0.144555
0.582785
0.640391
0.682673
0.613452
1.623
0.801477
0.414261
1.51921
0.0795792
0.812598
0.702542
0.924377
0.53465
1.56647
0.633125
0.440326
0.860095
0.445241
0.541376
0.929659
0.816191
0.73126
0.331412
0.78828
1.4077
1.16471
1.05402
0.584881
0.701675
1.01538
0.550217
0.765569
0.359405
0.506517
1.87598
1.20822
1.2971
0.861917
0.884586
0.894319
0.473336
1.42399
0.830492
0.363356
0.331272
0.73668
1.55058
1.00505
0.292443
0.466423
0.471248
1.02687
1.26774
1.41321
0.222394
1.09779
0.506626
1.04091
1.36639
0.969064
0.533975
1.8802
1.00076
0.458693
1.42047
0.776709
0.74837
0.610765
1.10336
0.520556
0.781305
2.03909
0.948591
1.04801
0.80048
1.06046
1.16072
0.940092
1.04482
0.994863
0.533764
0.773726
0.0929717
1.56181
1.07364
1.40165
0.969118
1.31343
1.26521
0.615132
1.10173
0.872326
0.548151
1.02019
0.867601
0.556649
0.450094
1.21526
1.3776
1.36535
0.730988
2.47595
0.717169
0.747735
1.95686
1.22581
0.163621
0.761937
1.45801
0.81966
0.527414
0.852618
1.82848
1.98018
0.912222
0.469813
0.932234
1.47423
1.5354
0.723932
0.898725
1.40715
0.453892
0.401171
1.57798
1.15675
0.70589
1.00579
0.52572
1.23794
0.533865
2.00625
1.22102
2.56779
1.05366
1.25197
0.308653
1.89645
1.94259
1.3696
0.364109
0.697748
0.763311
0.651165
0.496776
0.972288
1.35116
1.27781
1.67728
0.831932
2.72925
1.07782
1.49428
1.00651
0.684902
0.913261
1.30723
1.29206
0.781938
0.987653
0.906437
0.778318
0.632798
1.49171
0.295634
0.514092
1.13873
0.772338
0.555949
1.33667
1.03906
1.32541
0.983586
0.493081
0.533584
0.532279
0.920346
0.660286
0.243622
1.24373
0.883803
1.48797
1.169
1.16417
1.23362
1.07444
0.87204
0.546676
1.06681
1.23773
1.12061
0.503864
0.783972
0.900876
0.795772
1.15594
1.83153
0.88226
1.13385
0.958472
1.64888
0.352646
0.253974
1.2041
0.847576
0.692992
0.160893
2.22841
1.25421
0.59285
0.824599
0.975247
0.424092
0.621732
0.868875
0.590737
0.953343
0.49067
0.820942
0.424315
1.42772
1.02689
2.93621
1.00773
0.70625
1.18189
0.590258
0.510897
0.715914
0.102768
1.0412
0.589331
0.859165
0.587647
0.820167
0.611199
0.384622
0.577691
1.23149
1.26387
0.826375
0.821814
0.854835
0.785029
0.908129
0.60447
1.02046
1.63174
0.272654
0.388106
1.48117
1.2619
1.4633
0.551721
1.36769
1.05777
0.668273
2.22246
2.30101
0.761735
1.1334
0.708635
0.683886
1.20607
0.316455
1.37846
1.31038
1.27668
0.517726
1.1383
0.534553
1.49798
0.42355
0.394698
0.611764
0.917297
0.612288
1.24372
0.913744
0.69937
1.72047
0.460387
0.607953
0.484045
1.61228
0.893717
0.768842
0.199517
0.831684
1.32414
0.456427
0.873881
0.903795
0.946063
0.304488
0.580445
0.441904
0.994725
0.489936
1.17164
0.707308
1.34423
0.710617
0.640143
2.02651
1.04555
1.28481
0.689266
0.810542
1.30624
0.311724
0.147428
1.10852
1.01742
0.471943
2.87446
1.44855
1.21588
2.8481
0.606012
0.964645
1.01931
0.618896
0.795917
2.5607
1.0558
1.31622
0.246307
0.665462
1.1492
2.37802
1.59755
0.186212
0.80348
0.760365
0.88167
0.711908
0.665847
1.55272
0.307354
1.11146
0.561248
1.35762
1.34436
1.16816
0.632223
1.42108
1.01965
0.782346
1.39687
1.19417
1.42998
0.657264
0.927901
1.10475
0.907056
0.797214
0.728353
1.739
0.547865
1.10836
0.77181
0.899124
1.1518
1.08819
0.33719
1.01837
0.531631
1.61224
0.874788
1.11184
0.939059
0.776422
0.17558
1.68915
0.829921
0.768272
0.853531
1.13343
0.54277
0.623407
0.71142
0.644856
1.09242
1.42898
0.499106
0.721831
1.75914
0.691545
0.59849
0.424528
0.780613
0.355543
1.62701
0.783782
1.31549
0.896189
1.08634
1.01473
1.5655
0.938302
0.760111
0.349067
1.02258
0.853211
0.562493
1.25396
1.44163
0.901978
1.69411
0.705548
1.40048
0.497561
0.364007
0.48128
0.627086
1.97457
0.404734
2.18016
0.606992
0.758812
0.565649
0.973591
1.12047
0.326645
0.545587
1.20621
1.43343
1.61752
0.57206
0.508238
2.65496
1.04268
0.868198
1.68222
0.506286
0.463228
1.15411
0.907187
0.741759
2.09505
1.05704
0.646422
0.44862
1.15487
0.649637
2.15901
0.392182
0.832755
1.23256
0.677558
1.10192
0.512943
1.04225
1.17695
0.446143
0.95851
0.821923
0.626057
1.51072
2.11455
0.58576
2.05102
0.940186
0.481448
0.742599
0.913884
0.77685
0.847091
2.54346
0.648037
0.690562
0.829965
1.22906
0.774515
1.62269
0.774532
0.950126
1.91475
0.689527
1.68543
0.943343
0.799547
0.646361
1.08059
2.82217
1.37567
0.688908
2.48519
1.09494
1.51658
0.74976
0.621645
1.13697
0.54108
1.51014
2.06383
0.75777
1.04724
1.27416
0.394091
0.733405
0.568877
0.601977
0.886856
0.655317
0.24559
0.436636
1.97842
1.02543
1.50579
1.07473
0.828741
0.718505
0.839358
0.314632
0.655719
1.15765
0.750781
0.36131
0.554633
0.927875
0.528638
0.372705
0.446281
1.05565
1.7539
0.927149
2.46922
1.01387
0.768555
1.04831
1.59685
1.16789
1.41402
1.3314
1.05772
1.73829
0.923739
1.50766
0.617826
0.908734
0.800227
1.21669
0.589214
0.815389
1.53231
0.884937
0.978029
1.26012
0.299863
1.23381
1.01441
0.81891
1.89644
1.33333
0.81102
0.185475
0.41257
1.00655
0.830645
1.08884
1.68023
1.14439
0.729335
0.655584
0.940296
0.236184
0.974092
1.90455
0.239511
0.88045
0.8724
0.725141
1.79749
0.798135
0.266241
1.04923
1.10024
0.787825
0.935011
0.676869
1.77393
0.794258
0.628782
1.09796
1.40358
1.06971
0.775615
1.00505
0.595066
0.86309
1.15355
1.04648
1.0562
0.440173
0.418819
0.778131
0.683533
0.552443
1.27501
0.829002
0.535175
0.949749
0.630221
0.991681
1.09959
0.944414
0.469287
1.15005
1.10866
1.31528
1.06634
0.684209
1.06758
0.661842
1.15836
1.16813
0.15904
1.86408
0.953139
1.30731
0.55115
1.49557
1.05439
1.34906
1.60546
1.31872
0.591412
3.27933
0.80327
1.17492
0.890141
0.160363
0.686247
1.63958
0.954622
1.00639
0.772264
1.37892
1.17017
0.505004
1.02559
1.58966
0.819011
1.89588
0.857701
0.466807
0.690919
0.339237
0.86804
1.41411
0.850402
1.03036
1.66575
4.58971
1.75895
0.476965
0.673148
1.10479
0.996726
0.611198
0.942695
1.11417
0.576188
0.731388
0.574332
2.1874
0.0971318
0.624081
1.17441
0.197232
1.06387
0.267873
0.824127
1.11823
0.875081
0.215293
0.600883
0.844237
0.876683
2.28673
0.531925
0.603545
1.75121
0.417411
0.873448
0.868402
0.993624
0.398659
1.58983
0.905097
0.391717
1.41785
1.70346
0.549875
1.37687
0.438399
1.07603
0.852314
1.30092
1.46377
0.795154
1.0619
2.51459
0.872869
0.643394
1.06123
1.0145
0.960767
0.927071
1.50347
0.571034
1.01994
0.731893
0.214966
0.557398
0.542364
1.01445
1.18581
0.919281
1.47758
1.36754
0.709337
0.778138
0.38618
1.82249
0.346175
0.861555
0.63418
1.19932
0.456325
1.41227
0.820726
0.597502
1.38876
1.26208
1.72273
0.963073
1.70513
0.399882
1.81294
0.466681
0.831857
0.312685
0.381198
0.955876
2.88692
0.0712583
0.690349
0.839704
0.783226
0.665896
0.692505
1.60645
0.662976
1.86472
1.27632
1.39027
1.09982
0.964764
0.920391
0.597005
1.49473
0.695787
1.416
0.840714
0.946106
1.5526
0.552245
0.559507
0.471583
0.68086
1.13355
1.13192
1.3471
0.886161
0.588656
0.456448
1.40451
0.100265
2.00137
0.718114
0.972874
1.21073
0.66762
0.53206
1.06146
0.35103
1.07029
0.531315
1.36129
0.953634
0.789439
0.923055
1.03761
1.48918
1.03193
1.38393
1.22658
1.72786
3.44451
0.528442
0.68616
1.40452
0.86706
0.498863
0.794882
0.826098
0.552162
0.796559
0.64935
0.459961
0.796414
1.27871
1.70211
0.556649
1.82405
0.656131
0.698848
1.84045
0.651094
0.83116
0.868102
1.408
0.540265
1.0313
1.29115
1.23319
1.59656
1.24048
1.46126
1.32636
0.974245
0.753929
1.02814
0.900648
1.08698
1.1101
0.806682
1.33385
0.82895
1.389
0.850664
1.52403
0.578984
1.5651
0.457698
1.15373
1.82745
0.800954
0.893909
0.781126
0.587881
0.446408
0.621079
1.42469
1.08327
0.707015
0.89369
0.998705
0.595019
1.02866
0.87355
2.24685
0.538908
0.919712
0.244442
1.97807
1.37806
0.914343
0.882644
1.116
0.601332
1.68242
0.346981
2.20317
0.648354
0.628807
1.78687
0.879125
0.241946
0.393416
2.00457
0.490229
1.05891
0.741311
1.8801
1.74177
0.575743
0.950251
0.853354
1.06567
1.32061
1.27627
0.403063
1.98484
0.796216
1.05406
