3.51928
3.06176
3.70401
2.67513
3.70322
2.80875
3.16407
3.02098
3.15438
4.3879
3.69251
3.42733
3.21827
3.30504
3.27482
3.22178
3.14857
3.98701
2.87938
3.50514
2.91618
3.06168
3.40154
4.34004
4.03625
4.23242
3.54869
3.41708
2.77271
4.11709
3.30156
2.6248
4.14061
2.8714
3.04376
4.26796
3.68844
3.05672
4.59929
3.31205
3.85117
3.45
4.12435
3.65687
3.92017
3.15776
2.96813
3.80031
3.1332
3.20467
3.42226
3.19045
3.51903
3.32966
3.61252
3.37053
3.45183
3.47434
3.88852
2.76547
3.1506
2.66777
2.79274
3.20036
3.72697
3.19194
3.57544
3.49348
3.5395
4.14662
2.92364
4.15124
3.00921
2.87862
3.48121
3.99464
4.00007
3.76425
4.11672
3.7751
3.63813
2.58581
3.35364
3.60691
3.12056
2.93349
3.31888
4.59918
3.38198
4.27156
4.01191
3.23144
3.91224
3.63052
4.15905
4.23096
3.40518
3.4245
3.36966
3.0632
3.49774
3.15325
3.26635
3.06027
3.93076
4.12464
4.78113
3.24453
4.13046
3.6535
3.1326
2.46363
3.42124
3.39275
3.73637
3.15789
3.2234
3.92837
3.0471
4.04798
3.90383
4.50286
2.60132
2.59163
3.92839
3.97211
3.03535
2.4797
2.74028
4.5123
4.19759
3.122
3.38419
2.77247
2.94952
3.11137
3.00915
2.84695
2.87529
2.70811
3.88549
3.45334
3.41679
3.67372
2.84989
3.29609
4.01567
3.40065
3.07393
3.08516
3.72725
3.26551
2.85513
3.19941
2.41355
3.05627
3.0312
3.65552
3.57092
3.13437
3.28079
3.02309
3.60373
3.69618
3.3431
3.66459
2.76981
3.37001
2.78081
3.36941
3.17813
3.52516
3.40077
3.69921
3.1664
2.89491
3.52245
3.5045
3.21585
3.38992
3.07857
3.5333
4.07101
4.13234
3.65897
3.45109
3.34472
4.02782
3.52594
3.91983
3.38275
3.78786
3.39186
3.21743
3.30901
3.13408
4.63638
4.55299
3.53525
3.88244
3.09921
3.14315
3.17708
2.94772
2.70833
3.45179
3.61867
4.03552
3.66812
2.8702
2.79239
4.03449
4.43165
3.56679
3.76697
3.21697
3.47694
2.84995
3.72179
3.19004
3.21127
3.23288
3.59757
3.38181
4.34849
2.9754
3.56324
2.87454
2.96145
3.26647
2.52625
2.76401
3.97159
3.04568
3.6115
3.55756
3.32166
3.27901
3.06811
3.11093
2.76298
3.94315
4.13596
4.02504
3.15952
3.19464
3.60682
3.39919
3.57174
3.41682
3.35665
2.67535
3.90802
3.32596
3.13383
3.20301
2.75443
3.27894
4.05555
3.20954
3.69359
2.71042
3.61289
4.00016
3.5093
3.58679
3.649
3.63932
3.93742
4.17721
2.90978
3.24295
3.91553
2.73953
3.13551
3.15236
2.96254
3.5364
3.17472
2.9616
3.39866
3.27455
3.44578
4.77562
3.10488
3.41547
3.79703
2.84526
5.47261
3.41187
3.53375
2.81975
3.24875
3.2523
3.19345
3.21869
3.33424
3.55323
3.61838
3.09647
3.82545
3.80272
3.60644
3.69463
3.22983
3.33526
5.52371
3.26051
2.93863
3.86768
2.87057
4.02758
3.92574
3.7146
3.59688
3.40849
2.55563
2.78801
2.90373
3.82025
3.52518
3.27802
4.94875
3.21386
3.46062
3.53382
2.85766
4.60598
3.15283
3.27362
4.17277
3.57983
2.85027
2.42283
2.72127
3.82722
3.84769
3.15103
4.11062
3.50027
3.69006
3.30475
3.39518
3.06017
3.96345
3.00303
4.04588
3.01963
3.90526
3.14075
2.90102
4.25376
3.42592
3.18824
2.69004
3.25872
3.17713
2.62526
4.00605
3.42153
3.82088
3.4148
5.08278
5.01939
3.36507
2.93215
3.73579
4.40903
4.75762
3.72965
2.59725
2.78977
2.99671
3.12908
2.57026
3.44093
2.88017
3.45995
2.9038
3.35399
3.71893
4.22859
2.58793
4.48142
3.90658
3.23746
3.40158
2.81882
3.42233
2.88328
3.62904
3.60073
3.02039
2.63519
3.10481
3.53286
3.58663
3.1919
2.91461
3.69914
4.26948
5.53591
3.08649
4.31132
3.43201
3.53321
3.39533
3.88141
3.05798
2.97509
2.51565
3.51024
3.1713
4.16334
3.02969
4.17952
2.92425
3.78409
3.39139
3.97165
2.70614
3.36792
3.06746
3.10162
3.22313
3.60809
4.3867
4.22541
2.9246
3.17642
2.84917
4.18285
2.98578
3.27096
3.86444
3.10349
2.80862
4.25049
3.2214
3.11391
2.90001
3.21135
3.30524
3.21655
3.46249
3.17539
3.14709
3.3625
3.17124
3.46277
3.07789
2.98987
3.6228
2.66563
3.87893
3.45384
3.62167
3.66067
3.46901
3.53399
2.83254
3.58193
2.95087
3.4645
2.9231
2.62846
2.78444
3.877
5.2125
3.20837
3.14033
4.79928
3.03004
3.10161
2.70547
3.08729
3.57217
2.71807
3.14065
5.40277
2.77827
2.65567
3.8495
3.39685
3.09325
3.19595
3.47195
3.46533
3.15942
3.06211
3.02775
2.88047
3.04329
3.66844
3.37545
4.23428
3.36207
4.86151
3.39476
3.10819
2.91858
4.16589
2.61764
3.26692
6.22453
2.78527
3.57632
3.25761
3.3705
3.35462
3.33868
3.50994
3.37455
4.30015
3.11607
2.73507
5.90288
3.08302
3.01471
4.12016
3.05286
2.70275
2.76695
3.96035
4.33816
2.95859
4.58157
4.0799
4.4803
3.23616
3.28723
3.46604
3.90855
3.4823
2.98075
4.14128
2.9869
2.74639
2.87718
3.35526
4.67229
3.72643
2.46952
2.75549
3.74965
3.0512
4.8556
4.0575
4.23206
3.57741
4.27013
2.9929
3.65808
3.03958
3.0489
3.22952
2.65881
3.81163
3.79891
3.42045
3.02974
3.08944
3.07565
3.82679
2.90839
3.17526
3.09118
4.30022
2.86284
3.40442
3.03125
3.08437
3.34843
4.39791
3.92228
2.58423
3.09623
2.85157
3.8401
3.1584
2.81113
4.0792
4.28921
4.19728
3.02628
2.53851
2.75663
3.2409
3.21363
2.72962
3.49556
5.58576
4.44374
2.90551
3.17536
4.12205
3.34339
4.92001
4.25395
2.57834
3.47094
3.69909
3.43159
3.47837
4.60456
4.68576
3.34165
3.0136
5.08557
3.57125
3.09934
4.20763
3.5812
2.77625
3.30137
3.48009
4.79598
3.46615
3.9025
3.82567
3.07051
3.4198
3.27004
3.53279
3.56073
3.36061
4.33989
2.96995
4.52421
3.19498
2.964
4.2443
3.89071
3.24603
4.97474
4.00417
5.3512
3.65907
3.02899
3.122
3.29626
4.37784
3.31461
3.35728
3.07699
3.53343
3.56772
3.60528
3.8763
4.10408
3.85538
2.59969
3.9708
2.68585
3.0713
3.34272
3.51719
3.09329
3.16196
3.66633
3.21954
3.80291
2.9094
4.21373
2.72303
3.19812
3.10129
3.2214
2.91496
2.66406
3.62053
3.79444
3.1625
3.56567
2.73076
2.93608
3.60441
4.27876
3.65242
2.83745
3.29383
3.47274
3.80253
2.55288
4.18869
3.32713
3.79647
3.20279
3.4975
2.57259
3.02957
4.58498
4.1544
3.72859
2.97817
3.80543
2.71764
3.72928
3.22531
2.91262
2.76935
2.82494
3.13273
2.70591
3.2979
3.97347
4.38918
4.10088
3.60902
2.93004
3.24649
3.2826
3.70974
2.65653
3.93794
3.4591
2.86471
3.28836
3.58235
2.84225
3.03548
2.89231
3.58452
3.05386
2.47682
3.20315
3.72501
3.32897
3.5034
3.64744
3.4556
2.43024
3.21073
3.60058
3.3745
2.75047
2.76659
2.77374
2.65786
3.41354
4.09245
3.0706
3.34389
2.52451
4.20133
3.81461
3.62121
3.0512
4.47705
2.8468
3.70767
3.43566
2.49681
3.20667
2.93343
3.81247
3.08107
3.11093
2.84485
3.47119
4.02005
3.45159
4.91371
4.56225
4.11185
3.21399
3.22486
3.70321
3.7282
2.95661
3.69651
3.67684
2.85992
4.1924
2.75346
3.79662
4.0825
3.80516
3.19914
3.10424
3.90272
2.80788
3.77522
4.7879
3.26131
3.26686
3.45663
3.22136
2.806
3.50327
2.76043
5.08152
4.41572
2.43846
2.96036
3.06132
3.17345
2.67874
3.69429
3.05824
3.72201
4.05841
3.74961
3.0051
4.06812
3.03277
3.10275
3.66793
2.74678
4.87633
2.99132
2.8914
2.87135
3.85478
3.45286
3.60494
3.38877
2.85425
3.45533
3.40568
3.60001
2.95185
3.80286
3.44689
4.43607
3.68787
3.98702
2.262
3.60295
3.26572
3.56483
3.61879
3.96967
3.04301
3.33874
3.8741
3.62965
3.01526
3.12331
3.79962
3.2384
3.50309
3.68948
3.22613
2.8072
4.00178
2.80293
3.08063
2.9677
3.15866
3.33451
4.96208
3.00752
3.26469
2.88328
3.95906
4.80648
3.14639
4.17977
2.70405
3.51741
3.69091
3.46576
2.56651
2.54258
3.7262
3.203
2.84207
3.36763
3.71986
3.74675
3.03818
3.51717
2.93722
3.85707
3.47193
2.80008
3.34605
3.58992
3.65554
3.73266
3.36939
3.01622
2.82481
3.35495
3.07109
3.21249
3.82124
2.89986
3.36096
3.70079
2.80194
3.5655
3.19669
2.66581
2.64547
4.15699
3.3548
5.08196
3.44123
3.03209
3.01548
4.38603
2.73485
2.93987
3.59491
2.75746
2.91663
4.16346
3.69946
2.98113
3.03332
2.91274
3.05033
2.9161
3.75137
3.2965
4.69614
3.17501
3.36654
3.82025
3.06189
3.37529
3.5725
2.88539
2.75966
3.50987
4.14984
2.99291
3.58593
3.31518
3.57647
2.61204
3.93747
3.23826
3.75052
3.24899
3.21936
3.15531
3.07524
3.51833
3.07587
2.72537
3.14441
4.2268
2.36653
2.94705
2.65803
3.48247
4.39128
3.34054
3.51627
3.28812
4.06655
3.2749
4.12447
3.40399
4.08706
3.87091
2.96992
3.27097
3.4332
3.10974
3.43142
3.17435
4.07428
3.56551
3.68083
3.408
3.67536
3.01626
3.87552
2.84905
3.64155
3.65329
3.01359
3.6077
3.64396
3.23417
3.43544
2.90622
3.20621
4.77965
3.69316
3.18103
2.79559
3.11432
3.58985
4.1189
3.55953
3.1863
2.62344
2.71477
2.90498
3.08704
3.08551
4.06369
3.67113
3.04613
2.96186
4.11329
2.58556
3.37622
3.60498
3.55426
3.15973
4.03103
3.01076
3.16475
3.38088
2.96968
3.68737
4.16978
3.21853
3.7796
3.15667
4.51799
3.30298
4.60413
4.10019
2.83324
3.87724
3.74015
3.0755
3.00238
3.63515
3.8175
2.48091
3.63171
4.34089
4.69215
2.83669
4.35212
3.46621
3.5394
3.48326
3.11316
3.02147
3.59447
2.89291
3.44314
3.55344
3.67431
3.69664
3.16059
3.35941
3.24134
2.91341
2.93637
3.8429
3.07558
2.6328
3.24779
4.38308
3.02644
3.05825
3.58286
3.55468
2.42637
4.20252
3.52684
3.08406
3.84941
4.29068
3.11569
4.53342
3.28117
3.21456
3.97963
3.40408
3.0124
3.21661
3.606
3.42658
3.60559
4.88859
4.85358
3.10924
3.16428
3.13233
3.71018
2.84958
3.82939
3.09806
3.52808
2.54472
3.02363
3.00843
4.14673
2.98975
2.82184
2.75266
3.35712
2.96522
3.49554
2.81005
4.01385
3.45768
3.26299
3.11989
3.28127
3.29826
4.02748
3.21231
3.77217
3.40619
2.91683
3.34171
3.59661
3.02397
3.95154
3.09046
4.38985
3.60975
3.1625
4.09367
3.6198
2.96822
3.55343
2.78338
3.96794
3.57759
4.20394
3.10623
3.00968
3.25291
3.13521
2.61682
4.03182
2.80649
3.57761
3.34206
2.96718
3.02633
3.03895
3.77357
3.69218
3.27065
3.11579
3.99466
3.98041
2.73238
3.39317
3.55905
3.46775
4.92846
2.8477
3.65708
3.55937
2.95419
3.14113
3.0804
2.88024
3.24329
3.59573
2.81859
2.76585
4.4945
3.39004
5.29757
3.11239
2.73566
2.95528
3.56264
3.20383
3.74516
2.78962
3.19979
4.53045
4.29277
2.7974
3.1049
3.35059
2.75767
2.48103
3.1885
4.37936
3.54881
2.9121
4.12821
3.72031
3.60428
3.06842
3.29739
3.60775
3.82176
3.44009
3.56754
3.20582
3.79415
2.82798
3.52652
3.81697
3.54964
6.45123
4.63281
3.19863
2.81028
4.14258
2.92221
3.07322
3.09291
3.21854
3.59681
3.24081
3.70734
2.97926
3.53673
5.1715
3.91323
3.1276
3.34892
3.00054
4.21337
3.16089
4.71968
3.70969
3.87904
3.32172
4.22908
3.30627
3.22693
3.72464
2.79015
3.15522
4.55626
3.63955
3.44369
4.11479
3.66574
3.08212
3.849
3.04712
4.15585
3.60845
3.13588
3.02753
3.42504
3.56473
3.52001
2.98158
3.3787
3.49801
3.41997
2.65151
3.10689
3.02332
4.42365
2.87836
4.01919
3.46552
3.9756
3.0625
3.24096
3.15794
4.3324
3.05234
2.92599
3.37561
2.73707
3.68115
4.83897
3.60478
3.15861
2.99586
3.20513
3.94143
3.11254
2.94514
2.80033
4.55511
3.20963
3.66887
2.60159
2.86503
3.83078
3.0041
3.22421
3.09948
3.54861
4.62233
2.97388
3.46455
3.57778
3.17784
2.44289
3.80307
3.51898
3.20379
2.87761
2.95639
3.31477
2.86473
2.91161
2.78895
4.06024
4.18486
3.29147
5.82999
3.29686
3.99334
3.11692
3.12938
5.0029
3.97902
3.88207
5.22148
3.2672
2.87923
3.67012
3.05829
3.01147
3.06045
3.45332
3.49584
3.29651
4.61563
2.9914
3.13044
3.17212
3.37051
3.39157
3.41779
2.88324
5.35627
3.96737
2.96788
3.08515
4.2262
2.85168
3.91462
3.03555
2.91687
3.75426
4.14803
3.03037
3.06846
3.67334
4.62779
3.49313
2.92397
3.13049
3.33445
3.64479
3.30705
3.71529
4.04876
3.05534
3.79059
4.34278
4.06967
4.15064
3.051
3.49855
3.28971
4.56744
3.36249
3.50029
2.65225
3.17422
2.65608
3.52073
4.7007
4.48455
3.3654
2.95431
2.91434
2.42853
3.4287
3.23817
2.69652
2.9853
4.43506
4.08272
2.77884
3.64055
3.03703
2.72629
2.69411
3.28913
3.2983
3.45703
2.69593
3.49354
4.01123
2.74444
3.64452
2.36141
3.79592
3.86298
3.58979
5.88828
3.50192
4.4578
3.19241
3.40649
3.59284
3.28312
2.80161
3.43763
2.22427
3.53917
4.07738
3.71891
3.61251
3.28071
3.02886
3.12984
3.1976
3.96345
3.41506
3.26647
3.46588
3.08937
3.14536
5.17469
3.62238
3.31275
2.62041
3.31873
2.99914
3.38987
2.94876
3.45623
3.17083
3.75935
3.81527
3.96826
3.01059
2.82989
2.77358
3.55463
3.56933
3.56899
2.60484
3.47828
3.07803
2.31395
3.45405
2.96793
3.76236
2.86549
2.70939
3.6032
3.12391
3.40292
3.76144
2.92457
4.67151
3.63652
3.58365
4.30454
3.75797
3.4647
4.02593
3.6405
2.67357
2.80414
3.19945
3.38368
2.74183
2.78229
3.5392
3.60517
3.49427
3.25584
3.85131
3.01309
3.05072
2.71539
3.14001
3.84005
3.74647
3.74637
4.15377
3.25696
2.90293
3.34846
3.61826
3.82985
2.62912
3.99957
2.89456
3.32401
3.80967
3.61483
2.75978
3.20078
3.01805
2.87211
3.71027
2.4461
3.97476
3.13229
3.15402
3.15421
3.53296
2.76122
3.75341
3.63898
3.8014
3.00374
3.26155
4.15001
3.33127
3.3486
2.75359
3.61992
3.54683
4.033
3.29147
3.72366
2.98531
4.16451
2.71262
3.14104
3.06255
2.72516
3.90201
2.37081
3.31643
3.09144
3.34288
3.69673
3.90153
2.79593
2.93871
3.34698
2.47337
3.47403
5.04178
3.02895
3.35597
4.42159
3.74838
3.46649
4.07733
4.44707
3.12375
3.76989
3.05359
3.0194
3.5464
3.87526
3.8595
2.88907
2.92976
3.78959
4.04618
4.36897
3.76963
4.51198
3.6289
3.12333
3.14951
3.27938
3.04204
3.22419
4.13384
3.0402
3.11828
3.45404
2.895
3.20233
3.43372
3.36864
3.37659
4.10811
3.73804
4.66704
3.05618
4.27797
2.87372
3.36601
5.01122
3.48496
3.31592
2.97433
3.62199
3.13918
2.59458
3.69488
4.3813
3.03534
3.66484
2.90163
4.23442
3.2398
3.72928
3.13777
3.98221
3.32053
3.14246
3.62918
3.54338
4.13828
3.75557
3.94098
4.11271
4.7516
2.47723
3.11003
3.67625
4.33426
2.66404
3.38438
2.87982
3.22155
4.10332
3.72634
3.26648
3.65587
3.35631
2.78796
2.77362
4.07654
3.3493
3.41713
3.80335
4.22893
3.77531
2.78004
3.6323
2.70434
3.83471
3.4512
2.87095
3.164
4.09155
3.00058
3.21905
3.16649
3.18133
3.37872
2.56389
4.00255
2.98447
4.01718
3.46928
3.59301
3.14537
3.60317
3.74133
2.80108
4.15794
3.50187
3.01453
3.107
3.58216
4.97827
3.42941
3.40095
3.26137
3.96203
3.89654
2.81985
3.17386
2.80559
3.1489
3.21615
3.33441
3.90316
3.06289
2.56163
3.46459
2.5063
4.68786
3.33697
3.67371
2.35376
4.10736
3.53727
4.13693
3.14266
3.15772
3.92076
3.63935
3.00952
3.98344
3.70726
4.38739
3.84859
3.67141
5.94885
3.30936
2.70864
3.82575
3.59869
3.41189
3.71293
3.11042
3.63983
2.9696
4.31173
4.30951
3.35686
2.75944
3.19873
3.35999
4.07156
3.47801
4.19214
3.09936
3.78574
3.01149
3.11248
3.78766
4.20177
3.29444
2.73676
2.81484
2.75834
3.44768
4.34804
3.4506
3.33665
3.50791
2.93214
3.46679
3.03982
2.50074
3.55662
3.36867
3.41371
3.29725
3.53112
2.93857
3.97075
2.94215
3.33407
3.06703
3.60562
3.32844
3.46667
3.79143
3.3542
3.19212
4.06433
2.97296
3.15104
2.58401
3.26656
3.58172
3.2983
3.37167
2.63939
3.73621
3.43244
3.41885
2.64705
4.05737
3.20409
3.44378
3.87479
3.48452
3.04528
3.54455
3.73473
3.23983
3.69626
3.61391
5.09337
3.94765
3.7344
2.98418
2.70165
3.43976
3.28049
4.27859
3.02435
4.22207
3.38328
3.28618
3.6852
3.80283
3.31032
3.29254
3.81859
3.79904
2.79332
2.54999
3.1974
3.97753
3.29108
4.23878
3.66668
3.33175
3.4904
2.96376
2.91937
2.75397
3.96638
2.73299
3.41061
4.91102
4.14047
3.31193
2.60314
3.08539
3.06138
2.6483
4.62384
2.98968
3.20038
2.49259
3.44221
3.09048
4.06907
3.03307
2.68336
2.89589
2.51794
3.33518
3.16762
3.10277
3.6711
3.68669
4.27274
3.29109
2.56613
3.19115
3.0886
3.11762
3.87509
3.15286
3.41453
3.0467
3.81561
4.40419
3.05333
3.64474
4.12717
4.04082
2.89388
3.05874
3.98863
2.99179
3.21746
4.26068
2.72528
3.77841
3.31822
3.43495
3.41999
2.78477
2.88485
3.70593
4.36281
3.14746
4.16191
4.44977
3.96889
5.60067
2.79953
2.74575
3.10858
3.27217
3.56803
2.68335
2.94588
3.32928
3.86154
3.88322
2.55017
2.7447
3.41607
3.55833
3.13296
3.47698
3.33115
2.76477
2.38511
4.08802
2.20046
3.48878
3.05669
3.3533
3.41518
4.428
2.97767
4.37348
4.86363
3.25219
3.47411
3.36696
3.28218
3.04399
3.29838
3.54456
2.87994
2.883
3.6509
3.2395
2.90592
2.79099
2.86684
3.19375
3.31005
3.45999
2.83901
3.30964
3.57783
3.18051
2.72152
3.23499
3.25441
3.82924
2.99493
4.18648
2.7329
4.08714
3.35914
4.06821
3.68976
2.73758
2.61525
2.83299
3.77146
3.5036
3.56349
2.78762
3.46987
3.11193
3.75988
4.22131
3.29613
3.45216
2.72556
3.27152
3.06282
4.0912
3.02415
3.50887
3.23152
2.88076
3.05263
3.14506
3.54373
3.16821
3.00765
4.23316
4.24312
4.6664
4.58529
2.39712
3.59988
3.41735
3.4558
2.82672
2.64224
3.82236
3.06699
2.77178
2.84584
3.6977
2.44279
3.24358
2.50122
3.57593
3.58559
4.28288
3.40426
4.33818
3.7311
3.00982
2.78139
3.56994
3.54595
2.74096
4.195
3.39426
3.73118
3.48506
3.69541
3.0948
3.93292
4.00201
3.251
4.04564
2.96322
2.76503
3.50227
3.5197
2.65439
3.0769
3.41519
3.3327
3.28574
3.17099
4.56876
3.63382
4.49311
3.92219
3.78852
6.11995
2.99
3.28186
3.55689
3.08035
3.04072
3.28437
2.71995
3.94
2.66626
2.54875
3.08457
3.36645
2.99213
3.50159
2.89374
2.82088
3.7248
3.1781
2.63381
3.18188
2.9404
3.09319
3.52843
5.06203
3.61593
3.53254
3.4352
3.55925
3.33025
3.50922
3.6437
4.18662
3.44666
2.63633
2.79713
2.80217
3.4469
3.06253
3.3047
3.36895
3.41952
3.71219
2.58941
4.09087
3.45291
3.41653
3.91259
3.66562
3.85854
3.02267
2.58882
3.32314
2.88476
4.22452
3.40304
2.92157
3.13158
3.87196
3.67908
3.4933
2.74138
4.23579
3.83804
2.96449
3.28247
3.66025
3.10497
2.69711
3.96154
2.81533
4.18617
4.34404
3.42624
3.53827
2.70741
3.72837
3.53765
3.48224
3.30899
3.18706
3.86588
4.44888
3.13416
3.64762
3.82692
3.68428
2.78317
3.70102
3.03336
2.66316
2.77441
3.4939
3.06906
3.56376
2.82401
2.97768
4.22425
3.38284
3.57416
3.04962
4.2893
3.89407
3.78211
3.08702
3.71045
3.86034
5.35004
4.94281
2.43092
3.54863
3.50644
3.57813
3.61835
3.15113
3.22368
3.88083
4.95689
3.30877
3.01543
3.13327
3.41104
3.22049
2.92538
2.93874
4.01595
2.90983
4.15636
3.23459
3.43544
3.55593
2.55746
3.66253
3.71734
4.34337
2.71825
2.91073
3.70547
2.67169
3.54399
3.83928
4.15251
3.90273
2.90321
2.58452
2.90651
4.51796
3.06513
4.32182
4.15552
3.75246
2.56691
3.02629
2.59717
2.75371
2.75847
2.3356
3.37541
3.03185
5.17401
3.25719
2.55333
3.96866
3.50132
2.83968
4.20144
4.64323
2.30519
3.73807
3.64634
2.94881
3.19868
4.08886
4.42448
3.68662
3.71411
4.13839
3.67978
3.77505
3.30352
2.91627
4.86077
4.39356
3.28051
4.19712
2.98873
3.14806
3.43486
3.22933
3.07583
4.05705
3.69817
2.85442
3.82186
3.79384
3.43428
3.54558
3.1392
4.10739
2.90625
3.19516
2.91401
3.59684
4.03486
3.08884
2.48558
3.17102
2.83365
3.4067
3.0946
3.51983
3.80503
2.57653
4.29744
3.26632
2.70151
2.73642
3.37949
5.32277
2.52319
3.40034
3.51605
3.607
3.53676
2.59336
3.24291
3.35747
3.17952
3.53231
2.82132
3.94965
3.33009
2.73163
3.46635
3.28745
3.35396
3.38745
3.41415
3.95139
3.29445
3.12506
3.27526
3.89837
3.30819
3.19882
3.02129
3.08244
2.86038
4.04095
3.94273
3.80428
5.27155
2.9166
2.85037
3.18308
3.53216
2.53967
3.60914
3.06292
3.28087
2.75605
2.33614
2.83345
3.25279
3.30391
3.42427
4.65315
2.59133
3.37418
2.83892
3.70976
2.94022
4.08742
2.72481
2.63482
3.15791
3.00229
3.74585
3.21901
2.93228
2.80526
3.28354
4.62696
4.08983
4.1611
3.41185
3.39675
3.21698
2.9533
4.20042
3.87787
3.59395
3.67809
3.31282
2.82609
3.69412
3.37527
3.09854
3.62986
3.86838
3.22163
3.50773
4.46207
3.01519
4.38037
3.46591
3.49822
3.6647
3.73247
4.08782
2.98631
3.56285
3.70299
3.12515
4.05382
3.09138
2.93122
3.09101
3.37287
2.64169
2.85037
3.66596
3.44782
3.90354
3.547
2.96972
2.99762
4.17909
2.76763
3.22165
5.16884
2.81719
2.58173
4.42898
2.80835
3.23436
3.80213
3.97117
2.43409
3.84408
2.51674
3.18057
4.17728
3.53368
3.34636
3.34344
3.35366
4.1347
3.09494
3.95766
3.14203
3.00163
5.05379
3.97536
3.81942
4.15317
3.1719
3.57557
2.85272
3.80899
3.20993
2.4804
3.08086
3.42636
4.52577
4.39824
3.13323
2.97954
3.54128
2.1472
2.85509
3.01931
2.904
3.29717
3.07422
3.39709
3.12577
3.42921
2.82065
3.2361
4.07006
3.61787
2.84989
4.56189
3.48423
3.49765
3.16924
2.86881
4.0878
3.88123
2.99451
4.42873
3.30115
3.49438
3.44488
4.00654
3.07284
3.28404
2.45905
3.41267
3.26607
2.69185
4.45376
3.5344
4.16514
3.43756
3.04978
3.32689
3.55443
3.14716
3.09591
3.15022
3.77696
3.01576
2.94963
2.69218
2.8093
2.96075
3.84733
2.49296
3.14658
3.97564
3.32937
3.39197
3.16644
3.31465
3.05038
2.8996
3.26755
3.6089
3.05559
3.10551
2.54457
2.9115
4.12148
4.03768
4.64609
3.37444
3.146
4.21901
3.14194
2.84797
4.38026
3.4938
2.92344
2.66397
3.67152
3.37839
3.32641
3.68402
3.18233
3.29295
4.25983
2.9245
2.83452
3.63788
3.37738
3.83842
3.43335
3.16472
3.07527
3.22786
3.45029
2.80166
3.71188
3.39858
3.60488
3.42163
2.52094
3.07867
2.99898
3.00843
4.13828
3.94472
4.05234
2.73477
2.62059
3.98462
3.192
3.23271
3.282
5.39074
4.4945
4.32785
5.09816
3.61513
2.63508
3.30801
3.48408
3.30364
2.89391
3.41016
3.19296
4.41291
3.36799
3.45192
3.99778
2.75053
2.69939
3.74901
2.96468
2.5384
3.52084
2.84981
2.70507
3.03825
3.15145
2.92042
4.05667
3.0548
2.89718
3.14929
3.93143
2.82098
3.53454
3.82111
2.56329
3.71025
3.00822
3.15908
3.91197
4.96423
4.63423
3.19854
2.72577
3.12099
3.06629
2.86834
3.20065
3.21878
4.34974
3.74856
3.8566
3.6844
3.17432
2.87674
2.92377
2.79176
3.56149
3.68348
3.18417
3.00106
3.31624
2.82724
3.5274
3.20732
2.72716
3.10795
3.69878
3.48193
4.15232
3.05138
3.02001
4.53766
3.61188
2.64702
3.68953
3.56544
3.13584
3.9369
3.88559
3.30177
2.58567
3.53444
2.93853
3.04255
2.64617
3.22809
2.82715
3.36988
3.41949
3.20993
2.95434
4.32702
3.79628
3.58026
3.93949
3.24643
3.06501
3.48392
3.7203
3.35276
3.14083
3.44405
3.98895
2.89717
3.63651
3.86021
3.37113
3.48292
3.42611
3.64173
3.4724
3.16625
3.39858
4.68191
3.28615
3.87628
2.98868
3.8575
3.94921
2.83184
3.72367
3.10772
2.96827
2.68397
4.03731
2.20916
3.52776
3.52407
3.29179
2.89837
4.34149
3.70586
2.88667
3.62883
3.26576
2.57873
3.24571
3.78067
3.35108
2.53104
4.17998
3.63471
3.24574
3.77897
3.88389
4.29063
2.78519
3.4561
4.08598
3.57405
3.72412
3.3655
3.11257
3.71092
2.68829
3.41708
2.97957
4.079
4.34535
3.84324
3.59405
3.1805
3.00261
4.23303
3.41143
3.03941
3.80911
3.11146
2.36265
2.81734
4.08226
3.42854
4.55999
2.7168
3.33176
4.51675
3.24539
3.73985
3.16988
3.33164
4.04681
2.31529
3.4398
3.72065
3.02781
4.2432
3.25003
3.45047
3.14023
2.63379
2.46162
3.92031
2.86442
3.20764
3.44687
4.03011
4.004
3.23581
3.00418
4.21451
3.01536
4.72327
3.21517
3.99871
3.07751
3.28791
3.53457
2.42888
4.12729
2.99557
3.90886
3.92241
3.54063
3.07827
2.89944
4.0719
4.34778
2.74183
3.11766
2.88551
4.21768
3.30388
2.90112
4.05312
3.48729
3.0394
4.56379
3.36098
3.10046
2.61488
4.03084
3.9347
3.31364
3.73905
3.53831
2.59505
3.20682
3.33341
3.20683
3.86756
3.01981
2.85832
2.95337
3.66696
4.04863
4.48447
4.59697
3.54098
4.38378
3.60514
3.83153
2.53099
3.01573
2.80148
2.72794
3.08359
3.28309
3.42402
3.18534
4.04175
3.61307
3.562
3.99345
3.50474
2.95066
3.62891
3.65087
3.78233
3.10717
3.42977
3.29343
4.01117
3.41935
4.36749
3.33507
3.24898
3.64314
3.64544
3.06337
3.37742
3.54423
4.02135
3.35947
3.19306
4.21164
3.52633
3.11861
3.11558
3.04756
2.12148
4.2529
2.92033
3.18466
3.06959
3.79276
2.79137
3.11387
3.48761
3.07908
2.80493
3.77544
3.6925
3.08883
2.50426
3.15504
3.1338
3.71985
3.55928
2.98851
3.23754
3.428
3.47907
3.54923
3.48537
3.29265
2.85737
2.81799
4.53054
3.1533
3.0922
3.55175
3.0808
3.74417
3.99733
3.99275
3.21931
2.39105
3.854
3.97391
3.44891
3.06497
3.63816
3.41659
2.66677
4.47306
4.24517
3.72051
3.29831
4.05925
3.2112
3.48559
3.21259
3.31749
2.89452
3.96645
3.47845
3.01662
3.0779
3.59665
4.29724
3.58862
3.50173
3.04113
3.41719
3.36849
3.05697
3.45959
3.32081
3.98285
4.06049
3.18404
3.13402
3.52882
3.92771
2.54546
2.99842
3.39249
3.87841
3.66755
3.45496
3.21709
2.93297
3.40513
3.55391
3.2269
3.20324
2.93299
2.28661
3.63491
2.9056
3.18002
3.29791
2.90317
2.69861
3.9737
2.8118
3.64405
2.41539
3.04916
3.38905
3.98779
3.26378
2.64761
3.26508
3.70959
3.34554
3.16314
2.8094
3.15798
3.43787
4.10476
3.25043
4.03211
3.39575
2.4919
3.21218
3.19625
2.79147
3.12877
3.48153
3.27011
2.77487
3.38612
2.86022
3.03879
4.32502
4.47389
4.95047
3.29227
3.98818
3.46334
2.93183
2.4672
4.10852
3.78739
2.85158
3.51914
2.94212
3.14607
2.89392
3.07648
3.35557
3.60742
2.6012
3.30993
2.46539
3.28237
3.42876
2.93111
2.9496
3.72734
2.95067
3.53709
4.64921
3.34122
3.38292
4.60088
3.116
4.59871
3.23298
3.16575
4.54566
4.90069
2.95235
3.74274
3.18206
3.13364
3.27666
3.55434
3.31455
2.81324
2.8282
2.94039
3.36933
3.54679
2.67411
3.00092
3.01837
3.91136
3.90339
2.60101
3.56995
2.43027
3.77185
4.24036
3.17144
3.6982
3.13612
2.95922
3.68413
3.06548
2.9157
4.05283
3.83906
3.73788
3.39529
3.70729
3.63409
4.14834
3.25278
2.95857
4.59284
3.42515
3.69493
3.24857
5.23921
4.19606
3.23838
4.03688
4.05793
3.21189
3.43769
3.17213
3.34781
3.53139
3.68778
2.85368
3.20027
3.32572
3.56074
3.56272
2.78997
2.80085
3.99242
2.78853
3.6705
3.20647
2.98244
3.19838
3.09147
3.22038
4.4115
2.72397
3.18179
3.01043
2.74057
3.90308
3.79001
3.37733
3.1813
4.21433
3.42298
3.64338
3.39702
3.91831
2.92293
3.17902
3.4387
3.42854
4.29454
3.04792
2.57523
3.64037
3.09145
2.78293
3.42483
2.82291
3.30549
2.76671
3.22713
2.60576
3.9374
5.65853
3.44689
3.58645
2.95606
3.71755
2.76417
4.62071
4.07207
2.62774
3.30246
3.73471
5.49289
3.10094
3.41202
3.02152
3.86266
3.675
3.20297
3.36346
3.03959
3.83544
3.61919
4.63946
3.23463
3.81498
2.77205
3.2548
3.01336
2.97182
4.58094
3.82855
3.85853
4.20021
3.13942
3.37956
2.88912
3.03782
4.15266
3.68654
2.94824
3.36064
3.09364
3.21701
3.32004
3.44628
3.17445
3.66185
3.76458
2.538
3.26469
3.23529
4.43751
2.99124
3.32956
3.09432
3.64815
2.84212
3.78116
2.82263
3.901
3.39476
2.69979
2.86606
2.71092
3.67973
3.087
3.05636
3.20429
3.3305
2.80197
3.24261
3.0545
3.12464
3.85196
3.28991
3.66564
2.81898
3.59154
4.2263
2.98307
3.00197
3.68953
3.30957
3.29324
3.5446
3.67289
3.07763
3.42528
4.7461
2.9857
3.92492
3.63165
4.04857
3.829
3.25931
3.47923
3.75304
3.59644
2.90654
3.74714
4.40609
3.1484
2.84136
3.02231
3.21662
3.36172
3.12863
3.62388
3.27415
3.13775
4.41052
4.46786
3.50922
4.45752
4.40603
3.66859
3.023
3.15825
3.44904
4.05716
3.42323
3.02635
3.67973
3.61935
5.02925
3.44246
3.5345
2.96263
3.42152
3.20736
3.78164
2.78174
3.3653
3.02324
2.7996
2.94553
3.36598
3.13244
2.8324
3.28082
3.29949
3.60369
4.05266
3.35016
3.95117
3.2955
2.78028
3.37749
3.00857
3.61491
3.34893
3.1098
3.94475
4.37718
2.93847
3.49377
3.78786
2.63451
2.6361
2.87233
3.19731
3.39107
3.24833
2.93434
4.3097
4.38931
3.14626
2.84694
2.5764
2.83801
2.93806
3.01776
2.7665
3.58804
2.83949
2.81928
3.54934
3.12039
2.84003
3.26911
3.13082
3.69678
3.87967
5.41958
3.3733
3.11847
2.89644
2.96346
2.9537
3.09629
2.9934
3.01183
3.30773
3.16887
4.04843
4.93903
3.2614
3.54251
3.88389
3.03918
3.49121
3.5616
3.15737
3.1905
4.28564
4.15622
3.61527
4.08529
3.20625
2.79741
3.49578
2.57253
3.92211
3.78766
4.07389
4.02058
4.67198
3.0427
3.35676
2.80331
3.67974
3.87574
3.37864
4.24245
3.23805
3.15151
3.00057
2.89062
3.73134
3.3101
3.92284
3.69211
3.96483
3.08769
4.10171
3.48108
3.39178
3.07787
4.76303
2.86051
3.74829
3.42927
3.13795
3.37908
3.2447
2.73388
3.61025
3.12727
2.80392
3.04614
2.46671
3.76492
3.33557
3.56512
3.05697
3.90235
3.50075
3.35467
3.26306
3.26761
3.70806
2.98055
3.75265
3.04471
4.11734
2.83732
3.35596
3.56359
2.8628
3.92481
3.87813
2.9344
4.0716
3.049
2.79494
4.20431
2.70747
4.34722
2.40791
3.14808
2.75198
3.36881
3.6538
4.31677
3.87248
3.42499
2.97038
3.14469
3.50208
3.70908
3.11803
3.21728
2.85413
3.14316
3.72602
3.34957
3.83638
2.5808
4.67737
3.27322
2.80793
3.61923
2.99912
3.43862
3.92546
2.87681
3.93069
3.33649
3.26882
3.36855
2.51406
3.54356
3.42146
3.7944
3.95287
3.37865
3.38812
3.26544
3.4319
2.98721
3.57039
2.52088
3.13663
3.77455
3.40842
3.45562
3.30717
3.53631
3.73021
3.12971
3.19464
3.29518
2.78243
3.10442
4.55487
2.97907
2.68804
3.07739
3.85755
4.1474
3.52113
3.96952
2.8471
4.45405
3.70783
3.44343
3.24894
2.81828
3.58635
5.37922
2.94332
2.61615
2.64597
3.5852
4.716
3.31515
4.132
2.48953
2.64616
4.46939
3.45596
3.15757
3.55378
3.18779
3.51724
2.74841
3.00822
3.28637
3.73805
4.28494
4.51271
2.66139
4.47912
3.49717
5.25779
2.88856
3.01654
2.58796
3.53006
2.56143
3.14445
2.53839
3.18327
3.3331
2.89562
2.98361
3.18067
3.50567
3.50775
4.11817
3.38665
2.62937
3.34423
2.47272
3.29587
3.02595
3.65252
4.19484
2.73441
3.20436
4.03553
4.2405
3.92838
2.91555
3.05923
2.91594
3.96434
3.10485
3.47438
3.73162
3.40023
2.89541
3.11871
2.77184
3.62079
3.41564
3.82219
2.76874
3.04181
2.68055
2.67884
3.55172
3.05843
3.61884
3.29471
3.60957
3.23216
2.94919
3.10583
3.33329
3.82432
4.28534
2.84081
3.8923
2.5913
3.80668
3.65127
2.79191
4.13254
3.03317
4.4445
3.14637
3.51316
3.39334
3.03961
3.80653
3.88042
4.98607
3.95774
3.41521
3.14383
3.55771
3.56899
2.42273
3.42979
3.74717
2.86923
3.43737
3.77632
3.17758
2.90381
3.22008
3.56691
4.12808
3.07017
2.87958
2.65346
3.28777
5.15714
3.73345
4.99528
2.83138
3.14018
2.93841
3.32303
3.59436
3.1764
3.54442
3.06559
3.67796
3.82135
3.1981
3.38099
3.07812
2.97555
2.87601
3.4827
4.0943
2.86594
3.99249
4.47543
3.21876
2.70488
2.95857
3.42038
3.49571
2.89759
3.1032
3.30813
3.5112
3.8031
3.58587
3.27584
3.96559
2.93342
2.83919
2.70591
3.86157
2.82222
3.15505
4.6608
2.80185
4.16633
4.05556
3.32831
4.28261
4.42367
3.52732
3.39746
3.75728
3.18013
5.32308
4.3486
4.30973
2.39266
3.13171
3.70183
3.84433
2.99785
3.35579
2.94747
2.96191
3.54559
3.45411
3.46678
4.05369
3.78759
3.28033
2.61206
3.25153
2.89903
2.50611
4.44218
3.17758
4.43774
3.55051
3.29085
3.16002
2.87667
2.98872
3.22897
3.56479
2.79063
2.87905
3.55376
5.89532
2.95834
4.2337
3.95843
4.48147
3.25216
4.03224
3.55451
3.31378
4.61202
3.07683
2.56617
3.08733
3.2043
3.54003
3.70604
3.29845
3.00638
3.3586
3.87177
2.71157
3.36436
4.90054
3.42452
3.27887
2.93505
4.28572
3.50499
2.73643
3.48573
4.03826
3.30573
3.88869
3.99205
3.15936
3.32042
3.98676
3.31247
3.25553
3.50801
3.48909
3.61013
3.92373
2.99881
5.20379
3.76271
3.24463
3.81814
3.01884
3.03623
3.68004
3.10468
2.72779
2.78149
2.95299
2.56405
3.2247
3.18914
3.63604
3.68427
3.84883
3.42564
3.64045
2.65507
3.16071
3.74385
2.78871
3.35397
3.25365
3.44684
2.99932
3.99299
3.39896
3.12811
3.26705
3.1366
3.78737
3.50389
2.64426
3.70705
3.49817
3.57787
3.26295
3.59494
3.4262
2.88933
3.40718
3.25237
3.02437
2.85441
3.57719
3.81676
4.08818
2.72865
3.24242
4.05485
4.0898
3.62565
2.64796
3.04923
2.45808
2.59986
3.28954
3.32408
3.33624
3.82774
2.85375
5.64488
2.79431
3.96165
5.75128
3.0143
4.24012
3.77138
3.28072
3.2262
3.39556
3.33015
4.22195
3.09048
3.59842
3.76466
2.55816
3.98205
3.51262
3.37742
3.18503
3.848
2.68841
2.93419
3.48832
3.13286
3.96911
3.42601
2.80959
3.04061
2.73988
3.03248
3.09104
4.1871
3.92839
3.19626
3.25137
2.99499
3.14521
3.02654
2.82304
4.36061
2.79847
3.37038
3.68686
3.55873
3.50599
3.42819
4.25854
5.05252
3.02467
4.3315
3.54949
3.26611
3.01068
3.59952
2.26859
2.68935
3.44371
3.11733
2.92908
3.83174
3.37396
3.89515
3.26579
4.60576
3.25408
3.33522
3.09154
3.46555
2.82253
3.64322
3.68375
2.85363
3.76958
3.46309
2.89426
4.20448
3.79467
2.74937
3.66518
3.22441
3.4126
2.42868
3.27281
2.89821
3.37616
3.00248
4.15131
3.45744
3.1404
3.63403
3.88772
3.10156
3.3108
2.69567
4.10837
3.24188
2.99477
3.01745
4.04913
4.20509
3.14492
2.8155
3.42462
3.06813
3.55254
2.95494
3.48433
3.05398
3.0586
3.09629
3.4042
3.48386
3.00078
3.66783
3.1067
4.26559
3.74079
3.26394
3.21729
3.63228
3.65558
3.18508
3.77065
2.82815
3.18176
4.16642
4.08567
2.82266
3.96112
2.69349
2.72902
3.36628
2.73384
3.29487
2.91081
4.34277
5.05003
3.37822
3.15539
4.34002
3.63938
3.26309
3.7069
3.13331
2.97048
3.34881
3.24908
2.79869
3.32448
2.70258
3.28241
3.36952
3.92144
4.01796
3.23784
3.10227
2.69307
3.89712
3.09491
3.14687
3.17
3.32857
3.25851
3.25686
3.51998
2.96423
2.72921
4.24704
3.23302
3.43047
4.65785
2.57154
3.59238
2.99548
4.09498
3.59415
3.8908
2.74232
4.53089
3.77889
3.83969
3.5098
3.49385
3.52493
4.51167
3.20846
3.26698
3.05216
3.44235
3.60982
2.61768
3.6783
3.40233
3.48387
3.40575
3.13727
4.59966
3.66084
4.70596
3.77835
2.76176
3.12895
2.89318
2.87298
3.22403
3.47466
2.99989
2.82351
4.67798
4.04255
3.76032
3.47485
3.3841
3.23633
2.81848
3.90925
3.11998
3.30357
5.93377
3.31465
3.07497
4.05782
3.0184
2.71394
2.72237
3.71794
3.06744
3.05174
2.9878
4.81233
3.56398
3.38158
3.21853
4.30995
3.55202
3.21574
2.72122
3.03191
3.16885
3.31016
2.95147
3.64507
2.82781
3.14609
4.23556
3.23389
3.45878
3.5399
2.87969
3.01805
3.93952
2.49806
3.17722
3.68279
2.86883
3.56545
4.19693
4.28205
3.3319
3.63617
2.59375
4.74554
3.46761
3.50027
3.64536
4.00485
3.88072
3.40077
4.6326
2.74642
4.09657
2.74349
3.79527
3.82412
3.34425
3.54892
3.00569
3.20783
3.94379
4.01402
4.27371
3.56141
2.49289
3.31522
3.73253
3.15093
2.95718
3.44649
3.67893
3.70381
3.27031
3.29943
3.63071
3.08715
3.32884
3.72718
2.80471
2.97323
3.40779
3.06545
3.43108
2.71697
4.74373
3.20245
3.85026
3.05782
3.5903
3.01721
4.0097
2.74188
3.00091
3.39283
4.60434
2.86525
3.31002
4.37726
3.35498
2.88741
4.21541
3.12212
2.98962
3.83413
2.82285
3.43838
3.55686
3.02741
3.39052
2.7693
3.46878
4.10622
2.9397
2.639
3.86275
3.11411
3.8123
3.73133
3.7509
2.684
3.66393
4.79083
3.02637
2.97121
2.98084
3.10156
3.11691
3.40136
3.95313
4.59444
3.48757
2.95859
3.53224
3.7522
3.42221
2.96937
4.47658
4.33683
3.28177
3.81078
3.36009
3.27845
3.99295
3.41533
2.43617
4.08597
3.88464
2.71359
4.26516
3.54556
2.61187
2.85702
3.74571
2.75832
3.62426
2.97647
4.00451
3.4201
2.70328
2.48085
4.13311
3.61555
3.97677
2.85447
3.78003
3.12027
2.44988
3.06936
2.74406
2.85434
3.03492
3.72581
3.55125
3.73929
2.84331
3.63271
3.17456
2.80868
3.15426
2.7255
4.33437
2.92255
3.18686
3.0804
3.24986
2.94889
3.19155
3.15908
3.96444
3.43213
2.44927
3.23873
4.1923
3.08645
2.73896
3.44993
3.29291
4.15759
2.86243
3.40441
2.76185
3.17135
3.27608
3.72206
3.05185
3.27633
2.33606
3.31345
3.41063
3.03831
2.65204
2.93247
3.8929
3.19333
2.8886
3.51025
3.95494
2.694
3.8536
5.31353
3.12429
3.54058
3.81512
3.51617
3.16645
3.44433
3.20289
3.39258
2.81842
3.38966
3.56381
4.34648
2.59343
3.50269
3.42793
3.53122
2.92735
3.60918
2.5929
3.10533
3.64154
3.33039
4.16667
3.93613
4.59942
3.93992
5.56565
4.0973
3.34077
4.30643
4.03271
4.18398
3.69821
3.9917
3.35221
3.182
3.80636
3.26386
3.34682
4.07617
2.9814
3.59051
2.96965
3.85132
3.37923
3.7335
3.91896
4.41417
3.12166
3.88295
3.36889
3.31424
6.83453
3.08839
3.06008
3.61693
3.30994
4.20374
4.24205
3.32422
2.9046
3.26101
3.32904
4.15117
3.65535
2.46957
3.19312
4.29164
3.30785
2.61576
2.61158
2.88029
2.98723
4.94645
2.67203
2.64741
3.63865
4.40999
3.4132
2.97777
2.87505
3.14579
4.11721
3.51066
3.08112
3.18117
3.24959
2.93089
2.75992
4.2816
3.34155
2.71594
2.93596
3.02405
2.72581
3.14414
3.36333
3.94653
3.57917
4.05785
3.44932
5.30726
3.20522
3.39501
3.20073
3.27599
3.59633
3.2307
2.90699
3.59536
4.98848
3.19816
4.58735
3.18582
2.98273
3.23247
3.13353
3.64253
3.13696
3.15685
3.03078
4.6592
2.6105
3.14953
2.96198
2.83015
3.83905
3.71358
3.06752
3.4579
4.53254
5.52442
3.07067
4.49142
3.22038
3.39036
5.65877
3.56916
3.46296
4.31924
4.75404
3.4039
3.93332
5.06028
3.3658
4.66002
3.30879
3.735
2.72365
4.33513
2.9795
2.83364
3.17278
2.48918
3.72497
3.35787
3.58557
3.08177
3.44973
3.93234
3.22123
2.7255
2.95555
2.76487
3.4554
4.51554
2.74054
3.45933
2.85227
3.48876
3.3504
3.02115
2.80872
3.5726
3.0715
3.66388
2.58748
3.3883
2.57479
3.22229
3.99605
3.37788
3.35935
2.4326
3.17473
2.96513
4.26769
3.15655
3.00532
3.30017
3.4823
3.2678
3.11413
5.12052
4.06679
2.91843
3.52754
3.75909
3.46899
2.91158
2.65619
2.90972
3.94778
2.90975
3.60378
3.11292
3.40821
3.41938
2.87693
3.19712
2.86718
3.57043
3.11961
3.34433
3.63358
2.81729
3.40202
3.06538
2.75631
2.52119
3.50619
4.22763
3.93239
3.52045
3.90589
3.43304
3.04496
4.55956
3.45844
2.48795
3.22422
3.85772
2.96809
3.10554
3.16027
3.61477
3.35906
2.52457
3.87323
3.43987
3.46014
4.01288
3.45833
3.24921
2.74062
3.6544
3.03634
3.23816
3.74287
4.10624
3.79455
3.65613
2.87934
3.35464
3.2378
2.68239
3.48655
2.36537
4.22741
3.56947
2.97388
3.68699
4.23776
3.29052
3.27764
3.918
4.17565
3.85772
4.43654
3.16121
3.3639
3.52866
3.0342
3.5981
3.17357
3.26399
2.7568
4.05948
3.01375
2.95337
3.20519
3.06312
3.26268
5.60073
2.8693
3.20401
4.41736
3.48557
2.68903
2.6829
3.01043
4.59417
5.4091
3.78155
3.09052
3.148
2.98808
3.69792
3.61221
3.3231
3.26836
4.25348
3.06392
3.30453
2.61158
4.32678
3.05283
3.29347
5.67428
3.4967
2.66363
3.28542
3.73758
3.37998
3.13008
3.73525
3.23183
3.29157
3.27043
3.45385
4.07614
3.26068
2.74512
3.67703
4.21067
3.89798
3.12097
3.8241
3.26011
2.74417
3.00687
2.61512
4.50422
3.58449
3.44811
2.75245
4.21877
4.90618
2.82705
2.92632
3.29246
3.01173
2.77422
2.93408
2.98931
3.19527
3.28738
4.45252
2.91336
4.51079
3.69746
4.13917
3.08162
3.51749
4.0895
2.72268
2.73803
3.54639
3.2805
3.12728
3.12404
2.91858
3.17143
3.09909
4.03802
4.71766
3.81203
3.54518
3.89492
2.52579
3.53829
3.21369
4.31933
3.10075
3.41215
2.85345
4.30849
3.20328
3.98532
2.86542
2.71728
3.3263
2.87316
4.2187
3.97798
3.89923
3.27003
2.6471
3.53251
3.91987
3.64396
3.35598
3.81978
2.91497
3.01041
3.6297
3.05253
3.71683
4.21825
3.31185
3.31072
3.02439
4.22421
4.84932
3.38137
3.39996
3.8135
3.00809
3.60096
2.87197
3.23099
4.64711
3.75894
3.3692
2.97843
3.16757
2.86235
2.83717
3.20588
3.11691
2.63126
3.06306
4.56431
4.35862
3.35977
3.26248
2.69528
3.11284
3.13632
3.20063
3.40525
3.4067
2.6883
2.96466
3.30852
4.20493
3.5837
4.01393
4.98853
2.9924
2.73773
2.60859
2.96861
3.2275
3.59648
3.37322
3.05183
4.72204
4.43413
3.3841
3.53174
3.34416
3.25043
3.12285
3.0033
2.76998
2.86676
3.50669
3.96808
3.58315
3.91915
3.07691
2.98337
3.11547
3.58701
2.44919
3.25482
3.14637
4.41786
3.38039
3.45552
3.82042
3.79268
2.70452
3.50906
3.21915
3.05074
2.95822
3.31733
3.41038
4.23938
3.30863
4.20995
3.14518
3.3535
3.35623
3.98274
3.37012
3.06235
2.78846
3.62004
3.34486
4.40814
2.71287
3.93491
2.98674
6.05985
4.11203
3.459
2.70286
4.83777
2.91187
4.19181
2.83506
4.53276
3.43458
3.07765
3.62471
2.91603
4.11853
2.89164
3.28731
3.29032
3.49896
3.76285
3.46321
3.00558
3.82722
3.93204
2.90316
2.65716
3.15311
2.90574
4.78276
2.91408
3.23357
4.3809
2.74122
3.22625
3.42512
3.80765
3.08147
3.3255
3.92349
3.09474
2.77802
3.84021
3.66711
2.63382
3.0039
4.03817
3.53249
3.06505
3.10222
2.92067
2.89951
3.61456
3.44917
2.69728
4.186
3.26828
4.06215
3.40614
3.80635
3.13788
3.30752
2.50837
4.39525
4.26401
3.8157
3.32697
3.26808
2.85212
3.17811
3.58873
3.93543
3.45799
3.88122
4.81922
3.32242
4.17573
3.54495
3.44756
3.23491
3.73364
3.07749
2.90304
5.40759
3.0629
5.22039
2.5033
3.47982
3.49843
3.93433
3.40374
3.28831
3.79438
3.10631
2.91408
3.75421
4.25913
3.07928
3.25307
3.00987
3.59734
2.91989
3.55369
3.19311
5.61157
2.59794
4.02266
4.48408
3.20104
2.8818
2.9709
2.96664
3.70924
3.35418
3.3762
3.07148
3.57813
3.07378
3.70245
4.10276
2.87652
4.57654
3.60152
3.61467
4.07443
2.93855
4.36699
3.26216
3.6875
4.73582
3.73751
4.06755
4.203
3.36591
3.26032
3.31324
3.50001
3.25536
2.8118
2.65728
3.06885
2.78893
3.5578
2.52823
2.90651
3.53533
2.75657
3.07822
4.63771
3.40746
3.19181
3.14078
3.90601
2.5394
3.60794
4.70548
3.08688
2.46766
2.58267
3.06556
3.04301
4.67472
3.86897
3.40967
3.21237
2.9181
3.85568
2.98081
3.99537
3.48624
2.72474
3.27174
3.65454
3.82023
4.48937
2.75763
2.92281
3.08676
4.34667
3.59992
3.30293
3.24742
3.80816
3.20613
2.44147
3.3019
3.27879
3.90352
3.06792
3.78156
3.02573
3.58588
3.0638
2.84156
3.08777
3.22294
3.85894
3.73169
3.04506
2.86502
2.8467
3.00792
2.76023
2.77609
3.28663
3.0786
3.7854
5.09884
3.21053
3.72916
4.35255
3.52261
3.06722
2.72706
4.312
3.81096
3.60499
4.57574
3.17123
4.54032
3.43265
3.202
4.52009
3.22719
3.13386
3.14378
3.047
3.46271
2.46263
3.10106
2.65257
3.6832
3.00268
3.362
3.39073
2.87813
2.93577
3.02965
3.34108
2.75929
3.70801
3.32203
2.95457
3.22842
3.01255
3.22707
3.33775
4.3381
2.81162
2.73496
3.12253
3.12537
2.57028
3.14118
3.46417
3.41059
2.98981
2.95905
3.20521
3.45049
3.30689
3.99139
5.14151
2.88514
3.32334
3.29495
3.28548
2.93922
3.21651
2.78797
2.7708
3.26604
3.70157
3.06943
3.94721
4.49433
2.66379
2.73415
3.51665
2.28256
3.59085
4.61903
3.02529
3.04634
3.20267
4.69918
3.74782
2.94362
3.74569
3.72889
3.85653
3.06939
3.13386
4.01919
2.80548
4.05921
3.6324
2.96383
3.39717
3.14403
3.62754
2.51357
3.48761
3.02977
3.33257
3.49342
4.02538
3.12396
2.69837
3.36531
3.59484
2.88849
2.75704
2.896
4.09761
3.40369
3.92512
4.21014
2.63975
3.13834
2.92421
2.76461
3.15212
3.24825
2.73845
3.06895
3.56951
2.96477
3.07814
3.1095
3.84271
3.51933
3.16197
3.2662
3.01735
3.90425
3.91307
3.38372
3.16001
3.99894
3.56446
3.30144
3.59547
3.86783
3.95427
2.87724
3.07979
3.46733
3.11461
3.21176
3.73467
2.86781
2.44172
4.12974
3.37168
3.56421
3.36727
3.78506
3.25773
3.24823
3.04636
4.22871
3.38457
2.93867
3.84113
2.90034
3.72135
3.51021
3.24138
3.36149
3.2429
4.11229
3.69543
3.33122
3.73249
2.787
3.55021
2.88515
2.98729
3.2447
3.07479
2.65636
2.93468
4.3683
3.02185
4.7687
3.18308
3.75096
3.56453
3.92918
3.1372
4.84395
4.19375
2.91459
3.68328
3.56669
4.48581
2.891
3.44657
3.43005
3.52946
3.28072
4.76559
3.03325
3.19946
3.71957
3.27004
3.17845
3.88599
3.68768
3.58812
3.6715
3.66325
2.99585
3.44443
3.3385
3.32208
3.01335
3.10298
4.00838
2.9441
3.30928
3.66828
3.02018
4.15581
4.07655
3.9426
3.94407
2.5794
3.49608
2.70632
3.29274
3.18371
6.70847
4.38194
2.56904
3.02137
3.0667
4.38273
3.66471
3.64392
4.3029
4.32341
3.08912
4.13268
3.00303
3.39702
4.25871
4.47963
4.16787
3.83932
3.50047
2.94903
3.66085
5.00315
3.39012
3.6569
3.20788
3.33063
3.69385
3.86842
3.6515
3.45537
3.9792
3.19625
4.58365
3.81469
2.64172
3.08891
3.19852
3.18259
3.38686
3.53954
3.11352
3.66128
3.74291
3.19326
2.80706
3.17531
2.96095
2.82929
4.42151
3.92864
3.37884
2.71298
3.99551
3.74645
3.31284
2.8603
3.02416
3.55257
3.45832
2.80613
3.27942
4.2026
3.54524
3.51676
3.87695
3.85921
3.25849
3.57131
2.56786
3.4702
4.07383
3.1944
2.8483
2.88785
3.07757
3.20776
2.84644
3.46339
2.6319
2.83281
3.63819
2.97021
2.89409
3.84418
2.88042
2.81178
3.02719
3.19536
2.51153
3.16353
3.36181
3.02051
2.86278
2.67972
3.47771
3.48522
4.12422
2.47954
3.29979
3.06785
3.30334
3.43476
3.12005
3.30812
3.42877
3.54196
4.17591
3.28795
3.43775
3.43023
2.57977
4.72608
3.19356
3.39289
3.37886
2.69582
3.88967
3.10767
2.93123
4.25863
2.89264
3.60516
2.9305
3.8328
3.82798
3.80633
3.3878
3.25018
3.63427
3.76033
5.02383
3.92253
3.37373
3.13325
3.23476
3.7997
3.92934
3.74768
3.39482
4.53086
3.67698
3.83272
2.97287
3.0257
3.1047
3.39967
3.35486
3.3592
3.48086
3.23532
3.41711
2.52991
4.47329
3.17158
2.89881
2.8783
3.20784
3.94021
3.18571
4.25473
4.54104
2.49368
3.32023
3.88645
3.8734
3.7189
4.63199
3.57757
2.7726
3.81852
3.19997
2.96647
3.5738
2.83608
3.15113
4.04877
4.98159
4.66116
5.10116
3.36507
4.06952
3.63146
3.76737
3.31785
3.72093
2.91271
4.50366
4.29218
3.87461
3.53691
3.66549
2.54606
3.87979
4.30098
3.59792
2.84855
3.23842
3.64726
4.02655
2.90911
4.00843
3.30518
3.56999
3.07403
3.50182
3.4843
3.75711
3.69017
2.51551
3.87719
3.15799
5.82621
2.75935
3.26114
2.9927
3.02475
3.51782
4.03898
2.76519
2.43545
4.30408
3.32363
3.56438
2.48649
3.78165
3.48003
4.56176
3.47749
3.47527
2.31401
3.13226
4.29927
3.34393
3.30769
3.75051
3.41448
4.75254
3.38093
3.63644
4.27143
3.33055
2.93912
4.03427
3.17689
3.23636
2.92395
3.27577
4.0133
2.56461
2.99715
2.74213
3.24381
3.85765
2.85591
3.95642
3.07078
5.145
4.49137
3.34739
4.26521
3.49205
3.30483
2.84254
3.60616
3.30165
3.60938
2.9737
3.17351
3.28848
3.3187
4.06766
4.14818
3.50488
3.30368
3.61217
2.36737
2.68329
2.94036
4.95978
3.18376
3.08593
3.07851
2.94015
3.61417
3.94875
3.60712
4.72187
3.084
2.58211
3.56983
2.69401
3.33459
3.44177
3.36854
3.26927
4.3487
3.2367
3.02804
2.56319
3.80046
2.70745
3.28188
4.69474
4.12524
3.57759
2.81582
2.93175
2.90453
3.60386
2.52784
2.94915
2.9155
3.3223
3.71813
4.73703
3.2382
3.7785
3.5444
3.39577
2.88189
4.61653
3.98757
3.48711
3.0243
3.38081
4.33859
3.66328
3.59085
2.81034
4.22272
3.34633
3.61423
3.52191
2.82036
3.22059
3.61789
5.01332
3.06911
3.85673
3.44529
3.33088
2.75338
3.31795
3.71991
4.46038
3.64915
2.93886
3.66546
3.75644
3.33234
3.66878
3.66245
3.28892
3.12215
3.05776
3.31244
2.97418
3.01899
2.70085
3.7098
3.21775
3.25609
4.10456
3.544
3.38865
2.85657
5.18467
3.49084
2.79971
3.75125
3.59114
3.44584
4.70778
3.05011
2.86505
4.46586
3.18849
3.69597
4.26809
2.92729
4.90626
3.6491
2.71794
2.74623
4.28535
2.77748
3.82702
3.6063
3.08249
4.09212
2.88218
4.7194
3.52861
5.08964
2.79415
3.07539
4.97138
3.51814
2.96406
3.25242
2.54049
2.82661
3.39717
3.21685
3.35642
3.58179
3.48373
3.77144
3.33844
3.29663
3.47967
4.57655
3.49764
2.47556
3.49204
3.71158
2.58509
3.23124
4.17592
3.56364
3.3533
4.46373
2.43915
3.36338
3.15062
4.07673
3.48869
2.94427
3.8879
3.64226
3.62572
3.22142
4.35976
2.92188
2.88419
2.83909
3.60419
3.51601
2.8873
2.47754
5.01657
3.20861
2.99235
3.4078
3.20865
3.65751
3.84235
4.7713
3.06658
3.98128
3.3286
2.53631
3.71248
2.96608
5.50645
4.57488
3.19949
5.57495
3.37859
3.5464
3.86982
3.41633
2.96828
2.68807
3.24402
3.38503
2.91084
3.46316
3.8197
3.91622
4.18401
2.7199
2.89133
3.40865
3.73166
3.56104
3.67953
3.4332
3.94191
2.69971
3.70771
3.89153
3.19868
3.97635
3.68318
3.32597
5.14664
3.62656
3.46357
2.62074
4.45698
2.93511
2.71844
3.15847
3.50617
3.35502
2.93647
3.64064
3.63803
3.32176
3.20492
2.8903
3.30997
5.53434
3.23682
3.22382
3.28143
4.02717
2.87518
2.61209
3.2832
2.94478
4.4019
4.1944
3.3542
4.48376
4.45035
3.64377
3.13008
3.8282
2.9228
3.39975
2.86402
3.6615
2.61214
3.76308
3.74762
3.10576
3.02462
3.84302
3.69383
3.56725
4.5701
3.58091
4.07521
4.12329
3.47324
3.0293
3.26214
3.4433
3.848
3.95516
2.51961
3.79756
4.03664
3.51783
3.45034
2.46654
3.13159
2.53008
3.69107
3.10192
3.98823
3.02954
4.38808
3.49383
3.24294
3.40499
3.19135
3.75289
4.02218
3.20792
3.63538
3.10704
2.73469
2.91509
3.30362
3.88849
2.58052
3.45969
3.37922
2.83915
2.68732
4.32453
2.60863
3.4126
3.8836
3.16334
3.3054
3.46966
2.7397
3.29883
3.29586
2.94579
2.60615
3.19217
3.34036
4.25907
3.18916
3.08649
3.76029
3.13711
3.37916
3.24261
2.89251
4.0782
2.91547
2.95825
3.98074
3.0216
3.26017
3.26793
4.2675
2.99685
3.02608
3.13202
4.1142
3.46068
2.5334
4.09953
4.083
3.91859
4.10861
3.46999
4.12705
2.84084
3.30116
3.20072
2.76844
2.76832
3.35311
3.93874
3.8003
3.1696
2.79948
3.49283
3.409
2.87889
3.13268
3.80907
3.64623
2.80126
3.35875
2.94475
2.9232
4.06546
2.94731
3.26959
2.81241
3.03402
3.0969
3.99566
4.19173
3.35486
2.92963
3.75148
3.43782
2.74206
3.31775
2.91851
3.6501
4.60223
3.10131
4.43384
2.41878
3.84363
3.43878
2.76291
3.58442
3.3151
3.00027
4.32476
3.88147
3.39014
3.06532
5.03576
2.87653
4.48101
3.75378
3.0247
2.91618
4.41206
2.96621
2.93949
3.32663
3.1346
3.40589
3.28271
3.80862
3.23178
3.18391
4.98496
3.36181
4.73971
3.44693
3.93479
3.20219
3.22082
3.66683
3.27673
3.90332
4.36118
3.8614
3.8708
3.80445
4.03117
2.89712
4.21164
3.4179
3.18943
3.17707
3.83109
3.31259
3.28176
2.40588
2.503
3.38332
3.73165
3.34568
4.22327
3.58862
2.99744
2.83791
4.36444
2.88475
2.84507
4.0664
2.72145
3.48595
3.45797
3.27388
3.2788
3.54264
2.74244
5.12665
2.98737
2.79898
2.66762
3.0205
4.1802
2.78713
3.32567
4.39956
3.0737
2.98482
2.85622
2.90504
3.13867
3.35479
2.62695
4.18236
3.26509
3.10175
5.07307
2.95178
2.84335
3.64354
3.78401
2.55101
3.58168
3.56031
2.89602
4.01529
3.39625
3.09087
3.50972
4.91227
3.45965
3.08957
3.96575
3.22743
3.65381
3.11205
3.38513
4.7121
3.34539
2.88751
2.55829
3.87224
3.39541
3.45594
3.58625
3.58894
3.31927
3.18178
3.14685
3.15349
3.87237
2.89186
3.34027
3.06443
3.18632
3.27148
2.93412
3.19209
3.26845
3.01863
3.1212
3.44333
3.24127
2.9322
3.38126
3.75008
2.82744
3.46325
2.69442
3.99442
3.75033
3.27469
3.75502
2.56393
2.91856
2.91751
2.79854
3.53638
4.67039
3.64075
2.93281
3.59511
3.4525
2.92038
2.98084
4.18023
3.38206
2.6564
3.30007
4.02392
3.05501
4.76016
2.89113
4.98311
3.39255
3.63412
2.8239
2.5208
2.87526
2.90271
2.70385
3.98005
3.59785
2.50712
3.84477
3.16343
3.05465
4.18738
4.14293
4.0551
4.07
4.22527
3.66078
3.12889
4.22447
2.97133
2.9376
4.51825
3.7404
3.6035
3.28522
3.33866
3.58914
3.5647
3.42928
3.41627
4.171
2.86348
2.6461
3.96347
3.29505
2.76843
4.20202
3.76639
4.00148
2.52033
2.8536
3.1763
4.10448
3.08738
2.59284
3.35093
3.83665
4.49782
3.22497
2.9559
3.41345
3.93031
4.92797
3.67894
3.8055
4.04814
3.27894
3.62933
5.16403
3.58274
3.19672
3.73107
3.53155
3.18812
3.44536
3.13699
3.27836
4.54815
2.98222
4.21572
3.3608
3.31342
2.71735
3.86507
3.1972
3.70412
4.14431
3.99777
2.83708
2.92019
3.67056
2.78454
3.43295
3.93875
3.10842
3.1801
3.97401
3.54898
3.0058
3.82527
3.24813
3.62399
3.35048
3.98958
3.70416
3.64739
3.30704
2.43959
4.06325
4.39209
3.60323
3.30554
4.42556
3.24367
3.67505
2.9132
4.23601
3.76045
3.39057
3.22235
3.46441
2.99868
4.09784
3.58554
3.60588
3.58923
3.52308
3.61361
2.52585
2.87994
4.02422
4.33734
3.71117
3.20511
3.87844
3.07234
3.93259
3.5683
3.98205
4.28858
2.50261
2.87839
3.09163
2.80886
3.69491
3.08155
3.41764
3.70915
3.41972
2.72254
3.04996
5.18098
3.61697
3.52784
3.55197
2.87125
3.16148
4.53498
3.08536
2.86905
4.0977
2.80064
3.15543
3.61858
3.39185
3.46056
3.70744
3.25789
2.78893
4.2887
4.13486
2.5011
3.9797
2.92035
5.02158
3.6249
3.74429
3.3573
3.30204
3.5507
2.75452
2.74008
3.45144
4.56049
2.77024
4.23875
3.54944
3.53412
2.9906
2.88841
2.78575
3.72407
3.83463
3.34339
2.92555
3.33916
3.57181
3.66503
3.7814
3.25566
4.61431
2.42366
4.08418
3.04422
3.02109
3.76737
2.97847
3.14878
3.23334
3.44451
3.33681
4.00672
4.3484
3.06267
3.77484
3.30857
3.84349
2.91263
3.31995
4.20233
4.602
4.05083
3.33283
3.47922
3.80706
3.62848
2.94482
3.65798
3.81921
3.31428
3.33045
3.02684
3.803
3.94657
3.40886
2.60736
3.47325
3.3116
2.82626
2.94549
2.66388
2.84381
3.42308
3.30746
3.42078
3.922
2.86462
3.22793
4.46804
3.33516
3.93638
3.56177
3.84574
2.57103
3.84178
2.67901
3.49509
3.44508
2.94649
2.77595
2.91244
3.02635
3.32919
3.29774
3.07541
3.03223
3.03975
3.53899
3.62127
2.4743
3.56734
4.06412
2.90502
3.71159
3.59819
3.75885
3.96753
3.75901
3.34787
2.97543
3.32579
3.16571
2.86084
3.3854
3.7787
4.12523
2.96764
3.38716
3.00809
3.00341
3.21931
2.75733
4.13682
2.62465
4.43159
3.53635
3.19251
2.52231
2.95705
3.38375
3.50878
2.60714
3.68006
4.87386
2.74243
3.31759
3.40065
3.06449
3.30358
3.74088
2.96983
2.94437
3.33321
3.23828
4.10019
3.04025
2.97277
3.2498
3.80869
4.30203
3.06266
3.25053
3.67866
2.78402
4.33941
4.05727
2.60962
3.36967
4.5758
3.49173
2.54616
3.04752
4.27648
3.5267
4.58981
2.58621
3.98008
3.11136
3.16678
2.8844
2.77011
3.71463
3.28465
3.10372
3.7024
4.49621
2.79809
3.34479
3.51618
2.84809
3.20584
3.88515
3.03137
3.74898
3.23219
3.13745
3.38024
2.89883
3.24863
2.6134
2.6924
3.12354
3.10263
3.31638
3.99744
3.0765
3.57298
3.07476
3.21011
3.03447
2.82828
4.23558
3.36184
3.41349
3.66528
3.28461
5.34383
2.87101
3.05996
3.96145
3.66
4.45137
4.35848
3.61182
3.69156
3.50827
2.98197
3.72649
4.39315
2.72755
3.61955
3.538
2.90542
2.86718
2.83026
2.81822
2.76753
2.77308
3.51322
2.68596
3.5315
3.18099
3.80166
3.62786
3.79462
3.43231
4.07025
2.90973
4.30652
3.43701
3.41027
4.31754
4.99846
4.27965
3.6911
3.90535
4.09408
3.92874
2.82049
3.01768
3.72596
3.47417
3.42786
2.65251
3.4995
4.1955
3.18276
3.58871
2.92129
3.07067
3.71828
3.05286
4.00008
3.52626
4.76885
3.1323
2.87858
3.0515
4.23986
2.9486
2.8478
2.85064
3.62624
2.61143
3.43625
3.76169
4.61378
2.75761
3.1592
2.87853
3.00619
2.82967
2.85561
3.95282
2.83872
3.62509
3.80614
4.31476
3.42475
3.43962
3.62197
4.19166
4.02088
3.53456
2.71783
2.95223
4.14327
3.34129
3.25859
2.9523
3.03075
3.47481
3.07359
2.78874
3.29698
4.31321
3.51674
3.29699
3.31164
2.94827
3.29971
3.4509
2.4797
4.76997
3.16044
4.99064
3.05071
3.8406
3.25633
3.71935
3.6837
3.27092
3.0794
2.42795
3.48133
3.49675
3.2538
3.32271
3.821
3.10285
2.89452
3.69573
2.89875
4.23945
2.84586
2.87536
3.38286
2.95495
2.85726
2.75876
2.95087
3.17428
3.00655
2.68653
3.00279
4.20581
3.54709
2.90125
5.22921
3.21044
2.90871
2.64914
3.6764
4.78042
3.38818
4.09783
4.06037
3.25803
2.69286
2.8529
4.66425
4.00131
2.63319
2.8082
3.1244
2.33168
2.86793
3.31826
4.48376
3.90804
3.31027
2.75991
3.58523
2.71737
3.10879
3.00852
2.85977
2.85834
3.41066
3.51396
3.97918
3.1453
3.4743
4.6636
2.96255
3.15269
3.62031
3.61908
4.16084
2.98756
3.81919
3.25875
4.50119
4.55894
4.26182
3.92191
4.27906
3.93741
4.32915
3.08788
2.6822
4.20576
3.34253
3.92173
3.84263
4.49833
2.8352
5.05595
3.40333
3.03554
3.46752
3.7937
2.75239
3.27619
3.93028
4.17731
6.06462
3.81047
3.09249
2.91158
4.2699
3.8374
2.41771
3.41357
3.51246
3.75667
3.96395
3.26309
3.86732
3.39345
3.31111
3.10543
3.74323
3.29595
3.4574
2.73465
3.54603
4.09001
3.44587
4.27945
3.53774
2.89026
3.1914
2.93252
3.13268
3.43218
3.94208
4.01093
2.92636
4.1726
3.75288
2.95815
4.2158
4.55824
2.63979
3.60952
3.60013
4.40625
2.70445
4.21964
3.19703
3.94343
4.39804
2.79622
3.63102
3.94697
3.39269
3.02011
4.90394
3.2341
3.39915
4.14989
3.64593
3.86564
3.44317
4.15209
4.17545
3.04565
3.65095
2.74478
3.43112
4.33614
3.44682
2.7818
2.93887
2.89029
3.45729
3.77863
3.06108
3.03565
3.40203
4.28672
3.03373
3.34811
2.89528
3.09998
4.057
3.21902
3.38931
3.78246
3.30191
4.18229
3.0822
2.92687
3.74113
3.10152
4.14079
3.62508
4.35156
3.37679
4.24672
3.81498
3.45472
3.71782
3.20448
4.27804
2.9655
3.56535
4.18824
4.1987
4.15104
3.40841
3.16367
3.00106
2.8467
3.12508
3.02764
4.69298
2.771
3.74923
3.39474
4.72169
2.97414
2.88876
3.28972
3.41604
2.45663
3.38266
4.08221
3.16377
4.16483
2.97268
3.77243
3.09956
3.05722
3.76678
3.70849
2.88965
3.65327
3.42685
2.98972
3.70306
3.37941
3.61872
3.64403
3.39079
2.98877
3.14455
3.85978
3.48997
3.2507
3.75404
3.58347
4.30694
3.21385
3.58674
4.35203
2.88051
3.71791
2.95836
4.13609
2.5412
3.02796
2.20715
2.87512
4.2808
3.08372
3.85934
3.26304
3.50027
2.74568
4.03012
3.97754
2.48011
4.96834
2.96548
4.2164
3.57222
3.43862
3.04963
4.34621
3.44805
2.83178
3.11291
4.60954
3.02568
2.76362
3.219
3.45573
3.61018
4.08706
3.65326
3.47191
3.43599
3.49688
2.55874
3.20544
3.38596
3.4358
3.66211
2.47296
4.19549
3.17199
2.97654
2.93151
3.25632
3.54523
3.10258
3.15646
3.84667
3.12782
3.81115
3.38703
4.72624
4.17544
3.59926
3.0778
3.59507
2.81121
3.22332
3.23919
3.48656
3.46452
3.10754
3.04366
3.29779
3.06509
4.25837
3.55982
3.10054
2.67837
3.18096
3.22004
3.16819
3.20868
2.91682
3.49552
3.63897
3.61501
5.04226
3.32201
3.23943
4.09202
3.54422
3.39994
3.40867
3.43908
2.69521
4.04719
3.54961
3.01471
3.27902
3.50344
2.83014
3.01975
3.46308
3.01746
3.39594
3.32341
2.82399
4.12493
2.70079
3.27184
3.35619
3.4378
3.10671
3.13192
3.28713
3.48483
3.93315
3.42438
3.04514
4.00774
3.87803
2.99854
3.50186
2.67865
3.82347
3.55348
3.36697
2.69691
3.09032
2.949
3.08845
3.17406
3.20295
2.86854
2.34246
3.50392
4.01347
2.80513
4.61626
4.06297
3.12074
3.46139
3.06585
3.21173
3.87212
3.61587
3.6506
3.74107
3.89043
3.30522
3.17364
3.4324
3.2996
3.45851
3.28594
2.91969
3.56984
4.69452
3.46146
3.73654
3.48675
3.75728
3.6143
3.18251
4.6068
4.69476
3.8545
2.90685
3.05618
3.58492
3.08053
3.27969
3.82464
3.60584
3.27259
4.55524
5.05301
2.56886
2.87227
4.32727
4.18736
3.61647
3.51157
3.8133
3.67494
3.51318
4.81349
4.13752
3.88972
2.82761
2.82021
3.7082
3.07345
2.72614
3.94199
2.82371
3.27589
3.81728
3.16014
2.83667
3.19101
3.64467
3.49782
3.43211
2.85094
3.44194
3.7359
2.94507
3.32067
3.88378
3.96942
3.25123
3.31466
3.56251
3.11511
3.20491
3.76414
3.23478
3.18632
3.95573
3.06118
4.76429
3.48851
2.80559
3.54096
2.98091
2.87643
3.88366
3.11115
2.90378
3.0843
3.05198
3.21716
3.14711
4.21978
3.76424
3.71039
2.32783
2.89805
2.90343
3.50597
3.80711
3.76688
3.48526
2.54238
3.08829
3.6248
2.87436
3.12601
3.95461
3.07684
3.25372
3.08876
3.14617
2.78695
3.33563
3.33814
4.50165
2.95709
3.4502
4.45298
3.32262
2.93914
3.17911
3.10279
3.7402
3.46897
3.79128
2.99224
4.11659
3.99928
3.64709
3.24711
3.03474
3.30837
3.82862
3.84622
2.87794
3.80606
3.94122
3.05264
2.8294
2.77767
3.29289
3.10255
3.28947
4.30179
2.94387
3.17836
2.6223
2.98207
4.0569
3.6095
5.28831
3.68294
3.20574
3.05064
2.67964
3.44163
3.5162
3.17281
3.88476
4.23754
3.14091
2.97167
2.91897
4.07688
3.82298
3.08586
3.13073
4.18927
3.67798
3.09942
3.48523
3.30252
2.85858
3.52499
2.9814
3.56261
3.36673
3.42512
2.88617
3.66719
2.96903
3.30535
5.90575
3.66691
3.5365
3.42494
2.94181
3.67522
2.92723
3.18289
2.87283
3.37306
3.10276
4.24463
2.72754
3.41219
3.82828
3.04802
3.0822
3.32633
2.63888
3.21743
3.65269
3.4082
4.12112
2.78617
4.03069
3.78966
3.24084
4.18296
3.2316
4.72329
4.51141
3.46683
2.65067
2.94627
6.08333
3.52755
3.55217
3.02366
3.23858
3.39683
3.16874
3.15819
3.8747
3.96911
3.60334
3.47044
3.18487
3.21515
4.52755
5.17515
3.06821
2.63943
2.79997
3.36925
3.11476
4.02011
3.42645
2.981
4.88701
3.03282
4.41863
3.90213
3.15544
3.00893
3.23636
3.11135
2.9486
3.49447
3.47629
3.14288
3.20475
3.2332
3.63888
3.12762
3.51763
3.33323
3.92138
3.7651
3.29481
3.19431
3.80582
3.39018
3.09601
3.21984
3.04808
3.78212
4.37447
5.97766
3.09734
3.60075
2.94463
2.5593
3.01754
3.82543
3.43978
3.52962
3.5304
2.90157
4.03352
3.30912
3.3887
3.18121
3.37757
3.44354
3.93903
3.14003
2.72227
3.359
4.27865
2.96696
3.28289
3.28462
3.46119
3.12631
4.11209
4.37096
3.86094
4.77841
3.15451
2.74169
4.11451
4.61067
2.91318
3.9737
3.30906
3.39332
3.16727
4.53074
3.77889
3.43979
3.2796
3.57246
3.49562
3.08074
3.93335
3.64226
3.51115
2.92072
3.35162
3.71149
3.92203
3.67978
2.57596
3.02904
3.18301
3.32351
3.18
3.01967
3.34435
3.90668
2.71391
2.79221
3.36882
2.84564
4.01347
2.76918
3.63497
3.9289
3.82452
3.24453
2.95567
4.36943
3.64248
3.549
3.35673
3.46375
3.45534
3.66792
3.82364
4.27113
4.45534
4.90616
3.77543
3.29104
2.78818
5.12865
3.84243
3.10258
3.45798
4.03485
3.63753
3.49679
3.41614
3.73575
3.8144
3.51088
3.04432
3.33595
3.87186
4.5954
3.34787
3.70854
4.01421
3.08414
3.61219
3.16146
2.47099
3.56471
2.79057
5.59561
3.32159
3.16807
3.55127
4.12002
3.14109
3.86256
3.92958
2.39958
2.87993
3.64377
3.68708
3.87479
3.31482
3.43501
3.45862
4.26864
2.73447
3.65174
3.74645
4.55932
4.25141
3.21296
3.283
3.08544
3.01587
4.38568
4.38973
4.11276
3.17246
3.64756
3.68069
3.23355
3.50507
4.85534
3.61038
3.33513
3.36643
3.41164
3.87566
3.72422
3.58138
3.54436
2.88069
3.40687
4.03466
2.96083
4.3001
4.38475
3.27013
3.03666
2.94655
3.79086
3.81008
2.94903
3.63618
2.96872
2.77943
2.94519
3.03975
3.98412
3.43986
2.55735
3.7298
4.05809
3.05394
3.13151
3.65184
3.28045
3.59591
3.458
4.02189
2.83993
3.05787
2.67915
3.57584
4.43811
2.93146
3.90275
2.53984
3.49411
4.17262
4.07337
3.68622
4.71782
2.97356
3.32706
3.59717
2.90656
3.77092
4.27773
3.24708
2.85893
3.04551
2.87876
2.8918
3.49452
4.40763
4.4148
3.32165
4.67205
2.99347
3.78791
2.77229
2.53718
4.20138
3.23198
3.30547
3.09
3.3228
3.63104
3.38892
3.604
3.18485
3.42505
3.19212
3.48973
3.26328
3.21491
3.78988
3.33019
3.95761
3.10133
3.56257
3.88806
3.40247
2.65006
3.35968
4.79815
2.86036
3.56365
3.05373
2.77424
2.79678
2.80759
2.87439
2.7021
4.5996
3.07041
3.09185
3.45427
3.01922
3.61656
3.41267
2.8472
4.20581
2.77219
4.40231
2.95185
3.16977
3.11709
3.21964
3.41847
3.73666
2.99029
2.83891
2.92744
2.90773
3.62969
3.64072
3.0467
3.60077
3.09621
3.15304
3.31001
2.80467
3.2254
2.98961
3.44098
3.48133
3.99316
2.94706
2.77316
3.03207
3.18154
3.80296
3.06848
3.81053
3.38043
3.71231
3.31879
2.69947
2.40441
3.22505
3.64754
3.72977
4.03186
2.68431
3.49747
3.47398
3.25693
2.83465
3.56623
3.38084
3.21331
3.12998
3.38722
4.04291
4.83838
3.14375
4.80555
3.19959
3.08022
2.96495
3.34217
2.86204
3.79326
3.24322
3.83398
3.33748
3.45728
2.83456
2.98915
3.18332
3.43498
2.83628
3.41537
3.97356
3.16568
3.5492
3.51011
3.96017
2.39039
3.48107
2.79429
3.61374
3.60331
4.0888
2.61594
2.52621
3.18121
3.07514
3.25759
3.55587
2.94203
3.62575
5.79287
3.50324
2.98639
3.26381
3.38372
3.23311
3.47776
3.27082
3.08104
4.23422
4.40792
3.10236
3.13435
3.35812
3.64294
3.22729
3.10373
3.8774
3.48377
2.8892
3.94623
3.16657
3.65563
3.64757
3.80093
3.47399
3.12619
3.05143
4.24025
3.57685
3.26165
3.41883
3.52726
3.84886
3.38963
2.92988
2.77251
3.22641
3.11447
2.91019
3.20559
2.86085
3.54091
3.80099
3.67665
3.42049
3.84889
3.11548
4.00156
3.03282
2.85863
3.14607
3.3306
3.1876
3.31993
3.85816
3.48165
3.29081
4.24439
3.07862
3.68446
3.42459
2.81023
3.68716
3.09174
5.14445
2.83807
3.32123
2.57315
3.47925
4.37138
3.28994
3.11373
3.87315
3.8779
2.99893
3.0998
3.04311
2.85144
3.22071
3.44007
2.40121
3.61841
2.98171
4.06076
3.33444
2.80901
4.78895
3.70076
2.84676
5.28092
3.39264
3.51049
2.93275
6.12013
3.85506
3.33525
4.19496
3.35749
3.15625
3.99487
2.8835
3.02557
3.13235
2.52535
3.60993
2.47316
3.46069
4.09997
3.58745
3.39815
3.27124
4.22634
3.35583
3.28709
3.30714
3.33714
2.98989
2.8064
3.56472
3.37018
3.80969
3.77681
3.73675
3.66155
3.64403
3.7453
3.29186
3.59429
2.58823
3.96479
3.16074
3.41121
2.95318
3.14257
3.37238
2.99168
3.52582
2.81804
2.72871
3.91058
2.96483
3.48357
5.26161
3.19652
2.95005
3.14941
3.03839
3.0071
3.19825
4.01212
4.00073
2.72671
3.5766
3.41928
3.29837
3.37991
3.80448
4.42225
4.48036
2.87796
3.28069
3.17527
2.85757
3.54755
4.27376
2.9913
2.65312
4.29323
3.2536
3.50038
3.19369
3.51553
2.72607
4.20028
3.29702
3.69682
3.04756
4.02195
3.68832
4.06939
2.98555
3.89151
4.43671
3.05029
3.32995
3.05081
3.32728
3.38555
3.80793
3.81884
2.67506
3.33525
2.94546
3.38366
4.02402
3.52274
4.72776
4.00601
3.77365
3.13368
3.1331
5.16114
3.26216
3.41237
2.88199
4.46892
3.70299
3.87288
4.17794
3.43324
3.78065
3.57609
3.07527
3.29436
2.89041
3.84879
2.66872
3.43836
4.03175
2.70338
3.74615
3.08666
3.23366
3.59301
2.57564
4.62848
2.80277
4.22506
4.63478
3.04701
3.40654
2.932
3.31586
3.99227
3.3299
3.23061
3.6419
3.63083
2.83791
3.34396
3.00746
3.46972
3.12421
2.87744
2.92732
2.65531
2.42993
4.07395
4.04822
3.06795
2.77299
3.48651
2.90003
3.08203
3.99285
3.63746
3.01017
4.15239
3.44381
3.25715
3.65647
3.13209
3.50246
2.39508
3.23325
3.17751
2.6773
2.70087
3.70649
3.17024
2.74381
2.98726
2.9117
2.9646
4.79219
2.65617
2.90912
3.40355
3.06395
4.04932
3.44485
4.13105
3.51235
3.65196
3.37277
3.53002
2.96587
2.91578
4.73735
3.0951
2.59567
3.2441
3.11407
2.91639
3.02749
2.92905
3.60662
3.75591
4.02506
2.89448
3.20065
2.78624
2.40839
4.87758
3.5762
3.46834
3.08733
4.21657
3.04371
2.81496
3.18032
3.82551
3.5198
2.84691
3.56561
4.52896
3.43171
4.00944
2.89035
2.87427
3.01497
3.86808
3.43026
2.9675
4.26441
3.14531
3.44292
3.30612
3.09308
3.40194
3.9292
2.64018
3.20784
4.13816
2.89124
2.9889
3.74622
3.26799
3.47844
3.73831
3.72151
2.43875
3.70778
3.4205
3.20487
2.48273
3.30253
3.786
2.91385
2.96437
3.16732
3.28326
2.9866
3.75367
2.86601
3.26503
3.64716
2.61475
3.37609
4.26251
2.63037
3.76918
3.03262
3.0819
2.53058
3.52948
4.24291
3.55726
3.48837
3.87271
3.33274
3.76574
3.32963
2.95244
2.71501
3.35504
3.00994
2.86675
4.19014
3.52804
3.12044
3.02533
3.0804
3.40642
3.23528
4.02089
3.03187
2.57562
3.00153
4.60732
3.46096
4.42837
3.80191
4.33417
3.6239
3.37054
3.45368
2.88855
3.71754
2.83674
3.71742
2.68214
4.10914
3.40861
2.97347
3.92903
2.76004
3.69817
2.72583
2.60762
2.86464
3.52886
3.40497
3.22243
3.22835
2.70853
2.73777
3.39518
2.91257
3.70403
3.15737
3.38479
3.87167
2.87258
3.23628
3.1442
2.82586
2.83121
3.6667
3.21872
3.71149
3.0533
2.9065
2.88063
2.75221
3.37529
2.81044
3.81726
3.08435
3.07654
2.8636
3.61516
3.82253
3.07515
4.1548
3.59758
3.41001
4.21796
3.66466
2.99451
4.2817
3.50452
5.36746
3.09357
3.99518
4.02237
3.87283
2.67221
3.56497
5.68744
2.91094
3.76132
3.50731
3.18121
3.99516
2.65498
3.86875
3.17167
3.5751
4.1718
3.46406
3.26153
3.97335
2.32643
3.7172
2.77159
3.34545
3.39005
3.94958
3.36477
3.05418
4.01664
2.73519
2.94114
2.83807
2.97117
3.1662
2.92545
3.9809
3.2448
2.46396
3.24385
3.4985
2.52834
3.39352
3.27805
4.21634
2.5094
3.91382
3.22615
5.25859
3.52896
4.52191
2.57125
4.20905
3.92156
2.90168
2.85142
3.57023
3.37124
3.15269
3.40157
3.04472
2.81209
2.78697
3.66799
3.26356
3.20996
3.38253
3.35103
4.03728
3.56964
3.8603
3.84611
3.60445
2.81411
2.82972
3.69914
3.03836
2.69974
3.87698
3.78026
3.04048
2.8327
3.02865
2.96614
2.88023
3.86185
2.52713
3.1523
3.92974
3.84461
3.30342
2.62702
3.82782
3.77455
3.56037
3.24761
4.15907
3.41345
2.87071
3.96874
3.04572
2.99024
2.64073
2.65341
3.3844
3.37743
3.70171
3.88132
5.46072
4.34546
3.18607
2.3661
3.53871
3.62462
3.24233
3.20552
4.47463
3.67208
3.02586
3.03189
2.8313
3.52565
2.57717
2.99415
3.40608
3.50497
3.92348
3.58696
3.32495
3.19306
4.31325
2.8634
3.15627
3.13765
4.0576
4.50115
3.76989
3.64535
3.17068
3.29584
3.18168
3.04266
2.62804
3.6235
3.31017
3.41158
3.50399
3.33907
3.60114
3.14407
3.06496
4.18921
3.32993
3.51721
2.71787
4.35675
4.5223
4.02712
4.53427
3.10763
3.41559
4.13624
2.51908
3.70137
4.17513
3.34942
2.88471
3.59325
3.59402
3.90197
3.40912
3.66301
3.25871
3.51241
3.41382
2.99245
3.50968
3.44333
3.44719
2.90856
3.55955
3.40705
6.38339
3.32301
3.96183
4.52362
3.41709
3.43049
3.62148
4.54141
3.53714
3.87695
2.96445
3.48326
3.21412
3.57126
3.56399
3.09151
2.68349
2.85031
3.16014
3.62418
2.58374
3.83784
3.39943
2.82556
2.83787
3.42878
3.53002
3.83725
3.89463
4.47371
3.89766
3.53934
2.8881
3.91328
3.87815
2.60785
3.3699
4.35566
3.39761
3.84511
4.83896
4.26719
2.57373
3.84051
4.07045
3.77759
2.954
2.99418
2.95076
4.70008
3.18424
2.88871
3.94389
3.58998
3.65997
3.72138
3.74817
2.82184
3.1152
2.99674
3.23932
4.05889
3.94635
3.79477
3.87471
3.49766
2.75255
4.04617
3.47859
2.80427
4.30323
2.72421
4.41494
3.94875
3.50798
3.6354
4.06899
4.62884
4.03518
2.98708
2.92816
4.55991
4.45253
3.53807
3.98262
3.09119
4.18651
3.74382
3.20072
2.96012
3.51711
4.58768
4.34495
2.92823
4.13297
2.75785
3.0295
3.87358
3.89044
2.84942
4.32642
4.61793
2.87547
3.6818
3.2541
3.06654
3.12071
4.34247
5.25231
3.32645
2.85768
3.42827
3.68657
4.29297
3.42809
3.82848
3.32962
3.89264
3.05933
4.23072
3.50908
2.65091
3.54397
3.7416
4.42798
3.57186
3.36718
3.2383
2.96971
3.28258
2.74947
4.67528
3.03087
2.50718
3.69207
4.00686
2.6277
3.17263
3.79389
3.29772
3.09953
3.0723
2.9582
3.98354
4.57733
3.75933
4.04857
3.28455
3.20331
4.23289
3.22189
2.74881
2.65073
3.7258
2.99087
3.17224
3.60045
2.91495
3.37964
2.93104
4.08078
3.72082
3.34538
2.70396
3.07717
4.03259
3.34793
3.39233
3.22219
3.27634
3.91388
2.67149
3.33559
3.3798
2.54609
3.40173
3.80337
2.9776
2.68848
2.77786
2.75388
3.46111
2.97866
2.48854
3.45597
4.09815
3.00992
2.95631
3.60638
3.11116
3.31963
4.04613
3.7595
3.85774
3.41262
4.32496
2.91506
3.95831
3.271
3.57777
2.90069
3.05527
3.02192
3.83035
2.93439
3.74639
4.18003
2.71392
3.56921
3.10655
3.35591
3.56283
2.58545
3.68459
3.41587
3.62131
3.60302
3.68001
4.08783
3.41624
4.90107
3.66152
4.10052
3.15505
3.13755
2.95211
3.59858
2.34119
3.19593
4.17518
2.81423
3.26225
4.41209
3.92815
3.24097
3.23007
2.73651
4.23917
2.65917
3.02655
4.01421
3.17769
4.44321
3.00405
2.77615
2.53647
2.98885
3.73408
2.65756
3.5218
3.66354
3.56851
3.4225
2.74089
3.43519
4.0636
3.89649
3.76993
2.92969
2.89935
4.22022
3.79917
3.46716
2.84831
3.27408
3.55754
3.5124
3.62033
4.58523
3.25818
2.89178
3.1049
2.82182
3.23129
4.28974
3.43234
2.87536
3.19731
3.23684
3.32098
4.16727
4.41038
3.85988
4.0662
3.64945
3.34034
2.83092
2.48431
3.21545
3.45187
3.49795
3.89118
3.50425
3.81771
3.82369
3.73221
3.26885
2.84639
4.28272
3.43496
3.33577
3.40507
2.91941
3.96411
3.15304
3.95978
3.55192
4.44607
3.65373
2.6339
3.23673
3.38059
2.5422
3.20627
3.04984
3.95338
2.87041
3.30607
3.70135
3.87223
3.52162
3.67106
2.94721
3.1822
3.91491
4.09565
3.32128
3.94949
3.75956
3.48341
3.86574
3.05155
3.20253
3.04942
5.52506
2.86697
2.77188
3.27023
4.40404
4.05827
3.60252
3.19617
4.14606
2.68371
4.02853
4.2254
3.6307
3.23679
2.86176
3.2779
2.5616
2.90349
3.40358
2.90775
2.93191
3.39981
2.84674
3.08398
3.87633
3.35176
3.35816
3.6497
3.06366
3.15176
3.75804
4.0211
3.52551
2.76565
2.86526
3.22726
3.55768
3.41829
3.44537
2.89514
2.98468
3.92448
3.09948
3.69027
4.07919
2.88197
2.92517
4.74942
3.84343
6.45979
3.85103
5.01275
3.44516
3.53623
4.45863
3.06967
4.67274
2.91925
2.83596
2.54883
3.52345
2.92144
2.95295
3.39263
3.4398
3.03855
4.12636
4.00513
3.10545
3.00567
3.98819
3.12891
3.77253
3.55053
3.68011
3.99631
3.03267
3.14456
4.27728
3.51046
3.21439
3.33343
2.57665
2.96199
3.69683
3.59362
3.04886
3.46478
3.7313
3.35809
3.38931
3.36826
4.0878
2.90048
2.27345
4.04643
3.06759
3.8433
2.57424
3.26584
3.54993
2.84325
2.46499
2.90277
2.72244
2.92924
3.8445
3.33065
3.10198
3.09996
2.39248
3.68678
3.12202
3.59632
2.62198
3.45963
3.08545
3.18005
3.66145
3.27203
3.46266
2.94606
2.90557
3.2639
2.83079
3.4853
3.99416
4.37374
3.37173
2.44506
3.06815
3.77406
3.21294
3.03703
3.37541
2.96612
3.27379
3.22215
5.27001
4.14893
4.37846
4.11886
4.53898
3.46463
3.95383
3.57698
3.09186
3.08439
3.63414
3.26444
3.00742
3.35737
4.6455
3.24761
3.53397
2.7275
3.37775
2.92748
2.6527
3.59805
3.3341
2.98506
3.46367
3.93878
3.05857
3.63445
3.47824
3.18992
2.84749
2.81043
3.27798
2.5386
3.11378
3.38932
2.39737
3.3397
4.58211
3.40547
3.00564
3.07723
3.44011
2.64795
3.4988
3.24118
2.7978
3.08334
3.32227
3.27671
3.94982
3.39409
4.06972
3.1004
3.85317
2.74317
3.90792
4.14648
3.55425
3.21464
2.83504
3.46563
3.74395
3.04806
3.31244
2.79459
3.44641
3.49597
3.3289
4.5723
2.66197
2.89798
4.39293
3.79583
4.28236
3.41187
3.45329
3.68786
2.6091
3.99938
3.46563
2.6787
2.94857
2.89522
3.88316
3.39429
4.21324
3.20753
3.92646
3.12129
3.73355
2.93843
3.9167
3.60823
4.24365
4.18372
3.64297
3.56221
2.99263
3.35306
3.4738
3.25629
4.05444
5.09672
4.05895
3.28028
2.66315
3.38076
3.86933
3.89737
2.54655
4.3538
2.95903
2.81452
3.02902
3.05297
3.35043
3.03221
3.05175
2.69217
3.9833
2.66485
3.03238
2.88933
2.89436
3.15641
2.9443
4.01661
3.24492
4.02534
3.4118
2.97971
4.16773
3.69936
4.11997
4.57736
3.52495
3.5462
2.93638
3.75222
2.85976
3.35189
3.18675
3.22073
2.90761
5.25647
3.61169
3.93123
2.94655
2.70161
3.56916
3.15727
3.11105
4.23034
3.19426
3.85275
3.24097
2.96182
2.84221
2.71907
2.98219
3.21977
3.55246
3.86048
3.54185
2.88976
2.89014
2.92171
4.24296
2.94115
3.43739
3.51372
2.54166
3.66564
3.88968
3.62863
3.92988
3.85548
2.92043
4.31703
3.49755
2.98371
3.20798
3.00248
3.98335
2.77204
3.03344
2.61699
3.24335
3.85618
3.07291
3.61305
3.9345
5.03542
3.95589
3.01061
2.71149
3.35781
3.5012
2.72189
3.95191
3.42714
3.37929
3.58947
3.09408
3.13042
3.61426
3.95063
3.59622
3.48322
3.12361
4.61557
3.60061
3.58274
3.46854
3.09539
3.32859
3.30538
3.03498
3.72901
3.61964
3.37991
3.22697
3.63035
3.66884
3.007
4.20771
3.35496
2.78251
2.82337
3.26594
3.42816
3.04984
2.90973
4.09006
3.26586
3.82223
2.59298
2.80132
3.67185
2.50834
2.79106
3.07154
3.61851
3.86226
3.77449
3.61476
2.77887
3.92237
3.51742
3.49682
3.55233
2.96381
3.47959
4.24712
3.54523
3.76531
4.44901
4.17297
2.57372
3.66214
2.51874
3.15087
3.26955
4.33074
3.21274
3.32636
3.42735
2.9004
3.37188
3.50731
3.56552
3.77108
3.36468
3.15122
2.72996
3.46168
4.90953
2.89619
2.98095
3.15079
2.80711
4.07193
3.66379
2.80194
5.05622
3.37136
3.22239
3.27202
3.71943
3.43207
5.14136
3.31103
2.7958
3.76146
3.35816
3.12219
4.22652
3.67761
2.50609
3.75803
4.34097
3.49861
3.63113
4.49785
3.52309
3.52329
2.53365
3.49297
3.48184
3.95708
4.10923
3.72664
2.45162
3.42247
2.64504
3.6363
3.34436
2.97142
3.24526
3.20841
3.13597
2.94318
4.89169
2.50484
3.41611
2.79293
4.061
4.4837
3.95194
3.64155
3.25216
3.24304
2.98835
3.36702
2.92848
3.15178
3.07567
4.21898
2.66867
3.35754
2.52907
2.88285
3.42774
2.91825
3.35879
4.8358
3.14242
4.15219
3.90771
3.83288
3.04948
2.94231
3.82332
3.65985
3.50273
3.04087
4.87006
3.18922
2.88085
2.97722
3.52156
3.73473
2.83279
3.49619
3.88117
5.04555
3.04252
3.63444
3.50516
4.13346
3.45958
3.62483
3.16852
3.3671
4.50655
2.85101
2.59452
2.4479
3.97056
3.59191
5.68768
2.5292
2.68281
2.91244
2.86332
4.6153
2.90565
3.20809
3.69328
3.3887
3.07697
3.3017
3.29042
3.60059
3.12936
3.39794
3.15751
2.94306
3.56418
4.20262
3.61328
5.32764
3.37282
3.31416
2.91766
3.12549
3.20158
2.94807
4.45181
3.57921
3.19776
2.95288
2.99517
3.71969
3.3742
3.40016
3.3612
2.78843
3.01244
3.51507
3.84543
2.77029
3.06865
4.30503
3.90997
3.60374
3.66632
3.71425
3.1458
3.81568
3.51848
3.40847
2.83545
4.26749
4.45644
3.46949
2.56015
3.81034
3.05638
2.83131
2.9857
3.18359
4.12266
3.14529
3.14628
3.81311
3.55976
4.10742
3.35414
3.37551
2.91584
3.80606
4.54533
3.12147
4.1093
3.58709
2.8262
2.96935
5.23031
3.96021
3.75744
5.38643
2.88456
3.4858
3.5186
3.13285
3.59796
4.17322
2.69071
2.91033
3.59085
3.43444
2.96393
3.86166
4.15337
3.44631
3.7206
3.33999
3.95199
4.27215
3.50304
4.03371
2.98934
3.54314
5.31583
4.00965
2.82668
4.08199
4.21219
2.98294
2.47825
3.747
4.77534
5.30514
3.56018
4.19413
4.24226
3.60547
2.60938
3.51886
4.00507
2.92986
2.82634
3.35266
3.00923
3.2491
3.02018
2.89408
4.03151
2.86814
3.2047
3.44326
3.05375
2.89385
4.23192
4.49179
3.93841
2.72838
2.91976
3.52077
3.38191
3.26429
3.28295
2.73137
3.15625
2.71269
3.46628
3.17064
3.07466
2.19928
3.6447
4.71735
3.7128
3.82986
3.64983
2.72248
2.73366
3.12149
3.12786
3.3255
3.6018
2.99001
3.734
3.08018
2.92258
3.47714
3.81658
3.71332
3.46544
2.82567
3.02354
3.88461
3.9728
3.48901
3.18585
3.47607
3.00689
2.92201
3.07232
4.27221
3.48356
5.36244
3.43269
2.91449
3.17277
2.81403
3.91381
3.67909
3.18292
4.12538
3.13944
3.7783
2.5609
3.30567
3.47521
4.81658
2.91514
3.99603
3.35695
4.15582
4.74202
4.22281
3.9239
3.80262
3.40766
2.7774
3.81233
3.04081
3.00787
3.28144
3.35986
2.54665
3.47801
3.11355
3.23331
3.36177
3.81432
4.1593
2.90129
2.87874
3.77602
3.2921
2.93209
3.52038
3.45378
3.43859
3.1992
3.32203
3.23184
3.59397
2.64302
2.97635
3.18421
3.21202
3.82941
3.71492
2.87931
6.06212
3.05639
3.05652
3.15433
3.53808
2.96737
3.35069
3.27962
3.82668
3.70637
2.78992
3.25084
2.59733
3.74766
2.77747
4.03939
3.11661
3.51124
3.30244
3.78309
3.11066
2.99233
2.73335
3.33988
3.34654
3.68111
3.42299
2.92238
3.75616
2.7425
2.82147
5.14484
3.15734
4.05023
3.52081
3.26951
3.96977
3.88638
3.64398
3.12589
3.34791
3.42991
3.21074
2.95846
2.96089
3.74365
3.5337
3.0909
3.48904
3.40838
3.29171
4.08273
2.95245
3.0011
3.44617
3.81354
4.78086
2.59282
4.35273
3.56943
2.60646
2.6715
3.24817
2.86964
3.67317
3.16413
3.24063
4.18171
2.84322
3.44781
4.23485
3.95015
2.7583
2.98973
2.49962
2.55481
3.37574
3.42059
3.65047
3.3474
4.07838
3.2737
2.7548
3.99606
2.99772
3.37469
3.89796
2.88464
2.8283
2.87939
3.17358
2.59159
3.16576
3.21248
3.1495
4.26517
5.10695
3.58035
2.76291
2.69064
3.00523
4.43632
3.29436
3.03109
4.47688
3.77153
3.70396
3.61763
3.35634
2.94625
3.17004
2.85998
3.14969
4.37681
3.99599
3.55083
2.98285
2.72087
2.4309
4.48523
3.0303
3.3698
2.904
3.17895
3.51927
3.13533
4.72579
4.66761
2.86291
2.92063
3.35954
3.2612
3.4142
3.18468
3.6529
3.9589
3.44038
2.44651
5.11006
4.74342
4.45437
2.58645
3.21665
3.42109
2.59873
3.53935
4.03149
3.61115
2.92403
2.99996
3.1427
3.00936
3.76552
3.14183
3.43223
3.46869
3.63853
4.36913
3.70569
3.78594
3.35919
2.58743
3.39666
3.37758
3.17055
2.57912
3.06225
2.68712
3.12605
3.46271
3.52685
3.68346
3.29112
3.66733
3.59367
4.10771
4.91092
3.47548
3.20881
3.84209
3.38525
3.6253
4.54345
2.73895
3.9192
2.57235
3.22256
3.695
3.39898
3.88626
2.84644
3.90384
2.45253
3.79672
2.99369
4.02796
3.16476
3.0279
3.56987
3.16366
3.45885
2.92341
3.12176
3.00596
3.84081
3.29488
2.70823
3.35298
3.3124
3.53275
2.99264
3.79548
3.22774
3.45629
3.00505
2.77478
3.21777
3.52126
3.77562
4.80982
3.75281
3.74076
5.07846
2.82774
2.87964
3.47401
3.30168
4.21189
2.82
2.33865
3.54395
3.05712
3.4457
3.60706
2.82654
3.0267
3.27571
3.89569
5.43708
3.42696
3.02158
2.90578
2.97235
3.24347
3.57868
3.43754
2.68052
4.67674
3.71488
4.00102
3.57027
3.81176
3.28201
2.87105
3.42618
3.14825
3.35267
3.20682
4.00467
4.50084
3.27446
3.38026
4.11336
3.37647
4.23928
2.78731
2.90368
4.14587
3.91129
3.32474
3.05604
3.54753
3.67703
4.52699
3.55133
2.78818
3.03123
3.3656
2.97499
3.33313
3.06494
3.33463
3.60579
3.35276
2.70133
4.16386
4.03832
4.96507
2.83617
4.21856
3.44488
3.8802
3.12803
3.22314
3.12427
3.83462
3.61192
3.08499
3.21655
2.81024
3.69419
3.97803
3.53336
2.79386
3.51767
3.02201
2.94007
3.28015
2.85554
3.67822
3.47821
3.52613
3.53237
3.66182
4.75863
3.943
2.77575
2.65502
3.1344
3.40742
4.12101
3.08992
4.59062
3.32107
3.95718
3.21369
4.00344
3.4448
3.39611
3.7404
2.60163
3.05054
4.34364
3.1861
3.75535
3.53607
2.8385
2.80811
4.11383
3.31699
2.85802
4.42372
3.22726
3.1638
4.19414
3.55699
3.4222
2.55847
3.16701
2.64458
3.08937
3.0931
3.51728
3.52772
4.67389
2.63543
2.84757
3.28778
3.12458
3.8489
2.76591
3.38734
2.8597
2.65497
3.61511
3.8747
3.48719
3.80269
2.93707
2.95923
3.01648
2.85164
3.55958
2.25117
2.87138
3.91475
3.43862
3.90899
2.73322
3.7649
2.97009
2.9399
3.5727
2.94445
3.10492
2.85275
3.93219
4.34178
2.72256
4.04233
3.11627
3.42476
3.0142
3.99556
2.90587
2.71621
3.04749
3.73873
2.66958
4.08079
3.53228
3.0612
3.97196
3.34346
3.01703
4.7301
2.88039
3.01071
4.35461
3.51096
3.50329
2.919
3.27606
2.46435
3.51132
3.41761
3.3399
2.6267
2.66572
3.06055
3.78687
2.67017
3.82156
3.31323
3.50862
3.09701
3.12049
3.58179
3.24132
4.22356
5.39565
2.97729
3.7653
2.86633
3.10795
3.54325
2.75865
3.50426
3.55406
4.01995
4.56875
2.47311
3.09515
2.43925
3.37901
3.54976
4.09009
3.05365
3.10779
4.01893
2.46192
3.51669
3.37649
2.7398
3.25366
3.04066
3.06977
3.64201
5.20602
2.867
3.79497
3.38257
3.26751
3.46271
2.87859
3.08284
5.48839
3.36646
3.79218
2.6691
4.35048
4.20186
2.86126
3.15673
3.92973
3.05473
3.46653
3.91377
3.25572
3.85434
3.04475
4.03461
4.21623
3.7588
3.05278
2.86984
3.52713
2.49939
3.20191
2.82917
3.50366
3.48467
2.96018
4.29676
3.83338
3.43141
3.24718
4.49515
3.57305
3.45611
3.24928
3.68168
4.06807
2.27617
3.09849
2.84173
3.08588
2.82715
3.82368
3.37081
3.58867
3.75621
3.41862
4.16483
2.94958
3.65796
3.03215
3.51923
2.93177
3.9789
3.65333
2.81654
3.37755
3.25578
2.74663
3.11597
3.79954
3.85749
3.08787
3.10547
3.36625
4.74444
3.95342
3.75227
2.83633
3.55987
3.49629
4.61841
3.51624
3.12773
2.92068
3.70368
3.10409
2.96749
3.38076
3.5066
3.49168
4.15743
3.13783
3.33529
3.37098
3.16796
2.80209
3.24627
2.98227
4.05376
3.66014
3.67306
4.81871
3.75599
3.51164
3.24932
3.53849
2.51904
3.34766
3.02569
3.22974
3.61716
2.50634
3.5758
3.60128
3.54365
3.48567
3.47506
4.09985
3.91194
3.73236
2.98871
3.67406
3.56727
4.13914
3.94528
5.21977
2.98103
2.97788
2.99079
3.16342
3.03127
3.10024
4.24101
3.47102
3.06889
3.6798
3.09601
2.9932
3.61274
4.48566
3.65151
3.75739
3.42055
4.05281
3.46637
3.09279
2.81791
3.38278
3.05083
3.01179
2.68057
4.73242
4.25264
3.1816
2.19081
3.45127
3.05195
2.718
3.04196
2.63959
3.61024
3.08101
2.99306
3.90981
3.0942
3.21655
3.85397
4.20369
3.71732
3.05375
3.67747
3.9063
3.2751
3.30073
3.24606
2.67903
3.59649
4.67927
4.44155
2.91379
4.07183
2.56893
2.66105
3.29894
2.89235
3.14382
3.04943
3.79267
4.0434
4.02334
3.74431
2.77151
3.44446
4.33763
3.55592
3.43758
3.20147
3.42991
2.75668
3.22921
2.91394
3.00112
3.61505
3.14634
3.35208
2.71892
2.5641
3.12203
3.42433
2.92202
3.92796
4.95945
2.50717
3.30426
4.22332
3.12018
2.95169
3.05442
3.7264
5.0445
3.09608
3.09532
2.64162
2.98633
3.82092
3.66351
3.49643
3.95777
3.67321
3.39155
3.21746
3.12547
3.07716
2.99191
3.458
3.3952
2.77771
3.80031
4.86685
3.25174
4.64982
2.63209
2.70993
3.84787
2.5001
3.11435
3.97705
3.12115
3.46494
3.74818
2.93203
4.01887
2.57804
3.29273
3.59863
2.86818
3.07312
3.05914
2.83732
3.74711
3.71219
3.58839
4.89742
4.03756
2.89158
3.8933
3.351
2.5646
3.67481
3.12824
3.84259
3.42847
3.25892
3.04769
3.74976
3.16843
3.16327
2.82733
2.56968
3.24346
4.55493
3.07556
3.59616
2.90839
2.84901
3.11238
4.19198
4.06604
3.35391
3.20327
4.36484
3.10323
2.82975
2.98787
2.79711
2.91604
3.47725
3.49507
4.4617
3.47895
3.23682
4.79262
3.9406
4.71099
3.54319
3.10523
2.88818
3.31847
2.61781
2.94809
3.89025
2.51263
4.4896
2.8289
3.15754
3.54944
3.23424
3.54578
3.2955
3.1393
4.15444
3.06121
2.64459
2.98397
3.09375
3.61631
3.74262
3.18935
3.09016
2.97306
5.05138
4.15462
3.19319
3.19693
4.04345
3.3529
3.91425
3.33515
4.72029
5.87663
3.06365
3.09608
3.4703
4.76573
3.63295
3.6971
2.75402
3.5073
3.96466
2.71609
3.01848
2.72165
3.55669
5.30148
2.97331
2.93531
3.14069
3.35419
3.1185
2.82787
3.94049
2.34771
2.89023
3.13332
3.73335
4.11132
4.58567
3.3068
3.7538
3.30086
3.78136
3.38016
3.85812
5.71555
2.64386
3.31013
3.64492
3.67095
4.70465
3.31838
4.12248
3.15641
2.95062
4.3188
3.63324
3.2453
3.12711
4.0361
3.0975
4.27129
2.82999
3.52912
2.90667
3.84062
3.28286
3.22642
3.61475
3.29175
2.82922
2.92082
3.22876
4.55978
3.18382
3.64798
3.02568
3.6735
3.68799
2.95544
3.60942
3.59797
4.14516
4.51268
3.77799
3.8158
3.20886
3.13078
3.83247
3.13684
2.53448
4.92222
3.21445
4.25948
3.55389
3.05241
3.11716
3.66236
3.21544
3.90032
3.24686
3.28868
3.01402
3.63745
3.45027
2.93273
2.88727
3.15517
3.55203
3.69427
3.30091
3.63548
4.27714
3.63907
3.25123
3.48305
2.77996
2.71489
2.84423
2.80359
3.68755
3.38817
3.0341
2.73294
3.69925
3.62775
3.62762
3.23831
