0.834081
0.980184
1.60357
0.455334
0.74762
0.471902
0.774846
1.00917
1.10824
1.33046
1.12385
0.885405
0.870201
1.11703
1.15373
0.807697
2.81513
0.727912
0.901259
0.856189
0.369528
1.31872
1.67957
0.549194
1.69668
0.749224
0.648329
0.350519
0.524116
0.674835
1.86576
0.258235
0.636302
1.66152
0.718719
1.4123
0.847862
1.54932
1.08216
1.10408
1.26812
1.43478
0.820302
0.490296
1.24178
0.992603
0.303655
0.94018
1.3263
1.07937
0.613567
0.842677
0.957087
1.35869
0.620158
1.20147
0.848803
0.705405
0.380882
1.76076
1.39901
1.82053
0.944488
0.227272
1.67382
0.856992
0.383425
1.4248
0.561093
1.28529
1.36885
0.385839
1.10052
1.6473
0.765738
1.52042
0.3796
0.568977
0.295465
1.10929
0.725687
1.88016
0.739058
1.31052
1.01601
1.02001
1.39597
0.959499
1.08528
1.81232
0.896793
1.96
0.944973
0.885555
1.39475
2.92536
1.35081
1.55422
0.574183
0.641305
1.05771
1.53744
0.471228
0.644859
1.16771
0.350877
0.962959
1.09716
0.43899
1.95086
0.833728
0.345454
0.320466
0.633303
0.667057
0.726317
0.742158
1.83417
0.3281
1.05546
0.564218
1.1803
0.686509
0.709864
0.561937
1.02535
1.77084
0.994372
0.456859
1.35106
0.483281
0.935587
0.891126
1.44767
0.79512
0.485982
1.39186
0.948774
0.70326
0.811276
0.864275
0.862218
0.705873
1.31877
1.14665
1.37815
1.294
0.503286
0.74957
0.583326
1.47185
0.91939
0.795393
2.52034
0.318065
0.912733
0.772716
1.29169
0.501243
0.751633
0.712608
1.22045
0.575694
1.04297
1.02145
1.39951
1.49105
0.892346
1.08962
0.989467
0.974701
1.00642
0.664283
1.49042
0.779042
1.04815
0.488346
1.01782
1.89129
1.19651
0.976683
0.619527
1.17848
0.625325
0.44491
1.0765
0.546394
1.07086
0.971094
0.944191
0.588939
1.4527
1.43449
1.19885
0.910246
1.4019
0.875361
0.791695
0.76732
1.43021
1.04776
0.538879
3.1631
0.79505
0.721385
0.59719
0.487753
0.731691
0.678825
0.547798
1.13737
0.906322
1.68242
2.66724
0.880183
0.413623
0.974561
0.806994
0.361954
0.451153
1.90254
1.03013
0.915764
1.62267
1.59666
0.645097
1.92312
1.89523
1.31749
0.375391
1.48719
1.12229
0.882138
0.81899
1.00627
0.706573
0.759603
1.09103
0.382541
0.973462
1.37536
1.25913
1.70197
1.28565
1.96245
1.65736
2.4057
0.360799
1.03838
1.27239
0.552312
1.00201
0.740684
0.895553
0.699624
0.955662
0.519762
0.859932
0.702324
0.79334
1.01751
1.15661
1.46126
1.20582
0.706365
3.51943
0.6352
1.03964
0.747272
0.405303
0.982456
1.15822
0.851308
0.995103
1.18964
2.10811
1.61559
0.997926
0.790732
1.97822
1.00414
0.642812
1.76768
0.844316
0.894235
0.552789
0.654946
1.7179
1.62481
0.86519
1.02715
0.61296
1.19247
0.736781
0.520433
0.670502
0.486228
1.12284
0.520331
0.856475
1.14812
1.39772
0.484706
1.29158
1.43826
1.08357
1.07769
0.855613
0.86911
0.49867
0.853647
1.44584
1.15913
0.855296
1.73171
1.07929
1.79313
0.620512
0.803451
0.863069
1.3651
0.476674
0.825114
0.843122
0.552382
0.721998
0.822096
2.04807
0.967626
1.0016
0.812515
1.32608
0.809486
0.739263
2.12438
1.10349
1.57326
0.830386
0.887705
3.06962
1.1353
0.506071
0.838656
2.32934
2.75356
0.608716
0.699497
0.540727
0.399331
1.09903
0.75882
1.96861
0.658629
0.869438
0.474486
3.73462
1.25434
1.84914
0.440001
1.29287
1.29034
0.755917
1.26917
0.513952
0.565254
1.04015
0.729428
0.336994
0.603158
0.952983
1.93342
1.39005
0.44142
1.07825
1.62978
0.671348
1.47619
1.19977
1.27504
1.55255
1.84751
1.59474
1.48964
0.563228
1.00435
0.541231
0.759439
1.0788
0.945108
1.34248
0.91611
0.816689
0.698052
1.10544
0.735044
0.780336
1.07494
0.727314
2.0693
2.99705
0.305912
0.874135
1.43061
0.574026
0.912224
0.394506
0.851618
1.17315
0.885638
0.626683
1.48763
1.02606
1.30808
0.86469
0.662461
1.31036
1.40575
1.06627
0.558202
1.27925
0.87773
1.12682
0.555611
1.01725
0.750578
0.732218
1.3043
0.36429
0.799952
0.581101
0.629474
1.38064
1.33696
1.39649
0.621275
0.827265
1.32512
0.928316
0.744981
0.367881
2.07924
0.641289
0.401925
0.689925
0.953075
0.901409
1.71465
0.949214
0.677795
0.567924
1.40564
0.573203
2.85504
1.26137
0.612704
0.431536
0.893737
0.881932
0.379624
1.69414
0.764979
0.531673
1.33561
0.955396
0.312656
1.68123
0.692044
0.765226
1.42526
1.55809
1.22867
1.98392
0.596003
0.788286
0.535784
0.828469
0.282714
0.749787
2.63345
0.727674
0.980448
0.952875
1.52545
1.06502
0.795068
1.5463
0.972954
2.81057
1.04455
0.611064
2.37456
0.626978
0.470294
1.90139
0.54244
0.819879
2.48783
1.54248
0.610063
1.52617
1.11176
0.682268
0.955013
1.18938
0.895843
1.775
0.956304
0.648099
1.85151
0.90456
0.261517
0.482503
0.787038
2.38531
0.644005
1.14216
0.303538
0.497809
0.973352
0.728005
1.96363
1.28519
2.29883
0.493711
1.05872
0.413989
0.700347
0.943858
0.679136
1.18865
0.617098
0.814987
0.360858
0.725006
1.66481
0.717948
1.99613
0.743245
2.35874
0.780675
0.874822
2.34654
1.43535
1.047
0.688686
1.14821
0.896836
1.39332
1.69409
0.460057
1.11424
2.03823
2.47456
1.0804
0.499212
0.797045
1.76895
1.00845
0.782757
1.8384
1.4741
1.39476
0.870157
0.665984
0.788824
1.121
2.82062
1.96142
0.536695
0.827433
1.78513
1.14754
1.22285
1.21311
1.08745
0.930492
0.741084
1.31509
1.35438
0.485583
0.451448
0.322174
1.7606
0.908455
0.820431
1.07728
0.764812
3.07763
0.834827
1.45117
0.61108
0.743407
0.856346
1.1753
1.38208
1.04699
0.886048
1.101
2.33938
0.32666
1.40713
0.952324
1.73445
0.367918
1.65325
2.0203
1.70368
0.997346
0.455893
0.425045
1.7715
0.761792
0.597392
0.879138
1.00556
0.813664
1.48694
1.18997
1.3409
0.500835
1.41012
0.861294
0.716981
1.03531
1.45718
1.37342
0.913274
1.70499
1.18256
0.958337
1.59746
0.488968
1.19087
0.943149
1.93655
0.799891
0.829297
0.662945
0.310286
1.03052
0.747647
1.5998
1.15742
0.712957
0.880561
0.939805
1.71364
1.48087
1.31417
0.87853
1.36024
0.804086
1.6785
0.547075
1.26038
0.94045
0.881909
1.15656
2.37631
1.13679
2.71101
1.44223
1.2238
1.19051
1.43267
1.15324
0.854959
0.386559
1.68584
0.703743
0.620616
0.775025
0.656584
0.562837
0.542188
1.59536
1.64031
1.02175
0.87745
0.817484
1.50512
1.68261
0.284051
2.49043
2.00978
0.750016
0.717401
1.47987
1.09567
0.5041
0.937773
1.39796
0.670247
0.81353
1.78448
1.32883
0.797234
1.16147
1.48026
1.20799
0.656622
1.348
1.29432
1.26073
0.301847
0.477353
1.01452
0.803213
1.22046
2.05352
0.715475
0.788355
0.377237
0.686339
0.820891
1.60904
0.957737
1.47385
0.364121
1.47048
0.659086
0.43577
0.729703
0.621892
2.84411
0.364988
1.00091
0.673927
1.07719
3.79061
1.10129
0.919524
0.551766
1.43667
1.36361
1.38163
0.44797
0.55401
1.26017
0.597931
1.77093
0.510674
0.731182
0.876238
0.951549
0.770146
1.76065
0.366638
1.27804
1.41111
1.32073
0.874332
0.883248
1.39709
0.79278
2.57987
2.2479
0.517735
1.1319
1.13848
1.00737
0.331615
0.536399
0.892571
0.361117
1.17244
1.67503
0.45822
0.934252
0.754996
1.08679
0.762485
0.906971
2.67454
0.852051
0.841749
0.885463
1.44132
0.915817
2.51776
0.923721
0.714275
0.307305
0.696243
0.772793
1.10255
0.740115
0.803927
0.613279
1.59726
0.739552
1.33469
0.354551
0.728347
1.05502
0.992654
2.29566
1.16242
1.14736
1.90294
1.16333
0.578801
0.794947
0.687528
0.879877
1.14056
1.46327
1.25934
0.748608
1.1518
0.904019
1.16484
0.590648
1.02984
0.771363
1.15551
0.567949
0.501244
1.0016
0.975073
2.31693
0.740215
1.0126
1.45051
0.715131
2.23378
1.28072
0.685041
0.52526
0.659976
0.817254
0.262016
0.273857
1.09597
1.15457
0.949482
0.403945
1.12239
0.603453
0.853181
1.09161
0.427066
0.950284
0.943146
2.15681
1.68335
1.11748
0.604392
0.544134
0.898396
0.668198
0.708802
1.74087
0.528024
1.49658
0.891619
1.03771
1.05305
0.49039
0.361498
2.30692
0.880471
1.60409
2.28957
0.673658
2.08849
1.47693
1.49844
0.741746
1.7633
0.541812
0.466704
1.19643
0.961551
0.668436
0.724272
0.635042
1.42689
0.929597
0.432277
0.60587
1.1097
0.276164
0.609861
0.730831
0.655471
0.265796
0.999121
0.806889
1.23502
0.860779
0.536487
0.474202
1.09938
0.649177
0.769046
1.52407
0.572217
1.12581
1.66899
0.349163
0.750204
1.19745
0.642881
1.38121
1.01405
0.91042
0.771839
0.46677
0.837024
0.511785
1.26159
0.41586
0.691742
1.23868
0.394022
0.543186
1.27041
0.778569
1.20568
0.455229
1.27992
0.659193
1.85461
1.43861
1.59213
1.1339
1.31838
1.40791
1.30332
0.515112
1.3781
1.35156
1.50807
0.912021
0.659176
0.612568
0.597315
0.749585
0.766494
0.849043
0.926365
1.80982
0.885813
1.18834
0.453888
0.625816
0.943355
0.945239
0.811318
1.69007
1.58983
1.58574
0.375214
2.45051
1.26085
1.94712
0.736629
0.643482
1.27843
0.639615
0.785407
1.08447
2.134
0.689063
0.931912
1.02002
1.03167
1.26012
0.421751
0.839094
1.6917
1.99831
1.16929
1.62485
1.0676
0.599937
0.836385
0.827062
1.65981
0.71889
0.97636
1.21999
0.654008
0.767717
0.1185
1.206
1.60943
0.98638
0.858749
1.86547
1.87166
1.52498
0.587335
0.417249
0.975792
1.44068
0.809569
1.47377
2.37434
3.3202
0.942427
0.796677
1.23934
1.39362
0.758308
1.50634
0.565854
1.53186
0.879843
0.535533
0.975816
1.042
0.901781
1.57495
0.690705
1.00453
1.02344
0.535558
0.465644
3.35662
0.634621
0.76878
1.52084
0.842259
0.700469
1.11931
1.4496
0.962221
0.567411
0.577827
1.02137
1.6335
1.03182
1.106
1.0842
2.27619
1.01048
0.596495
1.68135
0.981644
0.748558
0.20861
1.37735
1.40639
0.828542
2.20463
1.91627
1.01654
0.767298
0.761448
0.735378
0.846305
1.27998
0.574345
1.01092
0.416437
1.3907
1.02695
0.816632
0.815537
0.583957
0.757631
1.03694
0.376104
0.949002
0.319025
2.65072
0.932359
1.45065
0.870193
1.16089
0.507259
1.3229
0.520516
0.813469
0.75091
1.01726
1.25161
0.957893
0.679603
1.37857
1.11639
0.40983
1.21106
1.21864
0.832667
0.643966
1.43219
1.10619
0.780595
1.57304
1.99754
0.990927
2.08904
1.11837
1.04293
1.05841
1.54462
0.644113
0.66563
0.969105
0.608499
1.07385
0.918999
0.7011
0.973362
0.996182
0.881207
0.584723
1.44948
1.3204
1.04354
0.671114
1.3385
1.13739
0.470633
0.873174
0.932854
0.674155
1.12728
0.635488
0.51555
0.655859
1.0135
0.772301
0.736673
0.714789
2.43525
0.990721
1.83557
0.993869
1.08422
0.913904
1.68191
0.996099
0.577273
1.21001
1.25389
0.982348
1.22069
0.854776
1.12179
0.364453
0.401863
0.352873
1.64652
1.04359
0.773489
1.93591
0.524388
0.384397
0.611672
1.39006
1.3989
1.46415
0.831959
0.430988
1.13543
0.546292
1.40896
1.19164
1.53222
0.748554
0.741725
0.520998
1.73768
0.509704
0.871827
0.850963
0.543371
1.41595
1.27513
0.880065
0.895633
1.37993
1.7553
0.487483
1.06754
0.86957
1.43344
0.957117
1.13731
1.54952
1.09927
0.50453
1.86919
1.37303
0.807935
1.29392
0.857643
1.43246
0.636378
0.28781
0.982366
0.742883
1.27617
1.19828
0.471808
0.554649
0.689077
1.71468
0.89202
0.926444
0.888885
0.972162
1.78052
1.00629
0.881779
0.640395
0.813144
0.580691
1.09652
0.970656
1.64762
1.54242
0.834579
0.914682
0.758685
1.39385
1.88587
0.674207
0.615584
1.13759
0.790974
0.55481
1.45258
0.843983
0.736186
0.989344
1.92884
0.758215
1.11007
0.671647
1.81184
1.71327
0.100008
0.868604
1.50563
1.09183
0.802679
0.423166
1.05246
0.618875
0.379378
1.55518
1.39638
0.535482
0.483814
1.30068
1.38422
0.681746
0.696662
0.896216
2.11148
0.406921
0.541316
0.944454
1.3815
0.357265
0.741261
3.66049
0.357629
1.63058
0.65843
1.07498
1.03387
1.05803
1.0942
1.53361
0.759566
1.06466
0.947966
0.614294
0.867388
0.672164
0.6519
1.24823
2.59164
1.21979
1.1343
1.45987
1.31165
0.694335
1.63832
1.22522
0.594833
1.22157
0.546702
1.4627
0.497436
0.747704
0.970122
1.26606
0.338697
0.822831
0.916591
1.07703
1.54707
0.555523
1.24663
0.914402
1.35576
1.93868
1.62264
0.815353
0.631846
0.542536
1.1161
1.27385
1.34471
1.22387
2.12329
1.20221
1.12426
1.6834
1.76969
0.979406
0.972145
1.65008
2.56272
1.19972
0.492165
0.423589
0.953564
0.655004
0.877958
0.85673
1.25237
0.631462
0.521573
0.42551
0.866037
1.19698
1.09614
0.453196
1.18829
0.824393
2.53452
1.17761
0.366614
0.929616
0.572577
0.623589
1.24004
1.04458
2.52948
1.06399
0.826035
2.16028
1.30124
0.743623
0.776103
0.688446
0.642076
1.13082
1.28544
1.26643
0.690457
0.790419
0.626363
1.80361
0.388756
0.814902
1.04542
0.635607
1.25914
0.277898
1.29318
1.47441
0.801487
1.65822
1.07935
0.96413
0.999477
1.14562
1.48568
0.376921
1.1476
0.723457
1.47065
0.997028
2.08245
0.91456
1.01043
0.517509
0.750897
0.520579
1.77532
0.803608
1.28182
0.544748
0.971818
1.02578
1.45675
1.20661
0.554433
0.324113
0.556813
1.52048
0.426372
1.10234
0.411397
0.574209
0.778471
0.253465
0.785118
0.616831
1.24867
0.680923
0.816435
1.45208
0.780586
0.88864
1.06571
0.694612
0.600698
2.13691
1.3922
2.44621
1.30761
1.42612
1.15568
1.68238
0.282796
0.488659
0.318137
0.679359
1.00006
1.58707
0.730389
1.68649
1.28307
0.761041
0.788272
1.61604
0.789509
0.925896
0.907564
0.68981
0.798131
1.91351
0.274483
1.64979
0.642402
0.870613
0.56767
0.612761
1.05837
0.473647
1.38526
0.7758
0.787148
1.32884
0.767466
1.30641
0.47723
0.870858
0.478499
0.563386
1.87598
0.3686
1.49781
0.927717
1.27683
0.83436
1.2831
1.50797
0.308379
1.55159
0.925722
0.577376
0.401508
0.878391
1.20145
0.770898
1.05412
1.00972
0.651916
1.22362
0.451974
0.609859
0.423486
1.20693
1.05701
1.10241
1.88841
0.792539
0.823001
0.697429
0.850636
0.892519
0.630127
0.953709
0.693699
1.01168
0.580711
0.51608
0.836637
1.93041
0.568074
0.887606
1.68549
1.43876
0.781429
1.14386
1.79425
2.02648
1.26369
1.44276
0.487239
0.69504
1.51902
1.43788
1.14717
0.773327
0.384253
1.39013
1.6117
0.993475
1.88019
1.81082
1.10767
0.622506
0.416778
0.882093
0.766168
1.13579
1.63166
0.986178
1.24176
1.14228
0.896068
0.808486
0.97719
0.866576
0.76701
0.851846
1.68189
0.97741
2.41775
0.169203
0.682784
2.86653
1.32384
0.787645
0.952018
1.2193
0.298559
1.20506
1.09294
0.61374
1.90443
0.894238
0.737667
0.859538
1.57614
0.514611
2.45148
1.22447
0.728232
0.311222
0.975961
1.00218
1.70449
0.223017
0.723705
0.630112
2.37564
0.698624
1.16001
0.584422
1.00057
1.67148
1.23196
1.11384
0.868306
1.02947
0.474143
0.483778
2.01791
0.475855
0.513921
1.48531
1.41755
1.44166
0.347074
2.56076
0.596471
2.0268
0.794943
0.490472
0.935744
0.948863
0.912146
0.501571
0.612701
0.272053
0.56763
0.629994
1.75999
1.43207
0.64217
0.504317
1.21688
0.439931
2.10464
1.02496
1.53565
0.77411
1.09623
0.91563
0.843814
1.00286
1.96879
1.07057
2.11273
1.12448
0.412774
0.524937
0.662901
0.763415
0.815832
1.12469
0.556151
1.74544
0.460852
0.52395
1.2699
0.786132
2.0614
0.804568
1.32264
0.317682
0.401082
0.615297
1.63478
0.627211
0.844945
1.40663
1.25584
0.962272
0.775434
1.82504
1.01592
1.89332
0.319546
0.824609
0.628101
1.40626
1.3147
1.13493
0.525353
0.619007
1.03063
0.90224
2.35814
1.76111
1.49182
0.90665
1.10005
1.03101
1.43248
0.571356
1.43399
1.58706
0.680568
1.51739
0.685847
0.995723
1.0881
1.04983
0.539024
1.06309
1.27102
0.547497
1.93106
0.72093
0.899739
2.31454
0.599206
2.19078
0.835828
0.629889
0.743517
0.752194
1.45014
0.744361
0.714306
0.733301
1.93375
0.755669
0.977194
0.629141
0.386041
0.567682
0.571173
0.438402
0.620194
0.659821
0.901802
1.53266
0.564171
0.438403
0.466846
1.27004
0.292492
1.43179
1.17925
0.72491
1.47841
0.823144
0.679588
0.669738
1.00118
1.30869
0.782842
1.14307
1.17854
0.513241
0.824133
2.54317
0.977122
0.823363
0.435534
2.79572
2.54115
0.815196
0.938397
0.43834
0.380347
0.669031
2.28631
0.510812
1.61532
0.429148
0.945663
1.2781
0.566056
0.924118
0.326439
0.552328
0.648537
0.519515
2.2762
0.796303
1.41484
1.15444
0.442702
0.820803
0.522607
0.925966
0.876512
1.2292
0.760568
1.47423
0.871518
0.643634
1.76842
0.501921
0.610253
0.882785
0.422245
0.572157
0.665092
0.487339
0.568826
1.2886
0.519256
2.06953
0.529087
0.519251
0.61659
0.390657
1.35166
1.10098
0.850992
1.36353
1.29376
0.881887
0.978411
0.506415
1.44705
0.908644
1.10702
1.42738
1.27863
0.395192
0.826611
0.907496
1.72723
0.903197
0.975233
1.14372
1.6854
0.920894
0.896302
2.0021
0.456178
0.520277
2.34706
0.803496
1.31631
1.202
0.648894
1.08174
0.6637
0.983633
1.17579
0.887798
0.827038
1.71479
1.10336
0.73814
0.915546
1.37384
1.11013
2.36611
0.874167
0.985453
1.15893
1.43569
0.965805
0.783075
1.10754
1.32828
0.687363
1.15815
0.883811
0.590386
1.38772
0.383299
1.361
0.911133
0.427807
0.592044
1.71387
0.704268
1.45687
2.2094
1.01589
1.24584
0.964504
1.30762
1.08287
1.00766
0.575704
1.02779
0.531509
1.19051
0.299657
0.499696
1.2825
0.701306
0.728695
0.995985
0.481648
0.889652
1.35017
1.00718
0.834356
1.22024
1.34645
2.96209
0.541769
1.44614
0.734465
1.37355
1.37545
1.44283
1.33324
0.470602
0.467312
0.736341
1.00076
0.530894
0.737645
0.275681
0.841525
1.51408
1.19439
0.542773
1.05069
0.381196
0.551839
1.02645
2.15741
0.866493
0.935828
1.05524
0.591654
1.32849
1.13525
1.17207
1.81661
0.62842
0.673166
1.46992
1.06236
1.46654
0.662986
1.03617
1.18651
0.753577
0.815015
0.356918
1.05937
0.990094
0.545662
0.931195
1.98207
0.607244
0.872378
0.465496
0.810769
1.73131
1.21095
0.371175
0.642311
0.885412
0.431876
0.769923
0.91262
1.12064
1.50116
1.34283
0.706734
1.29365
0.9909
1.43028
0.705432
0.367948
1.44782
2.00376
0.56405
2.17273
0.477363
0.824805
1.25818
1.39897
0.368862
0.560913
0.899007
0.944397
0.865966
0.843713
1.30137
0.828135
3.03508
1.78829
1.45116
2.3785
0.63099
1.41158
1.42692
0.809218
1.03587
0.797507
1.01258
0.659871
0.607712
0.989401
0.7909
0.571166
1.43116
0.955014
0.895934
0.716955
1.75831
1.21885
0.650636
1.31374
0.623121
1.87804
1.31535
0.29836
1.56355
0.511156
1.4323
0.735473
1.01936
1.24086
1.03256
0.484676
0.67315
0.647995
0.687296
0.648714
0.966071
1.06992
1.1566
1.37206
0.427738
2.0332
1.23189
1.20709
1.16523
1.46583
1.51227
0.5211
0.856204
0.924573
0.339455
1.95644
1.01795
0.574281
1.1912
1.19838
1.43665
1.43521
0.422035
1.3802
0.636262
0.764991
0.662492
1.01179
1.57006
0.838288
0.894322
1.19854
0.673248
1.04984
1.08768
1.04215
0.860117
0.618419
2.08093
1.03838
0.437289
1.19787
0.629843
0.835592
1.11622
0.996994
1.03949
0.589794
1.40311
0.851991
0.758935
0.698755
1.11794
0.383542
0.664272
1.26702
1.18349
0.880183
0.337838
1.20699
0.962718
0.740825
0.385862
1.97051
1.10545
0.808358
0.479167
2.35849
1.2748
2.25181
0.896135
0.464052
1.29319
1.33044
1.12953
0.426295
0.605783
0.612671
2.585
0.923054
0.75217
1.68993
1.24227
1.28129
0.819274
0.393696
0.79536
0.900348
1.70249
1.00144
1.39427
0.626257
1.2301
1.37064
0.5459
0.447611
2.23081
0.595041
1.75327
1.28757
1.95589
1.65176
0.645966
0.546944
0.781724
1.39449
1.1405
1.36209
0.667605
0.545024
0.5533
0.487181
0.661335
0.588334
0.297984
1.45338
0.785619
1.64327
0.357996
0.662956
0.703448
0.626987
1.14548
0.722235
0.697818
2.29757
0.378272
0.720416
1.22414
0.656527
0.763261
1.46115
1.23118
0.7264
1.09875
0.494039
1.23759
0.764288
0.975572
0.560799
0.76117
0.925506
1.06269
0.867186
0.935445
0.879751
0.281791
0.596514
1.00368
0.82806
1.23127
0.310563
0.705552
1.69549
0.999975
0.630383
0.552013
0.563546
1.22978
1.06847
0.831171
1.39676
0.676786
1.21297
0.492628
0.800718
1.21197
0.340032
0.683739
0.867883
0.624585
0.789064
0.832148
0.929793
0.618022
0.529626
2.08049
0.452943
1.10821
0.27705
2.88096
0.513084
0.632597
0.748523
1.57257
0.934506
1.03026
0.630048
1.01047
0.500603
1.46275
1.42188
0.863088
1.28674
0.65947
1.67618
1.16242
0.874676
1.48755
1.00147
1.28761
1.0257
1.27683
0.654751
0.670988
0.44794
1.16036
0.611096
0.74546
0.667387
1.1989
0.430419
1.0902
1.25655
1.5544
0.833363
1.08237
1.13203
1.73639
0.361446
1.69626
0.688806
0.812908
0.662959
0.357285
0.409442
0.951832
0.518667
0.998764
2.65061
0.360069
0.68388
0.662488
0.983213
0.594405
1.52354
0.668327
0.401787
0.403499
1.19627
1.6682
0.972211
0.593605
2.06287
0.939186
1.74187
1.26565
0.377842
2.73459
0.801817
0.972312
1.48896
0.603192
0.824875
1.48028
2.88771
0.27969
1.69362
1.78087
0.97457
1.46744
1.27934
0.811933
0.545836
0.822634
0.836717
1.59284
0.997239
1.86256
0.876085
0.785384
2.95847
0.914722
0.832053
0.474636
1.07161
1.28661
0.725815
0.708546
1.02834
1.00195
1.26938
0.753017
0.704963
1.32624
1.59551
0.711927
0.454798
0.533776
0.47825
0.408255
2.69521
0.410427
0.789705
1.2131
1.09327
0.709627
1.03
0.996606
0.36898
0.306526
2.36654
2.24639
0.777051
0.927856
1.20154
1.46637
0.653819
1.19769
0.970319
0.810058
1.01368
0.340182
1.8218
1.24039
1.49362
0.934125
1.22524
0.76558
1.7094
0.936772
0.326589
0.809126
0.741282
1.79129
1.99999
0.900343
1.12753
2.47393
0.517417
0.788779
0.634866
0.695215
0.646625
0.77472
0.558797
0.874772
0.867192
0.657241
0.816499
1.86265
0.669103
0.487182
1.60362
0.584926
1.26292
0.938992
0.4234
1.31204
0.757067
0.629208
1.09244
1.06455
1.30075
1.02841
1.71421
1.19026
0.881131
0.515852
1.43301
1.10699
0.344158
1.24902
1.27819
0.464864
1.67843
0.99119
0.880539
0.93643
0.844378
0.733957
0.68351
0.942501
1.0265
0.562066
0.363817
0.362804
0.911159
1.04446
1.30497
0.926365
0.559069
1.44359
0.759817
0.842743
0.624947
1.78548
0.749551
0.432868
0.67173
1.30845
1.26568
1.09381
0.479501
0.999245
0.443183
1.89248
2.37769
0.779112
0.570311
0.895525
1.14773
1.5164
1.04864
0.958201
0.790828
0.42665
0.597998
0.73079
1.06198
1.62785
0.668889
1.10763
1.71686
0.760166
0.895221
1.57007
1.69556
1.10058
1.25836
0.96748
0.762061
1.10296
1.14248
0.802814
0.435444
1.31458
0.957216
1.23239
0.863287
0.604726
0.816138
0.8547
1.66517
1.76485
1.71036
1.13138
0.649053
0.613761
1.40813
1.45952
1.03873
1.19383
1.50617
1.73488
1.52002
0.981964
0.548725
1.14591
1.15772
0.687261
0.782659
1.03219
0.579977
0.32791
1.45835
0.994355
0.879398
0.761242
0.735294
1.33977
0.646953
0.402183
0.894369
1.52521
0.944181
0.886482
0.686051
1.55296
0.988139
0.391303
1.03879
0.987168
0.67027
0.82955
0.794052
0.653141
1.27479
0.706031
0.492213
0.827897
1.48753
1.68498
0.577502
0.691157
0.559075
0.276147
1.10511
0.55316
0.700622
0.882822
1.83945
0.994327
0.568762
1.29707
0.76632
0.401408
0.387364
1.1564
1.43343
1.32303
0.572544
0.869527
0.987718
0.550642
1.36818
0.58892
0.838859
1.19306
0.668437
2.35597
0.935705
1.11557
2.45096
0.564679
0.718758
1.26558
1.13045
1.00905
1.31762
1.26459
0.502438
0.588554
0.711038
0.969497
0.636758
0.277085
2.39854
0.414922
0.702836
0.667052
0.788783
1.07122
0.758087
1.9989
0.889691
1.45642
1.52931
0.93621
0.822992
0.726495
1.39262
0.769553
0.758772
1.86849
0.74359
0.390135
1.17962
0.615337
0.663514
1.33439
1.26192
1.0291
0.671664
0.820879
0.55001
0.732243
1.05179
1.07611
1.9889
0.574742
1.83896
0.992953
0.420379
1.50561
0.960293
0.720024
0.874304
1.10419
0.492302
0.6309
1.25502
0.308577
0.21583
1.35178
1.2251
0.46651
1.12944
0.778731
0.396033
0.620524
0.921237
0.672386
0.462506
0.971824
1.73739
0.365623
2.25508
1.36829
1.31643
1.0216
0.601497
1.53033
1.41279
0.65521
1.53828
0.393533
0.753661
0.858564
0.633281
0.999887
0.655614
1.11278
0.670749
0.434266
2.1007
1.66516
0.847937
1.1433
0.702436
0.585124
0.974039
0.89594
0.667608
0.266529
0.67998
1.2376
0.806912
0.490953
0.411941
1.16053
2.80756
0.546089
1.25735
0.737786
1.58427
0.272161
1.36775
0.932434
1.48092
0.629238
0.66308
0.990637
1.37055
0.823115
0.612003
0.701739
0.421847
1.83584
0.501345
0.832603
0.720111
1.58525
0.780853
1.33742
0.505655
1.62089
1.07291
0.810834
0.652137
1.45062
1.25683
0.537114
1.41744
1.07311
0.246667
1.1087
1.04001
1.32767
0.653566
0.510265
0.42512
0.610253
1.69139
0.650818
1.73357
0.699318
1.06644
1.80448
1.25318
0.927959
1.01823
1.0671
0.675351
1.29411
2.15582
0.970581
0.820205
0.41502
1.91277
1.2956
1.36256
1.79742
0.210258
0.937817
0.722302
0.828961
0.330167
0.8382
0.509727
1.99697
0.789935
0.642958
0.431755
1.45602
0.443492
0.631971
0.598652
0.434813
0.864844
0.570057
0.997124
1.61047
0.969009
1.15271
2.72377
0.79822
0.930086
0.614216
1.44573
1.3003
1.09647
1.34099
0.680225
1.38735
0.751129
1.84369
1.40803
1.55791
0.604593
0.546955
0.944892
0.932337
1.08615
1.0519
1.55711
0.876827
1.86964
0.854398
1.36021
1.83449
1.30175
0.26597
0.917613
1.56925
0.486527
0.599022
0.93981
2.56189
0.945935
0.868946
0.579187
1.18874
0.908582
0.399716
0.405873
0.584393
0.949198
0.503903
1.12479
0.819382
0.579782
0.758076
0.590873
1.11217
1.22121
1.07773
0.57758
0.694462
1.10916
0.916727
0.847576
0.862801
0.753988
1.26757
0.56466
1.58181
1.82685
1.01548
0.613874
0.494329
1.25895
1.3014
1.25254
1.05317
0.889831
1.05476
0.83858
0.376315
0.761533
0.804456
1.05104
1.2051
0.83272
1.59059
0.872718
0.55502
0.764709
0.899133
1.14513
0.633449
0.58005
1.30754
1.06141
0.934175
0.625112
1.37892
0.766562
0.269028
1.06499
0.574824
0.732748
1.50671
0.846235
0.625991
0.60053
2.9938
0.272925
0.575054
1.14653
1.52822
1.52144
0.687973
0.999329
0.603414
0.709544
0.455939
0.876664
0.334799
0.930482
0.864521
1.06049
0.951146
0.409383
1.07641
0.335607
2.02722
1.14989
0.482454
0.903005
0.460507
0.851004
1.20853
1.01099
0.803955
0.478876
0.367622
1.28078
0.477157
1.41092
0.182695
0.726403
0.837408
1.30419
0.743287
0.640741
0.676065
0.628685
1.27107
0.86734
0.693633
1.79228
0.812319
1.08271
0.622457
1.10362
0.36852
1.41838
0.766631
1.92963
0.835672
0.398815
1.15329
0.565119
0.625306
1.23305
1.78045
0.837983
1.2813
1.84377
0.511431
0.957314
0.810137
0.864867
1.91302
0.58083
1.32833
0.597976
0.892403
0.786327
0.902351
0.550083
0.742658
1.00456
1.67343
0.676346
1.43834
1.89551
0.268237
1.88689
0.741515
0.467054
1.81756
0.373514
0.768393
1.31289
1.34665
0.541816
1.3715
0.44107
1.25366
0.750544
0.875422
0.828371
0.525441
1.18129
0.756427
0.886466
1.10154
0.420353
0.319558
1.52074
1.47556
1.30539
0.658546
1.30908
0.622712
0.99015
1.01454
0.395552
0.853349
0.583506
1.4418
1.57612
0.963841
1.78969
0.858283
0.9285
0.694227
1.81756
1.4627
0.873782
0.638678
1.33982
1.5983
0.741638
0.852126
1.1024
1.35467
1.16368
2.19433
0.890477
1.17774
0.868694
1.11463
0.859796
0.673557
0.71228
0.72545
0.816027
1.51935
0.833326
0.968049
1.01072
0.481208
0.765557
0.662403
0.88615
0.915325
0.449668
1.1494
2.03675
0.289525
0.642453
0.357378
0.43613
0.879805
0.823115
1.73481
1.06913
0.768439
2.49199
1.40971
1.20099
1.5528
2.09686
0.909518
0.788649
1.36077
1.70415
0.818395
1.00614
0.857049
1.31847
1.14219
0.424425
0.940038
0.958765
0.837708
1.21662
0.499365
1.27086
2.69206
1.27947
0.892367
1.06519
1.54812
1.05521
2.26505
0.487369
2.74396
0.940561
0.821645
0.743158
0.508885
1.51824
0.555365
0.766648
2.4608
0.806134
1.05788
1.14088
0.993504
2.00943
0.741828
1.00873
2.73603
1.4053
0.728474
1.48125
0.77976
0.877681
0.785042
0.949487
3.70263
1.07151
1.20176
1.60141
0.541628
1.17826
0.792418
0.455774
1.09169
1.05814
0.262313
0.85541
1.58283
1.61912
1.14345
0.853412
0.54999
1.63946
0.645249
1.61152
1.00401
0.733379
0.696206
1.4548
0.671201
1.4519
0.922011
1.511
2.59996
0.80007
0.319906
1.61111
1.1464
0.694006
1.06353
0.684752
0.654568
0.859776
1.2204
0.774692
1.68527
0.43854
1.0134
0.498619
0.513277
1.72252
0.585011
0.784801
1.24845
0.842453
0.643699
0.899346
1.69309
1.10643
1.31289
1.03164
1.38398
1.26624
1.28911
1.31148
0.891406
1.12598
0.67455
0.620398
0.444088
0.432005
2.24115
1.13934
0.335535
0.631409
0.809968
1.27739
2.13415
1.78941
1.05567
0.704014
1.47929
0.534311
1.21436
0.563063
1.29776
0.690859
1.25595
1.68165
0.85928
0.366158
1.63662
1.21912
1.33212
0.54681
1.22055
0.760791
1.03538
0.592253
1.39449
0.503352
0.543045
0.919143
1.6746
1.16405
0.70394
0.986846
1.14362
0.917055
0.578499
0.490612
0.83728
1.76972
0.850189
0.975469
0.623038
0.840306
1.15232
0.973802
1.93153
0.986084
0.80358
1.62691
1.28251
0.644318
0.399593
0.728017
0.80862
0.77184
0.867717
0.766159
0.823002
0.952558
1.0956
0.292908
0.49833
0.500902
0.750849
0.479485
0.821536
2.3252
0.970388
0.324835
1.4498
0.719701
0.618738
0.464603
0.276036
1.6861
0.79254
1.05122
2.07254
0.48765
0.308644
0.711098
0.468957
1.01705
0.884717
0.340087
0.578743
1.08703
0.65224
1.507
2.05591
1.16745
0.962348
0.533345
1.01009
1.33224
1.13314
0.825717
1.10503
2.03416
1.12507
1.17821
1.64152
1.00334
0.345644
0.652669
0.564531
1.12943
1.15384
1.47787
1.40068
1.16224
0.994852
0.221833
0.575003
1.56699
0.965712
1.01516
0.756767
0.472923
0.571434
0.759389
1.62755
1.28662
2.97224
1.47485
1.05773
0.684499
1.55355
1.06033
0.698323
0.654631
1.27233
1.06445
0.429745
0.96794
1.19303
0.9348
1.16851
0.70417
1.35134
0.396677
0.359316
0.718281
0.334228
0.833438
0.925697
1.17071
0.537091
1.00312
0.471496
0.740508
1.13689
0.87147
0.662063
1.39058
0.463852
1.35282
0.571392
1.75439
0.922666
0.995031
0.839389
0.585876
1.64176
1.6377
0.58103
1.68933
0.574193
0.741689
0.439505
0.712184
0.805447
0.88568
0.99622
0.719402
0.900231
2.07777
2.11074
0.514979
1.17591
1.32522
1.02165
0.835948
0.63867
0.82598
0.583531
0.905805
0.456891
0.783323
1.19113
1.57696
0.327457
0.602766
1.45628
0.495463
1.45341
1.25218
0.865709
0.988652
0.826186
0.485624
1.06692
0.959754
0.951786
0.694194
0.577673
1.03351
1.59345
1.30136
1.34493
1.37195
0.715416
0.895718
0.699049
0.552545
1.13092
0.974801
0.782842
2.18078
1.03956
0.591639
0.70519
0.767087
0.80207
0.971792
0.405934
0.691649
0.94913
0.886563
0.874561
0.546665
1.15224
0.571258
1.40484
1.743
0.509731
0.864833
0.866475
0.650664
2.01641
0.395589
1.1594
1.62031
1.1846
0.530856
0.704122
1.18999
1.37746
0.980555
1.52902
0.593707
0.841938
0.904093
0.648195
1.62199
0.562547
0.973021
0.70172
1.23149
1.20171
1.56675
0.89234
0.426398
0.870738
0.938614
0.362438
0.403878
0.521919
0.883017
0.633317
0.824047
0.960931
0.878668
1.45196
0.637328
0.697512
1.24414
1.44122
0.745753
1.05197
0.77409
1.96399
0.501439
1.01203
1.01443
1.31002
0.86229
1.59425
0.538783
0.929521
1.32153
0.539236
0.713168
0.873395
1.63313
0.819477
0.91559
0.707874
0.87742
0.733599
0.692471
0.420702
0.411917
0.65982
1.88817
0.623764
0.521614
0.823416
0.738246
1.0466
1.1934
1.28401
1.34989
1.35934
0.697393
0.651781
1.14182
0.707311
0.973916
1.27238
0.875709
2.27862
0.384394
0.450624
0.592286
2.08624
1.3951
0.553914
1.58818
0.772843
1.56824
1.23512
1.92028
0.953463
1.05577
2.08719
0.969687
1.95686
1.07579
0.9818
0.894105
1.43431
0.416489
1.09507
0.341912
0.68533
1.28509
1.58916
0.804943
0.775701
0.796293
0.895748
1.13511
0.707732
0.418978
0.596762
0.946863
2.56248
1.53355
2.46785
1.0477
0.453212
0.455831
0.964263
0.70516
1.87797
0.903663
1.23796
0.598518
0.727302
1.10288
1.23134
1.12306
0.614082
0.8182
0.644177
0.791992
0.747498
0.736499
1.03416
0.644649
0.972476
0.900229
0.790865
0.92423
1.17196
1.01432
1.63255
1.42746
0.924542
1.01916
0.574572
0.453873
0.671793
1.7701
0.643619
0.870786
1.38307
0.59268
1.0784
0.826068
1.20125
0.832631
1.15635
1.32017
0.805603
0.814758
0.475941
1.90888
1.14562
2.29538
0.519894
0.616434
1.19933
0.861752
0.418348
1.57142
0.797749
1.01195
0.875319
0.848444
1.25631
1.13702
1.53205
1.15572
0.41914
0.443824
0.775726
0.600526
0.724089
0.756443
0.531215
0.535793
0.791412
0.695356
1.01273
0.776889
0.904742
0.493308
0.715277
1.42943
1.9871
0.607956
2.00623
1.20287
1.33039
0.526218
1.00314
1.30596
0.93166
1.31594
1.69562
0.73425
0.833812
0.556117
1.31513
0.685706
0.993008
1.24642
1.02837
0.58386
1.40176
0.466562
1.02326
2.00242
1.23394
0.809891
1.00016
2.33
1.07652
0.492461
1.2182
1.08716
1.21159
1.52557
1.17061
0.880072
1.1602
1.51018
0.875312
0.730547
1.57687
0.522149
1.17314
0.613484
0.809902
1.00516
0.599266
1.08602
1.05448
0.390546
0.249361
0.462913
1.45173
0.772396
0.955224
1.0978
0.589378
0.626826
0.795204
0.527225
0.913154
0.828978
2.05964
1.26378
1.30044
0.626614
1.05238
1.07646
0.845562
0.394732
0.988556
0.827705
0.927649
1.93726
0.283155
0.831871
0.719735
1.84566
0.920639
0.851302
0.695893
1.34053
1.06896
0.35035
1.38287
1.62871
0.855397
1.27511
0.774332
2.79661
0.766703
0.886808
0.594755
1.99194
0.45962
0.802947
0.759198
1.14253
1.53801
1.33027
0.488807
0.892704
1.34794
0.70926
0.336298
0.740571
0.332391
0.701936
0.404106
0.750335
0.417186
0.521299
0.738978
1.41776
0.861696
0.648008
0.999816
1.44994
1.07879
1.71368
0.879598
0.933717
0.761327
0.740261
0.68195
0.810635
0.565024
1.24656
0.624955
0.869657
1.57221
0.638982
0.723067
0.686579
1.30821
1.4037
0.357498
1.18493
0.509825
0.929918
0.906581
1.31047
1.23563
0.965989
1.0788
0.646675
0.62345
0.721139
2.05854
0.620338
1.5914
0.799857
0.922781
0.431017
0.573706
1.84777
0.668906
2.39111
0.611437
0.775901
1.0469
0.435887
1.7318
1.27634
0.789751
0.820391
0.660463
1.12627
1.30365
0.958919
0.757371
1.04789
1.37635
1.6458
0.639214
1.99495
1.32927
0.376062
1.10993
1.15005
0.736692
2.89702
1.16846
0.403065
0.990145
1.14851
1.22386
0.33124
0.851571
0.883891
1.28801
0.390321
1.21678
0.373361
0.454682
1.72865
1.39886
0.537742
1.46192
0.593436
0.590933
0.548267
0.934907
1.36314
2.09179
1.29744
0.538698
0.502074
1.05912
0.883905
0.600533
0.850283
1.80814
0.735894
1.42548
0.917493
0.829295
0.880582
1.20383
0.527493
1.58747
0.826796
0.907176
1.57867
0.960485
1.63982
1.7671
1.24401
2.079
0.797361
1.63932
1.02719
2.05792
0.412784
1.35288
0.796265
0.38514
0.922297
0.496605
1.24043
0.575176
0.522289
2.69826
0.758569
0.807413
1.14763
0.937307
0.596909
1.05528
0.840942
0.748852
1.49483
1.17764
0.5685
1.00085
0.646434
0.651049
1.07642
1.41134
2.26317
1.65452
0.720537
0.48312
1.14667
1.23757
0.915946
0.463275
1.01915
0.915452
1.31027
0.699004
0.894775
0.796231
0.844024
0.489119
1.19883
1.22267
0.600447
1.13525
1.17394
1.6558
0.727943
1.49845
0.637119
1.40464
0.795516
0.89264
1.51207
0.854415
1.01651
0.929471
0.76692
0.603835
1.79275
1.97042
0.93131
0.601588
0.980628
0.701011
0.65349
0.708369
2.43365
1.09459
1.60331
1.58246
0.381014
1.10911
0.315506
0.578204
0.499144
1.4334
0.371071
2.63953
1.94889
0.670409
0.989371
1.31144
1.24665
0.572572
0.960277
1.17782
0.773065
0.840852
1.69102
1.03199
1.00268
0.610005
0.700817
1.02536
0.622882
0.69069
0.702042
0.899033
2.29985
0.707447
0.509919
2.18633
1.22918
0.890784
0.505859
0.857573
0.831848
0.641063
1.03197
0.827559
0.392732
0.938601
0.712405
1.74912
0.866725
2.02425
1.136
0.765754
0.697101
0.36479
0.771534
1.25277
0.897929
0.643754
0.746808
0.573351
1.14948
1.99825
1.07102
0.370394
1.90788
0.528646
1.20823
1.08522
0.688032
0.502532
0.659485
1.10521
0.621435
1.82785
0.624969
0.728667
0.478312
0.973084
0.459108
1.3517
0.457762
1.21167
0.746497
0.93996
1.0922
0.927036
1.2466
1.38352
0.527812
1.83723
1.21996
1.83687
1.30557
2.07082
1.5572
0.651738
0.741239
0.77362
0.405053
0.802933
0.456136
0.741598
1.53399
0.579815
1.86335
1.37363
0.592931
1.1198
0.57863
1.28765
0.981679
0.620102
0.459828
0.754191
1.64372
1.02613
1.59637
0.581931
0.491281
1.04716
1.18404
1.03518
0.360042
1.11576
0.855662
0.577057
1.02233
0.816453
0.362715
0.729573
0.609756
1.04319
0.739839
1.97922
0.444354
0.512319
0.805295
0.952651
1.0627
0.773193
0.430881
0.6894
1.38399
0.822481
0.401931
1.30861
0.52043
0.575483
0.903447
2.08963
0.94645
0.811556
1.54528
2.41284
1.17099
0.72248
1.87892
2.08348
0.879751
1.44435
2.13447
0.784091
0.789125
0.327128
0.917976
2.30633
0.427882
1.83998
1.20522
0.419203
0.385867
0.74158
0.91644
0.649166
0.571653
1.49392
1.12324
0.485474
0.961167
0.513478
0.83247
0.640149
1.30041
1.26305
0.760303
0.834839
0.785675
0.639159
0.439153
0.361584
0.591268
0.946306
1.2887
1.0021
1.28387
1.08199
0.757674
0.961426
0.502158
2.16962
0.62588
0.642487
1.08385
0.779887
0.929409
0.932507
1.59828
1.18766
1.16615
0.538043
1.06585
0.553337
0.619202
2.56716
0.878678
1.77222
0.848203
0.498378
0.768177
0.749609
0.88891
1.63196
1.65757
0.75711
0.885925
0.713965
1.06609
0.771768
0.94261
1.41498
1.12669
1.21918
0.919112
0.776956
1.15077
1.47619
0.418355
2.34841
0.885327
1.09298
1.7512
1.3969
0.889804
0.62408
0.627159
0.85177
0.840189
1.03897
1.65254
1.64368
1.61681
0.552357
1.36716
1.1089
1.35884
1.04738
0.939486
0.469592
2.01558
2.13969
0.774685
0.908298
0.774364
0.846715
1.98644
2.24532
0.901481
1.13523
0.896627
1.44798
1.97331
1.43295
1.67101
0.416978
0.503733
1.15653
0.951733
0.600985
0.826371
0.575855
0.6466
1.4819
0.312121
1.39573
0.75295
1.03295
1.42382
1.91938
0.496817
1.39358
1.21606
1.19062
1.40029
0.816336
0.945902
0.937784
0.836782
0.918521
1.96899
0.975406
1.26173
1.58692
0.971318
1.59737
1.27295
0.309293
0.977918
1.01267
0.608441
0.495376
1.0518
1.97532
0.589255
0.2722
1.22182
1.0775
1.04554
0.650385
0.994771
1.30063
0.861773
0.73899
0.368549
0.898356
1.06739
0.461815
0.741743
1.16285
0.928336
0.690531
0.625434
0.561357
0.65882
0.76142
0.445732
0.393451
0.804466
0.737047
1.24573
1.46084
1.28125
0.59969
0.960378
0.913842
1.05849
0.714155
1.06824
1.49301
1.33342
1.95285
0.682052
1.48233
0.336602
1.28928
0.572728
1.23664
0.712
0.618344
0.929451
1.43497
0.653812
1.05064
1.05096
1.18614
1.17436
1.19063
1.96739
2.88909
0.599144
1.46639
0.901688
1.05283
1.13735
2.05453
0.849472
2.69795
1.14755
0.645236
1.03266
1.63574
2.85137
1.104
1.38134
0.840515
2.0206
1.37601
0.447796
0.912034
0.530468
1.12958
0.608585
1.24972
0.55296
0.303973
0.671403
0.657617
1.02817
0.928931
1.00592
0.748874
1.49457
1.021
1.65849
0.803742
0.616612
1.08893
0.696943
1.36794
1.43695
0.414943
0.554403
1.2921
0.954985
0.546712
0.996891
1.09544
1.16479
0.85922
0.544393
0.677562
1.42402
0.522811
1.67213
2.19788
0.43278
1.42625
1.93359
1.03549
0.681109
0.655846
0.829194
0.876394
0.706924
1.39678
2.06307
0.594693
0.594024
0.987865
1.30361
0.956944
0.624397
0.693836
1.45334
1.64746
1.25612
1.39504
0.509445
1.10827
0.948195
0.433943
0.455271
1.07419
0.775969
1.65727
0.737443
1.93295
1.26456
0.649087
2.23758
1.28614
0.987296
0.343747
0.988502
0.787944
0.697801
0.948975
1.66697
1.18024
1.01772
0.532165
1.11598
0.807826
1.48576
0.629027
0.778729
0.495229
1.51469
0.607313
0.808386
1.34913
0.453609
1.29791
0.771636
1.15741
0.511662
1.51413
1.03188
0.780862
2.22849
0.752816
1.30648
1.06973
1.13269
0.784511
2.31829
2.04523
0.74054
1.56798
1.89424
0.771067
1.26676
0.926554
1.56638
0.72494
1.28336
1.08394
0.655878
0.937938
1.5716
1.08002
0.881038
1.46953
0.776804
0.614731
0.474004
0.295423
1.29514
0.770984
1.03767
0.914112
0.313827
0.42834
1.91649
1.85317
2.08592
1.4385
1.16221
2.18947
0.935101
0.692447
2.8287
1.22215
0.616504
0.605739
0.692561
0.708239
0.698635
0.58176
1.03171
0.883895
3.47987
1.33914
0.513384
0.992666
1.40874
0.955631
0.903319
0.529109
0.98305
0.837573
0.925195
1.17863
1.09711
0.432435
0.825931
1.63725
1.77771
1.15091
0.583116
1.1506
0.413186
0.780542
0.545175
1.2129
0.446326
1.10144
0.438882
1.85187
1.2733
0.67865
0.863131
0.793098
0.592748
0.58348
0.569391
1.11751
1.2333
0.539436
1.09494
0.489748
1.24221
1.51863
1.1878
1.47259
1.1811
1.7986
0.852899
0.799404
0.700754
0.630453
0.525611
0.883226
1.06603
0.458693
2.08728
1.99069
1.72495
1.37149
2.007
0.422787
0.830154
1.95873
1.25421
0.684241
0.23948
0.926075
0.577221
0.333576
0.339983
0.88373
0.592082
1.38801
0.242212
1.09654
1.28989
0.752784
1.20256
1.66376
0.74836
1.25476
2.09196
0.740857
0.908296
1.50092
0.394024
0.976438
1.46043
0.859388
1.35317
0.86009
2.3574
2.83593
1.04865
1.32171
1.36426
0.64108
1.61673
3.44269
0.539016
0.720489
0.821109
0.93327
1.15502
0.451937
0.514747
1.12834
0.507985
0.956442
0.37162
0.988121
2.18171
2.21798
1.09334
1.22229
0.615346
0.43623
0.858848
0.672171
0.930567
0.533071
0.261845
1.53043
1.58029
1.46783
0.95844
0.488631
0.992447
2.35233
0.338598
0.530334
0.490912
0.607131
0.794309
1.38657
0.656791
1.02837
2.50023
1.18107
1.95137
0.663403
1.40938
1.24285
1.00603
0.756377
0.545314
0.597908
1.13437
1.19031
1.19966
1.42126
1.74023
0.796479
0.964524
1.48279
0.633534
1.59332
0.739784
0.4189
1.19491
1.21819
1.34257
1.98648
1.64195
0.679293
0.593161
1.25893
0.66502
0.812714
1.02466
3.77587
1.61653
2.03899
0.801865
1.5208
1.10336
0.675723
1.2089
0.930671
0.333786
1.05963
0.692502
0.902261
0.643813
1.33216
0.490305
2.00754
0.349081
1.68615
2.10103
1.03314
0.557265
1.14019
0.898393
1.0583
0.68753
1.09123
1.58684
1.59988
2.01019
0.398917
1.2794
0.782166
0.735138
0.618921
0.466983
0.852803
1.1409
1.35728
0.629263
0.421528
0.6732
0.396004
2.10218
0.711849
0.837196
1.54486
0.442129
0.78237
0.790462
1.01412
1.51153
0.320276
1.00961
1.79737
0.320216
0.735949
1.41838
1.46438
0.426871
0.721418
1.00148
1.68023
0.919102
0.839448
0.56288
0.615944
0.503406
0.746289
0.511465
1.60026
1.02284
0.896529
1.11874
1.07249
0.571854
1.11437
0.242197
1.29707
0.816707
1.56529
1.14227
0.33124
1.71701
1.03881
0.801594
1.15702
1.1836
1.90418
0.998337
0.72403
1.32579
0.983033
1.83198
1.08351
0.620397
3.15549
0.941616
1.47235
1.2629
0.356028
0.411985
1.42209
1.42712
1.76148
0.652584
0.590487
0.388016
1.12063
2.00161
0.823111
1.13328
0.386627
0.865146
0.453779
1.16467
0.844703
1.57903
0.402074
1.30445
1.67579
0.95307
0.470151
0.52864
0.561027
0.324882
1.64084
1.30945
0.370299
1.49935
0.841267
1.92636
1.4803
0.744109
0.797291
1.28379
1.76282
2.25369
1.84588
0.909738
1.41046
1.33033
2.06507
1.09436
1.6039
1.02225
1.4606
0.775444
0.676457
1.6304
0.614549
0.714566
0.541004
0.474032
0.765164
1.77474
0.552003
0.900984
0.981093
0.606023
1.32835
1.92617
0.806969
0.664082
1.44532
1.40236
0.888236
0.899721
1.92658
1.16878
0.345082
0.804398
0.622765
0.774667
1.5264
0.831323
1.27267
1.01399
0.680333
1.19887
0.53229
1.10012
1.53714
1.07271
0.697533
0.95172
1.25294
2.09863
1.19133
1.04458
0.650674
0.999174
1.80736
0.390508
0.728929
0.967706
0.423959
0.729293
1.18145
1.16639
1.19026
1.84784
0.485074
0.597222
0.369842
2.24159
0.816596
0.923106
0.362724
0.914723
0.642209
0.369528
0.69507
0.385579
0.565918
0.514848
0.720269
0.664452
1.13042
0.6657
2.84636
0.755783
1.31964
2.50392
0.925978
0.574766
0.491157
1.92878
0.662358
2.00338
1.10227
1.11903
2.23343
0.999583
1.01514
1.15478
1.1321
1.52799
0.732978
1.20955
1.34704
0.604973
1.32477
0.677181
1.41
1.15149
1.47436
0.639338
0.898634
0.637176
0.522547
0.725549
1.36075
0.921366
0.564054
0.464697
0.894419
1.5014
1.41376
1.82853
0.676995
0.882083
0.665865
0.601591
0.917429
0.70289
1.25554
0.8499
0.770954
1.0885
1.40842
1.01558
0.854584
2.07092
1.73377
1.64179
0.956898
0.947373
0.774014
0.847302
1.21543
0.529547
0.307468
0.736682
0.395547
1.15397
0.257363
1.16113
0.642872
0.565287
0.826678
1.01144
0.296955
1.80045
2.21632
1.76322
0.668017
1.24574
1.28882
1.86515
0.550046
0.844321
1.31674
1.20663
0.714555
0.744311
2.06559
1.47086
0.639235
1.37571
0.824848
1.38895
0.645752
1.74279
0.328632
1.39999
0.77514
0.646304
0.893946
1.70716
1.46417
0.739093
0.752676
0.924803
1.26703
0.740809
0.57012
0.755008
1.46472
2.01201
2.03114
1.82347
0.231601
1.06104
0.192966
0.831625
1.0104
0.712023
0.572871
0.693802
0.876155
0.672762
0.837234
1.27166
1.63279
1.33027
1.4413
0.899027
0.436449
1.14399
2.01667
1.77736
1.13802
2.44155
1.59355
0.672938
1.24912
1.64935
1.61851
1.71192
0.789612
1.45313
1.10662
0.754546
1.22052
2.01691
0.248764
1.55194
0.809016
0.486251
1.25607
0.638898
1.15615
0.979658
1.34995
0.723525
0.507239
0.848184
1.48315
0.769504
1.04692
1.02275
1.81059
0.654944
1.76449
2.15863
0.677571
1.15434
0.535197
1.15107
0.559457
1.11561
0.683554
0.274379
0.844957
0.83777
0.769226
0.492594
1.54288
0.54741
2.06119
1.0254
1.29446
0.78755
1.3667
0.656422
1.21426
1.69065
0.759277
0.814977
1.42317
2.36349
0.724973
1.04757
0.872062
1.27802
1.33711
0.832762
1.7241
1.13521
1.14696
0.688171
1.85986
0.429499
1.01389
1.51518
0.608814
1.04928
0.920142
1.9299
0.78455
1.55215
0.679812
0.702464
0.344856
0.663531
0.985897
1.4885
0.623307
1.06558
0.916898
0.893847
1.55745
1.9504
1.27584
1.11651
0.391807
0.620456
0.459355
1.15938
0.639867
1.73883
2.38841
0.481
0.393681
0.971504
1.56088
1.06233
0.657877
1.63123
1.79564
0.871223
0.655474
0.927312
1.33566
0.426512
1.85719
1.14693
2.13025
1.35561
0.842296
1.19334
2.53544
2.59891
0.910966
1.4088
0.533891
0.533456
1.00946
1.37019
0.693651
1.63481
1.01167
0.461978
0.516354
0.966155
1.02139
1.00458
1.42184
0.743885
0.784644
0.729108
1.36382
1.09208
0.841704
0.968794
0.632981
1.13042
0.850481
0.33145
0.33076
0.953297
1.25392
0.945766
0.564215
0.707458
0.668382
1.07801
0.762884
0.46936
0.431555
1.12606
1.25155
0.240531
1.87197
1.31813
1.24651
1.29445
0.480316
1.41083
1.38124
0.858834
0.902768
0.670633
1.47154
0.82199
0.667862
0.419326
0.84839
0.721869
0.365486
1.14849
0.970174
0.868902
0.560241
0.432841
0.284524
0.951215
1.12677
1.63762
0.6256
1.07713
1.19922
0.625497
0.782027
0.454327
0.812827
1.83799
0.457541
1.33382
1.10081
0.917133
1.11577
0.888255
0.91016
0.693615
1.39149
1.05216
1.02924
2.09533
0.833807
0.680964
0.995521
1.63281
1.03333
1.32979
0.802019
0.777976
0.623288
0.965786
1.43709
0.607512
0.682804
0.497466
0.574582
0.51454
0.702137
1.85504
2.0162
1.39808
0.853518
1.82955
2.14939
0.326852
1.1835
0.974119
0.444611
0.73716
0.689875
1.74418
1.67255
1.47012
1.03017
1.09667
2.17287
0.600051
1.51434
0.544317
0.700641
0.904116
0.709712
0.772525
1.13358
1.50597
0.675592
0.627095
0.891192
0.436944
0.799758
0.604341
0.4088
1.26307
1.23292
0.812524
0.492647
0.795124
0.670754
1.37026
0.900546
0.814796
0.449296
1.36329
0.779809
0.833809
0.987412
1.57817
0.361237
1.70355
1.55758
1.67798
2.1127
2.97435
1.94076
1.48363
1.8386
1.11178
0.912336
0.564123
1.46864
1.00102
0.724857
0.609076
2.68997
1.45544
0.548821
0.933397
1.05964
0.678257
1.48564
2.44554
0.806063
0.654196
1.1313
0.958244
0.918583
0.676655
0.917937
1.56595
1.31254
0.486038
1.56665
0.978622
0.820927
0.310887
2.16364
0.962005
0.397982
2.38572
0.832701
0.494582
1.18195
1.12379
1.60445
1.97239
0.400952
0.663664
1.21664
0.507812
1.23912
0.496438
1.48496
0.8349
1.35903
1.40327
1.14045
0.579494
0.608516
1.25023
1.67866
0.466868
1.03567
0.766557
1.27407
0.77124
1.03496
1.13649
1.11898
0.442646
1.27591
1.30706
1.48272
1.66045
0.55378
0.371055
0.733802
1.55276
0.822065
0.634124
1.21411
1.33234
0.82208
0.984731
1.21552
0.859384
0.371773
1.00835
0.354183
0.789605
0.784953
1.11508
0.729952
0.75591
1.18649
1.28453
1.23277
1.1926
1.5514
0.728149
1.09768
1.02962
0.197151
0.59578
0.465793
1.40887
1.3215
0.458501
1.13292
0.801999
1.00296
0.963295
0.723139
1.00586
0.966908
0.763406
1.67838
0.666959
0.872678
1.03037
1.02188
2.50268
0.619228
1.08844
0.572465
1.65428
0.381804
0.630442
0.843032
0.594293
1.82595
1.44329
0.386299
0.787978
0.776009
0.742803
0.946519
1.508
0.665502
1.29464
0.905719
1.09631
0.642102
0.778073
0.953033
0.614334
1.77058
0.501717
0.395954
0.65842
0.704676
0.965187
1.01706
1.21633
1.09935
0.849957
1.53984
1.96201
1.52485
0.487756
0.99482
1.51995
2.07084
0.749539
0.852741
0.643787
0.809843
0.713705
0.510123
0.782639
0.394588
1.15664
0.604036
1.31808
0.901866
1.42758
1.67041
1.06447
1.11955
1.74719
0.858627
0.507381
0.536943
0.627357
0.639395
0.599891
0.695296
0.77823
0.625483
1.93957
0.511793
1.02398
0.773151
2.47447
0.830836
0.920698
1.00967
1.03598
1.03402
1.00049
1.52707
0.901915
1.493
0.652128
2.25791
1.41074
0.74479
0.724105
1.71919
1.1562
0.54137
1.46688
0.85637
3.01752
0.852975
0.61804
0.665699
1.02793
1.06479
0.692106
0.832802
0.667523
1.10458
0.455138
0.621778
1.42575
1.05655
1.06235
1.52368
0.669987
1.15453
0.888895
1.65232
0.489081
1.57949
1.16715
0.628466
0.670615
2.26708
1.40437
0.590515
1.0765
0.464061
1.11968
1.09144
1.90744
0.793725
1.09415
0.622741
1.36382
0.917991
1.60094
0.755545
2.51449
0.666581
0.427318
0.844126
1.76938
0.662432
0.609808
0.419949
1.60584
0.415611
0.47375
0.594114
1.80166
0.844177
1.07799
0.707045
1.39976
0.725905
0.378922
1.22902
0.874941
1.75424
1.94029
1.2141
2.86371
1.09053
1.01874
0.796581
1.18232
0.495095
0.896616
0.34664
0.769472
1.24591
0.541893
0.737603
2.26403
1.33197
0.338996
0.77835
1.77927
1.00713
1.48923
0.844002
1.70145
1.2658
1.79155
0.559517
1.28422
1.43486
0.687693
3.53743
1.08551
1.02204
0.780556
0.744482
0.685307
1.95677
0.871529
1.22888
0.99631
0.675254
1.91355
1.27272
1.05966
1.65418
0.560618
1.283
0.634119
0.917058
2.52039
0.849228
0.941531
0.770739
0.746793
0.681513
0.769843
0.50875
0.753924
1.74699
1.48098
0.568315
0.995807
1.27833
0.45137
0.959194
1.23213
1.09522
1.30322
0.312862
1.17012
0.513823
1.18297
0.624265
1.02451
0.905534
1.32831
1.13303
0.924758
0.859667
0.759917
1.32214
2.83888
0.889913
1.18264
0.602478
1.17267
1.38596
1.57815
0.471836
1.77866
0.981472
0.704768
1.08562
0.397198
0.782126
0.49888
1.9288
0.531798
1.26428
0.786944
1.15281
1.38093
0.688939
2.20634
0.753012
0.850358
2.15782
0.635317
1.46294
1.09571
1.72848
0.546051
0.75572
1.16764
0.417893
0.53752
0.716374
0.882621
1.65828
0.532042
1.08289
1.43704
1.28822
0.701231
0.502383
0.565229
0.848911
0.786119
1.98266
0.870427
1.05132
1.17532
1.25056
0.79717
1.05596
1.30031
0.970978
1.08288
0.985395
1.2018
0.867182
1.07101
1.00031
1.20224
0.750984
0.456657
0.471698
0.756035
0.523685
1.92198
0.724589
0.405513
1.53152
1.44844
1.13494
0.708538
0.653461
0.748821
0.532169
0.842673
0.494479
0.740116
0.62752
2.10586
0.709958
1.34711
1.00746
0.920643
0.397582
0.781452
0.900873
0.683283
1.28736
1.48782
1.16202
0.462566
0.908419
0.783159
0.893704
0.776247
0.832469
0.74386
0.692248
0.609328
1.05011
1.03029
1.27726
0.760959
1.77771
0.845668
0.622949
0.810648
1.03166
0.754554
0.939592
1.28031
0.361491
1.70627
1.03213
0.509148
0.683289
1.12413
0.682432
0.830255
1.38085
0.702208
1.21304
1.23957
0.703997
1.85134
1.38981
0.702059
0.381404
1.14438
0.686362
0.586028
0.527362
1.06823
1.03666
1.7827
1.12371
1.00016
0.797007
1.50642
1.20185
1.79285
0.919402
1.12043
0.791129
1.07466
1.46984
0.937339
1.06035
1.1625
1.10734
0.986025
1.58356
1.77016
0.657372
1.48857
1.6025
0.779059
1.06269
2.19665
0.644363
0.62387
0.164146
0.455426
1.26935
2.42195
0.854344
1.1771
1.85476
0.474325
0.836854
2.35522
0.589502
0.221521
1.13492
0.646362
0.550435
0.977219
0.860236
1.16673
0.695095
0.717151
0.784319
0.714271
0.400416
0.658867
0.673158
0.583044
1.27649
0.572054
1.0136
1.69036
0.856332
0.773806
1.34392
0.322785
1.67433
1.02954
0.815885
0.987199
1.31263
1.31332
0.779336
3.17173
0.814331
0.751177
0.838886
1.16574
0.589093
0.320572
0.849068
0.645862
1.3489
1.47498
0.856977
0.579586
0.981813
0.886609
0.691484
1.58784
0.789985
0.928061
1.40987
0.506985
0.494517
1.70412
0.50722
1.16379
1.35384
0.238355
0.911615
0.77838
0.873365
0.703132
1.32078
1.1545
0.827598
0.789303
1.15262
0.705388
1.45543
0.603884
0.73685
0.598332
1.76918
0.687098
1.07982
0.953207
1.17005
0.643454
1.80269
0.737962
1.2893
1.26504
0.566728
0.542949
0.647865
0.575729
0.361574
1.23605
2.5457
0.594448
1.96561
0.441666
1.31438
1.02723
0.574391
0.85194
1.15548
1.1606
0.607094
0.778135
1.22321
0.885347
2.13541
0.413118
0.988805
0.989592
0.625678
0.635576
0.675294
1.39629
0.582127
0.77109
1.73276
0.310593
0.410956
0.927205
0.525104
1.19975
2.37281
0.854526
1.08547
0.973159
1.59541
0.515151
0.645425
0.931362
2.3185
1.5554
1.69441
0.597382
1.13178
0.737775
0.947276
0.683302
1.33887
1.18935
1.15271
1.13149
1.54201
0.823384
0.701421
1.07938
0.941992
1.24851
2.509
1.37812
0.639661
0.720702
0.508898
0.697845
0.871804
0.541608
0.657584
1.29686
1.7196
0.721908
0.510092
0.827815
1.06298
0.879529
0.991049
1.41124
1.40873
1.22106
0.809546
1.15374
0.877171
1.99402
0.534853
0.740988
0.760719
0.645279
1.42443
1.0014
0.583665
1.60899
0.96297
1.1264
0.367948
1.49172
0.346552
1.49074
1.12307
1.08972
0.690784
1.02696
0.927691
0.923665
0.870477
1.14257
1.07783
1.12772
1.74449
0.600822
1.04001
0.842206
0.43812
1.30655
1.55543
0.680515
1.25674
1.45466
0.477347
0.790337
2.67631
0.7828
1.49886
1.08049
0.583423
1.79946
1.29874
1.04242
0.454947
0.563646
0.693328
0.712902
0.330091
1.75466
0.665413
0.905747
1.6034
0.864043
1.48467
1.87859
0.178755
0.504868
0.987701
0.994583
0.495784
1.06339
1.56553
0.692954
2.56926
0.689448
1.11943
0.879273
0.524306
0.776805
0.363691
1.18527
1.09867
2.01978
0.333032
1.31184
0.806276
0.928803
0.640676
2.88071
0.97164
1.0493
0.866047
0.526035
0.799027
2.35365
0.938274
0.964182
1.35128
0.9107
0.779441
1.18
1.29654
1.39046
1.17558
1.20739
0.41487
1.43667
1.64269
0.544047
1.91496
0.343013
2.8401
1.2537
0.839878
0.413202
0.953117
0.641191
0.381807
0.65511
1.09339
0.745051
0.904766
0.64999
1.09592
0.729735
0.608951
0.631148
1.09708
1.38161
0.957685
0.752609
0.923724
0.857643
0.555184
0.785923
0.761822
0.885161
1.76587
0.370372
1.72115
0.751808
1.66616
0.576674
1.04828
0.980371
0.3178
0.779565
1.51611
1.31741
1.47206
0.830766
0.860716
0.810292
0.571976
1.42725
0.665919
1.7905
0.906029
0.444874
1.24703
1.71392
1.11871
1.092
0.327275
0.840395
0.572616
1.75125
1.56642
0.957172
0.430645
0.495815
0.869048
0.852681
0.519723
0.67294
0.608567
0.684339
1.01593
0.952334
1.30742
0.20263
0.568942
0.542013
1.68974
1.79481
0.360057
2.02371
0.510242
0.467989
1.20358
1.27632
0.314588
1.66052
0.483824
1.12459
0.493113
0.711288
0.754726
0.828251
0.766134
1.03382
1.89729
0.87045
0.966384
0.356512
0.630751
1.12507
0.398141
0.253662
0.579626
1.43365
0.767969
1.01911
0.894505
0.84568
0.731569
0.575656
1.06816
1.34195
1.04736
1.07389
1.33
1.33001
0.803124
1.86413
0.483563
1.13247
1.2533
0.858395
0.383809
1.25405
1.06303
0.918251
1.55322
0.737377
0.947631
1.47838
0.836846
0.954411
1.15749
0.868675
0.818115
0.986482
0.548809
0.761001
1.77634
0.940369
1.08339
1.50152
1.25529
0.653117
0.906124
1.11946
1.04221
0.569377
1.20857
0.987456
0.462526
0.884163
1.24889
0.409392
0.623553
0.476057
1.33537
0.926372
1.7997
0.581614
0.449323
0.532168
0.929969
0.828623
0.792085
1.4879
1.4756
0.922503
1.13958
0.899814
1.47125
0.680814
1.37456
1.75543
0.401682
1.07507
1.25847
0.737134
1.33642
1.30173
0.466073
0.394994
1.06916
0.657507
0.387986
0.839063
0.836727
0.980842
1.1077
0.68936
1.29057
0.771235
0.956756
0.642809
0.862887
1.29992
0.452175
1.96065
0.433705
1.1235
1.4406
0.633632
0.934996
0.744331
0.563109
1.16718
0.953879
0.996863
1.7738
0.943357
0.934124
1.19741
1.01853
1.64092
0.199334
1.2435
1.06985
0.687958
0.871121
1.31467
0.646055
0.530843
1.45108
0.687383
0.879072
0.744739
0.707482
0.818159
1.40277
0.798452
1.55932
0.750961
1.43535
0.872409
0.372286
0.740038
1.0771
0.589392
1.08789
1.60229
1.83709
0.376346
0.990397
0.911378
1.03788
0.717312
0.426203
1.14162
1.29678
0.768665
0.455462
0.649196
0.866395
0.490914
0.924105
1.10813
2.73447
0.665232
0.473881
0.895882
2.08854
0.393957
0.899682
0.48637
0.588963
0.687171
1.04186
0.806327
1.94309
0.65829
0.807488
0.252885
0.779924
0.894344
1.04108
0.8045
0.574755
1.42665
0.343709
1.0198
1.0112
0.41777
0.822439
1.20634
1.16964
1.8306
0.462211
0.570664
1.1709
1.5198
0.999258
0.698063
0.391695
0.870645
0.336057
1.12658
1.35444
0.421484
1.34809
0.451461
1.1125
1.22323
0.787407
1.51324
1.39307
0.565449
2.68127
0.367889
1.84178
0.557104
1.22971
1.0517
1.47996
0.576204
1.00836
0.727154
0.714654
0.743576
1.248
1.54958
0.658155
0.983607
0.745497
0.546387
1.58785
0.760729
1.42892
1.08107
0.769772
0.721624
0.733952
0.387435
0.810814
0.420002
0.930666
0.641758
0.709572
0.612466
1.76596
1.33924
0.750501
1.05278
0.387347
0.552153
1.43427
1.96805
1.58094
0.523816
1.67079
0.642296
1.0872
1.11243
1.61836
0.522746
0.355948
0.865343
0.793313
0.870972
0.616352
3.28156
0.3578
1.30259
0.802855
0.389176
0.344688
0.577934
1.09057
0.708149
0.728594
0.288198
0.591031
1.01773
0.790268
0.573469
0.667011
1.61143
0.857549
0.589362
0.607399
1.74418
0.837923
1.16505
1.38087
1.16
2.20878
0.508084
0.345855
1.71762
2.16818
0.624712
0.412003
1.10724
1.62409
1.457
1.83859
1.10868
0.63493
1.63369
0.54745
0.482041
1.23168
1.69586
0.743983
1.56218
1.20748
1.79286
0.656108
0.666464
0.694552
1.44313
0.600647
0.464633
2.23143
1.67931
0.606013
0.429226
1.00154
0.520767
1.42982
0.181534
1.73423
1.05978
0.75487
0.752541
0.518311
1.29264
0.641396
1.67727
0.559684
2.00694
0.405348
1.58602
0.7471
0.94993
0.743146
0.558476
0.840218
1.17581
1.65503
0.865016
1.4094
1.44248
0.406828
0.64817
1.18389
1.65239
0.602342
0.604247
1.03031
1.45875
0.433623
1.09195
0.686183
0.546835
2.43345
1.0238
0.461782
1.42259
2.31006
0.872112
2.65237
0.582477
1.47469
0.544915
1.3947
1.40352
0.658856
0.368565
0.560384
0.503524
1.34702
0.826426
0.702299
1.13132
0.590455
0.823742
0.430348
1.26285
0.329844
0.704813
0.729466
0.914334
0.562486
1.82076
0.838238
0.441338
1.53751
1.12755
1.02818
1.45812
0.805156
1.91783
2.63644
1.68583
0.568488
1.79267
0.484728
1.35039
1.14929
0.678838
1.13991
1.03311
0.652794
0.587197
0.78866
1.24319
1.15605
1.56323
1.12202
0.631135
1.24944
1.1323
1.4412
0.336524
0.962431
1.43309
0.525631
1.80428
0.712445
1.47476
1.50992
0.432569
1.21204
0.659672
0.466026
1.17373
2.17935
0.816607
0.713978
1.04791
0.779233
0.232656
0.33234
0.42494
0.502029
0.675721
0.564504
1.49543
1.11976
0.805772
2.34532
1.11467
1.21667
0.650767
1.10906
0.693525
1.07997
0.448088
0.713093
0.375096
0.751485
1.59605
0.680302
1.1949
1.13044
2.34335
0.446737
0.713904
1.10799
0.32088
1.02865
0.449388
0.658705
1.09476
1.31095
1.03771
0.494536
0.550941
0.588819
2.0121
0.746538
0.93584
0.514722
0.937956
1.13662
1.25453
1.48588
0.729844
0.818062
0.416407
1.76503
1.05264
0.94061
1.25506
1.1045
0.981554
0.769206
0.756595
0.522605
0.958746
1.23979
0.516109
0.723148
1.02527
0.923135
1.33675
2.61683
2.02746
0.701715
0.364267
1.09742
0.682555
0.78959
1.28403
0.951604
0.299521
0.555377
0.748931
0.919067
0.987021
1.61279
0.840321
1.29207
0.510976
0.712563
1.237
0.844878
1.22551
1.39135
2.16561
1.10288
2.70418
0.611186
1.18591
2.09173
1.72673
1.4958
0.536475
1.43544
0.562905
1.62145
1.74613
0.67138
0.873432
0.793521
0.76899
0.946893
0.713493
0.596989
0.944414
0.857082
1.33193
0.921961
0.554699
1.0429
0.701641
0.776767
1.43904
1.23419
0.874193
2.21178
0.941708
1.39241
2.03837
0.933467
0.347346
1.49776
1.40671
0.698345
1.14244
0.30008
1.22208
0.830133
1.14751
0.413128
1.15399
0.514814
0.700409
1.28811
0.695132
0.523939
0.751728
0.679611
0.858514
1.45049
1.30785
0.64799
1.27219
0.504055
0.357663
1.3916
1.32337
1.12783
0.520792
1.12896
0.756145
1.69013
1.01624
1.25216
1.2416
0.531612
0.580139
1.22343
1.81987
0.323177
0.659349
0.785221
1.02192
0.125577
1.27407
1.05877
0.618552
1.13538
1.79461
0.714357
0.454145
1.31009
1.61059
0.392212
1.07916
1.29459
1.0425
1.9242
1.05378
2.54631
0.67425
1.20934
1.02779
0.283377
0.968259
0.855213
0.477586
1.65019
0.550394
0.595475
1.27233
0.654718
0.393346
1.10027
1.25085
1.2804
1.1577
0.432337
2.10736
0.766188
0.63623
1.5139
1.70186
0.845758
2.4676
0.788332
1.00446
0.976982
0.7291
0.731921
0.667245
0.974849
1.28081
2.16309
0.766353
1.64148
1.15931
0.770759
0.901675
1.31915
0.796812
0.608217
1.46034
1.60693
0.942841
0.691662
0.768579
0.970279
1.21092
0.656111
0.475571
0.34433
1.11585
1.40157
1.46167
0.429358
1.09107
0.623256
1.03731
1.64667
1.17177
0.698758
0.680171
0.765874
0.298048
0.646154
1.10109
0.815481
1.34504
1.16418
1.12491
1.35194
0.635735
0.681808
1.15753
0.610891
4.07236
1.02952
0.57016
2.06597
0.892805
0.971907
0.679929
0.881277
0.631919
1.0589
0.652007
0.933026
0.798246
0.958496
1.20918
1.00579
1.29326
1.14237
1.70258
0.776462
1.20861
1.91774
0.423391
0.792019
0.399781
0.591422
1.18864
1.14625
1.45969
0.554795
0.883412
0.847835
0.27895
1.07808
0.730845
1.43568
1.08229
1.93892
0.817817
0.781747
0.695975
1.46947
1.07085
0.938894
1.62209
1.73518
0.597618
0.40076
0.580727
0.670256
0.631269
1.17252
0.592674
0.994504
1.47667
1.77974
1.25912
1.30653
0.522826
1.01141
1.22266
0.759681
1.74219
1.18127
0.99297
0.828822
0.945166
0.901377
0.661353
0.652228
0.864621
1.3126
1.43874
1.18689
0.625618
0.460682
0.412386
1.17596
0.512451
0.853087
0.970315
1.23011
1.0716
0.996308
1.15892
0.827057
0.741365
0.564429
0.990426
1.1499
0.837311
1.04811
1.07225
1.18004
0.546345
0.688709
1.2402
0.776375
0.953866
0.616012
1.10631
2.47892
1.16528
1.18389
0.414181
0.599673
1.16353
1.07775
1.02282
0.71215
1.16618
0.641021
0.541823
1.66281
1.14043
0.461475
0.649434
0.77768
0.83564
2.55073
1.51378
0.446754
0.61539
0.849401
0.961743
0.473548
2.44922
1.36808
1.58589
0.835923
1.37923
0.913722
0.645853
0.592698
0.655541
1.49096
1.33326
1.24013
1.13099
0.739653
0.39013
0.688341
1.82762
0.481698
0.842699
1.21209
0.27049
0.834539
1.45088
0.594535
0.793602
0.718201
0.68604
0.949627
1.62862
0.867591
0.780565
0.659333
1.74812
1.34846
1.56491
0.615243
1.18784
0.658687
1.10492
1.6342
1.43236
0.234078
0.94378
1.07834
0.386809
0.853537
1.4178
0.881518
1.01017
1.09725
0.864699
0.485703
1.23454
1.00159
1.79033
1.53021
0.38815
2.06431
0.979551
2.9625
0.9409
1.40859
0.841242
1.4665
0.251318
0.649878
1.28768
1.10577
0.733858
0.827618
0.62402
0.967189
1.229
0.895469
0.633224
1.04737
1.36949
1.1942
0.600714
0.507639
1.00915
0.988681
0.944097
0.369628
1.5486
0.826147
0.632697
0.24804
0.541491
1.71511
0.236561
1.02467
1.19116
0.57764
0.921906
0.819026
2.23523
0.316577
0.575652
0.878421
1.46834
1.13459
1.40248
1.27773
1.53653
0.792729
2.27527
1.39056
0.769928
0.616741
2.04712
1.17703
1.58091
0.762143
1.23023
1.33315
0.803124
2.56627
0.404828
0.476626
0.953133
0.97296
1.90166
0.898827
1.83489
1.46966
0.930453
0.463627
0.713812
1.10762
0.230445
1.76665
0.565309
0.856912
0.607361
1.46109
0.536619
1.7325
0.381548
0.698743
1.92103
0.597557
1.22034
1.9825
1.46803
0.69399
1.46658
3.16714
0.519906
2.31735
1.0632
1.10701
1.75128
1.12439
0.885545
1.05119
0.64076
0.824837
0.501478
1.30614
0.76168
1.81018
0.946391
0.830742
1.54348
1.44384
0.784048
0.832834
1.43417
0.706788
1.62103
1.27263
0.621153
1.17917
0.815147
1.00257
0.859238
0.623079
2.28681
0.586295
0.766332
0.357466
1.29431
1.97206
0.881456
0.862469
1.0255
0.428945
2.19883
1.01728
1.66182
0.61176
0.497034
1.36813
0.805607
0.928884
0.737237
0.799244
0.659821
0.772957
1.26503
0.953306
1.17082
0.579573
0.606896
1.56437
1.26809
1.04345
0.569055
1.30753
1.54061
1.35905
1.29019
0.727887
1.00005
1.21078
0.365281
1.48363
0.579597
0.713805
1.00531
0.751191
1.09204
0.269105
1.54834
1.78612
1.54358
0.955761
2.27025
1.84988
0.39195
0.762774
1.31483
0.38502
1.97348
0.940391
1.10309
0.652582
0.993176
0.666375
1.22129
0.943176
0.954707
0.592042
0.510782
0.968346
0.806319
0.407288
1.17242
1.01085
1.75244
0.8023
1.80242
1.0387
0.30802
0.88051
0.465467
0.817759
0.837509
0.762318
0.766921
0.672629
0.556758
0.665313
1.69724
0.907517
1.38063
0.612793
1.58067
1.25192
0.424873
0.545884
0.533322
1.6756
1.07409
0.869734
1.32999
1.53076
1.00494
1.37847
0.601604
0.480202
0.89007
1.53323
1.54227
0.500398
1.26805
1.05075
0.751868
1.28967
1.24697
1.01874
0.577217
1.06069
0.30595
1.22328
0.965282
0.291422
0.565206
0.758803
1.13664
0.916375
1.28069
0.738244
0.755484
1.10836
0.595819
0.810989
0.400996
0.817985
1.3831
0.746481
0.640135
1.38118
1.25473
0.58765
0.595911
0.995876
1.1841
1.21535
0.759776
1.06142
1.57545
0.899319
1.22733
1.43043
1.79981
1.32235
2.14247
0.302612
1.1881
0.922389
1.01892
1.8582
0.687567
2.52318
0.625487
1.41443
0.670807
0.593787
0.861093
1.14709
0.531397
1.20326
0.516225
0.798296
1.39363
1.74866
0.417623
0.63045
0.389532
0.767016
1.21751
1.39505
0.687283
0.29516
1.90836
0.744537
0.894774
0.766798
0.69492
2.21246
0.366454
0.696476
0.822007
0.919538
1.81152
1.14055
1.01611
0.999194
1.3302
0.984535
0.873529
1.91032
0.568285
1.03533
0.45869
0.711568
1.24158
1.07852
1.00992
1.36165
0.672738
0.891528
0.71508
0.839598
1.17624
0.566036
0.748038
1.28754
1.90268
1.24026
0.538717
1.70511
1.27492
1.05583
0.670788
0.541917
0.574929
0.354966
2.19843
0.657493
0.778154
0.845609
1.56612
1.18856
2.01523
0.968235
0.998451
0.688682
1.27754
0.525563
1.37988
0.966939
1.9522
1.30507
1.32374
1.61359
0.765133
0.981173
1.76741
0.847621
0.936338
0.727301
0.938404
0.902827
0.822079
0.683775
1.07165
0.704876
1.5276
1.38105
1.35352
2.02115
0.456508
0.846395
1.22958
1.2366
0.425865
0.286727
0.786528
0.811135
0.820898
0.848806
0.338958
0.471361
1.82039
0.745477
0.762585
0.742358
2.06486
1.6193
0.543657
3.75058
1.08031
0.736409
0.976658
1.5748
0.452996
3.18752
0.859077
1.12114
0.890997
1.75393
0.689735
0.54702
0.599292
0.479462
0.599154
0.742986
1.19883
1.69169
1.65845
0.91395
1.14951
0.847037
0.849916
0.940131
0.862405
0.942887
0.826351
0.709269
1.64046
1.45065
1.68876
1.04811
1.28087
0.877998
1.39201
2.21433
0.278943
1.71215
0.519623
1.17376
0.695784
0.607303
0.900156
0.356841
1.01977
0.749465
0.715689
1.7891
0.83253
1.51258
0.724593
0.805699
0.860026
0.582947
1.1375
0.700946
1.70243
1.03159
0.801304
0.968142
0.583804
0.846067
1.16773
0.868006
1.16032
0.493264
0.867046
1.67023
2.20385
1.09336
1.74761
1.03283
0.646412
0.313007
3.42988
0.69466
0.695127
1.78166
0.380381
0.826475
0.87872
0.671086
1.22093
1.05053
0.798419
0.969599
0.722481
2.03583
0.639018
0.740748
1.46179
1.05095
0.724663
0.53991
0.831252
0.796325
1.19348
1.38878
1.27675
0.72289
1.51232
0.440799
1.41506
0.488619
0.959606
0.643838
0.676231
1.96036
1.20827
0.703047
0.932531
0.575204
0.888972
0.946706
0.87691
0.714946
3.99538
0.911425
2.13621
1.71041
1.21056
1.41207
2.42433
0.343771
0.748226
0.246919
0.693829
1.03919
0.333403
1.42869
1.23596
1.0177
0.694799
1.38887
0.814826
0.370267
0.848095
0.338955
0.772119
0.615016
0.689938
0.860038
0.440591
1.69092
0.714273
0.640881
1.10324
1.05965
1.63319
1.44659
0.876891
2.34294
1.91414
1.5465
1.31168
0.695211
1.4378
0.613088
0.973492
0.669301
0.26475
0.319336
1.36887
1.04568
0.607768
0.777835
0.509582
0.739545
1.97156
1.13375
0.532481
2.31892
0.429272
0.466864
0.991209
1.093
1.47389
0.589999
0.389462
0.99342
0.999495
0.412753
0.578816
0.449326
2.16915
0.517115
0.563625
0.79506
0.499389
0.906825
1.2892
0.504868
1.57993
0.712187
0.73828
0.64441
1.43964
1.11072
1.54991
1.05899
1.21665
1.11295
1.31179
0.620449
1.28792
0.895156
0.52515
0.614493
0.814336
0.877256
0.404193
0.863499
0.98123
1.19428
0.572791
0.494973
1.19988
1.03501
0.322356
1.13446
0.733669
0.640606
1.09451
3.17035
1.1732
0.586652
1.51517
1.53293
1.59879
0.543231
1.40841
1.24558
0.9507
1.54257
0.756887
0.579713
0.660293
1.65331
0.726819
0.703371
1.49872
0.513205
0.630154
0.598366
1.80078
1.83327
1.23994
1.00745
0.949374
1.14726
1.05094
0.904289
0.830142
2.11185
0.8928
0.843844
0.602515
1.74048
1.38173
1.90169
0.32485
1.69126
0.50249
0.547579
0.856934
2.3761
0.449962
1.27654
0.863242
0.492725
1.70481
1.01345
1.0936
1.71022
0.809458
0.649967
0.846781
0.562955
0.611573
1.06783
1.29824
0.662449
1.00538
1.1625
1.00765
2.15937
1.79576
1.12633
0.532155
1.14786
0.939801
0.872124
0.606702
0.528566
0.509884
1.14382
0.760364
0.884527
1.07184
1.37638
0.337054
1.13696
0.375246
0.678654
1.19755
1.66229
1.33962
1.96844
0.871354
1.09127
0.914622
1.12326
1.69315
0.983569
0.755557
1.51899
0.573537
0.223847
0.967857
1.90653
0.92522
0.765552
0.326339
1.38156
0.443243
0.380459
0.651474
1.3336
0.673438
1.28928
1.19611
0.865785
0.339964
0.854622
1.46426
1.14917
0.799009
0.929675
0.65028
0.723162
0.704965
0.503823
0.545874
0.736992
1.0138
0.896505
0.502438
0.320936
0.475256
1.04515
0.735801
0.837989
0.492861
1.16048
1.18793
0.519099
0.991867
0.794107
1.06458
1.18562
1.04002
1.33256
1.47154
0.691671
1.22637
0.856675
1.67496
0.564777
1.45808
1.22994
0.966207
0.632402
1.14268
1.3405
0.762598
1.51415
1.06552
0.592169
1.92219
0.539003
0.806207
0.652575
0.809686
1.16678
0.861447
0.791648
1.53779
0.647467
1.81051
0.397767
0.566976
1.74451
1.10113
1.01022
1.74251
0.940143
0.323309
0.830363
0.502355
0.713888
1.41528
0.940098
0.939069
1.36569
0.614286
0.664395
1.45884
0.559241
1.56385
0.369867
1.78936
0.379304
1.32123
1.073
2.42914
0.819396
0.504278
1.61362
0.646234
1.16439
0.559424
0.657736
1.02388
0.646275
0.659015
0.552792
0.869531
0.852526
0.603146
0.997849
0.799602
0.28767
1.27662
1.51378
0.794864
0.464452
1.75116
1.12842
1.54411
0.714991
1.18242
0.965925
0.861767
1.68472
1.49155
1.27594
0.899534
1.14238
0.415442
0.470141
1.74955
0.644195
0.607915
0.9006
1.13971
1.3679
0.676281
1.57079
0.490242
0.683877
0.838415
0.630486
0.596852
1.35239
1.14922
0.865631
0.489604
2.16649
0.487738
0.441254
0.795715
0.8467
0.866837
1.2074
2.07219
2.29253
0.787658
0.392502
1.62114
0.774875
0.993126
0.716814
1.85444
0.920111
1.13902
1.34983
0.249757
0.498693
1.71912
0.380414
0.459148
1.36882
0.518958
1.29643
0.754925
1.48224
0.894927
0.773413
0.717615
1.318
1.03468
1.35919
1.54439
1.08569
1.04124
0.99037
1.11468
0.428194
1.84688
1.28522
0.373048
1.22717
0.616671
0.956738
0.722453
1.92123
1.11097
0.780415
0.696929
1.51734
0.828467
2.50013
2.72966
1.47498
0.379287
0.661869
0.73424
0.599608
1.54793
0.427372
1.05646
0.494469
2.44076
0.614697
2.82313
0.656307
0.978605
1.10463
0.986314
0.644925
1.15891
0.611583
1.78024
0.727417
0.681366
0.950619
0.396861
1.32671
0.735649
1.60334
1.13307
0.671508
1.32009
0.778103
1.34989
1.21058
0.73255
1.02392
2.40236
1.21465
0.991314
0.442674
0.795725
1.00177
0.5765
0.783792
0.591298
0.833758
0.382717
1.00491
0.964954
1.5482
0.838448
1.85312
1.017
0.513952
0.64843
0.345529
1.86474
0.379999
0.856488
0.897621
1.01689
0.951428
2.95711
0.790372
0.177394
0.918332
1.30132
0.939624
0.706697
0.947606
0.789625
1.0282
0.508313
1.07748
1.01835
0.923397
1.42148
1.65711
1.02785
0.381758
0.887829
0.919017
0.893496
1.65821
2.5495
1.05624
0.833143
1.03674
0.97494
0.981581
1.23415
0.601699
1.3337
0.522834
1.64244
1.68781
1.13119
1.96503
3.14793
1.85179
0.919518
0.45271
1.88584
2.39487
1.53525
1.22568
0.912889
0.381113
1.47366
2.1243
1.1835
1.12325
2.42419
0.930469
0.739527
0.600911
0.773471
0.859211
0.789404
0.237047
1.53006
0.891715
1.29814
0.740778
0.679323
0.678884
0.87708
2.32162
1.11895
0.864421
1.3894
0.316162
1.14065
0.432162
1.36306
2.0875
0.91069
1.72522
0.327043
1.19677
1.14607
0.530574
1.39505
1.0083
0.514956
0.837836
0.668827
1.03753
0.921135
0.951536
1.39268
0.951679
0.729513
0.494885
0.67858
0.635839
0.680326
0.691608
0.915336
2.34069
0.589672
0.70609
0.950167
0.443318
2.11575
1.18938
0.99782
0.582379
0.650603
1.31095
0.608859
0.545177
0.652475
0.802951
1.26049
0.81422
1.27851
0.602498
0.523123
1.60113
1.05455
2.14015
1.05721
0.496769
1.37182
0.453469
2.27109
0.507406
1.02334
0.454881
0.706103
1.02393
0.83158
1.28199
0.679577
0.563507
0.402535
0.74581
0.841876
0.500317
0.723404
2.11745
0.534293
0.97175
0.662907
0.940846
1.21055
0.849862
1.03361
1.15545
0.880063
0.774366
1.22747
1.7732
1.04517
0.433633
0.44386
1.16299
1.49773
0.391403
1.41357
1.72862
0.711421
0.672461
0.642203
0.727607
1.62328
1.01104
0.927501
0.425956
0.821496
1.09321
1.20092
0.45183
1.24422
1.38275
1.75413
0.876135
1.39478
2.09401
1.3183
0.748158
0.35418
1.81382
0.309255
1.94202
0.711779
0.763347
0.969549
0.802905
1.52454
1.4822
1.02726
1.28318
1.17375
0.428639
0.464675
0.489851
0.791657
1.02574
0.611347
0.32864
2.53385
0.517357
0.557515
0.633412
0.477944
0.391665
0.837911
1.52546
0.497949
1.07739
0.793413
0.971864
1.88077
1.06829
1.63806
0.47192
0.717293
1.01411
1.82353
1.90634
0.560073
2.09527
1.06703
2.01416
1.232
0.499777
0.485536
1.13263
0.620794
1.0731
2.02483
2.03931
0.426814
1.36621
1.41025
1.52201
0.516109
1.78293
1.70001
1.15874
0.556536
0.463897
0.380099
1.17635
1.10258
1.40532
0.403559
1.79639
0.334633
1.52678
1.6995
0.82512
1.48161
1.20805
0.4809
0.6802
0.662061
0.966433
0.352624
0.988144
1.56311
1.18595
0.343564
0.413129
2.88844
0.443361
2.28983
1.21193
1.05749
2.0079
0.40857
0.376122
0.818159
0.495585
1.11541
0.242237
1.11838
1.69679
0.976673
0.770866
1.33264
1.10636
0.905083
0.882825
1.02306
2.11006
0.439629
1.15441
1.60438
1.24036
0.474475
0.774681
0.549153
1.31971
0.694269
0.967809
0.955178
2.61154
0.684883
0.832981
0.57324
0.545656
0.684434
0.542456
0.979243
0.655045
1.69604
2.46039
1.08441
1.10762
0.85222
1.15466
1.8025
0.671117
0.483968
1.06018
0.499809
0.647631
0.416151
1.17794
0.933579
0.255105
0.451092
1.0068
0.788605
0.893417
1.70193
0.905269
0.524626
0.851874
0.615457
0.719676
1.11727
0.668196
0.305924
1.42288
0.572983
1.85124
0.975544
1.0889
1.09278
0.503545
2.06441
1.16331
0.429962
0.500599
0.345939
0.47705
0.751624
1.56108
0.717511
0.960488
1.62117
0.353038
0.737916
0.895445
0.968188
1.2236
0.835866
1.37236
1.90329
0.579143
0.847857
1.46372
1.24786
0.571162
0.954925
0.863406
0.618232
0.888651
1.41352
0.645104
1.5694
1.01569
1.77806
1.23092
1.10794
0.880766
0.331147
1.18632
1.36004
1.13654
0.72915
0.955163
1.38156
1.11207
0.367299
1.23314
0.612527
0.699878
1.36826
0.797276
0.550861
0.696538
0.42567
1.33541
0.600264
1.2065
0.449409
1.66591
1.2151
0.467894
0.886074
1.23823
0.807162
0.937549
0.96239
0.399665
0.582109
0.353632
0.775239
1.48005
1.44185
1.33963
0.599673
1.15332
1.46637
1.49782
0.828467
0.823877
2.21831
0.327619
0.808001
3.81243
2.345
2.68984
0.680703
0.532502
0.793582
1.15641
1.23859
0.757729
0.675233
0.705249
0.5006
1.10966
0.532894
1.02347
1.15272
1.25463
0.415665
0.901227
0.423735
1.23728
0.534072
0.85818
0.558245
0.907387
0.562521
1.65057
0.568394
1.45178
0.781624
0.882241
0.532538
0.961897
0.638967
0.509998
0.402498
0.43967
0.288387
0.999996
0.649734
0.828497
0.766974
0.592008
0.721659
0.973498
0.903971
1.05619
1.17698
0.345035
1.01544
0.515969
0.850313
1.27039
2.22211
0.946321
1.37414
0.945241
0.917243
0.750014
1.48864
0.852412
0.467488
1.2906
1.36229
0.546147
0.90723
0.500781
0.525752
0.481088
1.25462
0.750692
2.14372
1.25488
0.935789
0.818202
0.878268
0.869286
1.23281
0.352331
1.56483
0.576775
0.848154
1.21225
0.909579
1.1894
1.14317
2.13739
0.963119
0.575651
1.40612
1.34192
1.13462
1.67945
0.960242
2.75018
2.82498
0.713141
1.183
0.865343
1.38684
1.46964
1.17676
2.52209
1.1221
0.950725
0.614531
0.794372
1.01932
0.592736
1.04219
1.42342
1.69184
1.56783
0.38371
0.766245
0.833045
0.492666
0.864515
0.470608
1.29807
0.417864
0.721304
1.08965
0.775715
0.770846
1.08301
1.16617
0.902042
1.44096
0.829645
0.834659
2.19551
2.61721
1.07896
1.99443
0.77057
1.15944
0.685741
0.398005
0.961544
0.837817
1.4996
1.6806
1.88738
0.617798
0.382645
2.07332
0.923407
0.774501
3.15669
1.05506
0.927785
1.02661
0.52729
0.679811
0.652751
0.51878
0.855088
1.15862
0.958735
1.06619
1.52976
0.58965
0.690419
0.446437
1.69341
0.872265
1.25297
1.42851
0.375211
0.94616
1.25041
1.22294
0.497592
1.65543
0.993897
1.57134
0.788643
0.525762
0.938339
0.994558
0.584882
1.76837
0.444335
0.448344
1.14479
1.03757
1.43334
0.812719
0.897987
1.14378
1.56482
1.616
0.496964
0.66668
0.903084
0.879224
0.620773
1.87087
1.04539
0.791491
1.40712
0.722251
1.39037
1.30578
0.762181
1.15606
0.571186
1.68527
1.86046
1.58976
1.09035
1.39937
1.31708
0.349105
1.21949
1.24825
1.89556
0.600379
1.5169
1.74464
0.980538
2.64419
0.619216
0.802041
0.837232
0.647752
0.75354
0.790222
0.701589
0.839063
1.86923
1.25188
0.703672
0.902004
0.421934
0.670221
0.927589
1.20575
1.4203
1.38019
0.336274
1.78063
1.39012
1.06357
0.865327
0.647245
1.24699
1.37268
1.60852
0.51819
0.882215
2.45876
0.580515
1.12095
0.77481
1.49072
2.00712
0.894138
0.499696
1.84072
0.567119
0.589296
1.12176
1.48865
0.63027
0.672365
0.79667
1.06686
1.73884
0.523834
0.990911
1.00601
0.546898
0.638508
1.09808
0.57969
0.734369
1.31753
0.708267
1.74353
1.40228
1.24782
0.667354
1.40048
0.702049
1.95605
0.647763
0.49216
1.98942
1.09725
1.10246
1.11623
1.82872
0.544194
2.51778
0.678977
1.31564
1.60292
0.595402
0.899005
0.321553
1.53753
1.34625
0.84064
2.50784
1.12565
0.516003
0.287261
1.24479
1.41785
0.603152
1.29605
0.797639
0.655983
0.348402
2.38384
0.539867
0.489102
1.03071
1.30935
1.0147
1.28765
0.956994
0.667073
0.714878
1.16077
0.602988
0.923824
0.817688
0.729895
2.03123
0.801217
1.44979
0.91623
0.497893
0.506914
0.418028
1.07502
0.761699
3.00444
0.697358
1.35654
0.611012
1.8174
0.69085
0.675574
0.729426
0.815805
0.623274
0.493981
1.86289
0.829025
0.706077
0.709557
1.15523
1.03236
0.575614
0.607536
0.968763
0.472417
0.637344
0.878554
1.78228
1.54633
0.621314
1.32945
1.34342
0.414958
1.20956
1.34684
0.401315
0.47862
1.83209
3.0493
0.689753
0.804394
1.04256
0.364904
1.75141
0.586892
0.931705
1.60645
0.560757
1.09038
0.691956
0.990877
0.299012
0.798206
1.44503
1.09865
0.731558
1.15931
0.605196
1.25275
0.698487
0.667224
0.722547
0.744965
0.722621
1.0973
1.95629
0.661509
1.12883
0.67725
0.814254
0.618679
1.36757
1.424
0.589893
0.433908
0.888703
0.779761
0.648171
0.950481
0.920807
0.698268
0.287711
1.05033
0.882931
0.819829
1.46359
0.690637
1.16081
1.65404
1.2399
0.439799
2.08816
1.74553
0.999771
0.212079
0.805951
0.916157
0.438952
0.425507
1.14615
2.01459
1.11075
0.60686
1.57241
1.22389
0.839269
1.01093
1.7313
2.79248
0.918803
1.2213
2.26733
0.721053
1.37142
0.498717
0.245749
0.721029
3.23089
1.79815
1.1201
3.42419
0.781875
0.782815
0.642527
1.40383
1.16799
1.2073
1.45203
0.194303
0.303391
1.76629
1.25087
0.517927
1.32545
1.1731
0.940236
1.00651
1.57942
1.90061
1.04627
0.867429
0.798925
1.22211
2.30375
2.08023
0.553931
1.39803
0.975122
0.358867
0.370517
0.681904
1.46372
0.98308
0.833686
1.32005
0.68589
0.498841
0.694553
0.765944
0.544336
0.491609
1.4455
0.861342
0.333824
0.629774
1.47865
0.820471
0.732196
0.831141
0.888365
0.751614
1.01514
1.60209
0.762111
0.388063
0.85793
1.06683
1.24074
0.58298
1.04209
0.970983
0.503301
0.571266
0.24449
1.00564
1.33021
0.721343
0.315683
0.473067
1.33547
0.448804
2.07307
1.26672
0.718005
1.62744
0.985714
0.524105
0.537803
0.949922
1.47994
0.728693
1.31306
0.720544
0.75048
1.12863
0.336579
0.804559
0.952159
0.821926
0.786992
0.738074
1.35714
0.658641
0.7074
1.18468
1.16046
0.814059
0.554242
0.434163
1.03731
1.26424
1.23635
1.91956
0.536597
0.541985
0.659446
0.743382
0.958688
0.634386
0.592635
1.31968
0.509321
0.987773
0.58923
0.644882
1.31361
2.26243
0.508221
0.89585
1.19912
1.17893
0.657215
1.27777
1.07456
1.69367
1.0272
0.832858
0.901864
1.54171
0.824173
0.929665
0.585679
0.409882
0.891816
0.517872
0.99456
0.622825
1.31585
1.8312
0.531427
0.751715
1.54226
1.13523
1.86944
0.425254
1.2412
0.787476
0.544591
1.18543
0.939879
1.27602
0.347718
0.178512
0.4964
1.12939
1.2823
1.30587
2.51438
0.594985
1.06148
0.710803
0.543544
1.35053
0.758675
0.499296
1.21208
1.18442
0.419789
2.67841
0.616893
1.65013
0.844425
1.03989
1.017
0.876731
0.81356
0.51241
0.959577
0.808636
0.660191
1.67916
0.409249
0.466419
0.477999
0.657034
0.381897
0.947523
0.882657
0.586115
1.28926
1.97839
0.596886
0.355821
1.19755
1.28866
1.20316
2.03938
0.81916
0.558185
1.43784
1.81751
0.900249
0.507769
0.690702
0.95339
1.26712
2.5122
0.405441
1.45326
0.755889
0.432167
0.46137
1.35822
1.64154
0.548539
2.24412
2.15288
0.632808
1.10392
2.0808
1.32013
0.285578
0.740882
0.484404
0.263573
1.37201
1.08516
0.784339
1.07891
0.493692
1.24842
0.896555
0.913278
0.24217
0.592925
1.1567
0.805068
1.27342
0.778928
0.710991
0.599389
0.543061
1.53567
1.24632
1.74152
1.54868
1.46278
0.664863
0.524573
0.875578
1.12258
0.748417
1.80564
0.44428
0.409491
1.0869
0.745086
0.617868
0.639179
0.827584
1.01844
1.20142
0.970169
1.61765
0.853438
0.443933
0.358794
0.696313
0.83506
1.2145
0.597362
0.757855
1.29167
1.56578
1.31697
1.34464
0.467207
0.383118
1.42799
0.735141
0.383291
0.863204
1.71163
1.87779
0.709903
0.704094
1.58054
2.026
1.01138
0.910299
1.46921
1.77606
0.632545
0.594972
1.36035
0.747808
1.0249
0.794738
0.528117
0.615125
1.00079
0.939725
0.822963
1.93485
0.81414
1.10854
1.46788
1.328
1.09641
1.05727
0.869664
1.4848
1.10932
0.751287
0.334857
0.942855
0.764997
0.880588
1.25945
1.11016
1.56429
1.64692
0.845983
0.996635
1.28544
1.65901
2.14898
0.866987
0.892586
0.943621
1.26415
1.61147
0.654572
0.585779
0.726572
1.45178
1.5027
1.67276
0.71669
1.6086
2.49384
0.237952
1.1376
0.369268
0.996034
0.462522
0.922606
1.34494
2.10547
0.986845
1.67052
2.215
1.00822
0.526644
0.191403
0.901385
1.02913
1.28732
1.62264
0.68352
0.545582
0.606867
0.791984
0.617421
1.09841
1.48028
0.908868
1.69337
1.13744
1.39285
0.729374
0.86453
0.9957
0.631983
0.590056
0.448044
1.93618
0.513481
1.15699
0.773396
0.654027
0.7364
0.428775
1.42541
1.33857
0.380923
0.915496
0.898128
0.583341
0.738608
1.80141
1.19165
0.769973
1.25729
0.682821
1.32078
1.34858
1.22326
0.753664
1.07077
1.6274
0.623688
1.09988
1.2429
0.295724
0.969334
2.50966
1.69071
0.533516
1.90493
0.96241
1.1257
0.238737
1.33894
1.48467
0.956772
1.37349
0.873069
1.00798
0.927355
1.05698
1.40018
1.40183
0.291774
0.500317
1.13106
1.12419
1.66921
1.02282
0.930499
0.676118
0.828704
0.401515
0.560022
2.19891
1.76532
1.27652
0.696066
0.546514
0.560391
1.16979
0.941321
0.60044
1.20839
0.349235
1.12976
1.56373
1.12891
0.859546
1.23597
0.698888
1.0161
1.00794
0.977777
0.63872
1.20193
1.17924
0.502858
1.16763
0.839859
0.991851
1.29125
1.0147
0.579641
1.04596
1.42016
2.08254
1.07381
0.546386
0.57193
0.611905
0.628411
0.951164
1.1155
1.44653
0.848911
0.64755
1.61221
1.22608
0.883657
1.10538
0.84086
1.87787
2.42894
0.42823
0.549385
0.634288
0.797932
0.263553
1.46189
1.74304
1.36499
0.643624
1.75815
1.30491
0.533023
1.81725
1.92049
1.17242
0.738767
0.77953
0.315867
1.05973
0.360194
0.95507
1.10511
1.05984
0.537018
0.444218
1.14238
1.02791
1.3543
1.01009
0.950926
0.372648
0.896995
0.247677
0.584316
1.74031
0.582814
0.883374
0.981173
0.654103
0.992278
0.378908
0.779174
2.22746
1.67424
1.36546
1.0211
0.696722
0.765269
0.397074
0.951728
0.721082
0.356487
0.560141
1.14127
0.598534
1.54162
0.719408
1.94607
1.42757
0.446809
1.31562
0.952975
0.87541
0.720743
1.91342
1.95397
0.953389
0.65889
1.4666
0.811778
1.65961
0.629392
0.581905
0.655815
1.60155
1.25513
0.937252
0.57345
0.453906
1.29473
0.802359
0.745611
0.345525
0.294776
0.583061
1.40957
1.34736
0.71782
1.01176
1.39202
0.653297
0.902644
3.29187
0.487829
1.52152
1.06261
1.20789
0.598814
0.737671
1.34613
0.777926
0.929176
0.921767
0.666821
0.69677
0.436635
1.01399
1.28154
1.59848
0.926513
0.486626
1.32262
0.541764
0.890837
1.01477
0.936465
1.10331
0.48029
1.31743
0.747923
1.49417
0.437663
0.821706
1.37886
1.06698
0.803732
0.865998
1.06422
1.53268
0.689739
1.71997
1.73866
1.41674
1.05065
3.36617
1.14128
1.11825
1.25574
0.606239
0.755459
1.06868
0.871788
0.464471
0.870369
0.433132
1.00019
1.34419
1.30114
1.23931
0.363341
1.47233
0.348201
1.1536
0.970121
0.722157
0.735428
0.913858
1.52689
0.749714
0.983177
0.751977
0.724603
2.85735
1.21548
0.996854
0.741689
0.631422
1.15076
0.381924
1.03641
0.608548
0.802213
1.51551
1.50064
1.06251
1.28862
1.46345
1.33122
0.734396
0.421821
0.447626
0.821251
0.591541
1.43739
0.501608
1.68049
2.19946
0.694325
0.686357
0.723091
1.19603
0.398947
0.903777
1.83848
0.825291
1.28973
1.01237
0.507249
1.4841
1.71389
0.754962
1.05173
1.18672
1.63778
0.900637
0.837361
0.569959
0.656203
0.749709
0.641483
0.949393
0.747856
1.48592
0.850483
0.789464
0.90627
0.585641
0.499525
0.405019
1.01471
0.919992
0.943933
1.42756
1.08632
1.09076
0.363373
1.36269
0.407798
1.13177
0.633171
0.880202
3.22466
0.359117
0.835509
0.909167
1.09046
1.38408
0.800599
2.32216
0.226388
1.30041
1.64525
0.926167
0.470712
1.24729
1.82167
2.05071
0.483954
0.479705
0.328854
0.702699
0.829704
0.876415
0.616441
1.97084
1.39974
1.22851
0.475096
1.11923
0.494924
0.50303
2.41719
1.10651
0.878953
0.832241
0.937929
1.61928
1.01242
0.839866
0.609466
1.03713
0.709692
0.328508
0.661775
1.64845
0.951501
0.348829
0.855533
0.985218
1.12812
1.09071
0.47889
1.00845
0.915426
0.518165
0.572849
0.828451
0.850369
0.749299
0.98738
1.02857
1.85852
1.30967
1.00691
1.37818
0.74394
1.20711
0.37407
0.817478
1.8275
1.88741
0.374297
1.53926
0.502928
1.32208
0.652622
1.14578
1.19697
0.895085
1.08149
1.12584
2.2526
1.3738
0.324658
0.526282
1.30015
1.32921
1.037
1.01057
0.992149
0.973424
2.27604
1.29594
0.690446
0.577861
1.4088
1.511
0.605714
0.497564
1.26366
1.66587
0.920402
1.53881
0.878543
2.95435
0.277092
0.619851
1.5174
1.00809
0.398816
0.607667
0.904306
1.51397
2.17522
0.910905
1.29337
0.61708
0.919847
1.24746
0.902798
1.04339
0.566052
0.93783
0.71369
0.947712
0.315386
1.15084
1.94319
0.504066
2.7753
0.32548
1.24175
0.512201
0.656991
1.29373
0.908613
0.493676
1.32457
1.31356
0.583385
1.22225
1.58163
0.870999
1.02055
0.660908
0.462981
1.36167
0.647814
1.52231
1.3604
0.833628
0.476231
1.51291
1.0441
0.419208
1.25161
1.14027
3.35818
1.10327
0.706993
1.30419
0.854283
1.28654
0.569598
0.415807
1.02365
0.58971
1.22607
0.455388
0.5512
0.89965
0.988287
1.15545
0.838354
0.631119
1.39298
0.908588
0.335449
0.769164
0.590203
0.894247
0.992069
1.59014
1.85828
1.06079
1.13417
1.64693
1.14056
0.99127
1.20634
0.420089
0.782782
0.511801
0.557126
1.88113
1.36901
0.145369
1.37537
1.42093
0.638567
1.35011
1.01131
1.07639
2.05463
0.872778
1.41554
0.724377
0.734143
1.06257
1.03142
1.20416
1.17031
0.6188
0.432436
1.80984
0.661922
0.976371
1.23036
1.25505
1.1487
1.91604
0.410207
1.11755
1.14189
0.606892
0.991733
0.980507
1.94117
0.992425
1.76941
0.800703
0.994867
0.434578
0.534696
0.50582
0.338084
0.87535
1.17682
0.585771
0.733753
0.710546
0.853342
0.843072
1.19758
0.160891
0.996984
0.744824
1.95001
1.04209
1.57533
1.22846
0.902518
1.40443
0.964516
1.53008
1.20674
1.31631
0.389382
0.659618
0.735498
2.4485
1.44526
0.772949
2.23957
0.545342
1.21683
0.88973
0.887985
0.907623
2.17461
1.04295
0.851395
0.380503
0.488467
0.754518
1.1053
0.656127
0.780397
1.53602
1.07748
0.79917
0.770784
0.955216
1.58226
1.5674
1.39494
0.644557
1.2423
0.658867
1.19524
1.74593
0.685821
0.723085
0.302018
0.93469
1.04286
0.446703
2.42436
0.859856
1.45241
0.746613
1.66538
1.2084
0.519506
0.589142
0.990111
2.57826
1.62939
0.583125
1.07214
0.920677
1.87844
0.756579
1.45751
0.755748
0.831459
0.847992
2.25691
0.219383
0.345908
0.721037
0.975251
0.859733
1.82526
1.61954
1.20522
1.07225
0.677459
0.593145
0.715176
1.50441
1.16094
0.735972
1.86905
0.258941
0.712584
0.335549
1.21553
1.22659
0.418534
0.753725
0.951416
0.844232
0.63611
0.90379
0.851557
1.52953
1.9682
0.937229
0.85347
0.965609
0.272986
1.1296
0.934674
1.87719
1.02524
1.68833
0.448946
0.85466
0.815546
1.24837
1.22512
1.70234
0.709908
0.531037
1.03922
0.811184
0.889797
1.84608
0.188128
0.803835
1.06816
1.03174
1.49444
0.573947
0.322094
1.07521
1.04155
1.47024
0.960104
0.893338
0.799322
1.05484
0.848108
1.21567
1.06085
0.653942
0.91567
0.88097
0.798025
0.733332
1.26956
2.1471
0.507784
0.479568
0.374584
1.2
1.22245
1.8081
2.03648
0.494591
1.43181
0.647646
0.837607
0.48407
0.675341
1.34739
0.994705
0.452374
1.1166
0.741637
0.623338
0.827841
0.977588
0.691556
0.76635
1.7825
1.6475
1.49359
0.923517
1.08515
0.631619
1.10418
0.923317
1.14983
0.850637
0.718813
1.73243
1.05437
0.742677
0.853869
0.973979
0.93417
0.576643
1.07295
1.05883
2.25325
0.658283
0.712455
1.10524
1.22411
0.458443
0.520703
1.69273
1.56727
0.958937
1.01749
0.695424
0.774727
0.329249
1.67723
0.696619
1.34099
0.868661
0.655154
0.885737
2.535
0.73548
0.73842
0.805497
0.71818
1.11596
0.610521
0.51138
0.716952
1.1203
1.30072
2.55222
1.19313
0.929764
1.25334
1.36
0.318333
0.355143
0.33825
1.0358
1.33673
0.739149
0.465911
0.432781
1.31486
1.5879
1.2263
0.726004
0.633146
1.49485
0.778987
1.27353
1.09924
1.51072
1.14716
0.992682
0.783698
1.32395
0.791351
0.627574
