5.77606
6.07078
7.46141
6.47361
7.17986
6.11651
5.82092
5.00437
6.08403
6.0497
6.88763
5.7827
5.63443
6.09646
6.20926
6.15142
6.44104
6.22626
7.09715
7.15837
5.39704
6.80765
6.94057
7.43323
7.50149
6.7239
6.48343
8.6469
6.15196
5.48208
6.44173
5.74463
6.91153
5.95804
7.18722
7.36573
5.42298
5.86876
6.45348
6.01052
6.5293
6.98694
6.50841
5.60325
9.91326
6.07301
5.48599
5.74723
6.07221
5.65102
6.63956
6.76206
6.52946
7.39943
6.15812
6.12808
6.43752
6.39599
6.22991
6.05586
5.65907
7.15658
5.62319
5.82687
6.11015
7.37435
6.95257
6.06928
6.95964
6.6922
6.15501
5.97714
7.54234
5.94435
5.96325
7.32418
6.74305
5.85174
5.89598
7.03122
5.75602
5.71389
7.67171
6.02389
6.65379
6.46569
6.39996
7.27416
5.59101
5.63559
5.16478
6.88794
6.57584
5.13265
5.90637
7.32406
5.23252
6.91631
5.88535
5.05266
6.43462
6.82326
6.65284
6.49032
5.94944
7.35056
7.36754
5.26254
9.79868
5.66471
5.42915
7.68443
5.21046
6.66873
5.58117
9.04564
7.1166
6.35036
7.79662
8.89937
6.302
8.08981
5.13364
6.54425
7.02282
5.64228
7.10389
7.18184
6.54531
5.83004
6.22175
5.92427
6.40081
6.11999
7.32989
7.11992
6.07202
7.73017
6.6764
5.50033
7.75993
4.85668
7.25626
6.32008
6.09764
6.05463
5.75601
8.10026
6.15342
6.75158
5.79883
6.07016
6.96136
6.45774
7.12348
8.48222
6.30787
6.83133
6.08838
8.28266
6.60695
6.26614
6.7378
6.52894
6.41668
7.07266
7.43205
7.08507
6.26523
6.82112
6.34179
6.25891
6.93622
5.43414
5.37614
5.99312
7.15919
7.11457
6.6869
6.3476
6.5286
8.90741
8.21816
6.56662
6.80818
5.85241
6.8384
6.37709
6.9077
6.13311
6.13314
6.39577
6.8668
8.70143
7.22313
6.11892
7.03083
6.26873
8.37307
6.17357
5.61567
5.03702
6.49873
5.5532
6.75114
7.91748
7.57587
5.0262
7.41766
6.00018
5.54237
5.4936
7.21752
5.72761
6.47701
5.99574
6.43542
6.89886
6.37942
6.7502
6.10461
5.64864
6.81762
6.59783
7.92393
5.93258
6.48936
7.5168
4.90215
8.20715
6.60194
6.87065
7.67368
5.90008
5.73568
5.85327
5.66033
6.47288
5.3005
6.05557
5.33171
6.94466
6.37256
8.25193
7.11608
7.6596
7.4304
5.42369
5.79433
7.12649
7.37657
5.75025
5.56916
6.15908
5.83155
7.34297
6.97784
6.94342
7.12651
6.77506
5.68826
5.97027
7.15576
6.7306
7.3783
6.84003
6.8477
4.99155
6.18007
5.98401
6.78154
5.29879
5.93344
6.02879
6.86808
8.83817
5.70968
7.00443
5.99885
7.46837
8.02603
5.61782
5.55595
5.48775
5.94195
5.97863
5.62789
6.87709
7.50361
6.20381
7.41926
5.26345
6.28406
6.32275
6.64711
6.38854
6.53821
5.67084
6.88915
6.165
7.00282
8.51522
7.56777
6.16564
7.64522
6.96749
5.11709
6.00323
7.23951
5.96098
5.98166
6.06751
5.53608
6.93859
9.1207
5.0099
6.42306
7.088
6.07491
5.13365
6.60607
6.72924
5.72702
6.25952
6.54125
6.35333
6.45202
7.30521
6.15166
7.20852
5.02288
7.04849
5.91942
7.41276
6.1313
5.60172
6.77171
6.8377
6.75256
8.30613
8.24393
5.37251
6.99113
7.27754
5.55751
5.82659
7.5007
6.94892
5.68298
5.87965
6.53338
7.87692
7.51879
7.2531
5.84977
7.48112
8.51417
5.60941
6.0704
8.14756
5.65359
7.81641
5.48868
7.33423
6.00259
6.68259
6.1053
6.81667
6.33153
6.40044
7.01733
7.40707
5.01389
5.79827
6.923
6.55087
5.58585
6.44636
6.3954
5.72944
5.98832
6.15851
6.1675
6.02509
7.18205
6.73696
4.99657
6.4936
6.17082
9.60736
6.57767
5.67153
7.82946
5.92151
7.35686
5.61005
6.07069
8.4522
6.0658
6.34884
6.26819
6.46761
6.2636
7.38503
7.13488
7.09874
6.74925
6.46335
8.0491
5.69035
6.16135
7.72866
6.27618
7.05959
5.64419
7.52081
5.25708
6.89115
6.6683
6.37017
5.88846
5.09424
6.78214
6.99706
6.86442
5.74725
7.08726
5.75603
7.30255
7.77194
7.42891
7.02235
6.47889
6.46665
7.2206
7.26396
6.75833
5.56675
6.07354
7.02988
8.67158
6.04166
6.15445
7.11825
8.24959
6.50577
6.33739
5.56872
5.23021
5.25137
6.55094
5.89464
6.42308
8.67036
4.91592
8.74716
6.74666
7.0559
6.92217
5.85498
5.30201
7.0686
5.59872
7.25984
6.41245
6.72399
6.18223
6.24976
5.51393
6.76633
8.55279
6.4737
6.8972
5.64471
5.95933
7.2794
8.3806
6.52643
6.25905
8.55376
6.68652
5.97813
7.95516
5.79746
6.49408
5.864
6.19051
6.2103
6.74606
6.19898
6.94707
7.21272
10.5739
7.08931
7.65567
6.27871
5.39098
6.45743
6.8085
6.36765
6.35348
6.51542
8.50972
6.42351
5.71268
6.98319
8.84002
6.0151
5.5783
7.6135
6.1045
6.52716
6.36825
6.4174
7.43004
5.59832
6.71743
5.82703
6.16236
6.07515
6.02236
8.46875
8.16529
6.75662
6.18515
7.23679
7.04546
5.24181
6.69359
6.01931
6.37581
6.50795
6.87127
5.75866
6.516
6.73103
6.77864
6.66317
5.58535
7.19674
6.48993
6.66803
6.33171
5.91006
5.62799
6.31793
9.79566
6.70005
7.22176
6.90398
6.45105
5.65892
8.80919
6.96106
5.61812
6.1342
6.57397
5.79081
7.52483
5.65247
8.17759
5.55897
5.51044
8.20628
6.56477
6.16752
6.05148
6.22432
6.24623
7.79526
6.3425
6.5147
5.564
6.07396
7.33979
6.14126
6.27276
6.87124
5.80173
7.82045
6.49583
5.77682
7.1064
6.60113
7.55348
6.98375
8.2765
6.83233
5.85033
6.10271
7.49094
6.70913
6.15161
6.62083
5.82784
6.49844
8.02159
5.14529
6.85768
6.81649
6.32034
7.63813
5.61691
5.80255
7.68182
6.95869
6.93427
5.77406
7.3651
5.98304
7.14897
10.5808
6.73013
6.70126
5.45204
6.44819
5.47612
7.05703
5.77794
6.976
7.91317
6.60127
6.58433
6.14212
7.58633
7.37068
5.35377
6.89556
6.19588
5.93621
6.88575
6.8523
7.2339
6.47662
6.49718
5.78129
8.90539
7.4566
6.1487
6.5973
10.437
5.73278
8.08772
6.29084
7.67697
5.35399
5.61699
6.20322
7.47007
7.00977
5.37771
5.07378
5.68963
6.41149
6.23079
6.48811
5.65496
7.02734
6.91779
6.46493
7.34186
6.32364
6.19267
6.05796
6.52128
6.47584
6.25511
6.77337
6.58716
6.56232
5.95153
7.17833
6.26375
9.32144
6.40448
9.66111
7.93559
5.69397
6.74013
8.86891
6.10183
5.98027
5.43842
5.53969
7.13407
6.56571
6.73066
9.25506
6.83464
7.57978
8.94335
5.91078
7.95774
5.82426
7.27064
6.82598
8.86369
10.8842
6.41684
7.63934
6.51607
6.89518
6.2486
6.27988
5.85723
5.8962
6.07251
5.38425
6.07739
6.03677
6.49383
7.38554
5.98069
6.15246
6.95406
6.04372
6.5351
6.10956
6.0754
7.02452
5.74284
6.38637
5.85518
7.06802
6.74685
7.14551
6.15837
6.11776
7.72656
6.23146
6.20359
7.15493
6.35734
8.84938
7.94922
5.83177
6.56287
7.59034
7.35743
6.71413
8.11861
7.74483
6.59172
5.79587
6.20837
6.11947
7.10304
5.45743
7.75577
6.83263
6.72946
5.91167
6.83851
5.82107
8.82131
8.62335
6.10051
6.73036
6.01948
5.80472
6.84449
7.31635
5.92623
5.64784
6.57913
6.23659
6.07841
7.38216
8.84737
7.85776
6.40323
5.9011
7.28073
6.55005
7.69358
9.19372
7.21013
6.32689
6.97358
6.02097
7.72309
5.72518
6.47599
5.28833
6.16018
7.62378
6.31448
6.14838
5.8737
5.85918
6.24805
5.6178
8.13957
6.14911
8.38231
6.3572
6.4942
7.32875
6.34827
5.96526
5.91852
8.54206
6.20998
6.70736
6.46038
6.1315
6.63206
6.17409
7.23276
5.39509
6.70031
5.24904
7.99629
7.42091
6.18252
6.19723
9.47853
5.99569
6.44678
6.09258
6.92889
7.0607
6.26794
6.12339
6.89984
6.34497
6.66599
8.51323
6.0785
5.48575
6.09593
6.46725
7.14496
8.18075
6.37112
8.60596
6.0104
6.71606
7.35803
5.74886
5.59962
7.8806
6.043
7.14438
6.49312
5.96027
5.52907
7.69821
5.02529
6.72999
7.82488
5.44533
5.67068
7.19776
7.09572
7.78375
5.58638
8.03353
7.62316
6.58254
6.06362
6.58512
6.11206
7.72919
6.52259
6.26116
6.21522
6.17606
6.89527
6.67086
6.56869
6.24527
6.85282
8.41872
6.19554
5.56179
7.56688
6.02266
7.41366
6.45607
6.9925
7.96757
6.68262
5.55612
5.4567
7.4764
8.68211
8.07925
6.9671
5.29168
5.66484
6.56388
7.60247
5.00269
6.98304
6.43192
7.58299
7.06675
6.81133
8.25555
7.61626
6.36726
6.74017
7.09941
5.46454
6.32831
5.94882
6.69404
6.03462
7.22955
6.27006
7.49773
9.21335
5.91461
6.25164
8.44101
8.47563
5.74528
9.00911
8.47696
6.71356
5.9902
6.0661
7.02769
6.84556
6.63057
7.73787
7.29983
8.38568
6.1015
6.73326
6.24335
6.54139
7.34147
5.83658
6.26841
7.1394
6.81235
5.98876
8.40161
6.64974
6.16015
6.89824
8.20021
5.52797
5.61476
5.95616
7.32141
6.74254
5.70209
7.55749
5.67944
6.32226
7.31857
6.99205
5.58531
6.28854
6.8331
5.56118
6.03863
6.32933
5.74211
7.37012
6.21434
7.55859
6.75375
5.77641
7.28618
6.57309
7.78025
6.49395
5.92947
7.8292
7.43509
6.61706
6.90818
6.76358
5.50688
6.89898
5.61531
7.16478
5.80114
6.55886
8.3181
8.47722
6.73071
7.87806
6.8996
6.75224
6.35187
6.64335
5.48399
5.69983
7.87844
6.67243
6.08731
6.14601
6.06651
7.79647
6.99991
7.8161
5.98537
7.40413
7.08812
6.08418
6.97132
7.61839
6.12357
6.06376
5.80729
6.44644
6.87421
5.99263
6.27253
6.9352
7.17916
5.94037
6.71146
5.78846
6.27224
8.09776
7.16376
5.12389
6.58408
6.59228
7.01943
6.88951
6.60385
6.15597
6.94999
6.40177
6.79106
6.85821
6.59209
7.90039
5.21159
5.41412
7.07711
7.18693
7.23428
6.69039
6.94131
5.94738
6.97229
6.66304
5.51928
6.15999
6.70937
5.42853
7.69885
8.48096
5.81015
6.27032
6.32627
6.48867
6.52691
7.67494
6.19446
5.97479
7.01877
6.8471
5.39321
6.3445
6.74747
6.53461
6.44121
5.63525
6.211
6.41129
8.67756
6.63573
6.69248
5.43058
6.03414
6.7055
7.01227
5.78277
5.888
6.21732
5.74112
7.29502
6.07269
7.67132
5.96125
6.94744
7.91853
8.13196
6.68485
6.73118
6.2488
6.70031
6.19985
5.95412
6.91056
7.44351
5.32738
6.82307
6.16376
6.45059
5.74528
6.21797
5.53952
7.10956
6.83377
6.29958
6.66083
7.60993
5.22269
7.03979
7.87888
6.51398
6.72516
6.46047
6.70982
6.77232
7.15496
6.71705
5.39515
6.29874
7.0804
7.4805
5.38293
5.29026
6.71944
5.55268
7.12296
5.73717
6.08721
6.43351
6.3524
5.93317
6.63125
5.54109
6.55749
6.10162
5.44708
7.72533
5.83232
6.66957
7.99757
7.02569
5.8633
6.09245
5.62642
7.31588
6.53277
7.1841
5.93903
7.19447
6.14494
9.11843
5.70765
5.72476
6.09703
7.65138
5.66699
5.6366
6.72393
8.92075
7.66787
6.32476
5.49665
7.19773
6.29194
6.55186
7.14025
6.07306
7.18368
6.82464
5.86615
7.69883
7.0075
5.69173
5.94101
7.69174
6.81722
5.48166
6.03287
6.70746
5.19607
7.62743
6.61429
7.53843
5.86964
7.7719
7.33061
6.28602
8.00537
6.12921
6.29101
5.85384
6.47629
5.14895
6.44617
5.9977
5.63983
5.80275
8.0485
5.02934
5.78972
6.42676
6.62449
7.75591
5.87056
6.37276
8.51113
6.56731
6.45322
7.15074
5.98373
6.62639
5.71252
6.05975
6.68054
7.58029
6.24437
6.62409
6.61281
6.00961
7.89581
7.2848
6.67693
6.13511
5.72458
5.55097
6.32922
6.19127
8.25148
6.6836
7.61688
7.05463
6.43544
6.74982
5.81082
6.95862
7.10389
7.06762
6.02282
6.61107
5.78368
7.41977
5.48824
5.16453
7.45238
6.58437
7.34706
5.46494
6.07605
6.44906
5.53823
7.25451
5.65657
5.8079
6.04275
5.75557
5.90602
6.59719
6.35318
6.76734
8.21851
7.85989
7.67621
5.29947
6.81944
7.55202
6.3616
6.6631
6.01134
5.80656
6.5405
5.89003
5.0261
6.52216
5.62525
6.03795
6.19363
6.4846
6.38212
5.53318
5.70682
5.61871
6.38027
5.95067
6.79238
5.92198
6.62607
5.9256
5.62458
6.44533
5.59633
6.88917
6.32421
8.2839
5.28575
7.45985
5.66612
5.333
6.86727
10.1799
7.08111
6.19905
5.66338
6.36442
7.40517
6.64565
6.73254
6.13539
5.62338
5.9726
7.53975
5.88402
6.09698
6.84766
6.53561
5.92622
8.03018
8.02967
5.9592
5.58971
5.34116
7.45017
8.61551
6.7759
10.148
6.31193
6.21859
6.52664
6.08356
6.87311
7.14882
5.8864
6.12437
5.30164
6.21133
6.7121
5.61411
6.36798
6.31955
5.27314
5.16313
8.59981
6.0475
6.05184
5.90117
6.27054
7.17494
8.74711
6.93452
6.07783
5.78209
5.58495
5.57605
6.85727
6.11565
7.7699
6.51621
6.15097
5.84592
5.76154
7.15071
7.50244
6.34909
5.73145
6.16045
5.6361
6.0259
6.87725
5.50154
6.06047
6.11673
6.26422
6.95125
6.93935
5.97041
6.43338
5.98938
6.93408
5.96949
7.51639
8.28317
5.30903
5.64952
5.49486
6.82558
5.53877
5.89478
7.46178
7.51287
6.18427
6.12573
8.02781
6.75508
6.1678
6.92652
5.61915
5.61512
6.28662
5.76983
5.65198
6.32502
5.12708
5.93544
5.85437
6.57815
6.12513
6.52225
6.50273
6.27374
5.9375
7.69053
6.96618
5.25031
7.53452
6.91205
7.34347
5.73044
5.92913
7.0337
6.08049
8.06822
5.66501
5.72484
5.32879
7.39107
5.57423
6.47981
7.05263
7.36631
6.33732
6.00865
7.17679
6.4937
6.31714
6.74256
6.34725
6.41255
5.92566
5.17365
5.73142
6.74359
6.1428
7.22066
6.23801
5.45927
7.70078
6.7053
6.8395
6.62516
8.89037
7.27345
6.64401
6.61591
6.47158
6.28795
5.46282
6.23053
6.24413
5.77415
6.52144
6.6253
5.87083
6.41654
5.7404
5.9407
6.12409
6.60635
9.1485
6.23826
6.35309
5.08198
7.83986
7.60347
8.00176
8.23992
5.65258
6.78245
6.84831
6.59344
7.17955
8.19211
6.32144
6.95721
7.51562
5.68078
5.56617
6.78565
5.56742
6.43011
6.86632
6.74268
6.13789
5.84352
6.80284
8.18535
6.72666
6.68234
6.29845
6.23337
5.68246
6.42288
5.47921
6.95407
7.38112
6.04882
5.8957
6.08203
8.83849
6.38375
6.33805
5.91797
6.31169
6.09516
5.9419
7.04263
7.02532
6.96601
6.31715
6.52051
7.36839
6.7613
6.0922
5.83996
7.23426
8.27869
5.67538
6.02707
7.09444
6.89531
6.40555
6.0244
5.55188
8.1183
8.77905
6.51832
7.53936
6.20965
6.19622
7.21722
5.79144
6.76779
7.46349
7.35242
6.08336
6.56802
7.10374
7.47905
6.64414
6.39216
5.81022
6.50698
7.92914
7.0845
6.29046
6.17438
6.739
5.44289
7.37028
7.30719
6.3098
5.48305
7.10811
5.23078
8.37801
5.78537
6.0901
5.42023
7.18364
5.15897
7.37595
7.17136
5.92565
6.10712
6.25855
5.77538
6.36948
6.55922
6.26098
6.38195
6.81374
5.92366
6.65943
5.73502
5.9102
7.49853
6.20963
6.9913
6.10226
4.83555
5.41797
6.86507
6.24252
6.69336
6.41905
6.07368
6.31395
5.65967
6.21345
7.61508
5.9593
6.1521
5.60128
7.2139
7.1428
6.26282
6.50258
5.74764
8.22793
6.90074
6.16182
6.74568
5.03443
7.7495
6.52175
4.89732
7.34058
6.44679
6.71084
9.60585
8.23004
6.09843
6.5449
5.81015
6.13838
6.44935
5.953
6.08963
5.19307
7.03366
5.41596
7.06297
6.02681
6.60591
7.53641
5.0705
5.56809
6.2843
5.56578
6.17868
5.33795
6.28334
5.84571
6.06943
5.76491
6.49586
5.43938
7.17416
6.45508
6.8339
5.42831
6.67574
5.99883
7.82244
6.14065
5.5758
8.0443
6.31578
7.34138
7.19098
5.97197
7.47501
7.53278
5.75832
8.01013
9.16036
6.82861
6.66056
6.08928
5.19934
5.71403
6.05946
8.34721
6.40496
5.71858
6.27111
6.86377
5.16068
7.28469
6.01612
5.42068
5.8508
7.69291
6.08061
6.52489
5.75014
5.73535
9.21444
5.40832
5.42337
7.11143
6.56309
7.39875
6.74188
9.17598
6.29306
5.53385
6.29382
5.39285
6.7694
6.12586
5.27358
6.66708
6.795
6.4205
7.17816
6.45101
8.94671
8.11966
6.22491
6.19045
5.59118
6.49237
6.43463
6.00397
7.22342
6.84733
6.6805
6.20822
6.16939
5.69778
6.17246
6.46936
7.03752
5.70378
6.22076
7.68712
6.51282
7.41571
6.20768
5.69176
6.31003
6.15847
7.03368
6.42758
5.8019
6.13905
5.19589
5.37821
6.42034
6.55152
6.12545
5.85328
6.73067
5.99459
8.05855
8.48518
9.58461
5.90528
6.69888
6.597
7.88293
7.67089
6.62058
6.54082
7.12058
6.36642
8.33689
5.06785
5.87573
5.95845
7.49432
6.23248
6.31259
6.02504
7.82684
6.59437
10.3479
7.8249
5.894
6.56255
6.28419
6.06139
6.19862
5.66029
6.14595
5.79972
5.81262
6.79695
6.55898
5.41027
7.3041
6.72931
5.98631
5.56662
7.47902
5.76083
6.10409
5.54762
6.4288
5.44677
5.38646
6.44644
6.48004
6.49333
6.90796
8.52672
5.58842
7.97967
8.85391
7.66383
7.10753
6.0139
7.00757
7.23294
6.19815
6.41392
8.19798
7.53795
6.0045
6.88478
6.27773
6.45274
6.35134
5.88711
6.07111
6.72886
6.35855
6.30084
6.84395
6.97883
5.87621
5.52564
6.5106
5.77419
7.0687
6.47827
6.89396
7.89057
6.76741
6.10109
7.57694
5.89588
7.8115
7.41975
6.46572
7.01981
6.09748
6.8164
5.23533
5.91272
6.40053
6.91404
7.77769
6.37389
6.39851
6.03369
7.58165
6.95449
5.19955
6.60789
6.73198
8.65812
9.55203
6.12116
7.16197
5.44302
7.14119
6.60841
6.3238
5.93048
6.21924
6.07493
9.60908
6.78611
5.81927
5.47866
5.68975
5.94934
7.19863
4.71772
7.60617
5.84166
5.78752
5.51895
5.95945
7.17126
6.18016
6.05372
5.78037
6.14028
7.00602
6.0297
6.48484
7.79312
5.67467
5.68755
6.51806
7.85455
6.19562
7.38011
6.3689
6.38764
6.10563
7.01619
7.01561
7.54637
6.49743
5.96456
6.27668
7.03524
5.66759
5.79346
7.16517
5.13217
8.58776
5.5469
6.26089
7.02135
7.1109
5.30095
6.32168
8.39706
5.36926
11.1617
5.69873
5.90625
6.20017
6.71852
8.28786
7.15187
6.19876
6.84359
6.0233
6.2336
6.94501
5.57305
7.85404
6.19945
6.2959
6.35573
7.30628
6.28375
5.14216
8.11555
8.51121
6.50998
6.77213
7.99692
6.18554
6.36772
7.00548
5.53844
6.59914
5.99771
5.61126
9.44013
6.49444
8.03008
5.68506
6.53623
6.59513
6.48776
5.24471
8.13054
6.29391
5.88887
5.97648
5.3283
5.33112
6.26852
7.1764
7.31195
8.59951
6.83297
5.9799
6.65882
7.15053
6.77687
6.42847
6.74701
8.12862
5.3399
7.12238
7.8164
6.16041
6.19745
9.25584
9.29732
7.2099
6.83706
5.17819
7.14248
7.30393
6.02286
6.23544
6.57672
7.07849
6.30167
6.74474
6.21857
6.2566
5.49164
5.8905
7.52902
6.61017
6.25105
10.654
7.73886
6.07874
6.52176
6.30549
5.39115
7.36998
6.45976
6.45065
5.83888
5.70154
6.99872
6.61181
6.58774
7.75999
7.62093
7.33948
6.41029
5.89419
7.41379
6.628
7.15826
6.7995
6.13584
6.09874
6.3052
7.51563
5.55568
6.05355
6.74284
5.95533
5.61121
6.55974
7.64962
6.88233
5.7158
5.68928
7.25574
5.96727
6.59697
6.88822
5.99785
6.87632
7.7508
7.31881
5.65341
6.09484
6.46446
6.6216
6.81975
5.70667
5.6802
7.31879
5.96238
5.90633
5.98163
4.99636
6.57664
6.92845
6.94375
5.95797
6.36452
7.05966
6.55522
6.25258
6.6944
7.03643
6.05293
5.84418
9.47542
5.97152
6.74006
6.85103
5.62525
6.2585
5.64709
5.59175
6.50188
6.34523
8.13432
6.82375
5.57289
6.95848
7.49212
9.59526
6.20467
5.80043
7.65224
6.834
7.93564
5.82162
6.43712
5.72157
10.8467
6.00826
8.26664
6.16459
6.43837
8.2841
7.18892
5.85326
5.85328
7.28747
7.62868
6.63089
6.29695
6.29776
5.55323
7.17451
7.25499
6.97537
5.70431
6.31677
6.09565
5.9887
5.6678
5.2682
7.46381
7.72235
5.53045
6.90952
8.69838
5.20062
6.06929
8.0271
6.23959
7.03806
6.30052
5.90111
5.18363
7.17013
6.51652
6.34293
5.92724
6.62248
5.51105
5.497
6.63122
5.90987
7.24375
6.2982
7.84419
6.24622
7.16496
7.21197
6.39302
6.60509
5.94737
6.41051
6.36254
4.97691
6.82372
5.75148
7.65406
6.611
5.97816
6.49969
5.55066
5.25123
6.8274
7.57993
9.89958
8.24317
6.07762
6.52357
6.53064
6.74668
6.56007
5.67964
6.83206
7.07761
7.01185
6.75493
5.8838
6.94694
5.43325
6.05598
5.10061
7.29711
6.6007
8.37099
6.1395
7.79519
6.5004
6.62073
7.54045
5.60812
5.70888
5.72051
5.99261
5.96917
7.65924
6.05607
6.65982
7.71493
5.74394
7.16767
6.26595
5.97409
8.67365
5.45507
5.54106
5.488
8.02879
6.70063
6.29616
6.69559
6.40923
7.402
6.19256
6.47373
6.00394
6.07152
5.7404
6.79238
6.50432
5.95669
5.65424
6.46832
6.60025
6.55585
7.63912
7.29074
6.20921
6.99813
5.88889
5.50102
6.88169
7.85939
5.96892
8.28251
6.75828
5.44563
7.49649
7.19779
5.77925
6.43287
5.73604
7.48959
5.62618
5.57136
6.88614
5.83581
6.45479
5.10166
7.23836
6.31245
6.40725
7.57802
8.18244
6.59803
6.66926
6.44692
6.28923
5.9479
5.85597
6.04011
5.81568
5.48628
5.28686
5.48242
7.08586
5.00149
5.84334
5.3377
6.05519
7.44996
5.80024
6.37031
6.54744
6.26358
5.02217
5.85989
6.09171
7.42826
5.73014
5.88133
6.48953
5.42309
5.78883
6.56709
6.17333
6.39274
6.60384
7.26997
7.56961
5.71675
7.18646
6.269
5.89003
6.13896
7.26777
6.71439
7.08648
6.63894
6.83968
5.02334
8.94738
6.28563
7.53637
6.18211
6.58601
6.18342
6.56548
6.2948
6.11763
6.66316
7.62957
7.90633
5.82194
7.83946
7.75831
5.80462
5.75112
6.58749
6.1694
5.76665
5.33597
6.63527
5.8147
6.92359
8.26702
7.92599
10.2523
8.23314
6.76589
5.21425
6.08135
5.63684
7.74988
6.0113
6.69316
7.16995
5.75897
7.41273
5.015
7.29908
5.63958
6.69673
6.73385
6.61104
7.23205
5.41053
6.58931
6.51768
7.17699
6.85819
9.08251
7.67893
6.0414
6.64612
7.10926
6.15948
5.62135
5.3716
6.96836
6.45654
7.70435
5.91797
6.50576
6.33183
6.88122
6.97639
7.56668
6.42484
6.22657
5.36363
6.875
6.16776
6.87803
6.27019
6.37834
7.52617
5.73756
6.302
6.88579
5.54046
6.95728
5.89731
7.32873
6.64119
6.28284
6.89638
5.96376
7.11413
7.31597
7.45026
6.52475
6.02188
6.88757
6.49202
5.39388
6.0429
5.53675
6.1501
5.96393
7.62843
5.94859
5.74477
6.53866
6.64574
8.22715
5.65484
5.91798
7.34585
5.66043
5.88822
6.9473
7.10722
7.01704
5.51654
6.19697
6.54975
5.74828
6.33667
6.13338
6.53659
5.39281
7.5506
6.51099
6.46757
6.3073
6.33927
6.6585
6.2745
5.96932
7.71592
6.86598
9.52657
6.75344
5.67316
6.29963
6.64482
6.42641
6.5826
7.17717
7.56873
6.46616
6.9575
6.93818
5.84826
6.07161
6.8253
7.0571
8.18814
6.94122
7.07265
5.87943
5.74804
6.25142
6.19941
7.41662
6.54655
6.01974
7.16903
5.91177
6.56474
5.46513
6.39992
6.78666
5.47241
8.16749
6.49336
8.40593
5.21603
6.65137
7.40713
5.99637
5.79402
6.41193
7.19694
6.27668
6.14264
7.22127
6.1117
5.60413
5.78162
6.33464
5.87947
6.56918
6.32591
9.54131
7.38371
6.29568
6.40933
5.54781
7.50238
7.0687
6.69298
7.14827
6.76914
9.64038
5.39379
6.77384
5.72826
6.29355
5.33051
7.04139
5.61389
5.85129
5.49648
4.92937
5.9263
8.24191
5.28731
6.07714
6.49768
7.35822
6.54518
6.89385
6.48869
6.52859
6.91284
6.02705
6.54083
7.11358
7.14927
5.48561
6.80582
5.99455
6.53189
5.96814
5.91042
10.4391
5.66677
6.57444
5.26054
8.20048
5.68308
6.02055
6.79801
6.22042
6.03252
7.93805
7.11376
5.78289
5.84766
6.59005
5.6139
6.16735
7.11518
7.36641
6.77921
8.51963
5.68608
6.03867
7.11964
6.90949
9.36628
6.64434
6.50756
6.94132
6.35784
6.00778
6.20477
6.73765
6.26576
6.72095
6.53096
8.47283
7.67161
6.73411
6.53417
6.03993
7.68891
6.44588
7.42819
6.88062
7.18517
6.89988
7.81973
5.96716
7.32706
7.36655
6.51979
7.67645
7.01465
9.4937
6.46477
6.21501
7.11255
7.15248
5.83276
6.18351
9.92319
6.39684
7.57012
8.74046
5.84686
6.71693
8.78359
5.58332
6.77314
6.6092
5.12695
7.08284
5.90671
6.0397
5.69971
6.13702
8.16473
7.21543
6.80324
6.34652
6.05244
7.47309
5.99217
6.29538
5.63017
7.37686
6.34484
7.12323
6.73881
8.04854
7.24598
7.27403
6.68993
7.24993
6.05426
7.24722
8.68151
5.70334
8.98227
6.0543
6.70738
5.26929
6.04076
7.78662
6.17539
7.98806
6.41276
5.915
6.0832
6.50234
7.15616
5.75929
5.74304
7.65091
6.34977
6.18556
6.54167
6.63721
7.18465
7.71031
7.1847
6.71894
6.39711
5.70333
5.46221
6.1961
5.69802
7.18869
5.99807
6.71062
7.9932
6.10532
5.49019
6.4985
5.72091
5.03627
6.83823
5.96613
5.65115
6.83959
6.78295
6.2985
6.44827
6.07383
5.77468
8.08532
8.47025
8.65069
5.46599
7.01476
6.11428
8.66246
5.66258
7.83868
8.42647
6.17354
6.17718
7.77206
6.21102
6.3132
6.38775
6.38012
6.08341
5.92737
6.1147
7.3089
5.00189
6.4977
7.35647
6.48862
6.48404
7.41139
5.97378
6.98364
7.07
7.06231
5.47326
6.22504
6.74143
6.95511
5.84458
6.08234
6.74491
7.28609
5.94299
7.26192
6.36527
6.33035
5.85827
6.64657
6.60735
10.7055
5.76262
6.6646
6.23595
5.60296
5.64781
6.94481
7.20784
6.48532
6.55011
6.47322
6.41696
6.98303
6.15989
5.30017
7.33006
7.40138
6.1423
6.74208
7.07128
6.33353
6.35683
6.28734
7.95542
6.41985
5.95059
6.21203
6.8562
7.43891
6.11018
6.72832
6.23915
5.26516
5.61049
6.29448
5.40867
7.03831
6.572
6.60439
5.76607
5.90628
8.43489
6.25152
6.77211
7.11991
5.70482
6.32859
6.67916
5.89461
6.14744
7.96802
5.81776
7.09183
7.1333
7.01282
7.21627
8.07973
7.41887
5.90137
7.47322
6.18837
6.22222
6.39489
5.91143
7.14105
6.67001
5.83782
5.49118
5.79329
5.75799
6.63973
5.69614
6.06804
6.83844
6.03733
7.52059
8.67088
7.10166
6.74815
5.50086
5.66238
8.73542
7.22565
7.39712
6.83341
5.78242
6.48423
6.62793
6.38399
7.03689
6.14254
5.29719
5.8261
7.18341
5.6746
6.76064
7.03223
6.38148
8.44144
6.33499
6.13577
6.49287
6.0007
7.54804
6.13043
6.68842
6.59208
6.87475
6.15914
7.85948
5.42408
7.13758
5.89969
6.76562
7.11587
6.4643
9.39581
6.19722
6.05169
6.90443
6.46497
8.33955
7.51711
6.59025
9.14079
6.54581
5.81101
6.53893
6.69433
6.27801
6.96346
5.45204
6.77732
5.87394
5.67104
6.66811
6.41885
6.0985
5.95656
5.63881
6.02826
5.79068
6.1662
7.68148
5.85678
6.77952
6.39784
6.78483
8.55835
6.21293
6.19538
7.27597
6.22028
5.93897
6.27904
6.17884
5.89873
6.38718
6.86253
5.52614
5.88598
6.90894
6.38975
6.82862
5.99073
6.16076
6.78527
6.01065
8.28257
7.18493
7.02737
5.52737
6.12284
6.80983
5.58483
5.92942
5.74236
5.76253
5.46909
5.97378
7.28637
6.23941
6.05953
6.10185
5.56941
7.2454
6.43016
5.54713
6.16619
7.66596
6.67862
8.07439
7.9057
5.61133
7.32899
5.695
5.65155
6.89066
6.13914
6.25484
6.51191
6.28793
8.93641
6.86601
7.85974
6.2295
7.09634
6.15029
6.6137
7.68837
7.14138
5.78265
6.11354
5.6895
6.83903
6.62346
5.64744
6.66536
9.831
7.36401
7.60923
7.41703
8.56259
6.26453
6.37554
6.29659
7.40414
5.54279
6.35856
7.1171
6.86442
8.98558
5.86423
5.93676
8.08745
6.53315
6.79729
5.62025
5.94853
6.61463
7.8513
6.57291
6.07086
6.31739
6.59099
9.03829
6.28327
5.6081
5.11114
6.425
6.51662
9.19519
6.81433
7.40987
8.20992
6.80563
7.76551
6.73116
5.72948
7.01986
6.8483
7.91769
5.77447
9.52067
8.24219
6.8457
6.81309
7.61918
5.54614
6.68544
7.58398
5.55712
6.43653
6.01185
5.99651
7.03256
7.01041
5.68648
7.23643
5.66229
5.36574
6.41391
7.55442
6.86429
5.50109
7.19662
6.2716
5.97585
6.26425
7.35424
9.7752
8.74816
7.00345
5.99201
5.77162
6.3212
6.06679
7.7891
6.33086
6.40727
7.04235
6.21646
7.5265
7.28545
7.17797
5.92009
5.21551
7.05258
6.37846
8.19528
6.52713
5.48476
7.35949
6.76961
6.46719
7.25944
7.33167
6.40785
6.93375
6.00002
7.65568
6.13464
8.47283
6.58414
6.2891
5.8513
6.75
5.70309
6.73925
5.94796
8.49509
5.84401
6.78363
6.61917
5.35372
8.83977
7.41954
7.4146
6.92745
7.09174
6.08281
7.5078
6.01134
6.90198
6.99871
7.26613
6.40427
7.11813
6.30865
6.53978
6.14805
5.81142
6.49985
8.0617
6.49835
5.60393
5.9944
5.86679
7.01812
6.11744
6.73061
5.04684
6.62988
7.33424
6.57026
6.77723
5.9732
6.13695
6.84887
7.21725
6.1325
5.94629
5.93159
6.07936
6.34677
6.04297
6.23243
9.7058
7.49732
6.93424
7.07975
7.69246
7.16591
6.46023
8.60158
6.26243
8.5476
6.16364
8.60285
7.16742
6.066
6.7767
6.51906
6.28765
8.20441
5.56631
9.29012
6.58612
6.0306
5.31373
6.2837
5.83769
5.82312
5.25616
6.10054
7.36807
6.69683
7.4089
7.00146
5.50115
5.22896
8.35346
9.22848
5.76648
7.8619
6.11928
5.71443
5.91555
6.18506
6.95658
6.81369
6.44253
8.0855
6.08324
5.37321
7.25953
7.33236
6.50947
5.41593
5.89187
9.67704
6.25174
5.90592
7.60635
5.7083
6.78863
5.77158
5.98918
6.65079
6.46121
6.09872
7.20546
7.01366
6.67939
7.35954
7.10642
7.24287
6.14911
6.64252
6.27589
5.42947
7.17917
6.35975
6.07018
5.76912
6.80473
6.77212
5.52132
6.14825
5.82195
5.41637
6.68625
5.2463
5.21573
7.48473
5.9803
6.55522
5.67039
8.27606
6.25613
6.26152
5.05893
7.53604
10.0849
6.45675
5.67339
6.01807
6.76534
5.5567
6.40855
6.63894
7.26716
6.03744
6.14832
5.63481
6.64297
6.37193
6.90213
6.23199
7.25334
6.18986
6.92812
5.51877
5.9045
6.24513
6.48999
6.03466
6.51123
6.83135
6.78207
5.86719
6.50021
6.12452
6.44093
5.62379
7.38304
5.88153
8.14422
6.86741
6.60571
5.65014
6.77525
7.123
6.85879
6.92359
6.74528
5.67618
7.0267
6.15614
6.71228
6.10403
6.08665
5.83431
6.74985
5.83759
6.50214
6.25342
6.06252
6.25739
7.6348
6.69632
7.10735
7.06593
8.3714
6.08244
6.66928
7.02917
6.66772
6.86839
6.16852
5.75227
6.46835
6.68798
8.69054
6.48183
6.70272
6.13183
7.45979
6.30899
6.7457
6.65913
6.21019
5.58596
6.39631
5.719
7.74564
7.97631
5.83465
6.55339
5.51904
7.19268
6.76115
6.70695
6.94607
7.26381
6.24372
8.11299
5.93766
8.12028
7.86919
6.55623
5.81311
5.6827
6.77406
7.06427
7.23607
6.34716
7.18403
6.70806
5.29967
7.16821
6.95836
6.43649
7.25489
6.34156
6.85288
6.48624
7.87428
6.10415
6.7672
6.33603
5.87
7.22541
7.23887
6.39964
5.71487
5.95484
6.65213
6.94346
6.39044
5.80224
7.37005
6.75963
7.43817
5.70243
6.81949
6.51456
6.56193
5.88654
7.57359
6.1178
5.75076
6.87832
6.09111
5.22078
7.07358
6.15545
6.44639
6.40346
6.45486
7.98453
5.72244
6.50486
5.55112
6.03645
5.71914
6.25391
7.00192
6.45502
7.93731
6.32328
6.22299
6.94539
7.55125
6.21277
6.23646
6.62855
5.71386
6.1691
6.52486
6.61438
6.35232
5.66576
5.94039
7.24001
6.38287
5.27208
6.41093
6.87817
5.97944
7.33419
7.08747
7.15293
6.87922
5.72855
7.40019
6.70043
5.43701
6.81262
6.64593
7.46143
6.16714
6.45549
6.85397
6.33515
5.85928
5.50379
5.8445
8.30808
5.75301
8.15975
7.14219
8.01906
7.00177
5.88537
6.87421
7.96943
5.76459
5.76434
6.02379
5.57678
5.6384
6.25842
5.74601
5.37443
6.94433
7.22606
7.75785
6.06846
6.38061
6.06901
5.61579
7.50753
5.89432
7.1246
6.04657
7.68718
6.35122
6.80452
6.48564
5.60258
5.37612
9.69594
6.26822
7.71639
5.5406
8.98327
6.2089
6.46689
7.30812
5.8904
6.01815
6.90306
6.92627
5.86645
5.81448
6.48109
6.44513
6.37725
5.62835
6.37968
8.04662
6.20467
6.25505
6.28287
5.72867
6.5018
6.33441
6.22128
7.7146
7.46971
7.43203
6.64911
7.39328
6.61052
6.01812
7.26557
7.57818
5.84658
7.30456
6.02574
5.56333
7.48894
6.71453
5.70375
6.24762
5.21581
7.90785
6.35185
7.00853
6.51114
6.00944
9.28375
6.11163
5.69058
7.11422
9.3354
7.26314
6.40571
6.56083
7.30033
10.6772
6.44948
6.77457
5.54139
6.24743
5.5844
5.9375
6.42415
6.67039
6.3107
6.19535
7.52929
6.30625
7.49802
6.10903
7.25592
5.51574
6.36853
7.8354
5.8955
6.48889
7.03234
6.0417
6.78717
5.85694
7.01986
6.81164
6.52607
7.00506
6.96344
5.7381
6.70662
6.00885
5.70668
6.15596
5.1456
6.94422
6.1808
5.92341
6.51725
5.32634
7.01435
7.65241
8.35395
8.21145
6.75744
5.7023
7.06361
5.75897
7.05876
6.10232
7.38872
5.979
7.49659
6.30584
7.3168
6.4832
6.02143
5.81984
6.3964
7.02735
6.92999
7.96424
7.44619
5.45671
5.43723
5.82107
5.24099
8.06411
6.03435
5.95639
5.82777
6.38344
6.15484
7.6057
7.09077
5.84843
6.33231
6.4977
6.15249
5.97437
6.1679
6.08938
6.22484
6.17796
6.17854
7.79552
5.42732
5.68266
5.76291
7.10918
8.65816
7.2217
6.03859
8.86758
7.11928
6.56023
5.61007
7.12447
7.08562
7.41902
5.97575
7.12272
6.04945
6.79588
6.77805
6.56981
7.01831
5.43023
8.19667
6.39336
6.3181
5.81587
6.4284
8.64078
7.74773
8.00078
8.37127
5.57135
5.98289
6.25291
6.49691
8.01866
6.53785
5.84893
5.93354
6.0103
6.79848
7.38791
5.99521
6.35297
6.42354
5.7601
7.91214
6.85569
6.38943
5.89643
7.00456
6.76055
6.79526
6.34587
7.12886
6.71901
5.6717
6.25393
6.32559
6.50948
6.86048
6.78568
6.38182
5.66664
6.60645
5.07327
5.75719
7.0837
5.72118
8.16938
6.1195
5.38193
6.28431
7.47297
6.44211
6.43803
5.54212
6.58879
6.06051
5.73036
5.94522
5.75975
5.89772
7.10717
6.20005
5.3819
8.36143
7.40217
8.27911
6.5001
6.08124
6.5269
6.08749
6.4188
6.23346
5.54379
6.51299
6.8876
6.61807
7.4197
6.32533
7.13133
7.24098
6.67303
5.65874
5.87531
6.0563
5.82803
6.64335
8.26094
5.31771
5.80986
5.36821
6.14719
5.39189
6.9591
6.21822
7.10588
5.76126
6.81689
6.10535
8.5694
6.48019
7.09753
5.7814
5.96749
7.42076
6.84679
6.81359
7.0101
5.40133
5.72643
5.47034
5.91361
5.8894
7.40116
7.27269
6.70663
6.21418
6.31321
6.24299
8.2619
6.46589
6.34861
8.38019
6.60153
6.70351
6.10271
6.1626
7.99517
6.42315
7.31232
6.56975
5.53248
6.44404
6.09995
5.66583
7.46689
6.4972
7.18797
5.32819
7.04724
7.72295
6.34279
8.78022
6.78058
6.22015
5.59894
8.17473
6.77248
7.00129
7.49105
6.21984
7.33225
6.67199
5.7084
5.95372
7.24406
5.55401
5.53506
9.88408
7.12348
8.52301
5.52638
6.29037
5.37544
5.31982
5.75721
6.62959
6.2566
5.48318
8.64602
5.54661
7.4212
7.57882
6.57935
10.834
5.51013
7.47451
5.67064
6.78944
5.75435
7.01352
6.19164
6.65249
6.35869
6.34649
5.93389
5.79488
5.55139
5.76655
5.62188
5.76134
6.34016
5.4464
5.47502
4.97095
5.57778
6.59255
6.01462
6.47681
7.37353
5.87131
5.51085
6.05124
6.26215
6.6949
6.10802
6.24354
9.28365
6.24883
6.46837
7.31243
6.41996
8.01889
5.76263
5.98748
6.40878
8.28311
6.71596
5.534
6.81963
6.92637
5.96635
5.97826
5.07715
6.08478
5.86856
6.19343
6.19285
6.55312
6.80946
7.09877
5.35314
6.00999
10.2294
5.25459
6.61601
6.38368
7.38514
6.79066
8.37307
6.4383
7.21741
5.28844
7.86104
6.27773
8.29079
6.29598
6.57637
6.0932
6.35386
6.83544
6.33525
6.50056
6.54548
6.75559
6.99063
6.74627
7.11323
5.41445
5.72869
5.80793
7.62105
6.69093
6.16649
7.86968
7.03715
5.6113
6.24205
6.83146
6.12692
6.15333
6.82282
6.14857
5.83558
5.56393
6.60643
6.03323
6.38002
7.96845
6.62438
6.06509
5.58428
7.15271
6.29056
5.97495
5.82782
5.90035
7.32433
7.09943
7.06105
6.86903
6.34344
6.57165
6.1405
7.18615
6.30316
5.94654
6.46198
6.35739
7.00028
6.84595
9.02417
7.0327
6.62712
6.32133
7.08917
7.9468
6.54256
5.99895
5.84539
5.81324
5.62333
6.07851
6.31163
5.37757
7.45175
7.32118
6.31794
6.04389
6.47391
6.90455
6.37066
5.2307
6.50179
7.2689
8.74797
8.77342
5.84526
5.73405
6.24191
6.33864
6.96421
6.12798
5.41563
6.70933
5.89073
8.3695
5.21717
7.29097
7.05954
5.73833
5.37116
7.14574
7.09806
6.94726
6.13146
7.10786
7.26202
6.36293
6.54365
6.01952
6.25788
7.70829
5.31477
6.64801
5.83612
6.35331
5.91519
8.55164
6.11348
6.51994
6.92457
6.42258
7.0261
6.25058
6.43722
6.50661
6.61576
6.96806
8.72254
5.5354
5.6615
6.0526
6.6328
5.1889
6.24404
6.45098
6.03311
7.65247
6.507
6.32396
6.28763
6.96312
6.89893
6.25935
7.04437
6.45902
6.30235
7.59995
8.38725
5.70624
5.4451
7.62848
7.86263
6.54386
6.75234
8.32726
6.79663
7.58397
7.28212
6.46941
7.52405
7.09689
5.79946
5.45763
6.15546
6.25175
6.80533
10.1228
6.13634
6.031
6.19127
6.82414
7.07137
7.0899
8.07404
5.58865
6.61624
6.25591
5.81459
6.69534
6.9987
5.42702
8.44996
6.09869
5.71291
6.27162
5.73909
6.78538
6.05384
4.80216
5.84506
7.90629
5.54765
6.69898
5.42428
5.9247
6.42397
5.39137
6.72972
6.61219
6.16222
6.31957
7.63675
7.66808
5.87457
6.35635
6.745
5.10119
8.21882
7.04863
7.47375
6.47287
6.84534
6.15919
5.86413
7.84722
6.44636
6.0363
5.84127
6.36302
6.07388
7.48541
6.05789
7.27133
7.49371
7.77084
6.0381
5.60183
6.42662
5.68088
7.60206
5.7373
6.63315
6.45914
7.46105
6.30683
6.66247
7.51258
6.13791
5.78065
6.47988
5.96198
6.26525
5.62047
6.10259
5.87246
7.45108
7.76954
6.24352
6.17055
9.21219
6.93296
5.90793
6.24882
5.91327
6.71716
7.41606
7.48334
7.31577
6.99139
7.3594
5.97455
5.98718
6.72074
6.58794
7.59636
6.26159
5.95502
6.64722
5.64867
7.30775
5.58646
6.7435
6.40088
6.40959
6.03818
6.31842
7.13332
7.42274
6.46054
6.03056
6.35156
6.05585
5.64849
7.62964
7.39574
8.79378
7.10656
5.89855
6.74633
6.35816
7.22174
7.46817
5.96804
5.62398
6.30538
6.25177
6.72663
6.26724
6.54827
5.86379
6.18799
6.50049
6.93598
6.27604
6.10917
8.52633
5.69685
6.09226
6.2866
7.30411
6.18939
5.35049
6.63402
6.30374
7.27476
5.4446
7.44674
6.88141
7.8499
6.2593
6.51494
6.75258
6.90875
8.07497
5.57952
6.24959
6.28159
6.96347
6.47364
6.85661
6.31448
5.86734
7.29239
7.30481
8.13619
5.86518
7.10234
5.51715
6.52037
6.04227
7.53108
5.79556
5.49114
5.48729
7.09948
6.53567
6.23165
5.98519
6.01612
6.92034
6.17489
7.52475
5.88844
9.36006
6.09519
6.29827
5.94782
8.72675
8.36569
5.92841
6.46309
5.49807
5.5401
8.12576
8.28716
6.40865
6.30252
6.91905
5.84402
6.35871
8.00139
7.71966
6.43988
6.42349
5.01989
7.5203
7.19383
6.21526
5.45017
5.845
9.48074
5.72181
6.82336
5.73463
8.42439
6.46407
9.85447
5.9907
5.67376
6.62423
6.0321
7.12408
5.13359
5.86626
5.61569
7.00229
6.58137
5.80323
9.00771
7.17357
6.68684
7.33033
5.59975
6.61765
6.87799
5.83425
5.57368
7.19688
5.92409
5.60924
5.88321
6.07167
8.25186
6.99815
6.77786
8.06232
5.12741
7.12258
6.27171
5.59962
6.38035
5.56328
6.51362
7.34353
5.70404
7.4496
5.03501
7.11601
6.07202
6.9326
7.41424
7.76501
5.78127
6.18972
7.00068
6.97755
5.69827
5.69147
7.03183
7.64266
7.25654
5.2535
6.93518
6.55974
6.89619
6.79314
5.75428
6.86272
6.6358
8.49684
7.32906
6.47894
5.7002
5.92412
6.68618
6.76456
6.04635
7.65559
6.38293
6.40516
6.14521
5.87321
6.87501
5.81873
6.47802
6.58989
6.23008
6.66575
6.71887
6.90949
5.67036
6.11462
6.94033
7.03125
5.59291
6.2834
5.38716
6.16736
7.00085
6.64188
6.71381
6.22381
6.36882
6.92463
8.4662
9.02676
6.53587
6.46606
5.36335
5.46505
6.21405
5.14948
5.24125
6.13308
5.62554
7.40808
5.89177
6.24125
7.10614
5.90966
8.19248
7.14755
6.84867
6.75491
6.11881
6.11011
6.28074
5.64098
7.76595
6.70788
5.62641
6.98477
6.20959
6.86719
6.14268
6.95598
8.42734
6.44917
6.3886
6.60316
8.12305
7.29469
7.5845
6.16996
6.04892
6.01895
7.34663
5.66705
6.53428
5.87335
5.83332
6.64559
5.81982
6.59837
5.87747
7.4763
6.77939
6.37333
5.93431
7.118
6.07824
8.70539
8.3576
5.83917
6.35134
6.85236
7.51922
6.10011
5.34444
8.00549
4.93442
9.51901
5.01638
8.07526
8.04452
7.67087
5.42239
6.02798
6.79543
5.77996
8.47649
6.27368
5.61486
5.64686
5.48771
6.04028
6.5991
5.70057
5.61589
5.62462
6.88593
6.64509
6.41587
7.32874
6.47225
7.9747
5.79193
6.72381
6.3816
7.14276
6.63532
6.84452
6.18881
7.72334
6.37832
6.31932
6.54475
6.35732
7.52954
6.45026
7.40965
5.44918
5.81206
5.79095
7.32443
7.8483
6.09814
5.7577
5.66447
6.2666
7.10588
5.9319
5.3459
6.06148
5.7041
6.24914
5.57252
6.23712
6.13845
6.91777
6.72093
6.80941
7.1857
6.19826
6.51633
6.49301
5.94726
8.93581
6.20969
6.01953
6.43044
8.21568
5.75714
7.01521
6.78591
7.02607
5.8594
7.38578
7.00445
5.74108
5.67212
7.41918
5.97513
6.11172
7.04897
9.12162
6.08426
5.56074
5.89829
5.80869
7.27896
6.70675
6.77794
5.89945
7.81691
6.1245
5.2917
5.45954
6.2512
7.01852
6.86572
6.43931
8.24508
6.39189
7.50943
7.40956
5.19742
7.84589
7.34004
6.38752
5.88954
5.48185
5.21621
7.08036
7.64404
5.96886
5.82911
5.38611
6.00188
5.60807
6.65527
6.19531
8.74909
5.98805
6.96752
7.50216
7.05011
5.92371
6.13087
5.85875
6.05942
8.05379
6.67747
7.79301
7.32995
7.47438
7.01711
6.04099
5.62993
8.36668
5.84123
5.78464
5.92375
5.55064
6.37483
6.48981
6.44362
6.67833
7.80113
7.55629
6.05383
8.32665
7.22805
6.78965
5.83971
5.6456
6.19155
6.16059
6.58207
6.88773
6.05966
6.71189
5.80799
7.18904
5.51807
7.45063
7.80422
6.35309
12.7574
7.60929
5.89702
5.76204
6.91314
6.78762
6.2683
6.3322
5.8353
7.03615
6.38255
7.46837
8.04756
6.47253
5.50885
5.43761
7.22533
5.82227
6.62883
5.79178
7.32199
5.99124
6.27114
6.26873
6.10886
6.08647
6.5771
8.19923
8.3649
5.9332
5.2895
6.07485
7.83712
8.96113
6.42187
6.64532
7.68213
6.40184
5.99145
7.23537
8.11475
7.81559
5.65848
7.14111
9.2998
5.23964
7.58709
5.56967
6.43722
6.6328
6.04764
8.76528
6.60015
8.73987
6.35277
7.33738
8.01673
6.1484
5.90661
6.86375
6.42836
7.19681
6.72949
6.95566
6.27962
5.68868
7.42751
7.07445
6.51628
5.88038
5.86864
6.40975
5.66966
5.96851
5.68613
6.90303
7.82077
6.07909
6.07762
6.80996
5.22414
6.99783
6.6109
6.17328
8.67581
6.99687
6.16201
5.68384
6.03688
5.73258
5.72236
7.46349
6.98901
5.99054
7.93419
6.59854
6.59045
6.76548
6.8522
6.77093
5.60116
7.40412
7.19418
5.00618
6.80121
6.20318
7.94053
4.88911
6.37425
5.80784
6.06285
6.03073
7.1599
6.59647
5.575
7.1208
6.25571
6.82514
7.1542
6.51311
5.9607
7.05775
5.47902
7.55473
5.9239
7.13784
5.76961
6.19598
6.32684
6.38474
6.79405
6.23459
5.5966
5.78793
5.64364
7.95234
5.93069
7.44061
6.80109
8.8065
6.22649
9.92205
7.18822
6.92032
6.13772
7.59126
6.58214
7.88288
7.26577
9.54583
6.02379
9.07762
5.37493
7.71012
7.4752
5.61224
6.16403
6.83112
6.61522
7.35596
6.6205
5.8193
7.97141
6.51077
6.44702
7.19517
6.4348
5.27755
6.58988
6.46724
5.94874
5.72076
5.84291
7.89446
7.19363
6.82578
8.18823
5.24318
6.31397
6.16117
6.37233
6.58687
6.30092
7.17723
7.51599
5.72531
7.02361
7.87633
7.86141
6.67644
5.70784
6.06898
6.01992
6.34649
5.2078
6.11513
6.25496
6.37202
7.49183
6.16952
6.37001
8.02346
5.73841
7.52413
5.83735
6.26964
6.01803
6.82887
7.40335
6.049
5.94978
6.52839
6.41873
7.49607
6.63204
6.68115
8.5421
7.21438
7.33518
6.3632
5.44571
6.37503
7.10705
5.02871
6.35767
5.74634
7.7936
6.57048
7.66973
7.43656
5.8427
7.7418
7.19167
5.9131
9.07726
6.03514
6.43268
8.10395
6.80739
6.50449
6.96661
7.81968
6.3252
5.96987
6.16913
6.32741
8.22202
6.33765
5.87347
5.64779
5.58938
5.5997
6.45304
6.4528
7.10309
7.62214
6.51073
6.84204
6.24976
8.13763
6.00628
5.28678
6.48742
8.00113
5.77323
5.75328
7.6427
5.75133
6.2177
6.78248
6.07809
6.00696
6.00212
7.63231
6.09239
11.1603
6.42643
7.63717
7.52583
7.62596
5.77783
5.89602
5.58244
5.7891
8.99769
8.63274
8.67179
8.32416
5.53516
7.21769
8.04088
6.92791
7.36203
6.80258
7.67652
6.34679
6.90909
6.67948
5.79438
5.09792
8.5691
5.45061
5.88542
6.87845
6.92361
7.66675
7.86793
5.07725
6.40513
5.89638
7.28696
6.89194
9.33659
6.75907
6.97934
5.96406
7.02019
6.33646
6.79332
6.64123
7.84892
5.8041
6.13194
7.64593
6.82081
7.31113
6.41332
5.3977
6.7071
7.78037
5.95096
7.39201
6.09384
6.89718
5.29262
6.18065
7.43266
6.55091
7.42299
7.46396
5.99124
7.17217
7.97663
5.54707
7.16874
6.59994
6.06725
5.86295
6.04068
6.11058
7.28833
5.46007
5.93554
5.54928
7.51856
5.64253
5.92198
5.53621
6.18509
6.85907
6.16904
7.48914
8.08006
6.63937
6.02784
7.76767
7.3053
4.86058
7.2462
6.28614
6.57914
7.72312
6.2035
6.60276
7.00786
6.81812
7.98243
6.13752
6.76302
6.58179
6.5018
7.33807
5.89893
7.61975
6.30769
7.62471
6.03057
6.05489
7.19491
7.61711
6.12696
4.99252
7.86003
6.85575
5.35092
7.80114
5.17553
6.66046
6.29053
6.43105
7.63955
6.74451
7.18262
7.65185
6.09387
6.58054
7.68041
5.79929
6.08147
8.36433
6.07353
7.2796
5.68426
6.41437
6.40561
7.2733
8.41774
6.31575
7.32315
6.13984
5.79052
5.58237
6.34135
8.13505
5.89002
7.00683
7.48414
8.572
6.10075
6.0106
6.47765
6.39581
5.76588
6.531
5.56369
6.0976
7.07945
6.00673
5.30162
6.20972
5.79878
6.09422
7.14819
5.30795
5.54539
7.40681
6.65591
7.81628
5.70334
5.91759
7.34812
6.57926
6.43161
7.14185
5.277
6.7806
7.61653
5.79642
6.71514
6.01701
6.44378
6.10488
5.74115
8.00929
6.84507
6.12195
7.24733
5.72268
6.70429
5.59303
6.68701
5.57414
7.94584
6.38298
6.43222
7.15948
5.56934
6.53904
8.50923
5.65802
6.57119
7.40704
5.89781
7.46138
6.26352
6.25224
6.43177
5.65507
6.89562
6.28921
6.0464
5.68887
7.86725
6.06292
6.06736
5.40317
7.41658
7.27322
7.03337
6.57634
7.95958
6.20182
6.31247
6.87791
6.28343
7.31213
7.59541
5.96169
6.55324
6.3547
6.14431
5.45829
7.04564
6.63034
6.33441
9.35464
6.11711
5.27115
6.65824
7.30622
5.17029
7.40158
5.89705
6.15516
6.63993
6.76334
6.23581
7.12655
6.37335
5.82706
7.23996
6.56617
6.97944
5.99514
6.29803
7.41973
4.97861
7.97001
7.93106
6.47026
9.17689
6.70346
9.11135
7.50678
7.14747
5.99579
6.15489
6.18811
5.66341
6.01315
6.84498
6.16817
6.81959
6.60497
5.33131
7.49736
5.89353
5.62852
6.25606
7.51254
6.94919
6.80156
6.25562
6.90228
8.82026
7.78454
5.88432
5.83345
6.9501
6.00063
6.38118
6.37905
7.69095
6.00794
6.47932
5.79024
6.42486
5.8196
7.83133
6.54104
7.04683
7.31647
5.63069
6.034
6.73171
6.17487
5.89321
6.49013
5.82748
6.53934
5.85238
8.52423
6.49917
6.48943
7.65988
6.08858
6.1429
5.63012
7.08148
6.1109
8.78016
6.21166
5.25255
5.83014
7.58571
7.95721
6.03511
7.73884
6.32842
5.58305
5.59902
5.74897
6.309
6.85394
6.33583
5.67974
5.69904
5.16288
5.97945
6.26467
5.54453
6.27287
7.69757
5.15557
6.61577
5.60947
6.39773
6.74058
7.20472
5.89631
6.06314
8.24871
5.75674
5.2586
7.17756
6.42432
5.7141
7.11709
6.04838
5.68898
6.68842
6.32688
5.98974
6.55305
5.513
6.74559
6.00707
7.27423
5.81376
5.37097
6.06966
5.39081
7.40299
6.6594
5.94633
6.25145
5.57025
6.75139
6.76589
5.99532
5.98825
7.04616
7.01073
6.416
6.28763
6.32175
7.01449
6.24409
7.02153
5.33895
7.73396
6.97174
7.42736
7.37681
5.84473
7.54832
6.23968
6.35111
6.4621
5.61961
5.80441
6.39936
6.79738
5.80478
6.9585
6.52701
6.39342
7.50164
5.9486
7.66502
6.62869
5.26601
6.84178
6.56981
6.79103
8.5869
7.33293
6.92514
7.07029
5.79431
5.39373
8.51754
5.83025
6.89007
6.17824
6.73633
5.57494
6.7217
6.42001
6.59496
6.41688
9.20652
6.2086
7.95125
7.45849
6.50593
5.96627
6.72061
5.58024
6.02463
6.43028
5.27052
8.38818
6.27499
6.51484
6.9364
6.01384
7.16563
7.22435
7.52262
7.50162
6.54169
6.19715
5.88858
7.21851
5.28392
6.42257
6.77935
6.55265
6.20748
6.17762
6.35377
5.0461
5.29493
7.27864
6.90921
6.95775
6.71708
6.90893
6.56457
5.2914
6.32635
8.35015
6.9874
6.25511
6.37658
5.26601
5.6366
6.89015
6.87673
7.1208
7.24392
5.56772
6.0571
5.35325
5.50374
6.15105
6.2739
7.29018
7.71725
7.05637
7.12341
5.95097
5.51309
5.64804
5.91574
6.73988
7.25704
6.22842
8.37979
5.9679
7.79245
6.62757
5.85041
6.84883
6.54583
6.13094
5.92693
5.8866
5.69766
5.70184
9.34303
6.69595
5.93964
8.44744
6.08367
5.55495
5.88491
5.65707
7.94544
6.61298
6.91996
7.02554
5.7363
7.20018
6.25173
6.33633
6.07752
9.76077
7.26033
6.43915
5.83448
8.74306
6.1366
6.09707
8.2684
6.12367
6.01398
7.35928
5.34304
6.14602
8.07944
8.15835
6.42441
6.23036
6.40596
6.92512
6.48378
5.77222
5.56367
8.59538
6.90279
7.18836
10.0025
6.03732
6.72116
5.57449
6.76314
6.39597
6.07074
6.78715
6.1045
5.99933
5.57853
6.07105
7.66565
7.01916
5.5197
6.38722
5.08525
6.42323
5.12532
5.8654
6.57599
6.5444
6.0731
8.08318
6.7885
7.17585
5.71599
5.66033
5.85233
7.41992
7.35072
7.12884
5.67139
6.64008
5.85218
7.11397
5.95398
5.77571
6.28177
7.26475
6.00549
6.31945
6.52678
5.98516
6.28354
6.40275
5.45701
6.20045
5.67098
6.45996
5.34261
7.02159
5.12364
5.97579
7.49624
6.95075
6.22233
8.03711
6.08181
6.44748
6.83116
5.44147
5.78966
5.95471
7.39775
6.68538
6.30907
5.42744
7.01414
6.51785
6.55315
7.9507
6.1566
6.31438
6.73302
6.16283
5.28231
5.69645
5.85722
7.48155
5.3799
6.10269
7.42667
6.59464
5.81861
6.53405
7.0531
6.273
6.7424
5.86074
6.19474
7.6748
7.52626
7.01737
6.89984
5.68008
5.56279
6.47935
5.83808
5.63238
6.19618
7.06237
5.74425
6.04806
5.7196
6.02169
6.22426
5.76803
7.38175
6.1963
6.14371
6.54118
6.90651
5.48164
7.16644
6.52185
7.12418
5.84664
6.94119
6.07517
5.7218
7.80051
6.07908
5.94759
6.91798
5.86
7.61856
6.26524
6.0034
6.10154
6.50171
5.81694
6.67495
6.23701
7.09949
8.43722
9.15653
6.23425
7.78457
5.89668
5.96424
10.6362
6.82293
6.91427
6.2757
5.82469
5.70099
6.38238
5.97417
7.737
5.84585
8.49177
6.62085
6.44301
7.39992
6.48972
6.03539
7.00541
6.59966
7.91056
7.02904
6.09887
5.86748
7.59696
6.54798
5.69453
5.68971
7.23633
7.1262
5.56536
6.32399
5.68405
5.8114
7.32331
6.22119
5.81515
5.70229
6.52679
5.73664
5.32895
6.77393
7.15392
8.57237
5.22133
5.75826
6.74234
5.57574
8.87887
8.64733
6.93195
6.88201
6.96521
7.23177
7.70483
6.71423
6.49639
8.83845
6.67306
6.72558
6.46869
5.94991
7.0305
6.02116
5.87329
6.35041
5.73514
8.12436
6.68256
5.32388
6.49927
6.5793
7.92013
5.90398
5.72229
5.86247
6.49328
5.06863
6.3686
9.12697
7.81911
6.7228
6.75535
6.5781
6.0606
5.59695
7.20196
7.10778
6.18984
6.07414
8.02036
8.08915
6.28558
6.62702
6.37213
7.04749
6.41108
7.52256
8.54247
6.17082
7.83148
7.40391
6.71344
6.74043
5.26102
6.66411
7.98047
6.11373
6.12911
6.91027
7.2436
5.99882
5.93238
5.44232
5.86335
7.88481
7.6815
7.4133
6.70899
6.04105
7.08987
5.51179
5.81724
7.47135
7.38108
5.45495
6.24121
7.35653
6.68809
6.07751
5.94707
6.16303
4.8934
6.13123
6.37853
6.90787
9.32812
5.79667
6.03975
7.9616
6.40509
5.49999
6.95243
6.58609
5.41167
6.69936
5.52568
5.74345
8.60837
6.11862
7.25686
7.55719
6.43853
5.8684
7.61694
6.1261
7.35438
6.94592
6.56452
6.75317
6.18597
5.4874
7.50425
5.49273
6.12565
6.12215
6.75048
5.84494
6.86105
5.56514
6.17011
7.98474
5.48218
5.42867
6.82754
8.04069
7.33345
8.94791
6.05171
6.03134
6.09959
5.97512
6.34823
7.80007
6.62492
8.10334
6.16519
6.17459
5.9763
6.75509
6.03999
5.89971
6.60963
7.45703
5.61914
8.75833
5.67365
8.96607
5.92899
5.57767
6.78552
5.66998
6.69466
6.15098
6.13073
7.77034
6.35309
6.51668
5.52283
6.02715
5.47473
6.22652
5.61053
6.90082
5.57671
7.32419
5.9391
5.89992
7.61708
5.66198
6.11635
7.2758
6.97525
6.69328
5.45493
7.56337
5.45128
6.41088
5.84825
6.26582
6.13076
7.20784
8.25543
8.56919
6.29902
5.32301
6.0542
5.74641
7.60798
5.31075
6.6957
7.02603
5.58079
6.27899
5.98715
5.66562
6.1265
6.46889
6.49289
7.00461
5.78561
7.84216
6.07874
7.65678
7.21853
7.99095
6.59124
7.16216
6.1883
6.86541
6.19823
6.32397
7.06418
8.39159
6.22386
7.28025
5.93699
5.82639
5.63854
7.48179
6.87306
6.33128
6.05799
6.01893
6.31179
6.01223
6.76165
6.85068
6.61024
5.96054
6.1582
6.12202
6.36535
5.95898
7.60826
6.84353
6.39853
5.24942
5.59725
8.02915
5.99562
10.2188
6.77768
6.11561
6.34235
5.83864
7.3134
5.95559
5.76856
6.43645
7.65807
6.70277
5.60597
6.28093
6.16625
7.96178
7.01104
7.89027
8.23942
5.8783
6.00942
5.8979
6.35232
6.50284
5.71145
5.42577
5.69561
7.71741
6.48005
5.55461
6.47235
8.17544
8.2371
6.16641
7.02126
6.23124
5.81107
7.94854
8.33034
5.08644
7.0711
7.90864
5.48099
5.83029
6.06463
7.17179
6.47104
7.28027
9.36664
8.45639
5.21265
5.71127
7.57305
5.73497
6.00131
5.73232
5.71896
6.683
8.12992
5.66993
5.51722
6.31815
6.00607
6.8288
6.19198
6.5608
8.8451
6.92484
7.20011
6.06651
6.30773
6.03991
5.34069
5.10241
5.09182
6.85585
7.56363
6.90517
5.37988
5.86438
5.12259
5.7593
6.95554
4.91364
7.51833
5.72998
7.03499
6.01704
5.49686
5.83827
6.68619
7.53918
4.95545
7.10619
5.96438
6.33291
6.38572
5.50277
5.44596
5.60466
6.05126
6.05598
5.71659
6.35534
5.96586
6.70362
6.18751
6.85023
5.69341
7.0945
5.43954
6.56209
5.40184
6.2872
6.38353
7.28872
10.3841
5.23927
6.92105
7.08276
5.74758
6.15571
6.63454
5.46769
5.87683
7.37078
7.03863
6.09538
6.15539
6.35685
7.68187
7.93879
6.26096
6.8116
6.54813
7.04692
6.8992
8.5114
6.56121
6.31805
7.15787
6.48738
6.03877
6.54062
9.96483
7.30346
9.39315
8.42823
5.78261
5.63856
7.21561
5.42714
6.79279
5.88135
7.40101
7.74033
5.78367
6.22066
6.98185
6.53051
7.65985
6.64234
9.5524
6.99253
6.42393
6.67659
5.77618
7.06372
5.2596
7.07458
5.34698
7.12584
7.01016
5.95448
6.10451
7.00262
8.40503
5.50287
6.14842
6.54467
9.8545
8.13168
6.33492
5.75573
5.8551
6.80139
6.60317
6.28732
7.63243
5.47048
6.0251
6.2062
5.94251
6.35969
9.08672
7.72326
5.99116
7.21287
7.33709
7.22953
5.92997
7.18478
5.75097
6.0562
6.04202
6.50383
7.9019
7.10994
8.37705
6.42407
7.0268
6.51869
5.52755
7.66892
6.10921
5.92709
6.88234
6.84474
7.38592
6.23089
6.03091
6.54976
6.6433
6.34957
5.08141
8.00514
6.34031
7.82104
6.43269
5.87965
7.00904
7.76367
5.9615
7.137
5.85619
6.10891
5.62555
6.19572
5.79831
8.42473
5.46965
6.64741
5.71877
6.02167
7.18673
6.44358
6.16833
7.08336
5.68502
7.10693
6.75075
6.73773
5.89597
7.65525
7.11113
7.06088
6.73523
5.32502
6.80109
7.6474
7.13369
6.8842
5.97001
6.29464
6.14532
7.87096
6.66685
5.73165
7.01897
6.51146
7.29765
5.19778
6.34887
6.51463
6.1762
7.19884
6.07474
6.9028
7.335
9.11536
7.57127
7.77315
6.44524
5.41574
6.41865
6.41752
5.51811
6.81284
9.84819
5.6722
7.20578
5.32327
5.92492
6.06008
5.54673
6.7265
6.35497
6.30583
6.43375
7.21356
6.82062
7.42738
5.50257
6.74309
6.93568
5.53489
7.21723
5.51116
6.82912
7.91307
6.45643
6.00369
6.3198
6.55687
5.35315
4.81616
6.4459
7.2598
7.36081
9.63419
8.93473
5.86989
6.23266
7.68687
5.92418
6.36108
6.64622
6.43245
6.32428
7.17381
6.41734
6.29583
5.93012
5.80184
5.6589
6.00442
7.6272
5.24626
6.38463
7.01692
6.80092
7.46177
7.16513
5.66226
6.80225
5.70112
7.14104
6.15944
6.40652
6.22621
7.21338
6.65626
6.66975
6.94575
6.92328
7.14048
6.41567
8.87443
6.10212
5.46428
6.20952
5.95825
6.75257
6.2355
7.15258
5.624
5.92247
5.35167
6.32996
5.6166
6.19734
5.09757
6.39729
6.21868
5.72485
7.70455
6.14343
6.16164
6.8368
5.80199
7.63957
6.04369
6.0434
8.27581
5.87842
6.51861
6.9088
7.52007
5.97538
6.14011
5.99409
5.94113
6.70834
6.07495
5.7094
5.4101
6.44421
7.94999
6.71053
5.83254
5.78222
6.26345
6.48479
10.8574
6.40948
6.6761
5.71911
8.324
6.31201
8.38441
5.62937
6.28577
6.59066
5.34257
7.75343
6.48358
7.78205
5.96895
5.25136
7.17569
6.20096
6.23166
5.59614
6.26649
5.8992
5.53265
6.56777
7.16418
6.56969
5.83397
7.95221
5.91885
4.98039
6.87126
7.38586
6.63229
5.52015
6.55155
5.45916
5.98822
7.15887
5.8084
6.97845
7.31389
7.60452
5.69801
5.99009
7.05933
5.67111
6.43354
5.88041
5.8828
7.44625
7.63208
6.9861
7.37743
7.09739
6.50315
6.33169
6.38251
5.48164
9.31121
6.45321
5.83052
5.62267
5.68224
7.60706
7.88895
5.40766
7.2986
6.29158
7.15043
6.83925
7.66926
6.07466
8.26985
6.26845
5.91495
6.08017
6.66818
5.61339
8.38631
6.70685
5.70301
7.3419
7.15369
5.2786
6.46219
5.50025
7.46743
7.08505
6.16408
5.39582
7.7606
9.81902
7.10222
6.19046
5.0757
6.81616
7.36091
6.62822
6.95942
5.61624
6.5162
6.96538
5.30308
6.24683
7.52102
6.71002
6.76869
6.62174
6.09761
5.72953
5.77463
8.07701
6.0561
5.7084
5.7762
6.30141
5.43087
7.14928
5.98309
5.95821
6.5493
7.06786
5.72278
6.21794
8.94629
6.26199
6.30894
7.21727
5.83743
5.76445
7.88188
8.53631
6.61295
7.14376
6.42133
9.55991
6.774
8.01979
6.07262
6.10268
6.28086
6.88955
5.41767
6.7933
5.67368
7.5507
6.38355
6.49343
7.06086
7.1926
6.63998
6.78316
5.44839
5.35201
6.64227
5.62964
9.69244
6.47993
7.72006
6.46895
6.50907
7.01821
6.89283
5.74423
8.36596
6.04538
7.25554
6.49776
6.28837
5.29929
6.07188
7.15155
6.7295
8.07806
6.04452
7.3953
7.26596
6.19717
7.06175
6.3935
6.20519
5.41442
6.16352
6.44244
10.2553
6.13128
7.68732
6.15635
7.69651
6.54792
5.84739
6.70074
6.5148
6.65773
6.66226
5.5181
6.38696
6.85326
9.65238
5.85592
6.56888
5.81044
6.65397
5.20087
6.0546
5.67094
9.25965
5.85103
6.33659
6.76341
8.44767
5.72622
8.62888
6.50762
5.35206
6.45855
5.58463
6.87097
9.06082
6.67165
6.97275
8.56838
6.11064
5.44791
7.61622
6.61924
5.47234
7.39968
6.26677
7.16387
7.40256
5.96611
5.8764
7.87507
6.39737
7.97924
7.17346
7.93144
6.21446
5.52773
7.1045
7.3393
6.05295
6.41449
6.49814
6.64644
6.01149
7.28541
5.44281
6.3423
5.69469
6.03455
5.2933
7.55664
6.67338
9.56373
6.49186
6.6768
6.07763
6.52776
6.33964
4.98781
6.3445
6.55701
6.271
7.32333
5.71511
6.30823
5.76436
6.39336
7.7769
6.30116
6.53583
6.84443
7.01862
5.51982
6.65673
6.78733
8.13355
8.37462
8.1733
9.14886
7.57272
7.5938
8.35491
6.24082
5.68216
7.07104
7.51549
6.00918
6.07232
7.68903
7.89329
6.65649
10.0043
5.64804
6.31809
6.94752
9.31029
6.59951
6.00873
5.93513
7.95179
6.45151
7.54624
7.44477
6.33945
7.53807
5.25136
5.57748
5.58612
7.05643
6.29406
7.33316
7.62017
5.82638
7.15046
6.47061
7.05359
6.46785
9.01426
5.55366
6.45412
6.26886
6.82509
6.61013
6.80459
5.82094
7.5935
5.43171
6.97249
5.64314
6.7012
9.15221
6.29666
5.66312
6.61415
5.81581
6.50835
6.96738
6.48083
5.96314
5.94297
7.63618
7.44579
6.69609
7.3348
5.61429
7.8975
7.53163
6.77917
6.96377
5.19211
6.56705
5.35642
5.97384
5.27408
6.53079
6.84483
6.50349
8.1809
7.24678
6.79132
7.2816
5.63695
6.96958
6.0041
6.13938
8.29209
6.97435
6.98753
6.54503
6.50312
7.01516
6.62409
6.58039
5.7593
5.55037
5.79174
5.96645
5.19332
6.81264
6.86455
5.75793
7.37703
6.72827
6.97826
6.66764
6.55483
5.4402
7.39142
6.30453
6.41805
8.72812
6.25826
5.56428
7.45833
5.51834
6.94956
5.849
6.23187
6.03698
6.74894
5.69079
6.16853
6.24229
6.06455
6.97082
5.82833
9.07236
7.98488
7.58746
6.54231
5.79234
6.21946
5.67339
7.11273
5.53165
5.77952
8.46197
6.95973
6.23189
6.72672
5.37124
7.38552
6.72875
7.90117
5.26939
6.29987
5.90737
6.53239
5.56961
7.67608
10.0133
6.20668
6.77683
6.24317
7.17717
4.86125
6.44167
7.73414
6.79035
5.81019
8.23476
5.54421
6.00678
7.58908
6.91248
6.2619
7.53374
6.16995
5.89758
5.31772
5.7611
8.95107
6.6612
6.58351
5.77655
7.21252
6.16475
6.30378
6.09837
5.43418
5.98558
6.6014
6.71695
5.67739
6.44707
6.39578
7.19014
6.53906
6.38595
6.796
7.1924
6.06851
6.09468
6.44965
5.53177
6.12461
6.29562
7.4939
6.20504
6.27053
5.86009
6.03761
6.31475
6.93766
6.21241
5.25875
6.9034
6.88535
6.42242
5.7476
6.42153
7.17877
7.21064
8.34021
6.13116
5.06796
7.05358
6.90725
5.85353
5.94023
6.7382
7.22941
6.50498
7.10298
6.88579
6.18958
5.86964
6.09206
5.62246
6.23286
5.79369
6.84068
7.43543
5.55921
5.79194
6.21122
7.2569
9.31226
6.18098
6.23009
5.59533
5.31615
6.0813
9.18992
6.16869
6.16121
5.87456
5.77765
8.60046
6.46663
6.47111
5.80652
7.06346
8.3757
5.4057
6.69979
5.48648
6.10493
7.03946
5.96264
6.22044
7.34711
7.59096
7.09223
6.09976
6.43178
6.26578
6.0455
6.99108
5.936
6.35208
7.07096
5.82401
5.83225
6.25265
6.97499
5.90074
6.56225
6.29409
7.08607
6.30393
6.2369
8.30804
6.97654
5.93961
5.01454
7.72871
6.90514
6.43895
6.4218
6.47307
6.26542
6.96353
7.57638
5.74279
5.97723
7.34022
7.37921
5.87723
5.52793
7.13029
6.54561
5.1534
6.18758
6.5169
6.43459
6.6939
8.01516
5.89298
6.90603
6.18021
6.31324
6.66613
6.21027
6.89908
7.69837
8.88115
7.1619
5.88974
6.25496
6.59619
6.09216
6.32267
5.58225
5.66423
7.25016
8.01319
6.35457
7.84003
5.48009
6.23572
9.6081
5.69151
7.19742
6.5112
6.92167
6.65241
7.80126
6.015
6.81417
6.69403
7.08619
6.47699
5.98065
7.29321
6.52693
5.81695
6.82497
6.6401
6.32892
5.52655
9.01732
6.24784
6.62804
5.75863
6.43635
7.07028
6.19529
7.60959
7.55154
6.03614
7.53478
5.74595
6.11305
5.33392
7.33595
8.66927
7.28007
6.26887
7.25268
6.6954
6.69785
8.18258
5.77009
5.4757
7.56967
7.75955
6.48451
6.71951
8.99873
6.44052
8.00785
7.93595
5.9893
6.95199
8.21386
4.69396
7.35662
5.82931
6.45616
5.62468
6.09546
6.44965
5.70919
5.09549
7.13001
6.7183
7.63825
6.94388
6.53213
6.41839
6.65995
5.91917
6.32556
5.97721
6.97863
5.99853
5.78353
5.40589
5.08131
8.09088
6.68522
6.09951
5.33219
7.67656
5.49317
5.57326
5.35196
6.49572
7.44982
5.60865
7.73645
7.46968
7.72714
6.36988
6.64714
5.21054
6.85906
6.66217
6.26587
5.43555
5.53975
7.8355
8.25946
6.78457
5.41093
6.00088
5.52919
5.63585
6.77959
7.88681
6.8851
5.75555
5.9739
6.4345
5.39483
7.18895
6.70148
7.47073
5.94316
6.57869
6.30508
6.04478
7.10964
8.24781
6.20573
7.54678
6.1928
5.98456
6.3831
5.87334
6.67377
5.68862
6.80376
6.90569
5.55253
5.99572
5.8478
8.10575
5.88335
6.00919
6.43378
5.67934
8.38924
5.89923
5.56767
7.08042
5.65353
6.6444
6.4415
6.6319
5.91309
8.0191
4.97606
8.3324
6.21858
6.47868
9.36184
7.72627
5.64881
5.51665
5.07678
7.20681
5.5229
7.65425
6.90427
6.9475
6.39252
7.64994
7.33471
6.17907
7.28955
6.54472
6.49675
5.59478
6.56589
5.12753
6.33539
5.67172
6.50571
6.60095
6.11101
9.87261
6.67622
6.81169
5.9601
5.34749
6.18286
6.32552
5.99583
6.37363
6.58556
5.73707
6.11541
6.143
6.7251
6.65914
7.57659
8.66389
6.29216
6.15215
6.56592
7.23891
7.2873
6.44489
6.33866
6.61055
5.81091
6.37594
8.2432
6.38217
6.88761
6.18769
6.94339
6.67003
5.63393
8.9734
6.23731
7.85658
8.34071
5.64339
4.94287
5.99267
6.79017
5.97055
7.11053
7.04095
5.399
6.97677
6.84645
7.11771
6.9766
6.73467
6.37357
8.70644
5.90422
6.96333
7.13478
5.26062
9.10601
5.94966
7.66206
6.35816
7.54711
6.05432
6.0144
7.78323
6.84458
11.0749
6.20849
7.00623
6.16441
5.7222
8.00893
7.14051
7.21039
6.04171
5.96906
5.31554
6.69872
6.53919
8.64839
7.77127
6.41246
5.69606
6.55394
5.88725
7.93873
5.75088
7.04793
7.58831
6.91316
6.20286
4.95395
5.39059
7.91304
5.71557
6.27993
8.00386
6.71534
5.72247
6.9343
8.65742
5.63248
5.99158
6.5315
6.82582
7.4273
6.4542
6.65424
5.74111
6.46054
6.71741
5.49427
8.37906
8.28493
6.21757
6.35464
7.60081
6.28108
6.35232
8.88433
6.7737
5.47732
7.87621
7.41234
7.77867
6.48979
5.65191
6.36569
5.72942
5.8779
5.53073
5.59725
5.82309
6.03123
7.12447
6.37788
6.9254
6.39968
6.3033
6.59283
7.72852
5.82348
5.91825
5.8891
6.0467
6.69513
5.52357
7.79476
6.14247
6.81742
5.28413
7.58992
5.26074
5.91005
5.76505
6.38867
5.85603
6.35215
7.23915
5.71764
6.14095
9.46064
6.00613
7.7173
6.76321
7.34863
4.9606
8.17107
9.088
6.51307
5.77918
7.89027
7.20621
6.08687
6.2297
6.57351
7.45912
6.04782
6.41664
5.78391
7.59882
6.8379
6.89313
5.99489
6.21227
6.34719
6.90343
5.97765
6.79521
6.44782
6.52785
7.49182
5.36164
5.89516
10.7821
7.12297
6.52655
6.67512
6.35575
6.28808
6.5265
5.47444
6.33513
7.96081
5.85891
5.88465
6.62084
6.62148
7.14264
6.19774
8.3599
5.97229
5.20184
6.49333
6.17728
6.27847
6.08747
7.06187
8.3295
6.79021
7.20348
6.54122
7.54999
6.86735
8.01265
6.79024
6.90417
8.10573
5.78869
5.92274
6.85106
6.29645
6.02574
5.74574
6.3383
7.40114
6.2564
5.58364
6.6121
6.12298
6.65868
6.54553
6.39482
8.15447
7.85617
5.57395
6.47929
7.17077
6.61714
6.47758
6.50913
5.73966
5.43714
6.76201
5.94572
5.76773
5.47498
6.70387
7.7987
5.60684
9.41351
5.33083
8.27656
5.18911
7.71039
6.19977
6.27394
5.48877
6.14029
7.48866
6.1026
5.39718
8.27991
8.91655
4.91569
6.12332
5.5658
6.47826
6.68825
4.95856
6.90991
6.68979
6.40039
7.99791
6.90535
7.14488
6.50451
7.14857
5.55399
5.97229
7.57192
6.43942
8.11978
6.32348
6.69466
8.05068
5.82434
6.31837
5.53728
7.18653
6.78772
7.05945
6.54543
6.42548
7.2334
6.42696
5.36633
6.54617
5.66733
5.97079
7.88409
5.46315
6.97907
6.11439
5.97882
5.5201
6.31378
5.62064
6.7531
7.72476
5.90094
5.67347
5.88743
6.85871
5.46269
5.93207
6.84074
6.53812
7.01754
6.42966
5.98825
5.98868
5.57353
6.54415
7.11019
5.49246
6.17647
5.68451
6.5364
5.81134
9.59217
5.23549
7.0222
6.04218
6.77471
5.98381
6.54368
6.00255
7.01434
6.34281
6.20837
6.40377
7.28616
5.54048
5.59056
7.11828
5.88703
6.18033
5.80378
6.96348
7.18193
6.4268
5.65169
7.25006
5.34794
6.80247
6.26502
6.369
5.85888
6.9685
6.76616
6.49881
7.07235
5.59961
6.01319
7.47918
6.03601
5.93961
5.8851
7.48929
6.69153
5.88006
7.59252
5.40773
6.29482
5.48133
6.85754
6.78851
7.61478
6.39216
7.11338
9.58552
6.61544
6.66371
6.30619
6.6325
7.00082
6.03135
5.71975
6.42057
7.17964
8.17579
7.56143
6.14651
5.72981
6.44475
6.54219
6.3111
6.63707
6.20683
7.94636
7.27306
10.026
5.61888
7.81009
6.68146
7.69894
6.94041
5.66758
7.18024
7.59735
6.0322
5.58798
6.19492
5.81313
5.40315
5.89097
5.66759
5.84465
7.61659
5.91814
5.97845
7.32399
8.33479
7.03064
6.16509
6.05515
6.6287
6.01709
5.91884
5.55345
8.22886
7.11249
6.26075
6.71975
5.73553
5.88717
6.51243
6.50733
4.97793
6.34125
6.31447
5.92194
7.07567
5.48495
5.39073
6.37557
8.14089
6.05984
6.80708
7.38617
6.15887
6.30925
5.77281
6.04038
6.46527
6.5661
9.14583
6.31964
7.67914
7.01566
6.6552
6.4494
6.77424
7.41993
7.07348
6.94873
6.20479
7.66768
7.21051
6.76645
6.03881
6.4871
7.90938
5.50063
5.49243
7.43871
6.45191
6.61732
5.90191
5.57596
6.54335
7.58843
6.37098
6.04082
7.31809
6.77987
6.37388
6.78223
6.48836
6.85745
6.80968
5.74017
7.22859
5.32739
8.23574
6.69708
6.66286
6.10122
7.63225
8.48872
7.21328
5.85533
5.56377
5.49697
5.44068
8.09945
6.11921
7.06842
5.98131
8.05916
7.03946
7.24167
9.11024
6.32855
7.14179
5.65887
6.42194
7.14872
7.53264
5.58909
5.10587
7.81784
6.91033
6.52865
5.91848
5.38466
8.10614
6.83383
6.06724
6.0941
5.84689
6.1091
6.21099
6.20124
5.27995
6.01877
5.58268
5.72172
6.69753
5.6791
7.90784
8.44294
5.22429
6.21827
7.2243
6.88697
5.47838
7.12124
6.71249
5.47812
5.30155
6.01842
6.6383
5.97619
6.46157
7.70411
6.29088
8.61818
6.55542
6.11281
6.34087
7.09819
6.26933
6.41174
6.21582
6.13601
5.21409
5.71645
6.01886
6.70824
7.42139
5.56802
7.55563
5.44411
7.08751
6.19246
5.82776
6.5326
6.39408
6.24258
6.38575
8.80057
6.70679
6.91484
5.60383
6.14671
6.51083
6.15481
5.33946
6.69282
6.55069
5.51143
5.93373
6.09965
7.60006
5.79604
8.97968
5.16429
5.93643
5.79107
6.23711
6.26288
5.14766
6.67679
6.97058
6.8278
7.17815
5.6785
6.46421
6.46731
5.65519
5.24921
6.09692
6.98721
5.36326
6.28
7.01771
6.15809
6.6033
6.41284
6.71683
7.83548
5.49036
7.43199
6.00326
6.37983
6.53905
6.02586
6.04135
7.03996
8.06071
7.76491
6.63705
5.61363
8.80406
5.88823
6.32931
6.33858
5.71683
6.81508
6.31744
8.0604
6.79429
7.07455
6.81331
5.60134
6.91412
6.09861
6.82879
6.46075
6.65258
6.33532
5.91539
7.36129
7.30831
5.56885
6.61285
5.63424
6.25345
5.88232
5.30667
6.42424
5.30034
5.60345
6.09548
6.09
4.98405
6.01104
8.67248
5.19636
5.56009
6.7895
6.14259
6.182
5.69141
6.84078
5.99914
5.82683
6.32609
6.80567
6.23197
5.53904
6.59975
6.8064
6.39384
6.14419
6.76639
5.82272
8.40277
6.16508
6.28992
7.55241
5.65637
5.78082
6.77066
5.20541
6.57504
5.96901
6.50688
8.72884
6.50376
8.81172
8.03744
5.80651
6.6655
7.7915
5.92726
6.77974
6.76176
6.93129
7.87011
6.04378
6.75309
7.77318
6.49331
6.43593
8.75119
6.75489
6.68371
5.67464
5.4873
6.25867
7.24594
6.88448
7.45052
5.96187
7.27818
5.45981
6.65187
7.72086
7.00242
6.62056
6.47656
6.23716
6.16021
6.04942
6.31842
8.46607
5.28919
5.2712
6.09937
6.14501
7.25439
6.90348
5.66789
6.87933
6.16397
7.04726
5.9646
7.46463
7.56872
5.60915
6.55021
6.45047
7.75607
7.52146
5.93342
5.87652
5.83978
6.81847
6.20483
5.95859
5.92245
5.69779
6.55075
6.29727
6.16885
9.22659
6.83995
6.58058
6.39469
7.18418
6.74913
6.23704
6.06074
6.52866
7.60754
7.026
7.20651
6.77927
5.54899
5.99296
6.18537
5.4069
7.14185
5.91856
6.72626
6.36231
5.32493
5.58543
6.07505
7.22889
6.12095
5.87757
8.13112
7.01581
6.40437
6.81238
6.49848
5.73406
6.1154
7.86362
5.51332
7.57031
7.70735
6.19236
6.63137
6.71805
6.08523
7.03467
6.53963
6.6977
5.80251
6.11163
7.0342
6.41567
7.23421
6.78675
6.70687
6.56062
6.74629
6.82331
5.63222
6.51403
6.27137
6.31454
7.0679
7.12411
5.51024
5.64998
6.75739
6.73716
6.37382
5.64932
6.80979
5.67778
5.99074
6.15757
5.73939
5.73671
6.77309
7.79093
5.33035
5.52208
6.04088
6.40151
6.8976
7.00537
5.67477
7.14854
5.72926
7.18855
9.10185
6.06717
5.59599
6.58154
5.94142
5.36099
6.21379
6.06285
6.73988
5.73368
6.32685
6.31382
5.87259
5.6254
6.58962
7.83303
7.62809
5.69655
5.46341
6.58817
5.89939
6.14503
6.83971
7.96336
6.41902
7.33413
6.40362
7.12465
5.81545
6.10778
5.4072
7.48766
6.19806
7.50191
6.29475
6.39131
7.1523
5.08164
5.90426
6.58685
6.24689
5.66776
6.53315
5.8658
7.2388
5.68431
6.93309
6.27747
5.43879
7.10811
7.79791
5.89207
7.02617
6.60002
5.75582
8.78026
5.46307
5.72125
8.9362
6.30953
7.30159
5.55594
6.83079
7.01006
6.36649
6.53547
7.26599
9.88035
6.19578
6.89502
8.72635
7.30497
6.32856
7.24115
5.79064
6.05448
6.2432
5.90764
6.01627
6.2646
6.96478
6.11274
6.29858
6.3326
6.99076
5.69337
5.12812
6.84474
7.11628
5.97526
5.60725
6.6547
6.71273
7.62283
5.38293
6.81562
5.98385
8.16892
7.92958
7.23951
6.88746
5.93098
6.85058
5.76478
6.04998
5.43001
6.68198
5.23213
6.55078
6.51303
5.56512
6.53653
6.36429
6.54684
5.32112
6.48408
6.06577
5.60842
7.9179
6.85461
5.91672
5.40788
6.24479
6.08377
6.41897
5.17033
5.59984
5.57916
7.82197
6.34148
6.4754
5.79077
5.67576
6.18319
6.70323
7.44581
5.74426
5.79507
6.1019
6.25806
5.39056
6.59214
6.15777
9.85743
6.95232
6.31498
7.8915
5.52998
6.23378
6.40815
6.62172
6.66542
5.2944
6.70491
6.49938
7.35
5.62115
7.74944
8.0351
7.37958
6.67372
5.81254
6.73483
5.91809
6.87124
7.12883
5.83855
6.13121
6.5852
7.05069
6.23491
6.43658
6.10126
8.4768
6.02183
5.46262
5.62212
6.09337
5.64346
5.89092
6.35513
7.40283
5.63558
6.32416
6.70447
6.1235
7.78322
5.72656
6.74264
6.34605
8.60593
6.63635
6.08575
6.76776
5.19834
6.47215
7.20454
5.69404
5.90468
6.73801
6.65594
6.32843
6.07373
5.83953
6.77704
5.95345
6.58722
6.75911
5.7713
8.01007
8.6163
6.15631
6.07045
7.08507
5.49061
8.17758
5.72843
6.72706
6.15974
6.84851
5.51479
8.46792
6.31031
7.24418
6.08836
7.43217
6.90405
6.30462
6.5814
7.56604
5.16588
6.17157
5.56935
6.46765
6.06988
5.42314
5.45555
6.4459
5.74574
7.37154
6.25404
5.65262
5.67362
5.92632
5.75378
6.66502
6.67734
6.88904
6.43471
6.03976
7.63155
6.78316
6.93261
7.39152
8.10951
6.07905
8.72715
6.24406
6.5035
5.9762
7.27999
7.32691
8.16028
8.4012
7.10711
6.72705
7.23753
5.65871
6.63376
6.75479
7.53996
9.24647
6.37769
5.39072
6.32031
5.06895
6.20867
7.18097
5.80986
6.10178
8.93754
5.54025
5.60934
7.00586
6.26124
7.89969
6.54514
6.10151
8.07266
5.66286
6.05929
5.96766
6.32804
6.51459
5.4095
6.23673
7.0543
8.45687
6.21385
6.56783
7.55231
6.85295
6.8066
6.1856
6.26687
7.5727
6.54993
6.79814
8.05034
6.70362
6.84209
8.22597
6.96479
5.75097
5.39449
5.90052
7.41432
5.62682
8.41712
6.38028
6.33124
5.96014
6.17912
7.76815
6.22
5.76122
6.58558
9.16085
5.78634
5.74696
5.8157
7.31715
6.28698
6.71355
7.26433
5.91547
7.07954
6.40404
6.89735
6.3241
7.41962
5.82744
6.98544
8.23189
7.76109
6.48308
7.45495
7.37641
7.70122
7.04528
6.02228
7.81323
5.56734
6.59578
7.3446
7.47089
7.96641
5.85268
6.86963
6.56729
7.84343
6.46994
7.63177
5.91807
7.62535
7.56297
7.81899
6.09674
8.19331
8.88063
6.46929
6.13501
7.21483
6.23945
5.10789
5.51089
7.66738
4.80358
7.05855
5.64109
7.18877
5.86401
6.87685
6.62392
6.5355
6.43109
6.40514
6.82143
5.39579
8.69512
5.56184
6.74019
7.1287
6.04418
6.63238
5.38309
5.38174
5.62421
5.67618
6.8469
7.50351
6.19734
5.85487
5.94943
6.62928
5.44964
7.28042
6.6582
6.02564
5.81509
5.59463
6.0324
5.26756
5.58496
5.64565
6.28538
7.30345
6.04328
6.92409
7.36561
6.33472
5.96572
5.32329
5.33343
8.62677
5.74066
6.09311
7.40646
5.97055
5.98606
6.29084
5.61018
6.97987
6.38282
5.96644
7.23892
6.90557
6.27425
5.46728
6.67611
5.64046
6.46584
6.5203
6.35466
6.55614
7.25377
6.04571
7.34357
5.91906
8.8064
6.5333
5.83998
5.76573
6.68494
6.56193
5.67831
6.50665
6.84096
6.23883
9.01158
6.56168
7.3035
5.21192
5.66203
5.90262
6.26034
6.42736
7.11839
6.22161
6.14398
6.37414
6.2759
5.70688
5.97614
5.48277
5.42516
6.16105
6.93776
5.53154
7.36821
8.33677
7.16305
7.01939
6.40533
6.42112
7.24831
8.03389
6.45868
5.34101
5.92061
5.88984
5.97194
5.3542
5.90634
5.93827
5.66346
5.89552
6.00871
7.45015
6.84923
5.6558
5.8905
9.00608
6.14285
7.34331
5.79523
5.83202
5.27205
5.01673
6.80883
7.68004
8.86253
7.06747
6.46221
6.38311
6.49069
5.89884
6.79371
6.72728
7.23313
6.45868
6.41217
6.82041
5.96378
5.81146
7.26406
7.30645
6.68485
5.28818
7.61184
5.67609
6.36223
5.91588
5.80966
5.92877
6.57554
7.36698
7.6169
6.21268
6.07694
8.5341
5.45018
5.89275
6.46489
6.67702
6.43621
6.17024
6.21158
7.81805
6.5337
5.87933
6.54676
6.48265
5.88413
5.34971
6.3208
5.34432
6.33988
5.94526
6.19401
5.58924
6.18697
6.40782
5.51654
6.47835
5.98596
7.25695
5.75662
6.09277
5.14949
7.4076
6.47333
7.643
6.8056
5.88517
7.28787
6.40973
6.62505
6.90926
5.22579
6.39272
6.52621
6.72954
6.11046
6.26862
8.46674
7.03836
7.13563
6.47854
7.70537
6.57476
5.68275
7.54601
6.78013
7.50365
7.63188
8.09033
6.13026
5.47158
6.04867
6.75177
7.62282
6.68134
7.05089
5.9116
5.39267
5.5785
6.02892
5.46199
5.57313
6.77759
6.33612
6.19507
6.26076
5.76316
7.17762
6.52437
6.44823
6.13092
6.1069
6.06432
5.78024
7.35057
5.18476
6.10052
6.38992
5.96902
5.14573
7.32695
6.91723
6.38236
5.47598
6.08111
5.52369
6.10458
6.5533
6.3554
7.62882
5.95781
5.93841
7.16789
7.82833
7.06282
6.85531
5.57539
7.49362
5.33839
5.63553
5.67844
5.98855
6.25351
6.29641
7.14666
8.05306
7.82659
5.5199
6.45693
5.77918
6.93536
6.97505
7.00618
5.63322
5.25961
5.22679
7.70103
5.77915
8.55195
5.64653
5.06182
6.01805
6.25342
5.70563
8.53675
7.01335
5.74673
7.27159
6.96981
6.50549
7.83265
6.21757
6.13815
6.52512
5.31823
5.55837
6.37372
6.66041
7.51788
5.22612
5.89525
5.89934
6.51523
7.35402
6.21516
6.35601
6.03405
7.15833
4.91576
5.80836
6.20021
6.92311
6.03331
5.57726
5.9864
9.29496
7.06559
5.78386
6.36943
6.9248
6.44076
6.59912
5.84898
6.76008
5.88865
6.76175
6.75447
5.70527
7.13593
8.30342
6.46908
7.20827
6.32383
6.13828
6.20952
5.23184
6.36284
8.0348
5.80904
5.26811
6.48446
5.73152
6.60447
5.48047
6.12542
7.49346
6.01368
6.22348
6.75093
6.41183
6.21548
7.21762
7.3344
9.04576
8.6065
6.09145
5.61559
4.97455
6.6432
5.45535
7.03045
5.96769
6.38114
5.19319
6.88257
6.45567
5.4764
5.8595
6.56153
6.3073
7.78548
5.80951
7.11474
6.58661
7.01241
4.99364
6.34115
4.91482
6.48182
6.97486
6.15118
5.69627
6.04666
6.49366
6.90244
6.34846
7.5455
6.42719
5.50008
6.3716
7.23643
7.50684
6.68982
6.65101
7.68771
7.06681
6.08668
5.41672
5.77197
6.06716
6.34213
6.31527
7.8266
6.42308
6.2238
7.00205
6.67055
5.84113
6.26622
6.22182
7.28267
6.73907
5.91711
5.88669
6.2456
6.83813
6.68163
6.39918
6.61189
6.29982
6.60424
6.28317
6.10961
5.54065
6.77763
6.73335
6.98971
6.90361
5.25932
7.45513
6.5442
8.12299
9.21444
5.58607
6.4913
6.83324
7.32249
10.2072
6.70686
6.00513
7.06544
8.76849
5.17161
7.71767
6.39271
5.99375
6.73181
7.19167
5.48352
6.53395
6.20867
5.7325
5.45369
7.54791
8.36133
6.17003
9.49017
6.24824
6.60212
6.54575
6.04824
5.99608
5.95572
6.00827
6.464
5.99004
6.27601
5.92556
6.61216
6.77554
6.06788
7.29772
7.31605
7.20031
6.43735
6.29178
6.01531
6.46181
6.0925
6.79468
6.40785
6.01982
6.01221
5.55956
7.39649
7.74084
7.72616
5.89805
6.83222
5.1437
6.76817
5.28924
6.5512
5.68965
6.03431
5.82894
5.94559
9.2039
5.89806
8.13378
6.46328
5.70099
7.50237
6.27237
5.90452
6.64674
6.94327
5.65935
5.836
6.20505
5.8724
6.60191
6.11889
6.55611
5.81579
5.14193
5.82072
8.93157
6.69697
7.40839
7.4154
7.67425
7.27389
5.37642
5.80416
6.61616
6.63724
6.82337
5.30153
7.14784
6.9733
6.16666
6.96293
6.10065
6.31558
5.01622
7.55018
5.75921
6.14589
6.76331
5.87702
5.10875
6.46709
6.92322
6.61508
6.03918
7.78467
5.79957
5.49723
6.3052
6.29158
7.95904
5.12807
6.43046
6.40403
6.24331
6.97746
6.04026
7.05443
6.32097
6.52959
9.39659
5.89203
7.38241
5.81406
6.49576
6.51891
6.75824
5.5584
6.33471
6.56141
7.05862
5.82704
6.78947
5.52587
6.87993
6.6255
7.36659
6.72024
6.13722
7.02235
6.419
6.46099
7.22238
6.69083
6.91884
6.79028
6.46291
6.20628
8.52042
9.05107
7.68914
7.32824
5.40352
7.75663
6.2844
6.89426
5.82332
6.83514
6.7294
5.7616
6.02132
6.01721
6.40938
5.71677
6.81866
7.23384
6.6311
6.58586
7.25083
6.16489
6.96388
5.93235
6.07152
5.58729
6.38243
6.52804
7.3523
8.58232
6.0873
6.12827
6.85652
6.6795
7.08207
7.15135
4.99404
5.3775
7.01276
6.0628
6.39067
7.50123
7.40206
7.01685
6.40074
6.5568
6.34242
6.12433
5.70085
5.3536
7.59692
5.4521
5.80144
6.7538
5.95242
6.044
5.97809
8.48145
5.8997
6.91812
6.88263
7.07089
8.03915
7.4524
7.09851
6.33112
6.89988
5.92944
5.66578
10.3036
6.56707
6.14034
5.43112
7.53298
6.44234
6.36085
5.62979
5.35066
6.85886
5.46497
6.9607
8.32042
6.59542
5.63269
6.53745
6.65601
6.77194
6.71635
5.21267
5.9159
8.79735
5.80476
6.0607
7.28201
5.34598
5.51241
8.1965
7.10781
5.5529
6.12731
8.57535
5.44143
6.85494
6.85214
6.83499
6.47039
5.78024
6.21033
6.1155
6.43446
7.21121
6.07124
7.96271
6.29175
5.61465
6.0601
7.10017
5.91982
6.53674
6.30471
6.46317
7.45115
7.09441
6.32217
6.73395
6.9924
6.87286
6.00052
6.31406
5.60039
6.04371
6.91605
5.60189
6.32248
7.61231
6.61282
6.86006
7.43504
6.60422
7.49125
6.82339
5.4899
7.15969
7.59239
5.5986
5.9327
7.19133
7.53247
7.05138
6.47376
7.21963
6.39491
6.80226
6.35341
5.75778
5.82851
5.83019
7.15562
6.34761
5.26723
6.46458
5.67238
7.6353
5.96978
7.11194
5.88934
5.85232
6.71349
6.46451
5.22483
5.60722
7.06781
6.48298
7.35406
6.10165
6.30876
6.06838
9.21526
5.73412
6.88199
7.32003
7.7825
5.11775
6.6426
6.63622
5.64155
7.15575
5.45873
6.02522
6.94489
7.64494
6.41245
5.76411
6.74759
7.18515
5.26163
6.92907
5.07053
6.6847
8.14998
5.64923
6.87727
7.43035
6.19666
7.15277
5.67868
5.52604
7.60696
5.19633
5.89615
6.6826
6.21951
8.72944
5.73754
8.68656
7.08643
5.45838
6.44245
5.15413
7.64875
8.54011
5.35573
6.57725
6.05988
6.42304
6.56023
5.9015
6.64899
5.84745
7.12176
6.52839
6.2059
5.9271
6.55707
6.11728
5.57033
5.57087
5.93087
8.95805
5.76785
5.49478
5.34009
6.38781
5.78195
10.7841
6.11787
8.63206
7.3667
5.95966
5.8345
5.80288
8.3095
6.41965
5.77588
5.83066
6.50316
6.97171
5.7546
5.39942
5.87405
6.21423
7.32315
6.08851
5.79363
7.97383
7.54048
6.09847
5.96812
6.64813
6.28718
8.0054
6.00885
6.85808
6.32201
6.58092
6.83147
5.68868
9.22558
7.25236
6.05841
6.59973
5.31878
7.57979
6.00728
5.21187
9.84788
5.94418
9.25866
7.4993
6.79482
6.04776
6.78624
6.4451
6.27537
6.03565
6.49476
6.62234
6.05819
5.98108
6.54736
6.03708
5.65864
6.28864
6.96273
6.09735
5.70743
7.36428
6.39324
5.55093
5.81696
6.19429
6.43418
5.95354
6.64674
7.02183
6.32892
6.4071
6.1191
6.3802
5.44451
5.82042
6.88682
6.19066
5.66792
7.00228
5.88237
6.60911
7.08068
5.77449
8.15002
6.84928
5.63757
7.1062
5.43952
7.94707
5.26614
6.51558
6.25282
7.25804
7.02854
6.01445
7.80311
5.32807
7.85573
7.28526
6.27062
5.72539
9.63265
6.5132
6.57699
6.34516
7.70819
6.95401
7.1059
7.15682
9.9822
6.29794
5.8999
6.16304
5.58711
6.41709
6.29168
6.06313
6.30404
7.31126
6.10987
6.2767
6.12353
6.19664
6.44495
6.29505
7.17086
5.45632
6.59071
7.28858
5.41786
5.56276
5.64958
6.43341
7.59346
6.51474
5.88337
6.31897
7.52705
6.29656
6.68621
8.02329
5.93
7.02142
6.80734
7.69176
6.16305
5.73848
5.82787
7.45113
6.94491
8.5445
5.62712
5.91683
6.91175
6.82683
5.96449
6.19064
5.98898
5.68655
8.95113
6.89621
6.56296
5.71384
6.02858
7.49283
6.22075
6.51594
9.32667
6.25898
6.28106
5.87518
5.61893
10.6349
5.60237
6.08078
8.2925
6.08401
7.26294
6.61447
5.91097
6.52793
7.10979
8.57326
5.62176
8.9012
6.53399
7.43812
8.89632
6.14494
8.21057
6.89547
7.51662
7.38431
8.96048
6.21287
6.45503
5.6486
7.00741
6.87455
5.77257
5.31991
6.55442
6.40775
5.97307
6.85326
6.18571
7.50678
6.24261
6.32662
7.36361
5.01881
9.44531
5.20064
7.08149
6.02049
7.42956
6.63358
6.36698
6.17714
5.80933
6.36199
6.64227
7.23754
6.35008
6.24596
7.74959
5.65616
5.25231
7.12243
5.84768
6.21349
5.90675
7.51606
7.60223
6.13832
5.93994
6.46217
5.84504
5.35375
6.14933
7.34057
6.54196
6.39113
7.5865
5.96503
5.54958
6.02669
6.45376
5.98654
6.31261
6.10359
7.12955
5.60096
5.24257
5.88435
7.60648
6.72779
9.05439
6.19777
6.83729
6.22123
6.5122
5.78457
6.05006
6.45536
4.77962
5.79145
5.11297
6.83527
6.7961
6.42586
5.87697
6.49994
8.2412
6.78131
6.50368
5.59665
6.5079
6.09622
6.35019
7.43204
6.48883
6.7105
5.42385
5.64085
6.9329
5.87918
9.52369
6.67041
6.4269
6.9388
6.36371
6.41476
6.5336
6.40265
6.26742
5.84952
6.46613
7.04709
5.45192
6.37435
6.08573
5.46478
6.29831
6.59305
7.22111
5.79383
6.29073
7.08524
6.47146
6.55933
6.70654
6.09661
6.88047
5.85867
6.75611
7.76689
7.57177
7.62557
8.33475
5.77649
9.00601
6.27575
5.2833
7.11262
6.46142
6.30527
7.12397
6.59868
5.92428
5.75902
6.70538
5.98403
6.17441
7.92679
6.94773
5.99025
5.50203
5.60718
7.53084
7.36345
5.59443
7.19342
6.07809
6.65369
5.39851
7.52892
6.50043
5.37387
6.34569
5.78763
6.05435
6.55592
6.96195
6.40596
6.91795
6.22692
5.89614
7.38193
5.75487
6.59357
5.77602
5.32623
7.41288
6.49313
5.63846
5.7766
6.06947
7.20199
6.18762
6.27243
7.88877
6.57757
6.01148
9.80524
6.79329
8.61257
5.38399
5.99136
7.10995
7.00069
6.13863
7.73752
6.14683
5.64047
7.06307
6.04084
6.77009
7.14975
6.38566
6.61487
6.8619
5.88075
6.44587
5.92294
5.78378
8.17035
5.72835
6.12804
5.81407
5.58432
6.18411
6.101
6.52124
6.1365
6.32402
5.7734
7.85729
6.65085
6.46793
8.16319
7.19457
6.62006
7.28952
6.5641
6.21308
5.53236
5.73356
5.57781
7.1435
6.29575
6.74985
5.72654
5.14014
6.0693
5.97672
7.61469
7.12024
6.89085
6.95426
6.72536
6.29068
6.07299
6.98495
6.74588
5.55229
6.73083
7.31986
5.85626
6.61107
6.28451
7.19314
7.12045
6.08346
5.21388
7.76938
5.94049
6.68158
6.48738
5.64165
5.58825
6.39678
5.50192
6.80605
6.54361
7.14027
6.31305
6.44886
6.04035
7.46121
8.71085
5.5601
5.86577
5.65231
5.97505
6.53145
6.98325
5.37415
6.51208
6.08783
5.55158
6.58267
6.87708
6.70599
6.95553
6.79969
6.13861
6.86983
6.43242
6.91
5.93294
6.4209
5.86801
9.69545
5.53787
6.23579
5.58319
6.56935
6.66335
6.55565
7.59337
5.39257
6.26175
7.69743
6.36014
5.52273
5.62828
5.59699
6.26129
8.39532
5.65808
6.93607
5.5717
5.49592
5.99335
7.39798
7.21671
6.43813
6.14124
8.06046
6.39043
7.91984
6.5416
6.57181
6.46848
5.22617
6.37071
6.29449
6.83774
5.35771
7.11705
5.48779
9.09887
5.97051
6.75714
5.48573
5.80723
6.71824
6.49263
6.17386
6.3666
6.01144
8.94305
6.9171
6.16793
6.37878
6.95247
6.60355
5.44768
9.07517
6.15775
6.75804
8.9905
7.39202
6.61424
5.89533
6.35947
5.57774
6.29082
8.18858
5.74785
6.55902
6.35131
7.78892
5.74243
5.82989
6.26407
8.11219
5.59601
5.75747
7.2729
6.11744
5.31479
6.21658
7.67081
6.55455
7.31681
5.56788
5.54061
6.5199
7.1484
7.55592
6.60119
7.97364
5.76191
7.36502
6.12493
6.48631
6.95621
5.36126
7.75529
6.97593
6.82135
7.52776
6.34498
5.40735
9.70248
6.38178
6.43607
8.1339
7.35338
5.74413
5.65414
5.62941
7.04592
7.08868
5.9898
5.62524
6.80127
7.23193
6.44772
6.21402
6.47882
7.76214
6.54199
6.02823
5.64977
6.81975
5.98027
5.66158
5.0534
7.22243
6.31678
6.42512
5.89693
6.26861
8.39617
5.9066
7.9021
6.95909
5.99573
5.57489
6.59512
5.97502
7.53098
6.52381
6.74898
6.1624
8.7499
9.32994
7.2266
6.66617
6.52887
8.1132
5.96691
6.16942
6.38682
7.61363
5.11946
5.42215
6.0587
6.22786
5.66702
4.64637
7.50891
5.97978
8.25991
5.69038
6.83704
7.78931
6.20655
5.39737
6.54254
6.005
6.11551
5.3145
7.67617
6.66081
6.17915
6.34895
6.3357
6.52632
5.49916
6.25765
6.39211
7.38733
9.37382
6.17009
7.58235
7.44993
6.52026
8.23461
5.89168
7.40711
7.54377
5.6825
5.72751
5.53719
6.24845
6.01609
5.52651
6.32347
6.76124
6.59335
5.14396
5.67381
8.67422
6.49705
5.47411
5.69451
8.17784
6.80411
6.61146
6.04408
7.14244
5.84251
6.12583
6.05277
5.54771
7.16913
5.19053
5.91677
7.30885
5.46762
5.70558
6.07443
6.50677
5.3753
6.70854
6.34292
6.41861
5.97803
5.81263
6.48001
5.67931
7.62497
5.99998
7.35485
5.88854
8.10087
5.76951
7.39486
6.04756
5.46404
8.35487
5.28751
6.56514
6.83776
8.86787
5.32865
6.6541
6.54972
7.07537
7.70234
8.15705
6.3156
6.77951
5.67169
6.32722
5.70933
6.98776
5.90166
6.39005
5.4977
6.41565
6.19625
5.81182
6.42412
6.68773
7.20186
6.78009
5.85636
7.35415
7.22833
6.55745
6.12479
6.40612
7.89738
6.59811
8.43155
7.48047
6.6812
6.40048
7.00609
6.47907
6.09081
8.38524
7.39579
5.86783
6.84673
6.48206
6.36433
7.58672
5.97576
7.47141
7.83585
7.40741
6.59017
7.5044
8.38047
6.33661
6.64297
5.98922
6.8909
9.02256
6.19395
6.93904
7.06721
6.54036
6.05963
7.15461
6.05909
6.90501
5.09124
7.09704
6.53029
5.36789
6.28045
6.4677
6.13582
7.2703
5.60569
6.42569
5.63643
5.58477
5.93034
6.42575
6.57399
6.45356
6.12351
5.50629
6.47531
6.28282
6.2976
7.74407
5.34883
8.27456
5.47125
7.61329
5.75871
6.7663
7.15589
6.2074
5.49724
7.08451
5.648
7.08099
6.61722
5.75883
6.8613
7.17607
5.09031
5.6957
5.0045
6.67216
5.31584
5.66512
5.40534
7.92919
6.06635
5.653
7.01011
5.84289
6.76881
5.78994
6.95583
6.28248
7.11702
7.15027
6.92314
5.34062
7.43194
6.67921
6.80221
6.2121
6.27928
7.15692
5.97864
5.34399
6.87356
9.9467
5.8574
5.58163
7.14682
6.50626
5.60362
6.64938
6.53029
5.6052
5.6195
8.25016
5.49155
6.74163
9.42805
5.92671
6.85847
8.40481
6.63006
6.43787
6.40364
7.41643
7.2391
7.02074
5.76321
6.17294
7.23276
6.1574
9.14037
7.12134
6.43292
6.52329
7.14733
7.11559
6.41796
8.14796
7.59238
6.67302
7.42509
5.51077
8.09034
6.10669
7.23492
6.66404
5.90024
6.36143
8.04149
5.75558
7.24774
7.16202
6.25399
6.70419
6.23809
7.87487
8.57356
