3.69828
3.74977
3.70073
3.80398
4.45938
4.21406
4.6897
4.68768
3.87543
4.29864
3.53297
4.26645
3.97734
5.40331
4.2777
3.77477
3.7238
3.73937
4.46912
3.94343
6.16796
4.32788
4.54616
4.10567
5.77018
3.70659
4.51959
5.12984
4.77061
4.38681
4.09323
3.96885
4.75516
4.25886
3.98121
6.77334
4.31296
4.54729
4.58708
5.47971
4.17648
3.68378
4.36185
4.3075
5.66781
3.86724
3.95212
4.49363
3.69046
5.24146
4.30801
3.98094
4.30437
4.32559
4.55452
4.55801
4.14379
4.14649
4.16005
4.9906
4.04152
3.93706
4.24748
4.23575
4.64937
3.55729
3.9602
4.28447
3.96289
3.77645
5.05548
5.40898
4.38797
4.12334
4.40451
4.23668
4.41826
4.33104
4.50813
4.70322
4.07829
4.04657
4.37521
4.74985
3.72064
3.94972
4.23237
4.07836
4.93368
3.90303
4.14174
4.25016
5.8815
6.36096
4.53686
4.89299
4.12904
3.97201
4.2187
3.90953
4.5128
4.277
4.05939
4.11617
4.3694
4.72329
4.28845
3.70149
5.0559
4.25033
4.52131
4.34678
4.08832
4.51885
4.26089
4.16926
5.07624
3.96964
5.86609
3.93299
4.84359
3.9351
3.76626
3.94698
3.62676
4.24379
4.96967
3.72669
4.14169
4.30982
3.96811
4.80381
4.1829
3.63362
4.38036
4.27623
3.78432
3.88518
4.82387
5.10298
4.06317
3.9786
3.61902
4.33687
4.09226
3.7628
5.5485
4.55243
5.43296
3.91316
4.00917
3.73938
4.5377
4.34513
4.73272
4.11372
5.52799
4.87742
5.0394
4.35659
4.10218
4.16539
4.51606
4.56707
4.5677
3.75364
4.23623
4.19543
4.00262
4.98392
4.2622
4.32037
4.59747
4.19172
4.76305
5.35204
4.22474
4.49755
4.28044
4.36607
4.5678
4.27739
4.13137
4.1918
4.19275
4.32667
3.91919
5.28757
4.97025
4.52651
3.8721
6.3397
3.92867
5.32703
4.12113
4.47646
4.54994
4.96245
4.86268
4.56641
4.54171
3.86106
4.22516
3.54945
4.8565
3.78083
4.45505
3.97596
4.20235
4.97996
4.85763
4.83521
5.02615
4.72985
4.6312
4.68443
4.4449
5.48282
4.82983
6.48608
4.12468
5.31119
4.32899
5.08194
4.1672
4.32763
4.55532
4.15477
4.65632
4.1926
4.35495
5.43436
4.59387
4.35649
4.19678
4.67202
3.67047
4.11252
4.70679
4.53197
4.21534
4.28154
4.00906
4.38996
4.03862
5.06518
5.11659
4.77804
4.1057
4.10979
3.74409
5.57188
3.57241
3.82106
4.19397
4.18108
4.44995
4.39432
4.65155
5.31653
3.69267
4.35528
4.14084
4.87627
3.88956
3.77994
4.05366
4.77446
4.21488
6.24622
5.31134
4.42581
3.95762
3.71989
3.83743
4.3278
3.76884
3.78572
3.91351
4.23995
5.40599
4.11519
4.23252
5.29018
3.86933
4.60453
4.23409
4.07636
3.97537
3.80809
4.52997
4.23348
3.97264
4.72357
4.74333
4.49063
5.69424
3.5506
4.25812
4.11411
3.98571
4.47262
4.39601
4.4919
4.25883
4.31719
3.89772
4.24013
3.80935
3.88772
3.59987
4.06676
3.82306
4.81924
4.01658
4.23246
4.5954
4.23039
4.20407
4.49379
3.65782
3.94599
4.59697
4.89094
4.31762
4.17733
3.91714
3.80704
4.09117
3.72167
4.31941
4.08231
4.21776
4.40198
4.39281
4.37052
4.19531
4.63298
3.63584
4.37179
4.36938
5.14687
4.29544
3.91342
4.14124
4.63194
4.11787
5.10109
3.79214
4.25243
4.16317
4.72644
3.63973
3.76842
4.74087
5.35354
4.47648
4.92924
3.88343
5.0564
4.51745
4.08523
3.59285
3.85257
4.05927
5.42406
4.15376
4.81775
4.76951
4.38779
4.56602
4.13206
3.91227
4.83761
4.19246
6.26041
3.39778
4.14051
3.55558
4.50143
4.08236
4.21967
3.88833
4.5615
4.04263
3.78116
4.36889
5.48021
4.06323
4.26401
4.00442
5.5491
4.27163
5.08177
3.94694
4.86391
4.04313
4.18111
4.03267
4.11583
5.03745
3.70005
4.38483
4.49133
3.913
3.64392
3.8347
4.90926
4.31625
5.21519
4.61711
3.64306
4.03355
4.07215
4.11701
4.52179
4.30551
3.97838
4.58482
4.19212
4.04409
4.00118
4.0575
5.46551
4.38649
4.21301
4.06746
4.32708
4.50708
4.23972
3.79663
4.50206
4.92253
5.17505
4.21946
3.65029
4.18026
5.32715
3.96877
4.12206
3.92199
4.85176
4.19912
4.54208
3.80103
4.33862
4.82995
3.86825
3.986
5.35617
4.5732
3.71755
4.48935
3.95413
5.2258
3.99167
4.07465
5.16621
4.07093
4.67837
3.73606
3.60178
4.64985
4.62544
4.08241
3.90689
5.25505
4.73322
3.84124
4.4781
3.76478
5.4128
4.16321
4.08582
4.24502
4.47505
4.77288
4.67265
3.8681
4.03149
4.58549
4.42266
4.20089
3.79962
3.99906
4.57528
3.75817
3.74287
4.23942
4.3312
4.14243
4.19785
3.80582
4.4537
4.13118
4.63358
4.93333
4.35786
4.01504
3.93123
5.04331
3.7029
4.0887
3.91353
4.42607
5.52199
3.81335
4.51844
4.2211
3.92519
5.04898
4.3123
4.3043
4.31776
4.42608
3.68159
4.50519
4.99627
4.25373
5.12428
4.08368
3.72816
4.35695
4.27489
5.00659
3.75859
4.48127
4.11558
3.8316
5.19502
3.92129
4.90755
4.49559
3.92743
4.23548
4.31436
3.75739
4.73419
4.32309
4.4254
3.68507
4.38006
3.75367
4.65051
5.77417
4.39694
4.16311
4.34379
5.40243
4.0659
4.12208
4.41107
4.99877
4.82924
4.36872
5.61659
4.86156
3.96198
4.54288
4.00779
4.22281
3.95605
3.90092
3.91194
4.23343
4.07359
4.36147
4.11759
4.46187
4.41385
4.38811
4.27881
4.16133
5.15948
5.13738
4.85238
3.87676
3.70014
3.91424
4.145
4.101
5.19942
3.28031
3.98793
5.32465
4.52106
4.05198
4.8291
4.3317
4.01296
4.4958
3.82666
4.38359
4.22846
4.24835
4.14398
4.08633
3.90011
4.58597
3.89434
3.35478
4.59132
3.953
3.9229
4.20918
3.80825
4.1997
4.39909
3.67805
3.81166
5.87302
4.50437
4.05379
5.1367
4.5452
4.00812
4.21312
4.39853
3.78216
3.80012
4.34267
4.29769
4.07765
4.53768
3.90308
4.957
3.94144
3.99879
3.88756
4.21228
4.37557
4.41864
6.59953
5.14585
4.0712
5.86304
4.11497
4.53871
4.37634
4.68662
4.71563
4.53649
4.36275
4.29846
4.1686
4.92034
3.88401
4.75675
3.9445
4.10724
3.99215
4.05502
4.78011
3.90925
3.77827
4.76739
4.40302
3.9352
3.51464
4.56146
4.22405
4.36149
4.60426
4.536
3.79602
4.32792
4.32215
4.43357
4.54714
3.79527
4.53438
4.42335
4.10044
4.39638
4.5557
3.85546
4.32745
4.47272
3.91885
4.26429
4.54769
3.98838
4.55946
3.99356
3.58389
4.55185
4.76629
4.6698
4.68895
4.23499
3.90473
4.57483
5.11318
4.01639
3.94388
3.89429
3.82932
3.83254
4.43746
4.77147
4.26406
4.32466
4.61729
4.61444
4.20635
5.34217
4.35926
5.60522
3.78954
4.38022
3.90266
4.26028
4.72323
4.46094
4.84438
3.91968
4.30726
4.73952
3.89187
3.47681
5.0015
4.85324
3.85989
4.57917
4.0296
4.60524
4.35117
3.86223
4.00398
4.58549
3.71704
4.09925
4.35327
3.89887
4.18001
4.146
4.33467
4.33917
4.1843
5.66705
4.33279
3.83734
4.39966
3.88321
4.16524
4.11439
4.48878
5.22563
4.37971
4.04077
4.39047
3.51005
4.97304
4.36319
4.38982
3.85053
4.02823
4.17916
5.0037
4.3929
3.90833
4.64755
3.99893
3.9972
3.48234
3.96138
4.33236
5.01055
4.38971
4.98415
4.04526
4.17481
4.1362
4.20376
4.36586
3.89378
4.2371
5.2959
3.74291
4.07939
4.49384
3.6372
4.13133
3.65894
4.87622
4.16029
4.35353
4.36267
3.9806
3.93413
5.0253
4.01522
3.88515
4.00774
7.21142
4.93332
3.99374
4.90229
4.79954
4.34714
4.2586
4.73437
3.87988
4.39806
4.69062
3.97168
4.73812
4.02574
4.20032
4.46096
3.96536
3.69199
4.7476
4.24532
5.50831
4.45173
5.69816
3.8517
4.55607
3.91462
5.74181
3.77329
4.03506
4.55047
4.09122
4.58929
3.65446
3.40349
3.87591
3.81974
3.8029
4.21611
4.54713
5.13458
5.24538
5.04752
4.22983
4.3329
4.0627
3.70831
3.84267
4.68653
4.01897
4.05472
3.95934
4.48627
4.25794
3.91855
4.25823
4.26588
3.95977
5.38393
3.98493
4.71288
5.56187
4.29693
5.2965
3.80077
4.53367
3.88087
4.88788
4.39495
3.81163
4.86321
4.05449
3.93534
3.62438
4.55732
3.90368
4.2731
4.73026
3.59576
4.30054
4.9239
4.04456
4.09636
3.99859
4.49806
4.28487
4.98765
5.31259
6.63737
5.09723
4.09278
4.44275
4.58163
5.07617
4.23129
4.68159
6.00998
3.69986
4.17611
4.07104
3.76972
4.64285
5.23866
3.99479
4.21133
4.58653
4.06827
4.10832
3.85662
3.97832
4.19972
4.80878
5.19195
4.1067
4.64144
4.53088
4.8128
4.04564
4.43525
4.81475
3.93297
4.56543
4.12826
3.969
4.56562
4.4614
4.2604
4.05339
3.90081
4.48546
4.16325
5.86027
4.18942
4.12773
4.1811
4.14111
4.89463
4.67215
4.36528
4.77724
3.83859
4.42469
4.48302
3.80531
3.89099
4.38926
4.55233
4.34623
4.7082
3.82948
4.76438
3.78751
5.02669
4.16116
3.97365
4.71449
4.40367
3.92029
4.09974
3.58609
4.54689
4.37777
4.43094
3.84233
5.03612
4.44061
4.12262
3.66293
3.83156
4.71849
4.21186
3.99652
4.97834
5.55324
5.45329
4.54445
4.50076
4.41361
4.72522
4.31156
4.48911
5.00956
4.06372
4.1889
4.5154
4.36737
4.04012
5.8622
4.23572
4.3061
4.76336
4.3701
4.38936
4.57362
4.31841
4.71496
4.05331
4.75392
4.28436
4.12379
4.30855
4.44155
4.00361
4.31748
4.46346
3.95246
5.45866
4.08153
4.10121
3.89837
4.65035
4.04172
4.03919
4.54481
3.82308
4.37949
4.30097
4.33407
3.6762
5.00761
4.10465
4.79647
4.21818
4.16918
4.70365
4.70196
4.20677
3.91305
5.24649
3.92461
4.00445
3.75073
4.95696
5.0875
5.62227
3.7802
3.94648
4.62114
4.62186
4.88019
4.18521
5.61788
4.30018
3.95615
4.18551
4.80562
4.21822
4.86608
3.89541
4.78874
4.93201
4.81754
4.77647
3.9731
4.02739
5.52242
4.12493
4.72314
3.50103
5.28911
4.37459
5.83164
3.87825
4.16863
3.53588
4.24454
3.54004
3.91825
4.09299
4.41128
4.18582
3.92514
4.88892
4.00038
5.74403
4.69336
4.45846
5.54798
3.7077
5.09243
4.13734
4.12653
4.14546
3.82758
4.07213
4.34719
4.39242
4.29831
4.18118
4.25349
4.90879
4.11943
3.79172
5.31549
4.34912
4.56821
5.08534
4.21852
4.39498
4.18655
3.69702
4.75481
4.44476
4.41792
4.71591
3.86341
4.39577
4.81424
4.20946
4.71324
4.28765
4.13375
3.88564
5.84381
4.1068
4.23795
4.22416
4.09704
3.7501
4.68905
4.36421
3.94719
4.48868
3.8055
4.86603
4.73572
4.13902
4.16756
4.01865
4.24734
5.18341
5.00167
4.51353
4.2259
4.38112
4.13788
4.55946
4.17481
4.85352
4.82005
4.41468
4.4799
3.42238
4.37759
5.25626
4.46933
5.64059
4.71494
4.09508
4.32168
4.4258
4.36589
3.81325
4.49408
4.8191
4.48962
4.35743
4.49486
5.78706
4.00261
4.55544
3.9109
4.17492
5.12339
4.6213
4.98692
5.22911
4.32016
4.76606
4.592
4.01348
5.08987
4.08358
4.29482
4.41306
3.93004
4.19544
3.96173
4.14723
4.60707
4.41642
4.60316
4.21099
4.86384
4.98861
4.54024
4.11598
5.56405
4.22372
4.40437
6.30373
4.40866
4.75338
3.68808
4.37505
4.00016
4.39808
4.08535
3.99677
5.03173
3.96909
5.57363
3.67082
3.87038
5.04584
4.56963
3.87711
4.16595
4.53461
3.67919
3.95775
5.05001
4.49298
4.91026
3.91729
6.40193
4.32348
4.41213
4.59486
3.59662
4.16825
3.97158
4.86271
4.56073
3.56557
4.74976
5.93883
5.63636
6.98168
3.65303
5.63621
4.77896
3.76178
4.30202
3.97818
4.25288
3.92788
4.84437
4.64605
4.41609
5.03128
4.17785
5.03601
4.10818
4.20936
4.52532
3.79776
3.92419
4.45491
5.13733
3.80172
4.5599
4.32328
4.30813
4.13874
4.66243
5.26121
4.20192
4.90127
4.78724
4.67455
4.56567
3.82613
4.22215
4.3242
5.3413
4.57273
5.19225
4.80422
4.95821
3.9083
4.64295
4.12716
4.09541
4.04455
3.86323
4.18273
4.15399
3.87413
4.25763
3.96885
3.99674
5.30742
4.68099
4.25667
4.48789
4.97585
4.87708
4.58323
4.14829
3.69214
3.57596
4.28925
4.02909
5.04292
4.53573
4.34652
4.08826
4.07895
4.12908
4.61553
4.54655
4.20454
4.85665
3.78056
4.17198
4.19416
3.58349
4.63446
3.73967
4.08659
4.71729
4.30842
4.865
5.00288
4.8517
4.32746
4.54175
4.51918
3.68011
4.44155
4.17824
4.02564
4.85263
4.17422
4.46306
4.22714
4.13941
4.11491
3.7087
4.62864
4.65292
4.79725
3.76847
4.41492
4.62141
4.97041
3.86769
5.1448
4.29346
5.24144
4.83605
4.17082
3.45794
5.29376
4.73472
4.30575
4.01566
3.74893
4.63124
4.46545
3.77246
5.17243
5.1392
4.81999
4.6513
4.3564
4.04389
4.31091
4.60747
4.93304
3.81836
4.22212
4.09121
4.10671
4.45289
3.98691
4.495
4.45779
4.77139
3.96527
4.09871
3.96269
4.66576
4.60197
3.84958
3.97752
4.81971
4.42719
3.97693
4.18464
4.17538
4.3109
4.35858
3.92997
6.19072
4.76644
3.87697
4.34913
3.72232
4.54875
4.07938
4.03114
4.26274
4.3467
3.96746
4.50769
4.61399
4.77041
5.0787
4.72006
3.83682
4.71394
4.25103
4.02376
4.48435
3.90208
4.06049
5.76694
5.45619
4.31489
4.10945
3.62587
4.48985
4.41129
4.34262
3.75155
3.91096
4.53011
3.91749
4.21811
3.81807
4.03732
4.01521
4.27706
3.99259
7.81896
4.77203
4.30541
4.1057
5.12791
4.30664
3.85257
4.47577
3.90471
4.4557
6.0655
4.79387
4.94116
4.60926
3.78425
4.71052
4.18501
3.98428
4.21461
4.12352
4.15466
5.73146
4.82895
4.96969
4.3459
3.82029
3.99841
4.22077
3.92981
4.98034
5.84782
4.85487
4.93645
4.45048
3.69347
5.13644
4.24318
4.62664
4.27418
3.7205
5.06998
4.20291
4.09432
4.04345
4.07287
5.30952
4.91882
3.92454
4.18123
3.90594
4.61906
3.85646
4.03261
4.36665
4.10484
3.96268
5.00706
3.93873
3.85105
3.98179
4.39873
4.78099
4.88998
4.75084
4.24684
4.08796
3.91402
4.44534
4.08988
4.26235
3.94878
3.80217
4.9047
3.97985
4.07178
4.53062
4.15301
4.59668
3.85953
3.88282
4.10527
5.29147
4.18048
4.52803
3.92089
4.83764
4.15693
4.52304
4.01299
3.84392
4.46465
4.00484
4.48799
4.1142
4.95163
3.70897
4.05239
4.31392
4.09798
4.53373
4.77049
4.67077
3.89202
4.04043
3.78609
4.47283
4.35982
4.09319
4.29804
4.30772
4.82728
3.95797
4.34041
4.26066
3.696
3.82914
4.36423
3.69269
5.63309
4.33076
4.04184
4.60624
4.57351
3.94996
4.17607
4.18959
4.24897
4.6267
3.85069
4.21699
4.77478
4.66395
4.01944
3.92802
4.45414
4.51869
4.09912
3.84193
5.20514
4.04214
4.61429
5.97578
3.67008
4.77589
3.83429
3.51632
4.85941
3.59388
3.9702
4.55158
4.04423
4.04369
4.34065
4.78333
4.15375
4.33367
4.52193
4.12466
4.42785
4.51484
5.07127
3.80871
5.36023
4.86904
4.08142
4.13852
3.85867
4.20538
4.09284
5.32302
4.42649
4.77697
3.88465
4.20182
3.97243
4.16186
4.0397
4.53466
4.211
4.04231
5.99654
4.48524
4.23802
3.91853
4.73887
3.99897
4.07769
4.63698
4.03911
3.91297
4.79408
3.92753
4.13397
4.02333
4.48404
3.78247
4.31987
4.90067
3.52476
4.51769
3.69817
4.88729
4.27097
3.75229
4.67052
5.0254
4.45814
4.02587
4.06083
4.33861
4.26197
5.0764
4.34101
4.33256
4.47974
5.68105
3.93087
3.39219
4.16127
4.18262
5.93249
4.16271
4.23933
4.42206
4.523
4.1491
4.48895
5.4141
5.67379
3.98611
4.16538
3.80436
3.81341
5.49442
3.83431
4.24224
4.36423
3.88463
3.67278
3.84198
3.75786
4.27032
4.65716
3.96472
3.88656
3.84546
3.5971
4.58279
4.91181
4.0817
5.06728
3.95876
4.2736
3.86635
3.61785
4.02401
4.5425
4.3996
4.09671
4.29941
4.88833
4.01453
4.29652
6.78091
4.3979
3.73901
3.98008
3.80526
6.26132
3.93867
3.73669
4.85117
5.94512
3.63752
4.76869
3.87088
4.0299
4.02332
4.11046
3.99394
4.3397
4.94434
4.13507
5.5809
4.55095
5.03384
3.77047
4.21095
4.13348
4.05572
4.02527
4.51818
4.46394
4.64261
3.68294
3.94307
4.48376
4.33646
3.87867
4.27231
4.23864
4.69475
5.15281
3.85686
3.83234
4.35923
3.90196
4.16284
4.98667
3.87298
4.08112
3.99997
4.05721
4.25956
4.0001
4.18907
4.2023
4.49018
4.18549
5.62
3.82369
4.14674
3.94038
4.94303
3.89181
3.68821
3.88907
4.20205
4.12052
3.86994
3.68367
3.65985
4.26771
4.09036
4.17124
4.5048
3.73007
4.46249
4.11697
4.17035
3.63276
3.85962
4.35412
4.44833
4.14045
3.63981
4.18105
6.07519
4.13617
3.88834
4.79051
4.60009
4.49513
4.00305
5.05186
4.58048
3.8366
3.98812
6.48731
3.96495
3.94033
6.4297
4.63221
4.2649
3.96607
4.13854
6.40096
4.32666
4.30973
4.68824
4.16902
4.21595
4.39594
4.175
3.85896
3.9192
4.44772
4.17541
4.10417
5.25861
4.40397
4.05668
4.02964
4.33213
4.87357
4.17323
4.25813
5.06826
4.43274
4.96871
4.27514
4.20644
4.72681
4.16024
3.49879
3.93233
6.10144
3.87999
4.98898
3.70671
4.43999
3.9734
5.1682
4.82336
5.31455
4.70523
3.75455
4.1406
4.4152
3.71659
4.59062
4.76369
3.75337
4.8255
3.88085
3.92751
4.82732
4.55908
4.32655
5.17513
5.72333
4.30975
3.94123
3.95554
5.00281
4.24429
3.8718
5.46432
5.53646
4.857
3.71525
4.3757
6.13133
4.2082
3.93923
4.34936
3.80601
3.95689
5.22999
4.44319
4.10634
4.29751
4.2573
3.98815
4.35513
4.1921
4.31739
4.64647
4.66495
4.20376
3.76876
4.02533
3.61179
4.15875
4.4692
3.87294
4.55359
3.78914
3.84829
5.0019
4.23195
4.98592
4.10849
4.28804
4.14831
4.48581
4.82483
3.97304
4.02347
4.70626
3.98754
3.91293
5.34587
3.65243
4.14089
3.85702
4.78321
4.11674
5.61495
5.1157
4.05209
4.13771
5.72957
4.3948
4.82733
4.08591
3.90496
3.93488
4.07576
5.09401
4.75956
4.45708
3.93994
5.20793
4.75498
4.28603
4.57232
5.86324
4.06885
4.34756
4.59355
3.76885
4.64834
4.96497
4.49554
4.78723
4.36464
4.79875
5.06309
3.99236
4.21545
4.68891
4.34469
3.64803
4.04423
5.59651
4.36933
4.23758
4.50773
5.30254
4.41477
4.11724
4.60763
3.82892
5.31462
5.74319
4.84308
4.25174
4.31873
4.07709
5.6171
4.32436
3.43783
4.26071
4.36536
4.29683
4.05167
4.90007
3.70336
4.15069
3.91193
4.15783
5.39526
4.32328
4.23884
4.4321
4.77693
4.31348
4.07542
4.37864
4.51572
4.43853
4.03839
4.23367
4.34975
3.98285
4.30706
4.19441
3.90934
4.29942
3.98039
5.02632
5.27476
3.84021
4.02805
4.02786
3.54122
4.08956
4.63457
5.80852
3.9623
3.60708
5.27095
3.92937
4.47914
4.06757
4.02321
4.49849
5.32942
4.12563
3.76738
3.90736
3.93101
4.93756
4.57711
4.61707
4.59542
4.35169
4.32744
4.80864
4.06685
7.15943
5.12793
4.34282
4.04435
5.72352
4.64457
3.66854
4.49433
4.13539
4.22992
3.70392
4.12082
4.61638
4.2063
4.73612
3.91578
4.18034
4.13488
3.71344
4.17024
4.53785
3.68076
4.14354
4.44117
5.23697
4.04115
3.52935
4.29048
3.71512
5.11547
4.22241
4.2022
4.0524
4.07001
3.84232
4.04671
3.80793
3.93557
4.22222
4.34945
4.37317
4.33043
3.88332
4.7366
4.04806
4.42421
4.16887
4.11821
4.69784
3.90212
3.70944
3.48296
5.33835
4.50867
4.057
3.5257
4.87998
4.48772
3.99781
3.9037
3.9879
4.29592
4.56387
5.66223
4.18304
5.36964
4.41394
4.10612
4.94886
4.32702
4.75942
4.25714
5.14389
3.94022
4.20365
4.47752
3.7544
3.94404
4.5116
3.87352
3.83808
4.21782
4.2885
4.10462
4.23216
4.07934
3.72366
5.80926
4.50067
4.49556
4.48222
3.74577
4.1338
4.12358
4.58311
4.34788
3.82307
4.04912
3.93535
4.21025
4.70536
3.81943
6.19317
4.62406
4.15849
4.19785
4.64624
3.74808
4.87968
4.03708
4.4582
4.03184
4.1297
4.19927
3.97106
3.71536
4.0844
4.52866
5.52429
3.97543
4.09478
4.3694
4.65192
5.08374
4.57579
5.40877
4.21958
4.23297
3.72854
3.69916
4.30164
3.93211
4.2217
4.56399
3.70712
4.36151
5.36615
4.34443
4.15572
3.99759
5.37488
4.7971
4.22375
4.36624
4.05323
4.91261
4.6816
3.64069
4.09272
5.32938
4.6585
4.55856
4.21506
4.10209
4.38604
3.92163
4.67079
5.34915
4.31747
3.95059
3.74743
4.49581
4.07742
3.79164
4.44652
4.59479
4.07427
3.74174
5.08321
4.10555
4.85817
4.38275
4.28378
4.81137
4.01589
4.88935
4.41459
4.17481
4.25005
4.95427
4.217
4.26098
4.43703
5.34658
3.86445
4.37619
3.7176
3.90234
4.24163
4.31749
3.94435
3.9718
3.99251
5.26534
4.30516
4.96012
4.78912
4.12648
4.49048
3.90045
3.59771
4.34138
3.69381
4.78785
3.92014
4.23458
4.39502
4.43825
4.22761
3.43363
3.83514
5.28584
3.67225
4.66536
4.17406
4.26527
5.16858
4.67389
3.99636
4.12698
4.00011
3.7819
4.23614
3.92473
3.74813
4.51538
3.69356
3.93472
4.15369
4.7725
3.95898
3.81307
4.31035
4.29051
4.01958
4.19903
4.09613
4.11695
4.7704
4.04167
4.3851
5.2487
4.00192
3.8187
5.80341
3.87509
4.3617
4.27686
4.60848
3.98445
4.068
4.0576
4.17192
3.92061
4.89275
4.16086
5.22961
4.72219
4.25038
4.13992
3.92474
5.82619
3.96014
4.03852
3.93083
5.11544
4.05809
4.05172
4.2279
5.1762
4.17866
4.36977
4.34013
3.78861
5.32556
5.00929
4.90028
4.23822
4.10684
4.5348
3.91917
3.95238
3.85732
4.13631
4.68523
5.50725
4.23898
4.21937
4.14636
4.57185
4.165
4.18968
4.35446
4.96478
5.08289
3.74177
3.9202
4.27776
4.8099
4.0587
4.46047
5.61067
4.69759
4.09007
4.53428
4.22585
4.09062
4.14475
4.13257
4.24437
4.20995
4.25794
4.58461
4.74491
4.12011
4.09076
3.92661
5.39566
3.94317
4.61326
3.68318
4.93088
3.60875
4.31068
3.96102
3.80616
4.5505
4.59627
4.23072
4.59221
3.9984
5.16009
3.96788
4.31396
5.06689
3.71861
3.97545
4.59792
4.56486
4.41216
4.29862
4.74348
4.33077
4.10601
4.09076
4.23246
4.45545
4.53318
4.43582
4.13836
4.23808
4.19702
4.2181
4.60869
4.6475
4.5725
4.49403
4.03175
4.91094
4.9021
4.10454
3.79566
5.32222
3.82694
3.94778
5.38877
4.01728
4.29107
3.92658
4.82377
3.46742
4.73928
5.59053
3.7051
5.12562
4.16186
3.63769
4.05759
3.88229
6.2322
5.85953
4.73815
3.68666
4.6944
3.75545
5.62949
4.11531
4.08096
4.0833
4.17592
3.98379
4.53298
3.94661
4.66633
4.75676
4.27918
4.38235
3.72936
4.83022
4.26926
4.95967
4.66772
5.02133
4.17979
4.1756
4.05792
4.64088
4.1467
3.97303
4.59873
3.74332
4.71521
4.57237
4.90065
4.34817
4.08628
3.70272
4.69717
4.7026
4.78614
4.87914
4.11233
4.45555
3.91086
5.26459
4.09432
4.80333
4.1301
4.1729
3.96689
3.93944
4.4002
4.74335
3.75037
4.48718
4.36994
4.05718
3.66155
4.15307
4.21048
3.63491
4.36522
3.6264
3.93464
4.04174
4.25813
4.01654
3.84869
4.37328
4.0784
4.10387
5.98319
5.26743
4.58903
4.60864
4.74721
4.69785
3.33842
4.34068
4.4423
4.06738
4.37521
4.02348
5.68823
4.32135
5.11601
4.3996
3.84525
4.11885
4.2323
4.71105
4.78808
4.16339
4.32136
6.1637
4.90773
4.15614
6.16112
4.51199
3.9621
4.29913
4.12215
4.23146
4.13883
4.6301
3.86979
3.57283
4.42344
4.49692
4.9885
4.15298
3.57738
4.91306
3.84173
4.09388
4.47917
4.82496
3.84017
3.85445
4.39204
4.7058
4.51987
4.89085
4.70773
4.02094
4.63983
4.51635
4.14634
4.91712
4.49978
3.94191
4.14854
4.89875
3.74271
3.89605
4.05389
3.76622
3.58595
5.16479
4.12765
4.00295
3.94889
4.16272
3.97422
3.97845
4.4409
4.2955
4.28079
4.6866
4.21456
4.00055
3.94518
4.33302
3.85208
4.23708
3.99656
4.76192
4.06966
4.39976
4.33397
4.08821
4.26941
4.14172
4.34625
3.71035
3.98205
3.62908
4.94313
4.0091
3.6239
4.47161
3.94279
4.33554
4.0498
4.44262
4.51685
4.85635
3.9777
4.16487
4.08582
5.24952
4.23523
4.22969
4.09969
4.23437
4.26194
3.74646
3.9647
4.37228
4.42416
4.11172
4.6589
4.54586
4.18068
4.34162
3.56379
3.99146
4.57215
4.37455
3.95327
4.94826
4.85998
4.02323
4.3763
4.46844
4.23404
4.58916
4.18108
4.39622
4.49951
4.92014
4.91306
4.02259
4.40237
5.02438
4.22717
6.61843
3.63064
4.67665
3.99529
4.41835
4.65512
4.11578
4.08015
3.97794
4.50487
4.51257
3.94864
4.52976
4.0874
4.30459
6.35035
4.51178
4.0291
4.93807
4.26237
4.63641
4.68759
3.63872
3.72483
3.96989
3.54388
5.19116
3.98479
4.49217
4.33376
3.99587
3.7954
3.46927
4.61291
4.53763
4.79972
3.54481
4.81568
4.00118
4.04677
4.37054
3.75192
4.65756
4.10249
4.23023
3.74899
4.54464
4.62719
3.79636
4.59633
4.30545
6.23978
4.26873
4.0635
4.19533
4.35796
4.00113
3.9019
3.81756
3.93499
4.86234
4.38307
3.90234
4.25506
4.65127
4.54159
3.97268
4.03244
4.92839
5.13835
4.72449
3.62676
4.76545
4.199
4.35026
4.15254
4.22314
4.03214
3.7511
3.8632
3.9662
4.15504
4.28038
4.18825
4.70719
4.92407
3.79363
4.19519
3.90369
4.24734
4.73437
4.1286
5.19299
3.91372
4.25196
4.27361
5.14958
4.31257
4.46514
4.41108
4.78586
3.88054
3.68648
4.50977
3.84806
3.85786
3.842
4.62653
5.54742
4.11443
4.13728
5.25118
4.07895
3.86974
4.20289
4.40867
3.80238
4.21553
4.09404
4.19654
4.21096
3.53944
4.12533
4.33328
3.98747
4.07426
4.03698
4.40844
4.49258
5.46848
3.76439
3.99087
4.06084
5.74844
4.63858
4.4604
4.97869
5.87311
4.58847
4.89391
4.50849
4.14894
4.19555
4.14221
3.95326
4.05441
4.8072
4.17138
4.0745
4.45566
4.82079
3.82402
5.5992
4.14827
4.86556
4.7858
4.25689
4.83418
4.15928
4.12509
5.93289
4.50028
4.93512
3.94999
3.93178
4.13419
5.1768
4.61088
4.28036
4.63571
3.98556
3.98017
4.75715
4.02986
4.31878
4.12043
4.13081
4.0482
4.74505
4.26054
4.60718
3.87385
4.74564
3.85011
4.53398
4.77052
4.13869
4.84026
3.56349
4.19082
3.65122
4.87369
4.10778
4.30826
4.26478
4.05819
4.57824
4.78053
4.03497
4.42147
3.94184
3.67147
4.34262
3.71107
3.93506
3.89983
3.86894
3.41258
4.2373
5.05049
3.84755
4.008
4.1386
4.24379
4.09189
3.76782
3.78819
4.69933
4.39761
5.36084
4.26292
4.73528
5.18596
4.2984
4.2051
3.5205
4.09532
3.92277
4.21573
4.12159
4.51686
3.91891
4.03576
4.33159
3.71469
4.04793
4.05061
4.01976
3.96434
4.27789
6.91214
4.45394
4.06259
4.33563
4.00667
4.40725
4.2034
4.72388
4.83596
4.64428
4.34492
4.06558
4.56207
3.83882
4.3108
3.40503
4.07884
3.7975
4.68816
4.26506
4.57853
3.68809
4.32265
4.21377
4.30936
4.18592
4.07102
4.53716
3.94451
4.01246
4.48288
4.69705
4.45321
5.46399
4.53221
4.20906
3.65345
4.47889
3.89409
4.22946
3.73833
4.44431
5.58398
3.93372
4.50361
3.9475
3.83768
5.42555
5.39227
5.43806
4.55741
4.76945
4.50772
3.37589
3.83052
3.71293
5.30406
4.47137
4.01979
4.66258
4.52162
4.32531
3.89056
3.49955
4.00841
5.58451
3.96818
4.09602
4.26988
5.02489
5.32715
3.96441
4.01598
3.63419
4.13358
5.51039
4.47898
4.12856
4.32353
5.58844
4.22523
4.7476
4.64805
4.51439
4.24714
3.92161
4.31803
4.02624
4.24447
3.98481
4.62398
4.94173
4.71122
3.82273
3.84692
3.85815
3.92139
4.22288
4.20977
3.92197
4.1769
4.01273
4.7837
3.96518
4.65643
3.88359
4.21113
3.91587
4.34816
4.401
5.23639
4.2933
4.58531
4.27301
4.83974
4.61902
4.4318
4.78153
5.53149
4.9164
3.96768
4.6026
4.16679
4.10131
4.21684
3.97418
4.06609
3.97016
4.37051
4.07658
4.3711
4.54951
4.13073
4.30971
3.92316
4.19287
5.05392
4.22707
4.54399
3.94277
3.86135
4.90045
5.07889
3.96956
3.89867
4.056
4.10466
3.88279
3.8279
6.11378
4.05181
5.91087
4.66594
4.49617
3.77318
4.56539
4.24179
3.59543
5.07898
3.70095
4.21621
3.97982
4.21048
4.01221
3.9976
3.8299
4.35149
4.62216
4.14546
3.98204
5.71602
3.7013
5.33122
4.9586
4.35924
4.05388
4.2892
4.30823
4.91571
4.32101
3.95911
4.40858
4.09991
3.98026
4.4853
3.65754
3.6408
4.26038
4.50333
5.18453
4.23211
4.24431
4.53405
5.92886
3.92376
3.61127
4.12435
4.06737
3.9321
4.32733
3.87047
4.60007
4.28525
4.57026
4.7893
4.09307
4.26521
4.69883
3.49276
4.81475
4.39509
4.82958
4.88435
3.47847
4.28975
3.88724
3.78662
4.10914
4.53156
4.36797
3.9882
4.15691
3.99916
4.25894
3.70766
4.29625
3.8354
4.29082
4.39904
4.09022
4.62049
4.2415
5.07324
4.59691
4.37422
3.84949
4.17856
4.55512
3.76518
4.10792
4.40526
4.10696
4.29854
4.73232
4.42644
4.09464
4.2224
4.08287
4.34211
4.65283
4.50487
3.64666
4.04954
3.96545
4.00623
3.74808
3.5414
4.16686
4.59736
3.808
4.11013
4.26748
5.09388
4.23977
3.9454
4.71141
4.28192
4.71547
3.67454
4.67763
4.66912
5.18443
5.27137
3.34082
4.54371
4.168
4.3681
3.83486
4.60484
4.19435
4.71565
4.10837
4.54046
4.16026
5.20444
4.63368
3.94468
3.9402
4.45018
3.99996
4.38262
3.49231
4.74171
4.28082
4.46073
5.30476
4.09359
4.61788
3.68383
4.28914
4.5874
5.29176
3.99865
4.18503
4.37501
4.1123
3.76572
4.38761
3.967
4.33754
4.72097
4.94873
4.4846
4.25756
4.06932
4.23056
4.06021
4.05955
3.67705
3.91744
4.86889
4.32805
4.30295
4.25582
4.11924
4.04907
4.97928
4.24178
5.19079
4.40917
4.02876
4.26966
4.51373
4.56046
5.68386
4.49049
4.02102
4.31392
4.85039
4.97246
5.32633
4.51058
4.64038
4.79791
4.05054
4.00625
3.74045
4.85171
5.73871
4.32581
4.20988
4.61026
4.19395
3.9055
4.61098
4.02703
4.20371
4.43939
4.02799
3.71179
5.04394
3.94318
4.08216
4.00956
3.59317
4.82592
4.53484
4.41211
4.00177
4.63356
5.133
4.15476
4.43864
4.17249
4.57959
3.71082
3.91839
4.30821
4.66003
3.89702
5.87335
5.32831
4.43513
4.21878
4.22161
4.75101
4.07345
4.46374
4.44457
3.80055
4.4316
4.78047
4.43049
5.01646
3.9438
4.15654
3.80369
4.83891
4.28067
3.64675
4.33022
3.90484
4.86509
4.60909
4.72215
4.269
4.33896
3.73016
3.85746
5.46237
3.93968
4.1756
4.3093
4.06803
3.61218
4.37934
4.51402
4.2706
3.82922
4.59697
4.33112
4.57196
4.36163
4.05876
3.41567
4.37228
4.2299
4.87227
4.41941
3.9767
3.86643
5.25954
6.68801
4.11027
3.95196
4.35766
3.94789
3.62581
3.96987
4.68569
4.13061
4.35968
4.48781
4.17938
4.06899
4.38337
4.47149
4.30619
4.73569
4.24825
5.05704
6.1933
3.763
4.37211
4.05502
4.07063
4.04758
4.29681
3.98333
5.75637
4.78328
3.70134
4.08631
3.89701
4.30627
4.24499
4.25092
4.84975
4.18249
4.21184
4.31199
4.88327
4.94335
3.53431
4.2401
5.92229
4.11455
3.88626
4.57676
3.70047
4.4462
4.0275
4.07795
4.16042
4.25465
3.87566
4.23699
4.32758
5.46894
4.03265
4.20457
4.48009
4.54784
4.08276
4.03246
3.712
3.71203
4.87385
5.1755
3.94249
4.39
4.03622
4.54445
3.67491
5.20196
4.00776
4.25066
4.77908
4.08711
4.25514
4.80584
3.75637
5.94537
4.95855
3.90682
4.24314
3.98351
4.37882
4.56717
4.744
4.10976
3.6314
4.04106
3.89061
4.07007
4.65549
5.37622
3.79254
5.16707
3.9219
4.82058
4.90637
4.31004
4.68489
4.22068
4.33321
4.45234
4.90584
4.23643
4.18335
3.85561
4.28737
4.32649
5.44502
4.71554
4.81129
5.08042
4.61889
3.97506
3.81336
3.82891
4.49511
4.484
4.84797
4.41582
4.60461
3.72767
3.98547
5.39912
3.94608
4.2322
4.31019
3.6834
3.88701
4.57924
4.66811
3.79611
4.1384
5.16067
3.79788
4.2136
4.47868
4.84352
4.19884
4.51772
5.06644
4.19086
4.34713
4.21279
5.07595
3.72015
4.13225
4.65412
4.5055
4.52831
4.97182
4.38673
3.61913
3.83848
4.41415
4.67748
4.14643
3.65025
4.67362
4.84813
4.13487
4.22666
4.16063
3.94478
4.88939
4.07921
4.19175
3.94624
3.78624
3.94894
4.57444
4.6613
4.17144
4.21789
4.20625
4.59948
4.81344
4.25726
4.65129
4.09329
3.73071
4.574
5.29091
3.85911
4.0977
5.01187
4.47217
3.93365
4.45992
5.37425
4.3239
4.12897
4.68223
4.25676
5.67018
4.76851
4.84846
4.29126
4.27352
4.00789
5.27635
4.22738
4.89766
4.08884
3.65416
4.0182
3.99435
4.42656
4.73994
5.22654
5.18305
4.66241
4.42606
4.11005
3.9126
4.40275
4.02977
4.67574
5.36986
4.00021
4.33274
5.11334
5.01564
4.0347
4.00412
4.12391
5.66108
5.08736
4.78519
4.79872
4.8824
4.87114
4.20502
4.37476
4.12613
4.13201
4.5378
4.26778
4.25139
4.13217
3.97899
4.39585
4.07881
3.69717
4.55237
3.95179
4.53478
4.17006
4.14331
3.63797
4.31364
4.28794
4.32651
4.82569
4.26889
4.83743
4.33805
4.70501
4.52655
4.39782
4.17601
4.1895
4.58117
4.1142
4.7571
5.36866
3.666
3.98629
5.02933
4.49
3.87376
4.55938
4.15215
3.93763
3.96739
4.39936
5.01593
3.70531
4.20017
5.11312
4.37488
4.18225
4.63707
4.51321
4.15331
4.25861
3.93324
4.64238
4.32054
4.09063
3.97646
4.94258
4.28071
3.61021
4.34346
4.78266
3.95838
4.26521
3.93824
4.07808
4.16133
4.96737
4.05828
4.10152
3.53064
4.25211
5.00198
4.14473
5.64688
4.63042
4.58393
3.96926
5.06962
5.35516
3.73531
3.90043
4.30172
4.53673
4.08862
4.08774
4.02194
3.92811
4.37736
4.51377
3.82275
4.25677
3.96772
4.71612
4.94807
4.34527
4.00975
4.9923
3.98573
3.91655
4.30752
3.92944
4.02889
4.06685
3.88128
3.66272
4.45743
4.72771
5.8292
4.19486
4.24292
4.02624
4.35953
4.03712
4.0569
4.53293
5.62911
4.05527
4.74703
5.29539
5.48675
4.74362
4.43767
4.92794
4.82423
3.4594
4.32254
4.97296
5.22553
4.13016
4.07926
4.98387
4.66144
4.30693
5.22749
4.16463
5.14525
5.37774
5.13374
4.63128
4.70575
4.59675
3.96392
3.87198
5.14519
4.9284
4.35907
4.02625
3.66044
3.85687
3.95882
5.0832
4.20379
3.76047
4.97412
4.27593
3.87262
6.02528
4.79417
4.85702
3.52208
3.96017
4.21743
4.08732
5.5751
3.97471
3.84172
4.19172
4.47378
4.1445
4.78693
4.14379
4.21471
4.07081
5.14777
4.58227
3.63904
4.58751
5.10993
5.09819
4.0268
5.81165
4.36278
4.8499
4.36697
4.40712
4.00529
4.54936
4.0673
5.18534
3.68801
5.00786
4.17826
5.20942
4.19112
4.87179
4.08996
3.54908
5.14714
3.96044
3.98552
4.73384
4.24513
4.5357
4.75085
4.89395
4.1781
4.10709
6.49671
4.06761
4.17938
4.21432
4.16214
4.15459
3.87346
4.21908
4.3751
5.04461
4.88011
4.17998
4.43434
4.4099
3.62395
4.83764
4.34331
4.28711
4.47934
3.83681
4.24507
4.21799
4.1721
4.23238
4.54879
5.11883
4.02639
5.94825
6.05111
4.12649
3.9155
3.78107
4.19656
4.44223
4.11207
4.22079
4.46015
3.9919
3.98277
4.87662
3.87621
4.03623
3.86205
4.23836
4.19738
4.1249
4.97923
3.72571
3.87234
4.58537
3.71494
4.59301
4.17321
5.20806
5.4681
4.10991
4.47456
4.41592
4.84772
4.18239
4.46465
3.77776
5.73556
4.5166
4.11346
4.20681
4.55619
4.33616
4.51092
4.02682
4.20297
4.28168
3.99444
4.56053
3.89213
4.12532
4.23497
3.88119
4.63599
4.05618
4.74159
3.82169
4.94859
4.78728
4.49986
4.40936
4.47106
4.36214
4.72025
4.46525
3.69794
4.2645
5.54703
5.27556
3.76519
4.49852
5.35504
4.86357
4.31889
3.93678
4.32567
3.78011
4.1819
4.35967
5.27647
5.25276
4.4607
5.47437
4.60514
4.99277
4.33093
4.11021
4.33399
4.35081
4.2268
3.941
4.855
4.65277
3.78377
4.93475
4.19047
4.08229
4.42087
4.15061
3.76413
5.08078
4.30242
4.60599
4.10735
3.86144
4.71732
4.45237
3.69492
3.90242
3.80356
4.22995
5.09983
4.16025
4.90931
4.11865
4.74034
4.62544
3.74266
4.91337
4.60954
3.76326
4.52841
3.95071
4.44076
4.00084
4.95212
4.45413
5.25342
6.34864
4.53241
4.29594
4.21766
3.67347
4.96151
4.72442
4.68639
4.38832
4.30612
3.94593
5.37374
4.1268
4.38872
4.29317
4.43207
3.63674
4.46148
4.27259
4.41
4.55258
4.20752
4.08813
3.9796
4.2457
3.69667
4.77931
4.99481
5.27991
4.78883
4.92441
4.85897
4.51256
4.42036
3.70454
4.5741
4.85394
4.28077
4.77467
4.21807
4.1672
5.41931
4.32197
5.43961
3.46391
4.44693
3.75416
3.74971
5.41952
4.40549
3.64889
4.70939
3.89716
4.76882
4.26519
4.6857
3.83569
4.62789
4.66157
5.09275
4.05373
4.163
3.8336
3.76417
4.08718
4.36943
3.92936
4.72398
4.27808
4.46753
4.2046
4.32159
4.01342
4.11501
4.05856
4.12579
4.98469
4.14812
4.09753
4.00003
4.45661
4.73656
3.92993
4.41848
4.23932
4.50261
5.67298
4.96859
3.96024
4.07481
3.77554
4.69286
4.00998
4.3112
4.6415
4.47638
4.11035
3.93923
3.89785
4.83089
3.93713
5.39243
5.2254
3.74771
4.43285
4.21924
3.712
4.5257
4.01397
4.49939
5.04502
4.84979
4.18205
4.89306
3.88626
4.04053
4.50173
3.8591
4.31962
3.56554
3.99894
4.34877
4.36482
5.31154
3.9662
4.76692
4.06401
4.08175
3.87959
4.01058
5.17313
4.57277
4.27279
4.12579
4.02562
4.59343
4.26879
4.58463
4.49153
5.47441
4.49838
3.97198
4.33863
4.16709
5.05353
3.90128
6.09288
5.25033
5.07053
4.72781
3.87226
3.92136
4.14022
4.23044
4.70584
4.33272
4.37398
4.00172
5.34815
3.81799
4.38845
4.48751
3.70904
3.94782
3.58051
4.43716
4.47217
4.43933
3.60948
4.56247
3.67025
4.1719
4.11475
4.31661
4.34722
4.25918
4.30291
4.81302
4.24189
4.72209
3.65755
4.63051
4.56762
4.86453
3.75028
4.32215
3.75705
5.00699
3.72578
3.83634
4.1603
4.18972
4.58842
4.30701
4.35074
4.21956
4.0021
4.8382
4.37342
3.70508
4.40646
4.12632
4.67155
5.26831
4.48497
4.04516
4.5174
4.16972
4.63211
4.06488
4.20965
4.67525
4.16158
3.92991
3.64947
5.07971
3.77768
4.50273
4.01525
6.21803
3.92158
4.61913
4.05071
5.50814
3.80972
4.69763
4.33177
4.17374
4.23243
4.18529
4.53151
4.03339
4.77209
4.09751
4.25619
4.34529
3.85873
4.28627
4.1309
4.16361
3.68836
4.05441
4.66089
4.03702
5.2061
4.25
4.56691
3.86925
3.69828
4.54299
4.04453
3.60911
4.58452
4.66029
4.54736
4.02581
4.301
3.90847
3.92323
3.85591
4.68179
4.13892
4.25427
5.48703
4.11776
4.50717
4.4162
4.05316
4.21868
4.23593
4.38637
4.22131
4.55374
3.87062
4.03652
4.39672
4.45122
4.20947
4.12758
5.43034
4.79411
3.66582
4.16029
4.17408
4.265
3.74724
4.59235
4.60815
4.21299
4.17657
5.30563
5.04462
4.78074
4.43555
3.94482
3.82027
4.38476
4.32318
3.82995
4.71988
3.45909
4.64276
3.74573
4.96068
4.39382
4.31741
4.00736
4.3015
5.15426
4.04112
3.82398
3.74749
4.15892
3.90861
4.45722
3.94268
4.79682
4.51925
4.26543
4.05434
3.96729
4.53593
3.95871
5.07388
4.31237
4.70974
3.90738
3.77723
3.84528
3.90758
3.60191
3.66426
4.61716
4.42571
3.48961
4.69502
4.27113
4.6108
4.09431
4.50887
3.62808
3.81919
5.25299
3.71792
4.29536
4.20201
4.21377
3.69377
3.81801
4.07474
3.99832
3.80003
4.36506
4.59242
5.05487
4.07162
4.63617
4.00348
5.15554
4.33221
3.64308
5.65483
4.25991
3.93269
3.98529
4.55918
4.19567
4.06336
3.87033
4.08575
4.048
4.15734
4.16941
4.43651
5.34145
5.11153
4.10235
4.20824
3.95775
4.37111
3.7601
3.84099
4.21096
4.10309
4.10908
6.36393
5.95954
4.17875
4.17614
4.08951
4.33843
4.62836
4.78703
5.14038
4.49679
4.13205
3.87551
4.18449
3.91492
3.60904
4.62618
4.58788
4.18436
5.49347
4.6453
4.15004
3.90082
3.49267
4.45304
3.88818
4.50563
4.93746
4.057
5.55195
4.48908
4.23355
4.80959
5.16671
4.59938
4.53381
3.99045
3.71857
4.35643
4.52096
4.90705
4.07299
4.52566
3.72615
4.42114
4.03428
3.57183
4.72872
4.54239
4.30455
4.3218
3.92026
4.62237
4.90781
4.71275
5.32496
4.27073
3.685
4.87481
3.6604
4.388
4.93918
4.23139
4.53901
4.86904
4.88609
4.44762
4.24568
4.00408
4.55493
5.24082
5.47067
4.23849
4.43355
4.15682
4.27024
4.43584
3.6902
4.36992
5.119
4.45594
4.1183
3.86627
3.44841
4.2616
3.89732
3.87469
4.58995
4.35687
4.38248
4.21443
4.29958
5.28547
4.40299
4.18663
4.32407
4.11554
4.48983
3.9369
4.10931
4.06903
4.94369
4.32617
3.82908
4.44163
3.70582
4.16693
3.94745
5.00392
4.4394
4.50349
4.07096
4.05905
5.03359
5.33425
4.08568
3.45013
3.81998
4.36878
4.1876
4.88774
3.78982
3.79259
4.0185
4.0724
3.92518
4.44495
5.31348
5.02434
5.19723
5.43444
4.04242
3.97147
3.68837
4.57947
3.80429
3.71226
3.73458
4.63727
4.38713
4.01494
4.26155
3.80061
4.70171
4.0226
4.8797
4.15599
3.93156
4.01779
4.59154
6.18591
4.25273
4.03406
3.73897
4.18387
4.13476
4.08003
5.36653
4.61161
5.11608
4.22163
4.39676
4.19542
4.46107
4.81914
4.08295
4.47276
4.82722
3.64438
5.78054
3.93422
4.10411
4.55182
4.62099
4.38074
4.98288
4.26231
4.81901
4.95326
4.20763
4.21097
3.67053
4.03182
3.79413
4.58909
4.02757
4.41359
4.08771
4.48721
4.77113
3.94246
4.08923
4.31425
5.84098
3.88592
4.00462
4.17408
3.61783
4.78131
4.83979
3.4973
5.23616
3.91381
4.20182
4.26567
4.32128
4.14607
4.226
4.87329
5.49949
3.87565
3.92803
3.91806
4.56377
4.0929
4.43453
4.16581
4.38735
4.0444
4.24657
3.8327
4.02537
4.97726
4.5241
3.96338
4.84981
3.99497
4.14033
4.12173
4.09494
4.05897
4.97399
3.81924
3.85092
3.79096
3.88708
4.68461
4.26003
3.885
3.81429
4.40902
3.89176
4.21462
4.82053
3.87389
4.81143
4.38416
3.97987
4.16899
4.09988
4.11409
4.85521
3.75216
4.04718
3.87718
4.67067
4.43844
6.27599
4.56844
4.05845
4.60482
4.41587
4.55289
5.00228
4.27792
4.35411
3.91588
4.58362
4.20357
4.07301
3.94493
4.19368
5.16241
4.10227
3.50816
4.36127
4.03772
4.47662
3.74006
4.40289
4.3105
3.81016
5.1987
4.4758
4.09506
3.90239
4.42816
5.30419
4.05425
4.6932
4.00013
4.70015
4.84343
4.39238
3.91237
4.54733
5.92964
4.13074
5.67785
4.19784
3.76771
4.78357
3.90364
4.12977
5.28083
3.89173
4.24216
4.7583
5.19865
4.61546
4.11992
3.62958
4.31454
3.94246
3.90448
4.02397
4.34865
4.68578
4.64409
5.4236
4.51877
4.53583
4.31081
4.72019
4.42088
3.76702
4.68454
4.25805
4.85091
5.23649
3.97351
5.8424
4.37564
4.53865
4.29819
4.44898
4.4589
4.14113
4.09872
4.41107
4.47365
4.68461
4.15556
4.29964
3.96962
4.58483
4.9326
3.92094
4.18023
4.07826
4.36922
5.44939
4.77232
4.15158
3.81368
4.65412
4.58675
4.82346
4.25807
4.16023
4.70835
5.00169
3.69751
4.09988
3.70799
5.25843
4.23432
4.097
4.06885
4.09721
5.32865
4.28882
4.47459
4.30429
3.74275
3.6106
3.8743
4.23579
4.72868
4.1451
4.68425
5.42869
3.67588
4.1972
4.00119
4.23575
4.54801
4.24012
4.804
4.08972
4.93523
3.98506
4.03755
4.36146
4.31383
4.37085
5.30858
3.84943
4.11265
4.06946
3.79932
3.78414
4.57828
4.17635
4.14922
4.69005
3.95148
3.94619
4.14966
4.4685
3.95871
3.91654
3.73768
4.36786
3.88954
4.86184
3.72449
4.0223
4.20825
4.05294
4.07027
4.12745
4.30994
3.82802
4.58822
5.29617
4.31848
3.855
4.2338
4.79062
3.99962
5.31963
5.10604
4.6735
4.08456
4.67879
4.52046
4.45522
4.1945
4.95285
4.02316
4.06912
4.76263
5.41491
3.78246
4.25888
3.78418
4.60145
3.97623
3.84452
4.86104
4.24913
5.25422
4.69408
4.48822
4.16039
3.94111
5.21519
4.52053
4.10846
4.84073
4.38873
4.45398
4.19677
3.97289
4.46587
3.8784
4.06785
3.81423
4.62205
4.41843
5.60755
4.4551
4.65987
5.06946
3.69518
5.26027
6.37472
4.02122
4.54893
4.1432
5.46217
4.58296
4.69829
4.72966
4.44242
4.10694
4.32199
4.58037
3.80715
4.74992
3.78323
5.13313
3.69447
4.06406
3.92247
5.06861
4.41007
4.45242
4.45126
4.32742
4.07111
5.0043
4.52801
3.96458
3.99106
4.68765
3.95697
4.03678
4.70056
4.36247
4.68208
5.00837
4.23272
4.77058
4.9736
4.39341
4.98148
3.94464
5.22037
3.96585
6.27083
8.58768
3.91923
4.80272
4.16619
4.12792
5.85076
4.73894
4.42553
5.21268
5.9962
4.0996
4.49175
3.83605
4.50436
4.33631
4.48194
4.40403
3.89067
4.56127
4.20378
3.94893
4.38451
4.66686
5.0078
4.0734
3.86537
4.45326
4.13446
4.07214
3.94496
4.15309
3.41917
4.32775
3.83394
3.98785
4.85253
3.67404
4.55048
3.92661
4.3756
4.34982
3.9075
4.34433
4.22448
3.34904
4.48625
4.49017
5.09626
5.55294
4.09377
3.93033
4.38073
4.17724
4.43576
4.44993
4.52552
4.34066
4.33404
3.45789
5.03636
4.27097
4.90549
4.28026
4.33597
3.83986
4.34223
4.33146
5.2773
5.49123
3.46923
4.02692
5.43146
5.27904
4.60113
4.46388
4.34895
5.34626
5.94079
4.01139
4.09134
4.31647
4.29853
4.38525
5.21786
4.14404
3.9956
4.21162
3.88889
4.40532
4.46029
4.71175
3.94128
3.97642
5.09712
3.84994
4.24542
5.00344
4.22
4.11052
4.42686
4.38585
3.92209
4.38661
4.40136
4.19569
4.13458
5.10201
4.75506
4.3869
4.30835
3.86027
4.42398
5.12568
5.04474
3.68372
4.57398
4.66499
3.57362
4.76714
4.77376
4.01968
4.76207
4.55252
4.10637
4.31896
3.88262
3.96892
4.2272
3.94864
4.62182
4.6637
4.31941
4.65506
3.85621
4.67317
4.18621
4.37374
4.85082
3.98438
4.28889
3.93701
4.95842
3.75833
5.27355
4.13724
5.20465
4.95307
5.0561
4.31231
4.33319
4.39343
4.23112
3.86176
4.42497
3.74802
4.21152
4.79799
3.88797
4.62268
3.84962
4.15794
4.37763
5.44669
3.92076
4.10824
4.03422
5.03435
3.74947
4.55446
4.49104
3.71533
3.70456
3.8739
4.30161
4.06008
4.1584
5.21694
4.39222
3.55809
4.18655
3.71748
4.45399
4.04662
5.78512
5.22286
3.59164
4.13543
4.82053
4.25291
3.54081
4.87204
4.51965
4.70063
4.49515
4.2641
3.90283
4.38068
4.48764
4.76008
3.95805
4.05412
4.15137
5.0204
3.77121
3.98324
5.32507
4.09935
5.0366
3.59526
5.44604
4.22001
5.16326
4.11047
3.87119
4.59364
5.00373
5.36712
3.96245
4.90752
5.23703
4.2684
4.41192
4.07359
4.15501
4.24585
4.01716
4.25256
4.61122
3.96001
3.90392
3.98621
3.92105
4.80786
3.74168
5.32303
3.85755
3.99488
6.52426
4.23242
3.59298
4.16703
4.80623
4.29125
4.49838
4.72897
5.34306
4.16685
5.39095
4.00795
4.0925
4.34463
4.03035
4.56134
4.62507
4.84415
4.94965
4.00459
5.6335
4.56389
4.3469
4.43499
5.19409
4.60991
4.53186
4.38815
4.32969
4.00315
4.58634
4.1426
4.45646
4.3709
4.02674
4.76923
3.95921
4.57688
3.92605
4.25269
4.18922
4.92695
3.91246
4.25894
4.17605
3.71805
4.36541
3.7067
4.83194
3.91013
3.90519
4.72658
5.07797
4.03394
5.20039
3.99703
3.86325
4.52361
4.00959
4.61427
4.093
4.18426
3.79709
5.15546
3.98457
4.23582
4.71325
4.38625
4.71776
3.88875
4.74186
4.31531
4.25655
4.84051
3.91388
4.1198
3.7614
3.9219
4.28905
4.56164
3.78538
3.79204
3.8823
4.40957
4.14941
5.97349
3.86162
4.19037
4.4914
3.89818
4.23009
5.66862
5.27719
4.86922
4.22974
3.75013
4.3005
4.8254
4.39181
4.44809
4.2191
3.77504
4.67477
4.51791
4.42095
4.02506
3.95481
4.01693
4.67933
5.518
3.96945
4.43137
3.70363
4.09016
4.27104
5.57152
4.38735
5.66758
4.2327
4.45626
4.36953
4.09227
5.53202
5.45878
3.66691
4.26665
4.24987
4.81552
4.45469
5.01529
3.6917
3.79158
4.89866
3.85073
4.40038
4.12197
5.2302
4.16043
3.90853
4.88694
4.60139
4.38701
4.2082
4.96015
4.29166
4.63313
3.90272
4.74971
4.19446
4.04863
4.07561
3.80235
4.18147
3.99764
3.87367
4.34503
4.40558
4.88045
4.39787
4.20246
4.63481
4.01311
4.32841
4.87255
4.66146
4.05572
3.83598
3.877
3.72478
4.18276
3.89002
4.02274
3.86957
4.52951
4.04163
4.10911
4.09889
3.9009
5.16016
4.60423
4.22314
4.41528
5.54579
3.92141
4.21715
3.70009
4.30183
3.93765
4.18586
3.48107
4.50303
4.44799
4.67045
4.4374
4.40304
4.87357
5.74648
4.35459
3.94648
4.63056
4.36744
3.88946
5.02707
4.00667
3.89709
3.9925
4.13133
3.8039
4.63844
3.87836
4.67749
3.94998
4.92865
4.41759
4.33559
4.51369
4.26264
4.23021
3.87597
4.72282
3.80284
5.82287
4.56683
4.30205
4.06746
4.36842
4.14152
3.82423
3.92765
3.50352
5.01589
4.07869
3.82752
4.65569
4.11349
4.04821
5.1293
6.29966
4.24152
4.65901
4.71454
3.87632
5.15424
4.13616
4.46619
4.2782
5.15536
3.30645
4.24133
4.35476
3.96409
4.07351
4.50935
4.53901
3.88948
3.92574
4.10248
4.03004
4.82439
3.93734
4.15119
5.74523
4.65455
3.95503
3.96862
4.29657
4.42564
5.7914
4.49258
4.16294
4.57045
4.21563
3.96716
3.81275
4.36055
4.54749
4.22344
4.4632
5.19026
4.72302
4.61651
5.92416
6.06482
4.35804
4.29454
4.36543
3.78341
3.94151
4.32381
5.08623
4.3547
4.30703
3.88162
3.84812
3.98567
4.49635
3.78581
3.91874
4.20704
4.2165
4.31164
4.55958
4.2446
4.87478
4.77223
4.33567
4.39371
4.68988
4.06968
3.83588
3.67824
4.22117
3.69969
3.73647
4.55352
3.77567
4.77707
3.75859
4.0082
5.00302
4.44086
3.56674
3.91394
4.02448
4.90029
4.48708
3.95331
3.92603
4.89519
4.07044
4.80074
3.88682
4.13682
3.98065
4.47536
4.0933
4.99034
4.13133
4.26119
4.35518
4.44788
4.19468
4.21887
4.51996
4.64483
4.03077
3.70756
4.42331
4.6045
3.85603
4.49349
5.44653
3.93818
3.89914
4.09436
4.50279
4.20555
4.0665
3.75522
4.48808
3.33629
3.8116
4.19991
3.84174
4.62675
4.48278
4.36564
4.16737
3.59803
4.06843
3.54759
4.57947
5.74182
3.77675
4.38795
4.13745
4.29247
4.83259
3.78598
4.46248
3.97662
4.81193
4.31797
3.42285
3.66547
3.92561
6.32973
4.42964
4.38295
4.41867
4.34897
4.69372
4.28858
6.54763
4.454
3.86174
4.2945
3.65633
3.59047
3.85761
4.11272
3.76952
4.40575
4.74489
3.82584
4.2574
4.40321
3.94709
4.47714
4.6036
5.01598
4.45208
4.40469
4.29891
4.41198
4.51887
4.55978
4.22659
4.55807
4.45669
4.38029
5.13732
4.07065
4.16963
4.02675
4.08468
3.62753
4.51894
4.79134
3.98978
4.07963
4.68431
4.65626
3.96275
4.29142
4.03663
4.74055
3.94361
3.7473
4.63596
4.27161
4.48023
3.76493
4.12792
4.33943
3.95315
4.13952
4.21312
4.25187
4.33744
4.03431
4.40404
4.21832
4.19688
3.96612
4.99152
4.09284
4.23712
4.153
4.30662
3.68302
4.94008
3.99638
3.82544
3.97536
4.29582
4.73026
4.44009
4.71642
4.46907
3.99049
4.58357
3.9555
4.16906
4.43756
4.27497
3.96112
4.00787
4.91932
4.1135
4.52762
4.52321
4.33067
3.8588
4.12156
3.88671
4.51939
4.95395
4.1495
3.86935
4.30956
4.22769
4.01456
4.18698
5.24512
4.17559
5.33975
4.82125
4.75483
3.66411
3.99024
3.78545
4.77039
4.31379
4.16682
4.02938
5.377
4.97587
4.18678
4.24692
4.94932
3.6951
4.92421
4.22981
4.26687
3.9011
3.8797
4.47503
5.75368
3.94222
4.55385
3.94137
4.3534
4.4701
4.05966
4.52903
4.52857
4.35007
4.04846
3.89669
4.66339
4.65081
3.80898
4.76991
3.61095
3.90082
4.69461
4.2741
3.8455
5.18367
4.07559
4.46845
4.1957
4.70586
4.2828
4.08005
4.37203
4.04295
4.20425
4.36403
4.30676
3.78216
4.17475
3.59456
4.48836
3.96901
4.64901
4.74239
5.2188
4.08918
5.32943
3.99951
4.73752
4.03053
5.23135
4.21541
4.87188
4.36953
4.5006
3.73778
3.95728
4.02566
4.36545
4.60812
3.88367
4.14268
3.92639
6.33957
4.02051
3.94471
4.02912
3.51473
4.55732
4.50337
5.59397
4.26358
5.49844
4.62499
4.12426
4.20246
4.47204
5.04901
3.72701
4.24348
3.79745
4.6288
4.44659
4.8446
4.86798
4.27144
4.18943
3.58454
3.9118
4.09147
4.29984
4.52873
3.78555
4.07448
4.73732
3.98178
4.07024
4.33804
4.02975
4.13177
4.25445
4.28821
4.24803
4.95878
3.92295
3.58415
4.7232
3.96014
4.33944
4.23758
3.93051
4.07343
5.05099
4.37585
4.25749
4.3829
5.30581
6.52841
3.3171
5.3816
4.78463
3.47382
4.58458
4.3313
4.48547
4.52413
4.38292
3.6395
5.04555
3.94386
4.52343
3.96287
5.04983
3.90071
4.78868
4.60579
4.1557
4.7562
6.38733
5.20331
4.08683
3.69835
4.48897
4.54786
5.1301
4.27034
4.43367
4.4576
4.24582
5.1686
4.31791
4.26457
4.77363
3.80556
4.31497
3.67518
3.79842
5.04158
4.7197
4.19127
4.34975
4.68833
4.12469
4.04311
4.52974
3.83284
5.60871
3.92634
3.96196
4.29853
5.50342
4.57939
3.80573
4.20108
4.92923
4.50664
4.85756
4.62262
4.79144
4.56819
3.83626
4.03374
4.2333
4.07056
4.68172
3.75097
4.86916
4.3316
4.21159
5.29965
3.90833
4.96851
4.5134
5.32162
4.18986
4.26579
4.04171
5.19146
5.09841
5.13302
4.25864
4.07223
4.13262
4.5116
4.67939
3.95681
3.76735
3.97174
4.87691
4.6201
3.42544
3.76962
4.22849
4.5949
5.04439
4.16394
4.00013
5.00566
4.44469
4.09344
4.58119
4.78146
5.39557
4.31113
4.44125
3.86215
5.00397
5.3716
4.21392
4.15922
3.97007
4.82456
4.0662
3.9679
4.54494
4.47204
4.53054
4.15356
4.23175
4.25407
4.94863
5.01756
3.803
3.90082
4.36408
3.90696
4.30183
5.0625
4.07197
5.4451
4.25933
3.88154
5.95983
4.51283
4.28344
4.50407
5.34469
5.57516
5.12149
4.62408
5.45659
4.58669
4.34695
3.77062
6.76476
3.86363
4.61614
4.20558
4.19371
3.59909
3.83145
4.67174
4.34223
4.59645
3.95147
4.13756
4.12038
4.07372
4.61309
4.92627
4.44644
5.50931
4.54239
3.68177
4.30371
3.70534
3.86802
4.12068
4.50581
3.55748
4.63331
4.94428
4.58292
4.35724
5.08498
3.4921
4.08533
4.06031
4.4565
3.80271
4.21212
4.62517
4.69215
3.86243
4.77466
4.01388
5.5545
3.69769
4.91036
4.45523
4.13219
4.09332
4.28724
4.51846
3.92878
4.0318
4.68109
4.14154
4.3638
4.72715
4.91393
4.18106
4.37863
5.37537
4.85929
3.68479
3.90793
4.19609
4.01111
4.33865
4.37336
5.01382
5.06808
4.12377
4.48152
5.62614
4.68094
4.31595
4.12634
4.07628
4.70444
4.46213
4.94293
4.58582
4.01854
4.59645
4.71599
4.04444
5.56454
4.58199
5.00535
3.57756
4.33614
4.91149
3.92026
4.8493
3.72871
4.73593
5.10026
4.11621
4.27037
3.82588
3.68676
4.73869
4.60335
4.34102
4.86599
4.56186
4.37091
5.28215
4.50475
4.08579
4.13232
4.41787
4.61391
4.6114
4.1882
4.06928
4.79317
4.26874
4.38333
4.45693
3.90278
3.63699
3.99512
3.88025
4.41845
6.42253
4.11612
4.44429
4.45482
3.79215
4.0896
4.50994
4.68432
4.66655
3.95494
4.49155
5.14348
4.81788
3.59867
4.73113
5.34229
3.96956
4.70007
3.8409
4.66291
4.18458
3.74015
4.09262
4.0848
4.11983
4.04735
4.09827
3.89917
4.56648
4.36527
5.60508
4.24863
4.35612
3.55955
4.29709
3.68641
3.87946
3.98687
4.78672
4.81941
4.61673
4.02073
3.9963
3.9313
4.76261
5.3544
4.40573
4.35679
4.60024
3.96243
3.97787
4.17028
4.10496
3.76421
4.19042
3.4958
4.84366
4.12096
4.84222
4.75036
4.85763
4.5607
4.94879
4.19793
3.69999
4.24901
3.83163
4.76316
3.931
4.52551
4.92433
4.36548
4.14447
4.1506
4.21315
4.33489
4.52166
5.6451
4.17963
4.46869
4.05522
4.58476
4.52456
5.47234
3.67804
4.01083
4.36648
4.10752
4.58715
4.31209
5.40188
4.12266
4.14898
3.9903
4.26834
4.92909
3.68203
3.89948
5.48726
3.87084
3.77607
4.61167
4.03243
3.95269
4.94769
3.81807
4.49251
5.71592
3.97673
4.48145
4.25483
4.28501
4.64695
4.06163
4.77237
5.30862
3.85901
4.24357
4.11949
4.27881
4.1369
4.16478
5.30877
3.99414
4.42584
5.04466
4.10533
4.20516
5.0862
5.5639
4.4719
4.09523
5.0501
4.57398
3.88327
3.8688
4.42743
4.15876
4.19073
4.00783
4.14996
5.00723
4.14717
3.89916
6.0831
4.52189
3.5944
4.4373
4.0715
4.27519
4.19217
4.94005
4.13768
4.29758
3.96008
5.06486
4.94775
6.62858
4.77817
3.88021
3.74421
3.77489
4.1786
5.00071
4.35459
3.96095
4.72012
4.88745
4.13275
4.29043
4.05784
4.40661
4.75407
4.22765
4.13607
5.31573
3.84059
3.50615
4.15013
4.20706
5.15969
3.79842
4.62318
3.87175
4.29241
3.84577
5.54907
4.71061
5.54818
4.5492
4.36393
4.80944
4.29348
5.25777
5.68765
5.4519
5.37339
4.22393
3.98974
4.36016
4.15359
4.6904
4.55936
4.25202
4.70698
4.50864
4.26015
4.29203
4.03553
4.35801
4.36839
4.5113
3.70817
4.01346
4.7623
3.91717
5.0274
4.19566
4.69508
4.50782
4.24982
3.7984
4.17015
3.9926
4.18357
4.02471
3.76467
4.09443
3.75447
4.08554
4.01376
4.0758
4.62234
4.56369
3.74841
4.14262
4.40277
3.49063
3.56215
4.61549
3.89512
4.07345
3.89563
4.26602
3.76524
3.99289
4.39729
4.34551
4.12843
3.65598
4.62904
4.06818
3.8988
4.39045
3.99059
3.72096
3.85102
3.99179
4.82044
5.34751
4.8595
4.4468
3.99185
3.70245
4.15784
3.97038
3.61754
4.21106
4.05871
4.10227
3.91525
4.40634
4.25673
4.20791
5.21881
3.94325
5.35817
3.64355
5.12363
4.95414
5.60488
3.85087
4.71899
4.32052
4.17493
3.9108
4.04034
3.99092
4.32067
4.02982
6.45316
4.16598
3.90693
4.31608
4.2458
3.88259
5.64224
4.01635
5.34864
4.71606
4.40571
4.52812
4.33021
4.5575
4.50254
4.55898
4.70353
4.06051
4.73182
3.98281
4.8787
3.98829
4.19546
4.08422
4.26976
4.64295
4.2719
4.20365
4.10977
3.74434
5.90127
3.93667
4.55804
4.29481
5.34865
3.74393
5.10991
4.46942
4.07819
4.30768
4.37878
4.48604
4.49593
4.15919
4.23737
4.49996
4.48335
4.01552
3.8973
4.16282
4.37698
4.50778
4.09664
4.13799
4.39157
4.67223
5.29153
4.45239
4.36928
6.48309
4.72471
5.75719
5.14927
4.50593
4.90375
3.85072
3.91882
5.85862
3.94496
4.61951
4.41745
3.93023
5.36031
4.12786
5.52649
3.9766
4.44618
4.63567
3.80003
4.16047
3.48799
4.25831
4.24379
4.81585
4.19014
4.40666
4.45826
4.19244
3.80601
4.87645
3.83426
4.3201
5.0521
4.97682
4.08857
4.76245
3.90819
4.64668
4.42775
4.25681
3.84564
4.17721
3.88272
5.5847
4.37068
4.45027
3.93525
4.16908
4.0018
4.04922
4.44081
6.00168
4.45009
4.01122
3.90861
5.019
3.95538
4.01591
3.95761
4.61725
4.00571
3.78972
4.2745
4.05359
3.90986
4.12678
4.2246
3.89479
4.64872
3.70914
3.45805
4.52567
4.25723
5.70725
4.68363
4.15545
4.36491
4.206
4.42324
5.02709
3.79031
4.4598
3.96419
4.3555
3.60899
4.23355
3.79762
3.94973
5.46428
3.54909
4.29105
4.23031
4.25574
4.60379
3.82419
5.17185
4.0125
4.19019
4.79946
3.98987
4.77407
3.63506
4.58863
4.54928
4.55015
4.75896
4.71003
4.54152
4.16058
4.05978
4.1507
4.65502
4.18068
3.9401
3.59356
4.27419
3.85798
4.6563
3.9981
4.60947
3.8036
3.81411
3.78181
4.40677
5.65673
4.23959
4.53892
3.77099
3.85997
4.29129
3.90355
3.83476
3.70737
4.62559
4.50795
3.4869
4.95671
4.07277
4.072
4.26448
4.39425
3.69701
3.8683
4.29779
3.68553
3.95073
4.14209
4.15022
4.5438
5.25184
4.59196
3.68602
5.68422
3.83663
5.09581
3.53608
4.52299
5.56045
4.40067
4.13744
4.65218
4.32585
3.68661
3.92564
3.56463
4.53222
4.10996
5.13778
3.78841
5.21571
4.67113
4.20517
4.28296
4.04074
4.01853
4.21359
4.14978
4.65762
3.82285
3.8549
3.76282
4.10034
3.6453
4.17265
3.40395
4.18486
4.72301
4.65831
5.27551
3.94618
4.62495
4.06944
4.14075
3.69436
4.01452
4.22901
4.75903
3.77142
4.65581
4.22473
3.43541
3.89569
4.06322
4.075
4.47065
3.84123
4.60272
4.04755
3.88453
4.06328
4.58679
4.27037
4.82496
4.12863
4.09698
3.95645
4.11752
4.39336
4.2156
3.84387
3.97493
4.80886
4.2716
4.2494
4.06266
4.08029
4.26605
4.25549
4.77452
5.03771
4.28633
4.79137
4.02494
3.7751
4.01475
4.29154
4.40547
4.90187
4.86519
4.1303
4.17681
4.26727
3.54615
3.84592
4.03207
4.38448
4.4065
4.91674
4.49256
4.29295
5.71325
3.64281
4.02334
4.81956
4.4595
4.24604
4.2127
4.99063
5.63444
4.71895
4.25928
3.74072
4.11542
4.86019
4.34542
4.39587
4.93639
4.38839
3.62147
4.78588
5.38773
3.77237
5.35105
3.41867
4.41597
4.50994
4.21011
4.60126
5.23183
5.40356
4.18657
4.38474
4.07896
4.88965
4.02918
4.61722
4.18812
3.77157
4.11459
5.70606
4.16434
4.15567
4.39993
4.5961
4.12103
4.90727
3.90149
5.25425
4.55624
3.89173
5.34496
4.32863
3.56004
3.99316
4.30571
4.88551
4.10741
3.75637
4.48017
4.40527
3.6003
4.07654
4.22724
3.76968
4.29856
3.82029
4.44915
4.32456
4.00815
3.79372
4.43337
3.9661
4.4117
4.19485
4.45278
4.87733
4.42413
4.4936
4.22454
4.36681
5.38642
4.08712
4.01407
4.01907
4.38592
4.21495
4.61315
4.06199
4.21675
4.37185
4.33279
4.51106
5.87723
4.08267
4.06673
4.49679
5.60969
4.20449
3.805
3.90984
4.4116
4.01319
4.46349
4.12548
4.8032
4.35612
4.09922
4.97461
5.00794
4.67184
4.31501
3.86594
4.64534
3.86761
4.32694
4.13147
4.72951
4.20048
5.17747
4.69589
4.13866
4.48399
3.93895
4.1059
4.79641
4.01407
4.07933
4.08981
3.59775
3.94694
3.55962
3.85867
5.30191
4.032
4.47088
3.73837
3.96644
4.53005
4.60906
3.97241
4.10263
3.92369
4.73019
4.87654
4.24179
4.24757
5.51488
4.32571
3.60193
4.85724
3.9371
4.62507
4.59134
3.96364
4.45461
4.93924
4.58288
4.10473
4.07994
5.0445
4.48596
4.51664
4.2249
4.37808
3.79419
3.99211
4.28473
4.61512
4.39598
4.22004
3.69042
3.6304
4.63026
4.37742
4.38614
4.60257
4.59212
4.42082
4.22259
3.64612
3.82233
5.76469
4.58315
4.37535
4.41506
4.70192
3.54894
4.39055
5.40155
4.2857
5.56552
4.06711
4.34258
3.90925
4.37988
4.70727
4.52166
4.42473
3.78238
3.91669
3.50236
4.23313
4.634
3.3735
4.08496
4.06157
4.50629
4.28786
4.02721
4.47743
5.75612
3.90586
5.61823
3.80463
3.76481
5.09237
3.99127
4.51519
4.29704
5.16379
4.21822
4.19001
3.72884
4.81531
4.6572
4.12369
4.23323
4.15988
5.12297
4.49755
4.2804
4.11613
4.96253
5.05387
3.87802
3.88377
4.12829
4.90481
4.04256
4.27806
4.1835
4.30343
4.16022
4.52225
4.96202
4.28202
4.32628
4.84342
4.45443
4.2133
3.89788
4.11103
4.14224
4.65062
3.96254
4.73659
3.77963
3.87895
4.22115
3.97844
4.08045
4.00318
4.24279
4.08696
3.75131
4.18367
4.17409
4.10303
3.90181
4.16509
4.34762
5.00097
3.95733
4.74788
4.65044
4.5281
4.16231
4.35314
4.11057
4.24954
3.95749
4.34661
3.84945
5.62544
4.89965
4.95263
4.40951
4.17951
3.8617
4.44872
3.59014
3.84403
4.5141
4.26717
4.36673
4.41821
4.62883
5.31241
4.27119
5.4106
4.45032
4.21841
4.27012
4.44649
4.32617
4.38467
4.58528
4.39241
4.59669
4.75273
3.89821
3.96903
3.9584
4.29318
4.21408
4.07716
3.83779
4.48705
4.54479
4.2361
5.49155
3.97262
3.92059
4.01246
3.97377
4.19287
5.40209
4.43732
4.10513
4.50712
4.88514
3.96358
3.96108
3.89545
4.41169
5.70154
3.69335
4.25745
4.28395
4.43066
4.0266
6.06554
4.19199
5.71399
3.94723
4.26957
4.80268
4.35212
4.27422
3.8516
4.69766
4.23888
4.3483
4.38542
6.00808
4.31921
4.23777
4.50354
4.34948
5.08322
4.43828
4.66227
5.31329
4.208
4.88285
4.28526
4.58627
3.38455
4.17537
5.14301
5.55474
4.87115
5.09222
4.00224
3.8469
3.80623
5.832
4.19018
3.88394
3.81858
3.76402
4.40202
5.01385
4.29434
4.55299
5.49571
4.14449
3.91652
3.97696
3.73467
4.07096
4.5298
4.06138
4.49829
4.69384
4.22452
3.81005
5.27834
4.39704
4.45786
4.33817
3.87862
4.83699
4.90052
4.92757
4.62937
4.40087
4.21472
3.82971
4.47201
4.25759
4.50041
3.9942
4.18064
4.41752
4.23173
4.38247
4.18061
4.25585
4.36291
3.98796
4.13673
3.91404
4.95475
5.01423
4.50245
6.0535
3.97093
3.99116
3.73789
4.26584
4.6266
4.05142
4.45996
4.11934
4.14142
4.58809
4.62184
5.06885
4.17035
4.30661
4.84202
3.98754
4.62556
4.33638
5.54633
3.9536
3.72987
5.31307
4.18213
4.60046
4.06767
4.59942
4.39898
4.06311
4.67087
4.00228
4.95803
4.35132
4.10155
4.03317
4.4417
3.97697
3.78947
4.0484
3.97764
3.89816
3.92449
4.32978
5.05797
4.73431
4.37604
4.71126
3.9799
3.69991
5.85627
4.12571
4.8259
4.52278
4.5638
4.24716
4.19529
3.6838
3.93394
4.40688
4.57764
4.17583
4.28847
4.07728
4.97871
4.12984
5.1262
4.25342
3.68098
3.8891
4.22346
3.7577
3.72676
4.69961
4.32558
4.41729
4.69502
4.36292
3.92851
3.6356
4.49185
4.30611
4.93299
4.14708
4.52366
3.94736
4.12109
5.12279
4.91092
4.48816
5.48992
3.87604
4.35114
4.34956
4.20359
4.11127
4.43878
4.10255
4.41197
4.53843
4.20072
3.88955
4.29928
4.57412
3.61701
4.35551
3.8747
3.74468
4.39802
5.34585
4.15524
3.96705
4.25805
4.33548
4.36497
4.08414
4.52709
4.66973
4.58508
3.80795
4.39557
4.31329
3.76706
3.71575
4.36152
3.78033
4.35416
4.58671
4.27112
4.21824
4.26186
4.52381
3.79054
4.61582
4.02075
4.00628
3.76717
3.62628
4.14932
3.91319
4.77322
4.63571
4.87645
3.79282
3.68107
4.13861
3.62909
4.013
5.62402
3.43797
5.19098
4.97299
3.7935
3.74193
3.85189
3.97107
4.04356
4.56241
4.03536
4.22678
5.40324
4.16661
3.40654
5.23964
5.40957
4.74253
4.33762
4.58913
4.97887
4.64535
4.9306
5.84438
4.63167
3.89263
4.17903
4.20495
3.86262
4.26628
4.02401
4.11331
4.87681
4.67634
4.27258
3.86808
4.69244
3.94733
4.4631
4.33734
4.62635
4.25717
3.96267
5.11538
4.33119
5.05778
4.17887
4.7195
4.19214
4.44215
4.23825
4.67301
4.49866
4.83597
4.77596
4.79866
4.64147
5.47072
4.64799
3.80147
3.95686
4.2004
4.18917
4.09952
5.18266
4.73015
4.40595
4.13501
5.39791
4.15638
4.05631
3.9831
3.95571
4.09844
4.44567
4.35633
3.41199
4.28063
4.36405
4.23088
4.54394
3.70657
4.05625
5.53738
5.30353
5.98843
5.98099
4.51092
3.82124
4.90736
4.51917
4.16718
3.78454
4.0454
4.25603
4.23371
4.0959
4.51379
4.1371
4.71118
4.37803
3.8208
4.14551
4.21997
4.07846
4.07568
4.63772
6.04214
4.50692
3.40582
5.28976
4.55095
3.48334
4.27098
3.99922
4.1095
4.03751
3.78304
6.0912
4.57327
4.05525
3.61439
4.26885
3.96331
4.45074
3.8753
4.95197
4.14738
4.4441
4.27903
5.25611
3.73462
5.17169
3.8125
4.23369
4.16852
4.33124
4.14652
4.00125
3.98808
4.31053
4.50135
4.45884
4.32828
4.44118
3.83639
3.6423
4.54259
4.12048
4.15263
4.38634
4.66771
3.89982
3.86881
3.77483
4.58603
4.35818
4.34539
3.72606
4.70517
3.49921
4.42905
4.4078
4.34822
4.02049
4.06368
3.68613
4.19802
3.50405
4.5451
4.45536
4.99216
4.97453
3.79293
3.97014
3.80308
4.52374
4.24041
4.64702
4.37138
3.9777
4.18459
4.02075
4.23257
4.13138
4.05464
4.79661
4.10801
3.67632
4.03926
3.85495
3.90411
3.81749
4.34824
3.50138
4.53574
3.91866
4.27737
4.09366
3.88858
4.73382
3.98978
4.09323
4.09889
4.45887
3.99274
3.91372
5.10405
5.35251
4.92251
4.02912
4.10232
4.44129
4.15631
4.2747
4.12375
4.81856
4.47435
3.65278
5.1367
4.89376
4.01405
4.40906
3.83664
4.61491
3.68952
3.90179
3.59346
4.62959
4.2141
4.95734
4.83718
3.77878
4.46579
4.03279
3.98938
4.33443
4.86048
4.1246
3.9956
4.07442
5.33336
3.86126
4.79854
3.82253
4.50111
4.61067
4.5355
4.14704
4.85921
4.19965
4.41222
4.55865
5.64204
3.7928
4.17862
3.56777
4.7563
3.52178
4.098
4.37404
4.51582
4.63449
4.47611
4.20197
4.18509
4.41418
4.29535
3.6784
4.68795
4.29223
4.44948
4.64185
4.81821
4.0177
4.40832
3.9238
4.51787
4.73635
4.42735
4.30311
3.65094
3.94436
4.61588
4.00813
4.25234
4.75359
4.56723
4.5675
4.07058
3.94225
4.36853
5.04488
4.40735
4.21336
4.78437
5.42971
3.83608
3.81025
4.49099
4.92526
4.56144
3.99358
4.4562
4.32544
3.72208
4.05249
4.07351
4.09862
4.32386
5.01958
3.86395
4.11288
4.32492
5.00792
4.23268
3.97347
3.81844
4.07597
4.1338
3.92869
4.16945
5.10756
4.26439
4.80576
4.25314
4.3495
4.66627
3.77068
4.25368
4.46932
4.32273
4.2397
4.05301
4.65825
4.71475
3.53124
4.63585
4.02737
4.05912
6.06246
3.48014
4.65917
4.24108
5.25702
4.36999
5.06066
4.20875
3.94511
4.58569
5.43812
4.24671
4.58976
4.09993
4.19826
5.07203
4.14878
5.10545
4.48039
3.85804
3.87109
3.81975
4.42586
4.50656
3.80834
4.04282
4.37708
4.84042
4.36589
4.88816
4.16857
4.17279
4.35419
6.00739
3.84278
5.56518
4.3601
3.51874
4.62893
5.48217
4.24136
3.82321
4.41516
4.43848
3.85059
4.23042
4.78115
4.57247
4.2035
6.92055
4.79963
4.91352
4.92724
4.26064
4.43262
3.95672
4.5743
5.86585
4.06384
3.99772
4.23777
3.93304
4.63229
3.93486
4.04249
4.21749
3.77008
3.99172
5.27924
4.62852
3.8941
4.01254
3.72739
4.24361
3.71679
4.14543
4.56588
3.4918
4.61852
3.88471
4.33589
5.15693
4.27406
4.33949
4.29489
4.13281
5.91688
4.88357
4.04599
3.25914
4.19284
4.51195
4.38817
4.4638
4.14862
4.53801
4.44744
4.67096
3.88574
4.076
3.90546
3.75619
3.97016
4.54208
4.60536
4.41746
4.60982
3.87106
4.00642
3.87578
4.14039
4.31526
4.03127
4.11664
4.4883
4.8711
4.38972
4.44312
4.44732
4.17188
4.27002
4.16747
4.47219
4.46483
3.86368
4.34051
5.012
5.61473
4.10732
4.71497
4.26659
4.27711
4.83866
4.99167
3.64244
3.75042
4.55735
3.66799
4.1594
4.79915
4.36552
5.43367
4.08722
3.62159
3.77563
4.39657
4.0781
4.79127
3.62164
5.02863
3.80996
3.99308
3.9265
4.87512
4.9468
4.57103
4.71104
4.24743
4.25062
3.78877
4.36424
4.20642
4.84519
4.3481
3.62133
4.44466
4.05722
4.66315
5.05878
4.74463
4.41485
4.44837
4.73606
4.34425
3.84961
5.62448
4.58754
3.87909
3.50094
3.77312
4.1556
4.52752
4.13564
4.02078
4.04717
4.03012
4.38912
5.06348
4.22756
4.63909
5.67495
4.3945
4.13996
4.01529
4.17632
4.35706
4.18848
4.95764
3.97742
4.57419
4.05716
5.0789
4.13689
5.50607
4.72502
4.37069
4.62122
4.0959
3.93093
4.27416
3.67747
4.2866
4.2314
3.88611
4.33534
4.20881
4.64815
3.98255
4.06552
4.41302
3.76998
4.06784
5.29803
4.07831
5.28927
4.49278
4.4102
3.53334
5.72002
4.36806
4.24085
5.4523
6.79561
4.03646
4.89535
3.74265
4.65501
4.75711
3.90786
4.48983
3.65147
4.646
4.01433
4.11464
4.58737
5.58714
4.33331
4.5424
4.58127
4.46486
4.17291
5.60538
3.78224
4.05926
4.04807
4.10347
3.86345
4.02255
4.79136
4.90567
4.71207
5.74489
5.23094
3.76216
6.10153
5.51551
5.20237
4.39783
4.22977
4.0938
4.99346
5.19031
3.85205
5.41822
4.19895
4.4365
3.6624
4.26953
4.67141
5.59263
3.66661
3.96158
3.95871
4.77426
4.69706
4.51783
5.06784
4.06829
5.95644
3.80166
3.80735
4.06214
4.49395
4.45928
4.7382
4.16895
5.11997
4.56578
3.72654
4.21682
4.1503
4.1316
3.57864
3.90295
4.58587
3.9502
5.5206
4.29919
3.9785
4.35224
3.68193
4.12537
4.24807
4.05822
4.72468
4.25262
3.59149
4.31741
4.38915
4.51727
4.49923
4.04546
4.22433
4.05034
4.18018
4.17795
3.73061
3.44775
4.31522
4.20099
3.81383
4.62235
4.27871
4.27757
3.70933
3.56565
4.26891
4.09631
4.09486
3.5513
4.34446
4.30116
3.97457
4.39299
3.68853
4.82879
3.69339
4.1722
5.32099
5.36962
3.62668
3.89455
5.84756
4.65738
4.3409
4.76951
4.0963
4.24177
4.45708
5.25901
4.6458
3.89871
4.69757
3.87769
4.46218
4.5414
4.74282
4.08192
4.31442
5.35113
4.34696
4.44616
3.95646
3.99074
3.83922
5.12374
4.12918
3.72941
5.34782
4.07487
4.15163
4.03645
4.96319
4.43849
4.89175
3.77865
3.90022
4.24515
4.09755
4.90936
3.92862
6.30755
3.91297
4.43626
4.21487
4.23311
4.23304
4.76242
4.53147
3.9219
3.57706
4.44855
4.92443
4.04172
4.16818
4.81285
3.66505
4.4494
3.82561
4.11602
4.55857
4.34666
5.4054
4.91835
4.92282
4.03599
4.54189
4.99203
5.57321
5.40625
3.87612
4.42455
4.32334
4.3137
3.7547
4.2525
4.30068
5.28619
3.92481
4.10201
4.49088
4.79585
4.34543
4.69443
4.39589
3.72956
4.21268
5.2533
4.35474
4.24342
4.76528
3.88647
4.11927
4.53254
3.90953
3.91196
4.42804
4.26732
3.58486
4.30882
3.97504
4.80511
4.16882
4.37009
3.68379
4.33005
3.75238
4.49074
4.13151
4.12694
3.76614
4.35506
4.43895
3.9196
4.25784
4.03006
4.57837
3.87518
4.0098
4.16654
4.30154
4.29394
4.30154
3.73483
4.35953
4.09445
4.71312
4.30661
4.51549
4.04511
4.6311
4.66855
3.91409
4.61021
4.14695
3.9473
6.9327
4.10459
4.53148
4.12076
3.9486
4.56587
4.06892
3.99354
3.93914
5.85889
4.33142
4.08853
4.08025
4.66967
4.37751
4.32745
4.36605
3.88244
3.74055
4.3255
3.99757
3.84009
3.86281
4.21599
4.23677
3.60642
5.27771
4.20647
4.85455
3.81232
3.53576
4.6819
4.57269
4.20184
3.61488
4.58849
3.83038
4.36896
3.97346
4.58908
4.71393
3.82771
4.94326
4.28917
5.03376
4.48958
3.9429
4.33939
4.34513
4.8635
4.69116
4.21184
4.13261
5.04542
3.75413
4.14856
3.64448
4.04303
4.73248
4.84056
4.16945
4.63346
4.13526
4.45088
4.5244
4.05026
4.88283
3.90446
4.31744
3.98871
5.74944
5.35858
4.04523
4.25925
4.49392
5.95261
3.7968
4.39088
4.03982
3.76008
4.07087
4.40167
4.85588
4.35161
4.03107
4.57697
4.02907
5.28217
3.97943
4.75046
4.56023
4.64515
4.64686
3.67346
4.25464
3.93383
4.56197
4.12109
5.24599
6.43487
4.4968
4.95169
4.46927
4.57209
3.75746
4.5893
4.45355
4.16602
3.66421
3.97582
4.21738
5.10507
4.7177
4.04754
4.06529
5.18141
4.64291
3.85963
5.04763
5.96319
3.88738
5.1584
4.17619
4.35154
4.79462
4.27605
4.46109
3.6996
4.17748
4.25448
4.22902
4.99986
4.20753
4.17933
3.97214
4.22373
3.93195
5.13619
4.43453
5.27089
3.90763
4.34169
4.38656
4.41681
4.35874
4.25069
4.56838
4.72432
3.74994
4.06147
3.71973
3.71747
3.6436
3.98738
4.88374
4.16677
4.30333
5.04522
4.85278
4.57908
4.03841
4.24566
4.03413
3.70087
4.77855
4.52148
4.18532
4.14898
5.0626
4.26495
4.84657
5.39474
4.01483
3.89602
4.42611
3.96667
4.42618
3.80115
4.80095
3.84616
4.52445
5.26757
3.78725
3.815
4.15687
3.92967
4.43244
4.13145
3.82937
3.97423
4.04972
4.21309
5.76187
3.92135
4.58805
5.63433
3.93798
4.23378
4.32676
4.4022
4.39504
4.41904
3.99495
4.48748
4.53221
4.87922
4.26711
4.57291
4.04751
4.23759
4.67895
4.04443
4.00757
3.81313
4.75112
4.27967
4.69646
4.27435
4.89567
4.7567
4.29253
3.87996
3.75578
4.41735
4.15853
6.54727
4.29502
4.20726
3.59643
4.16065
3.81677
4.14769
4.96521
3.96029
5.25209
3.99527
4.12607
3.89764
4.59774
3.94262
4.26851
5.02431
4.35768
3.70493
3.89957
4.36799
4.30066
3.59665
4.45648
4.82151
4.46724
5.27215
3.84814
3.97205
3.78344
5.15486
4.49762
3.94448
4.27818
4.38588
3.97426
3.76865
5.33446
4.12193
4.32069
4.90484
4.03383
5.12486
4.76098
4.20425
4.30037
4.40051
3.7809
3.7525
4.3989
3.99823
4.21406
4.49135
4.19826
3.97936
3.60587
3.8886
3.96792
4.16359
4.35249
3.81409
3.88833
4.10744
4.0708
4.02642
4.12896
4.17577
4.24345
4.4716
4.16656
4.2514
3.89
4.00682
3.9989
4.13813
3.94623
4.01516
4.00341
4.0738
3.56551
3.65918
4.08279
3.76925
4.25105
5.74414
4.62656
4.19029
4.06545
3.43936
4.33716
4.20642
4.22093
4.11868
4.11271
4.17891
4.56933
4.17961
4.24507
3.67255
5.00963
3.85845
4.09595
5.24015
4.06577
4.16625
3.95
4.42351
5.56082
4.56984
4.27129
4.33012
4.84029
4.34942
4.52085
4.53912
4.05468
5.54936
4.26361
3.99112
4.01347
4.18571
5.0758
3.85397
4.00216
4.25472
5.07325
4.05745
4.36023
4.13213
4.88196
6.25934
4.19186
3.96861
4.41188
3.58196
4.15161
3.57464
4.55854
4.22354
4.21711
4.09191
4.16506
3.46927
4.61737
5.54401
4.20379
4.16534
4.26453
4.685
4.9692
4.6791
4.23781
5.68602
3.77605
4.11166
4.33723
4.54751
3.99936
5.08168
4.11695
4.40727
4.30916
4.31828
4.064
4.32439
4.52482
3.84905
4.5368
4.43216
4.32052
4.13578
3.97233
3.78397
4.54029
4.37561
3.98796
5.28621
4.01663
4.31065
4.17781
4.60382
4.02912
4.65379
4.4096
3.75097
4.4949
3.99931
3.82458
5.11964
4.34628
3.75194
4.26628
4.43851
4.30652
4.35742
4.11466
4.39292
4.08566
4.41008
4.09307
5.12379
5.0703
4.173
4.56056
3.99358
4.64964
5.14219
3.83019
3.82823
3.90918
5.03788
3.85224
4.18877
4.37633
4.77379
3.96691
4.99674
4.16719
4.30914
5.05931
3.91808
4.31041
4.57999
3.92117
4.59536
4.13844
5.08727
4.78046
4.11738
4.6009
5.02279
4.82077
4.2823
4.17749
3.77587
4.53504
3.51718
3.97886
5.08829
4.28166
4.02824
3.79689
4.44895
6.65704
3.86685
4.10548
4.5537
3.68844
4.04772
4.4717
4.09244
4.52333
4.50145
4.09064
4.34293
5.58886
4.61313
3.84758
5.33247
4.43356
3.88436
4.5892
4.18865
4.20898
5.29982
3.90243
4.66033
4.54776
4.28799
3.77414
4.44608
4.76788
4.3469
4.03549
4.8484
5.47531
4.22991
4.24459
3.69256
5.43749
4.77934
3.95424
4.96202
4.58427
5.23463
4.72323
4.56184
4.26017
4.12943
5.53064
6.00259
4.64968
4.90651
4.27703
4.31211
4.22829
4.31162
5.11036
6.24718
4.15908
4.7323
4.45389
3.85871
4.15803
3.97791
4.85773
4.02529
5.57156
3.93596
4.39287
5.27949
5.22775
3.3595
5.58855
4.08722
4.2406
3.77417
4.16577
4.07076
3.831
4.15211
4.58408
4.16106
4.82792
4.32094
4.95433
4.84511
5.32839
5.65117
4.39733
3.9785
4.23159
4.04039
4.27557
4.2301
4.31029
4.10244
4.42387
4.7026
4.06218
4.28842
4.05733
4.37221
4.10198
3.81285
4.49303
4.81665
3.86232
3.93921
5.96792
3.95241
4.23633
3.65276
4.50816
4.66247
4.05815
4.49826
4.89626
4.77042
4.65224
4.30463
4.4002
3.62477
4.73092
5.33523
4.87413
3.84917
5.06548
3.46822
3.6725
4.9538
5.24687
4.33193
4.07633
3.80357
3.84482
3.7218
3.70637
5.91283
3.8438
4.59403
4.72508
4.33722
4.48973
3.88779
4.00929
4.16575
5.00657
4.12244
4.29611
3.80559
4.8232
4.60978
3.84983
3.80639
4.4706
4.1916
3.79599
4.94917
4.59125
3.97032
4.04587
4.23757
4.31707
4.37297
5.44201
4.21969
4.25305
3.97078
5.02617
4.18163
4.06076
3.79419
4.60335
4.0929
3.92215
4.62226
4.65705
5.08662
4.23844
4.49726
3.67734
4.5007
3.74909
4.19536
3.72472
4.70018
4.64251
4.25094
3.37505
5.02974
3.80292
3.94509
4.63378
4.58337
7.42781
4.24065
4.30455
3.78834
4.20878
4.10187
3.97282
4.37337
4.20111
4.51083
4.03358
4.60075
3.82336
4.69381
5.29018
5.32464
4.42755
4.34027
4.29802
3.99847
3.65138
4.4109
3.75102
4.1905
4.24222
4.67728
4.64468
4.86406
4.21125
3.65634
5.21381
4.29235
4.75031
3.81404
4.15987
4.36689
4.4553
3.79665
3.82237
4.16573
4.82172
4.86313
4.35664
5.18553
4.38737
4.83287
3.97923
5.59239
4.24044
4.39976
4.24623
4.03503
5.00734
4.40341
3.86755
5.18709
4.0872
3.83914
4.51819
4.33201
3.9706
4.32115
4.33309
5.36536
4.25727
3.95845
4.11627
4.32895
4.85564
4.18885
4.8976
5.30731
4.13101
3.47467
3.88791
4.4005
4.5028
4.14313
4.57609
4.57655
3.82385
6.00351
4.93609
4.33992
4.38658
3.97662
4.09216
4.75362
4.23924
4.51127
4.87773
6.26639
4.65205
4.66718
4.74257
4.26451
4.83215
3.75175
4.70974
6.18234
3.74141
4.38498
4.55647
5.0606
3.93331
4.25783
3.77091
4.80453
4.4506
4.54167
4.77428
3.62114
4.36735
3.66541
5.2101
5.08416
4.01512
4.44749
4.11275
4.16756
3.58337
3.84839
4.22254
4.29205
4.94327
5.25697
4.88087
3.81039
4.28615
4.03925
5.29283
4.26601
4.21873
6.57863
4.13457
5.98981
4.29439
4.09482
3.85544
4.13449
3.58083
5.13441
4.16254
3.56963
4.18387
3.84177
4.89908
4.84366
5.25216
3.6844
3.96834
3.7878
3.84415
5.2312
4.49517
4.09977
3.94988
4.78372
5.23293
4.55143
4.634
5.17501
3.70981
3.98405
5.41409
4.84482
3.91419
3.92242
4.12072
4.49787
4.16052
4.88616
4.5456
3.96087
4.57562
4.00549
4.82517
4.2461
3.84301
3.73285
4.64337
3.97297
4.14769
4.06214
4.12351
4.10376
3.98094
4.3707
5.05535
4.18591
4.23403
4.65546
4.11372
4.73587
4.3896
4.68646
3.80612
4.32022
3.99742
3.99121
4.34718
4.61247
4.26834
4.55076
3.86383
3.80645
4.83733
3.7419
4.20513
4.8821
3.75106
4.61294
4.38795
3.82788
4.44369
3.93921
5.23111
3.91494
5.88772
3.88375
4.55593
5.33887
5.38124
5.75828
3.42202
4.77089
4.59812
4.48562
5.69675
4.04185
4.12875
5.15477
4.57438
4.49611
4.20149
5.16001
4.44145
5.28559
4.51493
4.1948
3.76771
4.91027
3.86894
4.25313
4.14258
4.01326
4.18266
4.84493
4.36629
4.1541
4.66089
4.02953
4.21721
4.0915
4.30899
4.09633
6.0349
4.67766
4.08231
5.53351
4.83424
3.97718
4.24637
4.47528
4.3587
4.29006
4.15654
4.05411
4.60989
4.51061
3.72685
3.50749
3.81873
3.96812
4.0512
4.58229
4.25363
3.96449
4.13143
4.02377
3.68749
4.2016
3.99767
4.28555
4.24163
4.84365
4.28073
4.54128
4.74415
4.355
4.7413
5.35935
3.717
4.61809
3.60724
5.35808
4.69714
4.34119
3.87281
4.03718
4.09651
4.00244
3.76554
5.28605
4.10772
5.24211
4.93612
3.68638
3.88051
5.13531
4.10216
4.18342
5.3248
4.08887
4.55986
3.90581
4.37255
4.33273
4.28883
4.88417
4.67181
3.8935
4.41157
4.20099
3.68412
4.03695
5.29587
3.50037
3.82889
4.75748
5.08746
4.07515
3.57056
4.44067
4.96648
4.43414
4.95691
6.93681
3.59099
4.79017
4.2204
4.93478
4.47542
4.70266
4.46038
4.89771
4.44497
4.05632
4.12157
4.19011
4.32352
4.73311
5.57862
3.76259
4.47086
3.95943
4.20678
4.48928
4.35309
4.07761
3.58104
4.25306
4.51371
4.65951
3.92078
4.36274
4.71967
5.62893
5.3728
3.73144
4.30387
4.10326
3.67885
4.64414
3.61557
4.0299
4.96447
4.20655
4.43286
5.57595
4.68167
4.32502
4.59445
4.64312
5.11644
3.89758
4.35921
4.80305
5.02903
5.52843
4.81641
3.87334
5.32599
4.2818
6.02213
4.27929
3.5852
4.10461
4.67425
3.89243
4.00769
4.46446
3.84763
4.51338
4.06899
4.01169
4.31541
4.76591
3.75955
4.34357
4.13176
4.97334
4.20158
4.378
4.93855
4.01447
5.2196
4.24374
5.08196
4.09688
4.08661
3.69773
4.39275
4.37542
4.82576
4.27596
4.41107
3.45897
3.78171
4.18767
5.1751
4.11959
5.11622
3.94894
3.87623
3.81634
3.55497
4.0039
4.93803
4.20061
4.00668
3.55041
4.74832
3.99297
4.53563
4.52251
3.99265
4.18422
4.42932
4.75729
3.766
4.23072
4.73631
3.94843
4.41931
4.13611
3.77591
4.46449
3.81417
4.68057
4.50815
4.09586
4.32599
4.2362
3.74752
4.28116
5.04984
4.61397
4.57592
4.52987
3.98547
4.64554
3.96155
5.03148
3.98794
3.8661
4.79609
3.97409
4.06073
3.76811
3.90905
4.2961
4.88761
4.87665
3.99021
4.28367
4.86013
4.83866
4.54306
4.02005
3.91673
3.78533
4.43016
3.77177
4.56661
4.10349
5.31589
5.68473
4.0465
4.4774
4.15488
5.4265
4.53207
4.19464
4.40318
3.79859
3.65569
4.56249
4.81174
4.24691
5.97695
3.64481
3.7279
4.04351
4.29682
4.65728
4.61392
4.13937
4.1285
4.3998
4.11363
5.0494
4.79273
3.86072
4.72131
4.68726
4.36831
4.52642
3.87787
4.0828
4.65048
5.04762
4.30362
5.04969
4.15493
6.0745
5.50749
3.9335
4.17004
3.87944
4.23238
3.60517
4.03574
4.32636
4.34976
4.47198
4.69312
3.86685
4.47159
4.79191
4.49075
4.26299
4.35317
4.18032
3.87074
5.13054
4.56551
4.31411
5.66671
4.32022
4.25663
3.57154
4.2236
4.08666
4.34439
4.38007
4.62112
3.81947
4.07663
4.42696
3.80368
4.04353
3.47942
4.37565
4.17888
5.20919
4.6446
3.88953
4.02965
3.92091
4.16277
4.76966
4.61955
3.93761
4.18809
4.26424
4.7049
3.83498
4.33599
5.52788
3.98179
6.03916
3.8226
4.50828
4.84806
3.84617
4.44391
4.3282
5.90778
3.88632
5.28384
4.04893
4.3839
4.11224
4.37481
3.97912
4.00481
5.18394
4.83923
3.84538
4.34051
4.658
3.95805
4.44665
4.00777
5.71904
4.43395
4.04351
4.92445
4.38825
4.1018
4.11616
3.85348
4.71505
4.42244
4.18509
4.60737
3.78037
5.46335
4.25303
4.34651
4.39001
4.46306
4.69361
3.8701
4.50932
4.20114
5.30466
3.86503
4.37669
4.3467
4.14662
4.14391
3.97501
3.91337
4.17726
3.88946
4.60291
4.32497
4.46182
5.2121
4.142
5.33555
4.57112
4.49151
5.02192
4.56193
4.37199
4.07049
5.52044
4.44443
4.24295
4.98409
5.59425
3.79244
3.89776
6.24164
4.34727
4.44882
4.60148
4.42225
3.93417
4.41885
4.36284
3.9898
4.09839
4.12707
4.44878
3.95906
4.28765
5.07351
4.20989
3.77301
3.82636
5.49265
4.01565
4.7311
4.28639
5.35255
3.82804
4.13057
4.15448
4.76698
4.1707
5.48771
4.584
3.87988
4.04172
4.10483
4.01262
3.8857
4.97466
3.76311
4.03976
4.47453
3.6599
4.09845
5.57453
4.69205
4.22785
5.09608
4.0309
4.3527
4.11451
5.37226
4.49942
3.94913
4.18244
4.19381
4.36672
3.7985
4.35463
4.39602
4.52334
4.43038
4.7171
4.93767
4.13249
4.37412
3.83959
4.51574
4.35564
4.36884
4.30037
3.92187
3.96417
4.88442
3.45635
3.84885
4.20099
4.61806
5.40409
4.37214
4.00235
4.54734
4.34396
3.9786
5.53965
3.99092
4.79554
4.74872
3.663
4.41565
4.38719
3.89215
3.6346
4.7088
5.9137
4.66396
4.44403
3.98918
4.27977
4.59818
4.75907
4.11268
4.72172
4.42213
4.46089
5.0909
5.55046
3.90415
4.35879
4.93678
4.25285
5.01375
4.64102
4.23266
4.49336
4.03163
4.0033
3.70144
3.90978
3.86618
4.14233
3.83122
3.9856
4.87099
3.87268
4.50919
3.98944
3.63349
3.9503
4.13
5.11852
4.47073
3.65463
5.50889
4.3017
4.22198
5.0325
3.74469
4.50859
4.47061
4.40846
4.07963
4.97749
3.96246
4.55749
4.8652
4.95743
4.31963
4.16524
4.16292
3.84882
4.03726
4.51444
3.79978
4.14802
4.37002
6.06698
4.68015
3.88837
4.83029
4.96389
3.57448
4.22465
3.69004
4.62416
4.77779
4.73035
4.19851
4.6734
4.88086
4.98923
3.78189
5.56763
3.69301
3.67181
4.00973
3.9759
3.94381
3.5507
3.75698
4.03649
4.77657
3.96656
4.27974
3.90841
4.03652
4.18073
3.78119
4.302
3.77159
4.27015
4.53888
4.87878
4.54189
4.35077
3.67368
4.63815
3.80982
4.10436
3.89347
3.71406
4.32375
4.3478
4.30033
3.96232
4.07354
3.55323
4.92819
3.85921
4.13988
4.24058
4.94113
4.30125
3.66613
6.20438
3.63855
4.2153
4.41835
4.17381
3.78843
6.06076
4.02571
6.25345
3.93699
3.62724
4.53583
4.19731
4.47691
4.16715
5.19996
3.97268
4.39628
4.11633
3.9396
4.46509
4.91044
5.22288
4.38233
5.02099
4.46435
4.1052
4.07942
4.08473
3.74079
4.80021
4.70835
4.63517
3.85004
4.29988
4.32478
4.41112
4.80321
4.27124
4.38539
5.00021
4.11412
4.91101
4.69331
4.62583
4.48599
4.51989
4.60303
3.77133
4.0057
5.29394
4.01896
4.38334
4.62701
4.73535
4.59611
3.74921
4.18031
3.81921
5.16093
4.4598
3.92776
3.95257
3.78322
5.14854
4.1199
4.20353
4.80917
3.96188
4.10713
4.19124
4.16226
3.86008
4.65248
4.13942
3.97731
4.7369
4.76017
4.20688
4.25107
3.74997
5.29158
4.36057
3.77863
3.97531
3.83703
4.62641
5.89074
3.90308
4.48103
4.64765
3.9166
3.97431
4.54039
4.6793
4.67006
5.10416
4.76331
5.34676
4.42919
4.32518
4.64169
4.17757
4.50514
4.88197
3.8607
3.91141
4.65083
4.29196
4.25883
3.9191
4.42807
4.61987
4.03427
3.7528
4.07136
4.39488
4.6477
4.15144
4.0155
4.51404
4.2681
3.88853
3.43357
4.42854
5.04799
4.89391
3.47299
3.54818
5.28736
4.73484
4.02311
4.27753
4.12511
4.22868
5.18802
3.85901
4.2226
4.29809
4.68053
4.29896
4.32757
6.48001
4.68619
4.30995
4.72799
4.77589
3.88626
3.91337
4.41231
4.97677
4.17866
3.89334
4.1393
5.72185
4.61914
4.4292
4.05284
3.97437
4.12401
4.04547
4.13874
3.92352
4.13579
4.56806
3.64238
5.00831
4.57185
3.92048
4.2045
4.48778
4.91887
5.05201
5.10764
4.28388
5.17042
4.55902
4.39746
4.31935
3.72226
4.07911
5.03507
4.19071
3.96454
3.57421
5.05767
3.94732
4.8574
4.87391
4.21378
3.83337
4.70611
4.16082
4.11523
4.56084
3.78122
4.10577
4.06651
4.0957
4.56325
5.23506
4.62164
3.79809
3.77028
4.07721
4.48023
3.73086
4.92689
5.07169
4.09549
4.33329
5.46866
4.25704
4.12547
4.37655
3.78456
4.25692
4.5442
3.86291
5.21005
4.37659
4.30134
4.96449
4.33083
4.47393
4.08532
4.79155
4.30401
4.61004
5.44796
4.12498
3.96732
3.76505
4.14014
4.39665
4.54141
4.28233
3.65421
4.22476
3.84954
3.73521
5.44243
3.88276
5.47434
4.02627
4.69201
4.61903
4.58305
4.16061
4.25061
4.02779
5.75382
4.01935
5.29471
4.31537
3.79392
3.96098
4.28815
5.08381
3.5012
4.47937
4.62498
5.48882
4.50606
4.83821
3.88044
4.32571
3.89952
5.06671
5.20789
4.15494
3.93841
4.22546
4.32609
4.00751
3.89594
4.07954
3.77095
3.36377
4.63331
4.51029
3.73339
4.98991
4.03151
4.02373
4.12451
4.13325
4.37032
4.18807
4.41975
4.24406
4.55535
5.18034
4.19795
4.33736
3.84167
4.42138
5.4719
3.83209
4.73007
3.92912
4.25252
4.44974
4.03872
4.57478
4.14568
4.09164
4.24604
4.28009
4.22953
4.18299
4.27888
4.58701
4.59241
4.02343
4.78788
3.75474
4.52625
3.85162
4.5439
4.66546
4.33984
4.32745
3.74386
4.07795
4.3039
4.88773
3.79912
4.05829
4.13586
4.3634
4.9324
4.76909
4.80458
4.39919
3.96036
4.35696
3.93345
4.22486
4.32532
4.0207
4.29307
4.58377
6.05777
3.68745
4.22995
4.08127
3.98522
4.40609
4.15272
4.75684
4.16875
4.20437
3.8089
3.96815
4.80212
4.13614
4.02102
3.53189
4.30337
4.16982
3.89679
4.18173
4.21308
3.89242
6.16442
4.22114
4.12435
4.16975
3.92634
4.17522
4.14608
4.01386
3.86787
3.90108
4.0555
5.3019
4.13513
4.00043
4.77998
4.44302
3.82507
3.97278
4.34879
4.30171
4.34274
5.05805
4.30407
5.08901
4.88106
4.48985
3.85388
3.97611
4.5567
4.07267
4.71588
3.93349
4.30114
4.84976
4.22716
3.85458
5.76796
5.11382
4.49507
5.47161
4.33804
4.50051
5.17397
5.6769
4.25262
4.56639
4.68238
3.5873
3.77016
4.00004
5.71412
4.11354
4.22175
3.97185
5.08152
4.45804
3.62824
3.77421
4.02414
3.70696
4.15305
3.71084
4.61262
3.82845
4.7893
4.72957
4.1196
4.06028
4.02321
5.55715
4.51024
4.25902
3.88319
3.95486
4.20573
4.09547
4.43573
4.69304
4.13849
4.00681
4.57252
4.49412
4.36804
3.86815
3.89019
3.99359
3.94343
3.9984
4.95079
4.08031
3.95691
4.22572
4.60845
4.00846
3.76472
4.42929
4.76969
4.16526
4.56827
5.37436
4.72376
4.07226
4.53226
4.48694
4.05491
4.60945
4.55609
4.55828
4.33931
5.09735
3.43137
4.16006
3.91287
4.36187
4.07332
4.76647
4.66848
4.6739
4.11625
5.01913
4.6356
4.32067
4.31757
4.915
4.14032
3.72459
4.70569
3.9926
3.80455
4.01549
3.67478
3.80314
4.49634
4.32695
5.01204
4.26246
4.6264
3.55685
3.80969
3.82503
3.59228
4.85664
4.34099
4.08267
4.3748
4.15044
4.26342
6.98788
4.12894
3.75967
5.08935
5.42651
4.26631
3.76522
5.23396
5.07443
4.49093
4.23937
4.31671
4.08816
3.91449
4.21668
4.28264
4.71113
4.50943
4.12583
4.59775
4.21776
4.26333
3.83218
4.29868
4.54747
3.9425
3.67882
4.75488
4.15667
3.68349
4.08311
4.19151
