3.57141
3.52216
3.99345
4.21878
4.21676
4.24411
4.65744
4.4427
3.98229
4.08744
3.46618
4.49192
3.74207
5.07685
4.02158
3.41677
3.57174
3.79028
4.62252
3.57805
5.53474
4.4872
3.87838
3.84537
5.74713
3.86403
5.1731
4.42929
4.78939
4.25939
4.38297
3.79649
4.1436
4.02139
5.17069
4.04043
4.46067
4.92812
5.91723
4.39198
3.54871
3.84411
4.32638
4.78315
3.83185
3.66008
4.51586
3.65072
4.27437
4.10727
3.69743
4.23681
4.12087
4.41642
3.97663
4.52574
4.10036
3.90025
4.65951
4.23165
3.58142
4.2887
4.26855
3.23741
3.50798
4.12498
4.01232
3.78435
4.05641
4.57028
4.20369
4.14624
4.49377
4.00217
5.05188
3.8829
4.48974
4.33253
4.53989
4.82602
4.56652
3.90734
3.5532
4.21875
4.13838
3.69459
4.07939
3.5956
3.91857
3.98941
4.44779
5.03538
4.03266
4.71048
4.17383
4.45779
4.14027
3.65843
4.09983
4.30425
4.02176
3.88345
4.19959
4.59394
3.80411
3.80761
4.94063
3.95465
4.08742
4.28462
4.00209
4.00126
4.08001
4.2385
4.22809
4.0225
5.54071
3.94656
4.25798
4.24327
3.85686
4.26043
3.67474
4.36751
4.13555
3.50328
4.10433
4.56934
3.89149
5.13231
4.05297
3.59296
4.49728
4.27659
3.69092
4.47395
4.14984
4.83931
3.87403
3.81671
3.64016
5.29171
4.14076
3.57853
5.02119
4.48869
4.9426
3.68036
3.97115
3.6064
4.40096
4.79232
4.70959
3.77953
5.23625
4.56057
6.10682
4.11156
4.16042
3.67237
5.31348
4.69015
4.8324
3.5933
4.06082
4.34857
4.5592
5.30139
4.41916
3.95337
5.18253
4.45
4.32937
3.96055
4.41395
3.95451
3.97337
4.52152
4.10152
4.79543
3.77752
4.85003
3.74749
3.62914
4.46143
4.7568
4.50583
3.82427
4.57486
4.46037
3.702
4.41241
4.59404
3.80663
4.01872
4.42351
5.90385
5.19869
4.00578
4.19316
3.67441
4.31873
3.66017
5.06668
3.71303
4.52982
3.89528
4.1384
4.36551
6.42482
3.77838
4.25552
5.33773
4.06397
3.88932
4.59729
4.21797
4.55652
4.46086
4.73567
3.94105
5.06893
4.23185
3.76615
4.00314
4.16237
4.17863
3.94184
3.99742
3.58978
4.30966
4.88844
5.07006
4.03883
3.7834
4.46395
3.72708
3.54034
4.18439
4.43155
4.53325
4.22137
3.9756
4.60538
4.11991
3.9036
4.02944
3.68749
3.98317
4.15939
5.46433
3.55128
4.30818
3.9483
3.90466
4.79478
4.07272
4.69883
5.23787
3.77099
4.40659
3.73477
4.56488
3.78027
3.6894
3.711
4.60271
4.05044
4.81157
4.65802
4.58887
3.83153
3.26826
3.94443
4.5344
3.78736
3.81567
4.09301
4.03459
4.48149
3.92578
3.64195
4.32732
4.83444
4.01824
4.09961
3.89607
3.86608
4.59454
3.8862
4.03979
4.75125
4.86606
4.40893
5.45541
3.56444
4.42343
3.8136
4.45114
4.90487
4.43021
3.79312
6.05187
3.61749
3.82319
4.11407
3.97249
3.40467
4.17152
3.50533
4.71799
3.81071
4.47539
4.2142
4.34915
4.321
4.0163
3.82186
3.56254
4.39131
5.34505
4.41824
4.9177
3.76629
3.77554
3.95561
3.56766
3.9245
3.90875
4.3382
3.93609
4.46514
5.04368
4.85592
4.14492
3.64728
3.94668
4.74641
4.61257
4.57395
4.08701
3.88292
4.55258
3.94932
5.01514
3.73963
4.45385
3.84948
5.14394
3.62958
3.74322
4.30849
4.23306
4.38298
5.59244
3.65953
4.96023
4.19631
3.88512
5.11722
3.64165
4.0156
3.70598
4.68002
4.44683
4.506
4.48064
3.93173
4.15527
4.10197
3.73744
4.3009
4.0388
4.6174
3.22198
3.77858
3.36557
4.62219
4.03196
4.60173
3.85067
4.12085
4.10963
3.80472
4.30965
3.84877
4.21833
4.28783
5.07554
4.16092
4.33151
3.73205
5.08356
3.86373
3.98693
4.74847
3.92001
3.53421
3.80519
4.41856
4.62008
3.86609
3.72741
4.09406
4.71329
4.28245
4.82725
4.38374
3.52354
4.01935
4.09666
3.88603
4.66995
4.11964
4.1334
4.56047
4.63152
3.98708
4.25609
5.22887
4.002
3.9175
4.05388
3.93358
4.12644
4.26823
3.82872
4.8632
4.39328
4.2501
3.63545
3.9344
5.11508
3.77203
3.949
3.94883
5.16956
3.91164
4.17472
3.72408
3.85933
4.85297
3.55084
3.75346
4.24291
4.07343
3.5902
4.23688
3.6258
4.99158
3.62453
3.93716
4.52263
3.98001
4.46268
3.62825
3.57911
4.59798
3.91625
4.1738
3.79421
4.80625
4.50995
3.71504
4.11792
4.00628
4.95427
3.98611
3.67982
4.31474
4.39284
4.449
3.73296
3.80883
4.36452
4.61132
3.94627
3.66675
3.93724
4.1274
3.62915
3.85459
4.21121
4.20078
4.21259
4.14942
3.69537
4.35007
4.28005
3.8645
4.66717
4.25741
3.78336
3.25921
3.79132
4.19296
3.74049
4.13074
5.86701
3.70539
4.55389
4.07041
3.55914
5.04989
4.68688
4.10096
4.18029
4.07238
3.51107
4.36481
4.43523
3.92036
5.32155
4.19393
3.8925
4.11456
4.97138
4.68908
3.73715
4.40057
4.01379
4.01475
6.14586
3.82109
4.58702
3.77813
4.17133
5.46096
3.6605
4.24517
4.24788
4.60075
3.75362
4.11522
3.66298
4.92341
4.86802
4.20516
4.45377
4.85361
4.05072
3.79397
3.61224
4.963
4.53448
4.24534
4.97376
4.55186
4.1768
4.44511
4.44238
4.24955
3.76687
3.4263
4.17799
4.07587
4.04866
4.14005
3.8318
4.34742
4.16753
4.24408
3.88725
4.06377
4.55523
5.18705
4.07426
3.61221
3.7604
3.50953
3.74072
3.7436
5.04965
4.88811
3.27315
5.04246
4.71249
4.41794
4.04327
4.96729
4.45185
4.48229
4.58881
3.82958
4.28954
4.30897
4.00022
3.90153
4.56137
3.59311
4.21262
3.71003
3.15293
4.83605
3.62852
3.79493
4.11392
3.51508
4.42302
4.39727
3.64743
4.20804
4.88717
4.49137
4.44017
5.06754
5.32883
3.83325
3.88846
4.08735
4.23034
3.68529
3.47306
4.49921
4.03926
3.71968
6.21606
4.55609
4.59767
3.90567
3.63858
4.03964
4.14188
4.30142
4.22801
5.54972
4.85433
4.09995
4.83729
3.95583
4.02767
3.83988
4.47762
4.44063
4.06583
4.09975
4.01176
4.02982
5.17214
4.04699
4.31041
3.87614
3.835
3.64392
4.00187
4.34584
3.76663
3.63734
4.69875
4.04326
3.82318
3.32116
4.09046
4.05939
4.44747
4.24723
4.09358
3.84401
4.34356
4.59018
4.25951
4.32326
4.0972
4.32892
4.36182
3.72815
4.32394
4.53157
3.80366
3.73663
4.23139
3.7217
4.35268
4.34316
4.03881
3.9157
3.99215
3.68065
4.32958
4.5836
4.5844
4.77562
4.30553
3.79815
4.16624
4.95397
4.0238
4.11559
3.78358
3.70244
3.85432
4.94012
5.52197
4.565
3.90675
4.35098
4.75454
3.93161
5.25319
3.89985
4.69149
3.99154
4.233
3.83851
3.83944
4.26176
4.32721
4.83749
3.7969
4.25236
4.48458
3.71768
3.29514
4.88549
3.8004
3.99551
4.09432
4.35532
4.5715
4.50937
4.05603
4.3853
3.59398
4.05144
4.03139
3.91008
4.03796
4.05494
4.34961
3.95253
3.86307
5.63653
4.27996
3.79216
4.27693
3.85489
4.53486
4.01561
3.96938
5.46368
4.07129
3.96722
4.32939
3.57285
5.19395
3.86667
3.77284
4.04898
3.86417
4.07133
4.64229
4.23069
4.33569
4.18728
4.09882
3.73028
3.25721
4.48799
4.71233
4.99295
4.64066
4.2899
3.82658
4.03333
3.91213
3.7731
4.17785
3.89505
3.82052
6.202
3.55078
3.58479
4.39236
3.40368
3.95658
3.68285
4.73985
3.91919
4.12863
4.37476
3.91064
3.80301
6.27159
4.27444
3.84959
3.84026
6.158
4.77087
3.84173
4.2279
4.57895
4.44436
4.32928
4.43305
3.84926
4.78377
4.01859
3.99551
4.52752
3.96698
4.90582
4.13317
3.64539
3.41336
4.29765
3.92983
4.5374
4.24632
5.59581
3.84058
4.47971
3.95243
4.37242
3.85774
4.32695
4.19183
4.14982
4.75771
3.40537
3.38484
4.06098
3.90095
3.83762
4.02323
4.06906
5.15129
4.31165
4.13807
4.00043
4.84
3.8426
3.73432
3.86538
4.26187
3.96328
4.01205
4.19995
4.39022
4.59558
3.80083
4.63299
3.98082
3.94498
5.16301
4.04482
4.18595
4.95283
4.37461
4.32028
4.15377
4.44502
3.74793
3.73234
4.7982
4.05786
4.85447
3.71927
3.94832
3.68535
4.25241
4.30317
4.27512
4.0574
4.88615
3.71376
4.85766
4.96981
3.49485
6.05369
3.97273
4.20113
4.02558
4.60028
4.97638
4.54984
4.64099
4.02623
4.7297
4.17665
3.98498
4.73106
4.2959
5.23173
3.75752
3.88563
3.8333
3.60775
4.05891
5.51354
3.88112
4.24719
4.01654
3.96465
3.84291
3.67582
4.16509
3.97179
4.06916
4.19066
3.95541
4.69912
4.61346
3.76798
4.00052
3.9416
4.43172
4.42517
4.34975
4.5197
4.33015
3.84398
4.14562
3.9583
3.80798
4.25663
5.10319
4.49109
3.64398
4.41406
4.19008
3.96196
3.98835
5.27546
4.17887
4.66706
4.17991
4.00731
3.8368
4.38079
3.99246
4.13488
4.27071
3.82589
4.5703
5.1943
3.83253
4.16536
4.19986
4.10678
4.01678
4.3399
3.95386
3.79239
3.8647
4.10473
3.8695
3.9134
3.99039
4.38897
4.17732
3.86161
3.50665
4.62588
3.9831
3.55978
4.59093
5.41503
5.28265
4.5495
3.85437
3.86364
3.98153
4.0415
4.55067
4.6755
3.94775
4.09744
4.84597
3.87913
3.94556
5.20413
4.3724
4.29783
4.40622
3.5711
4.09981
4.46123
4.00166
4.28267
3.87411
3.81168
4.20817
3.85069
4.24189
4.30679
4.5975
4.23237
3.88638
3.9468
4.14741
4.18061
4.28583
4.28786
3.72438
3.81244
4.38197
3.71445
4.02848
3.63719
7.30572
3.55127
4.29967
4.49447
3.66346
4.28897
4.39225
4.5129
4.29637
3.90542
5.48155
3.72287
3.6233
3.90187
5.03733
4.33493
5.32782
3.53618
3.99448
4.22044
4.49531
4.65362
4.2326
5.67203
4.16681
4.00545
3.917
4.35415
4.02416
4.39499
3.96127
3.98009
4.41534
4.52226
4.69726
4.38962
3.81133
4.07672
4.51543
4.00328
5.23899
4.77175
5.59505
3.77285
4.56158
3.63384
4.00562
3.55131
4.69632
3.56792
3.92222
4.12152
4.0481
3.85746
4.49691
3.54926
5.35502
4.88096
5.121
4.29887
3.75737
5.22045
4.28202
4.59858
3.83693
3.71626
3.89355
4.28382
4.94347
3.91713
4.91978
4.32698
4.96381
3.92059
3.90642
5.13943
4.3376
4.51957
4.49921
5.029
5.0216
4.17165
3.62208
4.31512
4.34049
4.0782
3.72
4.27095
4.97281
4.56158
4.33682
3.90918
3.91058
3.5934
5.58053
4.38626
4.60153
4.25109
4.26141
3.52431
4.66147
4.18249
4.50843
4.54331
3.58161
4.2827
4.33051
4.00187
4.04403
4.03759
6.34544
4.94355
3.95974
4.10031
4.07604
4.26077
4.17909
3.45803
4.47519
4.1477
4.52825
4.12305
3.35743
4.09228
4.93635
4.35487
4.87706
4.85698
4.22222
4.01592
4.79166
4.20459
3.69977
4.58319
4.12187
4.78159
3.91202
4.14432
4.70959
5.33676
3.87447
4.30598
3.87782
3.98028
4.34251
4.58996
4.57162
5.26971
3.93503
4.38401
4.36164
3.888
4.42398
5.33062
4.36842
3.7654
4.44191
4.4043
4.58147
4.24363
5.04535
4.21187
3.85098
5.61298
4.49079
4.78618
3.98277
4.03873
5.84771
3.93456
4.23993
4.96699
4.15435
4.49021
4.15755
4.13188
3.87575
4.10339
4.48804
3.77981
4.15185
4.59955
3.90125
5.38114
3.57782
3.77347
4.80338
4.30969
3.75921
3.47459
4.85895
3.4454
3.91797
3.90813
4.44711
3.86632
5.08244
4.0093
4.73251
5.44954
3.68683
3.97915
3.74717
4.77436
4.40928
3.50593
4.34434
5.0717
5.96288
5.57228
3.40747
5.16455
5.53249
3.85057
4.11563
3.52767
4.24116
3.71155
5.04285
4.38659
4.7996
4.07133
4.7886
4.62923
4.15477
3.80768
4.23361
3.73669
4.17234
4.64412
4.77753
4.19411
4.31227
4.53911
4.11753
3.7469
4.03611
4.76157
3.83541
4.26403
4.55676
4.61028
4.06827
3.69723
4.89292
4.02879
4.67594
4.20941
5.00251
4.57749
4.10299
3.89772
4.61361
4.52887
4.2404
3.86151
4.05378
4.11343
4.05018
3.37799
3.97104
3.99662
3.59656
4.71413
4.42603
4.65525
3.88047
4.56212
5.35948
4.29588
3.84126
3.5384
3.80726
4.32494
4.31676
5.2955
5.31145
4.77773
4.06473
4.26316
4.16404
4.06402
4.50772
4.43953
3.79153
4.20618
3.55775
3.99189
3.68794
3.74505
4.94949
3.34138
4.69577
4.6151
4.09704
5.14169
4.89508
4.44067
4.01234
3.8774
4.6741
3.5246
4.66594
4.18179
4.08012
4.90166
3.85014
4.09197
4.42454
3.99038
3.77809
3.52808
4.6283
4.33046
4.49415
3.89219
4.02738
4.42184
4.66149
3.49444
5.18142
4.98019
4.37471
4.9916
4.60508
4.49091
4.46761
3.56474
4.55543
4.58569
3.86762
3.90173
4.24499
4.86118
4.27652
3.72207
5.20627
4.49168
4.38608
4.80723
4.08947
3.78894
4.11988
4.88406
3.57165
4.49112
4.01424
3.99113
4.31527
4.05936
3.70314
3.91864
4.07017
3.75162
3.91242
4.31755
4.19767
4.35386
3.8517
3.40093
4.94023
4.55808
4.15661
3.92339
4.38071
4.47424
4.30656
3.86471
6.77909
4.66984
3.47531
3.42015
5.48353
4.21322
4.12713
4.20011
4.28047
3.9111
4.47449
4.22205
4.58898
5.19511
4.80432
3.79437
4.39229
4.05308
4.10061
4.89483
3.62342
3.82846
4.52985
4.58405
3.88681
3.54014
4.32463
4.31077
3.98524
3.65797
3.87446
4.40379
3.91356
3.80366
3.72214
4.10224
3.8821
3.68475
3.571
5.8571
4.37224
4.39516
3.88217
4.51538
3.68368
3.82442
4.79792
3.94433
4.6367
5.77338
4.62005
5.33408
4.72173
4.11743
4.19281
3.80061
4.39242
3.78335
3.88412
4.17486
3.97107
4.65053
4.73121
3.93913
3.79269
3.86724
5.09365
3.88051
3.72462
4.50526
5.60929
4.66341
5.60887
4.13161
3.52022
3.86901
4.96951
4.03593
4.22494
4.85919
4.97111
3.73289
4.61234
4.47432
5.48661
3.91719
3.95285
4.94593
4.61393
4.00929
4.44535
4.12484
4.3848
3.56083
4.12284
4.19467
3.44348
3.72906
4.59269
3.97205
4.21802
4.17277
4.20577
5.02575
4.4193
4.51897
4.30328
3.99248
3.92422
4.21812
3.75268
4.10082
4.04132
4.63157
4.18069
3.73573
4.16855
4.00627
4.32468
3.39024
3.47805
4.07936
4.74208
4.70233
4.82604
4.1658
4.55591
4.19493
4.83627
3.9173
3.63342
5.2748
4.0095
4.21977
4.04081
4.04381
3.86044
3.74911
4.04998
4.0389
5.28247
3.97519
4.09324
4.25727
4.14911
3.81111
4.35233
3.99493
4.16372
4.35108
5.0159
4.31046
4.42037
4.26416
3.70281
3.4105
4.00912
4.55908
4.77776
3.78857
5.12946
4.12264
4.06729
4.05406
4.50492
3.96947
4.67615
3.86808
3.83156
4.49627
3.79444
4.20428
4.3607
4.75447
3.91745
3.97093
4.17846
4.39695
3.95863
3.94213
4.71677
4.05622
5.27255
5.3944
3.44094
4.70867
4.36261
3.47546
4.47543
3.3611
3.70404
5.1552
3.8111
4.5532
5.19418
4.27674
4.43798
4.88753
4.27071
4.41175
4.06724
4.39056
3.63999
4.84842
4.81581
3.95893
4.10165
3.4908
5.34817
3.92644
4.48748
4.49861
3.71887
3.81355
3.89319
3.8021
3.97354
3.86062
4.03674
4.34366
4.68885
4.44118
3.98407
3.67168
4.06034
3.72135
4.12643
4.97484
4.25316
3.84812
4.84596
3.83761
4.27961
3.9305
4.48747
3.55681
4.85209
4.23568
4.44396
3.401
4.13145
3.82931
4.25004
3.77227
4.40756
5.19301
4.2379
3.71358
4.46485
3.8916
4.7577
4.64853
4.09493
4.87823
4.10961
4.32764
3.81492
3.61549
4.03428
4.11178
4.65771
4.05801
4.16105
4.33218
4.42248
3.8199
4.18206
4.47632
4.01287
3.95758
3.39013
3.74681
5.48994
3.69134
4.4847
4.23614
3.71964
3.81822
3.78994
3.77806
4.86808
4.78664
3.76488
3.90707
3.62489
3.6949
4.72414
4.56426
4.29348
4.45253
3.95605
4.16451
3.39111
3.70267
4.10961
4.20418
3.89943
4.1991
4.88519
4.09643
3.90663
4.34742
5.85483
3.98151
3.59198
4.17758
3.7273
5.65043
4.17669
3.70778
4.20238
5.12728
3.93283
4.17143
3.67923
4.25397
3.75023
4.49718
3.80263
3.99779
5.16963
3.9857
5.1668
4.39276
4.33764
3.99232
3.95299
3.8935
3.83562
3.8793
4.21079
4.13333
4.08586
3.48363
4.26675
4.87846
4.56794
3.84932
3.72639
4.10824
4.23077
3.65908
3.88353
3.84774
4.21276
4.19195
4.03376
3.73359
4.0722
3.70042
3.8383
4.09228
4.35714
3.9452
3.7119
4.12627
3.92862
4.41655
4.22948
5.44113
4.0042
4.96976
3.77044
5.07167
4.09156
4.54829
3.90941
4.71867
3.81382
3.92446
3.74648
3.56047
4.03828
4.2901
3.64246
3.98822
3.83181
4.32922
4.09256
4.24319
3.44638
3.68699
4.08427
3.94084
3.81174
3.52396
3.75593
4.61246
3.81775
3.6853
4.24681
3.87274
4.30362
4.18618
4.78184
4.27389
3.47387
4.05268
5.46341
3.27604
3.66244
5.25388
4.42817
4.09331
4.03373
3.44883
5.03645
4.02436
3.94914
3.91469
3.91004
3.89456
4.17937
3.95595
3.74672
3.8768
4.62515
4.06951
4.3222
4.8988
3.53235
3.6926
4.30228
4.59333
5.14531
4.74802
4.87217
4.494
5.80459
3.84146
4.35392
4.43096
3.38128
3.66294
4.79968
3.99389
4.35142
3.8468
4.47366
3.87298
5.09457
4.37448
5.7096
4.02066
3.82361
3.6385
4.13572
3.56063
4.07613
4.29195
4.26715
4.20451
3.57204
4.60833
4.66416
4.10231
4.55986
4.78632
3.83013
3.988
3.87117
5.21623
4.03118
3.71229
4.72771
4.63508
4.76591
3.72748
4.14659
5.67551
3.85805
3.99151
4.05003
3.98156
3.68791
4.13405
3.99032
3.82663
4.12061
3.59373
3.76809
5.48455
4.01167
4.20902
4.37572
4.00498
4.63204
3.81982
4.05969
3.40901
4.53958
4.5893
3.79854
4.50137
3.84423
4.00052
4.74433
4.00612
4.79438
4.01832
4.30887
4.21359
4.22083
4.73024
4.003
3.81088
5.41341
3.87692
4.01655
4.21818
3.67517
4.2064
3.67198
4.79726
4.09989
5.88055
5.24092
3.57297
4.35943
5.07596
4.33004
5.11858
4.09679
3.81735
3.6463
3.59619
4.44032
4.1373
4.52013
4.16644
3.92631
4.82759
4.54532
3.88255
4.39129
4.17316
3.9936
3.99987
3.93201
4.50964
4.37804
4.28746
4.70496
4.28198
4.32392
4.96173
3.90037
4.9782
4.16695
4.63573
3.737
3.50118
4.69477
4.30228
4.43184
4.69945
3.81678
4.05431
4.1732
3.68849
4.49416
3.9045
4.63987
4.11273
3.98584
3.68112
5.46484
4.02305
3.43462
4.342
3.74689
4.28559
4.07809
4.81791
3.60756
3.90639
4.36832
4.90063
4.13465
4.03302
4.08703
5.56943
4.30501
4.05774
4.28231
4.01955
4.43999
3.90874
4.21371
4.15239
3.73556
4.20973
4.04247
3.68087
4.18645
4.07468
4.71252
4.20064
3.91593
4.09404
3.66684
3.43724
3.46695
4.27343
4.19268
3.48149
3.76301
5.12487
4.34881
4.60729
3.86395
3.51936
4.37382
5.52658
3.93069
3.80822
3.80903
3.83312
5.27022
4.35654
5.05468
4.39108
4.00956
4.24862
4.84748
3.89766
6.64461
4.10905
4.22021
4.0525
4.51196
3.44012
4.29209
3.82053
4.12902
3.56345
3.94912
4.66227
4.02569
4.3157
3.91107
4.10969
3.9669
3.52211
3.87781
4.48471
3.7049
3.93531
5.02687
5.11834
4.1488
3.34448
4.20955
3.6204
4.88936
4.29364
4.01246
3.68066
3.74933
3.57798
3.79739
3.56756
3.81929
3.96671
3.72753
4.48321
4.17091
3.92329
4.87827
3.84942
4.59498
3.73237
3.81641
4.37549
3.54197
3.80843
3.41653
5.53071
4.70091
6.37746
4.16022
3.35086
4.2876
3.98504
4.05497
3.69565
4.11078
4.48377
4.57871
5.10752
3.90317
5.12074
4.67573
4.31872
4.48186
3.92937
3.9342
3.76196
3.929
3.89371
4.22615
4.3203
3.52259
4.65766
5.2793
3.87619
3.95042
3.79725
3.50624
3.67248
4.59917
3.91277
4.14309
3.92787
5.55505
3.96791
4.29041
4.34443
3.59348
4.06862
3.75591
4.20971
4.14974
3.664
4.04355
3.99262
4.90418
3.95626
5.21668
4.33646
5.11942
4.48387
5.26979
3.62721
4.42818
3.94174
4.26674
3.49488
3.90153
4.19113
4.51874
3.86404
3.68598
4.48763
5.84383
3.98289
4.0533
4.10183
4.5525
4.50853
5.06048
5.24147
3.9471
4.70805
3.64639
3.94539
4.37091
3.92642
3.96897
3.96286
3.86647
4.27965
4.10418
4.28761
3.67871
4.25866
4.92395
4.29079
3.98168
3.68355
4.6237
4.62741
3.63463
3.50141
4.50595
4.16665
4.12919
3.91118
3.94896
3.65525
4.3654
5.3334
4.3628
3.7797
4.02258
4.0277
3.8583
4.36148
4.10886
4.22189
3.7367
5.18538
4.22927
4.3059
5.16555
4.2941
6.13799
4.09992
4.22065
4.0188
4.69881
3.99388
4.08947
4.15916
4.25766
4.77985
3.67591
4.15003
3.62929
3.95799
3.94227
4.08689
3.76566
4.15775
3.9956
4.95389
4.687
4.46338
6.10062
4.11194
4.20078
4.68581
3.3838
4.33594
3.59892
4.25711
3.77288
4.03135
4.61092
4.32116
4.1563
3.55613
3.59412
4.79518
3.63818
4.22847
4.33618
4.09089
4.47138
5.02451
3.78309
3.92544
3.54716
4.06684
3.97402
3.84443
3.6729
4.35685
3.5396
3.76081
4.04577
5.22623
4.23815
3.83035
4.26531
4.19027
3.91494
3.99485
4.40638
4.02828
5.2094
3.98506
3.95317
4.85752
3.80163
3.73474
6.0773
4.06331
4.74686
4.02996
4.9852
4.02032
4.25718
4.36612
3.51979
3.80532
3.96093
4.19374
3.76548
4.13586
3.83796
4.38672
4.03569
3.78005
5.52452
3.88721
3.70272
3.96128
3.75839
4.61791
4.13112
6.06242
4.14234
4.77243
4.4686
5.345
4.46337
3.98185
4.53735
4.08818
4.31732
4.74985
3.79387
4.33366
4.09214
3.70637
3.89285
4.38241
4.65936
5.21277
4.69035
4.12535
4.09332
4.49958
4.29413
3.99358
3.71794
4.58594
4.82842
4.65772
3.78014
4.28831
4.761
4.2614
4.42578
4.33009
3.62833
4.07498
4.3037
4.01724
3.9165
4.25224
3.80035
4.11227
3.85763
4.45262
3.94651
4.2429
4.662
4.24938
5.9016
3.71904
4.9371
3.57849
3.40951
5.00752
4.01771
3.75652
3.96297
4.23584
3.93108
4.40699
4.24705
5.24246
4.87706
4.0627
4.92088
3.59055
3.84833
4.84545
4.74385
4.07175
4.07171
4.46867
4.28889
3.86511
3.89237
4.47477
3.86659
3.84488
5.21138
3.84225
4.00953
4.42441
4.37868
3.98393
4.27725
4.16444
4.24555
4.52624
3.92669
4.37655
4.69168
4.33998
3.66269
3.74145
5.24793
3.24284
3.86674
5.10076
4.62201
3.97654
4.66617
5.11028
3.37381
4.24382
4.25277
3.83929
5.09755
4.19321
3.68904
4.33444
3.71094
3.76001
6.52691
4.76405
4.71506
3.97049
4.14242
3.89184
5.00105
3.68524
3.98159
4.05908
3.85339
3.80187
3.98146
3.58418
4.17083
5.40194
4.52517
4.4126
3.55976
4.8619
3.82993
4.08046
4.65351
5.14868
4.30545
4.02565
4.46075
4.41864
3.82171
3.99271
4.30455
3.72817
4.82331
5.14523
4.40307
6.05886
3.94037
3.79548
4.25853
4.88788
4.28745
4.60148
4.1084
3.82214
4.40536
3.73837
4.75109
4.31525
3.97221
4.34945
4.18541
3.82763
3.60533
4.75049
4.38418
3.7185
4.41845
5.08257
3.78508
3.4546
4.16463
3.89836
3.88848
4.17926
3.41851
3.77522
4.08855
4.73013
4.59851
4.03539
3.47111
4.29662
6.25478
4.55879
4.27033
4.63711
4.70372
4.64641
4.8912
3.45829
4.37568
4.01368
4.00157
4.12794
3.97088
4.71796
4.23447
5.18541
4.27469
3.92459
4.25312
4.00552
4.47666
4.59647
4.09484
4.17865
4.85888
4.35998
3.67223
4.59887
4.52986
3.91049
4.14707
3.9759
4.78605
3.99649
4.47902
3.74363
3.39285
4.01083
4.21227
5.24061
3.76362
3.79495
4.5583
3.97321
4.46218
4.24607
4.85139
3.83277
3.76333
4.39742
4.27682
4.24356
5.26455
4.22091
4.41785
4.25181
4.2109
4.70094
3.7434
3.55665
3.68167
4.82965
3.82713
3.62548
4.05053
3.69501
3.48527
4.42036
4.31706
4.16578
3.95167
4.05938
3.81019
3.85235
4.07058
4.53029
4.02762
3.5326
3.81807
4.63823
4.44949
3.80779
4.39434
3.93042
4.17538
3.92242
4.46459
4.15552
3.67197
4.04522
4.06542
4.01594
3.54578
3.74806
3.79279
4.4588
3.92886
4.17445
4.12601
4.18004
4.09079
4.23717
4.50247
4.16482
3.70261
4.12336
4.1229
5.3044
3.80898
4.13591
3.81025
3.89182
4.06382
4.43727
4.22876
5.11379
4.30395
4.3604
4.76445
4.43848
4.26388
4.1062
4.97425
3.49064
4.13141
4.41242
4.25051
4.07518
4.30158
4.07344
3.82128
4.15286
4.67148
4.37095
4.08815
3.87107
4.12573
4.46528
4.92059
4.3331
4.62106
4.13204
4.22405
4.93771
4.01281
5.79484
3.65475
4.84058
3.89469
4.32248
5.14087
4.39696
3.97182
4.03306
4.1534
4.27918
3.77265
4.36872
3.63008
4.71416
5.12417
4.4407
3.97137
4.40982
4.11875
4.49933
4.6815
3.71462
3.63654
3.67426
3.28397
5.08037
3.94848
5.08721
3.85003
3.91728
3.63295
4.52053
4.90361
4.34377
3.63403
4.87484
3.89513
4.24822
4.65913
3.74913
4.27971
3.74415
3.91715
3.48876
3.78685
4.28057
3.44624
5.23842
4.06074
4.60193
3.96228
3.74547
3.82163
3.60393
4.14886
4.62696
3.70156
4.39146
4.27272
4.33735
4.89576
4.191
4.53291
4.1106
3.94923
3.86952
4.56231
3.90909
3.93744
3.57095
4.53448
3.96189
4.0827
4.13425
3.87269
4.73489
3.68241
3.86202
3.96934
3.49008
3.71789
4.14103
4.53856
4.93362
4.02093
3.90128
4.10822
4.20738
4.12771
4.53384
3.70707
4.00155
3.7724
5.55039
4.29804
4.29858
4.12228
4.77028
4.18975
3.46053
4.30262
3.90557
3.8587
3.77271
4.5635
5.425
4.08585
4.55278
4.05736
4.73563
3.95609
4.96296
3.78296
3.83343
3.67944
4.22091
3.80568
4.54862
3.89196
3.88095
4.14815
4.59123
4.09386
4.34196
4.34163
4.37271
4.12206
5.34845
3.91358
4.08047
3.80641
5.5635
4.60358
4.16183
4.00149
4.17519
4.31321
4.03923
4.27309
4.30178
4.0312
3.91146
4.0987
4.02056
4.12289
4.19809
3.98496
4.07997
4.7377
3.35355
5.44584
5.01664
4.42805
4.21776
4.41667
3.913
6.04274
4.03128
4.56116
3.93258
3.80331
4.09018
4.76712
4.14302
4.45027
4.76557
4.05909
3.94545
4.02697
4.53356
4.32023
4.12688
4.1351
3.92354
4.76451
4.00246
4.62346
3.9342
4.92798
3.69019
4.46457
4.19065
4.05157
4.92875
3.46075
3.79169
3.92259
4.36114
3.86997
4.22878
4.70155
4.5146
4.6505
4.11904
3.71084
3.87124
4.33608
3.73468
4.91656
4.13617
3.94389
3.70562
3.55078
3.44669
3.7077
4.54775
3.71176
3.88585
3.79677
3.88194
4.12651
3.56465
4.01447
4.82928
4.37693
6.27904
4.25883
4.33487
5.07975
4.04303
3.9474
3.36068
4.16569
3.85352
6.8614
4.01941
3.77978
4.3805
3.82473
4.2595
3.63289
4.44791
3.76188
4.02422
4.33003
4.01826
5.61494
4.22792
3.92297
4.57624
3.9977
4.34394
4.61767
5.31537
4.45335
4.86792
4.1571
3.89833
5.7129
3.84179
4.03012
3.85333
3.73345
3.67106
4.41429
3.78277
4.51302
3.63541
4.18139
3.84799
4.30787
4.17892
3.95707
4.63149
4.06922
3.99686
5.61206
4.49712
4.4461
3.97598
5.00322
4.70019
4.32811
3.69898
3.68892
4.14257
4.41687
3.63926
4.42174
5.21422
3.53524
4.37821
4.13224
3.78733
4.44537
4.87869
6.25026
4.22186
4.35048
4.01815
3.26061
3.59813
3.75717
5.12511
4.21556
4.2457
4.34442
3.95374
4.05044
3.63631
3.40217
3.86478
4.31852
3.63699
4.36723
4.12233
4.91547
5.39502
3.83832
3.68249
3.73667
3.94865
4.48687
4.62783
3.93
4.21644
4.2528
4.11006
5.37222
4.12472
4.33464
3.95517
3.90518
5.3176
4.16598
4.68498
4.05782
4.01455
4.09636
4.62176
3.95317
3.70593
5.24672
3.756
3.74696
3.89934
3.97521
3.82595
4.04162
3.82934
3.7538
5.40607
3.82225
4.25574
3.75727
4.6699
3.76779
4.08833
3.77801
5.2863
4.07253
3.9063
4.1648
4.41485
3.93792
3.89285
5.04034
4.6042
4.32822
4.35544
4.42677
3.74788
4.02335
4.01783
3.90366
3.89698
3.67527
3.97092
4.32027
3.90245
4.23351
4.18632
4.03161
3.4913
4.02574
5.92931
4.26728
4.22245
3.46262
3.97035
5.18555
4.73667
3.89651
3.98789
3.91888
3.94918
3.76373
3.73201
4.72371
3.69617
4.85107
4.42059
4.4086
3.53338
4.58752
4.11198
3.53848
4.30089
3.46313
3.85912
3.7207
4.55797
4.21709
4.5836
3.84242
3.84764
4.31264
4.07156
3.93162
5.08745
4.28822
5.10473
4.37049
4.50436
4.34827
3.83126
4.06724
4.53564
4.19605
3.96213
3.91849
3.8057
3.86794
4.98587
3.84957
3.67875
3.9484
4.44126
4.07195
3.99389
4.22184
4.74013
3.51049
3.32708
4.35261
4.29366
3.78196
4.11738
4.00684
5.49685
4.00993
3.95474
4.20659
4.23382
4.87806
3.41145
4.046
5.08536
4.6155
4.76948
3.59898
4.18561
3.84248
4.1253
4.19992
4.68237
4.27016
4.01747
4.27624
4.07497
4.074
3.58481
4.57304
3.96985
4.10481
4.22058
3.87277
4.43891
3.90807
5.48736
4.46797
4.23979
4.00856
4.21006
3.72346
4.72343
4.49301
4.06562
4.20713
4.32538
4.12822
3.66752
4.39619
4.03453
4.75737
3.98731
3.65734
3.96539
3.69544
4.14523
3.81106
3.51331
4.14398
5.0679
3.66154
4.25519
4.02008
4.33811
4.88827
3.89952
4.19859
4.40587
4.26904
3.68876
4.46306
4.78718
4.79718
4.40607
3.447
5.29568
3.95846
5.10057
4.30458
4.2465
4.39621
4.47772
4.2549
4.22318
3.66527
4.61896
4.43551
4.03645
3.79495
3.89273
4.14409
3.97468
3.4545
4.23769
4.1532
4.31829
4.29678
3.8695
4.25517
3.7952
4.12342
4.30606
5.03483
4.17595
4.03494
4.55932
3.84055
4.15749
3.91203
3.92061
4.0407
4.84994
4.1194
4.4046
4.07198
3.82185
3.73791
3.8493
4.26171
3.67809
3.98904
5.18917
4.12329
3.86815
4.43215
4.01852
3.58532
6.2904
4.06177
4.35804
4.75633
4.42733
4.12006
4.21436
4.08674
4.00982
3.83511
4.38038
3.99064
4.28778
4.81047
4.15789
4.52927
4.59951
3.99451
4.07064
3.64536
5.05372
5.06938
4.01259
4.16569
4.39375
5.28814
3.78747
4.6673
3.92786
3.86304
3.95082
3.85019
3.8956
4.14278
4.19456
3.73353
3.92404
3.80517
3.73036
7.5486
4.27814
3.89992
3.85689
4.93151
4.86403
4.17426
4.14293
4.50718
4.2031
3.87532
4.09359
3.55124
4.67804
3.86554
4.8667
4.23667
4.52921
4.19326
5.15945
4.04079
4.17287
3.89285
4.56399
4.05642
3.89303
4.47308
4.5864
4.00022
4.64002
3.47573
3.72158
3.76057
5.01401
4.47799
3.72349
4.25207
3.75886
4.31741
4.49565
4.16292
4.2532
4.65032
4.4422
4.19412
4.09798
4.24442
4.48614
3.85375
4.28641
4.33459
3.5422
4.81392
4.62955
3.89861
3.8318
4.84563
3.84563
4.50106
4.17336
3.85668
3.39436
4.00628
3.90621
4.28403
5.19005
4.1072
4.97709
6.15153
4.04459
3.65869
4.58528
3.55673
3.79966
3.88666
4.00304
3.8456
3.96131
4.50336
4.34004
4.46648
3.6145
4.15725
3.74713
3.86592
4.21693
5.26747
7.27935
3.72406
3.79521
3.84758
3.49133
4.19014
4.03302
4.20684
4.70187
4.8211
3.64062
4.30985
3.93981
3.9427
4.05424
3.94329
4.63571
4.14213
4.11729
3.9957
4.12927
4.73196
4.33009
3.51766
4.22425
4.03854
3.70341
4.85949
3.70532
5.19183
3.69615
4.35736
4.05468
3.75028
4.13794
4.10959
4.4654
7.3962
4.76743
4.01407
3.9916
4.39294
3.96334
3.79482
4.09529
3.62611
5.33713
3.8894
4.00911
3.81929
4.16622
3.77564
5.31675
4.29833
5.52022
4.55504
3.96119
3.95946
4.33318
3.49314
4.67152
4.84185
4.39281
3.84542
4.66314
3.99888
4.69276
4.68994
3.989
3.57962
4.07935
3.6425
4.13746
4.70728
4.42704
3.74507
3.88336
4.38179
4.43271
3.99382
5.09084
4.30274
4.55639
4.18703
4.33636
4.31927
3.96483
3.72174
4.98984
4.57394
5.01486
4.48079
4.86264
4.46549
4.81703
4.72199
3.65539
3.6885
3.62546
3.88112
4.21463
4.91152
4.5514
4.33022
3.86376
3.8922
4.5369
4.18273
4.02838
4.14242
3.80236
3.69523
5.18965
4.1532
3.72628
3.80698
4.37442
4.28896
5.06881
4.51883
4.66412
4.448
4.19143
4.73208
3.91994
4.18033
5.77918
3.9216
3.85583
3.85436
4.32122
4.76017
4.39556
4.64514
3.85331
3.79826
3.56732
3.89579
4.76487
3.97336
3.55307
5.35375
4.49304
4.02106
3.92848
4.06807
3.95058
6.19669
4.14645
3.99205
3.79429
3.84144
3.83872
4.30616
4.70866
4.02853
3.92689
3.94149
5.04267
4.26425
3.89506
4.11053
3.8676
3.50467
4.00223
4.50763
3.63925
4.3474
4.60134
3.78131
4.55863
4.64963
3.83169
4.13665
4.47245
3.99944
5.76083
4.05392
5.02743
4.36658
4.70239
4.02456
4.22715
4.35211
4.57523
4.09795
3.46042
3.6556
3.92407
3.9604
4.19152
4.50268
5.20037
4.61404
4.15547
3.90189
3.53842
4.16975
4.18213
5.06051
5.10566
4.15405
4.56553
4.08052
5.98667
4.35913
3.81028
3.65868
4.10148
5.06121
4.24857
4.558
5.90149
4.72308
4.53342
3.97478
4.14445
3.60083
3.67567
4.32392
4.09384
4.15467
3.99858
4.20367
4.19195
4.48184
3.52996
3.91765
3.55008
4.54041
3.79668
4.50759
3.68599
3.89814
4.14515
4.1507
4.32393
4.13945
5.17819
4.07174
4.27212
4.09273
4.2852
4.31393
4.15604
4.30569
4.28343
4.82719
5.18471
3.78881
4.042
4.91768
4.16966
3.65334
4.25803
3.92268
3.85903
4.20947
4.82686
3.66251
3.85999
5.01084
4.31586
4.0546
4.01335
4.75273
3.7077
3.9862
3.72933
4.27086
3.94353
3.95393
3.72158
5.47192
4.11085
3.38197
4.39863
4.12184
3.80892
4.0823
4.13686
4.07418
3.8056
4.46237
3.7971
4.07303
3.75338
4.13488
4.4251
3.93664
5.73003
5.17966
4.79766
3.8709
4.61758
4.61535
4.17255
3.6751
4.29122
4.4139
4.05615
3.7599
3.96219
3.99893
5.17358
4.10066
4.64931
3.98503
4.21246
3.73393
4.62457
4.7788
3.85726
3.59437
4.78953
3.60131
3.78748
4.0206
3.64097
3.73719
3.97961
3.55456
3.40451
5.16108
4.38275
5.1619
3.96709
4.16128
3.89414
4.10116
4.21972
3.77044
4.61523
4.86955
4.01294
4.39566
4.64454
5.90455
4.26104
5.01812
4.94071
4.30711
4.81568
3.43032
4.48323
5.98601
4.09632
4.03216
5.3938
4.92458
4.12439
4.98978
3.87624
5.30104
4.53644
4.5558
4.5688
4.79474
4.84851
4.01011
3.82709
4.18196
4.29383
5.06233
3.64978
3.81986
3.8289
3.92108
4.42188
4.07829
3.67498
4.78872
4.13824
4.15152
6.14058
4.82931
4.84849
3.60055
3.83611
4.82304
3.75274
5.24603
4.27939
4.42564
4.10416
4.37992
4.06243
4.36995
4.15254
5.61018
4.32631
5.03683
5.11324
3.60119
4.3341
4.91402
4.07177
4.06493
5.12311
4.31071
4.88538
4.30725
4.13403
3.81246
4.42454
4.28149
5.17558
3.48162
4.86712
4.24037
4.52851
3.92942
4.56683
4.03094
3.13303
5.17392
3.74022
5.53917
4.03987
4.1423
4.65026
4.1985
6.03981
4.05031
4.21162
4.69137
3.82949
4.91086
4.14836
4.29669
4.27603
3.94168
4.1626
4.22994
4.36489
4.27771
5.00188
4.00104
3.51577
4.68629
4.37059
4.58527
3.81973
4.91892
3.95525
3.93571
4.30925
4.36652
3.95523
4.29524
5.01229
3.79933
4.27472
3.80407
3.91879
4.09779
4.44629
5.40706
4.36352
3.91348
4.32812
4.16155
3.84108
4.31394
4.19596
3.70002
4.21206
3.92203
4.47316
4.7563
4.16808
4.00269
4.63444
3.60877
4.45707
3.90436
4.49177
5.4779
3.66586
4.00275
3.98254
4.76243
3.78817
4.77028
3.68119
5.9813
4.82812
3.85907
3.83193
4.28705
4.02097
4.19308
4.16048
4.5597
3.75042
4.06587
4.39204
3.93021
3.83801
3.52578
4.13416
4.74417
3.98919
4.6361
3.5143
5.94099
4.01198
3.94138
4.43039
5.28176
4.20209
4.63715
4.2601
3.65265
3.88123
6.92569
6.50483
3.58414
5.06196
4.75298
4.74596
4.04117
3.5546
3.84813
3.62501
4.00845
5.37973
4.25724
4.95968
4.1256
4.13916
4.70484
4.95647
3.97589
4.14089
4.09198
4.06457
3.93585
4.91392
3.80197
4.65876
4.31134
3.67457
4.69476
4.35437
3.89078
4.00645
4.03104
3.99932
4.78449
3.95176
4.51172
3.81351
3.4687
3.91633
4.27893
3.59251
3.89155
3.71614
4.43323
4.08591
4.15636
5.90368
4.27711
4.80174
4.23156
4.10118
4.12722
3.65201
4.29659
4.55573
4.03587
3.99083
4.08215
4.22718
3.95858
4.36903
4.03406
6.44211
4.47835
4.71452
4.41355
4.09635
3.43845
4.85444
4.87932
4.25697
4.07115
4.02653
5.07717
3.73793
4.59838
4.2016
3.97412
4.11814
3.94737
4.11389
3.64249
3.90457
4.16348
4.61959
4.21685
3.95205
3.84404
4.29761
3.92783
3.48659
5.21929
3.80893
5.04872
4.36571
4.42641
3.89494
4.939
4.68029
3.64965
4.99769
4.70397
4.0938
4.03554
4.54134
4.99182
4.2819
4.49858
3.60216
3.55446
3.80776
3.95269
4.4187
3.61056
4.13822
3.64313
4.51608
4.1175
4.17354
3.62825
4.37792
4.43094
4.53014
3.86009
4.06721
3.62788
3.82442
3.88779
4.27546
4.02604
4.66154
4.16262
3.59796
3.90907
3.9064
3.75443
3.81762
4.1702
4.27445
5.50017
4.01232
3.8546
4.05949
4.21219
4.35042
4.12574
4.44534
4.14352
5.59397
4.35831
3.77592
3.76986
3.8079
4.32328
4.37524
4.18535
4.24558
3.83023
3.73182
3.80064
3.67412
4.47057
3.99746
5.12721
4.29048
3.4154
4.09425
4.20907
3.79256
4.16497
4.30148
3.8145
4.67638
5.33892
4.61236
3.97942
4.6392
4.17015
4.16719
4.60431
3.86534
3.99375
3.4303
3.89584
5.34944
4.59651
4.50321
4.00665
4.38751
6.00464
3.53685
4.29588
3.89474
3.95087
5.29898
5.04624
4.45349
4.11894
4.77034
4.80265
4.05088
4.69032
4.96344
4.06375
4.22864
4.09493
3.8877
5.22256
3.79442
4.49837
4.39537
4.56612
3.83692
3.80298
3.84945
4.10778
4.44979
4.38413
4.58209
3.7268
3.78052
3.55893
4.12356
5.10468
5.09405
3.86103
4.15263
3.76732
5.33417
4.0276
4.56533
3.83561
4.19407
3.82908
4.70232
4.20078
4.22476
4.2395
4.0441
4.28015
4.79296
4.51487
4.3205
3.79708
4.7971
5.08797
4.38692
3.76268
4.15751
3.49042
5.07191
4.101
3.52226
4.01489
4.20989
4.66163
3.89322
4.67016
4.25954
4.19348
3.86802
4.26778
3.62575
4.55652
3.78998
4.30802
4.46214
4.36824
4.25116
4.12063
4.19094
4.85592
3.80956
4.2571
4.66409
3.71454
3.8862
3.4702
4.52537
4.91178
3.88931
4.24525
3.9404
4.14216
3.87745
4.57837
4.08942
5.43152
3.86787
5.04807
4.1614
4.14147
3.98027
4.15924
5.06958
3.83649
4.99498
4.56391
4.15591
4.34441
4.21936
3.9303
4.40617
4.02434
4.32376
3.65344
3.3808
4.12285
4.25509
5.16916
4.70942
4.58225
3.9771
3.57141
4.55263
3.88283
3.94625
4.50958
4.10432
3.77047
4.24028
4.24419
3.69613
3.98939
4.59914
4.07961
4.15855
5.18026
4.23514
4.13101
4.21514
4.25675
4.08299
3.8687
4.15423
3.7331
4.51739
3.54491
4.53267
3.9897
4.1272
4.41779
3.72524
4.68757
4.5052
3.63673
3.97095
4.4635
3.97755
3.65941
4.17669
4.41903
3.72432
5.27759
4.15791
5.08708
4.95487
4.92725
4.2944
3.48188
3.85136
4.60027
4.97854
3.91674
4.16622
3.50901
4.76061
4.42892
4.49514
4.02738
4.19621
4.09287
4.10148
5.01495
3.91662
4.05878
3.77644
4.16235
3.70986
4.29482
3.55397
4.63412
4.02109
4.23961
3.96093
5.30954
3.95704
4.91076
4.33132
4.65498
4.03071
3.7191
3.63867
3.86094
3.55577
3.57472
4.5593
4.40352
3.38845
3.97899
4.40287
4.3226
4.0967
4.17019
3.54101
3.72642
5.09286
3.72909
4.46135
4.15905
4.62987
3.80726
3.74886
4.1955
4.382
3.74077
3.54124
4.13611
4.86169
3.98494
4.84304
3.77488
5.31452
4.69009
3.75166
6.00137
4.35756
3.78602
3.81991
4.32063
4.02015
4.22113
4.3841
3.87116
3.8368
3.81104
3.92084
4.13005
4.50803
6.20703
3.91983
3.87536
3.65551
3.59238
3.6636
3.93941
4.18463
4.12759
5.47179
3.77618
3.92093
5.68702
4.58823
4.7894
4.19732
4.19254
4.57689
4.6547
4.11455
4.24942
3.98925
3.6274
4.23068
4.63805
3.96051
4.65382
4.26302
3.9845
3.76056
3.30075
3.99672
3.7101
4.40442
4.2357
3.92941
5.84229
4.03768
4.10193
4.70672
4.72342
4.50868
4.31735
4.19811
4.00914
4.49672
4.48591
3.86784
4.63826
3.63792
4.53317
4.08989
3.44312
5.73786
4.18551
4.24943
4.01269
3.70479
4.73157
3.93965
3.9072
4.73158
3.936
4.00751
4.36779
3.57134
4.05219
4.27521
4.12088
4.22407
5.13117
4.59328
4.40415
4.16224
4.19799
4.28577
4.85173
5.28329
4.24793
4.14896
4.09003
3.93178
4.16213
3.40175
4.28899
4.87137
3.9431
4.60234
4.05272
3.3115
4.94999
3.86431
3.99982
4.06433
4.64549
4.67891
4.40298
4.04132
6.12448
4.16749
4.2433
4.01846
3.8219
4.27413
3.98218
3.86571
4.27847
4.6942
4.29897
4.1737
4.23184
3.66592
4.03796
3.99214
4.22324
5.29124
3.75601
4.61861
4.01672
4.40742
4.46593
5.0814
3.93214
3.55073
3.85952
4.1897
3.57079
4.86663
3.58345
4.20936
3.76501
3.79865
4.26609
3.9673
4.8099
5.59599
4.91802
4.50848
4.17913
3.86652
4.04141
4.0778
3.9564
4.31866
3.48403
4.52151
4.95748
3.86506
3.62502
4.12251
3.6902
4.7831
3.79979
5.87158
3.92065
3.9416
3.81797
4.30061
6.02748
4.82927
3.89281
3.71365
4.59228
3.90076
3.83064
3.8074
4.27082
4.64294
4.59315
4.9398
4.47614
3.94714
4.28436
4.14774
4.05766
4.78323
5.28855
3.63724
4.38484
3.69919
4.39925
3.74642
4.99703
4.58871
4.19919
4.25003
4.83902
4.78176
4.0859
4.2027
3.45367
4.07075
3.45608
4.35565
4.00066
3.95209
4.08915
4.4006
4.46452
3.68349
3.99282
4.37969
4.60489
3.77015
3.97939
4.00562
4.02988
4.43708
4.68805
3.39486
5.4558
4.04036
3.9521
4.10899
4.09502
3.92754
4.14643
3.94942
4.53967
4.48488
4.10693
3.83398
4.17412
4.21518
4.55641
5.04209
4.20131
3.86604
3.74754
3.62624
4.21151
4.80843
4.84661
3.85663
5.05777
3.94135
3.92488
4.21301
4.01106
4.42487
4.50305
3.94293
3.70133
4.42387
3.63748
4.088
3.81645
4.07018
4.63447
3.84378
3.99719
5.06026
3.81176
5.20575
4.38274
5.36267
4.23328
4.06717
4.2854
3.94209
3.88178
3.56564
4.08355
4.3092
4.68055
3.75486
4.03663
4.86973
3.77609
4.61942
3.85956
4.56854
5.00303
4.9726
4.78506
4.08668
4.34415
5.1594
3.69417
4.20056
4.17394
4.43414
3.73885
4.18177
4.73902
5.87233
3.60399
4.27038
3.9462
4.21504
3.63529
4.20006
3.85877
3.70027
4.93906
4.40203
4.48784
3.63587
4.47541
5.55264
3.94782
4.1694
3.91725
3.93323
5.11209
4.28772
3.71942
4.60155
4.24906
4.44469
4.21728
3.66865
4.21526
3.77588
3.75758
3.55333
4.12945
4.62777
4.47172
5.03992
4.23647
3.41942
4.40929
3.7948
3.78009
3.63952
4.77345
4.47058
4.48385
4.82527
4.2575
5.05654
4.90073
4.38366
3.98578
4.57019
4.19476
4.80804
3.92815
4.01089
6.1838
4.11826
4.88636
4.19183
3.68066
4.18961
4.09022
3.92679
4.27688
4.28688
4.36627
3.94439
4.41989
3.97062
4.71028
4.31218
3.90845
3.81519
4.1347
4.79012
4.81965
4.18745
3.66312
4.92279
4.10727
4.64521
4.06827
4.36928
4.77954
3.50342
3.87489
3.63155
4.42439
3.86574
3.70371
3.85337
4.01859
4.43095
4.34424
3.89448
4.76471
4.78794
3.94494
3.57511
3.84932
4.67586
4.22953
4.22117
5.34945
3.55489
5.56713
3.80328
3.99464
4.70085
4.24858
3.92671
3.75462
3.90871
3.79319
4.06149
4.06539
4.23831
4.07062
3.88992
3.46746
4.02425
3.48014
3.66642
4.30605
4.11146
4.17795
4.06141
3.82199
5.07709
3.96183
3.8326
3.54743
3.46798
4.2969
3.47344
4.80835
3.52002
4.40872
3.8575
3.87255
4.04708
4.04716
3.94371
3.73545
4.69451
4.64165
4.16601
3.71035
4.61685
4.18817
5.07042
4.62717
4.05236
3.68243
4.39942
4.21583
4.22422
4.77747
5.65014
3.83534
3.48404
4.83678
4.41438
3.87264
3.89971
3.52326
4.72369
3.77493
4.2692
4.99838
3.97731
4.33422
4.13435
3.87142
3.8653
4.8435
4.19256
4.19586
4.79627
4.26489
5.25923
4.0418
3.87262
6.63366
3.96871
3.93346
3.97823
3.74111
4.4454
3.87411
5.99653
4.25116
4.23778
5.08993
3.56667
5.53834
5.79458
3.93373
4.2656
3.78067
5.60662
4.31355
4.69489
4.39711
4.45204
3.91052
4.07586
4.75737
3.80871
4.39723
3.90372
4.69316
3.45699
3.60332
4.14482
4.2607
3.99924
4.3531
4.81202
4.43054
3.9771
4.38714
5.49545
4.38986
3.69559
3.83051
4.15132
4.10319
3.73959
3.72824
4.04216
4.20269
5.10109
4.08942
4.45151
4.73029
3.88092
4.04898
3.62452
4.67462
3.96596
5.00147
6.05728
4.15914
4.3816
3.87237
3.85507
5.21773
4.62809
4.9969
5.09323
4.52405
4.25986
4.87867
3.74763
4.17185
3.98381
4.62484
4.22616
3.75129
3.9921
4.12427
3.78524
4.91369
4.28735
4.5221
3.66284
4.63317
3.93541
4.31702
4.10352
3.81896
4.14596
3.99339
3.54168
4.29902
3.59711
3.70473
4.39141
3.71458
4.75138
4.27912
3.71491
3.7481
5.04805
3.90608
3.85183
4.43781
3.23004
4.04551
4.41341
4.8291
4.90976
3.75295
3.62271
4.49293
4.007
4.26301
4.04869
3.99827
4.39645
3.97686
3.3906
4.83983
4.02772
3.90869
4.32036
4.43288
4.07951
4.14252
3.73558
4.47645
4.71004
3.45695
3.7288
4.88382
4.0973
4.46215
3.99588
4.25504
4.69105
3.79786
3.9894
4.07386
3.97997
4.38014
4.69987
4.09922
3.89205
3.8699
3.7056
4.17877
4.76634
4.31976
4.59793
3.80018
5.20958
4.4951
4.41643
4.7656
5.0254
4.26737
5.50081
4.28386
4.73069
4.83518
4.43234
4.31853
3.91213
4.7361
4.4805
4.72943
4.04745
4.13142
4.38855
5.45323
4.02066
3.5268
4.78922
3.73753
3.65104
4.44249
4.5714
4.06333
5.36192
4.64795
3.81181
3.99263
3.97672
4.05897
4.07301
3.68045
4.01461
4.81807
4.21825
5.8389
4.91853
4.67524
4.14745
4.53375
3.97411
4.36263
4.26307
3.67908
3.83119
4.54181
4.5536
3.80665
5.10328
4.21957
5.28906
5.08561
3.96716
4.23492
4.75058
4.23728
3.98331
4.18201
3.71347
4.27413
4.71948
4.42338
4.14101
4.24762
3.86765
4.43057
4.42964
4.12945
3.84813
3.61797
4.50728
3.65534
4.53835
5.54044
3.50751
3.59907
3.77518
3.85104
4.22218
3.91009
4.64672
4.00085
3.49468
3.86353
3.67863
4.69373
4.02243
4.75825
3.45935
4.74479
4.71666
3.76344
3.42973
4.05962
4.30657
4.06461
4.25193
3.80972
4.05709
4.15898
4.37973
4.59309
3.4344
4.06347
3.96329
4.46116
3.77267
3.83066
4.76059
4.1345
5.03498
3.43094
5.05552
4.0508
4.54312
3.62096
3.75285
4.17215
4.84466
4.27176
3.71995
3.90343
4.9885
4.9854
4.37992
4.14412
3.88123
4.65114
4.99316
4.39616
4.30276
4.34775
3.73945
4.46297
3.69248
3.81292
4.5508
3.58162
5.57903
3.50733
3.65325
4.34003
3.96932
3.47762
4.03136
4.15482
3.71993
3.98531
4.38955
5.19537
4.27738
3.69292
3.88638
3.97673
4.08451
4.46033
4.57675
4.28557
3.58118
5.58932
5.43786
3.88956
3.93892
4.16298
4.22821
4.68057
4.06471
4.54195
4.20459
4.29572
4.15449
4.65628
4.80085
3.87195
5.25679
3.66098
4.57337
4.19808
4.23167
4.06449
3.8004
4.01971
4.44346
3.62779
4.29965
3.55481
4.39461
3.82477
3.7109
6.14377
5.1186
4.19488
4.76086
4.12994
4.02259
3.98339
3.84727
4.47445
3.98895
3.954
3.65406
4.92742
4.16824
4.17522
5.30291
4.38559
4.8054
3.84232
4.58457
4.05011
4.0173
6.67724
3.84425
3.99693
3.85423
3.9473
3.99462
4.23766
3.81877
4.08148
3.52438
4.12528
3.89931
4.68014
3.88935
4.39093
3.67989
4.57143
5.51214
4.56024
4.78962
3.98332
4.08401
4.5794
4.54592
4.22669
4.18421
4.26986
3.68727
4.65293
5.62716
4.19576
4.7253
3.87473
3.90286
5.26354
4.66874
3.87609
4.43469
3.62995
4.23701
4.02579
5.44037
3.9363
3.84365
4.77584
4.21932
4.38367
4.14554
4.03604
4.12611
4.70305
4.86122
4.59834
5.16688
3.54647
3.52609
4.5029
3.64976
4.31837
4.22018
4.30376
3.62737
3.81157
5.0894
4.14437
4.36153
3.91399
4.52738
4.26437
4.2186
3.81892
4.37381
4.00138
4.46182
3.86552
3.81491
3.95594
4.46029
3.95281
4.14227
4.58983
5.67978
3.87166
4.25698
4.19001
4.0139
4.22504
4.40795
4.37781
4.34279
3.81942
3.63891
4.92513
3.63765
3.98251
3.57466
3.90175
3.89137
4.23772
3.89006
3.95062
4.65748
3.80735
4.53843
4.70488
4.37378
4.11844
5.13165
3.85557
3.97812
4.03731
3.52735
4.31197
3.7941
4.63842
3.29315
4.17611
3.99899
4.14494
4.47086
4.22469
5.40309
4.40848
4.12288
4.17802
4.73524
4.01101
4.54308
4.32884
4.0745
3.78999
4.32246
3.77252
3.84777
4.17885
3.51535
4.06462
3.96822
4.6956
4.23975
4.34568
3.67229
4.79797
4.31949
3.51069
5.35376
3.81666
3.66867
4.42454
3.96798
3.98513
4.6063
4.38076
3.68574
4.00233
3.39439
5.16131
4.57489
3.92011
3.86867
4.53504
4.28462
3.87587
3.91928
5.29193
4.90689
3.87072
4.24572
4.61765
3.57098
3.6464
4.26219
4.26456
3.26389
3.95037
4.1281
3.79578
3.74046
4.5737
4.99406
3.80213
4.07801
4.22583
3.93987
4.2593
3.65906
3.95001
5.23315
4.8014
3.79567
4.08188
4.26568
4.55452
5.8209
4.20653
3.78697
4.08846
4.3405
3.62167
4.03695
4.22249
4.47362
4.17274
4.09235
3.66986
4.43086
4.32196
4.83965
4.3262
4.51619
4.06532
3.52653
3.85246
4.05324
4.73918
4.29553
4.48379
3.59685
4.31569
3.7763
4.79108
3.58082
3.97092
4.4043
3.95003
4.30195
4.3086
4.25775
4.59885
5.27091
4.12054
5.02397
4.06784
6.58131
3.90349
3.5966
3.5033
3.9336
3.51333
3.66885
4.28875
3.65982
6.5227
4.22086
4.08338
4.32861
3.59327
3.80304
4.27085
3.80144
3.52419
4.63879
3.70889
4.02998
3.57129
4.06626
3.71614
4.61998
4.20104
4.94852
3.82597
4.00946
4.77794
3.95813
4.43615
4.12715
4.64173
3.94667
3.75861
4.21139
4.18551
4.08655
4.45284
4.76846
4.07591
3.78973
4.06415
4.11098
4.25117
3.66035
3.92878
4.4487
3.5124
4.02132
3.94713
4.38044
3.64242
5.08824
4.07003
4.7621
4.36675
3.52314
4.06947
3.53694
4.4074
5.26222
3.51642
4.13714
4.26123
4.57905
4.29912
4.64361
3.6656
4.35134
4.17372
4.76873
4.49974
3.44482
3.65586
3.66202
6.71807
4.38421
4.65623
3.73295
4.15416
4.65784
4.19448
5.81229
4.18085
3.4931
3.94915
3.54878
3.80782
3.62223
4.08162
3.61022
4.18773
3.69118
3.96295
4.58609
4.47221
3.99455
4.18312
4.69835
6.55747
4.77926
4.18347
4.06587
3.97187
4.13979
4.82106
3.97926
4.10351
5.02616
4.59372
4.55816
4.11791
5.12885
4.00789
4.0118
3.40271
3.81626
4.56127
4.06138
3.70173
4.8946
4.47655
4.82888
3.68207
3.9895
4.12367
4.31169
5.53867
4.09995
3.92067
3.89255
4.48881
4.29249
3.74323
3.57841
4.07731
3.80213
4.01172
4.10355
4.21321
4.61407
3.81408
4.14428
4.16981
4.36242
4.1343
5.13391
3.87409
4.20711
4.28712
4.22868
3.93429
4.57074
3.7593
3.87463
3.8276
4.32744
4.1682
4.2088
4.56511
4.15695
4.06367
4.02796
3.85539
4.17261
3.95589
3.71792
4.01877
4.54237
4.09116
4.11395
4.68851
4.08269
4.4586
4.78835
3.74335
4.56981
4.06467
4.11472
4.0592
4.21586
4.14914
3.95419
4.03817
3.92037
4.17668
4.35044
3.79889
3.88995
3.59185
4.01412
4.4018
4.42274
4.22199
5.19283
4.24042
4.19928
5.00397
3.87714
5.39638
4.09132
3.7433
3.60843
3.72198
5.40776
4.63446
3.79313
4.57259
3.76161
4.12653
3.92843
4.58081
4.92318
4.35765
4.17616
3.90753
3.75799
5.28751
4.56575
3.57289
4.24397
3.59745
3.88959
4.19011
3.87404
3.69189
5.10703
4.04571
4.38493
4.14106
4.82856
3.95843
4.26468
4.35603
4.07719
3.87949
3.81503
4.44414
3.64879
4.22032
3.41997
5.13452
3.62864
4.21949
4.1664
4.04065
4.2631
3.91772
4.75455
3.97688
4.19413
4.82214
4.56433
4.18679
3.94078
3.71061
3.6645
4.20214
4.48287
3.72005
4.13613
3.71719
4.33231
3.69473
4.05129
3.64933
3.31693
4.37493
5.34986
5.6042
3.76131
5.42477
4.70689
3.95089
4.80542
4.0867
4.47082
3.76868
4.31342
3.69849
4.04486
4.05126
4.08048
4.505
4.23624
3.83202
3.52816
3.8524
4.18888
4.50491
4.32881
4.23837
4.32449
5.12202
3.76764
3.96972
4.3766
3.8749
3.88217
4.31852
5.14852
4.54224
6.07086
3.75498
3.61556
4.56802
6.18925
4.17169
6.98421
3.72459
3.99074
4.84643
4.09102
3.9416
4.47838
4.68822
5.2052
3.60388
5.45847
4.67317
3.37046
4.50975
3.86878
4.36483
4.22358
3.76991
4.40439
3.84231
4.4999
3.73787
4.61789
3.74717
4.53898
4.99151
4.22881
4.58271
4.62931
4.59838
4.03039
3.97654
5.01823
4.80954
4.67836
4.10782
4.48289
4.05159
4.50721
4.1564
3.92502
4.83138
3.62841
4.47915
3.7281
3.86216
4.51962
4.58177
4.19939
4.88614
4.24135
4.03563
3.87458
3.79147
3.47699
4.32138
3.93337
4.20403
4.05304
4.98979
4.50405
3.37063
3.80721
4.41236
4.48346
4.92979
4.25174
4.39175
4.24756
3.82745
3.81668
4.34877
3.98528
4.29978
3.68103
3.83487
4.21346
3.97423
5.49237
3.88238
4.48413
4.5451
5.74346
3.95507
4.44521
3.79782
5.08767
5.21361
4.28832
4.0041
3.69928
3.94985
4.27595
4.51975
3.56783
3.6974
3.87388
4.5691
4.4219
3.10446
5.05646
3.86582
4.95571
4.30131
3.94345
3.73912
4.32716
3.93744
4.12038
4.84262
5.46943
4.49291
4.5528
4.25912
4.01862
4.5899
5.31849
4.49895
4.30221
3.82112
4.6228
4.4625
3.88826
3.96186
4.47516
4.45089
4.37501
4.33774
3.85098
4.1219
3.90395
4.77759
4.15324
3.77789
4.29578
4.13325
4.44739
4.11634
4.46036
4.12326
3.81751
5.83694
4.09008
5.48299
4.23851
4.8516
4.62965
4.20417
4.94099
4.50515
3.56148
5.9533
3.9959
5.08391
4.39509
4.3249
3.26487
3.88219
4.16597
4.31611
4.62417
4.23294
3.79048
4.03079
3.8059
4.85356
4.6565
5.34547
5.04866
3.41518
3.98573
3.5661
3.48752
4.13874
4.29108
3.33641
4.51201
4.62597
5.48286
4.13291
5.62054
3.37331
4.29795
3.83788
4.49655
3.92139
3.65469
4.49853
4.28856
3.95292
4.89819
5.48185
3.47817
5.46766
4.33463
3.69443
3.96438
4.04594
5.36875
4.18046
4.34656
4.47649
3.99628
3.99285
4.20704
5.3388
4.08552
4.68778
4.21944
3.94685
3.57179
4.24177
4.08567
4.15204
4.01895
4.07195
5.33615
4.40921
4.28311
5.49533
4.3283
4.98922
3.68065
3.93572
5.10053
3.94456
4.95153
4.77233
3.88953
4.79467
4.52435
3.86756
4.50113
5.11762
4.58457
3.53125
5.31101
4.51409
3.66041
4.55973
3.84951
4.38071
4.2722
4.22032
4.68391
3.70458
4.11749
4.49173
5.57936
4.06071
5.08005
4.34166
4.29013
5.95974
4.39306
3.88444
4.06907
4.95785
4.01785
4.44184
4.31885
3.69999
5.9408
4.28506
5.35723
3.99584
4.31449
3.84409
3.6855
3.62813
4.09835
4.21234
4.86177
5.22223
4.07172
4.15198
4.32509
4.06925
4.10493
4.6409
3.89441
4.06832
4.20205
4.49295
5.10658
3.56156
4.02264
4.47961
4.01917
4.30406
4.1912
4.38589
3.88141
3.33863
4.16926
3.99057
4.13
4.12502
4.28065
3.53375
4.44295
4.07107
4.91558
5.0313
6.44169
3.45508
3.60514
3.45643
3.61419
3.80806
4.19573
4.17778
6.04324
4.75873
4.10433
4.1174
3.8181
4.70814
4.6682
4.21605
4.37687
4.12439
3.80543
3.85711
4.04608
5.1088
3.58708
3.90659
3.60804
4.48094
3.97218
4.69617
4.70191
4.57331
4.48879
3.93082
3.40445
3.98537
3.59054
4.65958
3.48551
4.11017
4.47717
3.95197
4.74228
3.96562
4.50144
4.286
4.41413
3.93527
3.99059
4.39292
4.26212
4.15443
3.60685
3.94181
4.58112
4.23164
4.13817
4.00435
4.96755
4.53746
3.90381
4.05741
3.81117
4.78409
3.58352
3.6907
5.14981
3.81175
3.5907
3.7965
4.13072
3.89386
4.9852
4.22808
4.135
5.49875
4.27153
4.0842
3.96839
3.87882
4.70996
3.81269
4.39761
5.6783
4.15312
3.87434
3.84503
4.08533
3.96018
6.86926
5.34997
4.1057
4.15332
4.93604
3.76308
4.28128
5.74334
5.38759
4.35355
4.03239
4.55744
4.27821
3.73977
3.70607
4.70972
4.12241
3.8073
3.76092
4.75674
4.33006
4.2276
3.83054
4.91737
4.4666
3.538
4.09614
3.87823
4.98044
4.60018
4.72455
3.84883
4.2847
3.8113
4.64889
4.72839
5.64643
4.88169
3.67097
3.70066
4.40597
4.46517
4.89286
4.17975
3.67622
4.76751
5.03871
3.87445
4.05369
3.84588
4.62856
3.92781
3.93203
4.80248
3.6052
3.49101
4.25471
4.15362
4.57126
3.9753
4.37841
3.93799
4.09117
4.01869
3.90745
4.82745
4.547
4.93227
4.47469
4.3548
5.0086
4.38717
4.99965
4.25954
5.46914
4.39971
4.76168
4.09711
3.70074
4.51619
4.28188
4.78827
4.33437
4.31859
4.39431
4.75227
4.22567
4.49244
3.974
4.16309
4.19499
3.8553
4.25078
4.11666
3.65362
5.09022
4.1435
4.79289
6.3141
4.52595
3.86031
4.21512
4.18171
3.88949
3.76231
4.08679
3.82115
4.06579
3.90523
3.78259
3.81846
4.30451
3.88871
3.92045
4.04415
3.41526
3.42561
4.56781
3.81159
5.58416
4.22987
3.85856
4.37145
3.65335
4.05672
4.31619
4.02623
3.94537
3.64064
3.46641
3.98014
4.62737
3.96887
4.12518
3.67803
3.84768
3.87331
3.84707
4.08295
4.87031
4.05528
4.34185
3.87693
3.53958
4.28133
4.21937
3.6376
3.76888
3.77202
4.03412
4.10592
3.98799
4.25622
4.05701
5.21674
3.67958
4.97198
3.8479
4.54211
3.93888
4.77238
3.73228
4.86662
4.15431
3.95901
3.91747
4.09943
4.36043
3.95693
4.22469
3.98464
5.27757
3.86199
3.79866
4.56284
4.51076
3.74278
4.46261
3.78278
5.17763
4.66307
4.0332
4.01708
4.26155
4.05731
4.4561
3.89101
4.45152
4.43241
3.74341
4.24494
4.20126
4.31857
3.5367
4.31926
3.88942
4.00436
4.53078
4.22167
5.28531
3.74389
4.66666
4.19289
5.10283
4.3188
5.47024
3.50941
5.28255
4.04007
3.84082
3.99299
4.31366
4.4138
5.03964
3.81877
4.46101
4.42116
4.42528
4.1169
3.70792
4.11601
3.69271
3.94734
4.05451
4.06022
3.56966
4.12249
5.25624
4.47624
4.00338
6.13244
4.22139
5.52841
4.69849
4.66324
4.38011
3.98127
5.31725
3.98772
4.6224
3.97876
3.76292
5.19847
4.07679
4.02811
3.67336
4.64285
4.24955
3.8185
3.57517
4.1049
3.78706
4.84887
5.33312
3.99999
4.25939
3.89667
3.72631
4.95937
4.38288
3.77074
4.71635
5.10608
3.93178
4.49642
3.91179
4.54566
4.26068
4.20925
3.97159
4.12177
3.7528
4.84455
4.49166
4.26335
4.06754
4.12473
3.8273
3.86198
5.99642
4.55916
3.79883
3.97909
4.97202
3.63005
3.94018
3.85226
4.64455
3.89796
3.75533
4.08063
3.92626
3.93438
4.17097
4.00333
3.69233
4.96966
3.67554
3.43683
4.03263
4.36297
3.83082
3.87666
4.01736
3.94073
4.39319
4.73938
3.61383
4.17617
4.44172
4.69649
3.94004
4.4952
3.5282
3.76474
5.2807
3.63521
4.41368
3.98203
4.50647
4.60992
3.90892
4.91782
3.75415
3.85947
4.05684
4.03569
4.36017
3.47082
4.17833
4.12894
3.95566
4.59741
4.02569
4.24951
4.03777
4.04239
4.62235
4.25518
3.9326
3.6961
4.03452
3.66189
4.50782
3.70611
4.15115
3.94426
3.74608
3.59076
4.31219
4.5965
5.08384
4.39713
4.95145
3.60161
3.951
3.85696
3.72142
3.84426
3.49914
4.27234
4.26947
3.58614
5.17902
3.60576
4.10314
3.91398
4.2054
3.64525
4.05312
3.64221
3.38961
3.65262
3.97808
4.13172
3.96245
4.30515
3.70443
4.04859
3.75162
4.41623
3.63443
4.71518
4.86821
4.74845
4.20126
4.13277
4.71129
4.44252
3.67848
3.84072
3.59821
3.97815
4.96895
3.57745
4.23642
3.91324
4.56781
3.65231
4.01292
4.16338
4.14162
3.44077
3.95765
5.3315
3.65457
3.87646
3.56427
3.79509
3.46049
4.50592
4.0038
4.48273
4.55951
3.8582
4.17078
3.69417
4.06897
3.7455
3.69917
4.38631
4.62495
3.66624
4.29879
4.00231
3.60893
4.16911
3.76447
3.84989
3.99465
4.27322
4.05582
4.67357
3.65011
4.56761
4.91583
4.50411
5.19207
3.85923
4.20805
4.26455
3.85533
4.04394
4.11918
3.4245
4.39247
4.40403
4.02649
4.13545
3.89703
4.05632
5.16417
4.51994
4.02955
4.08719
4.34351
3.61705
3.99175
4.13417
4.03768
4.94425
4.7071
4.11588
4.19594
4.53677
3.27917
3.87711
5.15636
4.26576
5.10811
4.81207
4.651
4.26236
5.17673
3.5098
4.16136
4.49498
3.96088
4.09209
4.21751
5.01048
4.45489
4.06904
3.87186
3.88772
4.67769
4.87942
3.99017
4.78005
4.69588
4.36827
3.50283
4.27831
5.93461
3.64466
4.03914
3.72148
3.76419
4.78049
4.12552
4.58666
5.91736
4.72797
4.97757
4.04124
4.04882
3.91038
3.80529
4.98318
4.09464
3.62433
3.76263
5.9322
4.50488
4.32645
5.12572
4.4266
4.04344
4.04277
3.94226
5.03735
4.39601
3.88836
5.35466
4.21141
3.62178
3.93372
4.76406
4.59644
3.82943
3.69285
4.57361
4.10522
3.39194
4.34451
4.29628
3.65269
4.41488
3.56869
4.24829
4.31652
4.07138
3.5951
4.42865
4.48448
5.03236
4.06694
4.57744
4.8378
4.45053
4.28781
4.12288
6.56201
4.14126
4.06191
3.9303
5.10683
4.00124
4.43247
4.01519
3.72643
4.31623
4.4139
4.51415
4.68325
3.75895
4.11353
4.59275
4.82043
3.8783
4.54226
4.02355
4.46326
4.18712
3.96133
3.91061
4.41019
3.84676
4.61541
4.20807
4.52843
4.159
4.48497
4.09873
3.82587
4.23867
3.83503
4.10152
4.33421
4.62913
3.98066
5.72318
4.79888
4.21645
4.19236
4.23437
3.78094
3.85547
3.90815
4.71469
4.05899
4.35805
3.84546
4.31414
3.54774
3.75257
4.67804
3.8859
4.2548
4.03343
4.02874
4.03799
4.63215
4.41155
3.97195
3.7741
4.16147
4.06775
4.46242
4.04486
5.55943
3.82078
3.48021
4.47409
3.91536
3.88316
4.12909
4.4285
4.03679
5.10338
4.21961
3.86682
5.07999
4.0931
4.36813
4.23369
3.85728
3.60697
4.38471
4.0502
4.48838
4.09778
4.12881
3.9037
3.5107
4.27371
3.99036
4.17698
4.11964
3.93766
4.12061
4.08311
3.34186
3.75939
3.88586
4.63197
4.06868
3.79349
3.63998
4.32346
5.28427
4.25846
5.70547
3.71776
4.62755
4.23032
4.21276
4.06059
4.22975
4.12854
3.8827
3.69865
3.51448
4.1925
4.39145
3.39196
4.29944
4.3842
3.65678
3.94466
4.01976
4.05188
5.1174
3.90775
3.72411
3.7363
4.3276
3.74768
4.31561
5.21467
4.56446
4.56565
4.68535
4.29168
3.77491
4.66927
4.19437
3.89532
4.26549
3.85498
4.16901
4.55785
4.10547
3.99823
4.6277
3.88599
3.70705
3.53786
4.38007
4.64151
4.20027
4.3389
4.75659
4.43667
3.9493
4.18767
4.95815
4.10768
4.22538
4.49064
4.68219
4.13248
3.42469
4.02193
3.91151
5.16421
4.09543
4.38351
3.508
3.96783
4.04293
3.67445
3.99194
4.26146
4.03197
3.73173
3.82028
3.79204
3.89236
3.86455
4.07934
4.05793
4.03818
4.52627
4.95832
4.46356
3.91095
5.56604
5.38034
4.12672
3.89579
4.15551
4.01411
4.09878
4.45381
4.17087
3.8126
5.90576
5.00098
4.33531
4.32194
3.88745
3.83949
4.29325
3.7471
4.70231
4.62337
4.6673
5.64633
3.91847
3.71873
4.47318
5.39347
3.91842
4.84812
4.37736
4.0593
4.41695
5.18194
4.00614
4.47244
4.58716
4.2024
4.12341
3.75183
3.70554
4.13167
4.03348
3.80626
4.21591
4.06397
5.57612
4.2056
4.1389
5.22161
3.7854
3.95144
3.89764
4.37323
4.04445
4.28306
3.93955
4.22374
4.3267
3.61527
4.06436
4.26915
4.29092
6.04597
5.10944
3.8242
4.27196
4.23691
4.36916
4.00862
6.11968
5.34496
5.17847
3.91759
3.96301
4.43955
4.04733
4.98853
3.91478
3.92547
4.36819
4.9842
4.86514
5.84454
4.33158
3.9943
4.40707
4.13954
4.39529
4.07312
3.97646
4.46346
5.18482
5.39093
4.85684
4.1038
4.67633
3.30415
4.44018
5.15871
5.4827
4.48022
4.8521
3.94809
4.00167
3.73916
4.49286
4.1264
3.44701
3.61048
3.78586
3.97818
4.51216
4.66592
3.91378
4.44216
4.15055
4.02724
4.00829
3.67905
4.51156
3.76355
3.7719
4.07132
4.34427
4.02368
3.60706
4.52336
4.17167
4.63399
4.41206
4.28241
3.77935
4.51091
5.67898
5.60125
3.76623
4.14839
4.95679
3.63386
4.48351
4.17173
4.27029
4.03147
3.9046
4.43402
4.36353
4.27658
4.16187
4.35858
3.9954
4.50601
3.90967
3.89043
3.6054
4.26958
5.25959
4.71532
4.78093
3.65068
3.8662
3.44095
4.15846
4.49777
4.10419
4.19336
4.31525
3.83118
4.80347
4.93032
3.51887
5.164
4.78533
4.45579
5.08664
4.04704
4.15429
4.44458
4.21175
3.51301
4.17867
4.02366
4.41795
4.43134
4.25032
4.28722
3.93247
4.54728
3.83003
5.26371
4.09375
4.09452
3.92406
4.43434
4.32012
3.61608
3.85223
4.18928
3.95586
4.03073
4.17013
4.91099
4.17327
4.35677
4.01405
3.91751
3.60654
4.26836
3.89207
4.567
4.80489
4.36692
4.11112
4.01627
3.54312
4.81444
3.97154
4.33274
3.84544
4.45281
3.84446
4.51864
4.00056
4.04103
4.04784
3.6616
3.84317
4.38711
3.46638
3.82226
4.52116
4.08938
4.19343
4.5348
4.10344
3.90665
3.68617
4.06391
4.04735
4.53071
4.2554
4.30178
4.04138
3.94521
4.20754
4.08515
3.85619
3.7857
4.19675
4.11914
3.94528
3.50991
4.43699
4.04066
4.24533
4.04513
3.97875
3.64186
3.91042
4.92867
3.70891
4.50909
3.84971
3.74507
4.20122
4.2821
3.71789
4.05108
3.78777
4.22894
3.87325
4.19754
3.96726
3.88919
3.61167
4.48261
3.61838
3.55435
4.24748
3.66649
4.12545
4.20053
4.1909
4.18432
4.44422
4.61083
3.54734
4.23051
3.93085
4.08011
3.74783
3.67861
3.91398
4.26318
5.52445
4.59678
4.85739
4.15717
3.92451
5.65377
3.7424
4.07423
5.48303
3.4642
4.86718
4.50336
3.8271
3.71959
4.47805
4.24926
3.78845
4.34254
4.13244
4.15395
4.3873
4.19111
3.40116
5.10681
4.96415
4.31394
4.2803
4.46485
4.53163
4.91359
4.82214
3.84271
4.37583
4.04922
3.76975
4.14763
3.77559
3.89566
4.39806
4.38678
3.92441
3.78363
3.98405
4.34342
5.18018
4.29583
4.41455
4.10457
4.58397
4.17429
4.53366
4.67433
5.20291
4.55489
4.47436
4.14968
3.93267
4.02664
4.19732
4.23692
4.50441
4.48914
4.66182
4.46978
4.2911
3.83594
3.98085
4.15641
3.9911
4.00613
4.31439
3.82467
4.99406
3.62481
4.1319
4.10905
4.38545
4.22606
4.73475
3.82821
4.07522
4.17802
4.189
3.94382
4.36759
3.46136
4.04448
4.59595
4.31637
5.22704
5.36077
4.87024
4.17508
3.75822
4.33595
4.20272
4.56218
3.55963
4.01069
3.96657
4.46043
5.02766
4.24311
4.04872
4.52476
3.78215
4.11894
4.29
3.90207
4.1074
4.08512
4.34441
4.2914
4.40045
4.05973
6.29998
4.56876
3.46586
4.14896
4.61164
3.5578
3.84479
3.81309
4.30992
4.24987
4.58671
4.1838
3.92495
3.36574
3.9416
5.11128
3.76569
4.02137
3.81465
4.03863
4.40548
3.66641
5.3526
3.61514
4.10785
3.95421
4.35122
3.94301
3.73046
3.9315
4.08446
4.53856
4.21813
4.43329
4.02353
5.68936
3.96149
3.40162
4.55428
3.56076
4.22979
4.36692
3.92555
3.67818
4.1168
4.24366
4.20334
3.97562
3.45976
4.37964
3.46168
4.34362
4.33627
4.21211
3.74116
3.83762
3.7158
4.2174
3.4468
4.44499
4.19556
4.16945
4.77153
3.84736
3.68999
4.23583
4.27299
3.83921
4.85203
4.10759
3.69882
4.02011
3.83685
4.97002
4.03518
5.97118
4.24481
3.6366
4.08005
3.61948
3.69596
3.71351
4.28115
3.18866
4.74552
3.86177
4.23462
3.80287
3.82977
5.11935
4.25683
3.83281
3.92202
4.63838
4.03306
3.90785
4.25816
5.18217
4.6869
4.14443
4.28745
3.88114
4.08887
3.87905
4.174
5.13111
3.98513
3.51624
5.04301
5.03108
3.80952
4.13331
3.89679
4.02672
3.59587
3.86638
3.43155
5.12883
4.67584
4.61596
4.53187
3.86071
3.85045
4.09371
4.30563
4.44838
3.67815
4.10028
4.32743
5.66904
3.72387
4.07806
4.57963
4.18628
4.73835
4.2728
4.23939
4.11551
4.95971
3.97735
4.2839
5.20607
5.18004
3.35988
4.68437
3.76176
4.51652
3.57527
4.12546
4.08338
4.16208
4.20097
4.16415
4.3343
4.15803
4.51469
4.22605
3.73657
3.99571
4.11972
4.85855
4.24185
5.20439
4.15604
4.53122
3.76964
4.59974
4.90936
4.66606
4.52351
3.65771
4.16391
4.21447
3.89299
4.03839
4.31616
4.02792
4.15424
4.37172
4.67505
3.98781
5.9531
4.16037
3.92102
4.84627
4.97322
3.81587
3.91228
4.29608
4.43461
4.56692
3.80679
5.45763
4.60096
3.68432
3.97439
4.15818
4.46732
4.1061
4.90606
3.80207
3.79915
4.08712
6.0015
4.37543
3.84227
3.88607
4.17907
3.86454
3.82326
4.16844
5.16169
4.1224
4.70026
4.55841
4.06868
4.4381
3.77876
4.12278
4.90726
4.53765
4.18172
4.06496
4.73433
4.38428
3.81347
4.11349
3.90772
3.85209
5.22665
3.30933
4.75695
4.14363
4.57613
4.30999
4.83452
4.03269
3.79588
4.48441
4.01569
4.42459
4.06381
4.03761
4.10991
5.07471
6.00728
4.72937
4.26431
4.27608
3.68201
3.8152
5.60573
3.90546
3.80311
4.01819
4.47228
4.51261
4.10956
4.54807
4.01387
4.25274
3.78377
4.13888
5.31948
5.25225
4.30121
3.53557
5.28375
5.19138
4.79596
3.63656
4.24404
4.23893
3.99039
5.53341
4.7565
4.76431
4.01168
4.73359
5.11965
5.08361
4.72689
4.21184
4.24369
3.82017
4.05177
5.90405
4.25601
3.70686
3.85841
5.64476
3.74358
4.51563
3.75066
3.61224
3.86629
3.54596
4.48468
4.39367
4.45823
4.30529
3.98194
3.67515
3.89217
3.58494
4.13587
4.72621
3.53532
4.54166
3.91866
4.43619
6.02515
3.79683
4.1142
4.31196
3.81511
5.5231
5.06526
3.96223
3.37471
4.06687
4.00715
4.18265
4.35815
3.71597
4.14426
4.15691
4.40477
3.96688
4.18833
3.98231
4.10151
4.00809
4.3071
4.5488
3.84203
4.3931
3.59011
3.83706
3.76326
4.0839
4.41225
4.31965
4.43348
4.77978
3.85046
4.08281
3.93306
4.66223
4.07797
4.0644
3.97275
4.57025
3.85988
3.9673
4.15347
4.63722
4.31084
4.24831
4.69961
4.10663
3.78245
5.1406
4.16761
3.70577
3.66602
4.3158
3.46182
3.67955
3.98242
4.07969
3.93714
3.79096
3.81239
3.67515
3.87705
4.29893
4.24324
3.6091
4.54025
3.70136
3.98657
3.65784
4.54389
5.04086
3.89732
4.49059
5.20783
4.23546
3.6445
3.81366
4.69756
4.01367
4.14505
3.77901
4.0498
4.37973
4.54406
4.67834
4.48895
4.47311
4.1478
4.22608
4.12525
4.07768
4.17868
4.31948
3.7563
3.27207
4.32207
3.62038
4.03379
4.01568
3.99467
3.6955
4.06033
3.91628
4.4291
5.2249
4.13442
4.04932
5.56045
4.27759
3.92139
3.70277
4.10161
3.95586
4.366
4.95556
4.06331
3.68751
3.82665
4.43186
3.78433
4.97168
4.44726
4.06445
4.80213
3.8136
3.75587
3.84775
4.27841
3.84739
3.78886
4.14814
3.84288
4.12195
3.78122
4.51323
4.40351
3.82575
3.80986
4.92076
4.14436
5.46479
4.32964
4.36036
4.11615
3.30924
4.67095
4.14032
4.7234
4.65684
4.47895
4.6566
3.61972
4.33269
4.55404
3.90007
4.41689
3.80031
4.2717
3.64766
4.27741
4.30032
4.52853
3.87882
4.16742
4.65852
4.36928
3.84744
4.75807
3.571
4.47733
4.07459
3.91465
3.62741
3.82995
4.51388
4.14207
3.66529
5.47803
4.46022
4.34052
5.58124
4.77967
4.85607
4.83858
4.38383
3.91379
3.56943
4.66732
4.72595
3.53102
3.78721
3.91669
4.31668
3.55727
4.53067
3.93052
5.47556
3.68692
3.86873
4.17166
4.7868
4.47484
4.1306
4.51449
4.60922
3.71
3.91279
4.00496
4.18623
3.92704
4.37362
5.02896
4.26944
3.64315
3.97011
3.99479
4.36753
4.08825
3.81444
4.64544
3.82035
5.30587
4.01983
3.57593
4.43383
3.56675
3.86946
4.01832
3.84503
5.16395
3.86721
3.45704
3.87741
4.12353
4.25163
4.54639
4.17794
4.03978
3.83799
4.53495
4.32091
3.6585
3.29063
4.20948
3.7271
4.11899
4.36264
5.50214
3.76361
3.91379
3.59126
5.39391
3.86989
3.76898
3.43558
4.03688
3.90407
4.15178
4.38677
3.75687
4.70308
3.85263
3.81971
4.20361
5.06039
3.45368
3.77808
5.15003
5.15106
4.02259
3.9225
4.66408
4.1915
5.29863
4.28604
4.08194
4.2265
4.00644
4.11419
4.4948
5.426
4.1686
4.53269
4.3441
4.17675
3.65552
3.64842
3.42236
4.88883
3.97534
3.65275
4.88468
3.99239
4.21233
4.82862
4.0056
5.45732
4.38324
4.86767
3.45459
3.92515
4.05549
3.92705
4.87049
3.83593
4.75987
3.91623
4.81582
4.03861
4.14066
4.04654
4.78477
3.89809
3.75692
3.5401
4.55179
4.34332
4.06866
4.3523
3.82897
4.33494
3.49473
5.28934
4.0002
4.17552
4.12975
5.24909
4.22132
5.85404
3.6222
4.18477
4.32088
4.32989
4.12885
3.97482
4.33887
4.36491
4.39121
3.82421
3.78549
4.04964
5.30379
3.83207
3.97146
4.45957
5.14359
4.6545
5.43247
4.32942
3.6512
3.99197
4.58004
4.17148
4.80606
4.50045
3.72629
4.12229
4.11983
3.75445
3.76622
4.18468
4.25634
3.41367
4.08443
3.85234
5.28875
4.08477
4.45832
3.77207
4.04421
3.82269
4.4026
4.93016
3.7497
3.63698
4.16943
4.35747
3.55743
4.72475
3.94169
5.12396
3.96951
3.48226
3.95173
3.70365
4.13424
5.03571
4.06334
3.62771
3.9711
3.92772
4.2562
4.0107
4.4429
3.91594
4.61979
3.87509
4.12124
4.04467
3.99726
3.68875
3.58864
6.48908
4.11701
4.33556
4.23786
4.00551
4.28402
4.1864
4.12413
3.85208
4.5692
4.08882
3.81416
4.35599
4.52703
4.68433
4.25589
4.37336
3.72979
3.75822
4.38431
3.87006
3.46455
3.86234
4.2171
4.31713
3.5854
4.69138
3.88874
5.35442
4.27258
3.6991
5.16455
4.36166
4.01781
3.82836
4.70462
3.61811
4.74826
3.63051
4.28808
4.66505
3.69905
4.39987
4.45918
4.62384
3.78688
5.43163
3.9297
4.66855
4.69726
3.85345
3.68941
4.02689
3.78686
4.69762
4.03461
3.65498
4.19368
4.96347
4.0725
4.97762
4.30934
4.46945
4.34861
4.31771
4.67084
3.96363
4.51059
4.45853
5.02408
5.36214
3.71163
4.13256
4.06649
5.49164
3.93682
3.95379
4.12112
3.8233
3.90475
4.09697
4.81856
4.38793
4.38412
4.5888
4.0831
5.03834
4.60961
4.47541
5.8691
3.9942
4.2334
4.50914
3.88498
3.75243
3.77494
4.50884
3.76668
4.72973
4.82937
5.66748
3.89197
4.60634
4.05863
4.70417
3.7987
5.14223
5.14385
4.94071
3.54843
3.56353
4.01545
4.48177
3.91054
4.8772
5.01754
4.45509
3.78627
4.10279
5.65021
3.46799
4.2903
3.87766
4.70662
4.38875
5.39451
4.3327
3.67709
3.84458
5.22037
4.09627
4.57893
4.4973
5.26833
4.3359
3.83622
4.0979
3.93623
4.72103
4.14571
5.15066
3.82644
4.36586
5.07781
4.41481
4.10669
4.34366
4.04722
5.44362
5.02548
3.5832
4.28846
4.07584
3.67008
3.46315
3.88659
3.85698
4.32103
4.33031
4.1019
4.62518
3.91321
4.40144
3.80289
3.99275
4.08839
4.16375
3.95528
3.87531
4.80516
4.64785
5.71938
4.82624
4.07263
4.10429
4.20647
3.68076
4.16488
3.67739
4.19972
3.6537
4.04889
4.46914
3.57079
4.17254
3.98963
3.69163
4.27185
4.27602
3.83154
4.02333
3.88945
3.93234
5.83143
3.94348
4.57121
5.81942
3.78944
3.7539
4.39902
4.16905
5.07942
4.02171
4.10978
4.25093
3.62999
5.93262
3.91524
3.98742
3.88742
3.87262
4.66647
3.85511
3.78778
3.95055
4.35738
4.37009
5.11238
4.09564
4.17057
4.81035
4.459
4.12018
4.00349
3.68935
4.16374
5.3121
3.97057
3.50617
4.07794
3.74885
4.07973
4.51441
4.6843
5.85009
3.92369
4.93196
4.0874
4.38617
3.60781
4.08935
5.2794
4.34127
3.94982
3.70359
5.14572
4.10986
3.64879
4.20946
4.06804
4.46198
5.66758
3.58593
4.06709
3.68398
5.4655
5.01941
3.63051
4.04916
4.36994
3.68123
3.69392
5.04294
3.81541
3.98877
4.5675
3.83536
4.63408
4.80734
3.57728
4.34477
3.95997
3.66654
3.5603
4.13466
3.55601
4.70397
4.27292
4.13019
4.10069
3.4992
4.41573
4.15792
3.94417
4.24096
3.73541
3.88055
3.90104
4.62048
4.1141
3.98188
4.09485
4.49509
4.08771
3.86523
4.20632
3.8221
3.95787
5.63271
3.71827
3.88291
3.9593
4.06944
4.05466
3.75287
3.44445
3.49849
3.83664
3.88618
4.80492
4.28412
5.01932
3.64085
3.42236
4.47805
4.4621
4.98638
3.8548
3.66414
4.70583
4.38229
3.94993
4.62235
3.96565
3.68593
4.75808
3.57855
3.95817
5.03913
3.78038
4.25389
3.82593
4.55507
5.39614
4.16466
4.79234
4.16072
4.64391
4.29979
4.30523
3.88541
4.08677
4.19847
3.94934
4.08257
3.8505
4.90543
5.12857
3.94394
3.4745
3.89772
3.84312
5.50483
4.2494
4.86265
4.8027
3.75032
3.58716
4.57009
3.38842
4.67051
3.36663
4.98887
4.09724
3.93255
3.76313
4.19211
3.38706
4.73232
4.61284
3.75994
3.90565
4.74856
5.09198
3.85598
5.09865
3.60321
4.20703
4.18227
4.54797
3.76655
5.28699
4.24179
4.54113
4.28296
4.4352
3.80376
4.41224
3.98324
3.80558
4.24407
3.91188
4.16729
4.03339
3.95401
4.01311
5.0186
4.18767
4.38333
4.26139
5.10516
4.07881
4.75085
4.55317
4.42083
4.09758
4.50818
4.23479
3.59821
4.21743
4.18273
3.72272
3.96223
3.97302
3.65081
3.74198
4.18127
4.31034
3.93028
4.24282
4.29329
3.98199
4.75881
4.00099
6.2972
5.03056
3.98933
3.91356
4.20288
4.32619
5.15269
3.72291
3.61524
3.99916
3.48094
4.06646
4.56574
4.23161
3.99536
4.70582
3.89927
4.07722
3.75919
3.98893
3.95869
3.83604
4.45243
3.97034
4.43271
4.30112
4.15599
4.27309
4.26738
4.71625
4.60994
3.84888
3.55832
4.03649
3.36266
4.26425
5.11584
4.09782
4.23671
3.47958
4.12417
6.44914
3.98908
5.20822
4.51119
3.58039
4.13458
4.35634
4.09959
4.2498
4.01591
4.47164
4.00023
5.23267
4.50163
3.81742
3.8054
3.92227
4.32337
4.05856
4.46459
4.51036
3.84302
3.98959
4.05477
3.96311
3.8926
4.07089
4.19352
4.66832
4.44837
5.4136
3.61278
4.71498
3.66874
5.26286
4.0679
3.5283
4.64177
4.3947
4.57786
4.22003
4.2016
4.21836
6.05197
4.27015
3.93182
4.46134
4.26852
4.20113
4.60467
4.33228
4.90389
4.72044
4.12307
4.57071
4.52101
3.58317
3.98519
3.68538
4.52338
4.15825
4.97777
3.91838
4.09371
5.77484
5.18134
3.33996
5.93441
4.02484
4.22741
3.71276
4.34683
3.65754
3.69491
3.74803
5.18287
4.1413
4.1794
4.07901
4.75996
4.97865
4.48436
5.66164
6.19274
4.16658
4.60733
4.07959
4.42675
4.12626
4.0845
4.53294
3.98684
4.22382
4.34258
4.05056
4.29178
3.73872
3.74054
3.53487
4.24599
4.40325
3.99173
3.58827
4.03677
3.77056
3.89341
3.53198
4.35615
4.1679
3.82157
4.43612
4.24168
4.55392
3.85212
4.28869
4.17855
4.19725
4.43716
4.98462
4.56931
3.59548
4.52235
3.5371
3.70708
4.74476
4.67932
5.13848
4.20473
3.70551
4.03027
3.84094
3.64789
3.95467
4.40425
3.85838
4.39018
3.88585
4.23976
4.2703
3.74527
3.76108
4.15498
4.92805
4.21536
3.75597
3.90248
3.82361
4.60771
3.81268
3.9088
4.1392
4.03904
4.50357
4.59564
4.9317
3.89943
4.00634
3.87696
4.50502
4.11982
4.96365
4.13212
4.03059
3.81883
4.67203
3.89213
3.83347
3.84624
4.4921
3.98523
3.88981
4.42102
3.95268
5.52958
3.97192
3.78569
3.57863
4.79516
3.75722
4.15276
3.80347
4.01128
4.15818
4.40577
3.28156
4.77229
3.72475
3.84619
4.75943
3.93876
4.31191
3.95019
4.74233
4.0708
4.04298
3.86147
4.87191
3.85099
4.2716
3.93604
4.70635
4.03019
3.60764
4.01107
4.52694
5.46664
4.48683
4.55701
4.14814
3.80054
3.70753
4.09518
3.73575
4.13167
4.28963
4.46121
4.53296
4.72561
4.27475
3.88804
3.83004
4.02678
4.1192
5.33944
4.09682
4.01623
4.04656
4.3727
3.76197
3.88154
4.45034
4.18113
4.31715
4.38861
4.68477
4.05186
4.10904
3.85654
5.64092
4.29685
4.37942
4.15425
3.98046
4.75209
3.7766
4.94002
3.80723
3.73694
4.07144
4.6768
4.30386
4.84234
4.03609
4.53326
4.2893
4.52712
3.94477
3.95894
4.0646
4.52695
3.91016
5.05638
6.32311
4.90184
4.09417
3.37097
4.29106
4.00855
4.74091
4.09569
4.15911
4.5077
4.02587
4.78756
4.29391
4.16344
4.54903
4.08157
4.09453
4.42808
4.32246
4.07087
4.37028
6.17803
3.98723
4.07615
4.4598
4.61596
5.10743
3.75388
4.67995
4.8581
3.85383
4.1261
5.34203
4.82796
3.73309
4.79299
3.68127
4.54933
5.08577
3.98717
5.64916
3.46602
3.78302
3.79919
5.05057
4.52507
4.00891
4.24244
3.75764
3.92016
3.42033
4.00854
4.08755
4.1926
4.40912
4.33392
4.59048
3.92727
4.12949
3.77716
4.19953
4.54097
4.21691
5.29344
4.23387
4.97705
5.08944
3.62506
3.78365
4.17895
3.48825
4.30418
4.69187
4.27129
3.56308
4.43242
3.78636
4.76629
3.44806
3.81307
3.9097
4.21814
4.43087
4.08312
4.06616
3.84335
4.24871
6.73937
4.55647
4.43704
4.51166
3.50299
3.89438
4.72494
4.15973
4.16348
4.00626
4.08061
4.36806
4.17499
4.83269
4.76682
3.77802
3.5213
5.1087
5.49853
4.21618
3.69232
3.75754
4.02144
4.14789
4.04806
4.20059
4.37671
3.77094
3.54016
4.36467
4.60289
4.48864
3.90764
4.19316
5.07929
4.29131
4.09069
4.29656
4.02632
4.87331
3.92221
3.73216
3.94894
3.94598
3.78756
3.99678
4.14416
3.72926
5.0452
3.46632
4.08128
3.74889
4.54116
4.17072
3.7702
5.19286
3.84932
4.99855
3.83008
4.46835
6.2358
3.84955
4.35415
4.77843
3.92529
5.26092
3.30962
4.51121
4.16152
5.02571
4.38629
4.3577
5.90214
5.12654
4.07663
4.24903
4.65263
4.89901
5.20096
4.55543
4.19234
3.61624
4.51165
3.98597
4.76534
3.96163
3.76821
4.18629
4.49999
3.95594
4.06173
4.77827
4.37134
4.08962
4.2017
3.85742
3.87834
4.76839
3.88458
4.84424
5.16102
4.34931
4.26669
3.7411
3.91135
3.9723
4.31691
4.08364
4.20146
3.65583
3.53273
3.7755
3.69501
4.26147
4.6
4.41045
4.07536
3.83489
4.68399
3.53011
4.14541
3.97081
4.46542
3.85193
3.9489
3.98331
4.40418
4.47831
4.40705
4.14331
4.93583
3.6893
4.34608
3.3229
4.67714
4.74403
3.80655
3.8461
3.76216
4.00086
3.98081
3.87295
5.01049
4.02779
5.05583
4.07847
4.03025
4.87752
3.57611
3.89853
4.32627
4.02342
4.63901
4.27633
4.8446
4.1572
4.03383
4.80431
4.08989
3.85427
4.14043
3.81442
3.73294
4.11369
4.07647
3.52768
3.5801
4.84481
4.80323
4.14946
3.38539
4.54362
4.38722
3.96974
4.63935
7.04691
3.76663
4.85603
3.88808
4.75632
3.91772
4.72217
4.79079
4.59787
3.97159
3.86715
4.31786
3.80883
4.00889
4.65623
4.81409
3.57128
3.87347
3.70033
4.33301
4.79619
4.50715
3.96392
3.79224
4.58086
4.19943
4.30745
4.56703
3.98768
4.22515
4.5335
3.99999
4.22247
4.06409
4.00829
3.6807
3.59995
3.99237
3.47037
3.94494
4.45077
4.49968
5.24969
4.6066
4.09395
3.96032
4.71416
4.56838
3.48861
4.64372
4.52972
4.31886
4.3494
4.30351
3.84573
3.83829
4.99669
3.98765
3.49954
4.33117
3.86765
4.11756
4.28873
4.02626
3.79115
4.22665
3.98414
3.85171
4.30287
5.40239
3.74984
4.33491
5.00122
4.35957
4.17802
4.98271
4.33615
4.06886
4.47656
3.87214
4.39785
3.9324
4.05564
3.74277
3.8345
4.01972
3.87438
3.34995
3.65152
4.11705
5.02901
3.75685
5.02488
3.70374
3.61796
3.34035
3.43565
4.24029
4.66751
4.25132
4.21281
3.51507
4.7898
4.3831
4.11084
3.81387
4.00804
4.16893
4.34191
4.61028
4.6258
3.79864
3.70444
4.61373
4.19368
3.91668
3.63975
3.89651
4.54751
3.93568
4.11601
4.14519
3.91197
4.35628
3.42658
4.43785
4.69898
4.79542
4.22547
4.43737
3.94721
4.61615
3.98001
4.69941
3.74385
4.12035
4.58053
3.7664
4.37659
3.59597
3.64943
3.86488
4.47369
4.7397
3.96315
4.24821
4.61788
4.70151
4.12595
4.02517
3.85446
3.78708
4.4603
3.77927
4.73116
4.17238
4.84182
5.19046
4.11306
4.55326
4.08248
4.20035
4.54573
3.7768
4.12156
3.52835
3.77121
4.83227
5.15009
4.17768
5.63426
3.57708
3.96861
4.44104
4.48649
4.41416
4.32898
4.05331
4.50637
4.50352
3.99116
4.57036
4.15528
3.59776
4.17717
4.28524
3.741
4.60057
3.7408
4.09636
4.1189
4.29263
4.32659
4.73749
3.66938
5.68645
5.04952
3.97635
4.00634
3.71825
3.84484
3.52814
4.07358
4.13794
4.22606
4.18066
4.44536
3.71269
3.96303
4.36574
4.8184
3.67656
4.3878
3.8384
3.85204
4.36073
4.28685
5.81469
4.42431
4.59134
3.67236
4.15766
3.95287
4.56883
4.27221
5.26589
3.89709
3.87921
4.56399
3.65078
3.82925
3.35849
3.84896
4.68987
4.26877
4.48661
3.90794
3.79007
4.00453
4.12798
5.89101
3.72385
4.70158
3.90613
4.25762
3.86473
4.23969
4.17741
4.33172
3.93531
4.92338
3.54042
4.03304
4.17791
3.86037
4.55099
4.54665
5.74854
4.55073
4.95967
4.14964
4.77293
3.95405
4.41599
3.71419
4.04472
4.26555
4.0719
3.86138
5.94056
4.51052
4.34005
3.93433
3.91072
4.24759
4.45356
4.12303
4.24587
4.14822
3.98181
3.99593
3.77233
4.68781
4.94804
3.78405
4.36482
3.85775
4.78444
3.99775
4.90125
4.51339
4.87994
4.06004
3.91048
4.74133
4.55407
4.88245
3.8868
3.95425
4.36985
4.18405
3.65641
3.8797
4.18211
4.0622
4.36129
4.08132
4.17711
4.8917
4.09324
5.09703
4.78774
4.69626
4.39874
4.11794
5.08196
4.11204
4.14389
5.2803
5.47143
3.43395
3.6243
4.70906
4.99426
4.29316
3.97454
4.0218
3.76653
4.19192
4.38209
3.92987
4.00561
3.94027
4.11878
3.83872
4.25008
4.17275
3.85048
3.84345
3.6458
5.53535
3.60518
4.6893
4.09974
4.25185
4.9452
3.84329
4.47214
4.28472
4.19335
4.01301
4.3062
4.10242
3.86684
3.9
4.08572
3.85586
4.17332
3.73401
3.84098
4.31757
3.52434
4.08626
7.30774
4.10255
4.67253
4.82589
3.85341
4.46773
4.31732
4.42724
3.89474
4.24361
4.26698
3.6209
4.26564
4.28407
3.85963
4.43218
4.86739
5.02264
3.7974
4.46636
4.08894
4.45676
4.06081
4.44945
4.27586
3.87163
3.76259
4.7513
3.48392
3.57684
4.02608
4.91296
3.91367
4.07788
3.86571
3.91772
3.98114
4.89929
4.23459
4.11252
4.89343
4.03405
3.91793
4.40073
3.59547
3.71995
4.05339
4.27684
4.35635
5.64231
4.14752
4.31153
3.99766
3.93911
4.67427
4.80693
4.0133
4.78524
3.74138
4.61816
4.68271
4.68027
4.61453
5.27721
4.44649
4.78736
3.78415
3.96463
3.56666
4.0632
3.81303
3.84336
3.91392
4.01301
5.67065
3.79728
4.39825
3.72434
3.592
3.89117
4.58073
4.90497
5.65921
3.77721
5.24239
3.77025
4.37803
5.33403
4.02912
4.56548
4.58069
3.6987
4.9664
3.88411
4.70371
4.05697
5.19218
4.38466
4.13909
3.96024
3.70589
4.0105
4.19548
3.56692
3.96858
4.28761
5.73977
4.00321
4.15503
4.49203
6.03571
3.76701
4.24956
3.60672
4.58385
4.47327
4.37672
3.82984
4.09182
5.50558
3.84208
5.68168
3.8143
3.69678
3.93393
3.82107
3.63402
3.85719
3.8486
3.88637
4.30251
4.01154
3.8349
3.63295
4.26294
3.675
3.88125
4.06581
3.67306
4.23223
3.90668
4.40653
4.29104
4.26394
3.822
4.47935
3.54203
3.99092
3.6044
3.61623
4.7409
4.1581
4.20196
3.6926
4.28712
3.56685
6.54899
3.55286
3.72904
4.14039
4.3383
4.24509
3.66068
5.18141
3.48275
3.80034
4.00352
3.7254
5.01934
4.16344
4.74823
3.61203
3.58387
4.28423
4.23493
3.89585
4.05452
4.7855
5.19001
4.99632
3.98105
4.70874
4.13372
3.67829
4.19177
6.15105
4.19823
4.0974
4.00839
3.85212
3.99689
4.63791
4.48508
4.35627
3.94938
5.55556
4.33408
5.44924
5.50078
4.76693
3.91676
4.39191
3.91324
4.56162
4.64034
4.1421
4.42386
3.66045
4.47926
3.7577
3.8351
5.21626
3.65642
4.29965
4.2312
4.49851
5.11215
3.60808
4.44297
3.85168
4.41257
4.57954
3.92517
3.74753
3.51967
4.55333
4.27556
4.71206
4.29798
3.98847
3.88814
3.79691
4.00183
3.73142
4.3049
3.99067
3.83131
4.28647
4.50918
3.8958
4.1393
3.7785
4.9997
3.94851
3.71755
3.92075
3.67445
4.27184
4.51329
3.66689
3.69765
4.79402
3.62217
4.60603
4.30233
5.49705
4.26789
5.57743
4.6741
4.04067
5.14928
4.36954
4.29646
3.79324
4.36952
5.19743
4.2232
3.74686
4.15133
3.82362
6.01383
3.76658
4.14102
4.64624
3.82176
3.61479
3.94314
4.08187
4.32463
4.24857
3.51072
4.04818
3.84245
3.98566
3.10182
3.82222
4.84696
4.4845
3.71436
3.60683
4.73327
4.28002
3.70328
4.79774
4.2079
4.00704
3.68508
6.39817
3.79227
4.16897
4.76139
4.63206
4.81071
4.21253
4.62399
4.09985
4.16529
4.716
4.69307
3.78023
3.83211
5.39284
5.46695
3.92247
4.07937
4.00719
4.81118
4.40125
4.42296
3.78294
4.06677
4.35894
4.51887
3.79315
4.04469
3.83291
4.18174
3.75962
4.23437
4.79108
4.07769
4.52269
4.55835
4.88685
4.04955
4.03724
4.37794
4.9901
4.60428
4.58399
4.75089
3.5197
4.60052
4.20465
4.14138
3.80816
3.80692
4.50346
4.02
4.63021
4.10268
4.12123
4.82607
3.88738
3.68027
4.79531
3.87561
3.95774
4.08464
4.22064
4.02076
4.60449
4.61884
3.64469
4.00545
3.97954
6.91742
3.67252
4.09782
4.77606
3.87562
4.08614
4.66627
4.17719
4.20844
4.26763
3.51343
4.35129
3.68437
5.05911
4.03983
3.79449
4.59454
3.98101
4.21664
4.08675
4.08093
4.38958
5.21115
4.28663
3.81071
3.55938
4.06065
4.2636
3.92495
4.22387
3.76086
3.97075
3.51222
3.62621
3.77458
5.38612
4.35397
4.13394
4.58779
4.36264
3.97
3.9963
3.84928
5.08731
3.98995
4.59379
4.57058
3.77043
4.03367
4.37798
4.90122
3.59779
4.09395
4.22142
5.66879
4.39412
4.53438
3.86503
4.27965
3.7026
4.89219
4.57342
4.32342
4.33522
4.19917
4.06588
4.36491
3.51893
3.89
3.99325
3.21885
4.73774
3.83951
3.75006
5.17017
3.59431
4.07783
4.04839
4.07617
4.93881
3.80897
4.66513
3.93928
4.283
4.33727
4.28759
4.99841
3.79227
4.35618
4.82953
3.86172
4.74101
4.05567
4.14872
4.53172
4.14767
4.3283
4.02295
3.99658
3.93931
3.79452
3.83108
4.55827
4.16649
5.099
4.20683
3.8881
4.23338
3.70386
4.68907
3.58828
4.23203
4.79493
4.49708
3.94787
3.56153
4.53388
4.10388
5.78171
3.65812
4.48204
4.02534
4.07815
4.53148
5.10483
5.12764
4.18903
3.86132
6.13937
4.12932
4.78118
3.87548
4.00013
4.00859
5.64459
5.2614
3.45879
4.14487
3.85365
3.97126
4.09454
4.28627
4.42871
3.72277
4.06897
3.72382
4.386
4.47303
4.45965
4.03
3.67952
4.11003
3.97623
4.17827
4.11976
4.12598
3.68641
4.71411
3.95916
4.04495
3.79188
3.73085
4.1301
4.19306
3.85334
3.7578
3.69752
4.67945
4.85702
5.63218
4.05703
4.79562
4.1084
3.88869
3.87303
4.03631
4.03492
3.76736
4.97969
4.33488
5.19032
4.63788
4.38234
3.71073
4.42942
4.67756
3.92937
4.42933
3.75649
5.04612
4.91386
3.82957
3.56768
5.57354
3.98108
5.15876
5.23689
4.10238
4.38963
4.79158
4.31698
3.46454
4.13955
4.34449
3.5198
3.62719
3.68702
4.51465
3.99957
4.08646
3.93102
5.46557
3.70581
3.64981
4.06701
3.70826
3.78829
3.48308
4.17195
3.96797
4.48705
4.50939
3.87763
3.9058
3.89689
5.18679
4.45613
4.23556
3.9349
3.65682
4.07473
4.34822
4.19225
4.44077
4.64717
4.02715
4.26483
4.69523
3.50184
4.13
3.77899
3.60848
3.74337
3.61295
4.15568
4.03969
4.96277
3.87144
3.87004
4.19371
4.79749
3.81268
3.70117
3.80347
4.10466
3.64077
4.60427
5.187
4.69618
3.9934
3.98961
4.17656
4.02414
4.26418
4.43959
3.94444
4.83736
6.19338
3.37642
3.76044
3.64596
4.28923
3.95971
4.60571
4.38266
4.49923
4.77165
4.13641
4.63889
4.82876
7.13158
3.84214
3.72628
4.50117
3.95868
3.60625
3.49729
3.53212
3.86843
4.01166
4.4485
4.47531
4.1145
6.0033
3.58968
3.57065
3.91296
3.42259
4.6796
4.16407
4.35662
4.2184
3.75321
4.19733
3.90115
3.94173
3.69392
4.75406
4.66088
4.15891
4.54265
4.80351
4.39167
4.19854
4.62908
3.9762
4.22172
3.66682
4.293
4.03035
4.07916
3.88093
4.64498
4.36733
4.04337
4.07277
3.41975
5.17257
4.6436
3.82931
3.57667
5.1569
4.38147
3.57887
3.93145
4.11455
3.69595
4.03861
3.95609
3.72674
3.70758
3.95096
3.88565
4.00285
3.93602
4.58764
4.33708
4.08468
4.31716
3.81523
4.16786
3.95357
3.90718
3.82814
3.93788
4.12365
4.55676
3.7048
3.92795
5.60874
4.53194
3.94839
3.96927
4.97146
4.94092
4.21472
4.15578
4.34684
4.79598
4.25117
4.58216
5.04173
4.05646
5.21611
4.24511
5.27543
5.28538
4.25443
4.50234
3.47361
4.19052
4.00913
6.70254
4.93066
3.96586
4.47378
3.97058
3.9924
4.49951
3.98552
4.69422
3.96514
4.74857
4.14273
3.6981
4.17115
4.13076
4.58617
4.00624
3.85624
3.55652
3.72211
3.91417
4.18884
3.9737
4.2141
4.19592
4.19497
4.27345
4.06128
5.24175
