2.96267
0.139637
0.209879
1.24175
0.921745
0.0540703
0.5118
1.38207
2.30612
0.642008
0.589304
0.541311
0.816236
0.150872
0.706853
0.700578
0.214363
0.290534
1.20843
1.10204
0.635488
1.25789
1.40807
0.499359
0.9279
0.943464
0.191623
0.368527
0.97108
0.360533
0.93492
0.409958
0.504201
0.534044
0.605169
0.666649
0.447439
0.797682
0.895377
0.535732
0.252139
1.61746
0.148257
0.434496
0.2661
0.50103
0.995334
0.58908
0.871262
0.782473
0.732487
0.423743
0.761722
0.685879
1.22286
1.38977
1.53341
2.07168
1.0171
0.957356
0.26616
0.569066
0.528371
0.231549
1.35235
0.149089
1.77916
2.65603
0.772693
0.299574
0.194639
0.627961
0.656518
1.41171
1.19293
0.23621
1.24859
0.937006
0.780134
0.674727
0.382014
0.545081
0.504033
0.290949
0.689605
0.481514
0.988559
3.43841
0.59883
0.699327
0.881238
0.784632
0.723385
0.727799
0.615537
0.721264
0.173582
0.30268
0.151415
1.69209
0.814251
0.858241
0.243457
0.259482
0.375409
1.39887
0.444056
1.76831
0.583891
1.3911
1.52142
0.833582
0.667484
0.189124
1.92155
0.763865
0.63171
0.319169
0.305621
0.705299
0.110619
0.250035
1.22735
1.36351
0.735491
1.69469
2.77823
0.376211
0.548503
0.0633326
2.69126
0.48575
0.312968
0.0819467
0.0576697
0.616947
0.123236
1.91401
0.587623
1.29538
0.0491501
1.03381
0.543631
0.174435
0.678704
1.17833
0.876842
0.208134
1.022
0.86
0.153839
1.78109
2.02529
0.164327
0.727957
0.179348
0.960389
0.0994665
0.44079
0.675264
1.10239
0.473726
1.22576
0.725252
0.697145
2.9332
0.95235
0.281629
0.855264
1.10764
0.173407
0.526525
0.474333
0.453416
0.434011
0.715727
0.39854
0.257749
1.14706
0.573359
0.636805
0.160046
1.18927
2.15328
0.759804
0.593285
1.79617
0.184169
0.431086
0.83727
0.303754
0.701369
0.411873
0.934685
0.429898
1.4375
0.268886
0.360717
0.27777
0.6592
1.65472
1.09208
0.741086
0.786241
1.34163
0.623259
0.326194
0.303475
0.625017
0.60727
0.30212
0.0770935
1.25228
0.455233
0.492254
2.18003
0.882407
0.648183
0.991044
1.91529
0.458836
0.34178
0.898669
0.480221
1.30637
0.170946
1.25105
1.35152
2.01141
2.1233
0.203348
1.65601
1.5799
1.18792
0.534244
0.899097
0.601733
0.331222
0.806465
1.21877
0.176168
0.46821
0.340091
0.738368
0.547696
0.302485
0.252667
0.974564
1.61998
0.621328
0.559891
1.86038
0.89427
0.348576
1.08636
0.752916
0.792765
0.577665
2.34155
0.712958
0.554861
2.09623
0.192302
0.451301
1.01592
0.666871
0.688812
0.694194
2.10909
1.93834
0.607584
0.537191
0.409405
1.08795
0.929967
1.90171
0.628064
0.959319
0.636908
0.295429
0.19939
0.365749
0.29029
0.995864
0.143089
1.2252
0.0682227
0.978849
1.07142
1.01409
0.433924
1.06867
1.09197
0.175444
1.15801
0.371029
0.309168
0.770994
0.835745
1.48435
0.456157
1.17503
1.08924
0.429054
0.335476
2.08339
0.660332
0.141842
0.475056
1.77464
0.910693
1.97637
0.173792
0.754662
2.17151
0.522345
0.376924
0.443031
0.575957
0.758974
0.602183
1.40572
0.449088
0.393861
1.57697
0.651926
0.850879
0.255702
0.29001
0.257662
1.72207
0.330003
0.148055
0.639767
0.1027
0.407687
1.19753
1.19375
1.50347
0.429744
0.306835
0.16231
1.53686
0.506696
1.26438
0.762743
0.754658
0.597823
0.777991
0.110511
1.36746
0.695531
1.26312
0.856419
0.958254
0.698803
0.813847
1.22588
2.29616
1.01679
0.95571
0.263974
0.298408
0.369374
1.43934
0.526561
0.854425
1.02789
0.489492
0.584213
0.91128
1.09521
1.94541
1.84216
0.542111
0.45745
0.359852
2.3127
0.803205
0.223292
0.633579
0.135913
0.377258
0.982429
2.07814
3.59611
0.31765
0.484044
1.1431
1.0524
0.964298
0.889466
1.39617
1.20773
0.628319
1.46966
1.00275
0.714993
0.407644
0.815771
0.119845
1.04544
1.97839
0.451641
1.43065
0.464053
0.424854
0.734877
0.6535
0.227128
1.19004
0.698639
1.28806
0.958499
0.962186
0.388683
0.682056
1.20779
0.288892
0.909623
0.4011
0.349954
1.02078
0.167042
0.679197
1.05038
0.519807
0.702376
0.511765
2.33574
0.0491857
1.11871
0.117452
0.598325
0.0564947
1.23144
0.705996
0.410359
0.674357
0.262222
1.17406
0.976575
0.713899
0.495663
0.283716
1.07735
0.717561
0.523826
0.453175
1.1259
1.05885
0.892996
0.180678
1.83702
0.556328
0.841009
1.06504
0.125454
0.274916
0.425912
1.25127
0.610072
1.03552
0.213708
0.809955
0.502821
0.798925
0.284274
0.343384
0.407228
2.7996
2.54533
0.911312
0.612546
1.0343
0.0776287
0.220941
0.554512
0.69701
0.165647
0.670111
0.189236
0.0709673
0.366421
0.917148
0.32963
0.455981
1.26092
0.575705
0.216048
1.28463
0.817469
0.495232
2.95128
0.420709
2.36339
1.31324
0.310177
0.412179
0.108222
1.21991
0.636075
0.144147
0.931814
0.115886
0.431272
1.08907
0.546887
1.14587
2.72715
0.528408
0.189949
0.0517094
0.75824
0.200514
0.717983
1.11637
1.37975
0.966161
0.493103
0.240009
0.66692
1.05463
0.240477
3.69928
0.905398
0.189434
0.681736
0.439916
1.4023
1.40575
1.79858
0.091501
1.09981
1.00275
0.73497
0.757772
0.610762
0.721904
1.12699
1.68328
1.50188
1.67509
0.86198
0.625304
0.510052
1.36756
0.444303
0.410932
1.31406
1.72836
0.542508
0.830653
0.0829247
0.342554
1.51906
0.683948
0.699604
0.778534
1.49054
1.00438
0.884904
0.712152
0.230071
0.245813
0.168212
0.849812
0.443113
1.2104
0.578997
0.97938
1.12149
1.31988
1.07992
0.863193
1.30302
1.0533
0.826776
0.640891
0.581087
1.70909
0.583547
0.416148
1.142
0.160837
0.06781
1.4022
0.61292
0.502746
0.511822
0.577569
0.222968
0.382362
1.10551
1.02907
1.98282
0.916024
0.625566
0.769702
0.236825
0.98884
0.118834
0.577241
1.7675
0.213216
1.627
1.25028
0.357412
2.35849
1.00434
1.18008
0.261593
0.685224
0.59268
0.726356
0.330406
0.768377
1.26656
0.9079
0.970211
0.406961
4.71543
0.15001
1.39769
1.02575
1.6738
0.659982
0.658817
0.61649
0.584059
0.228129
0.331073
0.684829
0.602506
0.505502
0.413335
0.707847
0.73189
0.600995
0.422633
1.50773
0.648653
1.73015
0.702981
0.621012
0.937534
0.592754
1.29905
2.36128
0.567186
1.49453
1.68815
0.220269
0.316736
0.837094
0.860772
2.21268
1.28311
0.358947
0.895922
0.357205
0.461694
0.233184
1.49143
1.18734
0.152085
1.01878
0.459488
0.248674
0.857188
1.69215
0.923681
0.415361
0.506852
0.520579
0.127299
0.207978
0.266663
0.568191
0.969552
0.319317
0.524801
0.398393
0.562517
0.650385
1.90792
0.508306
1.54049
0.183575
1.88079
1.6097
1.13519
1.54665
1.40696
0.719634
0.702777
0.515852
0.222408
0.804497
0.619664
0.666822
1.04018
0.146817
0.21589
0.877742
1.12764
1.16114
1.27287
0.561192
1.36614
0.792552
2.27988
0.437996
0.237196
0.801462
1.93084
0.394496
1.26262
0.0613359
1.65444
0.638955
0.950564
0.422516
0.947723
0.641269
1.78699
0.457754
0.651687
0.75491
1.29327
0.53113
0.36572
1.04237
0.30214
0.694446
0.793765
1.13692
2.10209
0.516441
0.635328
0.391583
1.06741
0.935129
2.34291
0.29147
0.756596
0.853904
0.0946418
0.455396
0.113211
1.48719
0.660463
0.206487
0.332638
0.57503
0.732686
0.145818
0.504645
0.863533
1.21263
1.02743
0.481308
1.88044
0.890274
0.980954
0.663669
1.24443
0.359058
1.37672
0.671933
0.583861
0.776529
0.912867
0.566161
0.405291
0.997262
1.06628
1.06579
0.787716
0.178581
0.737043
0.915922
0.65755
0.172892
0.80205
0.485039
0.376146
1.1702
1.07066
0.424558
1.6366
0.408015
0.534325
0.338103
0.858355
0.419603
0.360395
0.201783
0.498256
0.972762
1.06091
0.127725
0.76064
0.349542
0.188677
0.712416
0.606681
0.444373
1.73994
0.721023
0.410553
0.632051
0.407177
0.642297
0.963073
0.187162
0.809737
0.491829
0.484163
0.985754
0.904685
0.58854
1.50879
1.09601
0.797522
0.72567
0.647618
0.965747
0.388346
1.30318
0.528495
0.794566
1.37016
0.203705
1.00463
0.259698
0.237909
0.560501
2.09569
0.267725
0.833572
0.280039
1.29163
0.375192
3.39704
1.23442
2.05712
0.547689
0.863639
0.725212
0.379098
1.00558
2.45974
1.02036
1.3032
0.548725
0.716217
1.08629
0.655115
0.781745
1.56887
1.10683
0.847689
0.496781
0.350357
0.582556
1.8035
0.43893
0.511089
1.59284
0.492844
0.312389
1.43295
0.351692
0.682493
0.247735
1.78439
0.087393
0.972639
1.41621
0.428924
0.397203
0.690901
0.558525
0.31571
0.926381
0.314257
0.247013
1.34168
0.578136
1.36119
0.872843
0.196791
1.2619
1.05145
0.210106
0.325093
0.799915
0.0673295
0.901247
0.865213
2.10206
0.75567
1.737
0.603012
0.702297
0.193506
1.82021
0.762286
1.07853
0.473189
0.877091
0.171163
0.728016
0.830351
1.32261
0.363894
0.841046
0.547218
0.971388
1.02994
1.59649
0.30998
2.81381
0.368569
0.579859
0.377298
0.728369
2.79701
0.607215
0.283842
0.0892992
0.602121
0.744706
1.9611
0.288279
1.47505
0.65322
0.21895
0.986401
0.485783
1.23427
0.217264
0.925418
1.8877
0.462239
1.9657
0.425954
0.170259
1.21592
0.545921
0.871677
0.748538
0.328734
0.200356
0.587726
1.11505
1.33512
0.293845
0.23639
0.0833996
0.978464
1.50213
0.447751
0.526477
0.669285
0.272648
1.22625
0.219423
0.72942
0.945587
2.53169
2.27338
0.451691
0.453413
0.748391
0.337339
0.378694
0.392584
0.114198
0.905656
0.176195
0.695361
0.62118
1.18876
0.552452
1.97004
0.390124
0.887394
0.889172
0.255428
0.53558
0.86315
0.278984
1.01137
2.09647
1.07491
0.96994
0.526923
1.10202
0.565571
0.585649
0.477131
0.540322
0.173504
0.648346
0.177967
1.09165
0.461678
0.243603
0.165756
0.618898
1.23742
0.230433
1.47918
0.503203
0.160088
0.514624
0.356233
1.80122
0.47556
1.24442
0.674084
0.643353
0.17617
0.545953
0.250198
0.646425
0.516477
0.0199405
0.286767
0.745152
1.01195
1.05523
0.237112
0.328933
0.657917
2.62181
1.00776
1.16431
0.483062
0.772027
0.790095
1.36748
1.90743
0.162677
1.76903
0.406347
0.282907
0.976652
0.755166
0.701462
0.468285
0.544201
0.651182
0.788744
0.640298
0.462706
0.128454
0.209812
0.346038
0.665852
0.443756
0.613289
1.38337
0.739749
1.45973
3.19733
0.476252
0.277756
0.434106
0.0333439
1.06018
1.59816
0.2186
0.463809
0.340265
0.776935
1.73676
0.268971
0.953588
1.06434
0.665462
1.33154
1.99688
0.559128
0.696995
0.721251
0.710905
0.962526
0.758944
0.408352
0.482999
0.694447
0.95056
0.21236
0.523806
1.17004
0.174965
1.34021
0.833407
1.56168
0.351018
0.362848
0.317691
0.988046
0.0754188
0.720514
0.319285
0.700545
0.562305
0.462748
1.05445
0.787765
0.246838
0.700327
0.989546
1.43069
2.33724
1.00165
0.454906
0.423375
0.264747
0.823999
0.911057
0.460182
1.32286
0.620021
1.29093
2.20624
0.505934
1.19154
0.38996
1.53598
0.622563
1.2548
0.468036
0.164877
0.58209
1.23026
0.77638
0.592912
0.377029
0.716612
1.46716
0.796454
1.05775
0.623482
0.605707
0.959255
0.245465
0.122757
0.566342
1.03038
0.243817
2.90052
0.825434
0.441556
1.47811
2.45241
0.771386
1.42381
1.15369
0.461368
0.333627
0.631028
0.742793
1.34652
1.24426
0.319249
0.434574
0.170339
0.590782
0.97592
0.739476
0.21018
1.44596
0.369966
0.413997
0.628889
0.376401
1.05842
0.978288
0.86919
0.91138
1.24149
0.500263
0.798337
0.254038
2.24648
1.21996
0.543451
0.484259
1.27842
0.960425
0.430505
0.482334
0.756017
0.26312
1.18794
0.761308
0.519142
0.785772
1.81199
0.289008
1.73802
0.400774
0.754546
0.234932
1.31367
0.645404
0.574466
0.526729
0.489149
0.672974
1.55004
0.200903
1.23708
0.145353
1.18752
0.371396
0.663375
0.549864
1.73694
0.90025
0.473182
0.961204
0.613264
0.513201
0.563008
0.432455
0.358095
0.330322
0.682362
0.141352
1.17201
1.39695
0.335814
0.627168
0.881057
0.348651
1.40748
0.574025
0.0774571
0.314609
0.195335
0.529483
0.777179
0.976321
1.09215
1.23303
0.831989
2.17522
0.205704
1.03253
1.10554
0.467097
0.665699
1.17213
0.352749
1.44859
0.771262
0.24977
0.615461
0.752038
0.215517
1.56267
0.31056
1.3469
0.165942
0.28937
0.187888
1.20905
1.04457
1.49684
0.318976
0.637955
1.55519
0.487098
0.562411
0.734462
0.933301
0.344623
1.03023
0.941388
0.701731
0.590013
0.665547
0.239936
1.55472
0.877789
0.147485
2.74012
0.791415
0.693108
0.897276
1.00685
2.5201
0.311459
0.101953
1.00011
0.703922
0.667216
1.15941
0.449093
1.01397
0.49764
0.199764
0.444105
0.381502
0.340978
0.140599
0.220612
1.0207
0.711996
0.875018
0.842641
0.449338
1.16579
0.322166
1.8125
0.619867
0.898612
1.20996
1.08152
1.39556
1.73137
0.392389
0.566234
0.723225
1.63916
0.508504
0.760805
0.862077
0.184557
1.595
3.60389
0.360434
0.33595
1.0909
0.35708
0.166311
1.47837
0.196855
0.580342
1.3719
0.575256
0.826506
1.21735
0.761656
1.67203
0.0708862
0.878415
2.64746
0.457542
0.338636
1.16404
1.6955
1.05248
0.849194
1.31303
0.270417
0.313291
0.106306
0.563399
0.364201
0.150349
0.187141
0.985068
0.343623
0.427903
1.03049
0.714479
0.62166
0.947436
0.116827
0.366105
0.66638
0.556802
0.376072
0.811741
0.111242
0.835452
0.528923
0.684405
0.458564
0.745397
0.162573
0.494359
1.12088
0.348605
0.618726
0.708302
1.02201
1.24199
0.384028
0.757959
0.223385
0.95822
0.646135
0.778074
0.548162
1.01781
1.1768
0.191429
1.28628
2.0264
0.835992
0.492046
1.53193
0.441625
0.614511
0.251767
0.681793
0.96344
0.256599
0.398721
0.62006
0.410557
0.698393
0.721633
0.186807
0.533606
0.464436
1.27111
0.681131
0.521393
0.388759
1.92756
0.412865
0.456253
0.951369
0.931032
0.283351
0.981894
0.423512
0.618471
0.495562
0.24396
1.03685
1.06544
1.67892
0.16123
0.236669
0.177023
0.322053
0.552522
0.571698
1.1068
0.761479
1.09995
0.567481
0.641203
0.0834168
0.496503
0.611158
2.3176
0.443336
0.21598
0.636556
0.577494
1.3822
0.485218
0.267352
1.11448
1.61546
0.0954389
0.844405
0.317554
0.353306
0.0950946
0.102211
0.959281
0.167687
1.07953
0.663267
0.422391
0.820631
1.08525
0.770066
1.31754
1.15129
0.247446
0.434574
0.402481
0.23603
0.522119
0.915653
0.818138
2.49096
0.813206
1.02755
0.693856
0.789166
0.392876
0.391522
0.378377
0.250192
0.4506
0.499566
0.411628
1.65983
0.304652
0.323519
0.355979
0.879526
0.470408
0.441135
1.48992
0.168167
0.372215
1.19759
0.590308
1.41495
0.768718
0.717686
0.418126
1.00009
1.20222
0.474482
0.505391
2.41709
0.616029
1.81223
0.987485
0.833164
1.41315
0.29628
0.308325
0.42012
0.118824
0.573333
1.31365
0.425134
0.795639
0.257414
1.00108
1.71007
0.90747
0.449612
1.01692
1.19748
0.472076
0.681279
0.544891
0.934426
0.627502
1.1606
0.660573
1.31406
0.0934716
1.44398
0.386783
0.487685
0.593619
1.0911
1.17574
0.850048
0.505985
0.620032
0.385062
0.521732
0.659586
0.296049
0.29982
0.924596
0.448764
1.45082
0.274624
0.762734
0.410693
0.786819
0.859541
1.14396
0.356419
0.543276
0.500107
0.609176
0.790264
0.561242
0.852253
0.700605
0.979632
1.47645
1.32902
1.55112
1.36079
0.41829
0.27553
0.412456
0.718924
1.83063
0.195155
0.133877
0.389067
1.58297
0.316055
1.11344
0.564331
0.3289
0.641462
0.762948
0.591239
0.608627
2.22052
0.325794
1.74151
1.19722
0.272405
0.555642
0.463476
0.806153
1.22671
0.897872
0.328697
1.1082
0.510193
0.456989
0.554223
0.591844
0.281885
0.399549
1.33394
0.81925
0.73032
0.0744774
1.19482
0.673967
0.476737
0.523243
1.49832
0.979024
0.600699
0.858969
0.392153
1.03542
3.08721
0.0620621
2.81619
2.21779
0.458888
0.199503
0.202395
0.71514
2.01911
2.03003
1.29489
0.690487
0.0756906
0.979821
0.771445
1.40159
1.4482
0.234141
0.400975
0.734723
1.15718
0.412393
0.821024
0.103622
2.29526
0.849135
0.729645
1.42003
0.481252
0.503284
0.524014
0.196427
0.621317
0.956205
0.511161
0.720012
2.11416
0.881634
1.47289
0.349271
0.712381
2.29779
0.963423
1.46475
3.6941
0.397027
0.239302
1.09524
2.78713
0.135921
0.514899
1.16537
0.163757
0.877373
0.185733
1.06534
1.00758
1.06976
0.793284
1.57987
0.824007
1.61518
0.708605
0.344052
0.29231
0.524012
0.233159
0.256233
0.575959
0.0311961
0.799836
2.52512
0.638098
0.692436
0.0650484
1.0759
0.542085
1.93288
1.02398
0.121449
1.66406
0.191243
0.874169
0.535421
0.513361
0.428399
0.0637008
1.0245
0.0849345
1.57682
0.482691
0.309169
0.309162
1.59423
0.726071
0.609756
0.358512
0.484325
0.583047
0.545142
0.576357
0.167591
0.605595
0.907878
1.06956
0.822742
0.306217
0.302099
1.12725
0.934067
0.684034
1.10626
0.806671
1.02771
0.21798
0.56668
0.726795
0.888719
1.64135
2.23922
0.449417
1.01689
0.245994
0.725265
0.444967
1.56194
0.514402
0.548613
0.371581
0.70665
3.91775
0.256147
0.340303
1.9532
0.312147
1.49244
2.49538
1.37922
1.17545
2.08831
0.364578
0.558753
0.369015
0.382893
0.736489
0.315605
0.0475957
1.07164
1.36479
0.343672
0.664561
0.676041
0.73265
0.217763
0.406484
0.931994
0.628871
0.391596
0.414487
1.12079
0.129953
0.433745
0.756655
2.15266
3.20152
0.862512
2.22458
0.411566
0.268411
1.58495
0.78193
0.190328
0.128428
1.42715
0.857535
0.376175
1.82791
1.19234
0.667542
0.965297
0.273013
0.259434
1.06885
0.202902
0.249919
2.88637
0.829662
0.509289
0.352858
0.534581
0.687484
0.320967
0.796001
0.930042
1.29309
3.44617
1.33591
0.321702
0.552459
0.598897
0.811089
1.46767
0.30028
0.763404
0.417946
0.630053
1.17786
0.703518
0.656488
1.28081
1.28717
0.446762
0.597536
1.18011
0.234925
0.4104
0.216029
0.133796
0.143767
0.361995
1.03713
1.55746
0.609536
0.397582
1.62334
0.712032
0.156711
1.17328
0.433792
0.476559
1.2353
1.17965
0.486538
0.484311
1.34011
0.822275
0.723336
0.297029
0.0815245
0.779522
0.572371
0.404972
0.502779
0.654605
0.514219
0.901959
1.0173
0.808458
0.302918
0.773572
1.82363
2.23302
1.81838
0.112259
0.442086
0.444898
1.54551
0.553572
0.511034
0.963211
0.969175
1.78911
0.667453
1.12297
0.745655
0.873769
1.00484
0.493729
0.248945
0.666176
1.41811
0.368295
0.988776
0.0903227
0.886361
0.60225
0.731725
1.04471
2.27834
1.36387
0.474391
0.133254
0.344281
0.695234
0.824446
0.91561
0.256097
1.42871
0.542921
1.0364
0.639785
2.17151
0.346078
0.218094
0.455978
0.877096
1.3243
0.392817
0.349773
0.9079
0.536445
0.595815
0.238601
0.904441
2.13441
0.600928
0.661633
1.05377
0.858264
0.331148
1.25315
0.265015
0.426058
1.89588
1.11342
0.133152
0.380232
0.915198
0.199631
0.854001
1.33197
1.69798
0.305691
0.12071
0.613201
1.0521
1.13948
0.313398
0.588341
0.607976
1.1123
1.84306
0.494494
0.751209
0.380703
0.366089
1.2086
0.282184
0.926415
2.45089
1.23866
1.20388
1.5864
0.517326
0.443021
0.606084
0.572184
1.54109
0.61977
0.807965
0.466206
0.706486
0.291472
0.807227
0.767056
2.04273
0.69362
0.366118
1.30484
1.05098
1.24875
0.426332
0.782931
1.00711
0.29221
0.257913
0.549492
1.40555
0.283823
0.227604
0.865205
0.805877
0.635809
0.42453
0.742233
0.411152
0.429711
0.708654
0.488214
0.497133
1.84591
0.446278
1.01727
1.08307
0.311512
0.233762
0.252436
0.549947
1.0381
0.972914
0.567068
1.02298
0.83915
0.431817
0.289447
2.64163
0.386035
0.541366
0.929177
0.670149
0.676275
0.642752
0.631681
0.676223
0.848616
0.105087
1.16862
0.750273
0.13162
0.141044
1.77914
1.12767
2.29305
0.496807
1.1464
0.988755
0.493594
0.229616
0.636883
1.25272
0.152718
0.776382
0.208722
0.171744
0.681556
0.833735
0.964442
3.09877
0.535701
0.163829
0.388469
0.208467
0.889004
2.54514
0.103335
1.77428
0.125986
0.967287
0.977545
1.66211
0.480635
0.205244
0.317618
1.08495
0.884108
2.41379
0.221459
0.645258
0.401953
0.48592
0.465159
0.158818
0.447174
1.60084
0.399408
0.262478
0.962563
0.536017
1.14009
1.07732
1.11856
0.96074
0.64685
0.597703
0.647523
0.899595
0.368978
0.346002
0.893413
0.957333
0.820442
0.930406
1.6512
0.532651
1.33491
0.845495
1.33989
0.440846
0.771979
2.18588
0.753355
0.317649
0.761044
0.286319
1.04329
1.00028
1.59004
0.481277
0.630407
0.31523
0.298424
1.10958
1.63383
0.46759
0.801221
0.558378
0.421213
0.964846
0.799087
1.10698
0.754403
0.428494
0.25826
0.959219
0.0960207
1.34557
0.191278
2.61085
0.899918
1.2964
1.21733
0.554244
0.628232
0.0927813
1.39821
1.39178
0.268594
0.999442
0.519043
0.186988
0.290313
0.98826
0.376055
1.40918
0.172963
0.36686
1.24
0.411863
0.153413
0.524555
0.301473
0.272976
0.787037
0.441201
0.490692
0.672295
0.61188
0.367854
0.1541
0.0451992
0.38118
1.46675
0.706636
0.373938
0.373246
0.657575
0.136586
1.4774
1.03213
0.343307
0.610486
1.03234
0.5401
0.803218
0.520168
0.37089
0.543849
0.488878
0.381238
0.968803
0.823048
0.751139
0.713549
0.602304
0.318729
0.516651
0.947698
0.402246
2.97137
0.303576
2.28006
0.707175
0.318092
0.47433
0.115098
1.4219
1.56809
0.875987
0.556115
0.227138
1.66076
0.763613
0.710734
0.0819426
0.962981
0.928878
1.37807
0.342816
1.51255
0.213255
2.09931
0.291864
1.53796
0.248064
2.20558
0.080203
0.0774716
0.784408
0.737936
0.509814
0.237624
1.28429
1.50503
2.10196
0.726733
0.558938
0.70031
0.560161
0.238382
0.310985
0.998773
0.886873
0.484176
0.671822
1.34761
0.456078
0.579619
0.697238
0.591307
1.07256
0.357122
1.11751
0.216279
0.0540416
0.552889
0.534476
0.513243
0.263164
0.601422
1.17086
1.13038
0.904784
0.989305
0.136652
2.35083
1.52882
0.927281
0.164967
0.258222
0.10509
0.342331
0.787258
0.0865234
1.98536
0.745173
0.271574
1.36245
0.622777
0.67413
0.613732
0.337576
0.935469
1.19186
0.477359
0.381253
3.61842
0.628512
1.0453
0.179713
0.420055
1.8228
0.940163
1.08451
0.925274
0.813103
0.17176
0.168749
0.665742
0.489818
0.252938
0.0731854
0.456983
1.01521
1.06279
1.02252
0.494151
1.46697
1.68368
0.8804
1.1574
0.417867
0.80111
0.553132
0.308305
0.637224
0.939275
0.610676
0.282832
0.193338
1.06535
2.27172
0.449746
0.380687
0.709138
0.367051
1.00125
0.549441
0.578741
0.97109
0.129049
0.432188
0.632719
0.342522
2.09092
0.440652
0.94279
0.971824
0.915844
0.634031
0.233938
0.139696
0.229099
0.172118
1.04907
0.410134
0.328354
0.9252
5.09168
1.68422
1.5368
0.691029
0.446362
0.427691
1.05418
1.38496
0.0889011
0.605191
0.356424
0.540749
1.21793
0.22489
0.758504
1.5271
0.219093
0.763809
0.993883
1.62626
0.952477
1.64444
2.1653
1.4181
1.34135
0.433168
1.04912
1.31479
0.90475
0.767342
0.0667954
0.453731
0.281823
0.196365
0.400926
0.500269
0.323949
0.234782
1.6099
0.695886
1.20125
0.518953
1.05728
0.3577
0.916472
2.3246
1.16606
0.17309
0.842266
1.87592
0.607532
0.459545
1.33314
0.71791
0.269621
1.09363
0.963833
0.394371
0.266935
1.43508
1.10176
1.09686
0.940565
0.811872
1.35893
0.504946
1.25813
0.384738
1.19956
0.22713
1.04668
1.00984
0.490339
0.760156
0.663092
1.03591
0.841925
0.642322
0.304224
0.515801
0.622725
0.291521
0.940587
0.255496
0.361832
0.192439
0.509089
0.690608
0.212498
0.551669
0.302031
1.5389
0.335245
1.15944
0.367675
0.144801
0.398469
0.888434
1.25032
0.476927
1.32558
0.829495
0.365697
0.627393
0.252313
2.33181
0.298292
0.252765
0.535305
0.287927
0.239512
0.601438
0.792278
0.0346654
0.21881
1.70244
0.3657
0.222771
1.69272
0.561666
0.687754
0.634584
0.272498
0.413959
0.629257
0.919362
0.787977
0.454772
0.677973
0.165423
0.390293
0.240945
2.25349
0.387156
0.928474
1.43131
0.244602
1.04469
2.64499
1.01608
0.368249
2.79956
0.721499
0.122751
1.76815
0.341706
0.387063
1.62007
0.553777
0.145049
1.28602
0.243098
1.69708
0.867931
2.23672
0.460899
0.725561
0.909301
0.209139
0.245861
0.926482
0.776536
0.752087
0.863927
0.45225
1.17246
0.648982
0.474071
0.181187
0.280795
0.513233
0.527301
0.822394
0.754608
0.134028
0.310182
0.515719
0.418075
0.77827
0.751126
0.812462
0.914036
1.48748
1.43097
0.527278
0.661526
0.872576
0.624488
0.212271
0.0934617
1.08207
1.12779
0.188553
1.32855
0.330505
0.168433
1.01916
0.270527
0.377972
1.00816
0.171721
1.73032
0.118433
0.693165
0.260166
0.610857
0.433977
0.560127
0.424982
0.309308
0.342768
2.02665
0.31023
0.238874
1.67172
0.408933
0.153172
0.840974
0.351297
1.04865
1.11588
0.890212
1.29295
1.6022
0.585729
0.421989
1.55336
0.429346
0.190233
1.00655
0.726651
0.421022
0.569196
0.640382
0.576393
0.701155
0.443627
0.95873
0.515629
0.960218
0.715738
0.65886
0.273061
1.61205
0.754909
0.664232
0.493217
0.334789
0.260391
0.827944
0.684811
0.910983
0.725854
0.483938
1.14128
0.465633
0.655801
0.594063
0.388956
0.497009
1.12271
0.812313
0.711988
0.439867
0.446234
0.249116
1.28073
0.755871
0.914242
0.425972
0.550689
0.536314
0.939483
0.116255
0.318092
0.89829
0.670639
0.84812
1.2626
1.29677
1.11434
0.254134
0.948344
0.799263
1.49081
0.859882
1.92166
0.315928
0.514024
1.82959
1.08926
0.678565
0.875548
0.621257
2.53449
0.113822
1.15118
0.423676
0.342806
0.413325
0.504099
0.957442
0.877776
0.331479
1.08215
1.09805
0.24903
1.23705
3.29685
3.49307
0.326106
0.926596
0.624316
1.64472
0.613002
1.32598
0.809553
0.670079
1.21515
0.597006
3.00206
0.0767213
0.489048
2.05013
0.614119
0.718445
0.505145
0.351566
0.0731409
1.11302
0.61962
0.877513
1.66555
0.45096
0.49563
1.77463
1.84589
0.509593
1.058
0.718471
1.85827
1.01877
0.0677508
0.826213
2.60882
1.20699
0.956737
0.892471
0.558863
0.412828
0.589445
0.133
0.253685
0.402342
1.31384
0.56831
0.22353
0.26971
1.31365
1.25357
0.592081
1.125
0.604076
1.16552
0.325717
0.199296
0.541828
0.72052
0.299074
0.407794
0.127901
1.79332
0.375475
0.596705
1.58278
0.455392
0.260306
0.871453
0.792398
2.07304
0.437749
0.637474
0.399092
0.9331
0.471507
0.439434
0.999252
0.214718
0.1523
0.458086
0.108335
1.38828
0.318723
0.650013
0.57975
0.804061
0.777921
0.311378
0.972671
0.525212
0.298995
0.0781409
0.842012
0.595704
0.107685
1.19731
0.539338
2.25702
0.423328
0.838706
0.25082
1.3009
0.215454
0.612903
0.213903
0.920093
0.664087
0.262323
0.792556
0.17697
0.2814
2.06341
1.02964
0.700791
0.383756
0.226202
1.0786
0.979699
0.314688
0.174052
1.36852
0.933041
0.714081
1.23385
0.864176
0.483928
1.47454
0.620094
1.10845
0.357673
1.81924
0.706801
0.26445
1.08247
0.881306
0.718708
1.31236
1.33408
1.85635
1.32161
0.262258
0.67054
0.20008
1.58295
0.661596
0.441108
0.137679
0.904023
0.128879
1.27403
0.566052
0.238893
0.527257
0.351803
0.868868
0.105235
0.566361
1.22297
1.03554
0.84852
2.15246
0.52321
0.906649
1.5967
0.766719
0.305034
0.977175
0.575827
0.265797
0.699311
0.807492
0.393864
1.108
0.113144
1.33289
0.13543
0.243567
0.344975
0.396806
1.08875
0.768447
0.903052
1.0537
1.35707
1.09064
1.87183
0.457588
0.284011
0.839669
1.00131
0.500769
0.667018
0.609045
0.267168
1.02131
0.643722
0.268697
1.3099
0.721596
0.97389
0.735273
0.40576
1.07922
0.295809
0.256134
0.451762
1.65248
1.1836
1.06917
0.294267
0.647098
1.19829
0.916839
1.75203
3.6264
0.431706
1.49912
0.3156
0.418724
2.24235
0.364619
0.90852
0.270292
0.428239
0.494854
0.579505
0.306367
0.780369
0.682615
1.13666
1.03803
1.54477
1.08808
2.51678
0.0701616
0.793684
0.94871
0.835366
0.435602
0.583339
0.573392
1.6635
0.551641
1.23215
1.27867
1.46236
0.502774
0.241647
0.660704
0.385361
1.24213
0.976719
0.541081
1.45049
0.464553
1.81886
1.02924
0.887363
1.54997
0.377563
0.876569
0.537272
0.557303
0.566628
1.18059
0.694359
1.02896
0.584005
0.182335
1.45946
2.27231
0.385765
0.698794
0.278277
0.464153
0.47697
0.776794
0.610365
0.3651
0.229074
0.486436
0.834846
1.52458
0.756621
1.85742
1.23735
0.816317
0.204561
0.730005
1.20535
0.660258
1.25899
1.37866
1.63571
0.641258
0.924114
0.305549
0.461083
0.743539
0.436589
0.864868
0.236301
0.995083
0.805483
0.601761
1.17297
1.18102
1.4993
0.412969
0.149635
0.933356
1.19017
0.789435
0.713254
1.59227
0.323133
0.960741
1.97524
0.107037
0.432463
1.32398
1.87607
0.205956
0.780316
0.650914
0.661438
0.847543
0.464032
0.53334
0.590875
0.994259
0.919957
0.0859274
0.592407
1.18596
0.284722
0.780487
0.223
0.684288
0.180895
0.475706
0.525712
0.556013
0.464168
2.01041
2.0198
0.633269
0.458242
0.637211
0.571925
1.5581
0.429553
0.676673
0.270469
0.502121
0.342434
1.50782
1.0241
1.87676
2.2411
1.7524
0.931705
1.57055
0.0890007
0.991608
2.18808
1.65892
0.325159
1.18754
0.457425
1.53525
0.117776
0.503558
0.657207
0.270232
0.951939
0.805316
3.52451
1.26543
0.768251
0.859915
0.135673
0.221751
0.179809
0.710763
0.568323
0.874301
0.90119
0.795245
0.491067
1.46947
0.991951
1.53534
0.254271
0.93469
0.442905
0.0408153
1.25191
0.672955
0.516517
0.554163
0.697332
0.456397
0.108709
0.283514
0.551538
0.0836602
0.288023
1.21414
0.499873
0.293093
0.586632
0.63389
0.546027
1.08695
0.80888
2.63062
1.20704
0.120539
0.113275
0.941458
1.08881
1.07704
0.392393
0.520616
0.555008
1.84281
0.21296
0.640558
0.319736
0.291244
1.78439
0.795929
0.415157
0.774212
2.96407
0.950947
0.987148
0.272969
1.72325
0.42223
1.19499
2.03314
0.982682
0.857963
0.393151
1.34811
0.675518
1.5717
0.223903
0.869958
1.20553
0.545774
0.258378
0.836869
0.602594
2.17679
0.352579
0.386296
0.926231
2.1356
0.688384
0.639027
0.540153
0.664398
0.362436
0.256441
0.86917
0.724696
0.3504
1.61982
1.34955
0.969326
0.0292488
0.777684
0.782568
0.877957
0.229337
1.94081
0.403609
0.0269242
0.607238
1.34827
0.844064
0.430662
0.115732
0.0277029
0.682915
1.42765
0.396251
1.05077
0.151249
0.573443
0.55771
0.624481
0.800603
1.09402
0.617113
0.602413
1.15976
0.571196
0.789222
1.1569
0.903431
1.34908
0.797648
0.69017
2.26869
2.02438
1.04923
0.756758
0.684698
1.82114
1.41003
0.608085
1.23884
0.772354
0.588
0.391844
0.421881
0.634858
0.497878
1.63512
2.26421
0.293428
1.9409
0.112665
0.588381
1.01245
0.750259
1.2936
0.976534
0.251844
0.388046
1.82601
0.680708
0.596143
0.567542
0.748017
0.713209
1.45761
0.649605
0.626145
1.23444
0.159883
0.374996
1.05306
0.403047
0.43611
0.121411
0.575643
1.25475
1.0393
1.52375
1.8738
0.322328
1.0767
0.19902
0.871172
0.824686
1.91659
0.246186
1.38959
0.470377
0.923374
0.872137
0.177041
0.638535
0.530503
1.19152
0.306125
0.889788
0.390038
0.730231
0.555235
1.51116
0.259219
0.396889
1.09331
0.454761
0.385144
0.478431
0.635352
0.059945
0.538693
0.864335
0.891006
1.5037
2.17015
1.24432
1.51354
0.251
0.874679
1.41887
0.970708
0.397863
0.789576
0.692844
0.432073
0.440545
0.643725
1.46432
1.17603
1.01951
2.32987
1.21895
0.625483
0.983264
1.13464
0.672951
0.911389
0.394396
0.743736
1.15203
0.230548
1.16373
0.171914
0.652114
1.11488
0.16725
0.852715
0.499282
0.593941
0.656678
0.669195
0.860592
0.731792
0.846338
1.36318
1.31477
0.719385
0.221612
0.0608861
0.328489
1.48131
1.63643
0.428995
0.615094
0.519362
1.21351
0.705607
0.260119
1.25223
0.398886
0.696064
1.02379
0.114618
1.1921
0.69042
1.75372
0.640938
0.801681
0.357615
1.41087
0.949486
0.476199
0.628632
1.00103
1.67902
0.452535
0.0425876
0.835956
0.897374
1.03649
1.14011
0.304324
0.212176
0.452974
0.865281
1.14141
0.760251
0.385343
1.2829
0.37573
0.838915
0.511752
0.397775
0.602022
0.507439
1.76418
1.22042
0.613418
0.326033
1.17375
0.463494
0.0890608
1.84787
0.135274
0.371391
0.233916
0.158786
0.101047
3.84385
1.99488
0.372898
0.758351
0.467724
0.149828
0.880349
0.718198
0.501572
0.388367
0.958621
1.29501
1.77654
0.515438
0.62637
0.213343
2.17229
1.19536
1.34003
0.851665
0.66568
1.03174
1.10777
1.91506
1.03343
0.282436
0.460393
0.281747
0.215472
0.396168
0.913827
0.413805
1.53899
0.688603
0.747824
0.220983
1.44421
0.875518
1.2494
0.729028
0.696378
0.724947
1.36829
0.381625
0.480302
1.36522
0.742176
1.50531
1.29338
0.963074
0.657332
1.43293
0.586202
0.993919
0.140716
0.309855
0.439624
0.330468
0.316273
0.591094
0.837611
1.77307
0.534116
1.16137
0.731828
0.864462
2.22138
0.406389
0.409919
0.594829
0.492015
0.739408
0.36788
1.14974
0.485296
0.990667
1.57483
0.862043
2.76527
0.117974
0.699531
0.707702
1.03833
1.17775
0.29997
1.14266
0.89568
0.0950173
0.983995
2.68541
1.17518
0.756268
1.25221
0.434883
0.687333
1.48249
1.09763
0.175169
0.221784
0.478446
0.698898
0.102303
0.569028
0.722831
1.01495
1.11669
1.11557
0.88471
0.416019
0.497145
0.394175
0.394943
1.38774
1.26854
1.22792
0.177248
1.48704
0.787769
0.147198
0.452045
1.19173
0.445902
0.877791
1.33661
2.12517
0.343582
1.55276
1.71609
0.67193
2.5402
1.88613
1.47562
1.38868
0.388034
1.09629
0.704911
0.954154
0.365296
1.06265
1.45536
1.65303
1.05373
0.36226
0.0850807
0.149683
1.0314
0.329866
0.348223
0.911286
0.945476
0.443422
0.706718
0.827157
0.262706
0.0523806
0.755298
0.279128
0.0950552
0.799237
0.369473
0.488279
1.17392
0.835645
1.74666
0.911606
1.78138
1.06986
0.940521
0.655318
0.397325
0.537771
0.589513
0.736937
3.32991
0.664475
0.651434
1.25489
0.753507
0.822036
0.319601
0.353912
0.891586
0.518529
0.791004
0.395755
0.626923
0.604389
1.20568
0.38635
1.11328
1.08777
1.29396
1.51083
0.844773
0.142318
1.27965
0.221315
0.193739
1.09928
1.1113
1.30783
0.809756
0.400503
0.655159
0.986352
0.619265
1.01446
0.712437
0.873168
0.0874696
1.05671
2.46784
0.293593
0.240579
0.23842
1.01115
0.548202
0.649466
0.921926
0.124202
0.777905
0.155903
0.804018
0.971035
0.111379
1.23731
0.95709
1.11726
0.4259
0.901966
0.755054
0.920803
0.506695
1.06004
0.316381
0.342535
0.291641
1.11093
0.129955
0.362962
1.2793
0.292964
0.0775725
0.662503
1.97069
0.332277
0.366958
3.04986
1.78354
0.649074
0.331034
0.448259
0.931594
0.64543
2.77824
1.43681
0.180556
0.555711
0.555362
0.45634
0.179114
1.2161
0.830338
0.685694
0.284105
1.89696
1.16595
0.864221
1.15052
1.53938
0.621599
1.06624
0.563613
1.54048
0.551118
0.717828
1.55051
0.451347
1.67152
0.725054
1.31937
0.488776
0.811752
1.49851
0.435063
0.121663
0.805187
0.516141
1.98276
0.241761
0.4826
0.878028
1.01682
0.364168
0.597481
0.582308
0.190757
0.272208
0.30319
1.99469
0.377859
0.320423
0.123253
2.03177
0.486251
0.931642
0.872901
0.612459
0.84445
1.31059
0.360447
0.635074
0.286063
0.283213
0.636713
0.214951
0.259961
0.346685
0.496414
1.2065
0.699893
1.26335
1.92449
0.317817
0.573979
0.259406
0.524559
0.488373
0.701404
0.0975085
1.08952
0.421081
0.871149
0.594566
0.762779
1.51241
1.19551
1.16769
0.527489
1.67963
1.03041
0.603985
0.953491
0.585934
0.385829
2.67519
0.259219
0.49157
2.17886
0.792761
0.181251
0.295584
0.550801
0.72672
0.51296
0.944029
0.590834
1.7528
0.675981
1.06296
0.288317
2.53098
0.738872
0.896178
1.28891
0.809337
0.392617
0.460583
0.39387
0.618738
0.601539
0.629888
0.907796
1.32975
0.857434
0.201417
0.583979
0.313098
0.968249
0.356472
0.331841
1.6462
0.876713
0.846552
1.5231
0.634607
0.287008
0.815883
0.439495
1.84773
0.722497
0.459745
0.555533
1.87461
0.796239
0.742979
1.3195
0.833685
0.730141
0.425606
0.704433
0.0494693
1.76977
1.04926
1.09128
1.53012
0.847852
0.185656
0.0426981
0.459215
1.14294
0.986526
0.365199
0.674064
0.20347
1.4441
1.14465
0.458892
0.533722
0.896486
0.563815
0.51013
1.20428
3.45756
1.00803
0.483895
1.3791
1.05634
0.310709
1.08082
1.57671
0.713916
1.59118
1.26376
0.0928344
0.243547
0.332058
0.948737
0.626731
0.506299
0.497815
1.08489
1.0191
0.561588
0.684432
0.638946
0.82619
0.950533
0.407754
0.899057
0.727403
1.12547
0.272498
0.604616
1.66023
0.49774
0.0873205
0.775877
0.495296
0.618158
0.625216
2.3487
1.21393
0.875549
0.228543
2.28005
0.660803
0.331303
0.804315
0.75655
1.12617
0.709408
0.466836
0.195848
0.550225
1.30581
1.00676
2.26927
0.718837
0.0678115
0.308144
0.50551
0.480446
1.54708
0.712464
1.03616
0.360674
1.03963
0.885468
0.299446
0.757499
2.04315
1.09348
1.25449
0.703591
1.53452
1.46422
1.62933
0.223071
0.763532
0.877265
0.446254
0.158489
1.41682
2.0974
0.680294
0.138474
0.751257
0.409924
0.553902
0.594454
0.146659
2.84664
0.632798
0.572092
0.287129
0.958466
0.0822674
0.482942
0.370371
0.474084
0.59379
0.206977
0.58436
0.532133
0.134369
1.88775
0.0958996
0.69333
0.384612
0.705209
1.10243
0.118526
0.559799
0.493189
0.978751
0.394773
1.13621
1.32322
0.732926
0.730252
0.631758
0.294462
0.29742
0.428773
0.942058
0.55882
0.875028
0.327742
0.683467
0.571349
1.58715
1.42548
0.804934
1.34939
0.258839
0.576973
0.633048
0.621975
1.7032
0.372285
2.75602
0.832137
0.431736
1.68751
0.713539
1.03925
0.26628
1.44063
0.759319
1.47595
1.44937
2.13885
0.534473
0.594847
0.937782
0.98279
0.908176
0.858362
0.932282
1.82885
2.25507
0.786306
0.750232
0.756367
0.568384
0.126443
0.625543
0.382521
0.983823
0.252014
0.960767
0.303262
0.400515
1.22696
0.850707
0.347618
0.516519
1.01262
0.195701
1.75728
0.271285
1.3198
0.657211
0.797474
0.643456
0.151476
0.317665
0.978465
0.527413
0.198054
0.322469
1.53256
0.268765
1.42808
0.763623
0.263514
0.448504
0.140826
0.824745
0.262804
1.63821
0.108746
0.543399
0.496603
2.2647
1.20196
0.285353
0.330451
0.898532
1.11113
0.945175
0.387662
2.31807
1.07131
0.520004
0.399096
0.759717
1.5768
0.737851
0.668136
0.299483
0.684896
1.33496
2.27254
0.388812
0.968811
0.56392
0.40547
1.05201
0.511797
0.25497
0.205708
0.516892
1.24523
1.14349
2.92343
0.561066
1.29242
0.274919
0.239123
0.587798
1.09354
1.41237
0.599695
1.10693
0.441724
1.16847
0.484449
0.719466
0.395218
0.710371
0.298798
0.534974
1.09121
0.797131
1.66912
0.336542
0.469162
1.44837
1.10915
0.347661
0.385231
2.01117
0.306359
0.198164
0.442067
0.30926
0.903877
1.31251
0.293175
0.63365
0.661686
0.341432
0.913556
1.00424
0.18603
0.25397
0.650417
0.630925
1.46746
0.491451
0.882483
0.63895
0.14804
0.253357
3.00066
1.23896
0.950722
0.47574
0.411302
0.613268
0.743837
2.09233
0.5454
0.500778
0.0971389
0.136108
0.536344
0.941728
1.33914
0.587647
2.07488
0.575697
0.21501
0.272189
0.706471
2.18621
0.451865
0.600597
1.14613
0.497065
0.845337
0.636469
0.641633
0.144314
0.189763
1.04225
0.700019
0.483932
0.680077
0.800678
2.45849
1.24109
1.11389
0.110665
0.953444
0.994379
1.26357
1.42759
1.40085
0.433451
0.567757
0.258567
0.405865
0.980216
0.474058
0.0964799
0.484738
0.862774
0.717349
1.18547
0.851652
1.46668
0.104839
0.774482
1.02496
0.904941
1.25621
1.19745
0.302112
0.512251
0.645335
0.966884
0.879095
0.242893
0.228758
0.127487
0.770899
0.185646
0.843916
1.0369
0.789174
0.555854
0.311957
0.491926
0.41594
0.97746
1.95244
0.571337
1.05489
0.414763
0.360151
0.901888
0.431237
0.344419
0.427801
1.14139
0.229481
0.282807
0.498688
0.647386
0.336965
1.76146
0.437733
0.704454
0.890796
0.29486
1.70068
1.59151
0.16767
0.520948
0.181235
0.888528
0.425448
0.599446
0.390719
0.715587
1.16829
0.316103
0.411219
1.20176
0.792883
0.664402
1.70821
1.15742
0.387312
1.62747
1.1806
0.583127
0.380594
0.35328
0.630616
0.903675
0.225914
1.46894
0.286798
1.21426
0.4714
0.563595
1.56898
0.500346
1.45786
0.687552
0.437737
2.04949
0.591069
0.0966126
0.631069
0.308768
0.913634
1.00239
0.390587
1.60993
1.15595
0.716605
0.337567
0.310832
0.167328
0.720668
0.714867
1.46114
1.51818
0.434129
1.88153
0.897501
0.0685391
0.166712
0.690497
1.07213
0.113268
0.956971
0.333325
0.576134
1.19351
0.569301
0.223476
0.61479
0.891211
0.43717
0.910925
0.828116
1.10509
0.36876
0.389661
0.589849
0.62741
0.466367
0.594355
0.981558
0.599701
1.09342
0.728381
0.829242
1.32794
1.32642
0.438343
0.16845
0.91361
0.527657
0.448822
1.16378
0.789546
0.242005
1.27125
0.918152
0.506836
1.16631
0.454409
0.376834
1.15951
3.72614
0.494306
1.04253
0.331626
0.536405
1.27233
0.499436
1.14537
1.0074
1.35661
0.953954
0.463657
0.385764
0.336633
0.678241
3.22456
0.0650569
2.10018
1.06781
0.634248
0.185606
0.513975
1.59709
1.47825
0.57068
0.516207
0.849921
1.0743
0.510341
0.884888
2.15965
2.68835
0.641685
1.14887
0.236227
0.791383
2.16199
0.666894
0.187095
0.346246
0.654617
2.64136
1.31009
0.17243
0.462038
0.589932
1.35736
0.667226
0.494571
0.872966
0.888354
1.19472
0.943649
0.253839
1.40808
0.495998
1.03145
0.401728
0.14272
0.360644
0.188851
0.0950539
0.341411
0.343264
0.402134
0.181256
0.490907
0.833075
0.880144
0.871296
0.364879
0.520182
0.838766
2.36134
0.684845
0.0985953
0.882957
0.895072
1.03852
0.789473
0.198312
0.200796
0.528625
1.39656
0.738673
1.26545
0.755261
0.269887
0.840267
0.969323
0.739638
0.201478
0.372025
0.589403
1.29063
0.929404
0.601286
2.2701
0.846153
0.619086
0.280339
0.679313
0.947221
0.763422
0.912456
0.244602
0.640578
0.247805
0.622578
0.355518
0.552517
1.06772
0.686054
1.07002
1.53651
0.8103
1.25884
1.35069
0.890733
1.2109
0.530997
2.38017
0.226415
1.1355
0.317003
0.768129
0.582121
1.08897
0.729428
0.841182
0.393829
0.365422
0.220094
0.31676
0.851709
0.461906
1.45065
0.468138
0.505352
1.45524
0.432351
1.14626
0.23209
0.53499
0.396459
1.44549
0.671708
1.37804
1.40061
0.780446
0.874575
1.77505
0.73318
0.749014
0.313505
0.889061
0.235324
0.668243
0.774831
0.276203
1.16403
1.02565
0.389195
0.961097
0.552726
0.226866
0.685797
0.668404
0.718298
1.30297
0.51104
0.559506
0.581528
1.05506
0.714638
0.928132
0.0970777
1.15859
1.5108
1.09166
0.599605
0.513957
0.291837
0.792942
0.8765
0.584498
0.541093
0.96074
0.625718
0.211684
0.421509
0.395612
0.8718
1.2247
0.628199
0.876726
0.757525
1.43754
0.414459
0.996088
1.46093
1.0593
1.06978
0.481145
0.432981
0.537355
1.21847
0.778277
0.220356
0.454576
0.615817
0.235679
0.0749434
0.632097
0.457256
0.573667
0.302254
2.05263
1.00344
0.636051
0.638762
1.05682
0.738479
0.680628
1.05572
0.330656
1.19283
0.405931
0.346765
0.615953
0.58195
0.407962
0.312725
0.198859
0.823399
0.337698
0.491518
3.41389
1.02726
0.483747
0.879524
0.207217
1.27846
0.426149
0.632895
0.301257
0.255755
1.20938
2.63032
0.888663
0.325749
0.175245
0.429076
0.402675
0.2497
0.31161
1.04764
1.54544
0.177208
1.45343
0.50097
0.314774
0.153076
0.372855
0.596971
0.761123
0.820826
0.575368
0.837192
0.293609
0.305216
0.284184
0.646075
1.62187
1.31518
0.748806
0.915213
0.262427
1.04669
0.525591
1.07144
0.497883
1.41692
0.492999
0.824053
0.832045
0.523544
1.81492
1.52827
1.68593
0.322234
0.688779
0.577476
0.163158
1.65161
1.70967
2.04461
0.928895
0.394634
0.784278
0.585027
0.800572
0.665518
0.0632588
0.0593435
0.304381
1.86333
0.705396
0.706637
0.766733
0.286481
0.618602
1.1278
0.126435
0.742723
1.3427
0.0633234
0.332686
0.381419
0.546569
0.053487
0.766258
0.423052
0.290599
1.28961
1.46893
0.7483
0.716446
0.38791
0.204763
1.27987
0.818325
0.223201
0.703181
0.267706
0.568261
1.14124
0.150499
0.686019
0.672699
0.757161
0.653289
0.898167
1.37422
0.804782
1.46707
0.410629
0.307533
0.101012
0.673181
1.69995
1.82844
0.532778
0.322827
0.383873
0.662747
0.403386
0.176493
1.03123
0.49885
0.404804
0.406213
0.51294
0.89524
1.027
0.930987
0.972263
1.27166
1.94592
0.123368
1.74262
0.843385
0.304644
0.472405
1.10088
0.916692
0.548826
0.123329
1.29653
0.710254
1.25867
0.14238
1.51347
0.88554
0.672497
0.727568
0.304885
0.0749853
1.27272
0.586821
0.557316
0.632033
0.366011
0.43314
0.11835
0.615844
0.538751
0.512762
0.669706
1.01447
0.377483
0.41819
1.64243
0.479178
2.36501
1.05203
0.768426
1.94402
0.2654
0.752618
0.930267
0.44311
0.634238
1.1728
1.01995
1.03263
0.608798
0.460706
0.32597
1.35676
1.07171
1.42109
1.50528
0.198443
0.655219
0.575596
0.510878
1.87109
1.72615
2.66569
2.06118
0.328887
0.270654
0.338944
0.599692
0.384996
0.631917
0.666668
1.19338
0.436847
0.29336
0.391204
1.49738
0.878964
0.584065
0.808518
1.01081
0.908556
0.345319
0.694487
1.26329
0.427162
0.334795
0.527314
0.895731
0.665397
0.748174
0.850797
0.8751
1.44895
0.523255
0.392
1.09126
0.670472
0.312049
1.08285
1.10417
0.644894
0.486243
0.149053
0.547801
0.796467
0.574672
0.132503
0.42871
0.262306
0.395025
0.655326
0.290072
1.63689
0.759438
0.539146
2.1894
0.64794
0.658123
0.379542
1.19847
0.250465
1.11457
1.46101
1.05215
0.561188
0.231608
0.276685
1.18568
0.816382
0.227197
0.189188
0.337505
0.744156
1.31069
0.30808
0.362137
0.177691
1.20433
0.397702
2.49578
0.213084
1.21944
0.366613
0.639323
2.40993
1.68168
0.420352
1.34343
0.726539
0.417679
0.503826
1.13972
0.980924
1.34465
3.01751
0.628568
0.632293
0.230881
0.903992
0.81542
1.06641
0.659731
0.558051
0.736157
0.920357
1.33411
0.406978
0.206934
1.67252
0.483432
0.576968
1.39133
0.873208
0.531482
0.963754
0.456236
0.933666
0.586252
2.52396
0.930606
0.432254
0.551219
0.718015
1.09051
1.51574
0.42258
1.6594
1.40546
0.479481
0.809019
0.108688
0.711699
0.501394
0.263781
0.797873
0.819443
0.452917
1.06997
1.6466
0.689783
0.319128
1.3212
0.812941
1.06529
0.668034
1.87082
0.62928
0.803493
0.197307
0.638625
0.260202
0.313111
0.99765
1.15343
0.65389
3.65228
0.3189
0.432765
0.37734
0.753573
0.635286
0.512179
0.81775
0.800871
0.548731
0.547037
0.299824
0.354159
1.21066
1.5146
0.563566
0.747503
0.961647
1.06106
0.870474
0.643254
0.85346
0.814693
0.478209
0.481352
0.559219
1.33451
1.72726
0.203066
0.461638
1.28026
0.111638
0.899673
0.187169
0.798986
0.0354332
0.186097
0.804718
0.525743
0.92613
0.731635
0.268592
0.381591
1.82246
0.956419
0.670792
2.71794
0.756409
0.38098
0.258021
0.46465
0.746139
0.566818
0.397218
1.03848
0.109687
0.982028
1.01073
0.210336
2.33494
0.423929
1.09277
0.741685
0.816169
1.22405
0.321997
0.927488
1.26211
1.08683
0.382107
0.789222
0.900599
0.63346
2.14526
1.21258
2.11074
1.98262
0.196587
0.732955
0.582201
0.388058
0.942486
2.75906
0.31266
0.31567
0.499352
0.55475
0.886846
0.779204
0.560624
0.880249
0.748334
0.521936
0.601892
0.848073
0.147016
0.47752
0.936293
0.333148
0.6953
0.299274
0.583486
0.366481
0.368602
0.237698
0.956003
0.694015
0.811717
1.69668
0.385722
0.333203
2.12171
0.417113
0.720969
0.557946
0.611332
0.74424
1.53026
0.814493
0.758378
2.29074
0.520912
0.317585
0.063544
0.435122
0.349659
0.517853
0.916096
0.834931
0.624716
0.674993
0.191554
0.193467
0.497368
1.06498
0.326129
0.503605
0.765572
0.21005
0.820053
1.28745
0.526222
0.457854
1.7539
0.322723
0.237552
0.948921
1.49122
1.64758
0.671853
0.372066
0.373365
0.882939
0.142318
0.585055
0.174252
0.887889
0.703438
0.622677
1.50488
0.11645
1.5502
1.58409
0.259061
0.239585
1.17285
0.987183
0.936872
1.25054
0.970484
1.60338
0.701162
0.317868
1.10904
0.777986
0.695365
0.735677
0.439506
0.0905989
0.448126
0.574677
0.162568
1.24719
0.665174
0.771676
1.33992
0.462024
0.717616
1.15035
1.13992
0.652132
1.49816
0.915984
0.408082
0.440017
1.34564
0.411292
0.576816
2.46935
0.113992
0.211117
0.240608
1.75663
1.99091
0.550522
0.434462
1.12789
1.0714
2.01041
0.670092
1.73434
1.33193
0.539097
2.32005
1.15908
0.42714
0.484392
0.307791
0.882168
0.470639
0.371224
0.741568
0.488178
0.553249
0.440509
0.183251
0.701249
0.363892
0.704116
0.396566
0.783681
0.359299
0.301027
0.553844
0.516305
1.14831
1.88247
0.902513
0.750077
0.207643
0.285552
1.15236
0.254915
0.277722
1.19587
1.00413
0.0938844
1.19146
0.362583
0.781631
1.63713
0.835791
0.523837
0.620962
0.525586
0.474582
1.15639
1.05057
0.249022
2.1342
1.1558
1.11634
0.856355
0.439785
0.807334
0.867172
0.910236
0.224836
0.215476
1.60594
1.79688
0.573372
0.291071
0.718374
0.955845
1.9591
0.733572
1.54928
0.064957
2.06907
1.21538
0.706842
1.03188
0.333216
0.57422
2.47915
1.59502
1.06761
0.554849
0.12811
0.170544
0.165817
0.167176
0.715916
0.427099
1.68391
0.977333
0.396612
0.936718
1.11152
0.819277
0.469062
0.385818
1.03004
2.09915
1.10881
0.64321
0.40751
1.89609
0.503322
0.930203
0.608882
0.201638
0.689231
0.817283
0.860639
0.775007
0.144856
1.96671
0.715547
1.26022
0.612786
1.67456
0.322327
0.693076
0.772448
2.14133
0.602667
0.925979
0.495764
0.292557
1.1543
0.723277
0.394824
0.598967
3.43301
0.332468
0.22602
1.37715
0.300602
1.41323
1.046
0.689014
1.05385
0.624115
0.500507
0.460838
0.439787
1.24393
1.92161
1.147
0.705613
1.71686
0.320519
0.0763882
0.281475
0.620272
1.52202
1.08259
0.406111
0.318022
0.386187
0.693888
1.37554
0.168857
0.53855
0.79847
0.755029
0.478364
2.46805
0.654086
1.21712
1.67528
0.288606
2.22413
0.349835
1.72003
0.262659
1.73393
0.703652
0.50709
0.99985
1.11531
1.78843
1.84729
0.344787
1.40088
0.717512
0.191345
0.343394
0.305866
0.569653
0.327917
0.584113
0.226014
0.466773
0.110101
0.52505
1.14099
0.204576
2.36777
1.04326
0.965301
0.157146
0.954047
0.821215
0.836532
1.55509
0.230953
1.55602
0.748212
0.51951
0.485905
1.51034
2.31301
0.882877
0.504092
1.02365
0.770608
0.589136
0.0720184
0.413402
1.20751
0.506698
0.788876
2.16512
0.385553
1.8419
1.20277
0.815975
1.13866
3.48351
1.35096
0.470484
0.870912
0.235744
0.901085
1.78076
0.702483
0.469193
0.897212
0.674894
0.412212
0.691626
1.24237
0.178672
0.182134
1.61099
1.93739
0.633407
0.981887
1.1203
0.330664
0.304493
0.529875
0.253701
1.17219
0.672207
0.645143
0.468851
0.284224
1.01278
0.766881
0.467342
1.52454
0.711937
0.708575
1.07708
0.41203
0.27437
1.28947
0.10861
1.96889
0.605026
1.49612
1.44335
2.6362
1.29623
0.833201
0.437233
0.787106
0.177933
0.626726
0.375761
2.23759
0.444419
0.521825
0.616665
0.35972
0.598468
0.636387
1.25758
0.237969
0.410853
0.392089
0.128412
0.125114
1.5814
0.221179
0.406508
0.2218
0.51212
1.01055
1.23582
0.445084
0.596007
0.67071
0.51122
0.213917
1.20987
0.423952
0.248739
1.30229
0.660159
1.23305
0.729589
0.399207
0.749503
0.793785
1.33751
0.787819
0.488205
0.166513
0.623191
0.478133
1.31067
0.252708
0.896805
0.372536
0.129779
0.29793
0.925342
0.581826
0.795333
0.427969
0.762934
0.523597
0.414281
0.578715
1.38181
0.185953
0.854441
0.62309
0.857381
0.321676
0.407142
0.711406
0.828218
0.319592
0.819571
0.821752
0.143175
0.308264
0.263322
1.37878
0.16298
1.09563
0.815322
0.38942
0.342497
0.490097
0.267342
0.350345
1.04756
0.411227
0.695652
0.219352
0.907286
0.449107
0.996427
0.360381
0.567064
1.29931
0.527558
0.891334
0.154033
0.79016
3.55208
0.209708
2.00695
0.407567
0.583561
0.90369
0.707077
1.09545
0.742839
0.791244
0.325194
0.447958
0.40535
1.09849
0.895603
0.243349
0.419317
0.552391
0.172982
0.632608
0.258273
1.64875
0.698963
0.562052
0.980922
0.763218
2.06585
0.352821
1.17399
0.192928
0.329271
0.97178
0.234942
0.165503
0.711014
0.358956
1.35997
0.054963
0.773226
0.12135
1.47064
0.43904
0.223391
1.34959
0.652439
0.545048
0.513526
0.543051
0.718511
1.23456
0.749697
0.884698
1.00972
0.476766
0.162739
0.110947
0.64306
2.62419
0.453842
0.53271
0.335069
0.389006
0.466397
0.491604
0.434487
0.169598
0.224157
0.756907
0.510371
0.903899
0.207208
0.353875
1.22106
0.668679
2.02806
0.40052
1.60555
0.782373
0.386496
0.480192
0.296207
0.0621103
1.04354
1.13224
1.05213
0.232366
0.75019
0.891437
1.06986
0.341375
1.20626
0.333882
0.621055
0.668089
2.61545
0.538913
0.191778
1.07996
0.639699
1.20131
0.864696
0.360254
0.343636
0.572449
0.404635
0.385121
0.340839
0.871957
0.0703267
0.533925
1.80993
2.28852
0.695559
0.0961565
0.42655
0.767643
1.01527
1.40146
0.951758
0.961078
0.550765
1.4394
1.10759
0.536762
0.314473
0.350094
0.167676
0.818003
0.199432
0.334259
2.01672
2.15842
0.515178
0.746894
0.856371
0.783782
0.383526
0.887764
0.429949
0.387626
1.11629
0.462446
0.35856
0.703288
0.350299
1.08848
0.113896
2.61513
0.500538
0.689481
0.399811
0.186528
0.910437
0.255651
0.156106
0.525198
0.597008
0.80752
0.800875
1.7513
0.848393
0.776557
1.84296
1.34192
0.297894
0.155333
0.482901
0.426845
0.696278
1.85438
0.207828
0.461548
0.27006
0.914594
1.53796
0.58393
0.86075
0.942062
1.60961
1.3137
0.122142
0.486313
1.06504
0.864629
0.0638908
0.893065
0.413314
0.663503
0.0702937
0.76686
0.810425
0.499132
0.846679
1.02796
1.51355
1.76005
0.2957
0.847328
0.302705
0.717401
0.132228
0.809476
0.25259
1.0116
0.328904
1.23359
1.547
1.2814
0.380946
1.91218
0.704351
1.13749
0.595184
1.06527
0.429427
0.88978
0.147845
1.03837
2.00506
0.156088
0.180341
0.0438659
0.165905
0.420959
0.465863
0.872854
0.343612
0.718122
0.321538
0.604897
0.646086
0.246469
2.49611
0.385162
0.777708
0.281819
0.434829
0.486658
1.28087
2.1182
0.199381
0.898815
0.565694
0.426647
0.7398
0.175737
0.312097
0.82416
1.11663
1.46612
0.800746
0.34014
0.455248
2.01398
0.459659
0.312794
0.984488
0.482907
0.393359
0.584823
0.521133
0.495879
1.07806
0.70591
1.19639
1.62937
0.238841
0.355559
0.361702
0.508209
0.547681
1.13204
1.0902
1.01425
0.136413
0.656687
1.55747
1.00433
0.729564
0.379752
0.905962
0.953909
0.0883529
0.687975
0.660004
1.38966
0.88125
0.208036
0.14889
0.803928
0.106793
0.736458
0.38335
0.865198
0.71821
0.420313
0.378185
1.42087
0.63711
0.79273
0.594107
0.681617
0.409944
0.710789
1.33338
0.211455
1.77586
0.846636
0.420779
0.122065
0.586933
0.671125
1.05495
1.52252
0.26324
0.865264
0.121339
1.22544
0.98796
0.169067
0.353568
0.293057
1.28109
0.602271
0.201145
0.803073
0.675529
0.755994
1.26525
0.984424
0.478293
1.53767
0.413199
0.290205
1.35552
0.904794
0.688455
1.44059
0.465612
1.20873
0.914609
0.574469
1.09265
0.600538
0.806515
1.58052
0.562448
1.45205
0.661005
0.337361
1.54049
0.904386
0.238245
0.418222
0.484341
0.407088
0.801757
0.989841
0.0720106
0.914011
0.261105
0.0859714
0.084205
0.892493
0.927037
0.294209
0.470952
0.390275
0.704834
0.188915
0.714627
0.920019
1.08814
0.732052
1.28157
0.336632
0.611307
1.1824
0.424551
0.810451
0.24862
1.52072
1.02271
0.92365
0.876387
1.81864
0.814743
1.96154
0.803235
1.03164
0.346137
1.8607
1.06363
1.60015
0.851243
1.45317
1.11547
0.369636
1.12741
0.152131
0.825301
1.2972
1.34774
0.867378
0.593693
0.845228
0.538112
0.251423
0.473205
0.0818267
0.643895
1.71487
0.813825
0.240832
0.0859137
1.14554
0.6843
0.581646
0.234816
0.217708
0.21031
0.501755
1.07043
0.948975
1.51943
1.39181
1.33116
0.977542
0.341398
1.92873
0.119071
0.293302
1.08356
0.90451
0.345623
0.0888041
0.605419
0.431564
1.35833
0.457715
1.28734
1.96418
1.57041
1.43459
0.352398
1.06315
0.620516
0.240514
0.33557
0.988115
0.905619
0.36333
2.61252
0.641716
0.494554
0.24462
0.214693
0.591244
0.261266
0.739619
1.64265
0.422031
0.323171
0.777068
0.151728
0.991638
0.736427
1.07455
0.695273
0.569318
0.335167
0.192008
0.581113
1.06581
0.580335
0.733108
0.504868
0.450375
0.0946562
0.819674
0.155146
0.953255
0.56809
0.502201
0.877031
1.3348
0.580777
0.538231
0.616463
0.882086
0.773835
0.407974
0.917033
0.717926
0.489971
0.240295
1.03748
0.206944
0.347312
0.862919
0.055104
0.464003
0.503027
1.36332
0.657699
2.09669
0.356871
1.23302
0.593622
0.300733
0.112365
0.764276
0.266215
0.0599762
1.0771
0.223308
1.09691
0.705027
0.606204
2.98853
0.355235
1.05348
0.528692
0.12252
0.957221
1.35484
0.250288
0.377509
0.291555
1.41845
1.09917
1.1555
0.668501
0.436975
0.728142
0.674836
1.01073
1.05122
0.155787
0.911748
0.240459
0.706184
0.906784
0.715065
1.02775
1.39232
0.180635
0.615245
0.311334
1.02705
0.719344
0.355906
0.603403
1.57236
1.44158
0.168651
0.42967
0.805284
0.678619
1.18812
0.313558
0.482698
1.33145
0.367088
0.191004
1.59896
0.586442
0.0595043
1.08919
0.412985
1.04541
1.09885
0.260161
0.430285
0.935808
1.11401
0.726057
0.513772
0.266033
0.228534
0.640597
0.14166
1.45454
0.420646
1.66016
0.814406
0.333273
1.082
0.352115
1.74901
1.0452
0.553066
0.265692
0.454458
2.34623
0.700173
0.253253
1.75775
0.804599
0.748532
0.433649
0.237842
0.642791
0.704854
0.826948
2.02847
1.26411
0.246407
0.403028
1.50376
0.269165
0.341141
0.775905
0.805311
0.77284
0.9954
0.798236
0.931503
1.26388
0.732474
0.641358
0.408531
0.823077
0.459257
1.14105
0.374064
0.943675
1.59494
0.327533
0.236118
0.679399
0.27071
0.566642
0.255459
0.390313
0.212024
0.973466
2.37361
0.351028
2.36184
0.333077
0.89991
0.482334
0.522403
1.13331
0.653075
0.389038
1.45324
1.44343
0.141381
0.835072
0.134452
0.721407
0.496818
0.344943
1.48855
0.729008
0.345682
1.51779
0.360029
0.633478
0.667484
1.83376
0.833489
0.580087
0.377046
1.15968
1.15784
0.240293
1.20618
3.15651
0.558054
1.37167
0.852114
0.438771
1.01197
0.827488
0.663581
1.37193
0.587693
0.0277969
0.24013
0.78866
1.30738
0.28088
0.311637
1.26412
1.63976
1.28984
0.174785
0.974758
0.689018
0.678062
0.636263
1.52055
0.99092
0.889871
0.972374
1.84
1.64166
1.3211
1.39849
1.12606
0.713325
0.370525
0.914475
1.0107
0.572023
0.526968
0.955868
0.443839
0.186921
0.584038
0.572306
0.391866
0.867976
2.23129
2.32329
1.46739
0.460163
1.03931
0.547705
0.514546
0.238098
0.689787
0.83394
0.517803
1.23298
0.656402
1.55881
1.68043
0.281095
1.9771
1.03261
1.6585
0.490731
0.409932
0.320736
1.41568
0.870327
0.966574
2.07561
0.26741
0.392895
0.646113
0.901123
0.673806
0.333882
0.552778
0.116003
0.573345
0.69868
0.422632
0.210855
1.4151
1.05015
0.699638
0.197385
0.456346
0.347884
0.667391
0.803323
1.67513
0.474259
0.387577
0.582878
1.14521
0.445282
0.418243
0.319835
1.21452
0.866338
0.357687
0.99776
0.571124
1.1993
0.223775
1.53588
0.176158
0.208427
0.499373
0.168991
1.99738
0.218576
0.345197
0.348411
0.231794
0.405908
0.500575
0.684783
0.423809
0.270804
0.47524
0.737176
0.395801
0.884923
0.586567
1.84736
0.182666
1.2424
1.60231
0.992876
0.301768
0.0673393
0.629916
0.23101
1.44453
0.749748
0.142439
0.390371
0.827708
0.460265
0.471505
0.178538
0.393333
3.24053
0.440157
0.275219
1.12391
1.26389
0.992621
0.709784
0.659584
0.150839
0.600452
0.0973475
1.12738
0.36635
0.841487
2.7747
1.33036
0.727426
0.421226
0.341043
1.24531
0.641758
0.593763
1.04804
2.37403
1.96004
1.53571
0.679197
0.953764
2.2992
0.378039
2.99018
1.49027
1.59079
0.513135
1.36608
1.51124
0.346991
0.391471
1.40867
0.550199
1.08781
0.420469
0.0979168
0.123207
0.196124
0.611892
0.976137
0.962635
1.18848
0.823472
0.122405
0.228227
1.842
0.419775
0.769707
0.369242
0.856697
1.9304
0.690586
0.30224
0.463615
0.138628
1.67417
0.27069
0.112219
0.541719
0.763157
1.97527
0.444305
0.5917
0.491675
1.04282
0.659803
0.904463
0.249989
0.786143
0.185576
0.607924
0.589996
0.712746
0.595
0.261373
1.05978
1.03135
0.552187
0.321433
2.31368
0.147089
0.0677276
1.37886
0.76923
0.475462
0.450679
0.924673
0.50983
1.0471
0.315197
0.379458
1.00146
0.479619
0.197337
0.362193
0.605269
0.0981326
0.516016
1.23675
0.724916
0.702951
0.586625
0.862065
0.457367
0.227446
0.401592
0.131306
0.295922
1.15468
1.07919
0.773204
0.356511
2.36638
1.01566
0.308117
0.343068
0.176453
1.1039
0.191728
1.20378
0.58548
0.29886
0.815096
1.25084
0.467361
0.843613
0.420543
1.04275
0.643687
1.47673
0.9596
0.914766
0.509122
0.275239
1.48732
1.20468
1.12039
0.291204
0.611169
0.30656
1.6534
0.345436
0.324958
0.237365
1.11583
0.349976
1.22061
0.220628
1.50406
0.229642
1.04661
0.574868
0.683191
1.07971
1.66549
0.268247
0.290088
1.57424
0.503942
0.979437
0.608876
1.02294
0.504411
0.521964
0.294002
1.30465
0.697765
0.273061
0.483388
1.07595
0.0890271
0.408483
0.867622
0.291675
0.658002
0.540478
1.90257
0.602594
0.227444
1.11565
0.563301
0.836623
0.736355
2.3755
0.736874
1.62523
0.343389
1.08319
0.422144
0.685094
0.388729
0.34421
0.339003
0.580787
1.18425
0.597493
0.853573
1.71098
0.506959
0.0758839
0.389407
1.13135
1.74819
1.29091
0.120625
1.37209
0.564932
2.92636
0.159985
0.33808
0.536066
0.408365
0.552389
0.246536
0.906853
0.885923
0.435482
0.874743
0.469944
1.19531
3.13471
0.531701
1.22471
0.382943
0.700359
0.356938
0.284134
0.496866
0.151972
0.44509
0.456272
0.793052
0.176959
0.645148
0.087974
0.769702
1.82135
0.137477
0.205634
1.82116
1.50301
1.04519
0.372872
0.177447
0.23257
1.51697
0.363817
0.758759
1.05977
0.753449
0.292986
1.22143
0.602452
0.610573
0.826388
0.406816
0.81504
0.221058
0.868299
0.298633
0.762679
1.17489
1.16391
0.490713
1.22922
0.444408
0.677931
1.34818
0.149343
0.403528
0.414528
0.333654
0.137389
0.539014
0.36682
0.126304
0.360334
0.44472
0.715238
0.706034
0.747042
1.79897
0.944859
0.443829
0.844902
0.943178
0.727603
0.583715
1.2318
1.44684
0.873984
0.839067
1.1784
0.854271
1.09865
0.717863
1.67596
1.1046
0.681434
0.902582
1.1329
0.839009
0.316182
0.224709
1.33576
1.1175
0.582938
0.152016
0.850279
0.0505336
0.623675
0.491398
0.371241
1.53307
2.46761
1.25811
1.65995
0.886453
0.75494
2.60651
0.332479
1.00637
0.298104
0.162553
0.493109
0.134986
1.01952
1.78929
0.501891
1.14501
0.712339
0.665461
0.117406
0.787277
0.39068
0.575747
0.961723
0.462147
1.62725
0.804543
0.342843
0.478076
0.741674
0.428229
0.431305
0.830712
0.188757
0.411892
0.369598
0.498769
1.06615
1.48532
0.846173
0.541677
1.02844
0.404181
0.720505
1.33602
0.99972
0.485301
1.5867
0.406747
0.970835
1.08068
0.904111
0.271652
0.762283
0.80535
0.801725
0.468134
0.440997
0.270276
1.33014
0.785773
1.05172
0.444417
0.9227
0.519431
1.61489
0.494664
0.39607
0.249435
0.760997
2.4524
0.942699
0.512187
0.236828
0.30739
0.781918
2.04003
0.664428
1.17963
0.254378
0.846631
0.577315
1.14711
0.140055
1.51583
1.12596
0.216776
0.887714
0.48406
0.245416
1.65584
0.25975
1.1112
1.65302
0.235267
1.68566
0.827562
0.744041
0.305536
1.25309
1.6942
0.693271
0.45231
0.301018
1.39354
0.543785
1.15967
0.957191
0.199663
1.3403
0.769036
1.30827
2.39352
0.130422
0.226869
0.424187
1.04259
1.03723
0.676056
1.18166
0.0570901
0.733882
0.32149
0.284044
0.137542
1.16216
0.277642
0.0767794
1.53489
0.439656
0.751757
1.19711
1.13832
1.65849
1.79786
0.484415
1.25285
0.352783
0.484553
0.856868
0.0417971
0.373686
0.930338
0.982765
0.988184
1.41686
0.194184
0.928289
1.57363
0.23975
0.987587
0.523374
0.538255
0.142168
0.483936
1.14449
0.161836
1.0126
2.51504
0.417539
1.44081
0.70022
0.58357
0.527926
2.39306
1.35767
1.22309
0.172306
0.494752
0.215785
2.46796
1.41745
0.306989
0.509208
0.453924
1.43839
2.36936
0.936671
2.3067
0.599157
1.58596
0.282725
1.40429
1.12708
0.893341
0.132361
1.50973
0.208964
1.28757
1.12187
0.729273
0.342563
0.182135
1.00421
0.742673
0.369892
0.22786
0.574178
2.13662
0.597482
0.405839
0.154751
0.904435
0.780975
1.9563
0.815565
0.934367
0.229401
1.08346
0.545094
0.932249
0.419077
0.292951
0.910396
0.157233
0.825197
0.334056
0.506067
1.42081
0.345138
0.513901
0.544732
0.559271
0.545695
0.300342
0.689904
0.965816
0.658344
1.23446
1.52277
0.225118
0.215082
0.307998
0.441666
0.952706
0.98332
0.143488
1.05968
0.354535
0.786126
0.336491
0.220305
0.693957
0.989864
0.59718
0.328277
0.201002
0.82837
0.179313
0.952845
0.801773
0.883918
0.252356
0.269226
0.152964
0.604332
0.714113
0.679843
1.23306
0.740383
2.67489
0.718395
1.49437
0.705763
0.65768
0.556028
1.21116
0.845169
0.460608
0.705811
0.175363
3.63869
0.520987
1.52062
0.776747
0.226357
0.548265
0.949186
0.840901
1.35979
0.590226
1.29233
0.883993
0.816692
0.05683
0.423706
0.25524
0.618337
0.501851
1.11791
1.04522
0.681968
2.25657
1.12991
0.924676
0.953025
0.516334
0.334328
1.3456
0.277663
0.918104
2.19043
0.581744
0.300404
0.442556
1.40387
0.694718
0.188726
1.59684
0.351236
0.488343
0.15035
1.84151
0.168661
1.42251
0.84978
0.8929
0.22311
0.185072
0.699732
0.28054
0.846286
1.36448
0.113821
1.21758
0.20297
2.38874
4.51675
1.33517
1.04073
1.02523
1.73874
1.61359
1.36302
1.2145
0.174308
0.783152
1.22553
0.191011
0.575282
0.680519
1.50713
1.03241
1.51537
0.590535
1.25448
0.643232
0.877527
0.637666
0.571787
0.336793
0.956815
0.579798
0.726247
0.276759
0.96303
1.21804
0.854657
0.390923
0.427532
0.733389
1.08736
0.722656
2.59554
1.55323
0.335615
1.25591
0.542957
0.574158
1.38089
0.203047
0.70147
1.5734
1.06881
0.280404
0.736472
0.695796
0.288644
1.39843
1.54218
1.43831
0.20008
1.48926
1.55627
0.702605
0.733491
1.32688
0.440863
0.675628
0.5947
1.00206
1.19053
0.28876
0.562904
1.88979
2.07817
0.856807
0.703227
0.878501
1.03983
0.628129
0.891789
0.163653
0.0800595
0.415802
1.36134
0.421716
0.549775
0.363542
0.271507
0.763456
1.06403
0.896782
0.435413
0.555804
0.922821
1.28766
0.690391
0.315944
0.384227
0.693458
0.61182
0.42151
0.129961
1.02294
0.588701
0.265797
0.928093
0.486082
1.40242
0.809421
0.330996
0.760495
0.640791
0.335211
0.345991
0.368628
0.417634
0.995752
2.64898
1.56585
0.706405
1.64696
0.99678
0.579188
0.28027
1.23679
0.102307
0.194153
1.27834
0.693513
1.66992
0.374878
2.14672
0.102499
0.3305
0.135197
0.273919
0.283415
0.217234
0.767091
0.36148
0.854547
0.734784
0.719201
0.817597
1.40438
0.99112
1.16205
0.475396
0.0316303
0.524565
0.134263
0.781538
1.58789
1.24884
1.47662
0.403532
0.763692
0.0725638
0.721153
1.87383
0.487549
1.484
0.282352
0.817871
0.0803355
0.215072
0.719208
1.06188
0.436604
0.133551
0.157934
1.7084
1.17806
0.36654
0.800031
0.841803
2.98043
0.702565
1.3117
1.24057
0.427944
0.597776
0.940248
0.871926
0.600649
0.913407
0.663022
2.34089
0.706231
0.939806
0.392599
0.610651
0.692787
0.424683
0.451891
1.49923
0.275543
0.371575
1.16893
0.634729
0.563065
0.574679
1.10112
0.339723
0.416786
1.20093
0.134765
0.579376
1.03948
0.75762
0.345549
0.865113
0.332891
1.06885
0.342974
1.39829
0.974667
1.3059
0.700332
0.680992
2.63957
0.894668
0.742923
1.03274
0.770351
0.851043
1.22835
0.569081
0.449773
0.330924
0.534773
2.12017
1.06551
1.01735
1.28594
1.00325
1.44331
0.236805
0.982016
0.726054
0.489519
0.390152
0.213125
0.344388
0.424234
0.534474
0.979904
0.253601
1.11075
1.40508
0.519204
1.51916
0.0797694
0.427328
0.488511
0.669371
0.649443
0.806727
0.887251
0.746813
0.40669
3.28629
0.628242
0.336916
0.36395
0.231569
0.381202
1.57235
0.377377
1.05384
0.826158
1.21675
0.529792
0.983681
1.84832
0.924274
0.729614
0.619512
0.512
1.12753
0.950809
0.777817
1.50449
0.827461
0.75465
1.12519
1.2749
0.283896
1.09058
1.97674
0.284054
2.35148
0.933698
0.676141
1.05449
0.337646
1.01203
0.901731
0.476547
0.37231
0.300486
1.29083
0.774345
0.432809
1.73653
0.805576
0.813651
0.779156
0.356053
0.488975
0.598123
1.45222
1.64303
1.21473
0.941924
0.937588
0.769677
1.20725
1.0309
1.37157
1.54641
0.324165
0.183243
0.26428
0.415911
0.894657
0.454506
1.00656
0.566411
1.76864
0.255253
0.393785
0.318651
1.45698
1.62782
0.951475
0.920581
0.818716
0.495052
0.418414
0.350165
0.396034
1.32305
0.613011
0.88327
0.6775
0.363071
0.197066
1.09526
0.999821
0.209132
0.418047
2.54056
2.00226
0.772886
0.703483
0.583079
0.37367
0.464069
0.833958
0.16972
0.0691956
0.68993
0.157178
0.782282
0.989923
0.302255
1.21925
1.74847
0.743398
0.357191
0.363344
0.178248
0.579815
0.296045
1.306
0.331955
0.527424
0.693988
0.0975837
0.37261
0.90251
0.280707
0.082068
1.73417
0.248226
0.524767
0.600744
0.611294
0.763912
1.6909
1.11721
1.38204
0.578913
0.218023
0.988637
0.406749
0.913324
0.204824
0.473458
0.703049
0.21453
0.098079
0.469679
0.681989
0.163735
1.07302
0.22961
0.7778
0.119168
1.18992
1.73897
0.984091
0.317428
0.31892
0.364834
0.214943
0.719633
1.74708
0.841679
1.54818
0.532174
0.614035
0.568552
1.56077
0.369412
0.584969
0.426902
1.24081
3.07364
0.17218
0.773327
0.580728
0.520867
0.549682
0.294237
1.14909
0.65759
0.697038
1.73329
1.40452
0.769962
0.696925
1.47143
2.46244
0.782486
0.229505
2.2453
1.30397
0.242876
0.24487
0.737428
1.66297
1.37372
0.512332
0.754199
0.490513
0.540185
0.735518
0.948422
0.744836
0.285092
0.695121
0.770058
0.285176
0.562805
0.764216
0.619843
1.09744
0.217064
0.319735
0.357099
0.693862
0.7456
0.687455
0.658574
0.479164
0.86143
0.35715
2.0808
0.524779
0.536108
0.461617
1.8627
0.304156
1.83754
0.319785
0.515339
2.12192
0.792115
1.01181
0.507235
0.165044
1.58433
0.766483
0.589416
0.298462
0.336299
1.06392
0.276036
1.86713
1.06668
2.05144
1.8988
0.674811
0.578072
0.448711
1.01214
0.441393
0.378335
1.18551
0.244661
1.14481
1.06675
1.7164
0.361802
0.969118
0.382175
0.31681
0.668837
0.322113
2.40406
0.537104
0.413593
0.621166
0.636607
0.132245
0.216926
0.329549
0.164639
0.846553
1.09835
1.22999
0.594806
0.333583
0.546805
1.93415
3.01775
0.524098
0.468946
0.853755
0.940296
0.735425
0.763835
2.11702
0.590658
0.621708
0.545246
0.68518
1.40453
0.981176
0.183008
1.27144
1.17112
1.42854
0.149741
1.44906
1.30075
0.205262
0.388948
0.162975
0.964857
0.678853
1.27429
1.34871
0.265951
0.553026
0.29631
1.07108
0.404466
0.128373
0.800695
0.889641
0.7634
0.675071
0.370422
0.67843
1.18201
1.45365
1.85672
0.749252
0.597117
1.78293
0.570359
0.960065
0.995385
1.07462
0.397231
0.824097
0.107971
0.476391
1.08757
0.100852
0.407533
1.02254
0.643114
0.901957
0.745226
0.822256
0.343176
0.244129
0.601602
2.00648
0.756529
0.688208
0.412008
0.979989
0.359644
1.66398
0.640228
0.731981
0.749133
0.303491
0.431306
0.180614
0.450171
0.843451
0.511808
0.315281
0.857598
0.97543
0.54406
0.643795
0.274678
0.141215
0.234635
0.125476
1.06814
0.380661
0.950823
1.38887
0.552161
0.864076
0.106805
0.701935
0.476607
0.943416
0.111393
0.277947
0.04578
0.703827
0.642217
0.830657
1.39854
1.504
0.657645
0.614444
0.12634
0.529681
0.199188
0.213278
0.36266
0.47974
0.215519
0.68509
0.494659
0.775206
3.15993
0.502241
0.517177
1.48612
1.13905
0.927302
1.31984
0.766353
0.836457
0.861193
0.899518
0.596362
1.19923
0.448715
1.70839
0.709749
1.90786
0.0950704
2.44761
1.61045
2.58404
1.37993
1.06725
0.342141
0.852827
0.941351
0.5278
0.613513
0.749649
0.325679
0.8461
0.170585
0.694854
1.77813
0.328298
0.355982
0.166182
0.189184
0.085438
0.851947
0.686866
0.604903
0.712949
0.282354
0.947953
0.404557
0.793684
0.472898
0.580375
0.313038
0.575146
0.436761
1.70171
0.81199
0.845028
0.736588
1.16983
1.66076
0.605554
0.223832
0.443512
0.264189
1.26189
0.381472
0.82302
1.13594
1.02189
0.133954
0.330904
0.951747
0.142067
0.715942
0.871398
0.239188
1.23123
0.496268
0.236066
0.240547
1.60919
0.674006
1.22166
1.04884
0.253214
0.937019
0.872478
0.475982
0.431342
0.750507
0.158752
0.0278646
0.216115
2.31948
0.806839
0.786837
0.303849
0.833651
0.681341
1.27459
0.879712
0.391908
0.89736
0.595174
0.41875
2.4195
0.519967
0.302971
1.30979
0.69366
0.546972
0.968642
0.980133
1.4622
0.532807
1.01062
0.792953
0.0712517
0.375871
0.402358
0.418809
0.556584
0.361805
0.815053
0.975263
0.499712
0.78525
1.45006
0.546084
0.502906
0.18226
0.613002
1.7689
0.296458
0.930671
0.213639
0.320347
0.411894
0.357252
0.255589
1.92556
0.998808
0.732897
0.613097
1.00858
2.17854
0.998578
0.884807
0.54307
0.821579
0.439364
0.535237
1.19829
0.334764
0.406224
0.0535904
0.240713
0.536675
1.15941
0.312753
0.451743
1.71995
0.762449
1.26403
1.54089
0.400352
0.512731
1.01689
1.31403
0.722903
0.900995
0.94584
0.126544
0.565213
0.898075
0.546826
1.60579
0.294866
0.344293
0.974604
0.798987
0.364862
0.376524
0.446639
0.96431
0.59919
0.263438
0.626703
0.43358
1.70154
0.203041
1.19089
2.01143
0.639057
2.23975
0.255107
0.131119
0.574533
2.3017
1.2467
1.61413
1.25542
0.15376
1.64215
0.442379
1.29352
0.573433
0.755835
0.308247
1.06835
0.625818
0.420536
0.569055
0.64953
0.930111
0.133458
0.845609
1.38005
0.565511
1.37259
0.822192
1.94694
1.85292
1.42056
1.8382
0.967782
0.770161
0.352198
0.53068
0.808947
1.52365
2.23493
0.195038
0.382533
0.443486
0.156287
0.95437
0.170725
0.68228
1.74932
1.12914
0.481476
1.27645
1.0649
0.410739
0.61831
0.825087
0.328721
0.439811
0.174371
0.368389
0.904971
1.8625
0.499884
1.04157
0.121547
1.24785
0.585906
1.24218
0.113232
1.61172
0.218647
0.385546
1.52154
1.55798
0.436936
1.17293
0.520799
0.739764
1.25772
0.80418
1.01854
1.64493
0.410573
0.242529
0.839407
1.34672
0.0932963
1.40211
1.43275
0.86613
0.397689
1.84405
0.785645
0.57902
0.633344
2.10199
0.785189
0.552556
0.189313
0.663374
0.0913151
0.592999
0.668537
0.440318
0.50101
2.42057
0.675255
1.11018
1.24763
0.48344
1.71593
0.237734
0.827053
2.22972
0.270785
1.75527
0.365042
0.451867
1.61182
0.326708
0.227075
0.130732
0.743932
0.832853
0.280043
0.471659
0.681417
0.563124
0.826555
0.295123
0.877516
0.371201
0.280541
0.47324
0.607686
0.154969
0.65697
0.446575
0.190742
0.552088
1.45888
0.294529
0.485277
0.840677
1.09914
0.984185
0.698588
0.490068
1.43706
0.921068
0.501684
0.389499
0.457731
0.891539
1.00091
0.206857
0.275021
0.680353
0.348548
0.382562
0.982414
0.222672
1.03853
0.582321
1.33647
0.920197
0.139688
0.425367
0.895267
0.913084
0.258937
0.289558
0.524621
0.343532
0.508975
0.226485
1.87831
0.296044
0.337933
0.619938
0.299458
0.450451
0.524796
0.513948
0.503709
0.389687
0.0806482
1.45578
1.70091
0.701377
1.62453
0.171515
1.41101
0.539259
0.939855
1.62939
1.01123
0.26405
0.573555
0.352421
0.521241
1.61169
0.443997
0.202775
0.0934036
0.796348
0.301437
0.332512
0.690702
1.15534
1.02826
0.969394
0.16664
0.761452
1.12188
1.04638
0.664744
0.638915
1.14768
0.776064
0.305872
0.364303
0.97537
0.855492
0.173
0.758326
0.156538
0.38694
0.239264
1.90431
0.27571
0.409663
1.33973
0.375556
0.779528
0.664622
0.977591
0.4456
0.372659
0.375087
0.0809606
0.311208
0.670284
1.87232
1.07312
0.367751
0.875644
1.21954
0.316238
2.00924
0.400375
1.51584
0.334243
0.892318
1.8093
1.5657
0.852965
0.47086
1.40521
0.166472
0.330889
0.402346
0.94697
0.209295
0.321441
0.181735
0.490054
0.614478
2.06153
0.487828
0.301164
0.483252
0.217026
0.665028
0.118055
0.92555
0.870405
0.165462
1.007
1.82563
1.08773
0.846678
0.18396
1.14779
0.101683
0.293395
0.568266
0.969271
0.516728
0.338358
0.494091
1.14007
1.09097
0.55417
0.87589
0.519369
0.649433
0.43985
0.522455
0.582715
0.679764
0.761978
1.47357
0.156474
0.353531
0.65783
0.475837
0.339637
0.818872
2.12508
0.374936
0.695249
0.109854
0.804597
0.744186
1.12286
2.09062
0.986993
0.521058
0.114345
0.80559
0.556505
0.278218
0.467062
1.53126
0.372334
0.112127
0.95577
0.732761
1.36781
0.627607
0.0951601
1.19035
0.697571
0.432911
0.762215
0.164473
0.48583
0.348455
0.298222
0.563777
1.46731
1.51084
0.629698
0.620643
0.766279
0.893351
0.998606
0.0940199
1.29244
0.823026
0.477914
0.95262
0.0653056
0.156594
0.582335
0.627709
0.926379
0.379667
0.222128
0.985721
0.440212
0.0699658
0.322938
0.722228
0.467503
1.13411
1.79499
0.361346
0.993961
0.473646
0.596562
0.758396
0.694784
0.874163
0.579428
1.12597
0.628808
1.09529
0.394931
0.155177
0.226143
0.250162
1.22992
1.09749
0.444734
0.720414
0.256446
1.00573
0.170397
0.579261
1.14528
0.75773
0.403592
0.677875
1.20861
0.392777
0.468936
1.02932
1.01741
0.795507
0.367242
0.929405
0.392408
2.38933
0.241321
0.220804
1.69944
0.487295
0.636744
0.852356
0.262197
0.404989
0.39465
1.12959
1.53381
0.919831
2.21752
0.861328
0.610173
0.20647
0.11445
0.95395
2.9676
1.0313
0.527743
1.66727
0.880074
0.469892
1.12296
0.217964
0.490585
0.343491
3.04469
0.909227
0.562327
0.417071
0.587653
0.52783
0.236202
1.01582
0.137353
0.364164
0.332903
0.369938
0.870978
0.661618
0.380283
0.865223
0.455803
0.0621938
0.818166
0.529905
0.334814
1.39411
1.26737
0.491045
1.37589
1.37539
0.551661
0.143689
1.55917
1.6035
0.579076
0.681348
1.88474
0.725207
0.273467
1.53628
0.440017
0.35095
1.18103
0.724322
0.825884
1.16106
0.356289
0.331761
0.81611
0.752024
0.234037
1.04002
0.893816
0.661391
0.207975
0.316672
0.534151
0.741003
1.14873
0.315603
0.33148
0.838581
1.36155
0.54077
0.249239
0.295425
0.918375
1.14151
0.431998
0.283398
1.24316
0.976531
0.992212
0.594461
0.214794
0.0933168
1.98726
0.439714
0.70609
0.270915
0.770986
0.702252
0.248122
1.36874
0.602555
0.920916
0.489949
0.288697
0.0790486
0.245229
0.818332
0.771366
0.465329
1.06281
0.719712
1.03528
0.440032
0.33801
1.40729
0.436448
0.87744
0.846048
0.508987
0.415731
0.261344
1.5709
0.67019
0.591458
0.80813
1.30236
0.570616
0.957939
2.73283
1.10041
1.42961
0.989846
0.897585
0.747562
0.318218
1.13818
1.83969
1.30517
0.638413
0.494708
0.74173
1.51007
0.158036
0.525234
0.949256
0.278651
0.114513
0.563413
1.15647
0.40636
0.179105
0.154955
0.662716
0.362026
1.70631
0.231657
1.58941
0.288925
0.467489
0.342492
0.788775
0.944016
0.313225
0.807531
0.77947
0.52602
0.733462
0.812281
0.63236
0.247342
1.21568
1.34901
0.320564
0.569577
1.97166
1.12164
1.17824
2.08602
0.122358
0.342652
0.188289
0.511788
0.471099
0.851849
1.80599
0.203008
0.842167
0.164526
0.303869
0.486968
0.801567
0.712232
1.19274
0.641167
4.75945
0.329121
0.343208
0.454404
0.145813
0.294597
0.568888
0.137301
1.36458
1.57103
0.979149
0.405737
0.973522
0.721798
0.580288
0.146838
0.0876389
1.34263
0.732977
0.478334
0.451741
0.529739
0.646011
0.205463
0.524737
0.7931
0.594364
0.794167
0.0655284
0.372932
1.24702
0.50557
0.567188
0.327204
0.341464
0.83481
0.878168
1.02343
1.23199
0.804442
0.399833
0.424334
1.30974
0.474306
0.507964
0.974123
0.29441
0.463826
1.61551
1.80302
1.64552
0.682596
1.45714
0.0540617
0.506369
0.616461
0.439879
1.70691
0.697141
0.109868
0.608615
0.471743
0.989098
0.759386
0.604458
0.998833
0.420922
0.55448
1.23759
1.1446
0.517029
0.519092
0.328278
0.631457
1.09092
0.522355
0.28625
2.23084
0.528777
1.15512
1.60416
0.84831
1.32502
0.661541
3.33678
0.972169
0.348648
0.831445
0.746143
0.719749
0.0759153
0.706776
1.14276
0.742242
1.14717
0.569818
1.53844
1.26876
0.375098
1.32113
0.389683
1.61303
0.68075
0.921932
0.191104
0.307731
0.509386
1.27103
0.893508
0.619523
0.92782
0.641689
1.10031
0.573553
1.23077
1.73407
1.28275
0.369069
0.233679
1.00904
0.876945
1.31592
1.33799
0.536262
0.259569
1.37249
1.08423
1.12937
1.11415
1.41686
0.123749
0.294546
0.784252
1.63074
0.239454
0.983914
0.893889
1.09892
0.495762
0.823286
0.874527
0.58466
0.679079
0.755231
0.28906
1.29951
0.101802
1.06125
0.996812
0.909479
0.128572
0.767219
0.157537
0.824756
0.51389
0.565553
0.834164
0.57731
0.226428
0.871892
0.183053
0.490364
0.201507
1.05803
0.850857
0.475869
0.539951
1.645
0.445927
0.414106
0.612831
0.738675
1.04259
0.664463
2.22301
0.518005
0.799177
1.7963
0.294713
0.416146
0.302707
1.90023
0.153424
0.781989
0.639381
1.45222
0.536179
0.208634
0.275972
0.769734
0.754397
1.97382
1.60736
0.295816
0.225573
0.5468
0.740347
0.48071
0.438147
0.581486
0.827531
0.593848
0.205109
0.872121
0.689169
0.699354
0.685333
0.496745
1.3889
0.572432
0.500656
0.463048
0.220087
1.00804
0.724035
0.897188
1.14613
0.390521
0.563236
1.62061
0.334521
0.613535
1.2134
0.592518
0.913296
0.333477
0.686401
1.47917
1.09519
0.47736
0.440983
0.222014
0.203271
0.142101
2.16457
1.21955
0.190334
0.737126
0.603876
1.14237
0.420403
0.311824
1.05594
0.0890106
0.594472
0.419029
0.619298
1.34705
0.750986
0.288172
0.28857
1.05375
0.445016
1.11865
0.458362
0.249727
0.529973
0.977223
0.179292
0.398262
0.720372
0.30941
0.846158
0.917132
0.771222
1.03214
0.469161
0.520398
0.769362
0.271167
0.873004
0.849999
0.940836
1.15835
1.52694
0.894663
0.898359
0.213574
0.945697
1.207
0.0311309
0.932963
0.670964
1.01524
0.281014
1.75185
2.66988
0.520406
0.618151
0.601709
1.08494
0.181865
0.081511
0.4915
0.566367
1.19501
0.846412
0.0474817
1.29254
0.81923
0.511304
0.121574
0.40437
0.052804
0.405903
0.733981
0.623567
0.664521
2.71385
0.454741
0.541349
0.463127
1.49738
0.26377
0.508796
0.668604
1.23533
0.561563
0.187995
0.938496
0.639681
0.554325
0.604596
0.403744
0.911467
0.763912
1.00997
0.267598
0.229092
0.071584
0.147022
0.791515
1.22179
1.51457
0.488106
0.745576
0.23434
1.24262
0.365943
1.09995
0.733345
0.955641
0.312516
0.736326
0.336347
0.629185
0.790278
0.812148
0.910659
1.19522
0.0701129
0.547508
1.17756
1.22784
0.575442
0.325644
1.296
0.367374
0.646944
0.354369
0.493854
1.34214
0.465308
0.177138
0.851265
0.529862
1.21442
0.419075
1.64064
0.659443
1.00718
0.488831
0.433268
1.33465
1.86233
0.812601
0.39604
0.884136
1.70039
0.285257
0.692605
0.749416
2.89765
1.2183
0.818841
1.79813
0.868047
0.543189
1.53249
0.807923
0.404634
0.741859
0.760551
0.722813
0.805773
0.757513
0.270854
1.25595
1.60564
0.989039
0.77765
1.29733
0.672213
0.429396
1.43686
0.413224
0.569246
1.7518
0.697992
0.769016
0.946678
0.240685
1.19451
0.69096
0.375286
0.626779
0.653384
0.712013
1.57818
0.603635
0.851108
0.879575
0.433046
0.547959
0.378476
0.872271
0.889437
0.609761
0.867219
0.313823
0.799407
0.868244
0.643244
0.191638
0.369127
1.17824
0.66124
0.79482
1.37852
0.303342
1.42649
0.384971
1.12776
0.479237
0.180129
0.510243
1.6515
1.87458
0.487344
1.80832
1.52195
0.475676
0.325122
0.675961
0.818266
0.699152
0.254846
1.02434
0.26317
0.497528
0.417847
1.46654
0.235697
0.881829
1.53213
1.27746
0.22576
1.49379
0.127721
0.237246
0.435409
0.782768
1.07222
1.9442
0.740338
0.242659
0.247139
0.283511
1.19716
0.592547
1.34426
0.671941
0.149363
0.68545
0.890959
0.95371
1.32555
0.452696
0.158086
2.35517
0.0961958
0.958752
0.943854
0.184601
1.16967
0.478031
1.04979
0.670602
1.13751
0.153636
0.807092
1.02657
0.719621
0.419537
0.906262
0.634287
0.311542
0.342023
1.46153
0.880023
1.00655
0.9584
1.10142
0.257891
0.795485
1.0941
0.348659
0.56652
0.172067
1.26268
0.572383
0.859431
1.03426
0.223808
1.08381
0.877704
1.49575
0.399077
1.81452
0.913469
1.16318
0.652856
0.224977
0.391129
0.968171
0.250275
0.142758
0.342571
1.42339
0.360103
1.26378
0.985025
1.18977
1.23093
0.656326
0.0248117
0.138689
0.9578
0.53166
0.645304
0.648028
0.135548
0.360938
0.512479
2.16946
0.188886
0.926629
0.478587
0.602824
1.49973
0.593526
0.758198
1.01217
0.763748
0.482389
0.0935814
0.162065
0.204431
0.77738
0.829806
0.861091
0.273008
0.799306
0.227507
0.513766
0.179059
1.98613
0.680675
0.401764
0.435246
1.26925
1.23741
0.627345
0.0511013
0.129977
0.646749
0.977509
0.993484
0.0222514
0.777489
0.259748
1.12703
0.223281
0.48992
0.885537
0.2767
0.383142
0.869555
2.23518
0.467906
0.415302
0.758753
0.410445
1.35697
0.866698
1.15198
1.69849
1.22348
1.2645
4.14816
0.277645
0.18122
0.612422
0.206633
0.534868
0.645848
0.201697
1.20913
0.844747
0.792154
1.44447
1.4889
2.50549
2.47543
0.558178
0.252971
0.380918
1.10331
0.69392
0.630033
2.84696
0.352415
1.06628
0.223658
0.348715
0.794349
0.382815
1.11778
2.50548
0.736622
0.699614
0.683906
0.889017
0.420557
2.66388
0.534681
1.59439
1.40175
0.290756
0.94481
0.07313
2.51327
0.75121
0.367827
1.39943
0.879705
0.388172
0.629158
0.381576
1.07636
1.46464
0.15231
0.72819
0.124538
2.93914
1.17052
0.914421
0.172054
0.0795852
1.42055
0.660713
0.72384
0.111538
1.24064
0.22703
0.724902
1.7082
1.23057
0.990256
2.25216
0.977316
0.0797221
0.356126
0.811082
1.73803
0.603787
0.868393
1.10141
1.16315
0.286747
1.60196
0.985104
1.08161
1.20213
0.842032
0.525442
2.44604
0.697654
0.349198
0.273272
0.533391
0.556451
1.35109
0.3138
1.40268
0.407199
0.646487
1.49078
1.23962
0.875327
1.14664
0.328789
0.196695
0.766288
0.429458
0.386859
1.79176
0.469362
0.174548
1.83232
0.128051
2.24751
0.847851
0.867367
0.594064
0.73878
0.344671
0.863452
0.734537
0.569394
0.540587
1.0884
0.228028
0.287347
0.520997
0.549007
1.90683
0.585279
0.614528
1.00515
2.10349
0.318011
0.722451
0.713167
0.901683
2.27175
0.365672
0.49243
1.67803
1.14438
0.321513
0.742703
1.63124
0.408121
0.505505
1.22167
1.10567
0.757032
0.675618
1.39907
2.06085
0.435472
1.69337
0.654577
0.297039
1.06117
1.64911
0.741791
1.5503
0.484651
2.11397
0.642701
0.585184
1.34076
0.28176
2.00099
0.558994
1.62851
0.608274
0.323005
1.08978
1.59286
0.492076
0.208593
2.36981
0.404744
0.244065
1.30065
1.08101
0.710919
0.532741
0.231772
1.82209
0.952639
0.620406
0.814417
0.927699
0.540566
0.64369
0.57195
0.9169
0.750141
1.71983
1.60207
0.31504
0.798644
1.34327
0.446249
0.478157
0.663214
1.65601
0.990141
2.21297
1.01227
0.805457
1.58528
0.408093
0.85277
0.630002
0.354852
1.29766
0.971178
0.54516
0.349303
1.12059
0.589628
1.61436
1.47458
0.347035
0.09928
0.522107
0.650447
0.896317
1.31793
0.519936
0.387695
1.06026
0.3972
0.592264
1.89282
0.210624
0.120944
1.57486
1.00986
0.468744
0.494005
1.78503
1.36698
0.515874
0.94725
1.17895
0.508775
0.263007
2.15187
0.746717
0.871249
1.11532
1.74184
0.49945
1.16007
0.292806
0.764165
0.70628
1.8205
0.700218
1.22408
0.142475
0.960503
0.53828
1.03862
0.937857
0.816673
0.023535
0.937777
0.923751
0.812755
0.724321
0.629414
0.752387
0.598412
0.417205
0.562402
0.721055
0.411415
0.823097
0.562563
0.272771
1.00962
0.884657
0.240816
0.588271
0.425847
0.912506
1.91019
0.445797
0.77646
0.173325
0.298108
0.384832
0.876429
0.821668
0.850684
1.4863
0.836918
0.597675
0.0940728
0.540283
0.90617
0.634334
0.800673
1.39819
0.429332
1.20833
0.67363
0.964465
0.777289
0.832455
0.960616
0.830207
0.0789261
0.625536
0.226178
0.993087
0.267223
0.95675
1.03475
0.641953
0.803278
0.234466
1.43275
0.577746
0.454553
0.708736
1.42408
0.286881
0.133925
0.297534
0.331592
0.878166
0.381545
1.03077
1.78444
0.2519
0.371898
0.697925
1.1393
0.741037
0.812601
0.14608
0.56288
1.14705
1.10832
1.51587
0.620089
0.532874
0.200726
0.125415
0.386631
1.19331
0.116933
0.818481
0.657944
0.453976
0.210679
0.681288
0.130149
0.70015
0.696445
0.363152
0.244023
0.16786
1.32118
1.0526
1.83775
1.33527
0.530789
0.90931
0.406085
0.511514
0.290899
0.389768
0.464878
0.341269
0.234795
0.296231
0.269023
1.57665
0.354725
1.80599
0.289808
0.333021
0.742967
0.434252
0.53088
1.09285
0.751388
0.675165
0.458578
0.0623649
0.424095
0.883861
0.49864
0.709986
1.45651
0.155617
1.5914
0.775565
0.728982
0.323394
1.97447
2.5255
0.480647
1.7782
1.24555
0.0893474
0.426196
0.286333
0.747245
0.413668
0.481151
0.592029
0.861085
1.72441
0.834491
1.59569
1.03539
1.82145
0.971949
0.315936
0.371791
0.299056
1.10206
0.490785
1.36283
0.585256
0.0540402
0.383878
0.995706
0.908708
0.96195
0.780986
0.849175
0.952826
0.894316
0.832797
2.08881
0.506898
0.293217
0.232314
0.358579
1.00408
0.617915
0.740838
1.04043
0.759185
1.03065
1.06194
0.927911
0.415326
0.682709
0.270737
0.547722
0.713013
0.132455
0.382214
0.517075
0.287479
0.356972
1.05101
0.889602
0.517909
0.615485
0.0857559
0.968762
0.499646
0.478902
0.840314
0.170135
0.562728
0.273463
0.0651096
0.523885
0.597218
1.43926
0.760997
0.288281
1.15888
0.920999
0.844782
1.45723
0.787135
0.67925
0.365508
1.11403
0.741412
0.431807
1.26175
0.835755
0.551498
0.35468
0.778191
0.491008
0.125308
1.81128
0.108826
0.594382
2.63358
0.366113
1.12276
1.58345
0.346203
0.428488
0.216382
1.36097
0.322631
2.53267
0.68693
0.790536
1.23848
0.841813
0.839442
0.664368
1.22915
1.10906
0.823233
0.344697
0.778261
2.00768
0.205985
0.27417
0.624909
0.830267
0.552119
0.730585
0.827477
0.698599
1.24912
0.349855
0.719311
0.214088
0.443409
0.793072
1.00347
0.77185
0.54309
0.545979
0.580099
0.887196
0.4574
0.657506
0.712807
2.71578
0.813854
0.648737
0.725277
0.500369
0.58802
0.863783
0.934715
1.14526
1.14918
1.12733
0.585989
0.627834
0.546714
0.311849
0.145705
0.848267
1.70959
0.0965053
0.452158
1.08705
0.350158
0.165908
1.2533
0.255227
1.25468
0.698205
0.57034
0.491003
0.578422
1.81065
0.51398
0.911866
0.558126
1.54196
0.684965
0.478946
1.31479
0.710334
0.78119
0.979124
1.0627
0.608079
0.608541
1.35372
1.45468
0.27784
0.208927
1.08105
2.35691
0.968405
0.589147
1.26418
0.960818
0.953994
0.904665
1.64481
0.898184
0.427982
0.898157
0.554119
1.34036
0.695779
0.375491
0.076833
0.682832
0.428836
1.83407
0.820832
0.243059
1.78611
0.197362
0.33
0.945539
1.26923
0.557176
0.471546
1.12408
0.780249
0.289522
0.358193
1.90789
0.734678
0.826015
0.727826
1.40266
0.295326
0.54824
0.557071
0.526572
1.02574
0.98356
0.164435
0.741093
0.575465
2.08619
0.97396
0.338915
1.72654
0.336189
0.110895
0.259992
0.582421
1.99724
0.708736
0.289363
1.71265
1.92211
0.697018
0.203346
0.0956928
0.47766
0.356933
0.449541
0.711031
0.501637
1.56842
0.37825
3.59837
0.120311
0.09629
0.43339
0.624718
0.199161
0.726605
0.986212
1.46013
0.724477
0.629662
0.568117
0.111515
0.934619
1.69746
0.348113
1.16101
0.506045
1.10376
0.815547
0.97809
0.939907
0.464368
0.808181
1.04302
0.652728
0.736234
0.923501
0.316909
0.963095
0.439045
0.398116
0.256755
0.661198
0.593634
0.671034
0.817941
0.461824
0.919795
0.721602
1.54142
0.266832
0.299649
0.833567
1.12229
0.999087
0.343466
0.281152
0.111364
0.532606
0.97736
0.37481
0.106619
0.502171
2.0025
0.346256
0.50478
0.306933
0.254057
0.25445
0.269432
0.441315
0.239543
0.581295
0.781097
0.639854
0.996967
0.971555
0.642627
0.724407
1.0695
0.520718
2.35392
1.18097
1.47103
0.687657
0.569786
1.43852
0.753359
0.382542
0.694192
0.872008
0.619955
1.16611
1.02773
0.386678
0.224367
0.209454
0.872562
0.626034
1.009
1.95037
0.344783
0.420363
0.289153
0.740847
0.320215
1.16578
0.959866
0.560635
0.230764
0.513974
0.777219
0.0388522
0.573367
0.705658
0.291379
0.347461
0.85844
1.60326
0.716698
1.37057
0.312188
1.43138
1.32056
0.603974
0.851389
0.333826
0.465522
0.768545
2.79337
0.653459
1.19715
0.596642
0.750815
0.232268
0.660977
0.188452
0.302533
1.35679
0.833162
0.694796
1.24568
0.522401
0.505754
0.824443
1.39348
0.751731
3.01029
1.10412
0.51751
0.748577
1.83591
0.657694
1.33929
0.682016
0.385975
0.358859
0.583712
0.53654
0.802464
0.561403
0.165016
1.23983
0.480518
0.0973415
3.59579
0.901654
0.402403
0.695526
0.375275
0.69616
0.424697
0.541706
0.214677
0.141554
1.67843
1.14798
0.669936
0.958066
0.888271
0.630789
0.26215
0.325056
0.621434
0.822896
0.43179
0.408597
0.218872
0.545408
0.864875
1.1098
0.207515
0.135911
0.552481
1.2034
0.438018
0.664091
0.373758
0.318008
1.38648
0.263293
0.827815
0.121646
0.559212
0.148696
0.448423
0.649435
0.309057
0.236639
0.996862
0.46627
2.57477
0.369901
0.911541
0.39669
1.54114
0.577072
0.399063
0.159577
1.53005
0.344675
0.658401
0.82303
0.461026
0.332172
0.649512
0.115448
0.275436
1.14796
0.576752
0.2402
1.1967
0.755214
0.539557
0.58688
0.59932
0.205172
0.403975
0.308066
1.31375
0.506223
0.724694
0.856048
0.879863
0.22193
0.176271
0.573474
0.44583
1.21785
0.46926
1.20669
0.469239
0.521223
1.62294
0.0621059
1.09862
0.852617
1.11758
0.260302
2.20712
0.930169
0.74203
0.837875
0.941467
1.28181
0.527544
1.02521
0.34693
1.76266
0.229727
0.296943
0.39214
0.338057
0.0325102
0.953227
0.772491
1.55511
1.98852
0.0459524
0.450094
0.805392
0.367644
0.213774
1.30936
0.713511
0.151117
0.81193
2.53387
0.481597
0.40602
1.40165
2.28375
0.171388
1.18215
0.377577
1.3005
0.92543
1.14471
0.748693
0.332891
1.10491
0.743606
1.62182
1.52613
0.19699
0.261632
0.567673
0.244541
0.98276
0.904918
0.205359
0.490841
0.343194
0.510981
0.322414
0.678986
0.162803
0.200455
0.143334
0.375071
1.30007
1.37392
1.06111
1.02051
0.613277
0.641069
2.19033
0.448193
0.275063
0.24341
0.09038
0.817749
0.423633
0.840004
0.854252
0.966982
1.57045
0.0460328
1.93928
0.30111
1.27398
1.34942
0.286782
0.799209
1.99301
2.7213
0.75789
0.388929
0.966758
1.04403
0.316357
0.931313
0.260547
0.213101
0.512742
0.594566
0.189156
0.421727
0.369584
0.552278
0.210683
0.518287
1.11797
0.931264
0.890806
1.14011
0.664434
0.209499
1.33478
0.83843
1.08193
1.24884
0.499582
1.07861
1.3672
0.714771
0.941893
0.0779528
1.60727
0.131269
0.419955
0.417265
0.575587
0.916149
0.529062
0.709393
0.376019
0.593709
2.00613
1.45751
1.39724
0.12693
0.427711
0.83777
0.958819
0.955909
0.290083
0.752388
0.611805
0.50995
1.45541
0.578367
0.0911768
0.181174
0.86188
