2.03391
0.792975
0.848687
1.50665
1.09898
0.0488081
1.94418
0.655363
1.48743
1.30034
1.63577
0.753706
1.60501
1.74539
0.197098
0.653804
0.942398
0.410353
0.42405
1.34473
0.491195
1.24006
1.36364
1.674
0.758649
0.80366
0.537957
0.83972
0.458255
1.86925
0.757837
0.71322
0.900087
1.12407
0.866764
1.58651
0.513561
1.78776
0.259758
0.843029
1.51114
0.624193
1.33125
1.13403
0.757922
0.780992
0.939849
0.252846
2.38835
0.764584
1.00203
0.95475
0.232998
0.953536
0.407344
0.792112
0.436277
1.11751
2.25839
0.726757
1.01032
0.713544
0.704453
1.21903
0.349494
1.56895
3.11319
1.28132
0.778742
0.902532
1.67956
0.858267
0.860059
0.574792
1.04032
2.15274
0.861725
0.909876
0.790679
2.15534
0.959371
1.26657
0.764733
0.138053
0.454826
0.57371
1.49726
0.222537
0.355593
1.37344
1.67744
0.867725
0.717156
1.05443
1.25288
0.863579
0.442327
1.0054
1.21694
0.608889
0.312659
0.33242
1.29068
1.00988
0.871492
2.04585
0.722577
0.92987
1.39868
0.73089
0.518672
0.955884
0.819691
1.02822
0.593041
1.17474
1.83742
0.118968
1.51062
1.08757
1.01908
0.275529
0.944086
1.55438
0.151722
0.486107
1.60552
1.08396
0.705356
1.43541
0.219717
1.22268
1.0677
0.787454
1.18003
0.833418
0.841229
0.717203
0.840342
1.07737
1.2023
1.38526
2.243
0.989517
0.49801
1.65691
0.530669
1.14446
0.58138
0.556451
2.30249
1.28061
0.888482
2.04795
0.631632
0.729983
0.884802
0.961857
0.272892
0.901652
0.9717
0.762847
1.70832
3.03353
0.906831
0.462637
0.937036
0.938
1.51089
0.726469
1.00412
0.610506
1.25003
0.831163
1.65311
0.330788
0.297774
0.0658511
1.52115
1.69169
0.805031
1.00883
0.823677
1.53703
0.596561
0.610714
1.59101
2.34788
1.06846
0.650733
1.09315
0.669092
1.28391
1.47869
0.767828
1.0424
0.8226
0.762148
0.465601
0.333835
0.882917
1.24355
0.163686
0.504151
0.855358
1.07412
1.03463
1.20586
1.28928
0.787804
0.892154
0.387305
0.98319
1.47242
0.33798
1.4189
0.98683
0.825269
0.834321
0.792421
0.88458
0.553457
0.823368
3.09306
0.862222
0.891099
0.803939
1.98523
1.00491
1.0956
2.01558
1.58982
0.685085
1.63433
0.897344
1.82389
1.4881
2.06175
0.798824
1.41221
0.284923
0.945461
0.440515
1.15562
0.487305
1.10854
0.419471
0.687413
1.17638
0.677912
1.00067
2.69081
0.908613
0.787499
1.14578
0.745205
1.53483
1.24592
1.0077
0.556517
0.879325
0.908355
0.908929
2.74776
0.500772
0.588598
0.170111
0.588725
0.824591
1.16927
0.604689
1.18273
1.39265
0.457712
0.658683
1.50834
1.11377
0.38457
1.63035
0.981245
0.57054
0.139544
0.680565
1.98989
1.0953
1.24336
1.05972
0.715897
0.521406
0.659996
0.144342
1.8634
0.653984
0.0546663
1.03634
0.434634
0.64153
0.457909
0.860595
1.07433
1.56549
0.807529
1.11535
1.048
0.916447
1.12207
2.08926
0.27469
1.97535
1.59688
1.0756
2.09104
1.08726
0.859048
0.988767
2.65627
0.790315
1.09539
0.98543
0.859926
0.594543
1.5961
0.766149
0.650735
1.19452
0.788044
1.20895
0.963997
0.953392
0.726204
0.905797
1.15553
1.22918
0.800101
0.790556
2.67616
1.03915
0.554892
0.883262
0.510578
0.461216
0.732557
1.08676
0.361771
0.803015
2.18196
0.49037
0.556821
0.965954
0.631203
1.04855
1.78448
1.32134
1.35976
0.802716
0.937368
0.64274
1.19225
0.865382
0.156555
0.796772
1.49577
0.511137
0.894394
1.69174
0.402504
0.708556
0.462818
0.74728
0.686054
1.42149
2.15973
0.906579
0.296283
0.698213
1.11876
0.712284
1.06191
0.632388
1.11736
0.562777
1.25617
1.56166
1.10213
1.13242
1.18814
0.500312
1.59153
0.721277
1.36081
0.485808
0.333304
1.80536
1.73574
1.88235
1.21289
0.96663
0.751401
1.19818
0.512439
0.728305
0.647412
1.27994
0.962809
0.0818502
0.896011
1.20052
0.780156
0.835894
1.17295
1.0127
0.745029
1.61158
2.12772
1.33094
0.504738
0.145373
1.44533
1.69013
0.480316
1.20481
1.08725
0.423901
0.773835
0.639146
0.992827
0.832063
0.803031
0.515739
1.37276
0.504586
0.886837
2.17321
1.04376
0.746112
0.614083
0.847715
0.84446
0.464648
0.702699
0.485986
0.737229
0.888948
0.866174
0.600941
1.21863
0.853409
0.95849
0.710405
0.637665
2.11724
0.265742
1.83775
1.09069
0.582115
1.36441
0.551338
0.19672
0.854368
0.852437
0.566296
0.911217
1.23213
0.439047
1.69334
0.520362
0.593053
0.617506
1.88428
0.767732
0.935617
0.906875
0.38924
0.902142
0.852374
0.679886
1.02631
0.782949
0.720014
1.02156
1.22106
1.15079
0.478171
1.33602
0.853074
1.09375
0.710454
0.666685
0.465081
1.11251
0.620184
0.906192
1.83341
0.844792
0.203517
1.00047
1.12287
1.15355
0.67427
0.963883
0.658282
0.938303
0.397296
0.190542
1.0979
1.32154
0.651452
1.07036
0.906343
0.997116
1.01565
0.985126
0.882931
0.861088
0.751813
0.499688
1.76371
1.13092
1.43347
0.815433
0.742087
0.67006
1.00762
1.13912
0.695078
0.805258
1.28289
0.51211
0.544871
1.22316
0.606585
0.405616
0.362041
0.576202
1.73795
1.55901
1.29241
1.12453
1.60311
0.909415
1.78312
1.46007
1.53281
0.42878
0.994068
1.12717
0.975372
1.03116
1.24429
1.15852
0.84964
0.978478
0.363349
1.07561
0.630217
0.538769
1.3953
1.55662
0.376119
0.921992
0.857003
1.25262
0.721383
0.954424
0.56575
0.6139
0.82256
1.14853
1.20259
1.24523
0.169593
1.13483
0.96893
1.59885
0.699214
0.835075
0.864203
0.601442
1.60855
0.902612
1.46531
0.516743
0.723677
0.654137
0.529085
1.18365
3.62707
1.10348
2.03972
0.655354
0.794927
0.759362
1.27314
0.525881
0.0592632
1.27778
1.24127
0.591864
0.894643
1.50701
1.07258
0.672285
0.645759
1.01652
1.98356
1.41869
0.864699
0.76698
0.846431
0.62406
2.17646
0.442791
1.07032
0.48471
1.32558
0.683851
1.65502
1.2013
0.0844895
0.437748
1.03621
0.920088
0.511568
0.563056
1.70797
0.501924
0.840424
1.69649
0.971841
0.388721
0.865785
0.49853
1.88471
1.17498
1.52026
1.80729
0.749874
0.576741
1.04395
0.704365
0.692047
1.10035
1.87103
1.07967
0.950601
0.617712
0.418528
0.824012
2.17856
0.165678
0.488067
0.791247
1.14176
0.737319
0.703944
1.74221
0.603018
1.00645
0.381181
1.03221
0.510321
0.775735
1.05462
0.894595
1.23692
0.677073
0.757019
1.62271
1.57517
2.13005
0.828638
1.31025
0.908202
0.498679
0.638461
1.11183
0.574341
1.30461
1.31748
1.28734
1.38775
0.48017
1.4289
1.34091
0.201074
0.847479
0.999644
0.579462
0.909843
0.52236
1.19918
0.431385
0.668415
1.87479
1.62252
1.41574
0.879624
0.792531
0.578626
1.13544
0.747952
1.38866
0.905574
0.185785
1.11884
0.737662
2.82636
0.76216
0.607481
1.16366
1.65076
0.472659
1.10391
0.880727
1.15769
0.591766
1.68298
1.67526
0.519064
2.18791
0.137497
0.621275
1.30642
1.08423
1.27429
0.294316
1.00174
0.386334
2.30734
1.04711
0.583042
1.31104
1.82709
0.551431
0.876236
0.557412
0.588256
0.719618
0.92497
1.25673
0.639054
1.11972
0.622717
0.685679
0.563332
0.504682
0.784569
1.12167
0.745527
0.864525
2.26512
1.85443
1.23023
0.489755
0.908098
1.92237
1.59431
1.40945
0.70143
1.7695
0.0788545
0.860791
1.43774
0.644665
0.797713
0.763337
0.875176
1.4523
0.612534
0.752029
0.692497
1.40446
1.73021
0.51026
1.16898
0.56157
0.511231
1.14626
1.47254
2.30652
0.901765
1.83222
0.734031
1.30689
0.58079
0.723541
0.69939
1.16708
0.971929
1.0425
1.40414
0.654025
1.23416
0.820405
0.973494
0.541886
0.369594
0.863858
1.39315
0.996893
0.464975
1.79032
1.06541
1.032
0.91539
0.918646
0.853654
1.02842
1.50645
1.44107
0.96698
0.815323
0.750229
0.801767
1.18413
0.164863
0.642003
1.15237
0.446813
0.237325
0.148978
1.18032
1.73961
0.2231
0.896411
0.435297
1.02588
0.911446
0.831808
1.1568
1.7339
1.47359
1.73239
0.536557
0.469979
0.625932
1.58765
1.29836
0.277841
2.27245
0.307722
0.925315
1.83747
0.686952
1.99362
0.976508
1.25604
1.3472
0.72433
1.41748
1.62169
2.51332
1.58594
2.81098
1.33833
0.895791
0.9766
0.754206
0.982396
0.70098
1.22829
0.657988
0.729004
1.7519
1.73979
0.506003
1.7247
0.847815
1.56018
0.777947
0.868143
0.762672
0.930582
1.25214
0.892065
0.876422
1.21248
0.733609
1.51718
2.92452
0.544687
0.986906
1.22214
0.78229
1.2752
0.632394
1.03233
0.997266
3.06675
0.648258
0.435352
0.722759
0.673545
0.880034
1.11644
0.911963
1.06778
1.3262
0.963649
1.50754
1.56139
0.305317
1.43081
1.30076
0.739962
0.692176
0.673708
1.43741
1.252
0.698353
0.671265
1.11325
1.46313
1.27382
1.50292
0.417132
0.249566
0.651318
0.895123
1.01959
0.814265
1.56545
1.46499
1.31592
1.82467
0.475847
1.04346
0.719815
0.595751
1.32479
0.757024
0.703936
0.906278
1.2089
1.18516
0.618671
0.81255
0.679003
1.03656
0.913858
0.545167
1.42015
1.27902
0.670193
0.851353
1.11297
0.839503
0.727997
2.13021
1.4542
0.542794
1.38799
0.977266
1.36124
0.343787
1.20425
0.53085
0.638087
0.163203
0.629651
0.875385
0.196276
0.505807
0.347899
0.746569
1.40409
1.08436
0.702842
1.07475
1.39691
0.771257
1.21298
1.50955
1.65397
1.38275
1.0032
0.5814
0.488921
1.84415
0.850601
0.877101
0.801924
0.890375
0.865304
0.239541
0.806559
0.193452
1.0258
0.231726
0.925821
1.48584
0.796635
1.40875
1.39913
1.18112
0.903236
1.35868
0.892688
1.00657
0.888068
0.645936
0.571179
1.02602
1.56943
0.539297
1.54706
0.706958
1.22096
0.71229
2.22243
1.33583
0.30394
0.983801
1.17517
0.487818
0.929964
1.79984
0.790127
1.57641
1.00914
1.08515
1.36423
0.679031
2.28587
0.558588
1.48749
0.358507
0.971279
0.990776
1.49926
1.5049
1.01229
0.753374
0.607735
1.58463
0.208431
2.86026
0.287156
0.400496
0.276487
0.604797
0.454859
0.906633
0.609724
1.23627
0.575327
1.15516
0.218254
0.236407
1.40442
1.29986
1.22976
0.543809
1.13936
0.238475
0.63451
1.40277
0.799611
1.3444
0.996151
0.49605
0.820662
0.78978
0.909155
1.41326
0.133312
1.05696
0.88516
0.689979
0.262228
1.01585
0.953123
0.747065
1.09899
0.8849
0.922687
1.35859
1.48814
0.74842
1.37774
0.353738
1.43128
0.768681
2.40615
1.25736
0.843951
0.460627
0.760535
1.8117
0.720423
2.21204
0.769153
0.759073
1.74546
0.972663
1.00488
1.76809
1.59166
0.902092
2.25203
1.03406
1.32704
1.25393
0.802729
1.48803
0.881124
0.801265
1.57338
1.12918
0.894598
0.829289
0.906037
0.774736
0.509551
0.359191
0.145372
0.490789
0.926878
0.325642
1.253
1.26593
0.449748
1.25641
2.75894
1.21926
0.638928
0.587387
0.902981
0.699846
0.808203
0.439518
0.986768
0.814455
1.9606
0.681738
1.00889
0.666337
0.806859
1.1608
0.621496
0.604015
1.24665
0.183081
1.00366
0.655039
0.95419
1.33133
0.914873
0.346592
1.54948
1.17948
1.24604
1.16212
2.72469
0.404925
1.79346
1.00246
1.07392
0.921682
0.244512
0.340678
2.68204
1.36563
1.40969
1.12229
1.37923
0.882163
0.432643
0.735374
1.38827
0.753537
0.872394
1.09309
0.454902
1.10177
1.56598
0.514244
0.686251
0.772313
1.3435
0.144035
0.781722
0.312736
1.00116
1.22622
1.92473
0.738166
0.769764
0.683485
0.609036
0.659846
1.03768
1.14183
1.69832
0.948407
1.11214
1.87598
0.436568
0.386591
1.63014
1.90955
0.74918
0.372377
0.756231
1.20904
0.365616
0.783833
0.541523
0.54714
1.18311
0.722253
0.868279
1.06387
0.664626
0.302765
2.36541
1.00316
0.617475
1.42525
0.936864
0.991737
0.906605
0.662322
1.10894
0.38267
0.782966
0.570356
0.783083
0.949216
0.79393
1.1157
0.283352
1.06889
0.704816
1.12187
0.310566
1.06717
0.980664
0.752733
1.63579
2.56321
1.76012
0.885458
1.14075
0.396847
0.768177
0.745466
0.920343
0.65899
1.55555
0.868606
0.940918
1.56679
1.62295
0.273458
0.568902
0.873064
0.867909
1.46173
0.770803
0.889745
0.308729
0.605592
0.614232
0.914444
2.36517
0.971674
1.12527
0.799916
0.479463
0.570115
0.90115
0.687967
1.39368
1.18254
0.616719
0.447983
1.1263
2.44307
0.850504
1.29435
0.803651
0.748567
0.642419
0.702004
1.1816
1.54788
1.34002
1.79928
0.130101
0.716529
0.766979
0.658338
1.10729
1.03721
0.42243
1.23434
0.861873
0.560143
0.368526
1.84255
1.18825
0.453558
0.399264
0.709337
1.15017
0.770893
0.825464
0.534555
0.616639
0.477969
1.95435
1.8454
0.765314
0.158276
0.744695
0.808936
0.759857
0.309273
1.77513
0.80683
0.634059
0.765645
0.655755
0.908184
0.747589
0.842663
1.91675
0.713659
0.814451
0.775916
1.21802
0.667497
1.35004
0.636198
1.47754
1.15089
1.9478
0.773713
0.372425
1.06971
0.593496
0.0595916
0.760141
1.20024
0.189969
0.422221
0.632091
1.89898
1.22097
2.39494
0.651499
0.650532
2.06904
0.793917
1.31675
0.570498
1.07229
1.24881
0.906223
0.453918
0.805535
1.56105
1.33411
1.31678
0.5943
0.462318
0.775615
0.560232
1.22427
2.26047
1.49721
0.76565
1.31226
0.809424
1.59439
1.18074
0.133321
0.478144
0.155344
0.780283
1.37703
0.987566
0.754141
0.793735
1.25778
0.684141
0.803778
0.822284
1.19706
0.663353
1.0916
1.29854
0.938026
0.728486
1.75707
1.09723
1.31972
0.312413
1.61291
0.895832
0.68905
1.11922
0.503448
0.932675
0.885049
0.0601053
1.02147
0.0801988
1.61989
0.769762
0.829309
0.827123
1.02581
0.552345
0.329237
0.501517
0.541357
0.646167
0.716622
2.0392
0.898691
0.903543
0.930154
0.828752
1.46117
1.01785
1.0086
0.97816
0.476225
0.620737
0.677939
0.693615
2.27726
0.495042
1.50177
1.12288
0.804737
1.03307
1.42383
0.525099
0.993721
0.680547
1.7328
0.733657
0.815295
0.924737
1.82989
0.624942
1.64638
0.919239
0.74092
3.04605
0.934267
0.551676
0.688624
0.674407
2.02248
0.0447565
1.11154
1.17886
0.710597
0.74292
0.50497
0.891278
0.476972
0.444241
1.28743
0.597199
0.598038
0.38905
1.76396
1.24513
1.00483
0.551933
2.30775
1.93061
0.446828
0.883846
1.31931
0.574875
1.27722
3.1725
0.824507
1.1526
1.32133
0.391377
0.944694
0.235165
0.879153
0.804898
1.93375
1.01045
0.995858
0.752564
1.79589
1.4619
1.29008
1.75664
1.31242
1.1417
1.25008
1.14595
0.725035
0.51666
0.979914
0.673482
1.43161
1.04204
0.278511
0.570499
1.15558
1.31951
0.771064
0.791872
0.956797
0.905033
0.42903
0.891052
1.51471
1.64873
1.68711
0.688674
2.11987
0.346159
1.07986
1.01391
0.875693
1.54492
0.840945
1.01693
0.286101
0.714317
2.02406
0.613063
2.4389
0.935371
0.603291
1.06445
1.46876
0.282646
0.602076
1.3667
0.776659
1.61745
0.536645
1.96769
0.461161
0.980945
1.56162
2.0945
1.08118
1.14698
0.646563
0.723394
0.66888
0.882054
0.724864
0.999362
1.39039
3.63001
1.06936
0.667598
0.912425
1.23661
0.380813
0.950745
1.69782
1.25514
0.927161
0.865522
1.46198
0.684632
0.714979
0.746347
1.53701
0.537511
1.6961
1.12448
0.783918
1.19236
0.749799
1.25754
0.817495
0.792501
0.963776
0.759218
0.876573
1.35124
0.724848
0.740866
0.840642
1.23615
0.889099
1.34635
0.541685
0.423004
0.691864
0.587936
0.636034
1.1128
2.02633
1.29781
0.427941
2.06864
0.834354
0.88842
1.1733
1.04503
0.522953
0.746559
0.914184
0.266816
1.12265
1.1715
1.36328
1.86903
1.02345
0.987321
1.15163
0.450671
1.61259
0.963382
0.996563
0.937511
0.828363
0.84798
1.69055
1.21312
1.49114
1.00112
0.79529
2.20833
0.82541
1.67658
0.631757
0.64838
0.994915
0.698898
0.787706
0.939874
0.641101
0.780552
0.57058
0.933407
1.23741
0.527289
1.2725
0.934755
2.29321
1.14912
0.294025
0.964529
1.66261
1.68705
2.42454
1.5727
0.403654
1.33761
1.02753
0.839221
0.771397
0.687219
0.717533
0.501186
0.293525
0.721206
1.83801
1.07624
1.12216
1.4065
1.99679
1.49369
1.88289
1.1179
1.08535
2.2463
1.28855
0.613902
0.838697
0.817313
0.37078
1.38864
0.989297
0.960977
0.636581
1.80005
0.928192
0.740895
0.196361
2.73687
0.567758
1.14151
0.118441
1.3389
1.53543
1.31067
0.573079
1.26877
1.21681
1.38972
0.631701
1.6713
1.06026
2.29741
0.544321
0.674074
0.93698
0.710275
2.07345
1.05493
0.503016
0.782565
1.79665
1.01004
0.508277
1.01362
1.39879
0.616473
0.599821
0.944243
1.64563
0.693762
0.525261
2.1985
1.45589
0.597438
0.805792
1.32422
0.743273
0.647831
1.42324
0.926707
1.08073
0.841926
0.491756
0.777843
1.0778
1.58295
1.77197
0.538196
0.696903
1.23655
1.06787
1.38519
0.810569
0.987058
0.539117
1.31056
0.624954
1.87059
0.336286
0.870549
2.64671
0.679104
1.77674
0.962468
0.509036
0.968048
0.506449
0.758224
1.16785
1.9691
0.915463
0.162887
0.351767
0.889608
2.04728
0.705401
0.878332
0.81084
0.796113
1.78861
0.816646
0.91874
0.642584
1.57586
0.569282
1.17613
1.1413
0.800026
0.968985
0.700218
0.642246
0.968009
1.0947
1.29897
0.577949
0.555023
1.61881
0.473319
0.612127
1.42382
0.44653
1.0848
1.4673
2.11393
0.959804
0.659031
0.582938
0.108896
1.15066
1.39169
0.493846
1.06104
1.10542
1.16956
1.20431
3.15275
0.906556
0.564003
0.619936
0.638462
0.510837
0.631738
0.0761587
0.443295
1.17734
2.14276
0.902293
0.587364
0.343584
1.34884
1.54756
0.69719
0.668356
0.847676
0.652293
1.3456
1.02618
0.562733
1.30353
0.501705
1.41884
0.810602
0.529777
0.791354
0.976165
0.282522
1.70453
0.316159
0.727644
1.61477
1.57727
0.720817
1.73538
1.68884
0.497425
0.601579
0.240635
0.668356
0.316676
1.39014
0.0812552
1.22864
0.470574
0.422002
1.40422
0.501357
1.0716
1.00764
1.07508
0.284061
1.0964
0.173361
1.34312
0.927487
1.42989
0.551895
0.488632
0.625174
0.209049
0.956871
0.655236
0.505352
0.302844
0.747505
0.443501
0.662891
0.783389
2.22959
0.488966
0.770298
1.2414
0.954048
1.77294
0.355217
0.812267
0.737689
1.33471
0.687309
0.604345
3.05745
0.891993
0.19096
1.82203
0.436069
3.10496
1.30404
1.12495
0.114599
0.914088
1.24672
0.711578
1.33018
1.11268
1.53462
1.18972
0.754674
0.218265
0.996258
1.19993
1.02529
0.406898
0.658277
0.999473
0.560029
1.32725
0.999141
1.69101
1.02252
0.844357
0.588703
0.619701
0.780666
1.22844
1.06947
0.616905
0.613707
1.02494
1.60265
0.583025
0.81733
1.2538
1.97757
1.43678
1.60174
1.41492
0.905927
1.22885
0.823189
1.14429
0.597765
1.13281
1.0365
0.995221
1.43736
0.460658
1.31302
0.646765
0.397542
1.27826
0.674446
1.16082
0.991386
1.43806
0.865141
1.42844
0.844826
1.26526
0.659877
1.12592
1.48819
0.630427
2.23774
1.13493
1.42943
0.704753
0.906674
1.22283
0.903751
0.228677
1.70471
0.816084
0.885869
0.70925
1.53824
1.31561
1.59783
1.89819
2.02219
0.652717
0.965228
0.609749
0.976261
0.412887
1.37265
0.827844
0.294286
0.493679
1.06773
0.950897
0.420345
0.924706
0.638888
0.82836
0.51993
1.23166
1.08159
1.19244
0.755233
0.624613
0.926118
1.10556
1.03245
0.222224
0.0725851
1.13228
1.0105
0.473955
0.837024
0.670601
0.843081
0.820896
0.778033
0.502519
1.18015
0.155559
0.768244
0.530547
0.438114
1.44119
1.23216
1.55392
0.221578
0.843448
1.06308
1.01584
0.592462
0.532722
1.31088
1.52448
0.241664
1.45235
1.42718
0.853203
1.35582
1.01331
0.211878
0.742932
0.414198
0.838116
1.34601
0.771961
0.846095
1.2389
1.44543
1.24683
1.74001
0.964037
0.702766
2.36547
1.05155
1.05296
1.14316
0.925432
1.64912
0.892478
0.686862
0.288542
1.03497
2.84922
0.992246
1.34725
0.567515
0.245762
0.940101
0.147767
0.619109
1.27194
1.24481
0.616396
0.51249
1.04869
1.82396
0.233802
0.927181
0.828077
0.874695
0.419949
0.749379
0.830561
0.791481
1.39125
1.04588
1.55638
2.29231
0.39279
0.98146
0.905833
0.847323
0.598691
1.05627
0.952302
0.75337
0.698228
0.406707
0.911217
0.379551
1.27371
0.270852
1.71588
0.749352
0.937349
0.620686
0.980623
1.2907
0.868442
0.452883
2.08728
1.14941
0.594871
1.34072
0.403648
0.495856
0.948945
1.09024
0.400613
0.836499
1.0005
1.27105
1.01546
0.601078
1.19923
0.755801
1.19231
2.03247
1.03474
0.863954
0.832602
0.722871
0.695436
0.860489
1.73387
0.994458
1.21444
1.12003
1.29678
0.595657
0.71925
1.22757
1.27256
1.19814
1.02995
0.800991
0.655503
0.443024
0.803434
1.22024
1.51458
1.83467
1.80833
0.843758
0.548975
1.37526
1.05364
1.04985
0.761904
0.40978
1.25648
0.893789
1.11433
0.708454
0.66834
0.758036
1.37218
0.700057
1.24017
0.0707592
0.957566
0.482074
1.46665
0.485614
2.10356
1.29718
0.758492
0.944018
1.28945
1.06406
0.441701
0.819489
0.584197
0.739531
0.648822
1.02266
0.759432
0.365443
0.610956
0.48695
0.742459
0.524726
0.932992
0.462676
1.38565
1.50471
0.62313
0.563828
1.22442
1.12808
1.15716
0.837818
0.309421
0.663235
1.29931
1.1531
0.354213
0.814121
0.744249
0.798332
0.728269
1.6334
1.12808
0.670291
0.928001
0.996948
0.666271
0.141271
1.27266
1.1112
1.0249
1.8653
0.869039
1.00402
1.06847
1.51744
0.299558
0.307517
0.0923386
0.691465
4.43698
0.918707
0.991666
0.564417
0.208201
0.756882
0.447741
0.956218
0.889785
1.02721
1.24352
0.766148
0.468213
0.691995
0.636474
0.505292
0.214288
1.82951
1.39929
0.616559
0.985173
1.41414
1.21031
0.578155
3.13692
0.726838
0.564506
0.811362
1.24554
1.12604
1.0006
1.06001
1.05055
1.07614
1.00121
1.70572
1.00904
0.699875
0.481404
0.98701
0.881825
1.0404
0.564956
0.740736
0.930512
0.960778
0.776564
0.400095
1.55155
1.08358
0.0872679
1.1142
0.649476
0.977535
1.70594
1.14003
1.04647
0.828833
1.19103
1.11634
0.602786
1.24638
0.567859
0.586612
0.934552
0.758664
1.29411
1.04844
0.178798
1.32364
1.00818
0.779683
1.69809
0.727065
1.0505
1.9475
0.4469
0.811333
0.765641
1.20411
0.685762
0.868208
1.70963
0.40245
1.03692
0.277608
0.636627
0.861145
0.550347
0.745166
1.5062
1.40425
0.976868
1.74069
1.02279
0.309498
0.493288
1.06672
1.5385
1.022
0.416352
0.579417
0.89221
1.43995
0.432624
0.762823
0.443042
0.46308
1.56026
0.876401
1.06986
1.23797
1.10389
1.11497
0.862435
2.11663
0.806031
1.58719
0.665759
1.49037
1.09603
1.27731
1.08518
1.66289
0.900663
0.817855
0.567937
2.24425
0.689846
0.745503
1.0968
1.73991
2.3531
1.00808
1.42341
1.6817
1.0786
1.42202
0.162291
0.539072
1.21805
0.721835
0.274597
0.736466
1.06887
1.23086
0.933053
0.578273
1.33107
1.46143
1.59414
0.791429
1.27542
0.317864
0.822171
0.694007
1.30906
0.947144
1.69854
1.05141
0.722033
0.544246
0.74847
0.960469
0.795855
0.72377
1.29024
0.513752
1.30079
0.580263
0.467545
1.09224
1.02187
0.749199
1.41146
0.324002
0.519309
0.834724
0.412418
0.685401
1.15337
0.698646
1.1997
0.448376
0.240097
0.501323
2.31523
1.33691
1.01413
0.98783
0.531429
0.732567
0.529277
0.844148
0.650071
0.93326
0.433981
1.34786
0.609497
0.958332
0.423838
1.1151
0.509196
0.567767
1.15849
0.79987
0.93595
0.385
1.18021
0.267677
0.855743
1.31361
1.08408
0.808823
0.616176
1.50157
1.02615
1.72389
0.849092
0.291531
0.53561
0.560637
1.76528
0.720568
0.370385
0.499611
1.32069
0.995495
0.962749
3.91267
1.11518
1.48694
0.702907
0.633573
1.08968
0.5578
1.34983
1.09756
2.21474
1.59451
1.50985
2.24252
0.514188
1.28467
0.382735
1.17433
0.81883
1.14216
0.474534
0.429807
1.69831
0.951903
0.941801
0.589322
0.95304
1.422
0.488336
0.592755
0.677387
1.80208
1.35448
1.62519
1.23884
0.900571
2.40305
1.81436
0.385874
0.551097
0.573816
1.28693
1.15724
0.862564
0.873194
1.07532
1.47199
0.82619
3.07392
1.0167
0.749282
0.400793
0.818264
1.02345
2.91453
2.86461
0.928073
1.20448
0.23467
1.18376
0.945539
1.67674
0.904077
0.772088
0.557938
0.962261
0.957096
1.20245
1.38087
0.0287604
1.09636
1.6366
2.15325
0.822042
0.6496
0.0252721
1.34208
0.672163
1.57245
2.01872
1.33937
0.400985
1.48987
1.47128
1.21848
0.134255
0.790843
0.482421
1.30059
0.903311
1.27758
1.09694
0.93692
1.30398
1.10455
0.907463
0.737486
1.15338
1.15586
1.85484
1.91869
0.725023
0.763646
0.514167
1.39758
0.709651
0.289927
0.184509
0.934858
0.946999
0.739639
0.655893
1.99706
0.646999
0.706295
0.27628
0.235122
1.14519
1.05603
1.24682
2.46174
0.413309
0.515398
0.853284
0.700792
0.968949
1.43343
0.712618
0.88043
0.908099
0.6656
0.113065
1.2226
0.980024
0.984722
0.186807
0.868393
1.14414
1.0376
0.589076
1.53404
0.903815
0.16164
0.658194
2.42106
0.53817
0.86732
0.373469
1.3989
0.390594
0.980103
1.16311
1.28988
1.02483
1.41418
0.811843
1.30485
0.743229
0.979014
1.42456
0.711171
0.898884
0.696419
1.74636
0.229131
1.04389
0.46735
0.865263
1.14691
1.54018
0.896253
1.13148
0.722774
0.989544
2.27314
1.53977
0.695978
0.882048
1.11015
0.752767
1.06728
1.08895
1.08468
0.220922
0.633644
0.46627
0.644161
1.24144
0.438883
0.726027
0.894132
0.925624
1.00243
1.80009
0.688745
0.865829
1.5188
1.01601
0.789399
0.444134
1.5037
1.70567
1.10248
0.794352
0.635565
1.68914
1.35664
0.583454
1.8268
0.832201
0.910419
0.690959
1.7715
1.30189
0.329433
1.33754
0.485481
0.926104
1.454
0.639801
1.46572
1.60055
0.407233
1.4085
0.613433
0.997483
0.232722
0.876719
1.22503
0.995821
0.919887
1.31061
0.362144
0.976665
0.724511
0.483602
0.987936
0.907451
1.09787
1.07146
1.08879
1.0886
0.0869459
1.01917
0.712917
1.54623
0.826446
0.797665
0.0955886
3.14546
0.596673
0.754339
0.70509
0.995702
1.23659
0.329922
0.830011
0.631176
1.46187
0.822605
1.28295
0.389304
1.18492
1.12679
0.679355
0.709824
2.31866
0.833185
1.03279
1.90543
0.661371
0.978163
1.1803
0.415722
0.588454
0.388341
0.930038
1.11486
1.03944
1.59991
0.634791
1.2711
0.770201
0.840384
1.98817
0.994173
1.52373
0.913363
1.00568
0.750589
0.757084
0.48111
0.855031
0.927783
1.13618
0.644586
0.627916
1.76113
0.386618
0.579679
0.438549
1.27597
0.569577
0.659783
1.53863
0.622793
0.76045
0.422552
1.14381
2.46184
1.05008
2.54463
1.1466
1.09704
2.40181
1.68958
1.32754
0.993128
1.83927
0.431027
1.46069
1.38779
1.10407
0.994673
1.54524
0.831521
0.700309
0.542392
0.415313
0.378787
0.368315
1.0669
0.798142
1.95829
0.752142
0.621986
0.657473
0.693634
1.27904
0.135409
1.23782
2.30118
0.250598
1.40342
0.90571
1.07748
1.22415
1.4707
1.21315
0.346897
1.0679
0.812679
1.0135
0.95153
3.35775
0.830808
0.827416
2.21362
0.734575
0.981348
0.892723
0.836764
1.50437
0.974564
0.343111
1.07418
0.864662
0.95292
0.759272
1.67709
1.14192
1.02292
0.400529
0.672823
0.736473
1.31173
0.998872
0.880626
0.987214
1.01291
1.4551
1.05121
1.6324
1.24566
0.949543
1.73831
0.583509
0.664985
1.33033
0.717113
1.0322
0.887365
2.61905
1.67324
2.18869
1.18403
0.65433
0.78009
0.848294
1.62558
0.484437
0.860013
1.2632
0.765681
0.648269
1.48807
1.02426
0.821632
0.0843579
1.01678
1.46459
0.926061
0.375412
0.489591
0.698611
0.900384
0.633527
0.784387
0.513322
0.962207
1.88176
1.20802
0.746076
1.40659
0.466729
1.78293
1.08255
1.08285
0.716975
1.77993
1.32205
1.50994
2.20198
0.565269
1.21039
0.622991
1.14099
1.32411
0.835809
1.12562
0.752683
0.976931
1.35421
1.98171
0.426378
0.788958
0.946463
0.750378
1.28305
1.09553
0.916976
0.263277
1.19084
0.80758
0.704745
1.03603
1.10325
1.30298
0.667668
1.68975
1.38736
0.687649
0.454292
0.906393
0.626848
0.274445
1.07517
1.30274
2.49727
1.05586
0.858621
0.789573
1.94907
0.968883
0.834895
1.12821
1.00048
0.470356
0.294436
0.100394
1.41978
0.746666
2.31838
0.690247
0.417635
0.915587
1.06078
2.57205
0.671342
0.640195
0.825348
0.437889
0.867086
0.818457
0.716361
0.978125
0.980477
1.45453
2.61148
0.439084
1.17349
0.704097
0.672586
0.650181
0.39198
0.748186
1.03419
0.730303
1.3612
1.53116
1.07645
1.14725
1.01877
0.673848
0.626881
0.770663
1.56145
1.50701
0.449547
1.5146
0.916092
0.453728
0.526452
1.14529
0.507561
1.23896
1.41752
0.459088
1.42357
0.882625
0.814
0.623852
1.18334
1.56574
1.17998
1.18781
0.787188
1.31253
0.817149
0.923373
0.532318
0.79221
1.11004
1.52087
0.599036
1.17257
0.741681
1.13028
1.6357
1.15565
0.822873
1.04
0.541026
1.25257
0.83291
1.19629
0.586287
1.26346
1.60313
1.67356
1.65179
0.364437
1.04596
0.400059
0.945836
0.307169
1.74365
0.70353
1.08334
1.23366
0.376758
0.814838
2.16968
0.954835
0.63792
0.914588
1.45541
1.08434
1.01879
0.848588
0.981012
1.70468
1.0952
1.64519
3.18154
1.12238
1.18932
1.74036
0.818289
0.943237
0.992142
0.820391
1.93333
1.02635
0.937877
1.30787
1.02048
0.442824
1.16396
0.557909
0.693919
0.91969
0.841648
0.884236
0.866624
0.849475
0.260175
1.11283
1.14003
0.753351
0.715087
0.631012
0.590231
2.13101
1.07668
0.514909
0.892441
0.463244
0.738836
1.09982
0.591731
1.07798
0.769776
1.02448
0.195017
1.14213
0.830694
0.682952
1.4052
0.429197
1.92811
0.902184
0.966866
1.42525
0.733711
1.12064
1.24268
0.443108
0.629005
1.17054
0.795596
0.778979
0.819269
1.53438
0.643157
1.32565
1.13644
0.919098
0.978576
1.31344
0.799896
0.912994
1.07212
1.14071
0.329536
0.691511
0.0741666
0.862992
0.689475
1.40131
1.25501
0.51616
1.03709
0.706571
1.39379
0.692784
0.605641
0.750729
0.546764
1.22365
0.752956
0.724972
1.14707
1.09072
0.958906
0.74398
1.16362
1.2061
1.57161
0.740434
2.09183
2.28396
0.900094
0.484576
1.4655
0.40914
0.955151
0.41293
0.899836
1.4064
0.729574
1.05256
0.465276
2.38284
0.510041
1.18135
1.28211
1.27681
0.286853
1.27752
0.76724
1.67554
1.79353
1.60362
0.500743
0.776275
0.600469
0.94555
0.397386
0.728732
0.713057
0.628376
0.673105
0.701067
2.03158
0.379129
0.92996
0.827354
0.309736
0.648943
1.60064
0.952227
0.333793
1.5172
1.22059
0.724135
1.42283
1.85141
0.647229
0.635822
0.716488
0.633752
1.28021
0.92082
0.558054
1.49865
1.38688
1.75165
1.65935
0.726281
0.861258
0.480404
0.696865
0.370941
1.57286
1.96932
0.772665
0.763474
0.365498
0.868592
0.732281
0.869331
1.07662
0.395129
0.983307
0.644817
2.51843
0.758577
0.987354
1.74509
1.10452
1.18055
0.417028
1.12529
1.34674
2.1988
0.881134
0.252203
1.00977
0.992088
2.08423
0.974543
1.48044
1.30425
0.973422
0.321454
0.718831
1.21282
0.83889
1.58623
1.31132
0.885294
0.886493
1.55974
2.68911
0.858823
1.0205
3.4408
1.40333
1.56923
1.08765
0.434243
1.10061
1.80776
0.31948
0.550576
0.628457
1.14078
0.468608
1.21083
1.24156
1.06936
0.618965
0.66936
0.356655
1.03477
0.33309
0.332078
0.616338
2.0734
1.2409
1.18541
0.141819
0.240951
1.34288
1.38175
0.520568
1.01257
2.01058
0.565903
0.878242
0.825786
0.716611
0.957167
0.765185
0.812244
0.350896
0.59437
0.663305
0.920111
1.50379
0.596886
1.04411
1.21205
0.622741
1.04283
0.820049
1.13426
0.806867
1.14716
1.64281
1.14505
0.510912
0.792064
0.56327
1.6644
0.247784
1.92149
0.589083
0.907386
0.910722
1.05337
0.322002
0.621889
1.5271
0.943707
1.27784
1.65058
1.34738
1.3641
1.10822
1.56874
0.537805
1.43857
0.570159
0.879276
1.07349
0.606187
1.26966
0.517159
0.775768
1.86812
0.517585
1.06642
0.720301
0.862007
0.660268
0.342893
1.83255
0.624957
0.662874
1.06182
0.923229
0.787286
0.589301
1.8305
1.21462
0.559205
0.464009
1.20071
0.70595
0.822346
0.390487
1.72025
0.886236
0.27408
0.561942
0.709477
0.552012
0.1592
2.39777
1.38545
0.942726
0.637022
1.08954
0.839981
1.01538
0.606668
1.51274
0.92166
0.823907
1.28427
0.938954
0.877771
1.01932
1.38544
1.12524
1.17957
1.21482
1.17322
0.694091
0.444069
0.745454
0.962777
0.757386
1.26078
1.54168
1.45522
1.85549
1.77297
0.439247
1.67914
0.11075
0.908162
0.986526
0.576461
0.98412
1.11418
0.567844
1.32799
1.0405
0.862871
0.374141
0.992954
1.7834
0.921729
0.579473
0.114077
1.12159
0.865417
1.25981
1.05985
1.20428
0.792906
0.167029
1.47445
0.600307
1.25198
1.06544
0.630095
0.708388
0.439176
1.75501
1.20229
0.866645
2.00701
1.15832
0.313125
0.879618
0.50204
0.684182
0.660998
1.48882
1.22817
0.986439
1.09293
0.551705
0.862147
1.27067
0.989075
1.24808
0.544046
0.551791
0.508103
0.607941
0.990415
1.32323
1.21354
0.98273
0.740179
1.79855
1.83469
1.56392
1.28708
0.688551
1.24562
1.53269
0.875786
0.885534
0.631305
1.48923
1.12134
1.66617
1.65432
0.866772
0.730933
1.26183
1.23497
1.55564
0.841992
1.18614
0.744389
1.11464
1.32673
1.48637
0.492174
0.367261
1.0272
1.45537
0.604806
1.00215
0.958109
0.151
1.36665
0.798106
0.998766
0.50807
1.0355
1.50087
1.08437
0.967827
0.452531
2.17048
0.731475
1.00584
0.971695
0.457727
1.50994
0.517558
0.552235
0.8088
0.346295
2.57607
0.882551
1.39034
1.49886
0.462482
0.594518
0.78089
1.09915
1.02456
0.628342
0.727197
1.0233
1.52417
0.641998
1.90336
0.521078
1.32963
1.12297
1.621
0.666351
1.72392
1.36602
1.13968
1.02369
1.14515
1.90672
1.17876
1.42813
1.17324
0.73546
0.465977
0.913312
1.47917
0.598809
0.710787
0.452289
0.491292
1.80018
1.0432
1.23101
0.865593
0.449332
2.19244
1.13447
1.30657
0.599762
0.763095
1.84724
1.31499
0.292308
0.966963
1.00512
0.735458
0.821517
0.466311
0.743056
0.534413
0.526146
0.751134
1.10305
0.690063
1.10795
0.905463
0.567044
1.60266
1.70325
0.743972
0.397099
1.38584
0.54425
1.93073
0.8215
1.46203
0.666165
0.477421
0.618187
0.722155
1.00299
0.988064
1.21734
0.87747
1.61174
0.970692
2.53378
0.798161
1.32556
0.446128
0.551214
0.687388
0.470318
0.95222
1.31835
1.92579
0.906557
0.382875
0.921771
1.09723
2.60296
1.03556
1.20463
0.679676
0.969786
0.58675
1.39206
0.860322
0.602331
1.6359
0.849076
0.66381
0.641947
0.55763
0.824661
2.06942
0.731447
1.26235
1.11051
0.187973
1.03852
0.856125
0.292234
0.245474
1.73494
0.594902
0.673966
0.931363
1.32761
0.32779
0.903904
0.455491
0.875959
1.57548
1.44208
0.648112
1.1123
1.00406
0.882099
0.74071
0.795224
0.837048
0.907938
0.833812
1.22234
0.838785
1.62501
1.50296
1.17547
1.38
1.20509
0.550485
0.777149
1.19284
1.06046
0.919309
1.40032
0.858217
0.84397
0.790281
1.51651
0.539048
1.62395
0.570164
0.613891
1.89758
1.05796
0.375941
0.729593
0.61251
0.910519
1.11735
0.36225
1.45718
0.582184
1.11841
1.27903
0.670514
1.54595
1.10874
1.2738
1.29857
0.503825
0.6619
1.34447
1.01675
0.0461199
0.745132
1.10211
0.63844
3.89434
0.347064
0.792798
1.2971
0.584048
0.945832
0.926044
1.12069
0.671263
0.909205
0.797111
1.14995
1.2488
1.12312
1.76381
1.48918
1.06054
0.874633
1.28838
0.316034
0.470296
0.935334
0.358045
1.9232
0.611307
0.545892
1.00435
0.491201
0.446006
0.987625
0.761593
2.38142
0.97114
1.11467
1.97045
1.51682
0.467805
1.94949
0.5908
0.484754
1.7464
1.02611
0.669992
0.618846
0.34259
1.39679
0.901151
0.28835
0.236242
0.983503
0.936278
0.595347
0.935249
1.30449
0.108984
1.75268
1.81224
0.908697
0.995574
0.344975
1.24651
1.36212
0.753657
1.82399
1.55856
0.255564
1.89425
0.729868
2.25779
1.68699
0.44464
0.443681
0.85876
2.37856
0.715724
1.26092
0.629879
0.666298
0.44633
0.738107
1.29397
1.42102
0.326576
0.634611
0.130901
2.17081
0.719706
1.65372
0.84979
0.280614
1.46452
1.01487
1.02709
0.844837
1.66443
0.95657
0.766869
1.34889
1.04543
1.12925
0.746417
1.03711
1.44563
0.75546
0.316512
1.2529
1.14199
0.832252
0.672204
1.33296
0.957937
1.47598
1.10828
1.36113
1.22744
0.591267
1.37026
0.913417
1.39807
1.06874
0.804255
1.15557
1.03448
1.59874
0.369258
0.9051
0.289131
1.66501
0.583577
1.07252
0.621304
0.624771
1.15438
1.30311
0.973878
0.182744
0.91578
0.749174
1.12807
0.728962
0.87886
0.472826
0.750078
0.899696
0.485833
0.725639
0.784828
1.22095
1.03073
0.41757
4.07465
0.748067
0.799383
1.39033
1.38697
1.57776
0.748576
0.261252
0.898928
1.29053
1.38022
1.53812
0.529675
1.39914
0.389707
0.819865
0.703209
1.20762
1.7388
0.323093
1.1015
1.30419
1.39156
0.564688
0.993376
0.46519
1.96491
1.4827
0.93724
0.859665
1.22957
1.21194
1.49359
0.932936
0.443384
0.769501
0.616149
0.510824
0.84593
1.01272
1.83551
0.855074
1.10009
1.01048
0.62106
1.10488
0.672445
0.956204
0.612477
0.821741
0.967946
0.315427
0.74446
0.306201
1.60949
0.942899
1.36033
0.802592
0.852532
0.668117
0.623319
0.657323
0.786991
1.17544
1.37666
1.15128
0.82471
1.11315
0.785075
0.795154
0.201117
0.650152
0.849552
1.04559
1.34859
0.695295
1.31305
0.470621
2.16308
1.09163
1.45759
0.70375
0.937187
0.862465
0.829512
1.41426
0.372548
0.984293
1.37194
2.25415
2.72692
0.491145
0.802284
1.14455
1.13778
0.647869
0.590513
0.995267
1.14521
3.40786
1.07088
0.773024
0.285733
0.691095
0.441049
0.883645
0.732903
1.10619
0.93146
1.79939
0.497608
0.726738
2.55533
0.900056
0.76111
0.461993
1.13909
0.403166
1.15896
1.152
0.875927
1.16779
0.772709
0.496578
0.67885
1.80597
0.902438
0.314491
1.86979
1.54296
0.606236
0.47872
1.398
0.801443
1.0511
0.367964
0.800893
0.743238
0.806718
1.08118
2.2312
1.34519
0.464796
0.822653
0.994559
0.673398
0.570346
1.56171
0.572333
1.11292
0.341541
0.655406
0.808368
0.889197
1.18965
0.34337
1.61104
1.2795
0.68329
0.502251
1.23354
0.453957
1.03009
0.494746
0.707214
1.65959
1.56458
2.1387
1.31711
0.628405
0.569215
0.698675
1.12336
1.85327
0.618564
1.06193
0.579776
0.47703
0.856198
0.285098
0.217491
1.14275
0.609347
1.04766
1.67378
0.723144
1.3881
0.639356
1.09651
0.343539
0.722057
0.477499
0.0854931
1.1701
0.746675
0.54139
0.733158
1.30929
1.13183
0.961789
0.692884
1.94073
1.43297
0.818312
0.827631
1.79125
0.864471
1.4906
1.27625
1.33001
0.87852
0.829914
1.73462
0.16311
0.197271
1.26675
0.941898
1.44816
1.02331
1.57125
0.969462
0.495528
1.94259
1.13821
2.38676
0.67994
0.461648
0.68791
0.446759
0.492598
0.908716
1.01095
0.433406
1.27611
0.945965
0.72916
1.36364
0.953851
0.669652
0.929111
1.48744
0.539836
1.27675
0.770908
1.02805
0.60411
0.652402
1.15178
0.958553
1.09359
1.14941
1.18862
0.619669
0.592276
0.397835
0.361898
0.512284
0.2433
1.09815
1.11041
0.909542
1.70067
0.978035
1.61509
1.27462
1.8458
1.44261
1.49588
1.30051
0.532343
0.671328
1.49983
0.900579
0.711538
2.55449
0.763088
0.77362
1.11414
0.759345
1.02968
0.76593
0.110706
0.973102
0.651698
0.213554
0.51174
1.77763
1.3147
0.544222
1.02555
0.963264
1.13783
0.402423
0.722524
1.10802
2.03555
1.80648
0.840724
0.774862
1.41292
0.867754
1.10528
1.73564
2.15887
1.43879
1.19026
0.453581
2.02023
0.921273
1.01825
1.59662
1.72525
0.867999
0.875877
0.809229
1.17287
0.947561
0.741288
1.07524
0.791573
0.991326
1.31591
1.32363
0.315025
0.802342
1.73882
1.82601
0.72432
0.88071
0.887111
0.42459
0.778085
0.88293
0.715042
1.15065
1.22175
0.442968
1.5846
1.50225
1.21364
1.10146
1.44754
0.545045
0.233314
1.58867
0.699772
1.08301
1.78546
0.649748
0.511077
1.02282
0.992797
0.470974
1.22325
0.611669
1.00954
1.17247
1.03158
1.34808
0.709333
1.67983
0.955244
2.16406
0.561561
1.64528
1.37427
2.10515
0.173135
1.7043
0.898281
0.709065
1.13461
0.253534
1.14306
1.56597
0.601841
1.02986
0.538925
0.725113
1.61798
2.4178
0.720528
0.908855
0.616592
1.12443
0.641374
0.844498
0.962545
2.3681
0.737707
0.405756
0.580724
1.04316
0.462008
1.54584
1.38326
0.825781
0.554793
1.91968
1.6069
0.32758
0.937676
0.73454
0.727852
0.583548
0.955891
0.483001
1.7235
1.35795
0.488114
1.10703
0.779932
0.717153
0.892111
0.793537
0.651478
0.813967
1.23426
0.761847
0.577875
0.745462
2.13042
0.494661
1.21673
1.41487
0.639209
0.775881
1.09568
0.670585
1.2982
0.641385
1.50664
0.569998
0.828504
1.2429
0.911632
1.22393
0.810268
0.885142
0.417914
1.41108
0.692807
0.596611
1.02059
1.05356
0.764581
0.405739
0.49178
0.559164
0.593414
1.23672
0.192956
0.576393
0.64606
0.569204
1.06096
0.703975
0.723163
0.999805
0.725244
0.704083
0.708428
0.802379
0.474696
2.0618
1.25511
0.841324
1.53466
0.49921
0.97041
0.925547
0.527038
0.857556
1.77068
1.8792
0.718795
0.923363
0.536399
0.942285
0.816787
0.538781
0.366151
1.06212
0.178605
1.04959
0.697224
1.3834
0.296908
1.12402
0.747548
0.363692
1.78599
1.85219
0.822084
0.515752
1.22032
0.780439
1.16576
0.538127
0.785554
0.739302
4.09926
0.838363
1.06032
0.890183
1.16035
0.555496
0.376038
0.508328
2.49592
0.676018
0.844236
1.35404
1.28146
1.0836
1.22374
1.23006
1.28856
0.728041
1.1569
0.655725
0.30412
0.979284
1.62128
0.94607
1.06345
0.532394
0.416122
1.16346
0.164741
1.48012
0.731285
0.580876
1.24778
1.49544
1.12152
0.372982
1.17476
0.941141
0.772506
1.00332
1.265
2.24429
0.782286
0.361816
0.113503
0.430725
0.426258
1.08946
0.968172
0.543053
0.436163
1.55079
1.03434
2.04739
0.659745
0.693103
0.628288
0.732896
1.28258
0.96235
1.5894
0.529279
0.648232
1.61323
1.1901
1.80287
1.52545
0.892025
0.905683
0.867949
1.14145
0.389656
1.02123
0.685016
0.678776
0.437957
1.0606
0.287123
0.3999
0.670858
1.02742
1.35089
1.38917
0.436897
1.23472
1.18609
0.600778
1.92054
1.57477
1.6879
1.03275
0.829485
0.749142
0.956088
0.757268
0.69652
0.904863
0.308392
0.859178
0.851007
0.0663084
0.952258
1.76986
1.65859
1.62612
0.844165
0.632354
1.14263
0.729192
0.550065
0.980729
1.17558
1.42149
0.291516
0.427506
0.742736
0.827499
0.714006
1.75009
0.523352
1.02306
1.24272
0.678784
0.693864
0.944104
1.06923
0.527554
1.07834
0.312244
1.59136
1.05672
0.783302
0.961903
0.69659
0.134657
0.556028
1.32984
0.618019
1.38355
0.482573
1.12895
1.83444
0.498207
0.257747
1.06889
0.471839
1.47716
1.58133
1.1279
0.18193
1.49543
1.11983
1.04834
1.41498
0.996014
0.60633
0.444915
2.20456
0.457011
0.77098
0.814261
0.33623
0.607141
1.205
0.620477
0.760623
1.27633
0.471411
1.76684
1.34059
0.818034
0.999065
0.716135
0.490541
0.62374
0.945633
0.584918
1.08439
2.50402
0.801253
0.838184
0.741322
0.99251
0.174084
1.29988
0.613101
1.23872
0.881352
0.798952
0.95004
0.634222
1.97263
0.149359
0.321975
0.479605
0.439904
0.836037
1.09679
0.314166
0.734783
0.656845
0.882961
0.635491
1.51068
0.274279
1.02833
0.819646
1.38852
1.68323
0.715256
0.473266
0.924999
0.159014
1.22261
1.13925
0.839624
0.535862
0.888787
0.491265
1.07163
1.26408
0.583123
1.35424
2.38778
2.18931
1.18675
0.866215
0.759937
0.610808
0.540324
1.39056
0.741161
0.713149
1.40307
1.65821
0.792756
1.55922
0.666131
1.69233
0.591918
1.19529
0.800697
1.04692
0.843666
0.449141
0.797635
1.02853
0.858167
0.468876
0.228775
0.546289
0.647437
0.351438
0.770679
0.180221
2.40814
1.25941
0.939764
1.43666
0.396734
0.629005
0.806498
1.1528
0.74961
1.69716
1.16317
1.32135
0.873221
0.883532
1.27549
0.160848
0.975472
0.721269
0.538829
1.39947
1.05488
0.711548
1.40857
1.12518
0.948355
2.0906
0.950012
1.05246
1.5598
0.87835
1.24861
1.81554
0.491862
1.28473
1.4163
1.25691
0.623135
2.1516
3.01467
0.604556
0.953073
0.504475
1.17226
2.06912
1.80684
0.769218
0.660582
1.13043
0.852925
1.5533
1.46359
0.767973
0.905721
2.12393
1.19804
0.314849
0.681092
1.37249
1.09124
1.58115
0.919098
0.567229
0.705246
0.228067
1.61767
1.30342
1.85066
0.733196
0.831199
0.298281
1.02814
0.669649
1.07046
1.72439
1.14151
0.78204
0.527171
1.95628
1.56089
1.32576
0.665669
1.36781
2.16181
0.946559
1.88339
0.80446
0.474575
0.549039
1.50884
1.38714
0.237762
0.80852
1.25209
1.00967
1.4567
1.00326
0.715927
0.643683
1.15223
1.04783
1.23508
1.24926
4.20058
0.222994
0.690285
1.44336
0.862231
0.856581
0.93937
0.963594
0.389936
0.920458
1.86363
1.34181
0.760584
0.972604
0.732342
1.24894
0.652861
0.79396
0.775151
2.26487
1.20364
1.21872
0.915736
0.587561
1.28773
1.04613
0.954389
0.773482
0.131061
0.536283
1.10277
2.04031
1.16538
0.764871
0.499282
0.815979
0.516595
1.20195
0.56468
1.06463
0.848888
0.860184
1.50799
1.25522
1.75896
0.520444
1.08285
1.42979
1.04525
0.766268
0.534251
0.910759
0.183713
0.277473
0.571658
0.379412
0.693582
0.571963
1.04654
0.906093
2.61389
0.998025
1.31847
0.561629
1.1025
1.52727
0.728801
1.13046
1.09458
0.904292
1.00599
0.817883
1.29804
0.925966
0.799334
0.370859
0.649786
0.508517
0.836577
0.934455
0.537723
0.824915
0.670357
1.82917
0.41306
0.776395
0.946143
0.714656
0.538057
0.908277
0.93586
0.663131
0.978749
0.837619
0.966456
1.57008
0.878935
0.469633
0.735534
0.891435
0.725648
0.665789
0.990165
1.35414
1.91389
1.53205
0.682588
0.0575338
1.1951
0.987014
1.1654
0.923534
2.34554
0.947043
0.992961
0.210118
1.09881
0.777373
2.15599
0.843575
0.501529
1.97593
1.9352
0.655368
0.598432
0.745525
0.647703
0.839103
0.328005
0.832305
0.795282
0.871044
0.473887
0.415763
1.30542
0.640995
1.7755
0.624823
0.821167
0.48048
1.54562
3.39
0.994956
0.769272
0.997427
1.41473
0.664054
0.38764
2.5745
0.994156
1.29699
0.627235
0.756902
0.802396
0.316906
0.713554
0.258846
1.19837
1.08306
0.368952
1.62424
1.82732
1.20449
0.727478
1.15885
0.521931
1.03623
0.926312
1.48487
1.81931
0.649886
0.705957
2.56285
0.12056
0.949206
1.09089
1.45609
1.24954
1.1913
1.86747
1.89755
0.744225
0.896902
1.27928
0.814265
0.863761
1.01015
1.25829
0.469583
1.43468
1.3426
0.614136
0.836132
0.977985
0.55122
1.07839
1.35804
0.832661
0.855152
0.567385
1.42707
3.3424
0.556863
0.434778
1.38178
1.27994
0.599445
2.01514
1.13053
0.992377
0.634581
0.968366
0.952177
0.895219
1.12267
1.25413
0.943638
1.47268
0.478543
0.657134
0.934756
1.02972
1.26362
0.899413
0.900634
0.723223
1.41639
0.66281
1.28259
1.80123
0.998802
1.84415
0.940233
1.03849
1.41453
1.18805
0.228222
1.03778
1.05042
1.34879
1.03237
0.808623
1.95982
0.264715
0.83678
0.717428
0.812143
0.521909
0.397837
0.459925
2.33949
0.916995
1.39325
0.834944
0.803256
0.892395
1.02
0.799352
1.41512
0.585435
0.59869
0.659902
0.4523
0.547109
0.852575
1.15537
1.02143
0.604168
1.20181
1.26734
0.947134
0.787492
1.90529
0.435046
1.34952
0.766037
1.05574
1.39676
0.732098
0.563679
1.85666
1.01894
0.34023
1.09865
1.81161
1.09027
1.32857
0.896295
0.531347
0.83685
0.604917
0.822183
1.44148
1.41424
0.459754
1.55032
0.526298
1.22784
2.10231
0.950734
0.681539
1.98962
0.687605
1.13537
0.977205
0.637594
0.892969
2.19779
1.89697
0.176406
1.16593
0.499426
0.586527
0.724581
0.724932
1.81654
0.946365
1.49942
1.85471
0.987267
0.915799
0.643124
0.918148
1.25797
0.60377
0.836134
1.42599
0.39072
1.01647
0.22435
1.04614
1.72048
0.835178
0.58941
0.921833
0.641605
1.23707
0.994319
1.63897
1.42895
0.449635
0.718563
0.809878
1.06548
1.06071
0.784252
0.952509
1.24803
0.451206
0.895021
0.555453
0.814761
1.44902
1.4507
1.67964
0.845061
0.650813
0.83745
0.970443
0.55869
1.13063
3.46054
0.813191
1.11406
0.262126
0.726201
1.87932
0.89429
1.05478
0.374875
3.27273
0.942187
0.614978
0.9033
0.43106
0.833756
1.25101
1.15816
0.535073
0.254311
1.30883
0.803766
0.623434
0.515382
1.19061
0.994817
1.43809
0.621454
0.956283
1.27849
0.754912
0.647075
0.593949
0.68918
0.955947
0.800343
0.088393
1.40223
0.887431
2.21791
1.29241
0.964912
0.559941
0.404916
0.627068
0.70175
1.309
0.60865
0.969711
1.89012
0.452382
1.40183
0.289031
0.857874
0.514741
1.12217
0.930801
1.22649
0.478877
1.69746
0.979192
0.928183
0.653725
0.619721
0.693853
0.379159
1.45433
0.948209
0.873593
0.649857
0.770237
1.2338
0.54719
2.16064
0.82726
1.32492
1.4534
2.27785
0.733855
0.81542
0.908362
1.37463
0.48912
0.68749
1.07649
0.660671
1.13603
1.63702
1.13321
0.430443
0.783411
1.60996
0.578534
0.700046
1.35135
0.24888
0.973287
0.683997
0.874083
1.73951
2.31726
1.57315
1.06132
0.610716
0.901995
0.79215
0.334552
0.567942
0.829541
1.71938
1.31604
0.556964
1.36152
0.993699
2.04036
0.6026
0.545682
1.29012
1.21987
0.889189
0.875594
0.14417
0.823197
2.03209
0.72562
0.226991
1.65563
0.572653
0.4827
0.96266
1.45576
1.24954
0.951956
1.27409
0.377946
0.473421
0.770262
2.17735
0.65753
0.789177
0.479274
2.15344
0.647436
0.375372
2.63639
1.15842
0.515459
0.771316
0.56729
1.19226
0.676277
0.801632
1.47964
0.329888
1.616
0.516561
0.649845
0.968455
0.749198
1.11115
1.41756
0.727
0.894227
1.15505
0.951798
0.938756
0.599525
0.525518
1.57404
0.699196
0.74142
1.39811
0.227574
0.119687
1.23277
1.02266
1.57535
2.92773
1.17468
0.821511
1.00708
0.629473
0.726938
1.41357
1.04619
1.58624
1.81789
1.02272
0.769156
1.77727
1.07196
1.06962
0.716726
0.956007
1.43737
1.68706
1.0247
0.615578
0.531716
1.30025
1.33982
0.5184
0.721255
0.991537
0.793949
0.787063
0.279449
0.975971
0.80728
1.57308
1.05788
1.76906
1.74436
0.417016
1.03414
0.72995
0.72034
0.596965
1.35981
0.66994
0.987093
0.329695
1.00916
0.837804
1.14246
0.596887
1.3349
1.25062
1.05702
2.03602
0.954361
0.708079
1.59096
1.42156
0.915083
1.66115
0.398427
0.900189
0.993362
0.826116
0.961898
1.31117
0.639299
0.262464
1.44095
0.755149
0.627227
0.422726
0.799027
0.464172
0.644237
0.21939
1.06824
0.424916
1.28763
0.673876
0.756878
0.845363
1.08326
0.846865
0.563934
1.0254
0.95388
1.3357
1.1273
2.09413
0.680748
0.713624
0.942954
1.2689
0.225448
2.23163
1.91894
0.834709
0.714274
0.583627
1.00443
1.05431
0.230274
0.927364
2.29497
0.943079
1.25754
0.193869
0.812546
0.896158
1.46266
2.55983
0.124931
0.206085
0.579072
1.14595
0.447398
0.571986
0.127937
0.849251
0.773066
0.5289
1.13819
0.772547
0.83623
1.63171
1.28588
1.00438
0.715094
1.1501
0.719485
0.442069
1.23897
1.45969
1.28789
1.21818
0.174079
0.932915
1.40462
0.741503
0.887161
1.15406
0.838642
1.78802
2.22922
1.01499
0.868934
1.95632
1.47602
0.838061
1.04085
1.17645
0.164529
0.632997
0.808492
1.2035
1.01299
0.497704
1.42489
0.795959
1.02209
0.913884
1.11829
0.662164
1.38917
1.30912
0.615911
0.973762
1.27603
1.10095
1.72915
0.769937
1.5498
1.07271
0.360615
0.375835
1.35104
1.11935
1.92411
1.7702
0.352149
1.06404
1.49342
0.626281
0.937652
0.517758
1.55943
1.75837
0.377775
0.881293
0.744569
0.143917
0.536995
0.693774
1.54414
0.50764
0.58457
1.08497
0.498197
1.33594
2.43391
0.583073
1.49157
0.768514
1.15688
0.818184
1.10242
1.48122
1.61571
0.889511
1.23683
1.45236
1.04147
0.900385
0.715729
0.589681
0.693983
0.775668
0.622625
1.29595
0.954853
0.754459
0.535863
0.755014
1.18909
1.14016
0.876977
1.46855
0.965819
0.539716
1.10532
1.01487
1.82553
1.91141
1.72949
1.06295
1.01415
0.850887
0.39148
0.735124
1.32074
0.970864
1.37179
1.28853
0.812905
0.969169
0.525826
0.414424
0.838146
0.953213
0.50672
1.6809
0.846523
2.31218
1.25788
2.21011
1.43286
0.113939
1.03214
0.678435
1.11798
1.15691
1.53158
0.254169
1.41479
2.03844
0.667432
1.89328
0.964969
0.757038
1.00926
0.756201
0.963975
1.54032
0.315911
1.11828
0.652649
0.752254
0.891237
0.736427
1.75351
1.29905
2.63889
0.565424
1.89978
0.730016
0.994062
0.679389
0.167003
0.850252
1.126
1.69549
1.34594
1.59786
0.891188
0.878002
0.558427
0.675935
0.562593
2.18358
0.74495
0.992677
0.485355
1.08697
0.824326
0.80449
0.719015
0.576221
0.687409
1.17012
1.10604
1.04643
1.06851
1.07073
0.975508
1.8426
1.1262
1.46775
1.36399
0.900302
1.51873
0.510364
1.05078
0.713909
0.480392
0.64733
0.490775
1.45358
1.33674
0.746672
0.921573
0.790641
0.944125
0.879599
1.48967
0.77159
0.598452
1.00247
1.25116
1.5421
0.641127
0.658547
0.15989
0.431366
0.449589
0.570313
0.604964
0.966136
1.38968
1.54276
1.49487
2.30872
0.827217
1.32354
0.951503
0.65876
1.14294
1.1325
1.14303
0.960632
0.368964
0.556891
0.822081
1.40393
1.9479
0.386105
1.11101
2.49907
0.506157
0.327661
0.702124
1.11926
1.69135
1.69356
1.13815
1.33918
0.134585
0.854669
1.76519
0.362778
0.518154
0.86083
0.821466
1.0926
0.63378
1.19827
0.930962
1.04332
0.82087
1.4681
1.20076
0.61513
0.737325
1.00163
0.676825
1.32323
1.4433
0.67056
1.17622
2.41954
1.38482
0.970292
0.493616
0.438877
1.58665
0.950932
0.619536
0.880843
1.84116
0.88268
0.59345
0.72787
0.288601
0.205493
0.707491
1.11638
1.11179
0.388706
1.15734
1.40686
1.12929
0.440191
1.67165
0.716237
0.483627
1.20314
0.701175
1.29781
1.06463
1.28046
0.915835
0.891395
1.12199
1.56146
0.660451
0.952922
1.80124
1.21701
1.07963
0.737055
0.270997
0.527774
1.11038
0.684768
0.644057
0.584115
1.58971
0.769635
1.81159
1.19311
1.32791
1.24772
1.10551
0.756265
0.922209
1.01211
0.569956
0.710779
0.491542
0.654867
0.919996
0.722328
1.51064
1.07027
1.19161
0.603904
0.764483
1.13594
1.43589
1.69798
1.39407
1.31704
1.40786
0.597263
0.811255
1.14086
1.30171
0.907229
1.09622
0.246579
0.922954
2.18923
0.51665
0.815855
0.339011
0.507281
0.858408
1.00259
0.809027
1.05702
1.29119
0.963296
0.910735
1.71013
2.50076
0.446786
0.801107
1.43499
1.08329
0.878085
0.816555
0.501499
1.15101
1.22979
1.05213
2.65023
1.01706
0.714607
1.55425
0.652361
1.16677
0.875109
1.25322
1.62617
0.342847
2.46156
2.41693
0.750163
1.12639
1.86184
1.1166
0.214521
0.902882
1.20702
1.3145
1.41192
0.749924
0.888498
0.820297
1.78315
1.19599
2.02027
1.10699
1.53661
1.25347
0.808014
0.560283
0.540361
1.02338
1.14607
0.486684
1.77423
1.25016
1.47743
1.87148
2.25544
0.891227
0.569196
0.992452
0.849412
0.771177
0.863663
1.10084
0.964866
0.379638
1.46993
0.953719
0.940084
4.14163
0.833447
0.163323
0.879193
0.33471
1.14768
0.908968
1.10059
1.27024
1.21138
0.317871
1.25477
1.13418
1.08821
0.652894
1.24125
0.0608276
0.734188
1.40985
0.717801
0.675044
1.45152
0.946977
0.581454
0.3245
0.770664
0.690291
1.97086
0.167326
0.78966
0.768876
1.43753
0.592349
1.52584
0.907584
2.36103
0.938229
1.01832
1.27913
0.954049
1.10527
1.07252
0.208013
0.293236
1.16673
0.850007
0.70722
2.30109
0.734076
0.755711
0.614971
2.12772
0.809245
1.21153
0.109342
0.911745
1.67281
0.86711
0.538662
0.993679
0.778163
1.8992
0.894535
1.33991
0.558645
0.666389
0.267293
0.892885
1.50398
0.348675
1.57573
2.45649
1.06054
0.56039
0.680634
1.04454
0.92473
0.712027
0.645637
1.00174
1.53881
0.372109
0.789069
2.35423
0.66296
0.977951
1.46457
0.233786
1.02595
0.769488
1.02024
0.796108
0.585003
1.55728
0.58878
0.912733
1.0451
0.614595
1.55101
1.90349
0.984685
0.730534
2.38107
1.01209
0.244645
0.857578
1.68434
1.853
0.714265
0.678676
0.483148
0.914501
0.57895
0.859959
0.879849
0.479198
0.65175
1.18651
1.09764
0.77585
0.420849
1.75834
1.00415
0.923774
0.323193
1.18094
1.12433
1.59472
0.943621
1.01108
1.3826
0.959821
0.908573
1.17783
1.01798
1.13974
0.342942
0.941646
0.631614
0.402966
1.42648
0.593433
1.00159
0.860637
0.77792
0.768487
1.00406
1.38185
0.861737
0.580623
2.15525
0.309597
0.674145
0.665861
0.512957
1.0738
1.13506
1.57199
0.837126
0.948843
0.909889
1.49283
2.41403
1.71114
0.525004
0.900871
1.66059
1.15835
0.688898
1.4299
0.720434
1.12632
1.01646
0.708507
0.707865
0.690714
1.16203
0.695111
0.665002
0.893863
0.474806
2.43406
0.353238
1.03955
1.12896
2.25506
1.12472
0.90468
0.667381
1.15775
1.04273
1.02204
0.452546
0.739816
1.11695
0.94467
1.56471
1.16017
0.657646
2.23391
1.03917
1.63566
0.312914
0.487128
1.60789
0.956312
0.910119
1.13965
0.861313
1.00782
0.500153
0.602218
1.79213
0.807456
0.766878
0.789495
0.951521
0.378256
0.435289
1.29508
1.12558
0.695361
1.23249
0.44076
0.728518
0.429492
1.31912
1.53852
0.970585
0.939064
1.07002
0.519694
0.561211
0.755075
1.01803
0.456727
2.2552
1.43811
0.34953
2.57051
0.661831
1.40799
1.15749
0.795268
0.84822
0.436081
1.3984
0.802828
0.859263
0.633386
0.897423
0.996745
1.93297
0.694355
0.978302
1.034
1.32742
1.18243
0.768047
0.935804
0.559701
0.396795
0.492144
0.658934
0.686933
0.720334
1.08827
1.37279
1.25133
0.321635
1.25097
0.880315
2.21026
1.23639
1.1197
0.73558
0.753048
1.02696
1.7298
0.999425
0.470348
0.081535
1.35407
0.632021
1.89585
1.14762
0.74742
0.401656
1.43246
0.844478
0.41677
0.770553
0.862326
1.02468
2.28635
2.26597
0.877054
0.547156
1.53085
2.0837
0.9817
0.977638
0.119829
0.812194
0.990246
0.839356
0.767421
1.28803
0.837222
0.859593
0.964523
1.48929
0.98466
0.51986
1.05404
0.872347
1.38026
2.32762
0.896134
1.0194
0.625873
1.92715
0.818942
1.64375
1.43931
0.729039
1.80277
1.01649
1.45722
1.31362
1.58343
0.877011
0.922218
0.766019
1.21928
1.18412
0.840313
1.37119
0.494429
1.4855
1.19627
0.236401
1.14214
2.60999
1.4383
1.83869
0.852161
0.253572
1.14269
1.08016
0.740438
1.51091
2.8642
0.783015
1.72426
0.993332
0.606141
0.747058
1.10686
0.769294
1.36737
0.919167
0.750889
0.27464
0.838904
1.79896
0.61142
0.801834
0.515936
0.0530289
0.664652
0.838877
1.78924
0.708402
0.386207
2.81854
0.799574
0.669128
0.389441
0.701143
1.1355
0.540575
0.946329
0.652645
1.34917
1.17757
1.07386
0.826314
1.12315
0.428218
0.684012
0.878682
0.709152
0.957463
0.414897
1.58282
1.81153
2.57134
0.64081
0.174078
1.2178
0.704586
1.9997
2.2833
0.237237
0.757007
0.936768
1.24136
1.95747
0.949329
1.70008
0.693665
0.701215
0.611876
0.711403
1.70113
0.581907
2.135
1.06175
1.25041
0.439212
0.938569
1.35179
1.0578
0.570434
0.52009
1.31363
0.710595
0.72691
0.129306
0.508664
0.994941
0.583446
1.39309
1.31459
0.696794
0.671243
1.1014
0.577287
0.60126
0.94914
1.38418
0.831061
1.32805
0.573575
1.44528
0.861057
0.672779
0.87849
1.55094
1.11674
0.103906
0.798177
0.932849
0.787927
0.574379
1.70463
1.09373
0.73859
1.13738
0.910583
0.754735
1.2574
0.710341
0.374134
1.0778
0.774491
2.55488
0.468002
1.58654
0.788132
1.44589
1.08162
0.880394
1.17999
1.45911
0.977299
0.612546
1.1769
0.965306
1.88684
0.763534
1.57382
0.641183
2.60368
1.14148
1.17284
0.863909
0.853539
0.299265
0.438681
1.26945
2.12412
0.86344
1.20453
0.320826
0.214554
0.388585
0.965515
1.37703
1.40408
0.782317
0.836883
1.35469
1.13679
0.594115
0.931186
0.243909
0.45485
0.56055
1.28252
0.705861
0.499962
0.499801
0.83436
1.05001
1.23832
0.870446
1.24705
1.43565
1.46781
0.672478
0.79756
0.671044
0.334127
0.679381
1.52915
1.2261
1.31032
0.273576
1.34941
0.504988
0.991603
0.607614
1.04311
1.08503
0.426411
0.826938
0.831356
0.396869
0.647135
1.0726
0.571
1.64321
0.521221
1.44889
0.447003
0.83729
0.519978
1.15266
0.493677
1.74381
1.52017
1.56621
0.847898
1.42329
0.777514
1.62284
0.889487
0.31374
0.802575
0.595238
1.04377
0.571675
1.02682
1.17308
1.17714
1.16258
0.352567
1.79057
2.66207
0.475148
1.07101
0.470459
1.34968
0.150849
0.53187
0.464681
1.30067
0.765321
1.0854
1.34949
0.543441
0.794639
0.966826
1.82054
0.385083
1.05783
0.300868
0.919847
1.55433
1.94737
1.07538
0.702349
0.688475
0.352989
0.814845
0.404132
0.639893
1.04612
0.836899
0.361629
0.383168
1.81734
0.224194
0.48622
0.250519
1.87723
1.21023
0.64218
0.336114
0.448657
0.953154
0.670845
1.21025
1.03242
0.814851
0.406114
1.60608
1.16206
2.00034
0.419804
0.76494
1.09541
0.734578
1.29512
1.53668
1.2741
0.505739
1.11669
0.650403
0.780752
1.76791
0.626246
0.349527
1.27662
1.7035
0.845764
0.59919
0.935116
0.417712
1.10349
0.582636
0.61704
1.58987
0.593577
0.475209
0.854653
0.688047
0.711129
1.20867
1.44465
1.95591
0.956947
1.2818
0.79188
1.51726
0.924489
1.72422
1.01979
0.683214
0.263906
2.0266
1.28136
1.25884
2.08703
1.69681
0.724955
0.728014
0.646935
0.970096
1.0068
0.431169
1.16323
0.848751
0.562318
0.870109
0.355703
1.67669
0.935688
0.384421
1.2555
1.0773
0.70139
1.05369
0.922284
1.28763
1.09008
1.44122
1.89122
0.644886
1.95348
0.700749
0.987163
0.241778
1.31891
1.73353
0.726926
1.08965
0.237322
1.0462
0.929775
1.07148
2.1296
1.22668
0.772304
1.80532
0.657934
0.738921
0.956429
0.662881
0.37245
0.959705
1.65243
2.26341
1.87777
0.330446
1.15201
1.03885
1.53318
0.859396
0.540457
0.459738
0.869058
1.14093
1.16729
0.69411
0.825956
1.56902
0.63947
1.07253
0.700894
0.471345
1.11863
0.214436
1.85935
1.91279
0.456397
0.540816
1.48529
0.975021
0.498267
0.666879
1.14371
0.721412
0.374356
0.50362
0.799864
2.01506
1.02869
1.19732
1.13333
0.777798
0.056964
0.786132
0.699917
2.52515
0.754525
1.07187
0.648964
1.36974
1.03634
0.595001
1.22341
1.70353
0.325362
0.508236
0.767815
0.427566
0.791642
0.596179
1.5451
0.331103
0.784259
1.07268
0.667415
0.226073
0.474347
1.33651
0.75524
0.196609
1.08436
0.456389
0.875177
0.853336
0.745611
0.637042
0.862582
1.66689
0.851067
1.45996
1.12264
0.370069
0.261376
1.25319
0.998017
0.736256
1.01134
0.981601
0.0824601
1.03123
1.45035
0.88699
0.634083
1.7358
1.25634
0.90488
0.572537
1.50952
0.486217
1.24147
0.773338
0.494028
0.654224
0.989935
0.92145
0.735136
0.334015
1.49198
1.87261
1.04076
0.743401
1.73116
0.878835
0.679909
1.15487
1.61616
0.864288
1.04886
1.53128
1.42139
1.52397
1.36442
0.701369
0.93876
1.55523
2.08577
1.29339
1.40513
0.569417
0.770062
2.31144
1.49353
0.572299
0.25743
0.386845
1.0782
0.852644
1.19928
0.861855
0.632422
0.915928
1.36551
0.598749
0.722712
1.00206
0.896078
0.61919
1.64114
1.89185
0.857354
0.559838
0.736889
1.11782
1.52326
0.572459
1.99313
0.291257
1.22804
1.15481
0.665478
0.646072
0.499962
0.966699
1.29128
1.04771
1.59423
0.887664
0.820185
0.870252
0.83196
0.520643
0.967534
1.17366
1.26235
1.48154
1.18902
2.55034
1.09517
0.652337
1.72027
1.79015
0.924698
1.10157
0.513892
0.607865
0.519178
1.97771
0.93355
0.984816
1.37095
0.759389
0.575043
0.998487
1.04802
0.611856
0.546039
1.18912
2.50336
0.981216
0.334541
0.891644
1.18698
1.4136
0.48644
0.690795
0.407446
0.475594
1.23911
0.732517
0.530687
1.46063
1.10896
1.18974
0.505317
0.425397
1.79208
0.972768
0.738119
0.623569
1.09787
0.583081
1.53868
0.593078
0.493703
0.29753
1.65686
0.845564
0.971371
0.912853
1.3301
1.60698
1.3379
0.556629
1.08812
1.02727
1.04732
0.922696
1.04283
1.22815
0.867845
0.430743
0.758671
1.19506
1.5382
1.19941
0.905628
1.7019
1.47634
0.626944
0.59169
0.595251
1.3221
1.08116
2.46312
0.216086
1.33886
1.83842
0.496395
0.83261
0.442531
1.36936
0.896748
1.00967
0.934544
0.931351
1.51843
1.3966
1.11198
1.20824
0.825912
1.02789
0.520406
0.855981
0.867636
0.693558
0.850309
1.92773
1.65938
2.3601
0.716162
0.818102
1.48006
0.957998
1.76777
1.40994
0.3474
1.3008
0.913595
0.305223
0.61427
0.926304
0.825581
0.97845
1.32176
0.736943
0.465249
0.576991
0.9424
0.56354
1.09557
0.439806
0.630282
0.705816
0.710129
1.74796
0.494757
0.935294
0.937271
0.954698
1.12916
0.823689
0.866755
0.939575
0.70606
3.25617
0.97671
0.187778
0.27404
1.18707
2.86215
0.712403
1.00731
0.934895
0.897522
0.427828
0.553023
0.189159
0.851116
0.714907
1.07458
0.680755
1.40609
1.58625
0.813684
1.04905
1.68246
1.16488
1.76395
0.597633
0.55399
1.1096
0.924848
1.54563
1.98266
0.905089
0.422953
0.698352
0.568948
0.846304
0.769032
1.13141
0.169924
0.711565
1.39081
1.3321
0.861706
0.90992
0.0744237
0.666254
1.30141
1.57674
1.27479
0.872256
1.06758
1.23084
1.05546
0.712833
1.85155
0.952165
0.84691
1.65539
2.21073
0.872022
0.726285
0.8881
2.06618
1.12187
0.822913
0.768337
0.954589
1.41841
1.19205
1.7948
1.67417
0.434967
0.935558
2.16046
1.30813
0.615348
1.05476
0.715366
0.861095
1.42331
0.636763
0.658022
2.12984
1.24113
0.32903
0.494532
0.862116
0.856464
1.23592
0.812482
0.745262
1.40096
0.656134
1.07051
1.19857
1.15366
0.741769
2.25118
0.791539
0.579444
0.837852
0.254913
0.685522
1.00845
1.5087
0.732822
2.24953
0.979574
1.142
1.11749
0.48117
0.3509
0.928478
0.921043
0.23759
0.933501
0.0641901
1.10551
0.987435
0.594691
0.453836
0.901612
1.54187
0.272431
0.73961
1.01862
1.10876
0.747224
2.01467
0.820673
1.72251
0.429466
0.574679
0.588888
1.5094
1.53154
0.728697
0.659444
0.586005
0.688484
1.70539
0.930853
1.13092
2.20253
1.33768
0.7792
0.567359
0.52909
0.85211
1.65676
0.946015
0.718168
0.984205
0.248319
0.880963
0.870209
0.237423
1.34782
0.711466
0.822302
1.11851
1.02133
1.25308
0.263351
1.2822
1.30811
1.3247
0.482384
1.04554
1.59349
0.45986
1.41714
0.652234
0.920987
1.68821
0.442547
0.753186
1.23028
0.231757
1.22924
0.749801
0.788536
0.786719
1.96157
1.04746
0.994548
0.716877
0.976071
0.782265
0.794713
0.870934
0.484711
0.63509
0.848699
1.08168
0.834968
1.23049
0.51628
1.16924
0.491756
1.64448
0.95588
0.781764
2.05378
1.08306
1.01417
0.854393
0.940761
1.70672
0.628869
1.45068
0.562383
0.845287
0.452335
0.699566
1.42562
0.225576
1.79638
1.21778
0.88137
0.747812
1.24319
1.09497
0.952833
1.06018
1.00036
1.20235
0.217948
2.17667
0.308522
1.31645
0.942571
0.794549
0.985174
1.07658
0.799048
0.889476
0.15404
2.02852
1.13604
1.70355
0.224081
0.791204
0.664301
0.109775
0.993754
0.447247
0.870465
0.946738
1.18179
0.164097
1.1959
0.301384
0.856626
0.828572
0.894476
0.560683
0.604709
0.890769
1.77458
0.589849
0.890145
0.540401
0.987777
0.842076
0.196155
1.26962
1.07173
0.805029
1.61358
0.6859
1.16285
0.239981
0.831122
0.866921
1.92518
0.972509
0.822859
0.344445
0.640667
0.648128
0.871177
0.718468
1.81105
0.833384
2.35954
0.825655
1.04821
0.69672
0.508156
0.843793
1.86191
1.35584
0.505029
0.909602
1.26689
0.912393
0.785569
1.00124
1.04958
1.74402
0.619014
1.54948
0.76435
0.470529
0.929287
0.949906
0.602221
0.90701
1.09612
1.56821
1.47378
0.951206
2.41375
0.324612
0.869473
0.787329
2.35295
1.30271
0.722901
0.147152
0.95402
1.96494
0.952468
1.30252
1.05954
2.37792
1.14741
0.883654
1.22452
0.799749
0.675293
0.763089
1.37662
1.36107
1.09643
0.592016
1.02566
1.31871
1.23838
0.536083
0.762362
0.97783
0.698243
0.634767
0.635102
1.0675
1.88209
0.343891
0.673858
0.412995
1.661
0.638383
1.17324
0.715895
0.401067
1.34335
2.24495
0.944258
0.209814
0.986139
0.0647657
0.846583
0.35654
1.78377
0.705107
0.810941
0.724458
1.32593
1.11394
1.09445
0.647943
1.07637
1.38008
0.775807
0.794541
0.270983
1.49739
0.522589
1.72108
1.60854
1.05849
0.319771
1.29217
1.00707
0.997091
1.67049
1.15616
1.0654
0.803515
1.53905
1.4503
0.722995
1.00596
0.959242
1.1136
0.891982
0.466317
0.619417
1.20327
1.53754
0.351744
2.65635
1.49556
1.05576
2.16154
3.01662
0.442495
0.709817
0.899603
0.676394
0.204366
0.448488
1.35669
1.05853
1.05333
1.0443
0.482334
1.2888
0.87285
0.728284
1.84343
1.3498
0.374809
0.600423
1.52476
0.546495
1.24748
0.397589
0.543983
0.746873
1.51333
0.743365
1.34433
0.837445
2.09241
1.12641
0.666224
0.42802
1.34759
1.16917
0.795438
1.19221
0.499199
1.89206
1.12512
0.73912
0.784679
1.41229
0.394112
0.689199
0.576888
1.08048
0.312147
0.923097
1.94037
0.919717
1.93093
0.541009
0.749368
1.08963
2.45726
0.821574
1.04484
1.04033
0.765607
0.86801
0.861665
1.62201
1.06274
1.5467
0.772133
1.21433
2.50218
1.60272
0.673059
1.08188
0.625311
1.61175
1.67713
1.55444
0.547486
1.39974
0.34972
1.44338
0.701315
0.479258
1.0385
0.797558
1.22945
2.6608
0.751128
1.4931
0.722776
0.358119
1.02558
0.398699
0.353132
2.02556
0.864889
1.44949
0.86699
0.970963
0.400085
1.33308
0.655076
0.880414
1.43096
0.712261
1.55567
0.811281
0.118441
1.16801
1.1067
1.38429
0.230364
1.2808
0.54916
0.951138
1.0504
1.43623
0.588793
1.0653
1.20948
1.04352
1.1744
0.627503
1.2893
0.678499
0.798988
3.23362
0.796484
1.45246
0.6935
0.919611
0.228792
0.951706
0.473381
1.35172
0.685164
0.833671
1.50715
0.967685
0.545679
0.463479
0.568857
0.541139
1.43934
1.19882
0.897339
0.670676
0.848274
1.54956
1.04736
0.732537
0.520508
0.895989
0.365022
1.49911
0.273008
1.04987
0.251448
0.950431
0.625064
2.13347
0.579993
2.37321
1.06682
1.09229
1.21043
0.917077
0.36978
0.295021
1.2296
0.808725
1.24451
1.04971
0.539781
0.552438
0.919142
0.466091
1.66342
1.36472
1.23456
0.119914
0.964169
0.637093
0.870456
0.838433
1.77679
0.740897
0.533325
0.986601
0.543716
0.787236
0.678812
1.43165
1.00372
1.16179
1.48649
0.642001
1.15705
0.958159
0.284134
0.116743
0.900745
1.10436
0.777239
1.26866
0.893211
1.15579
0.239878
0.728962
0.586239
0.350514
1.32394
0.159085
1.21462
2.27262
1.11684
0.944976
0.615262
0.512796
1.47226
0.441747
0.292199
1.54982
0.996789
1.66975
1.02962
0.555609
0.764371
0.810266
1.44851
1.04857
1.13558
1.24198
0.991084
1.07002
0.326966
1.78714
0.788519
0.905912
1.09552
1.35747
1.41716
1.41163
1.3306
1.87297
0.90017
0.818658
0.470147
1.47839
0.767759
1.20037
0.373979
1.10677
0.728512
0.452483
0.538388
1.15205
0.571714
0.876893
1.18773
0.452978
0.560343
1.51155
0.541614
1.37165
0.802216
1.68706
0.974354
0.899496
1.13063
0.272522
0.887792
1.48758
0.919444
0.93903
0.690485
0.56669
0.218152
0.633839
0.710331
2.32117
0.474425
1.28628
0.492704
1.05571
0.980897
1.16224
0.89919
0.823482
0.585335
0.501134
1.11325
0.555958
0.594886
0.326565
1.03565
0.784813
0.974961
0.437346
0.760072
0.968022
1.13972
0.658346
0.278523
1.87513
0.713368
1.11958
1.00573
1.46726
0.662049
0.417135
1.23878
1.37782
0.941147
1.27638
1.92064
0.424168
1.11707
1.54984
0.762054
1.97398
0.654203
0.53239
0.837279
0.776726
0.747174
0.53551
1.34101
0.378369
0.72605
1.91893
0.47269
0.755737
1.20714
1.31602
0.363357
0.540287
0.688336
0.706279
0.879976
1.43333
1.30473
1.55453
0.683199
1.22702
0.872935
0.450328
1.09287
0.395299
0.933139
1.75923
0.921257
1.07141
1.16917
0.675927
1.14712
1.55329
0.940449
0.869868
0.483684
1.0223
0.881189
0.902701
1.13297
1.67518
0.83368
0.496994
0.899669
1.30602
1.20909
1.28813
1.78273
0.0889984
1.00735
0.8981
1.28029
1.41218
0.791859
0.693147
1.34919
0.685026
0.465964
0.556699
1.09614
0.484461
1.07882
0.533261
2.4875
1.91986
0.398531
2.61961
0.837069
0.881916
0.562089
0.261014
1.48615
0.967407
0.983728
1.09134
0.814586
0.851365
0.983744
0.594316
1.5985
1.50534
1.2275
0.582681
0.937237
0.548371
0.826053
0.455452
0.838166
0.953352
0.759372
1.03088
0.424846
1.48287
1.61844
0.467427
1.49627
2.04795
0.489383
0.69873
1.23116
1.21074
0.732479
0.634956
0.79381
0.423775
0.92826
0.906205
0.279569
0.749873
0.558623
0.980148
0.340766
0.819696
1.10233
0.850594
1.39863
0.735005
0.957781
1.05329
0.648611
0.0823967
0.756584
0.575437
0.771385
0.785416
0.960141
0.115761
0.705585
0.63279
1.4227
0.869772
1.58517
1.64266
0.902019
0.897961
1.22219
0.25717
0.704013
0.759169
0.177426
0.626737
0.677427
0.633544
0.998474
0.567879
0.886574
1.03025
1.36138
0.510262
0.374415
0.342782
1.22818
1.00689
1.20867
0.713773
0.442457
0.363648
1.01994
0.253018
0.291764
1.30296
0.910205
0.926721
0.595776
1.08559
0.732864
1.92878
0.817111
0.335962
0.633145
0.892122
0.899253
0.375136
0.7957
0.900112
0.537457
1.5973
2.10418
0.586486
1.61545
0.884293
0.703514
0.601233
0.668323
0.787226
0.895979
1.53406
0.580755
0.610023
0.442939
0.349609
0.769221
1.07952
1.7587
0.924109
0.602677
1.07897
2.28936
1.32935
0.529797
0.445455
1.43367
1.16718
0.0363804
1.37853
0.669876
0.876738
1.34476
0.711002
0.392077
1.67465
0.451507
0.876755
0.316472
0.300688
1.23409
1.26678
1.07062
1.16654
0.940159
0.701153
1.38118
0.677261
0.461259
0.787235
0.706699
0.471282
0.66327
1.94493
0.563323
1.49877
1.15373
0.940196
2.54537
1.05488
2.81841
1.14734
0.736141
1.36032
0.779789
1.1819
1.22053
1.27218
0.980275
1.36226
0.605
1.24742
1.00481
1.00285
1.54143
0.625006
1.53616
1.48652
0.716721
0.909489
0.992771
0.452312
1.45558
0.711208
0.533228
1.50543
0.418525
0.722171
0.646838
0.565168
0.857541
1.74576
0.670122
0.590206
1.32519
0.961901
0.118977
0.853714
1.09441
0.83457
0.96713
1.0726
1.83453
0.89286
1.4591
0.597002
0.771072
0.941859
0.764953
0.809606
1.336
1.04193
0.523292
0.696846
0.186076
0.268136
0.871009
0.926965
1.60846
1.15534
0.57393
0.720404
0.655564
0.22533
1.46276
0.9844
1.20003
0.497779
1.26476
0.430848
2.85029
1.01682
0.16503
1.16856
1.66906
1.16478
0.540036
0.798661
0.499128
1.50788
0.571939
0.387404
1.04324
0.827669
0.733653
1.37784
1.83347
1.0539
0.806382
1.57619
0.695668
0.685172
1.32801
1.74984
1.0546
0.904444
1.29503
1.22964
0.420362
0.336946
0.338916
1.31491
0.902307
0.150039
0.435795
1.40763
1.13722
1.08457
1.33749
0.448323
1.23006
0.96519
1.0911
1.46468
1.41994
1.17077
1.08724
0.731517
1.05066
0.469614
0.569505
1.15535
0.453446
1.24666
0.655105
0.317673
0.788123
1.08213
1.82862
0.526142
0.725528
1.19979
0.752561
0.803592
0.860812
1.62572
1.25196
0.253413
1.53072
0.189724
1.08093
1.44029
0.745842
0.812046
1.53514
0.380441
2.20526
0.441732
0.784982
1.02772
0.774238
0.961613
0.768971
0.99349
1.54391
1.64709
0.651514
0.279665
0.753174
1.50104
0.251372
1.63082
0.520637
0.702693
0.646231
0.398711
0.774734
0.689598
0.722091
1.38788
0.393888
0.28712
1.17035
1.25607
0.614017
1.23934
0.812709
1.99695
0.440378
0.349349
0.501537
0.774632
0.812488
0.69292
0.624159
0.533554
1.01848
0.88709
0.122517
0.678372
1.49263
1.28599
0.971643
0.299049
0.648132
0.439921
0.266406
0.671479
0.571659
0.215538
0.600791
0.732491
0.641494
1.07689
1.25801
0.726939
0.989104
0.760262
0.823043
0.286436
1.2042
0.946256
1.08754
0.631339
0.843496
0.661548
0.631286
0.361188
1.61539
0.865735
0.213035
1.09223
1.76824
1.56213
0.566013
0.319897
0.990455
0.745848
0.536263
1.27459
0.723863
0.562181
1.34469
0.26597
0.482638
0.860779
0.347954
0.559818
0.526913
1.88476
0.271542
2.14586
1.29857
0.855598
0.760168
0.900744
0.944603
1.02536
0.855607
0.726095
0.633249
1.5495
0.42288
1.48683
1.13796
0.803239
1.57133
0.887983
1.11275
0.190293
1.02992
0.827796
1.06609
0.710915
0.98979
1.08854
1.08084
1.09955
0.558495
0.638358
0.611918
1.32444
1.29377
0.20076
0.727817
0.433699
0.251907
0.722554
1.20313
1.33434
0.551249
1.74067
0.836121
1.65289
0.472992
0.93333
0.362379
0.693502
1.38233
1.98897
0.950215
0.995347
0.427478
1.00894
1.17555
1.29571
0.720759
0.948534
0.414199
0.442125
0.490203
1.63084
0.540489
0.919362
0.315648
0.136915
1.50123
0.837143
0.652102
1.33335
1.56393
0.816232
0.939913
1.02579
0.35536
2.67629
0.565794
0.324609
0.737572
0.682917
1.15445
0.910005
1.17885
4.27804
1.63494
1.10732
1.06169
0.863816
1.8097
0.346022
0.702816
1.07501
1.28622
1.03821
1.149
0.481607
0.229668
0.18015
0.511579
1.30631
1.01831
0.937432
1.51784
0.383452
0.648423
1.14908
0.957267
1.02208
1.01466
0.924782
2.38598
1.88505
0.0205457
1.70035
1.4396
0.647543
1.05631
0.42402
0.673918
0.81639
0.938118
0.037542
1.16189
1.03448
1.14902
0.696327
1.55598
1.22101
0.980393
1.23991
0.66072
1.12015
0.961935
0.938975
0.761833
0.658938
0.871614
1.3079
1.80325
1.13217
1.82779
0.923557
1.1017
0.690831
1.30769
1.68747
0.941636
1.60484
0.784474
1.28682
0.400696
1.54138
0.908134
0.704099
0.995851
1.06583
1.33757
0.548105
1.19129
0.92899
2.18394
1.25671
0.792032
0.966284
0.597437
0.48061
1.54574
1.19419
0.889552
0.509867
0.742611
1.2132
1.21989
0.281154
0.715341
1.29007
1.29326
1.46287
1.36331
0.604799
1.23823
0.43543
0.990222
0.723959
0.655599
0.878626
0.676087
1.47576
0.830624
0.677665
1.12589
0.975724
0.743241
1.30376
0.937656
0.939129
1.07229
1.03637
1.5235
0.506173
1.991
0.996727
0.654311
0.932981
0.634155
0.944637
1.34126
1.09047
0.920178
0.884574
1.29466
0.422344
0.743355
0.661682
1.2314
0.964416
0.764071
0.587547
1.14132
0.783873
1.34358
1.13742
1.31427
0.4715
2.26711
1.42355
1.1521
0.832961
0.724419
2.15277
0.569235
0.112275
1.03084
0.85868
0.536001
0.968233
1.47439
0.987402
1.15192
1.20829
1.33022
0.540442
0.237828
2.11551
0.77942
0.801826
0.781744
1.28028
0.881318
0.840083
1.383
0.748798
2.12992
1.35903
1.38052
0.497489
1.39406
0.921476
1.17426
1.5376
0.786046
0.735906
1.00055
0.869122
0.715813
1.29845
1.39876
1.11651
1.13214
1.03541
1.23351
1.08247
0.891623
1.45892
1.26478
1.2165
1.6053
0.475728
1.17833
0.498983
0.494723
0.686001
1.16558
1.40343
0.653163
0.827444
0.148923
1.35038
2.94375
1.90931
0.888008
1.1084
1.24071
0.611483
0.78615
1.02294
0.826686
0.342703
1.20168
0.93678
1.48906
1.57458
1.01167
1.11496
0.935489
0.841789
0.498646
0.812037
0.428866
0.613326
1.27731
1.5085
0.979861
0.397914
0.562268
0.153284
0.689996
0.613484
1.61456
1.01284
1.62144
0.803705
1.14108
0.245162
1.92651
0.278008
1.2914
0.442605
0.565438
0.972313
1.84105
1.35774
2.14872
0.7326
0.967409
1.30846
0.275933
0.226052
1.26093
1.44551
2.48695
1.46963
0.135979
0.987777
1.27148
0.442851
1.68426
0.611043
0.460984
1.97409
1.18057
0.758735
0.93525
0.571797
1.3926
0.445465
0.187732
0.849054
0.636536
0.773909
0.660962
0.67687
0.423173
0.878842
0.149248
1.23319
1.3328
0.795736
1.55043
0.310851
1.01928
1.33022
0.765351
0.88004
1.49199
0.799474
0.245649
1.66606
2.13941
1.03992
0.259926
0.729174
1.11762
0.843442
1.18183
0.654472
0.492993
1.13097
1.29623
1.01235
1.31481
1.35028
1.89599
0.0908262
2.37383
0.750049
0.0738339
1.02718
0.567457
0.534057
0.619046
1.62121
0.579655
0.16723
0.45132
0.766348
1.29598
1.7068
0.799504
0.263015
1.72499
0.269944
0.862521
0.357833
1.68175
0.685301
0.817863
1.05107
0.933556
0.665957
0.132376
1.72522
0.671654
0.966859
1.62274
2.52772
1.18436
0.0531764
0.607673
1.02571
0.69616
0.413174
1.38359
0.264841
0.985015
0.399245
0.384305
0.2919
0.36137
1.18278
1.78814
0.680496
0.391194
0.488455
0.360492
1.34772
0.544277
0.712844
1.86713
1.40503
0.803235
0.785578
0.817316
0.535736
1.35563
2.23127
0.680617
1.12281
0.678417
1.07034
0.669056
0.207777
1.44783
1.83882
0.734554
0.61827
0.76712
1.02776
0.936239
0.879826
0.958728
0.529404
1.70734
0.60437
0.198321
1.608
1.35703
0.588885
0.316105
0.742491
0.20976
1.08982
0.318685
0.717593
1.27593
0.857936
1.87697
1.33781
0.956972
1.93692
1.26512
1.31503
1.47043
0.48534
0.611172
1.94982
0.727447
0.382116
0.884747
1.68805
0.698252
1.64495
0.398659
0.685587
1.32681
0.858978
1.03284
0.444617
0.710817
0.541155
0.780095
0.773229
0.567479
0.784773
2.1291
0.973147
0.359608
0.77387
0.969363
0.842268
1.00214
0.285693
1.23301
0.592849
0.985323
0.905498
2.03959
1.7282
1.38477
0.848245
1.25371
1.08118
0.984184
2.95603
1.33698
1.16618
1.90718
0.799884
0.569679
1.06963
2.02754
2.27003
1.8868
1.0425
1.31691
0.339997
0.652396
0.668061
1.06594
0.810213
0.783796
0.867458
1.61937
1.39
0.436427
0.659735
1.53683
0.781534
1.89062
1.01436
0.791267
1.04592
0.535434
1.2046
1.87371
1.8249
1.62575
0.825548
0.493355
1.99637
0.871906
1.49237
0.336573
1.51869
1.51486
2.54256
1.20649
0.587833
0.611446
0.619457
1.32438
0.290144
1.27184
0.700166
0.784011
0.794669
0.924766
0.232137
0.843384
0.381408
0.975811
0.696543
1.44717
1.67827
0.953469
0.466048
0.462678
0.927032
0.897416
1.09714
1.22594
0.95403
0.741284
0.781621
1.1236
3.01417
1.07599
1.47492
0.802358
1.08202
0.402627
0.959969
2.02384
0.522525
1.40072
2.28792
1.26394
1.97183
1.30016
1.06955
0.895746
1.34871
1.55444
1.26702
0.69354
0.862988
1.26952
0.454911
0.834564
0.262802
0.520807
0.88878
0.1781
0.837289
0.609593
1.03316
0.602739
1.1903
0.644219
0.982423
1.66511
0.397195
1.89831
1.54988
1.27723
0.281702
0.881178
0.359776
0.794001
0.834496
0.527895
0.417038
0.138504
0.506751
1.36067
1.19098
0.393259
1.69598
1.22962
0.587908
0.180343
0.663984
2.00861
1.11985
0.992502
1.24261
0.716994
0.769269
0.488625
0.981826
1.1306
1.15461
1.00072
2.49648
1.63805
2.295
1.02125
1.1048
3.34265
0.73194
0.798679
0.514709
0.179769
2.01698
0.702125
0.71935
0.868971
1.62147
0.542495
1.1756
1.26588
0.800767
0.711453
2.10479
1.36134
0.327534
0.650431
1.45139
1.74733
1.00041
1.14713
0.468333
0.674068
1.92972
1.56732
0.428659
0.527081
0.763413
0.557714
0.750312
0.650839
0.806922
0.101449
1.1929
0.734204
0.0828702
1.98963
1.03448
0.892592
1.36782
0.847633
0.578212
0.782587
1.42576
1.02627
0.460888
1.13131
1.76473
1.47277
2.41135
1.22626
1.48152
1.00643
0.807297
0.87898
0.534118
0.907307
0.756996
0.246477
1.2317
0.716351
0.934937
1.37322
0.88505
1.11946
0.87478
1.1915
0.759434
0.584924
0.801597
0.493066
1.34191
0.834072
0.470308
1.09356
1.12068
1.68308
0.792539
0.498404
1.48817
0.510434
1.30307
0.968071
1.20751
2.00477
1.50159
0.474454
2.19638
1.91759
0.833932
1.07739
0.424931
1.14936
1.18263
0.748637
0.88841
1.75234
1.02189
0.138449
0.306253
0.741337
0.535365
0.654095
1.54921
1.1845
0.683146
0.717481
1.00766
1.17246
0.386745
0.775018
0.85438
0.291223
1.16425
0.396773
1.69582
0.5245
0.41574
0.78169
1.30581
1.77223
2.10906
0.40535
1.93744
0.671318
1.14922
0.686584
0.239656
0.719807
0.912887
1.12246
0.895319
0.72398
0.510302
1.11124
0.978629
1.49026
1.57003
0.751738
0.722256
1.09619
1.89123
1.05031
0.371291
0.587486
0.76054
1.46864
0.595472
0.707883
0.506251
1.04606
0.618088
1.07864
0.906415
0.0431489
1.48668
1.21905
1.05199
1.76305
0.309374
0.374659
1.35979
0.970007
0.942992
1.54411
0.529667
1.26329
1.01096
1.58533
0.381828
0.362754
0.930448
1.52514
1.73451
0.798836
0.752346
0.56131
0.432544
0.839966
0.570297
0.91257
0.844296
2.57393
0.844815
0.803429
1.19556
1.27363
0.18245
1.53479
1.45907
0.581317
0.976542
0.595498
0.535439
0.570913
0.459439
0.455794
0.346538
1.46258
2.46268
0.589324
0.564574
1.13107
0.763016
2.19572
0.937293
2.57465
0.506875
1.01687
0.930491
0.0744849
1.04102
1.30773
1.23715
0.576348
0.569244
0.144389
1.21702
0.429934
0.619228
0.745973
0.829847
0.547551
1.25116
2.62787
0.758167
0.987391
1.15527
0.692613
0.87797
0.894096
0.871287
1.86756
0.877242
0.278278
0.824275
1.029
0.954933
0.90043
2.41393
0.707095
0.503578
1.34485
1.07936
0.172859
1.71069
1.53121
1.19632
1.12661
0.679261
1.56991
0.129304
0.448248
0.793139
0.929449
0.508487
1.52341
0.744285
0.825219
0.585036
1.43031
0.947719
1.30166
0.875848
0.69353
0.161221
0.649125
0.783308
1.05513
1.20754
0.348466
0.840154
1.3268
1.76487
1.33592
0.666912
0.199906
1.87349
0.742132
1.87725
1.0525
1.14865
0.582292
1.81188
0.919483
0.432055
1.27219
0.817875
0.734918
0.881546
1.51782
1.75433
0.648865
0.873486
1.04078
1.12856
1.03105
0.527991
0.518478
1.35544
0.762996
0.559053
1.38961
0.7759
1.19936
0.737518
0.80425
0.456605
1.40843
0.476654
0.853044
0.650189
0.990891
0.725776
0.837202
0.632174
2.50292
2.23332
3.72515
1.13145
1.59442
1.5882
0.97062
1.14519
0.820806
0.320219
2.36688
0.808255
1.42545
1.55599
2.57816
1.28895
0.61161
1.01614
1.56331
1.14287
0.595195
0.833079
0.769572
0.943995
0.984465
1.37268
1.4774
0.877661
0.788148
1.01632
1.07577
0.608141
1.5729
0.296521
0.946176
0.660014
0.905804
1.18343
1.12801
1.29023
1.33404
0.60472
0.914912
0.288513
0.661925
1.58445
0.498041
0.767946
1.85642
1.5409
1.75672
0.872325
0.713022
1.15748
1.31181
0.79904
1.17003
0.741431
1.18409
1.01492
1.04329
1.02952
2.08838
1.38528
1.1292
1.07451
0.999327
1.21007
1.20919
1.05529
1.31658
1.2676
0.736501
1.71121
1.41113
1.19634
0.464083
0.493329
1.0395
0.73814
0.51734
1.40338
1.41104
0.116122
0.585744
0.526626
0.614654
0.713745
0.500445
1.10011
0.785229
0.168543
1.07057
0.47547
1.14762
0.976137
0.803198
0.66567
1.73902
0.983645
1.03228
0.315774
0.893085
0.835525
0.192195
1.33302
1.32273
1.00987
1.25202
0.576766
0.734012
0.285433
0.373542
1.15476
0.506367
1.85255
1.05606
0.508366
0.40458
0.707034
1.36388
0.42843
1.03705
2.16073
1.04971
0.618632
0.693734
0.822721
0.353377
0.962944
1.3541
0.585726
2.41291
0.985307
0.914157
0.398746
2.64405
1.85804
0.195232
0.879359
0.681882
1.07198
1.25672
0.965095
1.05589
1.10912
0.503839
2.13627
1.49275
0.907116
1.25921
1.87382
1.81747
0.836765
0.482854
1.32464
2.01625
0.621755
1.28694
0.350911
0.678408
1.00566
1.04358
1.75784
1.10452
1.30313
0.327159
0.434933
0.752299
0.467284
0.676167
0.485453
1.16665
1.09974
1.95029
0.248235
1.2276
0.606253
0.536104
0.520468
2.04515
0.878926
1.11564
1.05414
1.47175
0.709325
0.781669
1.29221
0.334701
0.93672
0.480557
0.77664
0.417591
1.25046
0.676512
0.803425
1.52579
0.808395
0.573959
0.878761
1.52661
0.798527
1.06414
1.18116
0.152326
1.10186
0.793243
0.354255
1.72536
0.553196
0.818977
0.27051
1.00053
1.13227
0.800255
0.787606
0.406063
0.872267
0.74878
0.243728
1.57048
0.61117
2.50216
1.14678
1.16449
0.222979
0.354273
0.635596
0.545524
1.91509
0.434514
1.03023
1.38967
0.500115
1.0008
1.30852
0.915425
0.992169
0.976693
2.79394
0.808668
0.351108
1.0955
0.517727
1.07827
0.766511
1.78096
0.923057
0.980393
2.12784
1.69852
1.16543
0.73758
1.36758
1.49801
1.18084
0.740835
1.33948
2.19914
0.784116
1.46643
0.851787
0.890134
1.13739
1.67852
0.602724
3.46306
1.40158
0.728065
1.59869
1.27067
1.60025
1.10326
1.05112
0.64736
1.03801
0.775853
0.79242
0.777155
1.51699
0.97671
0.725377
1.06897
0.81713
1.15279
1.42463
0.790693
1.20749
1.1044
0.468232
2.14668
1.32357
0.869552
1.56574
0.835165
0.659339
0.413877
1.31761
1.59305
1.94602
0.747988
0.492969
0.227523
2.0918
0.482047
0.523881
0.641928
1.26205
1.37331
1.38946
0.513373
1.27201
1.15334
0.676719
1.03211
0.882888
1.15329
1.72614
0.20387
1.87683
0.57835
1.40041
1.5097
0.925995
0.594694
1.21202
1.88964
0.646079
0.88456
0.961148
0.764394
0.613213
0.649697
0.627783
1.35875
1.98481
0.767795
0.81087
1.48057
1.57741
1.45985
0.885435
1.80072
0.849511
1.97708
0.670205
0.568972
1.83795
0.412085
0.735056
0.949091
0.393507
1.23419
1.16953
1.53283
1.06808
1.15228
0.529024
1.21443
1.46753
0.767588
1.14254
1.4126
0.799687
2.36275
0.817379
0.562469
1.07877
0.990524
0.650984
0.992936
0.76502
0.248912
1.40464
0.648403
1.60526
0.919406
1.76766
1.97596
1.17637
0.899149
0.36631
0.629079
0.618441
0.344967
0.884597
0.650379
1.54298
1.19723
1.39382
0.67937
0.468157
1.42901
0.631168
1.24753
1.49527
0.446411
0.752327
1.46471
0.977391
0.479292
0.394319
1.7182
1.14683
0.734265
0.946932
0.370443
0.102529
1.2346
0.426884
1.14268
0.774358
0.634746
1.3323
1.09662
0.750193
1.9652
1.07483
0.560793
0.67008
1.00703
0.765399
1.41867
0.785354
0.403633
1.20921
1.37111
1.05124
1.89518
0.452737
0.237498
0.9993
0.769246
0.3618
1.55609
0.568643
0.822041
0.534681
0.918494
2.10549
1.28134
0.718391
1.35531
1.04368
0.906537
1.69855
1.88351
0.818585
1.06979
1.07443
0.950385
0.484092
1.10403
2.03538
1.00795
1.22088
1.98907
0.212902
0.384006
1.60163
0.693197
1.34801
0.91931
1.38409
0.649268
1.0829
1.78296
1.52936
0.363111
0.404071
2.25895
1.47999
1.79762
0.625571
1.38678
1.4373
2.30184
1.0873
0.461766
0.689257
0.67318
0.796278
0.970583
0.704656
0.583401
0.713726
0.466337
0.872011
1.74899
1.16716
2.38393
0.74616
1.77388
0.169347
0.786795
0.874185
0.931048
1.05112
0.530115
0.579239
0.739648
0.912644
0.669383
1.94344
1.52603
0.441572
0.814689
1.40454
1.39675
1.36961
0.581761
1.99408
2.51327
1.92806
1.76083
0.635166
0.759659
0.611268
1.28458
0.454002
0.921475
0.963651
0.681713
1.76873
1.6893
0.807588
1.05394
1.19526
1.29486
0.270042
0.549347
0.849247
1.77869
1.14078
0.74179
0.453888
0.935243
1.02662
0.46488
0.613689
0.886499
0.718614
0.680258
1.49141
0.89502
0.592602
1.0149
0.958046
0.791717
1.07763
1.00446
0.678817
0.451947
0.34389
1.00662
0.911782
0.598288
0.331385
0.587452
0.721307
1.54918
0.969241
0.627411
1.28
1.27726
0.868344
2.02638
1.50611
0.623479
1.06232
0.578158
0.322506
1.55546
0.881142
0.678709
0.810197
0.706542
0.857863
0.699712
1.70283
0.838374
0.821145
0.509194
1.10677
0.446465
1.06014
0.628401
0.598946
0.907652
0.749347
1.06383
0.401268
0.989338
1.35129
0.774815
0.723859
0.833829
0.903681
0.287995
0.869905
1.15123
0.849303
0.602184
1.07249
0.820384
0.980121
1.06534
0.955393
2.22926
1.25615
0.557736
0.676543
0.888337
1.11119
0.900518
0.644595
1.14278
0.327162
0.855833
2.08324
1.62995
0.21616
1.12687
0.981651
1.73064
0.613596
0.83537
1.47154
0.465247
1.49396
0.882004
0.612689
0.535209
1.12084
0.799579
1.18065
1.16146
0.617837
1.19805
0.799198
0.630733
1.48666
0.822332
0.983835
0.830023
1.90315
1.37467
0.444259
0.881308
0.616966
0.65574
0.272298
0.525104
1.33774
0.650196
0.658986
0.981454
0.85282
0.292354
1.02947
0.694141
1.52723
1.29038
0.553366
0.61149
2.07091
0.635878
0.828448
0.875819
0.546491
1.94808
0.922801
0.924499
0.86063
0.563544
0.662027
0.697588
1.30516
1.35713
1.24442
0.619816
1.22944
0.634603
0.638628
0.740722
1.04714
0.41788
0.537542
0.363868
1.10406
0.409413
1.1394
1.32673
1.58949
1.33748
0.698253
0.851747
0.915921
1.54967
1.3909
0.359346
0.978455
0.618758
1.57911
1.30226
0.603643
0.846788
0.882756
0.410803
1.97848
0.735928
0.770774
0.459888
0.879803
0.738585
0.520056
0.911939
0.409933
0.94236
1.75732
0.373454
0.923151
0.714733
1.06573
0.644634
1.41337
1.50448
0.973174
1.05246
1.67216
0.580473
0.740707
0.775769
0.768161
1.99315
0.814779
0.944913
0.298959
1.30497
1.17059
1.74398
0.300942
0.770408
0.820445
1.6763
1.16208
1.10443
0.852621
1.12116
0.146239
0.762078
1.4845
0.69938
2.33034
1.76022
0.932375
1.91558
0.455096
0.702887
1.74395
0.306105
0.794856
0.396971
1.33627
0.717185
0.778511
1.05794
0.248909
0.655055
1.23311
0.91765
1.01116
0.345753
0.390747
1.05965
0.223422
1.63674
1.44248
0.445002
1.02711
0.936335
0.298298
2.62002
0.170102
1.45819
0.412743
0.558328
0.960632
0.628957
1.81255
0.665592
0.778223
0.987865
1.18954
0.810599
1.12897
0.701032
0.966305
0.12617
1.67068
1.39749
0.897911
0.90685
2.00689
0.533894
0.746462
0.677765
1.13534
1.19716
1.30245
1.3023
1.06291
0.671542
0.598429
0.769184
0.89871
0.387578
0.734552
0.725472
0.906167
0.540846
1.20253
0.305385
1.72608
1.71958
0.506396
1.15374
0.929544
0.980686
0.579932
0.714905
1.70911
1.57571
1.0812
0.811014
1.29833
0.706236
1.5248
1.69792
0.691755
0.817644
1.35625
0.776468
2.38047
0.534766
1.47544
0.411591
1.21466
0.727244
1.02814
0.654405
0.755638
1.17921
0.210033
1.15912
0.519822
0.946597
0.569014
1.58994
0.64938
0.993437
1.18539
0.7448
0.565935
0.920197
0.62895
0.632554
0.844684
2.99709
1.66722
1.59954
0.771212
0.612888
1.07692
2.03537
0.628411
1.15073
0.878263
0.96461
0.479267
0.795767
1.14313
0.989301
1.13816
1.12558
1.06108
0.781467
0.769692
2.563
0.921466
0.879801
0.652261
1.73102
2.19582
1.49741
0.680332
1.24734
0.561637
1.16521
0.791058
0.790063
1.35866
2.97248
1.27389
0.900983
1.07821
2.55888
1.17887
0.619996
0.798284
1.09748
0.72866
1.30557
0.291999
0.21893
1.6999
1.24357
1.32681
0.769074
1.44554
0.595818
0.489153
0.617697
1.14629
0.619327
0.577505
1.00178
0.661052
0.621423
1.48131
1.26589
0.787289
0.683358
1.3075
1.01835
0.805646
0.816396
0.401303
0.458724
0.457217
1.12906
0.928522
0.823952
1.97264
0.829532
0.32934
1.27847
0.425628
0.454452
0.470695
0.869366
1.33949
0.840925
1.71489
0.98089
1.37257
1.32377
1.11862
1.34236
0.971817
1.36449
1.36565
1.36455
0.124531
0.73749
1.08487
1.01291
0.664752
0.941242
1.15048
0.596765
0.645979
1.75826
1.02494
2.55336
1.37272
2.15657
0.622145
0.786826
0.585469
0.676782
1.37115
0.558002
0.309131
0.883465
1.00293
0.522764
0.466435
1.24007
