0.8725
0.56423
0.891462
1.29398
1.06533
0.0561555
0.750596
0.64566
1.94183
0.941576
0.559833
0.597722
0.693395
1.14762
0.22038
0.640396
0.877138
0.379334
1.71023
1.33587
1.22943
1.02844
0.569891
2.02999
0.412974
0.799434
0.496696
0.360743
0.565613
0.988908
0.458497
0.698926
0.862582
0.639299
1.22802
0.654784
1.54014
0.461506
1.72341
0.267683
0.833792
1.10621
0.591414
1.33659
0.690424
0.632754
0.566177
0.866659
0.473851
2.19714
1.46474
1.0234
0.966203
0.280275
0.585979
0.548274
0.523118
0.493089
0.899042
1.59214
0.98865
0.723809
0.601698
0.592111
1.08344
1.39492
2.17527
1.5346
0.675725
0.484459
1.2456
1.04639
0.886222
0.83137
0.571285
1.06152
0.908236
0.771275
0.68145
0.704131
0.492087
0.71921
1.15306
0.607897
0.683064
0.770753
0.15471
0.482665
0.646036
1.24736
0.680532
0.37833
1.4636
1.39193
0.684812
0.660884
0.540687
1.05542
0.90619
0.414283
1.43476
0.890459
0.567531
0.545354
0.710884
1.26757
1.12284
0.93743
1.05604
0.716868
0.492267
1.09353
0.545518
0.85628
0.0639674
0.927087
0.709764
0.770455
0.457834
0.636458
0.626668
0.12479
1.06052
1.02734
1.13943
0.293996
0.874679
0.958695
0.184343
0.514345
0.69329
1.03886
0.676136
1.86453
0.236005
1.01707
0.745985
1.00254
0.925931
1.61114
0.395465
0.48337
0.753182
0.672247
0.819887
0.954833
0.474644
1.33848
0.965277
0.513841
1.39249
0.65365
0.753146
0.382928
0.590678
1.15359
1.40619
0.872764
0.594159
0.638692
0.350188
0.379523
1.15809
0.562231
0.742995
0.582007
0.871892
0.728331
0.70745
0.771908
1.37708
1.07439
0.417374
0.947495
0.631263
0.796194
1.16676
0.663842
1.51926
0.527507
1.40825
0.842546
0.544089
1.09215
0.36395
0.302366
0.0819894
1.51334
0.815304
0.459053
1.2564
0.782206
0.89113
0.614286
0.821063
2.8715
2.40459
0.814724
0.602133
0.488963
0.743832
0.986932
1.83958
0.918311
0.606054
0.241772
0.706853
1.47957
0.446287
1.19952
0.96228
0.771693
0.708624
0.674492
0.750913
0.67735
1.02553
0.71604
1.05563
1.51471
0.434151
0.436353
0.84521
1.05417
0.349369
0.858217
0.971049
0.640714
0.656867
0.460413
0.481801
0.540614
0.5379
0.735399
1.34215
0.751683
0.790145
0.743414
1.79573
0.630471
0.526231
0.774146
0.985568
0.617934
1.36998
0.837324
1.47229
0.654074
0.718905
0.56262
1.61737
0.801318
0.634424
0.495105
0.925303
0.474061
1.10949
0.434814
0.613267
1.39703
0.404513
2.13607
2.61164
0.76535
0.753254
1.1173
0.567372
0.803359
1.18328
1.24505
0.697253
0.533022
0.66597
0.597267
0.654207
1.40954
0.497485
0.347963
0.175395
0.932706
1.05235
0.574145
0.537715
0.444077
0.937152
0.321227
1.42125
1.60737
0.448597
0.761757
0.743623
1.00703
0.561044
0.772072
0.788512
0.532982
0.149308
0.640528
1.58536
0.545317
0.897583
0.988418
0.674789
0.440406
0.867419
0.17019
1.54833
0.823806
0.0640758
1.22054
0.371027
0.659573
0.411009
0.671977
0.761231
0.699102
3.09316
1.08464
0.871307
1.03724
1.74223
0.993599
1.17214
1.04748
0.308747
1.59167
1.16753
1.26473
1.31731
0.855553
0.789915
0.857327
1.79177
1.041
1.5049
0.930622
1.55614
0.678741
1.56179
0.740269
0.441583
1.16952
0.600212
0.689889
0.984296
0.961289
0.724077
0.682429
1.15299
1.07666
0.825981
0.671484
0.724123
1.75762
0.713465
0.835029
0.597133
0.943864
0.508332
0.490298
0.687399
1.15465
0.408936
0.566424
0.795884
0.474852
0.498971
0.767601
0.660122
0.446666
1.36287
0.714749
1.39333
0.556623
0.913329
0.435742
0.484273
0.554519
0.167974
0.683546
1.51326
0.942548
0.836705
1.41464
1.79595
0.302918
0.632097
0.357167
0.675123
0.577646
1.4981
0.499884
0.698739
1.31895
1.01017
0.320927
0.622001
0.292784
1.7289
0.870531
0.663562
0.954661
0.62611
0.823119
0.979439
0.523723
0.940427
1.88584
0.913816
1.09552
0.550174
0.765204
0.829382
0.825111
0.495596
0.346577
1.10706
0.870195
0.586219
1.22809
0.494653
0.927698
0.621161
0.524311
0.900632
0.586072
1.38245
0.753519
0.398839
1.06336
1.08127
0.695278
0.603694
0.984614
0.818161
0.536329
0.507161
2.00369
1.34533
1.17942
0.515153
0.165899
0.896006
1.39055
0.951764
1.32305
0.264727
0.909155
0.695089
0.544348
1.13076
0.530886
0.889334
0.817612
0.521563
0.732361
0.466752
1.03871
0.976387
0.505137
0.639677
0.47195
0.5022
0.860622
0.94993
0.481749
0.794133
1.20656
0.777248
0.220187
0.82233
0.584765
1.04069
0.796304
1.02247
1.30064
0.679815
1.16739
0.302305
0.45835
1.65531
1.08545
0.32367
1.39398
0.494465
0.294941
0.814035
0.79369
0.632909
0.580592
0.624744
0.344914
0.654531
0.71595
0.6341
1.1157
0.870322
1.03781
1.39706
0.936306
0.795236
0.575056
0.813049
0.282562
1.39134
0.767668
0.656945
0.931037
1.27552
0.431557
0.757373
0.924395
1.00312
1.35094
0.325972
0.592091
0.427765
0.911498
0.524394
1.11852
0.985705
1.75084
1.01701
0.228514
0.403227
1.06704
0.78124
1.32057
0.625764
0.841181
0.686983
0.561673
0.707989
0.583823
1.05699
1.2822
0.655336
0.605342
1.22361
0.888755
1.0404
0.272053
0.850109
0.924325
0.764218
0.721143
0.775477
0.483012
1.583
0.694094
0.63593
0.731023
0.716726
0.473342
0.645592
1.03579
0.782537
0.935908
0.617396
0.670616
0.835685
0.421139
0.583155
0.953171
1.15709
0.425375
0.775726
0.683213
1.28912
1.01124
0.977549
1.05656
0.541665
0.675583
0.544506
1.26186
1.36158
0.567722
0.391599
0.972694
0.876054
0.920309
0.838814
1.29232
1.03227
0.469934
0.685661
1.30798
0.377011
1.023
0.459766
0.285505
0.373735
1.1581
1.01266
0.428635
0.883678
1.02362
0.563061
0.762025
0.493606
1.30093
0.614994
0.322868
0.538411
0.623872
0.774703
0.829586
0.508555
0.435891
0.18839
0.799194
1.16173
1.34362
1.65051
0.628101
0.639413
0.572389
0.803899
0.824139
0.858473
1.1355
0.148435
0.885839
0.609194
0.547133
0.571609
1.21597
1.74545
1.02721
1.65304
0.610296
0.849742
0.385973
1.28425
0.564258
0.0622293
1.21592
0.808467
1.3632
0.948916
0.891985
0.889348
1.02747
1.37913
0.424457
0.903755
1.55239
2.64144
0.618523
1.33519
0.884751
0.611864
0.719425
0.576268
0.893069
0.655574
0.97279
1.06557
1.42204
0.609827
0.938272
1.24458
0.0989682
0.816568
0.720349
0.660929
0.739898
0.749271
0.575594
1.00678
0.478864
0.601019
1.12683
1.27718
1.02131
0.37906
0.383605
0.424946
1.19519
0.722915
0.96786
1.67133
0.678483
0.585613
0.965865
0.858289
0.684343
1.14645
1.71093
1.01139
0.956755
0.648361
0.516283
0.821886
0.946216
0.358326
0.517817
0.380593
0.322628
0.686941
0.744912
1.70757
0.581524
0.879649
0.586016
0.581257
0.774959
0.335225
0.738313
0.619719
0.541571
0.981411
0.617136
1.23384
0.724361
1.09977
0.761624
1.19552
0.722355
0.394745
0.982215
2.00295
0.891045
0.886695
0.860338
0.865531
0.509139
1.31201
0.5797
1.77176
0.980883
0.968171
1.17262
0.936681
0.544098
1.15218
0.915047
0.204817
1.16439
1.22149
0.458005
0.784018
0.469644
0.668913
0.391894
0.349067
1.63383
0.561473
1.18137
0.613196
0.880508
0.638635
0.772176
1.42348
0.747735
1.03137
0.897826
0.669439
0.810905
0.33038
0.805387
0.815544
0.636347
1.66363
2.22675
0.502922
0.834055
0.985537
1.15359
0.496946
1.8135
0.795959
0.416586
1.62268
0.148867
0.677875
0.944276
0.655572
0.724595
0.248666
0.306923
0.493064
0.763694
1.05724
1.05552
0.660581
1.6215
0.68525
0.408017
1.63997
0.566321
0.732867
0.744568
0.566578
0.432998
0.891239
1.08316
0.573444
0.899929
0.460063
0.650514
0.555876
0.977035
0.529296
0.734559
0.725382
0.644292
0.446673
0.899768
1.18318
0.49225
1.37103
0.489607
0.84534
0.835058
1.39527
0.683734
0.609601
0.62494
0.0929117
0.593898
1.5451
0.969991
0.639417
0.542944
1.14803
1.38806
1.13952
0.49039
0.727798
0.482828
1.00163
1.22663
0.404396
0.854948
0.43058
0.451874
0.544987
0.843089
0.750726
0.540612
0.825253
0.85836
0.551403
2.45259
0.713547
0.526845
0.943899
0.753669
0.675684
1.05608
0.779984
0.932836
0.835264
1.18394
1.15018
0.470041
0.69681
0.949346
0.885954
0.39778
0.722289
0.939631
0.696415
0.319357
1.66059
1.35268
0.381334
0.843991
0.840782
0.298173
1.58637
0.703578
0.866022
0.449648
1.72448
1.70677
0.85224
0.92662
0.668993
0.561639
0.794014
1.04433
0.177297
0.566577
0.999628
0.46473
0.245928
0.171164
1.48946
1.58756
0.230481
0.881078
0.434633
1.2444
0.625148
0.694556
0.867851
1.5372
0.624055
1.74427
0.549717
0.599358
0.392396
1.76107
0.265019
0.290556
0.874572
0.567048
0.823605
0.915885
1.05773
0.664145
0.675268
0.970724
0.865577
0.957078
0.665457
0.799263
0.81898
1.37949
0.752682
0.781918
1.29942
1.36793
1.31212
0.774458
0.855019
0.550971
0.565706
0.63447
0.679014
0.546902
0.687091
0.564636
1.1744
1.53766
1.42338
0.539576
1.67095
1.12842
0.793474
0.730841
0.546165
1.40991
0.590631
0.751522
1.07115
1.30438
1.27997
1.11864
0.487992
1.15651
1.06599
0.827688
1.01721
0.871031
0.607992
1.01883
0.73254
1.81338
0.591544
0.427002
0.503529
0.449406
0.928501
1.45098
1.04067
0.914378
0.898637
1.02013
1.13725
1.99537
1.92232
1.27339
0.322685
1.39402
2.13235
0.729462
2.06609
0.839752
0.62153
1.44049
0.847153
0.604633
0.748082
1.18078
1.41823
0.950636
1.02852
0.514118
0.267012
0.899986
0.896423
0.827836
0.834331
0.493403
0.628986
1.43394
1.50102
1.60539
0.466884
1.46117
0.449651
1.3026
1.25071
0.516499
0.548955
0.589065
0.748659
0.978567
0.739711
0.853538
1.02752
0.750006
0.547065
0.954767
0.80166
0.569917
0.986141
0.634679
0.47549
1.02731
0.858506
0.605428
0.791981
1.27505
1.64407
0.506217
0.790019
0.872171
0.415352
0.498978
1.35507
0.486337
0.671775
0.170859
0.662509
1.11332
0.214844
0.567792
0.374042
0.621616
0.930898
1.25749
1.1212
1.1423
1.07206
0.633032
1.59463
0.623622
0.853386
0.79987
0.749141
0.858239
0.662066
0.408501
1.0569
1.75378
0.772033
0.912222
0.768139
0.581628
0.755056
0.260788
0.792349
0.206071
0.402033
0.235438
1.91498
0.949115
0.570152
0.881519
0.57694
1.32431
1.76582
0.152472
1.48222
0.540477
0.849075
0.520633
0.902346
0.480283
0.448005
0.896963
1.38496
0.576779
0.889849
0.705085
0.814243
0.993485
0.3651
0.967034
0.34972
0.695313
1.08993
0.44604
1.38197
2.69273
1.03356
0.541109
0.992477
0.976715
1.28542
1.4878
1.36805
0.945447
0.947807
0.262841
0.571385
0.646515
0.300758
1.47423
0.741182
0.931199
0.585961
1.02543
0.218586
1.42985
0.316512
0.776782
0.280334
0.878346
0.45349
0.810315
0.864502
0.715281
0.629156
0.71093
1.1561
0.328525
0.247219
1.26725
1.69756
0.969118
0.75169
1.5017
0.240089
0.931793
1.08774
0.640371
0.630106
2.11152
1.42647
0.684509
0.834363
1.33799
1.00927
0.932946
0.142002
0.83048
0.76027
0.62067
0.334961
0.239105
0.996239
0.35825
1.99383
0.573917
0.847529
0.473535
0.969123
1.09908
0.913476
1.37463
0.290104
0.692453
0.688783
1.12434
0.679234
0.773404
0.528993
0.95458
0.679463
1.07661
1.0329
0.510593
1.45786
0.757096
0.555728
1.45089
0.783932
1.06745
0.60262
1.09227
0.638034
1.17739
0.862836
0.99416
1.00179
0.637729
1.88448
1.45528
0.81566
0.749185
0.889621
1.38996
0.884991
0.792299
0.501573
0.838576
0.905416
0.641294
0.365496
0.150422
0.31201
0.955493
0.899398
1.16232
1.72112
0.340994
0.662568
0.57618
0.712947
0.609922
0.589511
0.815739
0.679856
0.783705
0.689972
1.73717
0.675608
1.29707
0.473102
0.971815
0.510981
0.450097
0.634351
0.760849
0.616385
1.09217
0.385611
1.28938
0.548571
0.633448
0.484121
1.55173
0.799453
1.02259
0.788699
0.359857
1.11998
1.19109
0.811048
1.73488
1.5364
0.954255
0.808926
0.865915
1.7845
0.97806
0.259297
0.364661
1.74812
1.99123
0.756539
0.539209
0.64904
1.28191
0.684117
0.470919
0.337316
1.45425
0.511024
0.799082
0.953793
0.924171
0.479495
1.56297
0.785651
0.500307
0.62731
0.984084
0.990849
0.166737
0.737652
0.859431
0.778168
1.61803
0.744936
0.7065
0.726266
0.653078
0.574001
0.650503
0.789103
1.15028
0.634952
1.483
0.959131
1.01613
1.91165
0.709226
0.332414
1.24972
1.10294
1.71073
0.325632
0.624169
0.333444
1.19348
0.360731
0.771043
0.572184
0.39633
1.50891
0.574002
0.528638
1.37907
0.842426
0.724143
1.21419
1.14916
1.44583
0.802968
1.10453
0.740176
1.24178
0.998358
0.829242
1.06267
0.461857
0.959093
0.395372
0.714608
0.51462
0.82085
0.933785
0.717566
1.03618
0.312408
0.539749
0.515418
0.871608
0.471897
0.328675
0.729693
0.753287
0.598013
1.13796
1.09119
1.78972
0.775847
1.00713
0.423518
0.755091
0.777757
0.923814
1.38896
1.54585
0.618944
0.979295
0.904136
0.957535
1.48379
0.304271
0.507208
0.654988
0.41249
1.39913
0.55682
0.866392
0.258184
1.31477
0.668213
1.14297
1.27616
0.58162
0.86555
1.48201
0.63724
0.670861
0.944842
0.596345
1.43676
1.52472
0.718157
0.680045
0.386178
0.960181
2.34942
1.67015
0.470663
0.988605
0.79355
0.757738
0.42717
0.725393
0.748973
0.620851
0.924896
1.4405
1.14283
0.653034
0.756466
0.342067
1.58752
1.02062
0.961346
0.700538
1.26866
1.0561
0.821172
0.809889
0.425014
0.391999
1.82954
1.88903
0.421582
1.46039
0.602544
1.03847
0.365137
0.58301
0.522937
0.237101
0.523157
0.741271
1.01046
0.74454
0.667428
0.717606
1.141
1.12989
0.327346
1.68693
0.664505
1.09707
0.595709
0.86501
0.425674
0.426074
0.702265
0.95077
0.72833
1.19126
1.50717
0.681136
0.155043
0.392529
1.61412
0.713668
1.02423
0.446989
1.47598
0.906135
0.602515
0.753743
0.319761
0.936462
0.534617
0.0622927
0.682011
0.968882
0.20149
0.742188
0.728889
1.44114
1.14923
0.425935
0.734106
0.470404
2.24275
0.546539
0.55665
0.901619
0.680169
0.424956
1.28699
0.75784
0.473874
0.673967
0.78572
1.59499
1.19165
0.670256
0.5262
0.201887
0.454268
0.782166
0.653989
0.958399
0.558276
0.956862
1.19183
1.49228
1.59209
0.865639
0.805419
2.20391
0.563693
0.136064
0.531053
1.09279
0.164734
0.42959
0.762281
1.16682
1.01108
1.33574
0.630451
0.629128
0.63564
0.632866
0.765256
0.582632
0.763695
0.35281
0.488353
0.79845
1.30028
0.975634
1.16494
0.851971
0.531421
1.27373
0.326806
1.3339
0.635904
0.633104
0.903856
0.547137
0.811764
0.741949
0.0646458
1.04332
0.0856995
1.59209
0.585558
0.836078
0.871629
0.735945
1.09889
0.370094
0.497902
0.572315
1.22616
0.433017
0.996112
0.811406
0.918029
0.816026
0.970551
0.740768
1.69334
0.673086
0.880296
1.34531
0.446149
0.604403
0.571694
0.93001
1.98443
0.453717
1.59983
1.23291
1.03311
0.775704
1.30249
0.524952
1.12072
0.46669
1.54791
1.64681
0.586455
0.72727
0.52696
0.475256
1.33446
0.848795
0.768522
0.611398
0.905976
0.484679
0.67628
0.60882
1.04464
0.0487731
1.35285
0.9292
0.726748
0.486353
0.537614
0.400815
0.47688
0.37069
0.744125
0.441629
0.430323
1.52744
1.51033
1.43216
0.377805
1.56034
0.526713
1.06374
1.27062
0.922421
0.425706
0.773294
1.28272
0.629298
0.322018
1.09388
0.652441
0.745506
1.21894
0.62539
1.7093
1.32912
0.356075
1.01638
0.659441
0.252159
0.523614
0.833585
1.39159
0.753183
1.23016
0.807463
0.78128
0.626061
1.10713
0.833465
1.40659
1.66811
0.927068
1.00903
0.714183
0.914881
0.849941
0.418441
0.432178
0.907723
0.960377
2.13201
1.29544
1.02247
0.239028
0.500214
1.05188
0.670744
1.00208
0.818022
0.53247
1.17117
0.410679
0.585158
1.14455
1.92445
0.646344
0.980252
0.765827
1.04364
0.629756
1.76248
0.535859
0.728896
1.18834
1.3837
0.343579
0.700188
0.301623
0.484775
1.1727
0.506485
2.15688
1.43857
1.71731
0.851653
1.08297
0.743969
0.602196
1.23003
0.654106
1.43374
0.500002
0.97741
0.663703
0.820204
0.846578
0.631222
0.806132
1.01687
0.567574
0.671605
0.849748
0.663676
0.59948
0.811742
1.20847
1.42523
0.773841
0.9277
0.294741
1.47174
0.61784
0.936358
1.21727
0.424739
1.62138
0.486308
0.886581
0.936793
0.511553
1.14687
0.480801
0.754991
0.66603
1.07017
2.03432
0.93013
1.37953
0.75779
0.870496
1.04371
0.781767
1.20289
0.459468
0.35095
0.870659
0.834495
0.799928
0.974375
0.68778
0.227135
0.744301
0.567462
0.914475
0.577665
0.945094
0.899742
0.244927
0.397598
0.857319
0.40808
0.591777
1.49274
1.44273
0.870112
0.351742
0.989784
0.414536
0.837699
1.09179
1.09502
0.947939
0.494329
1.42285
0.81997
1.32737
0.288308
0.674921
1.52183
1.24502
1.40981
1.09461
0.949183
0.766303
1.00697
1.59563
0.846851
0.62583
0.800658
1.02965
0.539316
1.31636
0.478166
1.10718
0.808819
0.838855
1.4582
0.977863
0.873469
1.02719
1.44243
0.618025
0.610694
0.795049
0.859575
0.720421
0.778483
0.311691
0.761239
0.663364
0.692691
0.362053
0.668862
0.664033
0.49819
0.921653
0.965699
1.60355
0.977438
0.318493
0.255816
0.500807
0.932986
0.488779
0.567378
1.97256
1.70303
0.444146
0.673883
1.47528
0.950026
1.07853
0.82511
1.11711
0.722136
0.709925
0.413017
0.257999
0.690392
1.15332
0.618497
1.03216
0.671831
1.16051
1.79299
1.87671
1.15054
0.996522
2.16712
0.55777
0.647473
0.682169
0.794584
0.80387
0.365374
0.768893
0.950053
0.935907
0.490004
1.31542
0.766847
0.515427
0.68707
0.210439
0.721149
2.29356
1.22835
0.771574
0.127978
0.95332
0.76777
1.08008
0.530739
1.24024
1.17897
1.25119
0.539435
1.23199
0.880565
0.960911
0.444072
0.607139
0.607286
0.481138
0.297084
0.532163
0.550817
0.883094
0.978596
1.97577
0.382906
0.476703
0.534462
1.66176
0.394375
0.80301
0.602356
0.909411
1.23704
2.18873
1.18065
0.533052
0.687616
2.23332
1.40299
0.405663
0.648059
1.32594
1.07456
0.937112
0.830512
0.927429
1.10465
0.880763
0.678702
0.697757
1.03371
0.366553
1.11703
1.23951
0.80821
0.560296
0.448373
0.946203
0.966836
1.35189
1.1557
0.479117
0.650895
0.319132
1.33769
0.509064
1.82358
0.690718
0.561262
1.43002
0.0950929
0.727491
0.828764
0.271469
0.889037
0.522454
0.905795
1.16963
2.47618
1.02503
0.176081
0.368642
0.815191
0.417626
0.538556
0.624808
0.312134
0.792101
0.7256
0.493732
0.795538
0.375124
1.21152
0.43476
2.01415
0.527533
0.74204
0.760839
0.396658
0.991112
0.733151
0.599032
1.17825
2.02534
0.827726
0.507019
0.54324
0.779277
0.423329
0.469589
0.994504
0.511617
0.975636
1.01402
2.65601
0.707826
0.615906
0.50029
0.115633
1.10844
1.19015
0.452164
0.787849
0.519919
1.074
1.18548
1.4363
0.754739
1.22554
0.56064
0.338627
0.77901
0.523092
0.379648
0.080763
0.390879
1.05719
0.643465
0.650158
0.523257
0.796556
0.769362
0.376503
1.60627
1.42775
0.756339
0.683613
0.485644
0.466807
2.05245
1.07882
0.699098
1.2279
0.536476
1.41845
0.85061
0.357796
0.772771
0.339597
0.830308
0.294128
1.70129
0.357538
0.468783
2.96891
1.32192
0.419095
1.24678
1.1252
0.646981
0.416589
0.260507
0.399261
0.352912
0.976874
0.0886502
1.00961
1.2715
0.511813
1.38089
0.338468
1.27288
0.586419
0.740867
1.26441
1.52194
0.643629
0.857234
0.180379
1.08971
1.42955
1.5241
0.895342
1.21751
1.06406
0.218266
0.466658
0.646157
0.494168
0.105911
0.33281
0.874577
0.628108
0.732854
2.1265
0.721964
0.921504
1.04009
0.873675
1.59437
0.318099
0.44565
1.39835
0.398865
0.898769
0.589241
0.663143
0.486959
0.920955
0.635081
0.206102
0.4562
1.60937
0.476378
1.44099
2.68187
0.828641
0.543678
0.134385
0.967296
1.3611
0.485963
1.30287
1.3885
0.854932
0.793842
0.875878
0.245356
0.48251
0.588303
0.835177
1.05542
1.24232
0.641144
0.616269
1.39046
1.46386
0.736889
0.336862
0.448252
0.863434
0.563482
0.693444
0.734744
0.356579
1.21099
1.03941
0.465624
1.23596
0.42809
0.821795
2.41338
0.371469
1.14892
1.03193
0.535494
1.01087
0.548137
1.05542
0.842659
1.06518
0.596482
1.67383
0.460265
1.06741
1.05238
0.469851
0.445334
0.776157
0.946074
0.586986
0.42004
0.731771
0.612066
1.1135
1.01275
1.46329
0.829466
1.20708
0.741305
1.30157
0.610147
0.631397
1.16503
0.62547
1.33703
1.0303
0.686351
0.900289
1.1657
0.712651
0.466418
1.0133
0.871901
0.272978
0.985757
1.23362
1.16301
1.09231
0.936981
0.310348
0.763545
1.33951
1.35809
0.462315
1.59741
1.89652
2.12799
0.699866
0.627445
1.68699
0.971131
0.317849
0.818458
0.435406
0.953089
0.936258
0.254191
0.572944
0.761067
0.938262
0.657958
1.01407
0.56325
0.320478
0.477274
1.22414
1.41826
0.860874
0.557133
0.380535
0.594752
0.559535
0.479614
0.855902
0.243027
0.257386
1.22968
0.822435
0.369476
1.0232
0.375472
0.77739
0.577981
0.618326
0.876085
0.780981
1.32886
1.14386
0.167842
0.751533
0.498199
0.451565
1.07457
0.532233
2.03364
0.254689
0.780439
1.57325
0.875446
0.588106
0.455816
1.34468
0.409587
1.31343
0.243527
1.3409
1.2702
0.715986
1.71031
1.46745
0.228357
0.250444
0.66206
0.989397
0.95097
0.618527
0.553961
0.641958
0.754334
0.613194
0.940599
0.67464
0.707411
0.613851
0.714691
1.08659
1.06852
1.03625
1.1474
0.746758
1.18005
0.70536
0.968286
0.86207
0.492997
0.732124
0.677847
0.280373
1.44867
0.593019
0.813546
1.6825
0.626408
0.537679
0.276501
0.902299
0.176314
1.23119
0.392228
0.517912
0.723269
0.428135
0.489513
0.47211
0.574278
0.346402
2.15659
0.715366
0.239757
0.696512
0.656034
0.596701
0.502329
0.417449
0.864977
0.647779
0.672172
1.39103
0.86425
0.979769
2.13398
0.403559
0.665376
0.662591
0.421648
0.571267
0.639806
1.22746
0.717885
0.522781
0.417345
0.964357
0.442005
1.4296
0.285421
1.67308
0.90275
0.867288
0.559485
0.99355
1.25518
0.558636
0.412028
0.886601
1.45352
0.99863
0.428757
1.17005
0.398891
0.497306
1.62958
0.78649
1.11411
0.452646
0.748508
0.559501
1.16192
0.735204
0.940422
1.06397
0.473583
0.512656
2.00296
0.859309
0.65677
0.805322
1.19932
0.532173
0.613798
0.667895
0.688568
1.58211
0.965022
0.794241
1.24068
1.04421
0.588474
0.677961
1.18613
0.983019
0.806348
0.748852
0.694154
0.574071
0.332799
1.58221
0.332654
0.704023
1.24968
1.12179
0.68235
0.703657
0.700741
0.740612
1.17212
1.33555
0.698718
0.434667
0.162115
0.797218
0.490902
0.75109
0.868459
0.455916
0.344433
0.58657
1.0099
0.720322
1.07076
0.0731763
0.860549
0.74598
0.647688
0.447373
0.585164
1.07063
0.882789
1.85178
0.604183
0.9709
0.749681
0.565626
0.644843
0.582855
1.02307
0.324371
0.909033
0.657673
1.79963
1.12885
1.49203
0.673317
0.170807
0.424946
0.573467
0.484461
1.34762
1.64202
0.440064
0.662243
1.27325
1.01704
0.985597
0.602326
1.63491
0.484278
0.722385
0.611852
0.551895
0.450685
0.583477
0.379946
0.74185
0.643255
0.867311
0.535247
1.02059
0.934193
0.637662
0.758192
1.32843
0.523491
0.501728
0.95369
1.10444
1.21013
1.16282
0.673513
0.492485
0.625701
0.718914
1.75199
0.312133
0.267542
1.3433
0.114161
0.497392
0.656394
0.431511
2.2938
0.87207
0.431125
0.215878
0.823157
0.549904
1.03941
0.17429
0.607093
1.19034
0.761355
0.469568
1.43395
0.655093
0.601321
0.394873
0.227433
1.17244
0.807166
0.862558
1.03042
1.447
1.06271
0.655401
1.04607
0.62305
0.535383
0.681879
1.0098
1.29623
0.931067
0.957615
0.424427
1.09807
0.846342
0.970701
0.614614
0.606329
0.540551
0.743792
0.751127
0.881325
0.54882
0.820496
0.744647
0.681774
2.28693
0.51189
0.681144
0.351926
0.740902
0.11305
0.569968
0.240762
1.26987
1.3919
1.01623
0.988647
0.48687
0.704995
1.03022
1.32608
0.539085
1.35985
0.659973
0.662077
0.607415
0.466232
0.674208
0.79607
0.583937
1.16717
0.500807
0.722002
1.47586
0.672381
0.987473
1.32621
0.457975
0.605257
0.800543
1.35632
0.512169
0.674414
0.613516
2.14964
0.982983
0.642903
0.760355
0.795588
0.677964
0.564999
0.406763
0.463739
1.50278
0.795526
0.697202
0.811149
0.865844
0.503528
1.39409
1.43489
0.779626
1.28822
0.84683
0.43363
1.15278
0.420006
0.454517
0.416075
0.4913
0.413956
0.804054
0.680991
0.701056
0.796402
1.16431
0.761868
1.27709
1.11907
1.07322
1.62331
1.69928
0.770223
0.954879
0.936678
1.35023
1.07374
1.37952
1.12771
0.58508
0.514996
0.841046
0.705498
0.543918
1.42269
0.670485
0.73987
0.836507
0.873719
2.07325
0.554785
0.523521
0.466047
0.931712
1.92288
0.966007
0.640035
0.398398
0.560034
1.20526
0.769749
0.279866
0.715686
0.917171
0.804811
0.765491
0.473778
1.12067
1.3514
1.12614
0.733953
1.04743
0.603354
0.900683
1.01335
0.718877
0.904037
1.02428
0.714522
0.843018
0.525493
0.554341
0.776902
0.867963
0.794205
0.786486
1.17407
0.549517
0.833366
1.32655
0.388596
0.991864
0.940189
0.663638
0.871147
1.16827
0.529844
0.559908
0.641183
0.793702
0.60228
0.585726
1.11782
0.629411
0.651577
1.7463
0.469057
0.546223
0.266779
1.39452
1.03984
1.04255
0.796729
0.55569
0.537336
0.54022
0.903408
0.641784
0.46998
0.490048
1.3168
1.26354
0.624392
0.378592
0.943553
0.523501
0.635133
0.696478
0.633186
0.866747
0.348886
1.35646
0.283706
1.1215
0.730081
1.39364
0.719295
0.636378
0.90666
0.586373
1.51067
0.640788
0.337475
0.566905
0.322649
1.79727
0.436256
0.724262
0.915572
0.492488
2.21421
0.681274
3.88196
1.07092
0.904121
0.345682
0.438768
0.921627
1.01507
0.525502
1.36434
1.40557
0.675956
0.777418
1.53602
1.2951
1.53956
0.720789
0.43678
1.89519
0.358423
0.681718
0.407802
0.787696
0.478862
0.975687
0.607731
0.919792
0.6675
0.605348
0.406842
1.60232
1.31011
0.515482
0.471963
0.968826
1.55403
1.61258
0.958506
0.516552
1.03222
1.63702
0.395241
0.416251
0.456555
1.25727
1.09296
0.58892
1.00989
0.373408
1.50199
0.745934
0.420007
0.569459
1.25743
0.7989
2.59158
0.811879
0.154394
0.431626
1.00147
0.267012
0.827707
0.739539
1.02867
1.16799
1.63596
0.775261
0.266805
1.55228
1.04719
1.7809
0.387995
0.945292
0.769299
0.558288
1.83996
0.923569
0.362713
0.423939
0.513405
1.01334
0.354461
0.472095
1.23055
0.0294297
0.92276
1.26171
1.79559
0.372193
0.408474
0.0273388
1.31348
1.35738
1.05453
0.955152
0.443078
0.370547
1.14609
0.856697
1.39838
1.62622
0.158708
0.560368
0.525365
2.16854
0.802295
1.15846
0.620986
0.611835
1.00509
0.888128
0.890007
0.929254
0.839171
0.775145
0.694157
1.10362
1.28131
1.08174
0.760779
0.744883
0.585281
2.24409
0.682027
0.556242
0.209364
0.803826
1.22021
0.426789
0.361016
2.46313
0.196892
0.81756
0.579075
1.22371
1.22704
1.87868
0.254803
2.34107
0.704262
1.15642
0.96949
1.57548
0.889699
0.639514
0.53366
0.620341
0.211666
1.13488
0.705111
0.570918
0.893122
0.645857
0.125081
1.26324
0.658327
1.02037
0.649685
0.38008
0.871928
0.654937
0.687478
0.556978
1.51101
1.13891
0.183696
0.479993
1.33504
0.659108
0.850935
0.392052
1.13679
0.679059
0.674599
0.981042
0.905246
0.919311
0.628935
1.60658
2.11526
0.162076
0.781738
0.805492
0.726851
0.708327
1.11281
1.53822
0.669987
1.62428
0.238659
1.07128
0.469623
0.890625
0.439375
1.36766
0.576223
1.39172
0.537189
0.692663
0.924883
1.73861
1.41177
1.71109
0.761053
1.21786
0.778902
0.897837
0.236216
0.87374
1.09753
0.23095
1.64058
0.385096
0.652706
1.12486
0.550354
0.619282
0.589697
0.955995
0.565881
0.804434
0.910732
2.00694
1.27473
0.698992
0.541809
0.509096
1.59595
1.89509
1.07396
0.720222
0.3645
1.30974
1.14168
0.553402
1.78449
0.850463
0.939787
0.459572
1.85382
1.17948
0.37981
0.628116
0.669465
0.509809
0.888042
1.4477
0.61293
1.46076
1.81327
0.342165
1.24206
0.872886
1.96879
0.537051
0.862019
1.1726
0.970716
0.69151
1.43822
0.378523
0.550809
0.343064
0.399131
0.922057
1.0437
1.45255
1.01704
0.440453
0.705215
0.0899818
0.964137
0.2686
1.36726
0.751012
0.446085
0.347698
2.3475
0.510567
1.29062
0.481993
0.768173
0.883054
0.291824
1.97508
0.505804
1.02486
0.881698
1.01967
0.396245
0.517634
0.680041
0.500089
1.09464
1.8026
0.841743
0.876422
1.2141
0.573084
1.47539
0.646324
0.96798
0.610962
0.925284
0.787237
1.67323
1.20635
1.99668
0.860421
0.999416
0.858996
0.751992
1.92542
0.768735
1.90706
0.548186
2.04359
1.55778
0.748108
0.623673
0.421628
0.709019
0.897601
0.847278
0.607593
0.598697
0.521744
0.810048
0.784029
0.608833
0.409972
0.628819
0.741843
0.608824
0.609883
0.854397
0.798627
0.527636
0.34262
0.832486
0.945989
1.74753
1.00995
1.75315
0.771606
0.429073
1.3415
0.837219
1.18198
0.950944
0.662133
1.11701
0.440703
1.55813
1.36008
0.44331
0.61631
1.06275
0.97248
2.16451
1.45023
0.765905
0.972353
0.445878
0.392814
0.397025
0.400904
0.402374
1.07047
0.794569
0.548039
1.79262
0.797719
0.842577
0.84713
0.50887
0.682499
1.03873
0.141156
0.67568
0.74151
0.768091
1.10197
0.777277
1.18769
0.835064
1.34022
0.707727
0.3706
1.6594
1.53511
0.893711
0.57914
0.639226
0.428819
1.12013
0.330972
0.768158
0.733558
1.46497
0.68614
0.978313
0.76512
0.80188
0.873812
0.641431
0.903766
0.653632
0.69518
0.847605
0.594564
0.782208
0.487397
0.871805
0.392158
0.889878
1.02139
1.35959
0.424146
0.649294
0.392763
0.752437
0.835002
0.749766
1.52983
0.896171
0.623683
0.567401
0.513601
1.16715
1.15938
1.04585
0.754294
0.644711
0.611308
0.811878
0.60272
0.687692
0.787792
0.775632
1.0101
0.769448
1.02472
0.665208
0.45979
0.81733
1.49232
0.451029
0.847795
1.0914
0.868781
0.620449
1.01313
1.32691
0.79769
0.0879952
1.01641
0.965817
0.410514
0.417967
0.426936
0.568547
1.02571
0.925173
0.806175
0.397857
0.484096
0.861624
0.97162
0.976331
0.65412
1.43363
0.84778
1.70697
0.941676
0.674931
0.511304
1.45207
0.764604
0.499848
1.16625
0.420865
0.811142
0.463377
0.99057
0.982854
0.796385
1.03385
0.811055
0.715785
0.40661
1.23314
1.26493
0.400998
0.606447
0.835571
0.71457
1.4211
0.727247
0.902731
0.290578
0.851037
0.681737
0.696715
0.957448
1.03736
1.07782
1.65937
0.559769
1.54637
0.534168
1.08591
0.463141
0.353602
0.668694
0.160362
0.287423
0.988403
1.31002
1.14046
0.645402
0.880816
1.13505
0.905665
1.07911
0.54873
1.32855
0.916343
0.37953
0.328676
0.133311
2.38279
0.578097
0.908747
0.532166
0.374684
0.817312
0.92378
1.3554
0.686759
0.586893
1.66284
0.521331
0.658967
0.804886
0.70766
0.955154
1.08702
0.903544
1.33483
0.442855
0.939937
0.477511
0.593708
0.488907
1.14766
0.360473
1.89733
0.664473
1.05031
1.03868
0.576777
0.596265
1.1708
0.647538
1.12043
1.00233
0.654544
0.593263
0.725522
1.73695
1.04108
0.445525
1.78414
3.82272
0.359379
0.732828
1.12303
0.410059
1.03348
0.86072
0.431353
1.24012
0.588402
0.990468
0.569551
1.68455
1.17134
0.981001
1.19499
0.463654
0.855132
0.673955
0.736164
0.744459
0.770576
0.596544
0.993436
1.87017
0.797012
0.749364
0.567178
0.558197
1.16466
1.59286
2.23871
0.484242
1.08746
0.514601
1.22627
0.44649
0.947544
1.95186
1.20317
0.871084
1.85112
1.48779
0.30139
0.54506
0.430836
0.606689
0.265564
0.94076
0.8155
0.949032
1.0783
0.376593
0.100252
1.59712
0.841803
0.619412
0.563983
0.84611
0.914715
0.914017
0.534925
0.422554
0.944803
0.564332
0.999039
1.51886
3.12459
0.721249
0.917758
1.40816
0.534749
0.86953
0.792145
0.715358
0.547119
1.27048
0.114621
0.948659
0.738858
0.895278
1.10768
0.756646
1.11582
0.562944
1.12672
0.626097
0.775698
1.07236
0.848574
0.659093
0.555097
0.757122
1.37619
0.581298
0.549264
1.32029
0.817928
1.41775
1.03364
0.523036
0.390341
0.616882
0.515873
0.744608
1.08965
0.528252
0.880962
0.520938
0.927227
0.205471
1.74775
0.782485
0.695723
0.927206
0.22316
0.720252
0.627611
1.01273
1.28293
0.760492
1.40807
1.04058
1.39299
0.811039
0.801007
0.674463
0.775644
0.816032
0.715975
1.31476
0.701065
0.881638
0.607483
0.927844
0.825908
0.582923
0.1396
0.54143
0.586477
0.874165
0.597365
0.991708
0.351944
0.499911
0.9028
0.0847907
0.715761
0.823261
0.485293
1.22876
2.04201
0.440183
0.966881
0.68861
1.13178
0.690967
0.529149
0.572302
0.56028
1.77843
0.425298
0.58426
1.19742
0.936641
0.484637
1.32165
1.11761
0.686327
0.756698
0.904487
0.768555
0.658276
0.356915
0.649238
0.445463
1.16066
0.428486
0.660469
0.419298
1.41519
0.745682
0.640073
0.621528
0.412518
1.65677
0.501542
0.547625
1.41833
0.414023
1.32788
0.263704
1.23463
0.876175
1.635
0.956142
1.49026
0.545921
0.56192
0.946036
1.15902
0.858803
0.54351
0.729872
0.856472
0.864551
0.701939
0.878285
1.55688
0.426199
0.645589
1.31653
0.820824
0.344558
0.709229
1.49486
1.01725
0.349885
1.04089
1.03139
0.562433
1.40698
1.0079
0.574152
0.664704
0.565724
0.669599
0.790508
0.531534
0.919443
0.508898
0.697814
0.585461
0.655977
0.907501
0.911918
0.351305
0.734727
0.455451
0.584597
0.409032
1.24324
0.541086
1.2863
0.954313
0.3598
1.27456
0.643581
0.799233
0.601538
0.858612
0.98113
0.816428
0.793712
0.687683
0.766215
0.961895
1.03283
0.395847
0.393335
1.02841
0.882817
1.58573
0.729613
0.255804
1.09935
0.848001
1.94796
0.809135
1.38171
0.699629
0.837248
1.39613
0.613863
0.752988
0.921942
1.77533
2.5243
1.16178
0.719962
2.25334
2.56071
0.410145
0.749463
1.42611
0.524326
0.850029
1.67161
0.834687
0.483125
0.647951
1.57658
0.356036
0.566424
0.398772
0.604097
0.646887
0.648399
0.740203
0.741127
1.74288
0.896596
1.70917
0.738605
0.884363
0.332982
0.672814
0.356617
0.389457
0.63445
1.34297
0.811789
0.768564
0.692695
0.148336
0.25815
1.73602
1.53612
0.28828
1.21004
1.08465
1.22218
0.43396
1.13884
0.558765
0.538142
0.453915
0.973997
0.692061
0.474185
0.486791
1.15815
0.373475
1.48507
0.720111
2.23475
0.538624
0.658436
1.1775
1.1336
0.970503
1.18951
0.63896
1.00634
0.86558
0.805546
0.664321
0.338133
1.23426
1.1186
0.591947
1.49117
0.539459
1.3107
0.893355
0.787835
0.433357
2.20208
0.385567
0.575557
0.478306
0.728882
1.00475
0.767941
0.0969109
0.822434
1.87795
0.868056
1.13634
0.795764
1.0337
0.758945
0.553144
1.13798
0.521068
0.650305
0.57173
0.566971
0.577329
1.16644
0.869982
0.665831
1.03502
0.587175
0.389897
1.18758
0.587055
0.304548
0.827412
1.05312
1.32326
0.593757
1.03721
0.417526
0.575516
0.406023
0.368556
0.70482
0.506859
0.637194
1.43269
1.03704
0.848228
0.578429
0.536672
1.01321
1.14316
0.931232
0.254398
0.7018
1.28067
0.690525
1.20735
1.69865
1.14082
0.287292
0.587416
0.788689
0.47529
0.169231
2.29254
1.14908
0.634747
0.660559
1.06481
0.457169
0.604093
0.473962
1.5747
0.552053
0.55204
0.774264
1.076
1.34089
0.958785
0.874442
0.661246
2.18569
1.07416
0.691217
0.526649
0.945246
0.473124
0.790994
1.78985
0.576658
0.792375
0.586999
0.87932
0.939443
0.794332
0.997439
1.55658
1.23707
1.39703
1.60873
0.416947
1.62752
1.1062
0.114071
0.872273
1.13172
1.01372
0.811431
0.596829
1.12512
0.873456
0.49524
0.829064
0.964831
0.61998
0.391313
0.900917
0.55892
0.634678
0.55865
0.125959
1.10007
0.92722
0.786698
1.20027
0.750837
0.972599
0.168959
1.04209
0.941804
0.583034
0.460534
0.609575
1.13373
0.531889
1.31969
0.710566
0.485229
1.53843
1.06459
0.777124
1.17343
0.654831
0.797522
0.451012
0.869453
0.399215
0.977577
0.525546
0.43313
0.931121
0.870026
0.741836
0.882515
0.666825
0.977533
0.644031
1.143
0.594047
0.474275
0.496636
2.22426
0.743618
1.04276
0.854714
0.98724
1.46535
0.719232
1.46764
1.73449
1.62469
1.19452
0.568305
0.85083
1.38539
0.803731
0.595051
0.754959
1.43815
1.09986
0.175819
0.590253
1.02773
1.00975
0.899244
0.808176
1.7243
1.39826
1.33161
0.792159
0.639297
1.07126
0.912128
1.33871
0.68347
0.381478
0.618062
0.732447
1.41513
0.766133
0.979875
0.583673
0.37935
1.06235
1.11742
0.794856
0.731941
0.573268
0.390244
1.08731
1.51706
0.896044
0.271024
0.978809
0.420524
1.40587
0.649236
0.848579
0.5307
1.17746
0.923645
0.328859
0.844255
0.498203
0.472369
0.48259
0.891878
0.392153
0.594949
1.33131
0.879332
1.00258
1.34171
0.383849
0.532687
0.973677
0.775494
0.632925
0.245512
0.642757
0.620186
1.00122
0.722564
0.663952
0.884037
0.503806
0.939854
0.869585
1.30768
1.39132
0.991717
1.37811
1.60338
0.638705
1.44462
0.618196
1.13557
0.882019
1.01118
1.07758
1.78026
1.83958
0.900317
0.99922
0.629562
0.990439
0.764845
0.997427
0.588174
0.697679
0.656503
0.50625
1.63193
1.01959
0.944912
0.493355
0.807702
0.449457
0.833684
0.544031
1.82071
0.782841
0.645014
1.77457
1.01912
0.502383
0.645255
0.560648
0.670245
0.455265
0.508801
0.417298
0.516369
1.29547
0.759792
1.25086
0.41668
1.05613
0.920367
0.339708
0.784952
1.5384
0.669321
1.18243
0.590954
1.14448
0.878312
0.703878
0.77237
0.778592
1.66248
0.626071
0.567934
0.612368
0.483452
1.03314
1.13638
0.873757
1.11185
1.03144
0.868059
0.408817
0.619572
0.808334
1.32218
0.976592
0.818568
0.665954
0.870264
1.05756
0.857772
1.33788
0.510446
0.555892
0.733302
0.972483
0.658322
1.54076
1.41172
0.642718
1.12247
0.966117
0.527193
0.979087
0.588521
1.26971
0.747523
0.620914
1.45012
0.829841
0.62936
0.734388
0.609205
0.742979
2.06291
0.811456
1.59655
0.756026
0.212484
0.498295
0.599948
0.302503
0.256427
1.60947
1.3978
0.629271
0.702649
1.39438
1.4715
0.881209
0.521107
1.33462
0.613324
0.871746
1.09591
1.2759
0.49146
0.895427
0.632365
0.6842
0.651529
0.659874
0.837249
0.604523
0.493375
0.512396
0.560532
1.0095
1.36783
1.09645
1.69034
0.492728
0.478862
1.21613
1.32437
0.885272
0.519983
0.679256
0.97829
0.526166
0.812265
0.654038
1.47925
0.440882
0.697196
1.56648
0.40107
1.08902
1.50369
1.1098
0.402839
0.710434
0.593069
1.02668
0.607356
0.238585
0.958849
1.25299
0.851099
0.835281
0.64409
1.19102
0.764265
1.14278
0.671421
0.493639
0.656902
1.04379
0.863217
0.056717
0.862636
0.496504
0.576662
1.47165
0.587595
0.63448
1.02065
0.539953
1.40051
0.950658
1.0946
0.967466
1.07378
1.15416
1.25943
0.974676
0.736012
0.682721
0.760475
1.06768
0.858768
0.73755
0.629443
0.358246
0.208518
0.911482
0.332232
1.9776
0.759379
1.02456
0.518504
0.742968
0.469791
1.02832
0.44831
0.685665
0.424052
2.3115
1.18917
0.758674
0.892618
1.01345
1.26824
0.772186
1.6132
0.33502
1.03482
0.488539
1.45457
0.86651
0.549379
0.72398
0.60333
0.151011
0.721655
0.838105
0.912443
1.60061
0.307488
0.205896
1.4526
0.87032
0.540013
1.08548
1.00358
0.652544
0.122458
1.43557
1.95936
0.525657
0.945177
0.390003
1.22143
0.893087
0.720092
1.21791
1.17752
0.265827
1.54455
0.734747
0.637757
1.64819
0.372854
0.467798
0.842453
2.55812
0.740233
0.999198
0.601259
0.531371
0.667153
0.70626
0.526222
0.437458
0.658742
1.11744
0.841417
0.329312
0.833042
0.136338
2.11218
0.409646
1.60002
1.03178
0.294872
1.49834
0.659442
0.325433
0.802153
0.760902
1.00286
1.80315
0.696772
0.897301
0.492311
1.02411
1.09178
1.22839
0.67758
0.501829
0.836118
1.10219
0.334773
0.510535
1.14304
0.674594
0.468353
1.02
0.603362
1.26253
1.02525
0.437596
0.709016
1.41196
0.624611
0.660494
0.434972
0.926989
0.757592
0.95993
1.05569
0.605219
0.380673
0.76977
0.412403
1.46377
1.14278
0.422063
0.903586
0.859844
0.63766
1.19315
0.797792
0.859243
0.192008
0.816214
1.02859
0.782556
0.758413
1.17465
0.483969
0.477824
1.13623
0.426381
0.388371
0.764528
1.19424
0.858118
0.421293
1.29526
0.608125
0.464457
0.68244
1.1412
1.05067
0.716055
1.22598
0.657533
1.94393
0.701803
0.889314
0.465651
0.986623
0.437413
0.560091
0.74533
0.413372
1.9786
0.482854
0.90701
0.581514
1.32032
0.873328
0.378068
1.17497
0.335533
1.7296
0.591485
1.36753
1.02107
1.06453
0.787871
0.798427
1.39824
0.944813
0.74672
0.403577
0.640161
0.876131
0.631754
0.354309
0.561578
1.9911
1.56876
0.84192
1.1049
1.03601
0.336992
0.918291
0.607512
0.810638
0.644907
0.518392
1.49678
0.294717
3.53627
0.706222
0.752944
0.490894
0.936007
1.29059
0.818948
0.630601
1.09392
0.655792
0.848621
1.41582
0.483072
0.740727
1.06013
0.763988
0.678167
0.695994
0.635345
0.701573
0.203792
0.613232
0.716458
1.19961
0.858811
1.26098
0.561361
1.2059
0.549975
1.07749
1.39828
1.05417
0.383271
0.796574
0.994959
1.032
0.702061
0.703869
0.83155
1.25536
0.472843
1.13376
0.791296
0.759543
1.18869
0.474393
1.5665
1.07368
0.573471
0.589832
0.471464
0.525955
1.2168
1.02882
0.74595
0.76039
0.660939
0.796519
0.382309
0.789085
0.574852
0.408041
0.84749
1.53624
0.438942
0.40938
1.87518
0.912762
0.549052
1.07069
0.360788
1.39199
0.408034
1.46165
1.47165
0.750292
1.16079
0.727107
1.01831
1.1241
0.953598
0.731241
1.3133
0.337567
1.13485
1.00779
0.573929
0.457903
1.36287
1.11984
0.834012
0.61706
0.561547
0.785553
0.870205
0.824255
1.837
1.17382
1.96172
0.334097
0.888306
1.34957
0.756346
0.529901
0.36273
0.940513
1.14847
1.79849
1.08527
1.12848
0.964262
0.792852
0.918767
0.715996
0.560482
0.705761
0.395186
0.443141
0.498219
0.767923
0.75866
1.26681
0.537553
1.28015
0.70957
0.624266
2.02535
0.648537
0.68525
0.466444
0.614099
0.843543
0.932932
0.576249
1.47654
0.589254
0.635293
1.12562
0.524113
0.262227
0.418842
1.08918
0.425567
0.653558
1.33241
0.683228
0.957018
0.828366
1.53031
0.30749
0.741183
0.440811
0.0918441
1.14432
0.641314
0.512655
0.763848
0.954485
1.16411
0.871126
0.600169
2.18565
1.36257
0.779668
2.25238
0.824593
1.51704
0.847408
1.12649
0.737728
0.669406
0.874291
1.15179
0.380404
0.213676
1.28132
1.31812
0.851793
1.00652
1.42698
1.04618
0.454673
1.80689
0.860692
2.16997
2.76134
0.564553
0.766666
0.628309
0.656227
0.47617
0.548951
0.415154
0.95772
0.866847
1.26688
1.11872
0.594895
0.703133
0.844546
0.545318
0.562898
0.9413
0.553198
1.1535
0.491235
0.760049
1.01235
1.03254
0.383907
1.10053
0.777517
0.465023
1.05245
1.01933
1.24228
0.151175
0.668085
1.63339
0.461529
0.378972
0.47954
0.249447
0.72907
0.784565
0.961937
0.816547
0.881943
1.60583
0.922444
1.48104
1.84399
0.984244
0.959273
0.534874
0.392804
1.40906
1.13766
1.11951
0.543736
1.21856
1.45453
0.523111
1.42397
0.619251
0.924343
2.27455
0.707387
0.135289
0.86893
0.592335
0.228018
0.538752
1.57149
1.17008
0.399813
1.0805
0.972522
1.30421
0.496324
0.980138
1.0584
1.4211
1.34267
0.70472
0.795938
1.12034
0.833895
1.27588
0.862367
1.44489
0.896162
1.20953
0.690631
1.0697
0.730083
0.751635
1.55783
2.03517
0.750987
0.515299
2.10909
1.14921
0.717126
0.801098
1.05669
0.660647
0.653173
0.599217
1.24916
0.544927
0.317918
0.660424
1.053
0.918975
1.04098
1.24967
0.506753
0.476741
0.694522
0.865156
1.179
0.747014
0.513197
1.6982
0.452804
0.490385
0.833989
1.52992
2.18895
0.671188
0.775402
0.482756
0.557576
1.38527
0.681227
0.947027
1.7643
0.725229
0.497757
0.815051
0.876154
0.48641
1.03172
0.748273
0.371599
0.550932
0.958828
1.29162
0.480561
1.60885
0.86979
1.79644
0.972072
1.16562
0.907725
0.71886
0.197608
0.343522
2.97464
0.737092
0.501703
0.653333
0.288982
1.15389
0.571158
1.56859
0.322223
0.89969
0.397816
0.600494
1.14726
2.07492
0.663236
1.02084
0.588327
0.627341
1.04677
1.2648
0.624632
0.959079
0.773595
0.581316
0.715353
0.415101
0.441207
1.48908
0.472298
2.8701
0.92821
0.968063
0.790615
0.987128
1.60713
1.38894
0.985705
0.296136
0.391182
0.712115
0.717042
0.670612
0.708201
1.26018
0.396821
1.68376
0.911611
0.43566
0.974788
0.803093
0.704321
1.20234
0.762394
0.687111
0.881675
0.758548
0.616348
0.680802
0.554027
0.656541
1.19195
0.467123
2.36663
1.41488
1.11563
0.996173
1.27553
0.633978
0.651259
1.26637
0.970219
1.55642
0.574282
1.46007
1.51149
0.825172
1.49237
1.22784
0.878708
0.449525
0.71157
0.754247
0.560522
1.53129
0.280138
1.03237
0.625004
0.413094
0.395387
0.372062
1.32039
0.730097
0.233458
1.30871
0.765849
0.739128
0.542
0.966069
0.680971
0.338689
1.283
0.98126
0.952196
0.535731
0.701036
2.16149
0.715812
0.768863
0.426142
1.85577
0.983519
0.651961
0.888078
0.498277
0.624948
0.746608
0.797983
0.475209
0.912224
2.46916
1.03062
0.668152
0.693901
0.596485
0.808748
0.777426
0.54862
0.565543
0.762263
0.187109
0.677115
0.928155
0.726382
0.327692
0.936056
0.56454
1.07713
0.826219
1.47789
2.0584
0.389281
0.727647
1.05603
0.314464
1.09318
0.815896
0.572079
0.635895
1.35952
0.930701
1.29898
1.2668
0.965187
0.573066
0.71374
0.380223
1.65928
0.57491
1.19943
1.40762
1.23104
1.03735
0.666958
1.43256
0.415238
1.17606
0.683981
0.789752
0.526327
0.329136
1.014
0.851865
0.974351
1.11361
0.507876
0.419462
0.560822
0.175244
0.35442
1.02617
0.914135
0.973987
0.693002
1.20088
0.767883
1.14163
0.571393
1.04591
0.551204
0.731759
2.57011
0.638994
0.402522
0.692043
0.59829
0.429658
0.123714
0.578125
0.44416
1.21826
0.666118
0.548734
0.925307
0.461178
0.537791
0.675204
0.888572
1.50544
0.481044
0.6285
0.64825
0.644468
0.324566
0.855801
0.550457
2.15217
0.529942
0.619513
0.766385
0.972483
1.3586
1.27343
0.625075
0.902729
1.7732
0.721904
0.757042
0.728674
0.714719
0.629224
0.920183
1.08455
0.298931
0.269715
0.649956
1.25669
0.87317
1.13668
0.466707
0.862556
0.884341
0.828798
0.5687
0.627253
0.398294
1.47424
1.62252
0.511618
0.878043
0.52691
0.583764
0.508494
0.629616
0.694052
0.881635
0.571501
0.398609
1.26563
0.0717857
0.717826
1.25712
2.19159
0.941203
0.330161
0.841545
0.68509
0.638192
0.728059
1.27554
1.13508
0.828671
1.03503
1.30476
0.321174
0.390047
0.784936
0.581156
1.55875
0.947093
0.750634
1.24057
0.488724
0.4562
0.913557
0.389946
0.465444
0.279074
0.916507
0.960706
0.562961
1.09078
1.02629
1.26245
0.845644
0.911326
1.12299
0.36866
1.50919
0.164576
0.731585
0.755412
1.21453
0.555358
1.23703
0.679081
0.725603
1.72042
0.948816
0.229705
0.800709
0.487747
0.904776
0.564681
1.0571
0.218868
0.718756
0.558165
1.26049
0.401753
0.881438
0.61685
0.411132
2.23088
0.434378
0.519413
0.404431
0.34288
0.442789
0.416366
0.414997
0.839725
1.28983
0.504931
0.5754
0.876691
1.11789
1.17703
1.04605
0.591128
0.465613
0.574503
0.534855
0.927469
0.708916
0.525321
0.948493
0.97493
0.441454
0.743299
0.719743
0.60407
0.5307
0.820101
0.702164
1.14973
1.00014
0.648789
0.535255
0.600376
1.7774
0.173183
0.31725
0.467708
0.472525
0.691215
0.910266
0.32335
0.627978
0.660173
0.649085
1.47605
0.89521
0.283126
0.693529
0.819693
0.916045
1.36244
0.972665
0.747817
0.409035
0.665896
0.762951
0.179848
1.22279
0.874688
0.726428
0.577439
0.847881
0.966973
0.585654
0.896623
1.7473
0.480598
1.51217
0.555476
0.352469
1.48595
1.05936
1.40008
0.936795
0.691963
0.729674
0.461652
0.548824
0.982216
0.983524
0.76244
1.13058
1.25543
1.67319
1.55594
0.939204
0.702084
0.877318
0.494186
1.26771
0.713941
1.10858
0.769207
0.410323
0.954345
0.84421
1.03273
0.614148
0.832645
0.247941
0.515004
0.645746
0.317294
0.759426
0.635022
2.28322
1.59451
0.837869
0.87462
1.27496
0.428703
0.537638
0.595665
0.774853
1.01995
1.64479
1.13058
0.635531
0.510733
1.87076
1.0105
0.170022
0.294698
0.879848
0.640975
0.701226
0.62987
0.483435
0.951639
1.79545
1.47984
1.11684
0.729294
1.33851
0.683263
0.962091
1.4407
0.763375
1.25846
1.38335
0.439562
1.00764
1.26534
0.632551
0.604578
0.793521
0.891803
0.441261
0.705853
0.47979
0.687105
1.62256
1.06098
0.891935
0.421148
0.537974
0.758429
1.53015
0.420872
1.42173
0.981807
0.505839
1.07607
0.950019
0.762661
0.890816
0.771649
0.805117
0.841675
0.682989
0.438677
0.690868
1.50451
0.253778
1.61025
2.77321
1.67503
0.448869
0.710681
1.24837
0.351397
0.714059
0.614567
1.05965
0.944648
1.02229
0.783033
0.495352
1.33079
0.373939
1.25987
0.549718
1.19295
1.29888
1.19244
0.632924
0.820114
0.386534
0.469446
0.432933
0.86138
1.56274
0.972807
0.241157
0.411655
0.88474
0.855581
0.611098
0.89763
1.0577
0.758616
1.14232
0.871162
0.819207
0.962888
1.08954
0.990391
1.10521
0.235509
0.531657
0.992227
0.810596
0.948579
0.815985
1.12779
0.418035
0.491121
1.85286
1.37851
0.843699
0.94288
0.935938
0.943944
0.704676
1.24181
0.731786
0.994239
1.06191
0.99038
0.429812
0.305903
1.31478
0.711811
0.427544
1.00873
0.678043
0.744408
0.160638
1.35264
1.35733
2.51636
0.49676
0.825968
0.488877
0.515263
0.502917
0.729065
0.572488
0.978959
0.491759
0.84341
1.92622
1.04764
0.85868
0.648876
0.716635
0.438643
1.14707
1.71351
1.03185
0.953622
0.510582
0.91362
0.216959
0.280529
0.461657
0.341663
0.820259
1.02341
1.11136
0.850326
1.62226
0.549541
0.546158
0.55948
1.22399
1.15138
0.555915
1.31665
0.947878
1.37884
1.0364
1.33317
1.16878
0.645919
1.31291
0.34928
0.383175
0.487796
0.802697
0.760566
0.488594
1.03309
0.46385
0.885889
0.447463
0.813216
1.952
0.938687
0.693514
0.80028
0.642695
0.889957
1.33173
0.918663
0.84231
0.777816
0.693116
0.517624
1.6481
0.88972
1.57336
0.863796
0.644815
0.720741
0.66055
1.03579
0.493352
0.631208
1.46925
0.709427
0.554503
1.53624
0.653653
0.0603713
0.717283
1.24648
0.883691
0.580039
0.713259
0.679758
0.664531
0.646988
0.234462
0.622835
0.739412
0.660471
0.650165
0.333951
0.643019
1.28299
0.632908
0.600286
0.591654
0.491588
0.679633
0.467313
0.320256
0.547502
0.362096
0.643632
0.471072
0.416725
2.34895
0.666948
1.05372
2.11433
0.53461
0.563922
0.823637
0.512521
0.963772
2.23067
1.49917
0.90324
0.724531
0.916929
2.15894
0.769463
0.63139
0.417466
1.18753
1.35308
1.4555
0.374241
0.868834
1.44684
0.330322
0.50584
1.07409
0.272109
1.01038
0.695786
0.394642
1.00601
1.06159
0.96934
0.715528
1.16522
0.543449
0.97853
0.817989
1.12436
1.79706
0.498613
0.639614
1.19542
0.140106
1.12352
0.96684
1.38914
0.939919
0.963954
1.31111
1.25147
0.601456
0.530886
1.44863
0.758676
0.584344
0.413166
1.09944
1.24645
0.452304
0.493188
1.20112
0.565723
0.867756
0.834839
0.216284
0.944313
0.83197
0.696199
0.821042
0.594173
0.47101
1.91915
0.552917
0.87783
1.13899
0.739911
0.362174
1.54764
0.516419
1.00298
0.449195
0.923955
0.802443
0.878241
0.967071
1.24312
0.757986
1.66425
0.5221
0.4688
0.895739
1.21598
0.575038
0.602399
1.04678
0.67292
1.46388
0.721068
1.47622
1.01866
1.68558
1.88414
0.673651
0.762358
0.594892
1.19634
0.241733
1.11464
0.946754
0.865939
0.659648
0.779281
2.06737
0.548052
0.832485
0.489139
0.869216
0.488437
0.414746
0.668143
1.64429
1.6443
1.34252
1.25337
0.879218
0.655568
1.0049
0.679806
1.78416
1.1739
0.45357
0.580973
0.634123
0.84939
0.571354
0.703062
0.571661
1.04459
0.970088
0.48906
1.13059
1.33858
0.744985
1.13376
1.63263
0.44714
0.937412
0.541034
0.863133
0.477926
0.494046
0.777999
0.525142
1.84556
0.885819
0.584309
1.04453
0.689409
1.08834
2.43453
0.70746
0.499934
0.430665
0.576618
0.406441
1.12714
0.666113
0.876477
1.19999
0.478833
0.745645
0.924566
1.66416
2.59201
0.629509
1.73033
1.29119
0.676418
0.950916
0.070171
0.576992
0.592423
0.564873
0.72053
0.550861
0.826154
0.445404
0.179437
0.573975
0.578937
0.722831
1.37861
0.789909
1.5705
0.761071
0.884205
0.442414
0.410087
0.792077
0.931329
0.626677
0.752134
0.617903
0.78041
0.434385
0.592937
0.866113
0.675531
1.25055
1.31553
0.575149
0.552649
0.965703
0.596824
0.893438
0.554416
1.45282
1.30625
0.267583
0.248324
0.886167
0.493989
0.620988
0.561804
0.921344
0.552638
0.413672
0.540539
0.724517
1.28896
0.884524
1.00162
0.62095
1.02958
0.620015
1.11991
1.11641
0.551681
0.961809
0.698065
0.440723
1.03758
0.534678
0.27435
0.380644
0.881924
1.7231
0.734664
1.09849
0.965373
0.773457
0.888687
1.70867
1.84328
0.422476
0.428317
0.829386
0.55015
1.25211
0.677743
0.263465
1.25031
0.556869
0.57201
0.568493
1.10953
0.769967
0.638217
0.642218
0.573795
0.990113
1.75733
0.753056
0.556668
0.704857
0.513119
0.529259
0.744761
0.60699
0.102098
1.11804
0.991684
2.16799
1.06743
0.780046
0.520155
0.427196
0.600013
0.651553
0.952425
0.644322
0.827402
2.01091
0.439375
1.54424
1.2003
0.315919
0.955367
0.185045
1.09454
0.879667
1.25821
0.443685
1.04527
0.841595
0.833225
1.25063
0.56996
0.629987
0.421968
0.775011
0.91496
0.694804
0.641305
0.546874
0.629991
0.868759
0.526834
0.833967
0.831321
0.351809
0.78199
0.713439
1.34373
0.475323
1.0005
0.493189
0.806681
0.640215
0.608644
0.712659
0.509476
0.700088
0.858928
0.837501
0.715325
1.79541
0.87297
0.498066
0.961666
0.794944
0.792041
0.640508
0.778416
0.990652
0.636293
1.18011
1.3511
0.73918
1.27789
2.13856
1.12726
1.26803
0.602026
0.606779
0.953916
0.73284
0.340951
0.585943
0.683517
0.197322
1.18908
0.568854
1.11114
0.92416
0.948286
0.668322
0.94631
0.661569
0.570848
0.818536
0.826104
0.164476
1.17445
0.956863
0.438843
0.252489
1.43779
0.595829
0.435621
1.56782
1.27168
1.03783
1.13859
0.969525
0.383311
1.69076
0.413188
0.556799
1.15194
0.855227
0.211895
0.618779
0.462406
0.882244
2.37197
0.584357
0.396066
1.2249
0.820874
0.84876
0.629521
0.420437
0.801094
0.690957
1.47928
1.32381
1.1301
0.644836
1.11491
0.467247
0.608526
0.585504
0.607763
0.818823
0.362934
0.922203
0.571542
1.24228
1.13256
1.05356
0.614509
0.559932
1.2081
0.84704
0.55939
0.533307
0.742227
0.510328
0.126702
0.798718
0.780283
1.12811
0.942153
1.09509
1.53821
0.964658
0.423552
0.687885
1.23864
0.573254
0.855247
1.45148
0.638853
1.2214
0.644884
1.47949
0.64923
0.905159
0.713505
0.969811
1.43042
0.789021
1.00097
2.17375
0.428593
1.30584
1.31416
0.517108
1.1938
0.979926
1.34594
1.20053
0.218087
1.70054
0.658162
1.55046
1.3934
1.10102
1.51361
0.381075
0.389648
0.64846
0.657539
0.737285
1.26107
0.694605
1.03057
1.32566
0.597382
0.604931
0.620592
1.24603
0.55127
0.19536
0.72884
1.10386
0.931489
1.04074
0.727438
0.722868
1.39668
1.39454
0.716019
1.32744
0.407914
0.898675
1.0584
0.905975
0.314509
0.427977
0.788149
0.538543
0.270387
1.47921
0.770399
1.27135
0.102297
0.472472
0.942188
0.544052
0.668398
0.260052
0.769949
1.0687
0.457291
1.01651
0.706501
0.724819
0.68683
0.994324
0.54424
0.551284
0.859525
0.914343
0.319305
0.35227
1.13996
0.634905
0.891707
0.900803
0.598988
0.272146
0.84493
2.64423
0.675479
0.889752
0.538577
0.698968
1.16076
1.01521
0.684087
0.255523
0.637751
1.3249
1.63568
1.2531
1.43233
0.201345
0.753158
0.945208
0.726791
2.15547
0.13187
0.232347
0.473235
0.699099
0.462225
0.482516
0.140035
0.677483
0.312904
0.488475
1.18249
0.761822
0.428466
1.52873
1.06384
0.906036
0.513555
0.374878
1.01631
0.69404
0.278966
1.15375
2.19719
0.909663
1.1781
0.202231
0.91145
0.610464
0.467949
1.19968
1.08805
0.921062
0.470509
0.946219
0.164133
0.510807
0.763495
1.23655
2.49803
0.860939
1.19938
1.08798
0.173169
0.669836
0.725544
0.431727
0.899849
0.508104
0.646436
1.65269
0.758607
1.37276
1.3796
1.03955
0.562987
3.23697
1.34642
0.687555
0.458374
1.87457
1.13667
1.0168
1.16951
0.413814
0.86934
0.864986
1.08606
0.370526
0.541605
1.3427
1.09981
1.62034
1.27974
0.576992
1.06113
1.20336
0.647241
0.739197
0.651707
1.53676
1.52211
0.618989
0.79166
1.29173
0.160834
0.743886
0.477237
0.79929
0.679829
0.5028
0.604125
0.582288
0.309061
0.783791
1.00367
0.365755
1.48034
0.732954
1.8768
0.919086
1.09657
0.837364
1.42823
1.01048
0.715292
1.06467
0.338802
0.863141
0.650467
0.65777
0.54663
0.599278
0.579006
0.615524
0.580537
0.465987
0.803041
0.894766
0.964876
0.635764
0.88082
0.869761
1.79542
1.49294
0.40198
0.70221
1.14805
1.33376
0.937766
0.687634
0.938177
0.64719
1.55939
0.964221
1.03693
0.668052
0.375551
0.973469
1.0899
1.19649
0.58695
0.859241
1.31949
0.77997
1.17112
0.455538
0.426421
0.529691
0.887978
0.62705
1.58955
0.682041
2.32689
0.84429
0.864059
0.937501
0.121466
0.880607
0.950632
1.27486
1.08835
1.31993
0.320465
1.07877
1.62912
0.644207
1.06394
0.791437
0.795752
0.725215
1.00327
0.757318
0.927384
1.02081
0.935079
0.454961
0.772268
0.782809
0.959027
0.55293
1.25849
0.681643
2.11146
0.333886
0.719228
1.10391
0.571579
1.1853
0.806535
0.681539
0.177483
0.72311
1.34784
1.33504
1.8405
1.61578
0.861914
0.993201
0.322465
0.659326
0.537279
0.526649
0.663292
1.74552
1.52789
1.10605
0.715282
0.748298
1.04654
0.458087
0.513988
0.641627
1.17716
0.546808
0.973789
1.45022
0.713068
0.340846
1.02322
0.477033
1.31471
1.35124
0.705438
1.51588
0.753228
0.686059
0.743912
0.385808
0.663149
0.924963
1.25356
1.2195
0.752931
1.91192
0.751127
0.752074
0.51964
0.93742
1.522
0.499565
0.559064
0.909906
1.05839
1.37506
0.592822
1.2523
0.474981
0.164327
0.343944
0.450077
0.46742
0.428574
0.877691
1.0073
1.35043
1.69187
0.939545
0.983785
1.0086
0.894589
0.883805
0.693912
0.81413
0.765729
0.695999
0.893603
0.394537
0.493143
0.695834
1.23279
0.806604
0.958279
0.354729
0.822854
0.767328
0.818399
0.790983
0.349933
0.653124
0.586309
1.64099
1.61711
0.939039
1.46208
0.419707
0.637798
0.561867
1.2228
0.656636
0.378256
0.489065
0.734453
1.22681
1.40968
0.669623
1.08523
0.569248
0.319653
0.981585
0.491632
1.9835
0.464382
0.514168
0.49296
0.661956
0.669673
1.26267
1.47972
0.485731
0.981979
0.481195
0.469606
0.769489
1.19033
0.800655
0.820874
0.489139
0.804405
0.662924
0.620448
0.783425
1.46332
1.40138
0.505392
0.680594
0.303397
0.21724
0.724257
1.09132
0.956847
0.334478
1.04684
1.24313
1.11391
0.953721
0.7604
1.13689
0.662195
1.32362
1.2439
0.99508
0.627096
0.915417
0.874155
0.767245
1.03738
1.32009
0.965696
0.504163
0.743646
1.50942
1.2281
0.689561
0.735649
0.276539
0.758509
1.40015
1.2385
0.663815
0.404049
0.67355
1.61805
0.383361
0.998228
0.744054
1.018
1.09059
0.884906
0.836342
0.90273
0.743744
0.537137
0.844158
0.709589
1.03586
0.615053
1.45853
1.0804
0.648327
0.233916
0.478532
0.525869
0.722761
1.33499
1.03557
1.00816
1.93407
0.703551
0.885206
0.414949
2.26133
1.09987
0.827294
0.932257
0.534483
2.13783
0.254156
0.793098
1.03404
0.526633
1.10846
0.711158
0.295141
0.4979
0.835139
0.942728
0.540307
1.37769
1.14469
0.634412
0.722745
1.3735
1.57001
0.405103
0.683677
0.773131
0.906475
0.659971
0.47154
0.524019
0.627657
1.08238
1.28308
2.17641
0.598229
0.689484
1.26238
0.51329
1.1849
1.3473
1.36761
1.43629
1.59209
1.47696
1.44192
0.385199
0.291444
0.803979
1.83456
1.11016
0.226417
0.59542
1.46493
1.01428
1.14343
0.688601
0.388568
0.50853
0.617773
0.589518
0.824147
1.22875
0.439812
1.74377
1.22863
0.690902
0.612783
0.572184
0.831378
1.22005
0.525405
1.47716
0.694013
1.41918
1.07071
1.24925
0.422943
0.811082
1.22278
0.775654
0.398263
0.906969
1.4753
0.763852
0.399393
0.232685
1.74411
0.666692
0.828378
1.34981
0.175692
0.880905
0.354064
1.07955
0.597016
0.681525
0.769565
0.832368
0.592514
0.929715
0.595462
0.814182
0.776691
0.84584
0.584241
1.26341
0.273176
1.12721
0.0724693
0.783966
0.930823
0.447641
1.0953
0.827011
0.74488
0.531529
0.376675
0.854859
0.716839
0.391204
1.06168
0.472296
0.683254
0.182421
0.388545
0.720906
0.975356
0.508429
2.10787
0.744249
0.380057
0.675875
0.435464
0.54065
0.935762
0.990772
1.23302
0.770544
0.54501
0.637955
0.750985
0.240052
0.658293
1.03593
0.637046
0.391439
0.476597
0.427664
1.29974
0.779011
0.799954
0.121852
2.04325
0.933907
1.08597
1.05368
0.50689
0.53941
0.72252
1.13344
0.71941
0.435266
0.523483
0.532061
0.573723
1.40084
0.549704
1.23172
0.407947
1.29561
1.47454
0.765146
0.58602
0.692079
1.2216
0.277172
0.975101
0.623279
0.983393
1.41255
0.345558
0.881736
1.47386
0.633699
1.2653
3.4903
0.583046
0.590746
0.738583
1.78782
0.36682
0.552152
0.892475
0.636352
0.868103
1.18733
0.467122
0.821742
1.27299
0.963749
0.501493
0.551988
2.35242
0.949685
0.595848
0.880644
1.23057
0.898554
0.923093
0.687544
0.481724
1.74162
0.566453
0.194318
0.562382
1.43669
0.472264
0.894207
0.609945
1.10315
1.08895
0.74675
0.762644
1.16798
1.11927
0.389848
0.336695
2.25717
1.17562
1.17928
1.42919
0.737475
0.321284
1.08714
0.789091
1.16502
1.30345
1.00224
1.19122
0.369674
1.23032
0.345025
0.613585
0.620744
1.094
0.392346
0.732173
1.10501
0.410025
0.562524
0.220419
0.634274
0.732905
0.956882
1.10759
1.24023
0.575368
0.563477
1.41755
0.521504
0.445012
0.648574
1.68644
0.738338
1.21421
0.89326
1.04454
1.08077
0.715404
1.25558
0.750917
0.862118
0.818252
1.7939
1.4384
0.544191
0.877309
1.59185
1.49146
0.425475
1.56818
0.267884
1.63894
1.1032
0.590652
0.995574
0.517871
1.38728
0.339379
0.504986
0.850726
0.590339
1.89694
0.377801
0.890555
1.16149
0.820958
1.2324
0.598317
0.784964
0.960664
2.85755
0.957823
0.583255
0.685906
0.438904
1.07039
1.05821
1.60239
0.598343
0.353758
0.904622
1.08378
0.359246
0.347911
1.47503
1.49699
0.827867
0.589587
1.16542
1.01602
0.833885
0.887229
0.46907
0.434994
1.69143
0.691505
0.783857
0.619858
0.747919
0.996201
0.448379
0.451185
0.741625
0.582569
0.98693
0.670344
0.712664
0.520708
0.556692
0.526718
1.25342
1.20679
0.925803
1.75565
0.555111
0.52726
0.48093
0.684412
0.462258
1.17857
0.326371
1.88568
1.29855
1.52777
1.73143
0.450976
0.501606
0.496913
0.970892
0.403071
0.304506
0.678248
0.493971
1.19189
0.421332
0.527596
0.563145
0.75756
0.778971
0.919966
0.580252
1.00642
0.941128
1.34816
0.938417
0.87513
0.984419
0.611836
0.453706
0.361243
0.415983
0.728213
0.493971
0.447161
0.515053
0.922982
1.39951
1.07839
0.350462
1.49995
0.528916
1.01989
1.93981
0.471945
1.2054
0.512864
0.768095
1.04509
0.855577
1.16648
0.989813
0.349299
0.0861762
1.00532
0.565846
0.951141
1.10379
1.27215
0.717164
0.692508
0.595284
0.5765
0.845508
0.848103
0.377595
0.945541
0.990005
0.506635
1.58286
0.57359
0.225791
0.77641
0.545299
1.50253
0.990416
0.429437
1.02573
0.139288
0.734164
0.958036
0.863284
0.904489
0.685495
1.01003
0.578777
0.660158
0.630862
0.449713
1.31321
1.33557
0.746838
0.336813
0.530663
0.695257
0.721739
1.43225
0.448161
1.00312
0.78799
0.639541
1.68259
0.631287
0.673385
1.32429
1.53789
0.407541
2.18697
0.993655
1.75561
0.923407
0.968456
0.503088
0.854458
0.922236
1.50506
0.87671
0.549929
0.650197
0.44717
0.670379
0.489614
0.445033
0.68086
0.900049
0.941121
0.892452
0.857315
0.671256
0.897412
1.18771
0.912058
1.37013
2.48289
1.28214
0.618983
1.54958
0.759194
0.551555
0.660071
1.30256
0.670356
1.28484
0.834681
1.2372
0.646832
0.338577
0.804604
2.00686
0.811476
0.777634
0.992579
0.0536854
1.33088
0.734087
1.38561
0.573292
0.882735
0.848464
0.759654
0.495402
0.403466
1.18071
0.352987
0.542623
0.481907
0.279463
1.35774
0.976837
0.58893
0.527628
0.827493
1.04485
0.432014
0.6371
1.18286
1.01683
0.69576
0.4575
0.980127
1.04014
0.834727
1.06708
0.215552
0.780272
0.897858
1.34343
1.97104
0.258683
0.66872
0.844188
1.33021
1.24966
1.15064
0.756225
0.443843
1.12772
0.62488
0.617633
0.640412
0.552365
0.733709
0.426908
0.628078
0.596908
1.64693
0.9642
0.84075
0.429023
0.82262
0.883566
0.972062
0.645801
0.868874
0.600172
0.534361
0.89043
1.85764
0.719972
0.57285
0.168157
0.479364
0.826833
0.861737
0.902893
0.895803
1.27268
1.02067
0.717436
0.536883
0.545249
0.518682
0.33432
0.644988
0.629794
0.994508
0.425192
1.70804
0.50056
0.63263
0.725099
1.55613
1.08895
0.117304
0.814122
2.14725
0.460436
0.607586
1.57694
1.2189
0.609934
1.26145
0.962904
0.679712
0.930737
0.832817
0.426173
1.11696
0.696604
1.69783
0.971619
1.52379
0.749891
0.439659
1.40439
0.955188
0.772465
1.25742
0.917736
0.872212
0.631654
0.871471
0.839241
1.64053
0.63827
0.915866
0.600489
0.624389
2.59149
1.20177
0.694804
0.607998
0.715922
0.331034
1.0387
1.96814
1.48216
0.787584
0.517477
0.746696
0.326859
0.231722
0.349602
0.995739
0.973626
0.84369
0.551365
0.670861
1.98622
0.706641
0.922301
1.00503
0.296594
0.505271
0.531769
1.34298
0.637019
0.42442
1.00664
1.11431
0.881387
0.830997
1.19842
0.610839
0.593726
0.897215
1.50657
0.402113
0.620286
0.905408
0.520555
0.259409
0.911472
0.551426
1.24532
0.993979
0.329401
1.72851
1.17141
0.616277
0.652421
1.16083
0.664083
0.999203
0.929653
1.50766
0.421861
0.431153
0.767444
0.562995
0.729686
0.998368
0.520079
1.43463
0.479316
0.677469
0.67392
0.76161
0.460151
2.50062
1.04137
1.28435
2.09089
1.37898
0.657798
1.02026
0.948869
0.36943
0.678297
0.600569
0.913551
0.523338
0.887755
0.839582
1.12933
1.48602
1.13359
1.33561
2.03476
2.8932
0.655635
0.380322
0.849143
0.461357
0.559534
1.03739
0.18214
0.538011
0.425936
0.763316
1.37437
1.13304
1.30578
1.4758
0.38119
0.564226
0.788725
0.601046
0.379703
1.07935
0.312585
0.97365
1.33416
2.61223
1.37518
0.373337
0.682105
1.29088
0.748489
0.43453
0.602573
0.73499
0.843
0.407529
0.405757
2.11834
0.586518
0.544667
0.264214
0.704122
0.610752
1.21266
0.748128
0.359187
0.498222
0.629689
0.841303
0.453833
0.983394
0.799428
0.393476
1.6401
1.11291
1.81095
0.427995
0.562087
1.05054
0.839525
1.13316
0.506989
0.952732
0.612612
0.323757
0.759746
1.29868
0.901863
0.710092
0.742836
0.801994
0.727308
1.64539
0.52968
0.664601
0.993042
1.25478
0.342472
0.831826
1.05975
0.617157
0.659692
0.552663
0.575892
1.65555
0.512971
0.844178
0.426357
0.740013
0.581391
0.901511
0.690226
0.681312
0.962666
1.05676
0.992704
0.619492
0.402168
0.918802
0.729962
0.72666
1.3781
0.756898
1.06147
0.784886
1.50008
0.940738
1.80982
0.68626
1.02335
0.956818
1.29023
0.7882
1.08306
0.92014
0.608613
0.90657
2.25313
0.709088
0.980612
0.628483
0.602368
0.367164
0.618082
0.387232
0.643274
0.526502
0.401739
1.22366
0.967527
0.634451
0.995142
0.646227
1.18187
1.78585
0.872528
0.54949
0.989727
0.892857
1.59824
0.397818
0.870609
0.521513
1.07669
1.30484
0.965706
0.733097
1.74847
0.464049
0.599891
1.09523
0.392695
0.589393
0.951209
3.15825
0.732844
0.862732
1.35591
0.716325
0.669339
1.46102
0.660608
0.398105
0.834087
1.59255
0.791295
1.32441
2.00464
0.981735
0.728102
0.752946
1.14899
1.21503
0.43571
0.681039
0.86467
0.61586
0.769968
0.398781
1.04207
0.810927
0.579857
0.80261
0.283
1.09909
1.10548
0.218355
0.757975
0.436982
1.20341
0.492931
0.567033
1.27404
0.519013
0.769667
0.636735
1.15259
0.986703
0.398549
1.61644
0.79186
1.87176
0.874278
0.853745
1.0145
0.791604
0.0641858
0.404862
0.419487
0.653085
0.873086
0.642424
0.723523
0.509347
0.222657
0.919388
0.610791
1.22799
0.652264
1.35725
1.41835
0.465278
0.441777
0.791786
0.959196
0.768274
2.24198
0.365051
0.780848
0.501349
1.3888
0.237461
1.13119
0.897593
1.05746
0.211755
0.502398
0.46379
1.09022
0.795668
0.74498
0.701059
0.693397
0.707382
0.693353
0.813785
1.01947
1.14508
0.325986
0.289456
0.742898
0.841471
1.02854
1.41205
1.18222
0.0975534
2.44552
1.7745
0.899503
0.567905
1.31493
0.81156
0.632148
0.610058
0.963941
0.963083
0.978883
0.536134
0.9453
0.593842
0.515623
0.712354
0.987234
0.747161
0.338179
0.515256
1.46881
0.738799
0.729219
0.762012
0.691685
0.695352
0.673909
1.4376
1.64786
0.598784
1.1176
0.861274
1.43221
0.987825
1.06531
0.683729
0.590825
1.49234
1.28839
0.68432
1.52215
0.643411
1.83201
1.70354
1.76483
0.525701
0.28289
0.323753
1.02845
0.810194
0.95649
0.657813
0.67273
0.475567
1.03339
0.978938
0.408262
0.628364
1.19118
0.856285
1.06898
1.59737
0.601787
0.526511
0.693035
0.681801
0.691013
0.735968
0.582773
0.417082
0.698514
1.97087
0.265028
1.04708
0.781856
0.742856
0.734898
0.514749
0.633859
1.78273
1.0245
1.28769
1.70093
0.762352
0.495212
0.674504
0.509214
0.879557
1.28431
0.982791
1.33428
0.555992
0.455227
1.29208
1.16997
1.07763
1.26447
0.477993
1.56736
2.59719
0.882578
1.083
0.573328
0.546016
0.455753
1.22436
0.850319
0.495749
0.728031
1.59432
0.741615
0.418128
1.10446
0.817509
0.764126
0.507849
0.71577
1.16533
1.6162
0.667961
0.34115
0.781095
0.565202
0.913961
0.735605
0.50449
1.03571
0.374315
0.520389
1.19095
0.731565
0.594192
1.4956
0.911723
0.475415
0.536098
0.964817
0.647102
1.78803
0.778102
0.699267
1.40398
0.629922
1.08793
0.483162
1.10083
0.616691
0.525353
0.340431
0.635099
1.3603
0.736065
0.951493
2.22409
0.796181
0.94201
1.51283
0.982224
1.46459
0.768871
0.974021
0.459086
1.52608
0.754063
0.737998
1.61151
0.759179
0.510211
0.754265
0.401179
0.598083
1.17859
1.25632
0.73928
0.882693
0.358575
1.46591
1.15123
0.48851
0.817749
0.5135
1.5776
0.619587
0.52316
1.18048
0.779059
0.657009
0.749496
2.41951
0.789774
0.755504
0.491218
0.476801
0.686745
0.796117
0.747713
0.935192
1.35215
0.915397
2.13374
1.7536
1.21857
0.674367
1.3166
0.488469
0.460168
1.79392
0.980164
0.999264
0.818226
1.52277
2.12185
1.39932
0.709782
0.617807
1.58027
0.388394
0.455387
0.457091
0.806263
0.27904
1.34849
0.411494
0.224679
0.679794
0.742356
0.754996
0.59023
0.926409
1.28836
0.662353
0.45157
0.562879
1.14686
0.480932
0.440868
2.27276
0.671783
0.418056
0.614047
0.544789
0.335988
1.57036
0.526984
0.896123
1.42934
0.775354
0.483672
0.851415
1.29424
0.762501
0.891756
0.911046
2.24093
0.686584
0.217804
0.276756
1.47606
0.909096
2.51557
0.399844
1.07949
0.51961
0.891105
0.442629
0.593969
0.903235
0.823909
0.20911
0.87703
0.725186
0.619068
0.998154
1.11942
1.22792
0.962728
1.26362
0.806091
0.686023
0.692826
1.35095
1.21296
1.92611
0.572171
1.32527
0.756511
0.82832
0.592823
1.21368
0.417653
0.881479
0.473026
0.42514
0.558507
0.585749
0.77967
1.28353
0.449027
0.198884
0.741474
1.01243
1.21948
0.59883
0.8266
1.1812
0.237416
1.10706
1.36769
1.26706
1.80727
1.32952
1.38144
1.0541
1.01153
1.87424
0.982523
0.57948
1.69831
0.825367
1.34472
0.66154
1.06742
0.683403
0.7867
0.85374
0.770366
0.690323
1.83067
1.71775
0.998127
0.897687
1.34355
0.447212
0.554634
1.3284
0.922175
0.241284
1.327
1.04441
0.841635
1.07363
0.618981
0.434974
0.928667
1.17493
0.189236
0.656791
0.617443
0.821973
0.814366
1.18341
0.698018
0.514194
3.10572
0.353089
0.643097
0.646408
1.11235
2.53055
0.745774
1.67805
0.707989
1.26608
0.859006
0.26475
0.604906
0.866859
1.19867
0.734539
0.828079
1.01077
1.12235
0.733033
0.675519
0.426814
0.790852
0.788616
0.278439
0.798495
0.0748042
2.05157
1.09437
1.03774
0.514133
0.424124
0.72456
1.53905
0.296058
1.47975
1.14341
0.571453
1.20598
0.555428
0.46475
1.02418
0.714028
0.788476
0.827129
0.397874
0.559783
0.94918
0.888579
1.38485
0.873476
0.621495
0.635264
0.49456
1.35739
0.94117
0.847831
0.741091
1.19487
1.56479
0.837971
0.5849
0.508718
0.463253
0.980298
0.515026
1.4301
0.918195
0.899721
1.1937
0.542328
0.791345
0.87614
0.715138
0.473999
1.28708
0.606396
1.07554
0.763532
0.911574
1.12531
0.273956
1.56128
1.33484
1.2509
0.536692
0.736445
1.71758
0.126965
2.13763
0.552669
0.570592
1.66335
0.472545
0.769746
1.00494
0.24091
1.24597
0.642713
0.51599
0.831221
0.947173
0.549507
0.841572
1.04702
0.561079
0.716552
0.926506
0.681725
0.85197
0.664864
0.445884
0.569162
0.921313
1.28045
0.941912
0.370074
1.23355
0.481692
0.92803
1.08563
0.394205
0.938455
0.54171
0.972687
2.10994
0.679207
0.641831
1.27887
0.778029
0.866854
1.54318
0.468576
0.702886
0.553997
0.472849
0.51233
0.90874
1.3946
0.240042
1.22907
0.513939
0.836033
0.584295
1.36078
0.794041
1.28884
0.947639
0.814923
1.01131
0.507441
0.415015
0.259979
0.905741
1.08199
0.71723
0.984441
0.964934
0.308268
0.897662
0.156275
1.04756
0.793838
0.790184
0.15868
1.08089
1.18464
1.18576
0.67716
0.7471
0.590783
0.413622
0.92578
0.418461
1.00586
0.811506
0.678605
0.176151
0.938878
0.995746
0.797511
0.608018
0.571587
0.886566
0.50717
0.803804
0.643577
0.912594
0.570697
1.17896
0.407932
0.802151
0.818768
0.961551
0.235694
1.39584
1.36254
0.665119
0.670919
0.568768
0.574445
0.604065
0.980578
0.621739
0.253286
0.93701
0.753238
2.99611
0.713809
0.646996
0.338116
0.662226
0.229661
0.645171
0.909637
1.90336
0.636321
0.838045
1.54911
0.595751
1.01977
0.737456
0.467784
0.809417
1.19272
1.23648
0.439394
0.642253
0.574749
0.928135
0.866943
0.477076
1.40984
1.06619
1.15721
0.724969
1.07809
0.604898
0.801746
1.06337
0.763898
0.632693
0.848183
0.862362
1.37543
0.524417
0.814623
1.16429
0.347528
0.511684
0.755587
0.528352
0.561784
1.84843
0.946454
0.902913
0.670102
0.545562
0.831652
0.819338
1.07484
1.23145
1.71713
0.915216
0.533213
0.974377
0.458427
0.469762
0.691994
0.599855
1.24839
1.0776
0.205296
0.398372
1.22791
0.831022
0.623387
0.745347
0.740406
0.734747
1.59919
0.584693
0.705113
0.53002
0.35021
0.61472
0.559406
1.29311
0.632373
0.756246
0.684414
0.423544
0.93571
0.795108
0.858793
1.29419
0.297404
1.08856
0.0768014
1.19142
0.626631
0.366985
0.448215
0.390056
0.815473
0.818688
2.23482
0.854214
0.433912
0.997493
0.124739
1.02573
1.33901
0.781114
1.24931
0.61437
0.632025
0.670617
0.473734
1.13742
1.01787
1.06667
0.889747
1.19225
0.922133
1.68665
0.29617
0.517453
0.657848
0.681449
1.62377
0.898142
1.01696
0.616142
0.650336
0.974
0.767335
0.954008
0.799803
0.682809
0.352354
0.444545
0.419346
0.500342
0.970574
0.666347
1.58789
1.04288
1.42642
0.511196
0.901704
1.25708
1.16715
0.753381
0.872771
0.515174
0.531896
0.208052
0.712693
1.04187
0.868882
0.443965
0.914207
0.399831
1.50814
0.778516
0.756866
1.44238
0.914588
0.389614
0.850567
0.888463
0.621706
1.05485
0.418776
0.577275
1.39195
1.44737
0.997569
1.06125
1.28725
2.24637
0.310417
0.803603
0.911543
0.609048
0.656494
0.591267
0.588853
0.643895
0.88687
0.505923
1.41201
1.1141
0.785549
0.760442
1.59234
0.693941
0.411664
0.882386
0.353454
0.693814
0.286179
0.918939
0.83367
3.0952
1.35937
0.611792
1.82896
0.561427
0.729423
0.447226
0.893192
2.107
0.896571
0.696493
0.920736
0.540286
0.440834
0.612316
0.818832
1.29568
0.429137
0.73397
0.518294
2.65691
1.01551
0.644151
1.31531
0.594097
1.60924
0.536944
0.820147
0.433095
0.986354
0.352101
1.1176
0.666571
0.929121
1.84285
1.05644
0.747112
1.58656
0.824017
0.822018
0.630385
0.701911
1.09405
0.547031
0.350793
2.08844
0.78631
1.42113
0.928892
0.689092
0.3803
0.654924
0.561297
0.582463
1.21973
0.686334
0.598045
1.4518
0.614787
1.3674
0.641406
0.121633
1.08097
1.11407
1.07366
0.256018
1.2083
1.09976
0.51905
1.08664
0.899468
0.833521
0.949426
1.10268
1.25179
0.695989
0.773946
0.647051
0.468212
0.632536
0.82661
0.765995
2.40389
1.09467
0.980383
0.71465
0.79469
0.239353
0.948121
0.50165
0.609614
0.650376
1.44027
1.23322
0.987723
1.28577
0.496869
0.308174
0.304416
0.570422
0.974423
1.88459
0.549279
1.22585
0.515831
1.0435
1.22852
1.55957
0.865192
0.68758
0.50742
0.549526
0.818665
0.88257
0.617757
2.0217
0.293541
1.12177
0.230684
0.966071
0.63714
1.08028
0.527597
1.12023
0.638374
0.829625
1.09487
1.16167
1.56205
0.460431
0.334955
1.21078
0.777241
0.837379
0.90766
1.07222
0.521815
0.350535
1.32192
0.458222
0.690553
1.3101
1.37881
0.139136
0.703646
1.53187
0.576888
0.596403
1.49095
0.521577
0.455385
0.702565
0.504217
0.771792
0.662503
0.790628
0.867645
1.31669
0.757848
0.838853
0.987517
0.423756
0.649899
0.128041
0.38511
0.616678
0.433971
1.61139
0.895491
1.05624
0.262913
0.906157
0.571871
0.367755
0.688147
0.168616
0.559834
1.13654
2.23314
0.563307
0.857375
0.541821
0.453467
1.29303
0.469659
0.362269
0.808279
1.03885
0.701005
1.07152
0.355216
0.746523
0.509514
0.370854
0.60178
0.917118
0.998847
0.954183
1.04323
0.785395
0.50496
1.64697
0.826799
0.455541
0.951636
1.31343
0.787879
1.16402
1.53288
0.860172
0.948581
1.13651
1.10507
0.485052
1.33528
0.775176
0.55602
0.347792
0.826979
0.522506
0.414689
1.08245
0.574665
1.01806
0.388179
0.48745
1.1564
0.432174
0.404276
0.583296
1.91734
0.52935
1.59928
0.739392
0.643125
0.603121
0.455566
0.572986
1.04743
0.51823
0.859872
0.955785
0.984421
0.818402
1.10188
1.1447
0.543955
0.234197
0.603768
0.618372
0.847215
0.33738
1.25809
0.513482
0.768123
0.955703
1.30939
0.681878
0.651336
0.756669
0.560218
0.566004
0.521223
0.579306
0.36417
1.05172
0.663706
1.14037
1.06329
0.600593
0.508421
0.883612
0.918696
0.478516
0.293424
1.28373
0.739053
1.49748
1.59792
0.628726
0.435863
0.521445
1.28584
0.991118
0.693729
0.580335
1.10005
0.745365
0.434957
1.36064
2.00632
0.552541
0.818276
0.529437
0.416562
0.80476
0.770776
0.475616
0.614777
0.447358
0.499289
0.67014
0.961669
0.49614
0.722733
0.754701
1.36763
0.133167
1.30861
0.516114
0.754929
0.850915
1.42905
0.938608
1.4768
0.566466
0.774472
0.736315
0.429089
0.306072
0.503368
0.547124
0.762397
0.899654
0.619637
0.756542
1.06518
0.530428
0.962048
1.85955
1.13527
0.627888
0.377464
0.889446
0.451151
0.720278
0.596577
0.245222
1.0992
0.908006
1.02896
0.815101
1.34425
0.460555
0.915413
0.794021
0.976359
1.17123
1.9453
0.0977177
0.679363
0.830898
1.40466
1.18359
0.689257
0.780817
1.28655
0.625583
0.647836
0.587812
1.62705
0.525856
1.14993
0.566745
2.0106
1.09891
0.354709
1.32088
1.02819
0.480843
0.531125
0.43509
1.30155
0.934048
0.948676
1.13393
0.595654
0.844843
1.08075
0.654073
1.23497
1.68033
1.27861
0.574052
0.902332
0.556633
0.680473
0.772313
0.444225
0.51336
0.795363
0.810302
0.447308
1.04561
0.491908
0.603384
1.4939
1.85361
1.38288
1.7927
1.24916
0.512154
0.560945
0.846243
1.13227
0.740315
1.02
0.385767
1.27728
0.498126
0.592921
0.305986
0.632132
0.63146
0.368391
0.673286
0.845838
0.442977
1.04845
0.592001
0.42699
1.67288
0.745461
0.68826
1.30884
0.532842
0.947391
0.204793
0.543963
0.101484
0.50598
0.433516
0.907112
0.747426
0.380767
0.722334
0.121282
0.686367
0.819888
0.771477
0.727413
1.16095
1.15495
0.637522
0.598235
0.700297
1.08733
0.280038
0.618628
1.11055
0.190001
0.633745
0.597197
0.653425
1.15141
0.566007
1.33388
1.44708
0.754561
0.51618
0.404039
0.309381
1.06123
1.15658
0.928942
0.693706
0.465787
0.414733
1.05075
0.690439
0.299948
1.36645
0.890767
0.555612
0.545181
0.902348
0.719885
0.983158
0.996192
0.346845
0.628754
1.63262
0.793753
0.261855
0.444631
0.950681
0.13307
0.761446
0.711278
1.46555
1.15345
0.572965
0.726397
1.07035
0.661789
0.734232
0.692859
0.572649
0.632196
0.771259
0.693913
0.877012
1.01471
0.471415
0.622933
0.4626
0.372024
0.750738
0.791629
1.21023
0.951847
0.91582
1.02652
1.58137
1.4329
0.573565
0.228148
1.54814
0.981315
0.0396296
1.16688
0.685575
0.800224
1.23338
0.584848
0.45382
1.74858
1.22122
0.427645
1.19556
0.335289
0.609842
1.15567
1.23238
0.948377
0.813893
0.766388
0.665706
0.595532
0.938145
1.139
0.488178
0.776888
0.519803
0.514994
0.464247
1.02362
0.426579
0.543485
1.45997
0.725898
0.858044
0.721882
1.02667
0.930791
0.994612
0.707353
0.706802
0.543529
1.2118
0.74708
0.610418
0.964748
0.707721
0.462717
1.10623
0.783614
0.604872
0.8245
0.9364
1.08531
0.408351
0.542063
1.05122
1.3429
0.648745
0.922969
0.654623
0.881121
0.564981
0.455067
1.26346
0.483512
0.566855
1.18269
0.37748
0.716441
1.06977
0.561357
0.655124
1.10425
0.724246
0.805558
0.593159
1.29534
0.605034
0.121723
0.828096
0.154247
0.714481
0.791464
0.668501
1.01411
0.90334
1.18185
0.451643
0.646307
0.411658
1.29331
0.705383
0.536433
0.890957
0.983928
0.664176
0.890592
0.978523
0.538269
0.680792
0.213693
0.275735
1.09392
0.976261
0.752725
1.37534
1.32237
0.543438
0.675293
0.659122
0.483083
1.49685
0.821052
0.626618
0.452541
0.561331
0.644472
1.44139
0.874052
0.181061
1.15628
1.36251
1.11535
0.474678
0.666056
0.740742
0.612001
1.04751
0.397086
1.06433
1.34063
0.692435
1.49815
0.356787
1.01552
0.845319
0.873713
1.03253
0.546378
0.457681
1.10161
1.99998
1.05957
0.775556
1.36626
1.18206
0.826054
0.306357
0.37801
1.34292
0.850292
0.151526
0.392696
1.26175
0.840943
1.08557
0.600027
0.908698
0.378953
0.958314
0.633622
1.15574
2.08026
0.680248
1.08203
0.835432
0.508092
1.5554
0.550645
0.855489
0.404236
1.0497
0.789797
0.691167
0.466855
0.323002
0.462719
0.919649
1.45899
0.582379
0.491508
1.22406
1.12345
0.87125
0.721115
0.789016
0.861523
1.60315
0.519712
0.284263
1.55423
0.092902
0.796097
0.674139
0.891829
0.762541
1.34314
0.340164
1.22646
0.412329
0.832208
0.681905
0.722925
0.884251
0.727785
0.87286
1.35837
1.95075
0.316726
0.575901
0.878458
1.3608
0.261993
0.779671
1.33732
0.385992
0.691157
0.484438
0.290021
0.491787
0.460271
0.950238
0.933257
1.19493
0.567992
0.566871
0.979804
0.962981
1.25127
0.666738
0.692916
0.779342
0.863559
0.561885
0.367169
0.425963
1.31149
0.718816
0.4404
0.379686
0.981934
0.842481
0.853632
0.127952
0.627353
3.18536
0.318402
1.25676
0.89518
0.850887
0.288166
0.541632
0.401024
0.661704
0.756578
0.577649
0.227396
1.42724
0.651042
0.672593
0.869354
1.31424
1.15134
0.903941
0.784607
0.670837
0.349544
0.71678
2.46726
1.00032
0.306127
0.593679
0.748572
0.627306
0.324299
1.21561
0.77611
1.37063
1.73303
0.817707
1.00285
0.253551
0.918211
2.92495
1.14367
0.834764
0.623668
1.39053
0.528897
0.475598
2.14344
0.574281
0.637041
0.883153
0.416053
0.618203
0.818814
0.748419
0.363549
1.04318
0.501231
1.84433
0.296199
1.1462
1.23696
0.732847
0.423066
0.390878
0.248258
0.571033
1.05618
0.451498
0.897339
0.696158
0.602585
0.409743
1.37786
1.10383
0.813823
1.53038
1.04423
0.93233
0.211013
0.393238
0.857089
0.832772
1.29009
0.642572
0.674705
1.19377
0.923084
0.469431
0.763341
0.677308
0.394803
0.69463
1.46761
0.217044
0.769119
0.403596
0.29408
0.75972
0.677934
1.36431
0.533742
1.7865
1.14847
0.926014
0.446707
0.497623
0.416446
0.768607
1.26137
2.10942
0.60527
0.807727
0.444705
0.670834
1.23055
0.829944
1.15445
0.706779
0.508233
0.557873
0.41993
0.430285
1.22683
0.523369
0.775832
0.691684
0.155181
0.841384
0.803653
0.785586
1.38687
0.957823
0.57779
0.784059
1.19044
0.817915
0.884692
0.447283
0.590926
0.818157
0.742845
0.35364
0.630193
0.673409
1.35973
0.735516
0.998525
2.89256
1.44107
1.57925
0.89212
0.877435
1.39874
0.356692
0.690982
1.25322
1.18756
1.25698
0.779184
0.931671
0.461486
0.255325
0.198389
0.2484
0.908986
0.695575
0.411619
0.601567
0.388313
0.688399
1.64703
1.34943
1.01782
1.25873
1.005
2.67278
0.710333
0.0213614
1.47061
1.18926
0.670811
0.968563
0.55109
0.595702
0.636767
0.958058
1.00943
0.0399956
0.475459
1.26959
0.619074
1.00873
1.22857
1.59579
0.574589
0.948652
1.69085
1.11905
0.975727
0.619775
0.49412
0.617526
0.637207
0.800393
1.4569
2.0182
1.08127
0.0817935
0.443306
1.56387
0.863159
1.47541
0.599188
0.697111
0.787943
0.731938
1.35511
0.399102
1.58555
0.393504
0.67702
1.54335
0.643654
0.675586
0.975161
0.958997
1.26821
0.264549
0.401037
1.07339
1.09835
0.915961
0.683435
0.727892
0.787125
1.57379
0.553463
0.441061
0.953198
0.747876
0.845611
0.889677
0.387609
0.378732
0.760992
0.470612
0.71985
0.310583
0.699509
1.0656
1.01392
0.724921
1.26743
0.568255
1.34984
0.969317
0.43637
0.90106
0.621165
1.02389
1.02179
0.833307
0.413388
0.453929
0.276723
1.32876
0.867384
0.667835
1.13216
0.449907
1.11882
1.17317
0.860081
0.501338
0.571113
1.06737
0.896683
1.29078
0.53234
2.04486
0.579529
0.939841
1.37486
0.611232
1.23857
1.40527
1.05859
0.659297
0.881588
0.645634
0.374211
0.698873
0.85004
0.668286
0.492789
0.381395
0.695019
1.0727
1.89978
1.44428
0.372641
0.549532
0.571367
1.21482
0.76916
1.08365
0.360076
0.693101
0.801023
0.552901
0.122172
1.96718
1.16976
0.799099
0.631938
1.0709
1.15771
1.05937
0.971851
1.61604
1.3139
0.533279
0.251715
2.14163
0.500356
0.597007
0.756832
2.46111
1.00112
0.732954
1.49585
0.728043
1.12233
1.25032
1.19428
0.316038
1.39835
0.556869
1.11312
0.44171
0.931491
0.877965
0.404488
0.762976
0.63517
0.994966
0.805661
0.644793
0.859796
0.635439
1.11227
1.11998
0.849836
0.83184
0.727563
0.81504
1.99763
0.360471
1.64923
1.56943
1.33778
0.764355
0.479456
0.394714
0.705433
0.331439
0.453074
0.572722
0.849526
1.03974
0.613811
0.854463
0.173805
0.544134
0.84074
0.941241
0.772073
0.420097
1.31798
0.647847
0.478077
1.08269
0.440059
0.305626
0.965014
0.880559
0.606128
1.32753
0.0307864
0.99849
1.10963
0.683313
0.803413
1.17219
0.689929
0.412948
0.6309
0.977042
0.759627
0.865742
0.448225
0.602256
0.15463
0.611688
1.25954
1.41984
1.12468
0.748585
0.713776
1.07895
0.525502
2.20259
0.312849
1.28618
0.521245
0.577005
0.985874
0.802929
1.34353
0.539444
0.409683
0.614528
1.59269
0.183058
0.629858
1.05563
0.287286
0.426279
1.38959
0.41698
1.18961
1.39192
0.137588
0.789745
0.624605
0.465213
1.46675
0.680907
0.440297
1.88093
0.426093
0.969673
0.781237
0.528273
0.585867
0.330555
0.203671
0.855616
0.746285
0.693425
0.607493
0.888297
1.96851
0.455275
0.880949
0.158668
0.794236
1.40733
0.571463
1.317
0.695363
0.834129
1.07201
0.728019
1.30224
1.20008
1.63331
0.275126
1.13728
0.762891
0.898628
0.270384
0.744097
1.44808
0.708577
1.21907
0.571878
0.298356
0.490186
1.35124
1.53696
0.868461
0.741107
0.467905
0.120207
0.846757
0.757514
0.0794054
0.844826
1.76288
0.68868
0.596323
0.83062
0.630053
0.398206
0.512571
0.725068
0.810996
1.02427
0.831168
0.411154
0.7011
1.1168
0.280789
0.861204
1.12219
1.01451
1.42603
0.602116
1.10056
0.830338
0.639603
1.00329
0.923381
1.76747
0.795018
0.589021
2.46994
2.3145
1.13489
0.06589
0.63768
0.98213
0.678016
0.42924
1.25721
0.572986
0.64222
0.341361
1.74091
0.309455
0.638423
0.365044
1.21027
0.735053
0.789035
0.709267
0.368991
1.45635
0.567652
0.903925
1.17647
0.977133
0.650398
1.72467
0.863284
0.393201
0.794221
0.676453
2.35906
0.965094
0.651256
0.827175
0.830393
0.974399
0.775972
0.767928
0.210244
0.636134
1.01841
0.551609
1.12342
0.753569
0.969449
0.902744
0.46449
0.704184
0.466495
1.30836
0.639653
0.210122
1.06837
1.15674
0.556878
0.488993
0.740154
0.467401
0.244256
0.840611
0.351349
0.470629
1.16112
0.713591
1.05845
1.09249
0.66592
0.819101
1.26008
0.455473
1.60708
0.880306
0.472826
0.254417
0.43456
0.505388
0.404007
0.908815
1.29496
0.772057
1.47805
0.506482
0.509108
1.81939
0.987583
0.772014
0.746945
0.95437
0.451762
1.42026
0.498079
0.709808
1.04854
0.553626
0.764546
1.33264
1.0333
0.37667
0.56452
0.83419
0.49925
0.955453
0.295963
0.652239
0.421081
0.472406
0.57031
0.43383
1.56621
1.11877
0.749476
0.709058
0.934688
1.04319
0.955177
1.59422
0.965959
0.662352
0.808238
0.550532
0.739928
1.04867
0.750579
1.30887
1.19595
0.980816
0.856333
0.995406
0.354974
0.465735
0.831022
0.627798
0.825325
0.714946
0.381408
0.934815
0.970359
0.409005
0.717484
1.04543
0.787285
0.767704
0.996808
0.523204
0.938879
0.513707
2.976
0.996458
0.929166
0.619133
0.662119
0.46764
1.53232
1.28771
1.04154
0.170042
0.821408
2.07071
2.34083
1.02767
0.704913
0.587569
0.576377
0.706665
0.472007
1.01726
0.741491
0.707909
1.24267
0.338741
0.243189
1.21944
0.355615
1.00609
0.627214
0.049652
1.68528
0.999013
0.885198
0.503782
0.435003
0.844263
0.807138
0.874954
1.02847
0.547099
0.607383
0.838235
0.419382
0.968662
2.37341
0.835648
0.716728
0.786526
0.714352
0.439727
0.56625
0.933661
0.654895
0.465538
1.04281
0.978134
1.30679
1.02911
0.547386
0.551389
1.15809
0.532896
1.38538
0.694112
0.911364
0.800201
0.879533
0.51725
1.07619
0.264354
1.11117
0.264805
0.492988
0.679097
0.187461
1.11467
0.500691
0.821793
0.518207
0.599
0.77223
0.834397
1.01296
0.701492
0.274826
0.947692
1.12543
1.08747
0.364129
0.434382
0.895007
0.544879
0.681701
2.21166
0.400224
0.420904
0.160488
0.433863
1.00079
0.811104
0.352806
1.4191
1.23572
1.554
0.379184
0.204073
1.06178
1.90888
0.837853
0.916818
0.616812
0.510164
0.70624
0.333952
0.934239
1.11616
0.611542
0.725172
0.907511
1.05289
1.47803
0.974627
0.696174
0.991347
0.941102
1.11481
3.15224
0.670333
2.03216
0.55157
0.201913
2.27422
1.73322
1.20986
0.388524
0.973728
1.34812
0.572739
0.9294
1.17289
0.960555
0.807963
1.26268
0.876698
1.43733
0.364642
1.51965
0.670015
1.71304
0.831247
1.02553
0.569156
1.05641
1.66059
0.858964
0.511407
0.551492
0.776326
0.723263
0.801448
0.776319
0.481851
0.797366
0.127958
0.977281
1.04031
0.362503
1.06977
1.28019
0.326106
0.803575
0.6686
0.986996
0.605672
0.66467
1.14107
0.869745
0.857989
0.331112
1.58692
1.87295
0.556602
1.72882
1.24767
0.796537
0.587708
0.916095
0.787482
0.535108
1.90552
0.653551
0.229553
0.972662
0.46804
0.288933
0.416889
0.571397
0.573873
0.632897
1.87538
0.432753
0.754353
0.835123
1.22509
0.611132
0.603997
1.3565
0.507188
0.81685
0.765138
0.481723
1.02582
1.10418
1.75221
0.789026
0.979555
0.6807
1.09136
0.491539
1.36924
0.88513
1.28649
1.56497
1.20589
0.321794
0.933124
1.14204
0.66777
0.998913
0.444342
1.03411
0.624879
0.648447
2.16218
0.852268
0.596128
0.885483
1.4777
0.701341
0.491999
0.678916
0.47382
0.496332
0.932506
1.41615
0.639101
0.707838
0.618695
1.18007
0.598244
0.360264
0.827051
0.834366
0.37011
1.13257
0.352602
1.11947
0.739267
1.08162
0.4532
0.541919
1.04223
0.365488
1.06295
1.41502
0.953542
2.14747
0.827687
0.962466
0.884976
0.248222
0.6482
0.874114
0.970617
0.848549
0.69792
2.17568
0.9565
1.05266
1.05494
1.11287
0.721033
0.395561
1.09823
0.892949
0.528744
0.937247
0.754171
0.645233
0.845983
1.13926
1.22554
0.539711
0.918569
0.62192
0.907416
0.880993
0.0491902
1.55417
0.785695
0.579572
1.2139
0.322463
0.932624
1.56936
0.573654
0.939674
1.18174
0.836893
0.887282
1.01252
1.44308
0.350956
0.532197
0.836393
1.49802
0.603018
1.47444
0.814592
0.398782
0.74074
0.589514
1.23147
0.481504
0.870673
0.897566
0.590104
0.861087
0.661786
1.41818
0.785085
1.11049
0.62608
0.841724
1.14385
0.76753
0.200017
0.467716
0.712715
0.384712
0.70167
1.0535
0.619534
0.828226
1.17108
0.433532
0.50925
0.35915
1.66403
1.30826
0.635112
0.629062
0.883612
0.710245
0.724484
1.55739
0.581114
0.983397
1.88189
0.395069
1.35574
0.947035
0.0846901
1.15841
1.13056
0.855021
0.343333
1.07765
0.167042
1.93195
0.553613
0.928883
0.655757
1.2025
0.627526
1.76692
0.331211
1.21295
1.94512
0.63136
0.985216
1.3142
0.6928
0.673952
0.512958
1.01261
0.808427
1.08544
0.505014
1.07081
0.705056
1.38208
0.773475
0.512334
1.27475
0.739694
0.507384
1.45425
0.80903
0.626228
0.183834
0.67986
0.991909
1.11646
0.729306
1.12209
0.707744
1.25259
0.149844
0.805653
0.99211
0.740834
0.940912
0.462603
1.20596
0.545604
0.759489
0.747941
0.689675
0.444024
0.841217
1.41626
0.979591
0.627163
0.189212
0.887334
0.742864
1.00309
0.502214
1.03632
0.365694
0.727932
1.07868
0.795037
2.79144
0.679854
0.90772
0.714559
1.99199
0.742385
0.847471
1.05641
0.917036
0.21669
1.7183
0.898387
0.607417
0.450102
1.75035
0.688198
0.587528
0.453068
0.838522
1.19803
0.787353
0.736133
1.0251
0.841978
0.68343
0.985155
0.495663
0.460139
0.526377
0.620331
1.35359
0.585
1.00707
0.543331
1.02712
0.978783
1.00785
0.76264
0.823421
0.620618
0.626034
0.350554
0.618911
0.465431
1.04853
1.15855
0.786011
0.59187
0.763334
2.22492
0.877553
1.70991
1.5169
0.637356
1.09581
0.979055
1.81786
0.961679
0.694763
0.942804
0.635859
0.563844
0.632289
2.07926
0.940862
0.593197
0.991849
0.966255
0.721756
0.71185
0.817923
0.788228
0.640352
0.532215
1.28293
1.42638
0.557898
0.888429
0.45529
1.05985
0.483867
2.86407
0.334701
0.995827
0.494318
1.09491
0.630416
0.749975
0.914128
0.754794
0.584377
0.895385
0.307762
1.14386
0.593457
0.815299
0.42284
0.714697
0.492699
1.35307
0.697713
0.668356
0.681047
0.74206
0.674951
0.814699
1.02775
0.956659
0.787184
1.03555
0.329506
0.926932
0.921779
1.57352
0.500682
1.10821
1.0503
0.713453
0.367578
0.890294
0.812781
1.15254
0.994273
0.818749
0.83819
0.81483
1.63566
0.221383
0.665921
0.503749
0.497454
0.572818
0.45274
0.99475
0.809048
0.120483
1.44274
0.552843
0.661365
1.52158
1.04235
0.709687
0.564199
0.633502
0.501088
0.69174
1.23642
0.206721
0.171232
0.588174
0.642468
0.5707
1.17798
0.779853
0.584543
0.801145
0.740857
0.831491
0.5826
0.510618
0.727173
0.363116
1.33877
0.764915
1.16279
