6.34718
3.58489
0.340876
6.84954
4.96793
0.113464
0.897322
3.36781
5.34938
1.67771
2.98843
1.20343
6.97846
0.238617
0.947686
0.739665
0.415716
0.841603
3.20174
2.23951
16.1881
1.6511
9.27961
3.05609
1.68385
2.53191
0.253508
0.72464
13.5843
1.78533
3.40483
0.671675
0.319193
0.742514
0.714501
5.75979
0.901891
3.69677
8.16906
0.913821
0.463729
3.0396
0.18922
0.521013
0.430038
0.557734
3.06459
3.06022
3.43453
9.46056
5.27475
3.28757
2.84728
2.22062
9.18272
10.5322
5.74871
1.02668
1.0882
4.39973
0.35712
0.324178
0.896627
0.878824
8.43438
0.2813
9.60236
4.99966
1.14215
1.42888
0.501601
10.1921
4.914
4.62704
10.3888
0.735716
4.19546
4.96541
8.59385
7.8073
0.618764
0.691632
12.3047
0.539088
6.30631
4.42257
1.78942
7.00845
1.50292
6.79035
1.46322
9.02328
0.383502
5.54432
4.93729
9.54939
0.48373
0.560713
0.482109
3.8767
8.35761
2.09977
6.46514
0.646324
1.18708
1.5096
8.43106
0.552766
5.89202
0.891898
2.10458
5.68147
4.5877
3.62906
12.5805
8.44308
5.01108
0.563153
7.49013
3.46247
0.379764
0.889317
1.39528
7.48966
2.39877
3.99732
5.37257
0.422888
0.995918
0.0704788
1.24891
3.50822
0.979554
7.37687
0.0656316
0.530307
0.184134
4.40504
1.2994
2.74255
0.0711454
7.7106
4.27347
0.209834
1.09111
8.29828
1.29612
0.368581
5.65052
1.05314
1.17153
1.22384
4.66721
0.20007
1.84493
0.498933
1.5524
0.116341
3.92023
2.05817
2.01973
1.41049
3.02056
10.8233
5.13006
6.59705
4.66532
0.67703
5.02922
10.4854
4.16989
5.08469
1.60404
7.69987
0.400582
7.77883
17.5229
5.90177
4.98363
8.48144
0.716372
0.464133
0.284782
12.122
1.96928
1.69119
4.05486
6.24573
3.71763
1.75539
0.778555
4.05877
0.855132
4.21715
2.14659
1.45081
6.25856
0.633037
12.5281
1.16002
6.64996
1.19484
5.88446
4.66222
9.75057
3.09981
0.696918
1.05714
7.22839
4.24158
0.4972
0.105952
4.56085
0.930243
11.0604
4.48988
4.13907
4.97041
4.50206
2.99555
0.588227
7.58041
11.017
2.75555
5.94063
3.12536
0.810947
5.00048
0.941205
7.45404
3.17111
0.587203
1.32029
12.9124
9.98433
7.98834
1.42555
0.83809
1.05063
5.37551
0.639825
8.56012
4.09472
0.608351
0.457253
3.70106
0.62614
3.01576
3.80857
5.40581
2.18971
0.988737
1.58519
0.922653
4.56773
17.719
1.73311
0.725964
0.774917
5.34145
2.832
7.46796
3.66875
0.586044
9.45834
1.48638
0.865462
2.44109
9.6954
11.5307
4.13956
6.84747
0.803436
5.67902
5.90007
5.68052
0.670207
1.7873
4.98858
1.45099
0.219826
2.89182
0.581589
7.19465
4.34266
0.623713
0.0788665
1.9211
1.02802
3.88436
1.16491
0.913129
2.77858
0.224252
4.18804
3.84115
0.401912
4.7512
5.74436
2.27865
1.51482
9.02213
13.3119
3.13162
5.96388
6.15933
10.7808
6.21033
4.95829
1.36438
6.02392
19.9863
0.189849
0.410211
7.57828
3.58634
3.35075
6.04568
1.00286
0.264923
2.09606
1.40236
3.8909
0.50019
11.6512
0.683552
4.68216
0.384412
0.567625
2.01957
1.21303
3.99134
0.461391
5.16347
0.150658
1.00347
9.04564
3.06665
1.45392
2.57019
0.854415
0.182009
2.91619
0.201073
0.149052
1.57241
0.472773
1.19521
0.667479
3.86735
1.21564
8.17839
7.32445
2.46575
1.38944
10.5076
14.407
2.08005
11.5355
2.64307
5.93417
1.90301
0.333005
0.983752
5.44392
0.532598
8.33427
5.91401
6.5118
1.23242
0.645992
4.74204
6.52776
4.69313
1.11702
0.753036
4.78851
5.34518
0.223106
0.289021
1.39831
3.76405
0.929685
3.63346
1.60802
16.9875
1.03908
2.32223
0.840797
3.29875
6.23382
0.565519
1.03217
5.87249
6.13488
2.06523
1.84057
2.13309
0.550018
2.97659
3.99658
9.58504
1.18542
2.99368
6.96684
4.15148
4.75929
4.40605
1.03348
0.236922
3.76214
7.00093
12.3682
3.187
8.35499
0.607273
37.996
1.55262
0.581721
2.30773
0.725667
0.482184
0.297164
0.595627
1.86342
1.57293
3.10998
1.50998
3.07654
7.77342
0.151759
1.13527
13.9769
1.31105
5.42234
6.11108
5.27847
0.455191
0.688879
0.272051
4.82049
1.21624
0.540805
3.43693
0.351135
4.40533
1.7949
0.767311
0.407618
5.86338
5.62618
17.4903
0.262851
3.73061
1.05285
0.57518
5.71825
3.71049
1.14049
6.17541
4.4545
7.92892
4.30895
0.369726
0.901124
1.3893
1.55136
0.569504
4.30171
2.66468
8.67587
7.39126
8.27064
1.48019
3.75636
0.119506
5.12524
12.8634
3.08588
0.23269
3.14182
2.53891
8.67714
0.979279
1.7302
0.440762
8.95912
3.0463
1.91925
0.346555
2.86346
0.889717
0.855284
5.18103
7.267
2.26061
1.7644
1.38832
0.564804
0.198357
1.35199
1.67182
10.1181
13.8315
9.69828
5.02698
9.03532
4.90682
1.16732
5.24251
0.805408
4.02721
0.0972955
0.728922
0.250396
0.988308
5.61072
8.368
0.447683
4.24371
1.91437
5.64051
11.112
0.626533
2.80955
1.43432
6.70893
5.73224
2.09839
0.954943
7.94923
4.35292
0.159269
7.88763
7.99047
7.10828
0.829247
2.05975
1.27325
13.7687
10.2715
10.3388
7.04521
1.95508
0.941506
1.01192
2.10113
2.83328
2.7601
0.686439
1.12906
0.970549
2.83749
1.68018
2.97546
4.10251
5.00641
8.6494
2.84182
0.641414
7.01273
2.23069
0.839387
0.632326
0.708727
6.01939
4.84498
8.05258
1.78663
2.40868
1.46386
6.40499
3.39367
3.256
1.1149
4.44859
2.30215
4.13687
5.88945
5.51309
7.31241
10.7592
0.873373
0.691474
6.39415
0.120892
4.41973
7.14564
1.64346
7.73236
3.906
0.556623
3.08163
7.46594
9.22478
4.71665
6.93315
5.04994
1.66483
0.603678
5.1028
0.229466
0.499039
4.66158
1.82661
2.47448
9.41314
0.551302
4.00225
3.3132
6.07224
0.47439
4.411
1.00875
9.32947
0.955921
0.824801
4.27311
2.5547
6.64953
1.61744
14.7961
2.72063
3.34343
5.25429
1.24189
9.84458
11.7637
3.50413
1.08507
0.542493
7.36054
6.5977
12.4476
7.94109
0.199406
0.810121
3.10531
4.44456
12.3777
3.39391
4.26301
1.29979
3.41831
4.80519
4.41583
8.44881
6.15993
5.09081
3.80691
21.8353
4.04028
8.78977
1.22047
14.6394
1.61907
5.86166
4.12886
0.506673
0.916157
0.425361
1.3243
5.88642
4.70849
4.15621
0.374899
5.00714
1.6894
0.360644
1.14382
4.74879
1.11131
0.883296
0.553359
2.73017
0.148862
2.51501
0.168871
0.921845
5.6785
3.801
13.4907
2.92833
0.568939
12.7722
9.96949
4.93226
8.62428
0.345991
2.54833
5.26617
8.84949
1.5038
1.13988
2.37994
1.00146
0.545861
1.88446
3.6446
4.53656
11.5158
5.57463
0.293278
1.01499
9.63975
7.65182
2.12833
4.04404
1.01911
3.21865
7.09018
3.81839
0.467663
0.261966
8.26743
3.8398
0.466394
0.559852
0.0795596
6.23553
0.932246
0.480079
2.47076
4.93257
0.750408
4.09791
1.47302
0.702216
4.49261
6.87474
1.12786
1.14927
4.78204
0.608766
2.21209
6.03547
14.0294
5.34398
13.9883
9.33176
1.97377
4.90153
6.21964
16.8295
1.00033
0.561535
1.04684
0.14079
11.0952
0.136146
14.8834
6.71273
0.216212
0.895469
1.20717
6.62943
0.172282
1.63032
1.6827
5.96931
6.22655
1.44786
0.196815
0.837002
1.23967
6.82699
2.0781
9.75998
2.57611
1.41542
0.751598
4.82155
0.706043
2.02969
3.86121
4.07119
7.00211
3.02851
2.52749
0.272602
4.23245
1.37334
4.48549
0.360361
1.42958
1.38005
2.48446
3.5502
1.13405
5.45657
8.5716
1.16615
0.760864
8.39589
3.95394
2.27489
0.621227
6.73587
1.35479
1.39757
5.08032
0.350074
0.964582
0.610584
0.229962
1.18096
2.20862
1.30265
2.07515
8.56212
6.02194
5.18094
4.30935
5.02409
8.38448
3.52919
2.63874
0.751187
4.01035
3.44209
1.94923
2.27946
4.79228
6.15449
0.62926
2.1877
2.57685
3.10532
0.546321
2.2714
1.57635
1.80492
10.7351
0.230229
9.54381
1.39371
0.421913
11.2921
0.168903
0.499557
0.340988
2.03617
1.67979
9.58404
4.11349
3.0168
0.514483
0.676891
1.98614
5.57818
1.40597
11.5045
2.60037
4.12823
5.97262
12.2158
0.563996
4.37866
0.816785
2.73299
4.64275
2.28781
4.55136
1.09198
8.33244
9.18161
2.34793
0.50408
10.6071
3.10501
2.28639
0.522112
10.8377
0.615618
6.53366
0.434459
17.3461
0.29279
5.70715
9.45239
0.723149
0.172013
1.06729
3.74555
2.14452
12.4055
1.86278
0.751749
1.8501
1.38791
3.51654
1.7982
3.93646
4.4141
1.33167
8.18094
0.356772
3.61301
0.112458
4.98354
7.42266
3.68754
8.20089
10.2284
3.9826
9.25009
8.3937
2.45521
3.9481
7.94687
1.74886
0.469032
0.444821
4.93847
3.73253
4.93466
5.51774
2.49561
1.33711
10.4056
4.84282
3.54977
3.05413
2.12976
10.1011
3.47759
0.402225
2.54014
5.7769
8.17733
0.633607
0.214446
5.2616
1.10573
2.06628
0.903835
2.84812
8.19823
0.306849
0.767847
0.677971
5.06367
6.11431
6.99728
5.50381
2.93215
22.2229
6.00274
0.411021
7.56676
1.0226
1.09669
1.65509
3.31448
0.325797
3.01339
2.10512
3.94954
0.489745
0.642975
7.2256
1.56163
7.92876
1.3687
5.88251
2.53132
0.573107
4.45768
0.286344
3.99692
3.32465
4.36392
9.92976
1.49117
6.98346
2.10835
7.6101
4.46805
1.01491
7.27961
0.767653
0.287029
7.09199
5.25537
4.52732
6.81023
4.96738
6.78415
2.80683
1.60521
0.311991
1.0938
3.94927
14.071
9.23003
2.67971
3.27523
3.71988
1.58235
2.24116
4.35828
10.61
0.959462
11.5112
0.184402
9.975
5.10314
5.52819
0.860247
0.331439
0.387011
3.98512
2.53442
0.552973
4.86082
13.5155
5.45773
2.2795
0.593199
8.46647
2.8524
1.49896
0.847822
1.32271
0.419971
0.627653
0.302153
5.38984
4.17984
0.051783
0.335866
2.39645
0.79327
4.43377
0.311517
0.389276
0.503495
14.9243
5.49309
5.12222
1.94
2.39105
1.6587
14.9974
6.82578
0.170714
8.01918
1.50382
9.78254
5.458
8.01995
1.97166
1.45678
1.03085
1.11525
4.40104
0.812084
1.21284
0.422597
4.57697
1.22463
8.47983
0.993009
4.12419
2.2924
5.88156
5.40132
5.66557
0.586201
0.788271
6.32308
0.0337549
1.55538
4.84503
1.29964
0.573144
1.04019
1.10852
3.84798
6.65098
13.3594
11.8725
1.22513
6.0196
7.17992
6.82683
2.6036
1.10171
8.24377
3.00921
6.26135
0.604597
0.567042
8.92344
1.57079
0.38393
6.67356
10.724
2.69256
1.46798
10.3741
1.52672
0.823734
6.85667
0.403602
0.6227
0.177386
6.90213
1.11876
7.60595
0.368032
9.32462
1.10844
3.52425
3.15538
0.432295
0.850828
2.92414
6.77081
0.992096
0.971068
3.81053
0.748202
0.628251
6.49378
0.628361
4.20181
7.24788
6.54696
7.18149
1.35553
2.05196
0.975531
6.51035
2.22284
3.24251
3.34745
0.292948
5.36803
4.63282
3.13717
0.907312
4.62035
3.37853
3.63613
7.56866
2.83738
3.58639
2.11604
0.408341
0.372912
0.247664
2.49449
8.39693
0.331008
3.84002
6.24362
9.82197
6.62109
3.3933
2.40091
2.91802
11.5906
1.43812
1.46839
4.68231
3.54127
0.477554
7.41671
4.16483
0.937122
0.526738
1.50404
2.93014
2.36527
0.397675
8.04577
1.19924
1.32495
2.61163
0.733743
4.32538
4.43395
0.978122
1.12799
6.90063
3.54866
8.63391
0.677089
6.42605
8.86858
7.07946
3.74671
5.15521
3.10346
8.3369
5.98475
2.60903
0.268365
1.89008
7.61854
0.406002
3.79751
0.575287
0.639532
4.21217
0.416923
2.17407
0.370911
3.9843
1.06367
0.603247
0.545623
3.62496
4.31519
6.1409
9.70962
0.718706
0.260391
5.71667
10.322
2.9934
2.39125
3.58453
1.2915
2.89854
6.70953
5.13709
2.86828
3.17553
1.89935
1.22236
0.515727
5.69257
1.20179
6.09972
2.13478
0.379738
1.86127
4.66242
6.75642
13.7434
0.572329
0.0787335
0.427238
4.06811
0.686588
4.95629
0.55423
5.68569
6.33478
10.166
11.4453
0.447362
3.46028
0.827714
0.478436
4.74383
2.27795
7.92271
6.35023
3.95907
0.289967
0.501037
4.00888
15.7968
9.95714
1.07642
0.541514
0.670272
4.30594
0.436405
7.47735
3.87332
5.34384
0.66615
1.56301
1.57913
17.6473
8.53236
7.26605
3.32106
6.01969
2.07245
1.21936
7.44602
8.13948
0.659982
0.323967
4.89129
2.71187
0.220477
3.0242
1.06679
9.45487
4.57575
0.922541
12.9334
3.2653
0.122829
0.572984
4.68384
2.31852
16.9596
0.8774
4.94513
4.46639
0.257399
1.0052
1.20844
2.23464
0.454118
0.223104
7.18055
6.63811
3.15149
6.75706
1.18888
7.34527
0.715176
1.61657
2.29288
2.58227
6.50357
13.2312
1.05368
6.04766
10.1619
0.714664
1.32856
4.62762
1.32302
5.36391
12.7007
0.195218
2.81385
9.2609
7.69822
0.808083
1.29464
11.4913
0.12561
3.20749
0.737984
2.24476
3.75021
0.747039
2.21585
5.41608
1.994
11.808
0.10027
5.10763
6.13049
4.1814
4.94212
4.58815
6.50006
3.71482
4.69491
5.97641
0.611844
0.52269
3.51332
11.225
0.503603
0.362054
1.07917
3.45504
11.0609
2.68277
1.11479
8.00485
2.93169
10.4353
0.175702
7.48256
7.74385
3.27363
0.476874
3.77061
0.159538
0.92119
2.49198
10.5173
3.43867
2.56735
0.163127
1.94901
8.5224
0.554112
3.12885
0.318483
8.54221
1.80269
6.8612
10.6764
1.96286
0.859553
7.6113
1.90513
1.24638
1.77482
3.57638
2.41192
2.42007
11.7535
3.16203
8.52564
4.0495
1.44618
4.95263
0.293291
3.62146
1.50265
0.548402
1.4665
1.07222
5.91004
1.35886
2.5339
0.216812
1.5731
6.74871
5.0253
0.761232
2.85686
0.711667
5.04387
1.32948
5.86107
2.40203
6.56461
3.0241
4.2536
2.94664
4.07549
4.31435
0.754554
3.51381
3.63515
1.56623
0.394882
0.9123
0.730115
0.589934
2.43459
16.2284
7.00238
3.46345
3.13969
1.88814
2.31799
0.104184
3.73549
4.62911
2.56735
0.471268
2.30503
9.00839
1.38
5.62961
0.377374
13.8374
1.03499
1.62269
0.113506
11.7904
0.443059
0.466736
7.32691
8.84038
4.68816
4.80357
6.8868
9.41361
2.90191
2.71185
4.83783
6.66535
3.27104
4.54332
0.424456
0.463179
7.12811
0.360593
5.37819
4.50744
2.81635
2.78085
1.77096
0.731507
5.26373
5.6597
0.635802
0.884829
0.722775
0.650839
3.6962
0.537713
5.86096
3.69619
0.515831
0.57691
3.85881
6.03161
4.97638
0.806416
1.91129
0.206364
7.6507
1.71385
1.43068
12.1408
3.4211
0.606884
1.30881
0.81828
3.74081
1.87557
0.327462
7.89268
1.22589
5.19956
1.06066
2.58081
2.79729
0.547121
0.534999
6.0734
0.221139
2.80047
0.907437
4.21667
2.18223
13.5454
15.2421
2.65922
0.701069
9.73516
6.21898
2.47408
4.59493
2.1959
1.74641
1.57047
4.89251
5.73022
1.43291
3.28634
14.468
2.1992
0.841891
5.0518
4.70317
2.32029
5.6788
3.06793
1.29519
1.72183
5.57601
6.94782
3.47047
0.309261
1.03768
1.60693
1.46739
3.94365
0.348377
3.24546
0.430203
1.31569
3.1321
1.11557
7.91688
6.85542
1.16773
1.212
2.46956
4.34486
1.86132
21.5301
4.00244
2.4769
0.704942
6.23997
2.19792
3.76288
9.10293
8.59919
2.97178
2.11255
0.240334
0.187557
8.70068
1.21699
0.557119
0.925962
8.64986
9.60004
8.09816
10.0089
5.82565
1.80943
3.91353
8.06737
7.13568
4.18068
0.565957
4.0972
1.53807
3.99685
5.40872
0.861637
2.1619
9.57406
9.80209
0.943312
1.11495
3.54832
0.337469
0.643897
4.06628
0.644121
1.21609
0.185166
3.10492
2.94326
5.55782
5.24818
8.66858
10.6944
5.75144
9.60997
2.85895
4.28293
3.12427
0.207108
6.27754
1.28823
0.791179
0.427643
0.212032
16.1655
2.36847
2.8903
4.58144
0.840663
0.271341
11.1728
0.844144
1.17188
0.664725
0.339323
1.92288
1.43777
0.911411
0.681091
1.4009
0.143296
3.72588
2.51218
6.09388
1.8783
4.50782
1.87502
1.26861
0.210908
0.709546
0.465131
3.42743
1.99468
2.50648
2.81161
8.43272
0.667395
7.51829
4.88004
3.89917
5.55764
0.842941
5.35963
1.97719
3.28691
1.63782
0.277383
0.531796
12.068
0.479548
4.50413
0.627395
4.33245
6.83815
2.75378
1.35222
2.39137
5.39731
3.8338
0.868944
1.9438
3.61543
0.675597
1.88805
0.661349
6.52261
0.0497165
3.11708
0.771197
8.676
1.32887
0.225257
11.0211
6.48583
5.93584
0.524772
0.236391
8.91607
6.71076
1.99622
0.983943
0.537726
0.845274
0.163194
7.84762
0.25739
4.68637
2.97384
0.453295
1.14603
6.25505
0.690062
3.22281
0.522298
6.09954
9.45442
3.20861
1.19951
0.242463
0.812201
9.33069
3.90411
0.909686
5.27312
1.88532
1.30596
0.265222
0.983028
7.15282
3.72518
2.33723
0.693113
17.8713
5.73164
6.56862
9.18278
6.7337
3.93409
5.65097
0.61392
14.3323
0.674654
0.548547
1.13073
3.35121
1.52925
4.08841
8.46821
1.96846
7.6583
0.466318
0.712526
6.56014
6.72864
9.62707
1.36292
4.01728
0.723786
2.54745
1.38408
1.44542
1.34569
1.13581
0.0811787
1.28614
5.27937
0.535215
0.743008
0.752735
3.5181
0.411001
3.72986
10.867
3.5665
4.3117
4.04427
5.09443
0.26565
1.60834
7.0717
8.28831
0.81243
4.42973
5.582
1.65912
1.07061
7.90664
1.24714
0.511756
0.242552
8.57323
4.45378
0.634309
3.71949
9.24503
5.00369
5.30676
0.692284
2.60762
3.20861
7.16648
0.73367
5.05896
3.40499
1.22585
0.965554
3.84286
3.27182
0.635888
6.53552
2.77343
3.38367
1.96412
4.04521
2.31252
8.12948
10.2197
2.18365
5.10766
0.86062
8.54082
2.26291
3.17572
9.77429
2.09486
0.748315
8.7771
7.50369
2.87585
18.9043
4.44385
0.319089
0.707541
0.568882
0.266769
0.468216
8.76262
3.24354
1.58725
5.43915
4.97822
5.74705
2.58184
0.425259
3.92092
6.69554
1.7577
3.33242
8.53646
0.707954
4.63118
1.18134
3.24897
15.3407
0.368004
4.21722
2.14479
0.598736
4.49405
1.83395
0.77773
0.835365
3.14973
7.80966
3.1634
0.799319
0.794915
2.04659
6.93146
4.27765
2.46114
6.39869
14.0372
6.01203
3.30488
5.90072
3.93899
2.03557
2.99207
0.544215
0.42263
0.625055
3.06413
3.62875
0.52859
0.364914
5.12653
1.7471
8.75266
7.09025
0.282858
4.97329
0.914552
0.893037
5.97391
4.1362
8.89208
8.62939
6.33246
5.87846
2.96403
7.59584
7.517
2.71908
6.88915
3.4859
6.07843
0.890329
4.62627
3.00823
0.375811
4.67901
2.8644
0.599117
1.02187
0.874901
4.20828
6.78487
4.07937
0.559622
4.17591
5.11782
3.72561
3.24863
6.13297
4.3794
7.75643
6.29758
5.26932
3.50317
7.08198
15.4613
2.94304
1.06315
16.0014
0.989369
3.06209
5.53329
2.61413
1.64819
0.301747
0.807054
7.35315
10.6422
0.318238
5.45446
2.73771
10.4734
2.65688
0.449429
1.54211
1.21469
1.2279
11.2496
0.401688
7.89157
4.25336
6.68852
14.243
3.82808
0.881948
0.806969
1.40297
4.07123
11.509
7.72323
1.74805
0.984357
1.35276
3.83108
1.21745
1.4178
2.00929
4.99814
3.34546
5.23896
3.23402
4.1009
3.71434
7.04805
8.82505
6.10707
0.332036
3.43091
6.73981
7.72111
5.48908
4.35505
1.03815
2.39756
1.24447
1.56775
1.50086
9.28786
3.43949
2.90307
0.542668
2.04642
2.65036
3.92293
2.2524
0.443027
0.303452
2.39701
0.399298
2.81264
1.43601
0.948644
2.40443
4.20511
0.461264
0.813104
3.50791
0.623238
3.22556
3.76551
2.58948
5.35345
4.33759
4.09955
6.69593
1.33415
0.250636
2.28067
3.47248
0.199167
0.38883
4.94782
8.76784
9.33664
5.4289
0.971789
7.18551
1.15618
6.57608
0.510402
0.536777
0.213927
1.96333
9.04926
0.214537
0.737632
4.1839
10.6052
6.85659
8.39213
0.330375
2.41731
0.630527
1.28701
4.00713
0.146106
4.30353
0.302905
2.04347
1.10947
4.80851
2.97446
0.513991
0.902178
0.809903
11.385
5.98461
0.447539
6.08105
0.66231
7.87882
3.88253
0.251921
0.622706
1.18091
2.00293
5.78989
14.5888
0.738176
3.59984
2.38322
5.12446
8.831
5.36321
1.36787
9.94884
1.69927
13.1237
6.8112
1.44254
3.01615
3.28933
6.1692
4.09674
2.92867
1.70605
1.83572
4.14942
0.362148
7.26027
2.164
1.14964
0.507929
4.572
0.355765
2.46275
8.83887
4.2285
1.27333
4.06988
0.781824
0.699485
3.28428
3.03823
1.39292
0.596316
1.84537
8.33621
5.10501
1.39151
7.14726
2.53104
2.17057
8.63645
0.623956
0.177737
7.97728
0.525244
3.02413
5.09658
2.81896
8.95309
1.04174
0.406869
0.179185
1.28641
13.4678
0.977803
2.97028
0.745713
0.843286
0.733334
2.2267
0.377112
2.58011
0.342578
1.03591
4.63258
1.00383
0.361159
10.9873
5.51235
1.88396
6.89312
0.534217
0.712009
1.33585
4.72356
1.03824
0.156621
0.0748958
3.11052
11.9938
0.907372
1.43938
2.0983
0.681418
0.166064
2.5489
6.13207
0.435914
2.57066
10.9946
3.37257
7.45991
1.01629
0.426413
0.717225
0.813507
2.24288
0.916534
13.7488
1.66725
2.89768
4.5868
0.388431
0.299901
4.0604
0.439854
4.98214
1.03271
7.71458
1.64782
9.23771
1.95658
0.378455
3.36651
1.13413
2.64962
7.75126
0.263205
1.27198
0.804968
12.9266
0.538511
3.71581
1.24628
7.1737
0.442616
0.618147
0.257596
0.93331
1.92642
14.1513
0.430053
7.09728
4.42729
0.0941928
2.1777
1.26843
3.9337
13.0505
1.37566
1.55049
4.54225
1.7885
2.2656
10.284
6.30601
0.59157
0.31482
3.48041
4.47425
2.8831
0.475584
2.62907
0.777129
4.22562
6.75593
5.16989
2.403
3.45011
0.965391
0.822512
0.102792
5.96738
3.1569
4.89542
0.893337
1.65207
5.59991
0.552688
10.7632
2.27447
0.140637
0.561719
4.60992
1.79058
2.79438
1.33704
0.150194
0.445651
2.05899
0.139758
2.99455
1.03404
4.60175
8.248
4.3385
10.051
7.62223
0.752548
5.33329
2.34409
5.19438
4.76018
5.76188
0.50494
6.20198
0.407997
26.4412
7.25662
2.38301
6.15945
2.10337
8.4657
0.499975
0.287439
3.07288
1.13022
0.313692
0.0818698
1.62512
10.3809
4.94718
3.02924
7.97906
2.21543
2.91065
6.18121
19.8435
6.88985
6.63127
0.545442
1.11721
15.1745
1.90184
3.64
0.427614
0.32941
6.09307
4.64969
3.1126
7.41359
7.00389
1.72359
1.05638
6.02559
12.9401
13.5093
0.268863
2.24092
8.3403
1.13634
6.41931
0.603685
9.12374
4.4544
12.1761
9.49505
7.8039
0.198392
8.96284
6.20757
1.54267
1.8571
0.422307
1.32257
8.60731
7.1907
4.52819
4.49359
1.03598
2.35022
1.13917
2.30674
2.08233
6.9604
0.335718
8.41411
1.94361
0.869959
5.55326
10.1309
4.22446
5.86217
0.786459
8.22739
1.7474
10.0084
7.99796
7.62342
2.6775
0.70272
14.6093
7.92904
4.70898
4.93945
3.51002
1.16743
7.51555
0.923008
1.38694
1.52377
0.980696
5.8073
1.56316
0.342035
2.61673
1.9436
3.51571
3.87854
4.38161
7.06687
3.337
0.379803
8.28182
13.6991
1.57845
2.65739
1.08488
2.37633
0.41048
1.11751
1.01499
0.980629
8.1594
6.84255
6.45288
0.474285
6.3018
4.3426
4.40724
6.01105
8.74232
7.04775
7.31624
0.2795
15.5635
2.02442
5.59016
1.7011
3.59055
6.06518
1.22858
5.49872
1.25131
1.80822
4.85544
0.401115
1.96883
5.90857
0.580492
0.404915
2.49516
7.10898
2.60847
1.09537
0.348554
4.65309
0.485931
1.17874
7.14759
0.179681
6.37674
2.96775
3.97804
0.992666
1.57847
1.06481
6.92743
0.643319
0.258423
7.6246
1.87091
8.17813
9.00748
0.708464
0.759917
1.23679
8.31311
0.0637818
0.305546
0.792652
1.78079
0.418279
0.656128
2.72518
0.378369
2.35866
0.409294
6.26329
0.664592
2.8877
0.813012
1.08145
1.37197
0.431398
0.758121
1.46916
2.58253
0.840667
3.20977
1.83897
0.272049
4.83077
4.35847
13.6812
4.43557
3.5449
6.87359
0.212999
5.36071
0.909672
8.32229
12.5432
1.99452
4.85159
4.92357
0.297441
7.22293
1.7871
3.54473
1.44715
17.837
0.479524
1.61052
0.589273
5.55607
1.09808
2.62687
5.87501
9.31196
12.4477
13.4119
5.1177
0.683336
5.13257
7.14228
0.609996
1.33341
10.2589
5.38045
1.52146
1.4263
0.615476
7.76758
2.83591
4.25953
5.09173
3.69158
5.38592
1.53936
2.05983
1.7037
3.89018
0.523773
7.33755
1.15817
5.0518
0.393636
1.70541
0.608133
0.202244
1.52388
0.884942
8.31474
2.92559
0.22196
3.04808
5.16003
0.60763
0.4002
0.78114
10.4367
1.52733
2.78824
0.514667
3.57935
9.28425
0.943462
0.397657
4.8637
1.34625
0.758723
0.768202
0.891099
11.5048
0.856619
4.52321
6.34027
2.6005
3.0965
12.7885
2.06104
10.3761
4.58693
4.12624
0.542179
0.681611
6.7915
1.36374
11.0885
12.1142
0.452104
3.31508
0.713659
12.3322
0.458956
1.50546
9.25605
6.13004
6.66249
5.53427
5.48579
0.674368
0.773274
3.70927
3.01849
7.91491
2.60816
4.59188
3.3538
13.3508
4.0233
0.722441
0.319389
0.559301
1.4471
8.59975
3.2615
1.04983
0.683705
0.305691
1.37702
3.13889
3.20207
1.08211
1.9848
7.3016
1.75605
0.396589
2.93607
7.45342
1.78078
3.20633
3.56823
9.65083
0.501345
0.910519
6.6307
5.64248
4.53757
7.74742
0.858603
0.605809
0.643684
2.51873
4.22605
11.5631
2.4522
3.57242
6.93441
0.291209
4.75435
1.35438
0.84162
9.67107
3.27676
0.433744
10.2613
4.8787
5.02411
8.609
0.779751
0.568465
2.76866
8.19253
1.10991
2.11369
0.991317
6.57776
1.49063
3.05124
3.74355
5.95265
5.93301
4.42681
5.16887
0.140818
4.43314
0.467221
10.0135
2.23606
5.63502
0.412701
0.220589
6.21574
1.67655
1.48896
4.25265
4.32675
1.0501
7.86728
5.19626
0.531321
11.6268
7.78668
17.0687
6.88308
3.86426
3.04503
4.01449
10.2811
2.23399
0.686279
2.75012
4.02287
1.1133
4.23687
2.57408
0.903687
1.89027
1.72232
3.15578
3.81093
4.00885
4.48161
1.35553
4.33325
6.26418
8.67039
6.55473
0.541579
1.04211
1.58906
0.473745
5.67921
0.412285
2.34094
8.08188
2.23794
1.67888
8.00992
1.25532
6.58796
4.19119
2.91907
0.318024
1.02121
0.94247
2.14664
6.59289
0.716011
7.3191
0.65627
5.21049
0.473263
1.03196
5.85474
7.17491
6.81776
0.470516
5.06647
1.17125
0.684241
4.25466
0.780695
11.0764
0.219121
5.02281
6.62302
0.183241
5.35349
1.28577
6.50875
0.806593
0.901944
0.855256
1.34808
0.535276
2.41623
3.68584
11.1628
5.92636
0.389441
4.97643
0.21109
0.691077
9.02381
3.84589
1.39889
0.487984
0.703643
2.5661
2.45764
13.0085
0.208488
6.81805
3.60286
1.21324
6.40397
7.48897
5.91619
0.364592
0.776981
3.23574
2.78121
5.21778
2.12073
8.64209
5.52188
2.46079
0.994772
8.04985
5.01431
4.97631
0.930751
1.29746
11.1006
1.68922
2.45596
1.03976
1.21099
0.183291
14.1364
9.31755
0.267102
1.11613
3.2366
11.15
2.54789
5.46379
0.14532
1.69217
3.31546
1.1021
16.8756
1.10641
1.50076
0.194746
0.429247
2.45106
1.28465
2.31758
0.570021
0.720322
3.9424
1.50033
0.516368
0.699864
0.316761
2.00714
0.641041
0.417834
2.48888
9.96642
4.14902
8.26795
5.09375
6.04975
7.64354
5.20622
0.617256
0.99709
0.485578
1.30603
0.944004
1.55999
4.05745
4.82722
0.858555
2.23809
1.65768
0.538082
6.82704
6.11504
9.64984
1.33048
0.517651
3.52575
0.767454
1.3885
0.768912
2.77926
5.18977
9.98204
0.520422
1.21442
1.88295
0.342704
2.97868
5.41634
1.05019
5.09199
10.6585
0.707628
8.42587
14.3534
0.450089
7.38187
0.338835
3.7921
7.4723
1.06339
13.8971
3.86378
9.4048
3.69223
1.35212
5.2802
1.70346
0.0918789
3.72283
3.09635
1.40344
1.1525
1.77454
8.24129
2.60537
1.3158
0.900369
11.9329
3.35858
1.24081
0.330746
0.289481
1.00581
2.67169
0.499246
8.59141
1.05181
0.642977
2.57166
5.95788
3.34165
2.18694
0.778841
1.18631
0.609674
8.49198
0.79054
2.18812
1.01028
0.903228
0.998611
0.387706
0.730537
12.3123
0.426654
5.7102
0.302318
4.52315
7.0405
7.78472
5.11673
0.519986
0.247758
0.557116
1.28084
7.44464
6.92368
6.8374
6.39522
1.34068
0.552258
1.29397
6.39152
6.60828
6.04718
6.40346
3.04787
8.53675
12.4289
9.57766
11.0229
1.64723
3.84542
1.39292
0.365629
2.56188
3.78526
1.9927
2.24024
5.98202
6.62592
0.41032
0.335589
3.36768
7.46719
1.75901
5.33988
7.80753
0.878097
5.75604
1.17618
0.163457
3.56998
1.05819
4.72314
0.469402
8.22709
0.741877
2.01298
5.67979
0.703998
0.565359
5.29643
6.11238
4.45435
0.219281
11.2875
0.483689
5.50252
3.53754
5.62275
3.57243
10.708
1.31374
0.976068
7.15503
7.7326
3.32094
2.91371
0.987267
6.62508
1.49674
4.22639
1.39852
0.295213
7.48333
1.00222
1.2684
0.749113
3.04856
2.48834
5.37284
1.78813
5.24897
3.24251
4.04114
0.278578
4.83628
8.05627
3.37242
0.617506
0.955102
4.41982
12.3803
0.344955
3.46124
1.69276
0.405608
6.85996
1.55685
5.49453
1.09203
1.01781
8.60654
0.271027
2.61131
7.99572
7.13726
1.08571
2.49554
13.9093
5.30491
4.78971
10.1933
1.32276
5.06583
0.926187
1.00106
1.91638
0.0637473
7.58684
6.10685
2.02057
0.266694
5.51027
4.06645
0.217887
0.485007
1.78754
0.125728
1.24333
8.15542
0.866528
12.0603
6.86811
0.821127
0.928645
11.0696
3.63488
1.42962
9.46704
0.200205
0.384848
3.47311
3.27873
1.82897
0.417325
8.31842
0.623831
8.33009
0.24883
3.24807
0.551638
0.778358
12.4054
4.83497
0.789534
6.26044
6.70596
0.980816
6.00327
0.593663
0.476454
0.448118
4.12594
1.64759
3.14949
5.2918
2.91444
6.61717
1.6028
1.1371
2.71387
1.6595
6.9638
0.832685
0.499502
2.67693
10.5643
2.08008
4.36209
2.94679
3.27242
3.70811
8.85309
4.60599
5.89539
0.88254
2.49663
3.82885
8.68073
10.7942
0.701079
26.3974
7.32206
1.49345
0.0504167
4.44551
6.57933
2.46387
0.39031
1.99814
6.25
0.0907141
9.3562
9.05132
3.08506
1.28978
8.63394
0.0866215
0.707974
6.26961
0.628164
16.1737
0.170331
8.9091
0.660418
7.90525
4.36773
5.57935
0.765491
0.709396
6.53324
9.22122
1.6036
6.21974
2.54471
8.609
1.39778
10.4137
6.40871
7.63119
8.19824
4.72046
0.586437
0.847831
6.20749
4.65335
2.01191
0.523761
5.3513
3.93945
0.596825
3.49239
7.45315
7.94193
8.64735
0.376509
3.01334
7.27604
4.00988
4.4693
5.04721
1.8676
1.53593
0.869446
0.824882
4.93911
2.77062
3.05469
1.83883
7.81777
2.83148
5.34463
0.962002
2.08204
0.448326
0.225973
1.19437
6.08365
1.54741
3.03347
0.126886
5.16071
2.38935
4.47462
2.15302
6.87078
2.99368
8.21972
4.69937
4.67306
1.93861
3.88917
0.315183
0.200566
0.966295
3.13324
1.59694
0.220495
2.61628
8.05714
8.29647
0.860001
1.69961
1.22111
8.23828
0.506314
5.03254
0.745296
0.507206
6.64042
10.004
1.29265
0.92952
9.74653
0.133936
0.763947
1.25644
1.76527
0.684471
3.06994
6.92704
5.07116
0.289264
5.21436
6.24238
4.96818
6.63231
7.74154
0.4131
11.1702
1.00244
2.35763
6.31234
7.30816
0.947222
1.69777
10.0364
5.30083
1.47581
2.99956
0.904323
5.7958
1.96413
9.34394
1.05423
0.699941
8.92319
0.884274
1.01954
21.7731
0.557895
0.17517
9.76718
5.83216
2.6067
5.20288
7.49877
9.02698
1.04551
4.60343
4.6769
1.4969
2.13691
0.139695
0.334189
4.09693
2.00266
0.538106
0.44612
3.55747
16.417
3.00972
0.628142
2.30574
0.863913
1.96976
5.19402
0.168647
5.14238
7.03966
6.5589
0.183282
4.93003
8.92774
10.0155
6.59182
13.3726
2.40171
1.33753
2.35918
0.557648
1.42124
1.17086
5.07847
1.91719
1.26257
6.84494
0.322944
1.03733
0.953177
10.3865
5.18632
0.813525
6.07163
0.730518
3.6457
13.4151
3.53902
7.1727
2.17104
1.56141
1.7176
0.483376
0.880509
0.650236
0.706145
0.101363
9.02329
0.168476
0.604447
1.92336
0.402189
7.44406
6.5269
7.23224
2.02379
1.18194
2.92442
0.329605
7.09355
0.231427
1.24307
8.29116
7.08257
0.999976
6.75721
0.768558
0.533481
0.576629
7.73317
3.91912
12.705
9.86356
0.540429
3.63469
1.54332
5.29557
3.04597
0.31543
4.57182
0.298238
5.62505
2.1122
2.01138
2.16991
4.76589
0.596899
2.33146
2.08872
1.02319
8.5046
3.50404
4.19741
2.56216
1.00127
12.2451
1.17338
0.783276
1.62077
3.91849
3.09911
5.0868
8.41866
0.817839
5.29309
4.28294
0.805764
24.2626
0.914369
1.19897
2.28589
4.31137
2.46857
9.88149
3.09581
0.308697
6.69303
4.0215
3.33653
0.948145
0.407124
1.32921
1.19475
4.93654
3.42764
4.73801
3.17207
1.63978
10.838
10.7947
2.26987
4.06717
1.25705
10.3575
1.09633
1.14858
1.63506
0.628202
6.20156
0.72526
0.173173
4.97294
1.45423
1.2587
3.14105
0.469578
0.646551
4.76917
7.68551
8.1577
9.99492
0.231827
0.861956
4.86821
0.155564
3.57156
1.11881
0.698337
1.06619
2.33946
4.27395
13.1575
1.62524
0.420522
0.929214
1.4343
5.60545
1.51301
0.538123
1.85306
1.83672
3.80556
4.55591
0.780967
13.913
8.87487
6.22571
4.16834
0.431732
5.78625
0.197197
3.25159
0.611708
7.71237
4.12475
3.51186
5.2338
5.03753
6.26902
1.2653
0.696406
4.97475
2.22248
8.37427
9.08661
0.472512
0.0943181
0.234149
3.68929
0.573395
10.3006
0.561573
5.28027
0.463308
2.14779
2.61025
0.587625
0.12327
2.77659
0.898588
0.205975
0.385517
4.36777
1.16863
9.98249
0.421731
1.17706
1.40974
3.37254
6.0274
1.88622
0.96132
1.31725
9.34786
1.07608
1.68452
10.5945
1.39181
4.0711
4.23757
3.85888
4.68403
5.24961
2.56657
5.00845
1.92536
0.885776
0.964382
0.809125
4.08081
5.53447
1.06348
4.9172
4.2114
0.342421
13.0715
9.62819
0.168024
3.41242
1.0276
7.41384
6.77696
2.59843
0.65268
11.6614
3.47669
1.55626
6.81456
6.68263
10.0087
4.3511
1.32874
0.231378
0.920303
9.71148
0.513529
0.649665
6.07216
0.698225
1.4277
3.35939
1.91518
0.179491
2.07572
0.228505
2.27227
8.71733
4.72814
4.01006
3.06427
4.48135
0.492516
7.31378
0.517743
2.29087
0.206764
4.87288
2.62422
3.811
0.34648
18.5481
0.25718
8.63022
3.60883
9.09057
0.0847988
10.362
1.48893
1.91193
6.56376
0.294565
8.44356
10.6913
0.989147
0.812188
1.24921
1.04473
8.02423
7.98576
0.44751
13.9028
1.7184
0.532909
0.368358
1.71451
12.2616
3.64826
0.621627
2.06164
7.37468
2.59434
8.73118
8.22038
9.41799
2.83699
8.54243
8.37169
3.41367
2.51089
12.3075
5.10842
1.19268
1.43776
11.3244
2.53247
0.984125
6.15139
2.55033
7.16557
0.474203
2.27511
1.85193
0.4878
3.81311
2.44817
1.81863
0.512618
4.60721
1.76705
4.34891
5.50352
1.05592
1.21012
0.291643
0.669045
0.127451
2.23257
1.30466
1.29342
0.546335
1.70461
8.40047
0.597747
0.723133
6.73835
0.467301
0.652751
3.18459
15.4122
0.66854
0.382854
0.912653
2.86181
7.35025
3.21419
8.41272
3.52754
0.604809
2.53315
0.916874
6.38777
0.708209
0.909932
6.41887
1.01439
2.79775
3.43582
0.575773
3.303
10.8635
4.70615
11.2078
1.00796
3.34597
0.664399
10.9904
10.1749
1.50128
12.1197
5.06207
0.717708
4.44055
4.54961
0.345002
4.76681
4.35278
3.34323
13.4151
4.01773
5.47553
3.25612
15.1616
4.17745
0.448143
5.8206
3.93543
11.0924
9.45892
0.436875
0.823098
2.08126
0.761864
6.60946
3.53655
11.9476
6.49042
22.582
1.5735
4.3326
8.50386
5.51143
1.87802
0.385269
8.65331
3.43744
3.72498
4.965
1.6798
0.743403
1.70738
1.48806
6.48251
3.87107
0.408221
4.73116
5.66402
5.4847
5.45633
0.997312
2.88583
0.787515
1.26123
1.5604
1.83627
2.09204
4.87205
2.72979
3.0973
2.58661
6.14586
5.2254
0.126007
1.25285
3.96219
2.58113
0.466965
1.80819
0.357601
1.10235
1.86377
1.55316
3.32375
4.04308
1.74337
4.09089
1.45251
4.08462
1.04997
0.507371
2.99531
1.18323
6.72223
6.04238
2.28984
2.76922
8.10211
13.1331
0.1079
1.57817
6.90948
5.84125
10.4021
1.78885
10.9963
1.69914
2.07312
0.630024
4.27707
3.93803
1.25325
3.4732
3.82354
5.96136
7.45875
5.23519
1.83068
1.82185
8.37765
0.848592
0.129584
0.763896
1.15568
0.412245
7.86459
4.48201
7.3681
1.8426
0.60119
19.9492
1.54413
2.63423
3.09722
1.20395
1.0593
3.80979
5.37783
0.246787
0.359897
3.83957
3.24796
1.25122
3.5932
0.162555
0.508424
5.38014
0.601828
5.54015
0.725257
3.0469
0.673936
1.21547
6.32976
0.582266
1.72229
12.0306
1.76287
4.77256
5.24733
3.24731
6.6865
6.3456
0.624578
1.61125
1.16251
1.88596
9.34069
1.47057
6.72521
0.315386
0.215743
0.932955
0.973095
1.15892
0.512481
0.8514
4.77581
2.1448
0.350767
5.20733
7.99065
0.217747
0.861625
3.24345
0.934504
5.85319
8.62441
1.53885
0.786344
1.25652
3.03439
0.606005
11.0501
0.611106
0.703046
6.64964
0.222862
1.43317
2.2144
0.469385
3.7507
7.03326
1.46408
3.143
0.958359
2.18169
0.729133
3.87991
0.896043
7.83665
6.55136
5.89873
19.1638
2.31679
0.8643
4.2364
0.75801
0.981666
7.09547
0.704504
3.33031
3.54642
4.30705
2.56271
5.0605
9.04128
8.08313
2.59972
1.05016
3.22243
9.48928
5.07173
4.48098
11.2806
3.27922
4.1472
5.29348
0.987106
0.902657
1.28591
4.44477
3.81927
0.985548
1.61624
6.41576
6.25463
8.8995
3.50448
6.58051
0.87479
0.932722
9.43155
4.97226
4.25301
0.391843
2.19293
0.258367
2.11348
4.83054
14.547
0.756454
1.38589
5.63668
2.25628
7.91024
11.6762
0.868764
0.896676
4.59672
1.38625
0.172181
6.73036
4.47956
4.2792
0.528689
0.306529
2.45275
0.822861
5.05388
7.29414
0.424771
1.60089
0.280241
1.54473
0.457806
2.30538
2.94369
0.402944
5.66302
2.59006
3.71438
5.62338
0.844655
2.72283
2.43963
0.61063
4.07608
5.5469
5.20473
1.73485
4.22717
8.85966
4.86202
1.56603
6.90749
4.37022
2.72533
11.3577
5.39265
4.39545
0.518576
5.99558
1.05673
2.55167
1.23959
0.332579
0.466247
6.85412
3.82836
0.468335
7.33175
0.95775
0.717065
0.957185
0.364734
8.74101
13.8543
1.94362
9.94153
0.761215
2.07964
4.06755
0.989981
0.466796
2.92412
2.63243
7.39817
1.30463
11.8408
1.81071
12.6521
0.604685
0.649404
0.715223
5.65321
0.84123
0.390996
0.713924
0.433471
0.277479
3.11436
1.26961
4.36151
4.49533
1.87908
1.04461
8.39273
0.979887
7.52435
2.76357
0.276144
0.294987
1.03959
2.33889
10.1606
5.80633
1.07358
0.497374
0.445832
0.358261
0.481318
5.36114
5.13115
7.02922
10.6285
7.65274
7.40644
4.30741
4.16147
0.473966
0.118882
0.190077
3.4565
2.3399
4.02008
0.596501
1.1068
8.39531
0.421673
7.05854
0.471323
13.6799
2.78399
1.87951
1.1055
1.88224
2.4928
0.762798
5.93982
0.169437
0.354217
7.64965
1.29711
0.70497
2.14054
11.9928
5.61373
1.2754
3.80291
0.756331
4.36439
0.259336
11.16
0.538638
8.96576
6.50681
1.05095
3.4308
5.98992
3.66624
2.27687
0.239378
2.00977
4.73317
1.60622
8.19444
20.2058
4.55411
0.120478
6.07049
8.02643
0.638556
5.86197
3.34721
5.76323
1.42572
1.3966
6.62806
1.26355
0.671558
0.486381
4.16143
5.27921
0.306275
2.76849
5.24169
5.17628
15.795
1.54995
1.4615
21.0696
6.87775
5.87294
0.74614
5.62021
0.412456
2.67161
3.34223
1.29877
0.505423
3.46335
16.5503
0.585742
3.71733
5.52394
3.72316
0.826177
20.7731
0.455203
2.23129
0.866909
0.770694
7.51017
4.80134
6.17742
0.968417
0.391463
7.54812
3.01509
6.98349
12.2932
5.65594
1.28529
0.349841
8.38321
3.20598
5.09323
2.68953
7.47382
7.16826
4.26974
5.11731
0.30758
2.15792
1.14578
0.767232
4.70348
10.4741
3.52188
1.33122
6.23316
3.49862
3.71285
20.0753
2.83899
2.68466
3.8153
11.4903
4.1757
7.50754
0.84909
2.1805
5.99698
1.9609
5.96617
2.7881
0.873682
7.10491
6.47478
1.61668
0.672491
5.85395
0.282792
0.864132
1.40885
5.03758
8.02762
8.73907
1.62165
0.736031
4.66119
0.395489
2.14088
0.375481
0.179235
1.684
6.14666
8.34083
10.8275
1.97108
0.23807
0.717327
1.48505
6.05372
5.63232
2.54297
9.49756
7.16278
0.830035
4.08595
5.2942
10.0002
5.57017
0.418318
12.1449
8.09464
4.52368
7.14128
3.67174
0.938342
1.24997
0.21103
14.3599
1.24551
7.10882
7.99264
15.7493
3.60307
3.91335
10.5408
1.7726
13.4509
1.36767
0.791964
9.43002
1.75468
9.306
7.06209
0.393387
1.69587
6.54571
3.44062
0.857191
8.80145
3.62281
6.1296
1.66824
1.19747
0.659235
2.2535
8.39626
0.181264
4.99716
4.96861
1.63709
12.3921
1.25293
7.31577
6.4158
10.7863
1.44027
1.68443
1.64604
1.44238
3.89163
10.3624
7.37864
1.59015
6.16617
3.52852
3.10011
6.22868
4.71477
0.335662
1.09565
3.09442
1.57039
3.27863
0.402183
6.98767
0.664698
10.7675
3.27902
1.04664
1.71277
0.690188
8.23003
12.4024
0.671308
2.81127
5.26069
11.9009
9.88875
12.4349
0.453661
3.11374
0.12635
6.36428
0.684274
0.932225
4.05761
3.70603
5.10835
2.20023
6.47183
1.35546
0.436116
5.18485
5.61914
0.829006
0.0786833
3.94242
0.80973
5.3504
14.049
0.425037
0.649381
0.39677
5.32602
1.0537
3.89923
1.44023
0.677399
1.72414
7.54569
7.55421
0.280291
2.50231
9.99343
2.62346
10.777
0.653153
6.56565
8.93972
13.448
3.46586
2.73857
4.66775
2.28648
4.4795
0.363475
1.02737
11.715
9.16699
0.901736
6.40511
1.01106
4.76579
4.16948
9.26098
3.76409
7.7483
14.1651
4.89956
3.06591
2.52096
5.10585
0.412876
10.5988
3.25316
6.11698
5.66033
1.55961
1.44944
7.53727
6.93308
0.406902
0.523393
0.822679
3.06893
5.27972
10.6001
13.5033
2.74125
0.940223
7.02157
4.90116
5.68139
5.65121
1.30347
3.53963
3.20713
4.78243
5.29068
2.41248
1.37794
4.68313
1.21931
1.10697
0.954182
1.21444
0.330643
6.78718
1.18877
10.3561
0.468291
4.78079
2.90663
1.70438
4.43751
0.414029
1.20793
1.44739
1.02446
1.88826
9.23565
1.99963
6.413
3.66407
0.802748
4.40556
0.127971
3.24949
5.48783
3.75145
7.79354
1.9731
0.411238
7.03887
5.40573
1.78759
0.730571
2.74419
0.552781
0.35708
0.949398
0.519209
5.85052
18.6834
5.12335
16.2723
7.85233
4.32694
0.544597
0.852374
2.11388
4.59936
1.69482
2.07505
1.77384
6.39512
6.48122
3.84243
0.286934
1.53921
2.22876
4.70803
0.0963793
4.1494
3.22043
1.80873
0.716772
8.57566
9.18703
3.0182
1.91259
4.21402
3.42844
9.15598
3.12757
7.53928
11.2076
2.53029
0.91038
0.75151
4.90284
0.96679
0.459491
4.16561
0.260235
0.423568
0.650994
6.3916
5.75961
1.2507
15.4373
0.616536
7.06222
1.26133
0.54137
0.609614
0.939312
6.2306
9.52053
4.35312
0.719182
4.2598
1.43476
0.448496
0.377857
0.779489
1.24362
4.17607
0.489069
1.8285
0.952713
4.34836
0.260156
0.415094
4.30467
3.77312
0.699734
0.291612
0.847857
1.08163
15.7579
2.44621
3.91549
8.71303
2.3345
4.95317
2.20303
0.337988
0.956213
0.902383
4.70903
2.02273
0.624577
0.855952
0.838179
1.71109
0.578665
4.78047
2.5621
5.37771
10.0083
3.42484
7.29438
0.362493
4.48106
3.62545
11.7801
8.38295
0.412091
0.501548
5.98669
0.506207
1.23579
0.0871257
0.12908
2.94789
3.76577
1.42509
0.64827
4.53168
3.21779
0.634192
1.03256
0.133507
0.684497
1.18375
0.129686
0.400487
1.61172
2.40328
0.0666568
2.69254
4.70882
0.922359
1.05298
2.43954
0.914126
1.91329
1.15094
6.17453
6.53337
1.79415
2.4992
1.92789
0.607736
0.789489
2.80904
0.20285
0.825597
1.05816
7.14506
0.538982
19.2285
1.29621
6.54479
4.99538
1.03047
0.513122
6.1913
1.3615
13.5126
4.10313
0.920335
0.505719
3.86389
0.791595
0.497271
0.2176
1.1849
3.46137
1.3636
3.55523
1.87122
3.01184
2.47169
3.06714
2.92425
1.26876
8.17641
0.223741
7.3611
4.33289
3.14319
0.45019
6.65311
6.18376
1.7761
0.287776
9.72605
3.34921
1.9054
0.253527
6.57929
3.33089
7.5504
0.959249
0.992157
9.15221
2.37037
3.88213
2.2864
0.370633
0.855738
8.07604
0.131799
1.40884
0.569023
4.75875
4.7564
2.32371
0.6099
7.69394
5.47451
6.51762
7.2605
1.00061
8.11925
1.31705
0.711474
3.83233
4.66792
0.893817
1.75275
5.32531
2.15492
0.914771
2.88866
0.537233
4.74103
12.8168
8.42615
13.2113
5.93946
1.13075
4.69021
4.97111
1.82795
5.93799
8.98937
6.02897
1.78309
0.430151
0.670212
6.22743
1.01805
0.498477
0.618577
2.54947
3.85094
7.94835
0.804536
3.48175
2.18355
1.00991
1.04505
1.37493
1.07004
20.1116
2.9661
3.83293
8.06288
2.76374
0.848936
4.85875
2.39098
5.57032
8.70929
0.848541
5.8202
12.4767
3.3642
4.98414
4.38241
1.86282
2.95828
5.76446
1.48741
0.763762
1.27683
0.231273
1.20603
7.63041
4.40647
0.473167
6.03612
4.50089
0.197753
5.3182
3.6702
4.42119
2.63185
6.74277
1.3143
0.758303
2.88539
0.802665
9.68413
5.20784
1.61936
9.10001
1.34237
5.13164
0.490589
5.22819
3.97344
4.56073
0.231241
0.205946
2.27701
4.28072
5.766
0.401925
0.569838
9.72979
0.592686
0.459168
0.379801
0.547526
4.18403
0.518697
6.0073
7.61165
11.6533
0.483649
13.9805
6.18627
1.10304
6.51026
2.73177
4.1359
13.4291
0.532683
9.77108
2.79104
0.250313
5.54799
1.42363
5.81551
11.5773
4.19772
2.36003
8.64915
3.76519
5.47274
0.232869
6.51004
0.81333
0.805097
3.89262
1.4506
6.2586
3.28212
5.11589
6.34672
4.3411
3.30586
6.16785
5.53818
1.64497
1.63976
2.47939
2.55498
0.883484
1.90409
3.58567
13.8926
15.9041
3.72964
0.676142
0.923451
3.75104
3.24336
2.46927
1.69978
7.01711
1.09474
3.13642
0.404515
6.73637
10.4206
5.56928
6.08971
2.07714
1.5535
5.41988
0.244999
3.06409
0.336345
0.54377
0.702716
2.48156
6.75573
5.74972
0.454342
5.18724
0.695522
2.63731
1.74577
1.42731
3.01143
1.61805
5.19085
2.53199
5.95877
1.31191
6.05743
5.44252
5.01752
5.9206
3.17106
7.63864
11.0344
2.18712
5.76991
1.19432
1.53786
1.31816
4.38249
7.77986
4.40906
0.248663
0.974039
1.07819
5.51067
12.1205
0.610259
4.79176
0.129761
8.96425
2.22828
0.548786
2.29031
4.11425
5.71836
8.51501
5.48142
0.256477
6.61044
3.65793
8.45663
0.555997
6.17772
0.842508
3.86526
3.42135
1.15853
15.9938
6.47995
3.38831
3.81634
0.216769
0.586198
0.323525
2.43862
1.31676
3.31248
6.78768
3.78695
1.87632
2.1372
4.54378
0.701344
0.985426
21.634
4.18252
6.30198
11.4627
4.35564
6.01233
0.512983
16.0617
1.01582
7.29426
8.80867
3.57
0.376074
0.807781
0.789857
0.340624
6.43544
6.10204
3.3503
1.08942
5.34256
6.0452
3.82023
1.39786
0.557598
5.29059
6.21241
0.969744
1.07292
0.946808
3.19107
0.39259
2.34246
0.523801
6.17301
6.0693
3.98462
6.32987
0.306784
5.77975
5.05567
0.565532
3.8987
5.12696
1.10952
16.4416
5.59839
2.19969
5.23829
4.93865
2.19115
0.536012
0.0926249
7.81351
0.394105
7.73533
4.0002
7.12226
1.4894
1.32723
0.205612
0.435626
1.23007
3.51164
0.964009
1.02707
1.20925
0.49075
5.12751
2.85779
0.796582
1.7779
3.63764
2.20672
0.47431
8.73271
6.33256
2.86115
1.86489
2.41708
0.510944
12.094
0.187465
1.0277
7.63398
12.4078
0.74892
8.05676
3.56452
0.182033
2.49248
5.02104
2.85394
3.07527
4.26781
6.7495
8.53429
6.80818
3.53299
5.17514
9.67125
1.06845
7.25369
4.43891
1.09137
0.828831
3.62186
0.237527
0.238485
1.89145
0.371186
6.60415
1.27779
1.75444
4.52924
0.96084
10.8516
14.804
3.48099
9.14289
9.68602
2.35732
1.70829
5.97277
10.8322
0.681674
2.91861
0.300518
3.62883
0.629691
9.34638
1.25128
1.92112
9.27528
3.00972
3.42154
2.64364
1.00871
3.01207
7.36761
0.484798
1.23263
6.19341
0.773135
11.7169
5.09594
0.339593
2.42458
4.99961
5.07096
10.0149
0.835719
3.51235
18.0476
0.192528
4.73788
1.07196
1.4027
11.7378
0.961998
3.61532
9.2516
11.1803
4.18384
0.9449
3.87555
1.06051
4.56173
0.966817
0.633078
3.07707
0.706812
5.81697
5.65435
0.600448
0.205872
6.83419
3.27792
1.68422
2.46411
3.67617
8.31185
7.7598
1.17622
2.99312
0.757647
6.93768
0.502635
0.927186
12.0212
1.55196
2.86289
4.74628
18.2384
1.40114
1.34072
0.405059
8.5712
2.61671
9.91352
1.85019
0.359718
3.99036
5.73544
6.14105
7.70812
4.75832
0.118571
1.18195
1.31955
5.07939
2.61667
2.83765
0.815895
7.53369
7.03568
9.19872
2.15777
0.224524
0.416155
0.230677
0.419667
1.41231
1.30886
3.1841
10.6884
1.87768
4.04525
6.51673
2.6002
0.705614
5.9526
2.24137
7.23014
2.97354
0.638586
0.598409
11.351
8.86411
2.3197
1.74231
0.662868
6.08049
0.912381
3.5513
3.45831
0.212302
1.95789
16.0117
7.25866
1.18864
8.6226
0.425006
10.6721
2.71667
3.27066
0.781912
3.6916
0.754996
0.427475
1.47813
5.55148
5.19577
0.329245
0.41015
12.7943
0.440242
8.66204
5.69962
3.86554
6.91456
1.25072
5.35358
5.15571
0.776193
0.491019
0.440514
0.784047
3.37392
3.31802
5.61809
4.30199
2.09357
0.163665
0.590455
0.726957
1.64188
9.59676
6.8399
2.69632
4.36853
6.04788
12.7089
0.350462
0.930899
1.40212
5.71656
0.608674
7.56683
21.2145
9.0371
4.11146
6.03662
6.12572
1.11693
8.11753
1.0294
5.53189
0.818054
3.54073
3.91165
4.74885
9.6987
5.80758
0.813918
3.29293
0.881065
0.401175
3.93363
0.341337
0.824408
5.46092
0.482955
0.465869
1.85892
4.8819
0.844507
5.23785
0.366055
4.02239
2.11273
1.23178
0.580365
2.04845
10.6342
1.55255
1.14789
0.267356
9.35587
0.305584
1.01085
2.34149
0.376807
6.17108
1.99645
4.33361
2.8264
1.46208
1.23689
2.81367
0.610988
3.17599
0.642308
0.575433
7.27725
0.397237
13.4807
4.5165
2.27511
2.41318
14.3618
3.04231
0.930384
0.297144
2.34649
0.914697
8.60636
0.451166
1.39331
1.4033
0.800041
1.10769
9.62985
13.513
0.30496
0.309352
1.58675
2.74633
10.7388
9.95454
2.22545
0.48736
0.621528
1.94872
5.15833
1.89409
0.736092
0.900652
2.82299
0.728734
8.49171
5.53514
12.8396
5.22374
1.0877
3.23497
1.1712
0.761923
0.605902
9.9151
0.15869
0.924066
6.35813
2.21373
1.59971
4.44147
5.50957
3.7942
1.4615
0.404645
0.494403
0.40224
1.09021
9.28225
3.42682
1.98763
1.82413
3.01099
3.17765
14.2394
7.17729
0.307616
0.422179
4.05662
0.210099
0.129267
1.85389
0.264294
14.5575
6.66241
3.40663
4.20327
4.60965
1.24868
5.61016
3.1424
4.51723
7.25043
15.4432
1.11564
1.395
7.60674
2.96943
14.1619
4.30909
0.413543
4.07439
2.49749
4.20775
2.88644
14.9471
9.05405
3.5915
7.45829
0.921744
0.568634
1.14478
0.545722
0.173884
0.403795
5.28088
1.3971
4.80124
0.490195
5.50403
1.31656
0.959356
0.691148
4.56205
0.420347
0.414482
3.17837
1.3491
1.07307
1.09338
6.07352
8.51447
5.70217
2.0748
3.1377
0.220903
0.882709
2.05154
4.15537
5.17428
3.15544
16.0354
0.579216
3.31183
4.24747
0.285975
0.972333
3.69182
5.69286
2.14709
0.509267
2.98068
0.519158
5.1812
0.608282
7.67003
2.50397
4.3079
6.53145
0.389184
1.1366
1.07715
0.346327
3.72952
3.02205
0.402151
3.95621
4.55507
0.536746
1.41707
3.27097
1.18522
1.32075
0.525622
3.01389
7.58924
0.667499
0.588286
1.11651
0.340432
2.75749
4.93216
8.23823
2.31936
3.64549
2.31909
7.00978
20.7342
1.29907
0.83778
0.201628
14.0193
3.15977
2.96489
0.388577
0.788013
1.38119
3.47001
6.93142
2.92013
0.260775
9.72246
0.528941
0.666177
1.59049
8.80082
0.427778
2.77582
6.6605
12.6025
1.12733
2.98839
2.01992
8.26964
0.634652
0.299531
1.20041
1.28099
3.39244
2.60921
3.35668
0.492025
7.6044
0.495421
2.11699
1.07967
0.406336
0.296184
4.09513
11.8515
3.80731
0.313223
6.12906
7.30847
1.68414
0.907399
0.718508
7.08774
2.57431
4.69765
1.35439
0.448757
5.91336
6.91698
1.02379
5.68025
13.9477
5.54048
0.569742
1.94547
0.436399
12.5308
0.564006
0.958817
10.5063
4.84124
4.91163
3.91978
2.30252
0.69337
4.18714
7.20275
1.55736
0.655472
4.36874
5.49924
0.866849
0.906957
23.6999
0.13714
10.217
4.18401
4.99117
1.29324
5.28312
4.26815
2.87972
5.84446
0.521875
6.1698
9.53367
1.24817
2.22942
2.40583
7.78035
0.760335
10.6407
0.230571
6.46984
1.6265
6.95977
1.83549
11.8219
0.593029
0.379256
1.75585
1.74359
1.26168
2.95147
1.06319
6.00313
3.35204
2.37294
2.94792
1.49166
0.563664
1.33501
0.208139
1.29909
0.980974
6.34113
1.0132
1.72413
3.60052
8.48414
0.298411
3.86792
1.09425
1.38071
1.24899
12.0098
8.6573
3.48771
4.42823
9.87476
0.541894
0.174528
0.501434
0.72465
4.30397
0.54952
0.27942
0.259551
0.505672
7.94483
5.05802
0.747567
0.998435
4.02765
1.97441
2.6855
0.416737
1.16624
0.687096
8.79358
0.153099
1.63871
0.699736
4.90143
0.206412
3.74852
3.80263
6.50631
6.49858
3.80714
6.18442
1.06927
0.908444
5.81914
0.411677
5.66265
1.27113
2.30688
0.45672
1.01541
0.78076
1.70032
1.7803
9.58604
5.68179
15.582
3.2993
2.76589
4.51419
8.15834
3.83325
3.45956
0.258839
3.4861
4.20176
4.81794
6.07865
0.060174
0.172535
7.51233
2.34115
2.25574
0.391707
3.19297
0.513249
3.56454
5.89386
0.92798
5.72291
4.79838
2.90734
0.53055
0.532604
8.2714
1.3327
1.56598
0.414346
2.4828
1.05387
9.37241
0.631043
0.501562
0.785186
3.46591
0.739549
1.50843
4.42148
5.30139
3.43426
8.41273
7.17808
2.04196
7.36509
2.77316
1.15704
17.9541
0.465382
6.49612
4.5144
2.18642
6.69387
3.53766
0.25372
1.22303
0.494655
9.53411
0.808275
12.7444
3.37739
4.94228
0.213313
0.734354
7.08528
0.650896
9.65522
4.84518
1.83882
2.48552
4.69387
0.557709
12.615
2.61867
7.79816
2.23014
0.343281
6.15871
0.162014
7.42512
0.588668
6.45935
2.59798
0.816728
2.51013
1.32843
2.08326
7.84506
1.28257
9.26651
0.307451
0.75621
2.74757
3.26253
15.246
5.1378
0.723455
1.74645
1.16194
5.60584
4.31538
3.07294
0.446828
12.3147
0.355946
4.81081
3.70311
0.539176
0.696707
0.373309
4.94026
4.03247
0.390344
2.50933
3.20959
0.897296
7.43384
3.36678
1.26832
9.78763
0.697885
0.37747
11.8911
1.56016
8.37236
3.43082
1.61441
6.32545
3.77843
3.45096
3.94732
1.2973
8.97076
3.36742
1.60721
0.659719
9.89459
2.75456
0.734276
7.77452
12.8109
1.21742
1.37077
0.537889
1.2593
3.80749
16.8326
0.545121
0.594237
0.263051
0.218702
8.22528
8.62975
1.02028
10.0173
1.46723
2.95115
0.190497
3.4611
3.73189
3.20844
3.72308
1.86098
0.553398
2.70688
2.94323
0.449824
8.80145
5.25009
4.59491
4.5889
3.9326
4.51991
4.59837
0.837983
14.762
7.2668
0.433016
10.0963
2.63185
6.08628
5.29042
10.3266
9.92537
4.91827
4.49506
8.96078
0.473694
1.1281
0.463524
5.84651
1.1117
8.8508
2.02862
9.02785
0.729985
3.32559
0.444932
1.6648
2.03662
7.43383
0.390978
0.768032
15.1107
4.24283
1.11611
0.53297
3.45626
9.03241
1.35253
3.71753
0.160045
7.44948
10.9135
4.20261
3.35654
0.41166
8.09873
0.838378
0.309993
3.8871
4.59246
2.72375
0.132513
1.57917
1.07363
1.45411
3.584
4.37408
4.46438
4.80208
2.43319
0.66763
6.02914
3.94258
0.790649
4.00885
9.08439
3.41561
0.447393
8.64683
1.95016
0.510126
0.527543
0.558834
1.48615
4.18198
6.50487
20.3732
1.35929
0.866809
1.17657
0.208831
3.9997
6.80665
2.6358
3.73354
4.37023
5.07686
0.471772
3.34459
5.45888
1.13601
0.940123
0.869279
3.73413
0.173497
5.42993
0.162551
0.510654
1.94907
10.7326
5.61353
2.43698
0.573891
0.210498
0.259216
4.70041
1.69792
2.50321
1.23584
1.3953
4.36226
3.29476
1.99048
0.261949
0.817605
0.628532
0.131152
1.22322
2.51269
5.43671
4.06777
7.29571
2.98882
0.469226
1.83207
0.459533
0.312249
2.02214
0.975326
0.838218
7.12504
0.361746
4.23056
3.7918
10.2785
5.75644
1.68838
1.49709
1.58339
0.234159
7.22041
1.51865
0.940229
20.4871
2.92074
5.20635
7.84233
3.55255
4.83183
0.456941
5.52646
1.57885
3.85489
1.25239
0.738002
15.9982
7.95746
5.30646
1.23347
0.850477
1.65801
1.93614
0.452425
1.88301
5.88236
7.53671
1.89992
0.411789
3.26756
1.58493
13.6177
0.19749
4.20634
1.00463
2.80758
4.07349
1.04128
2.17377
3.20509
4.60806
13.1855
4.55117
15.5515
0.0616853
1.03882
5.27494
4.94419
1.63556
1.29759
0.739668
2.27781
7.32816
8.26849
1.19128
0.343899
0.477457
4.79743
5.83705
0.889513
9.94004
3.97108
2.11155
0.451836
1.24031
0.821019
4.91056
2.86318
0.634829
3.29036
0.907866
7.51709
3.97751
0.339806
3.36046
24.0289
6.50993
5.46286
15.5103
2.62387
1.48471
2.62284
1.34127
3.5735
0.438127
2.32934
3.84223
0.250692
0.772285
5.05334
1.03586
1.19468
0.54836
1.03506
3.13936
7.35047
4.48252
1.88353
0.471698
8.36268
0.535137
4.43281
1.17796
1.23719
10.618
0.548206
0.282268
1.76307
0.851017
4.43447
5.8305
1.15469
0.617421
9.69121
3.90803
0.530082
4.29612
0.364851
8.31629
1.6627
4.17316
11.4134
2.18554
5.7293
11.1587
6.71626
3.1932
8.99471
0.223652
7.47114
2.36142
0.131139
8.27342
3.3827
0.724667
1.04521
3.73223
0.938777
4.813
4.11723
5.52958
8.09581
1.47284
1.01315
5.11487
4.28609
6.36178
1.42947
14.2161
6.71347
4.19602
1.1392
11.8563
2.49142
3.81712
5.48457
0.923812
0.0762215
0.672427
5.38462
3.24219
0.784809
5.82418
4.5636
4.94746
4.27589
0.625359
4.08313
7.41411
3.49419
0.801728
4.53238
1.26581
7.89928
2.97219
3.79753
9.8935
10.2992
20.2426
1.23272
1.04806
1.67372
4.32243
7.29993
9.78103
1.85317
6.45386
0.850497
0.21681
12.606
2.88539
0.452212
5.66928
5.6737
1.83877
3.57252
1.09469
5.09139
3.66832
2.53758
0.346319
6.6722
6.06154
2.50759
7.77543
6.06419
8.76572
4.80277
7.30457
2.98275
11.3964
2.69989
1.78879
0.505998
2.37936
6.26429
4.92644
7.34835
6.95338
4.2874
2.6843
6.00094
3.63728
3.1873
0.501691
4.98996
3.52813
18.7897
1.00556
7.70487
0.253162
1.08634
6.09906
1.23867
8.20557
4.08361
4.95126
11.8414
6.95959
6.88972
1.97552
5.72988
1.32929
1.37195
12.068
6.98878
0.532996
1.50893
2.34716
1.93688
6.71671
0.714679
3.95259
0.619543
15.778
4.75835
0.379313
0.372627
2.366
10.4041
0.444633
9.76931
0.58143
3.09538
6.63249
1.5757
2.01565
0.437891
0.443074
0.838272
1.20256
10.1602
11.007
6.86109
10.7567
0.480821
14.4865
9.45879
4.37565
4.58161
0.108982
17.7152
5.28886
1.23612
1.49434
5.1073
0.472472
1.1184
8.4495
0.714046
0.214013
3.57334
4.69745
0.770531
0.328517
1.43095
6.36586
4.77532
1.83954
0.488037
0.318896
2.36768
0.108299
5.68888
12.0201
1.78035
4.21334
7.37927
3.49772
0.485778
5.63762
1.34468
5.05099
6.65488
2.45179
3.59251
9.10043
3.11355
0.599519
1.18979
12.2208
0.736122
0.66546
3.53536
1.59689
13.7349
2.70538
5.96347
13.1006
5.25361
2.01077
3.89452
8.65422
3.01044
0.101419
1.10741
0.296864
4.87143
2.37696
7.15263
7.46886
3.58767
0.126801
0.171396
1.61755
10.1651
3.72005
1.21665
15.1212
8.23524
5.68113
2.75355
8.80323
9.63823
1.2575
0.314636
9.60993
0.939639
1.04155
9.38798
0.916973
4.78721
1.70245
5.11374
5.91384
2.19026
0.271536
3.72791
0.439928
1.04284
0.508007
2.09774
7.25243
0.409949
3.72262
0.673709
2.03863
1.32773
1.20802
0.814894
1.67029
4.18291
8.00445
1.64515
1.04038
2.28581
1.07516
6.39455
4.51275
1.2047
0.50768
7.94248
3.10773
6.91346
4.41362
0.161305
0.951889
1.46117
4.3855
8.29748
5.32577
2.58254
0.816356
0.920154
0.995443
0.279966
1.4276
6.0351
8.26039
1.74577
1.04142
11.9187
6.08389
0.41118
0.437062
0.335898
2.52928
5.4664
2.11749
0.53166
0.338397
1.4261
4.02323
5.45655
3.35322
3.21382
6.31275
0.510566
0.768279
2.03214
5.27166
1.38688
0.419573
3.82231
7.28713
8.53509
1.7882
9.77268
4.51031
0.793909
1.14878
0.346611
0.364882
8.37173
1.46369
2.27532
0.380775
3.13115
0.251298
8.79152
3.76858
3.15
1.26557
1.501
4.70859
0.310939
7.47066
0.655997
0.387823
1.29313
0.915886
9.86304
2.09334
0.515334
1.42132
7.96474
2.29004
1.44927
4.78244
0.193239
5.64492
3.45602
10.1334
1.04116
4.20889
1.40992
1.5396
0.483758
1.17646
5.14347
1.48436
6.09031
2.41476
1.08228
7.74084
4.02995
7.46723
8.06697
4.98282
1.39358
1.33801
0.353996
0.678247
1.61225
0.526161
2.21267
4.86134
11.4657
0.184527
1.29271
4.48574
15.8008
11.3483
0.333822
4.69313
2.58094
4.06128
0.456785
0.361643
1.16025
1.39234
4.90319
0.562511
0.931132
4.56295
1.04682
2.49278
7.86684
5.18626
5.66012
2.63675
7.99492
0.584363
9.35565
4.75941
0.419046
2.00734
1.41174
4.97887
1.44063
5.48412
6.79415
0.432696
5.11557
2.63279
2.74547
0.442389
0.375472
4.21088
4.39488
12.9084
0.527318
0.27628
2.05684
1.33033
2.63158
6.52748
3.3725
2.76598
2.9607
7.34055
0.98
7.76224
7.95881
2.777
2.8613
0.316099
7.5842
0.90398
4.91053
4.26278
2.30444
2.60466
7.46324
4.22051
3.22538
3.03937
11.2651
0.466556
16.6415
3.57749
5.08426
3.77399
2.76323
0.409457
0.891713
1.61115
4.76918
0.723116
5.95816
5.52171
2.71287
7.64854
5.11978
1.0925
6.47303
6.84219
7.30904
4.67976
4.55129
5.19111
1.22445
4.49126
8.14239
2.33534
5.26087
12.014
0.793228
4.1477
6.52591
1.13329
3.94579
1.1875
1.36254
14.6989
2.21979
0.414275
3.06209
0.117423
4.22427
13.4966
2.79005
1.11121
2.60837
3.03109
3.74027
1.37742
0.207263
5.02617
0.717292
2.34772
0.564649
0.533605
2.02397
6.80432
0.215806
3.5852
2.92431
9.01103
3.74002
3.9449
5.68596
1.78364
3.57077
4.25602
6.32286
0.479412
5.6437
11.0149
3.34028
0.902576
3.81479
3.61662
3.83213
12.3566
3.00036
18.3763
0.755753
20.0632
5.1197
11.6126
1.08367
2.85288
6.23477
3.50909
1.06194
22.3007
2.00224
1.59934
10.2372
0.670004
4.32171
3.83254
1.20693
4.51174
6.31365
1.95513
2.70073
0.758509
1.67507
0.696922
4.53384
5.42519
5.0311
0.218628
9.17375
2.36858
1.14692
11.1387
8.47977
11.5075
5.98501
4.27756
0.757843
0.800651
0.687855
2.22476
1.648
6.36553
0.273211
0.787541
0.692649
1.58004
2.45133
3.28563
5.37257
1.00968
1.41906
0.5713
6.97388
9.49139
0.472449
3.95597
0.555979
2.30636
2.36266
0.356711
5.4107
3.03262
0.274157
6.20472
5.8275
8.01806
0.563236
0.779406
0.374687
10.4405
2.20189
4.46893
7.65373
0.334837
3.08311
2.95845
9.2095
2.60988
0.256216
0.692805
6.2724
7.18283
4.73841
13.8087
5.27505
2.61644
2.49435
0.890805
9.15642
0.342188
4.94975
2.99355
1.36693
0.964095
3.28907
15.2937
0.8632
1.06316
8.93155
2.81053
2.03505
8.05819
0.86027
4.8562
2.46456
0.0826199
0.569545
0.470827
8.69941
2.24994
11.1312
0.315786
5.18718
6.34705
4.37299
0.964641
1.30608
1.3592
0.424045
8.21717
4.87745
0.276463
4.37903
4.45764
1.05321
4.05365
1.51918
3.97398
0.877939
13.032
10.7571
5.37889
0.445347
1.50902
0.436801
8.74409
9.78154
0.677596
4.49572
6.82172
6.98024
4.96999
1.34497
8.71586
6.89344
0.647178
0.525821
5.28705
2.04613
5.74055
0.156741
0.708346
5.68196
3.87932
2.02463
2.07749
0.489375
0.602903
3.122
1.15938
0.820962
3.9315
5.27363
23.1995
14.6504
0.660125
2.82776
1.98032
0.826615
2.02571
2.35574
6.83335
3.02157
10.0928
1.16203
2.18381
0.602962
0.373347
3.39557
0.487631
2.93294
1.23654
1.13187
1.3323
0.357082
6.15313
0.682841
4.87434
10.409
3.96332
8.03315
9.5745
1.03603
2.99731
1.35815
0.304159
0.28803
9.75663
6.34572
6.82972
7.94795
0.766889
3.91349
0.822861
3.52044
0.414801
6.13137
5.76193
0.572016
0.745095
0.749965
0.663807
3.91341
6.09102
3.02785
9.36925
2.1271
1.03735
0.880251
5.37305
6.95021
4.59855
0.973509
3.31495
5.63254
0.771099
4.68593
4.01895
0.887351
1.04181
1.23666
0.617152
0.972136
1.84979
3.59363
0.275062
4.39385
1.89093
8.07257
6.12141
7.30257
1.45311
0.67062
0.500095
3.55295
4.85513
2.09028
1.63432
11.2891
0.140923
0.585935
0.330248
2.63966
5.00015
5.0498
13.5851
3.08318
11.816
1.65669
22.1953
2.3664
3.45597
6.87202
10.7419
0.431402
4.91483
3.27676
5.89884
0.362628
1.37476
1.62965
2.93291
0.199614
6.70429
3.87218
1.74286
0.367191
16.8106
0.378046
9.11638
4.46941
7.76052
3.76654
1.40016
0.836472
5.38327
1.65511
13.4256
0.204747
3.90595
3.88127
10.3768
11.8529
1.32955
8.75191
4.09581
0.938855
2.78246
3.90869
2.07691
0.195932
3.49315
0.910093
0.504028
5.91847
3.43232
2.67401
7.56772
9.85867
0.336313
3.02838
0.871592
0.666892
0.689203
0.980364
7.5166
4.35499
5.22265
1.0923
9.08649
4.96899
1.67199
6.33454
12.9611
5.59044
7.84914
0.684844
5.56076
4.15941
3.48979
0.514682
1.01343
3.56574
1.9688
8.12697
0.495669
1.83222
8.88185
2.38942
0.331602
1.03043
1.85473
0.35546
4.33765
0.675694
0.784112
0.498199
10.9668
1.16014
3.56296
28.2936
1.6623
1.6253
1.70189
3.06826
0.330276
5.74435
0.527808
10.8084
3.16365
6.89494
1.91057
13.4225
2.62279
8.949
5.40482
1.14356
0.295293
0.138171
5.59091
0.839818
3.18985
2.40281
0.903798
2.89644
1.06651
5.67743
2.23078
10.488
0.576733
1.60211
5.52031
1.33729
0.966572
2.69074
3.18211
2.01363
7.53535
0.255581
6.18629
3.32432
3.92877
17.5655
1.29527
11.3348
0.178297
1.11921
1.13271
0.781972
1.16501
0.850742
0.588629
0.611382
5.71973
2.6521
9.99868
20.1911
1.25958
4.13882
0.806191
3.28714
2.63528
0.341108
2.66757
5.97199
1.53673
5.78927
0.442699
8.03516
0.288054
1.63704
0.180799
1.57209
6.91391
0.515513
0.246075
13.4264
2.98361
4.33956
2.02238
13.4706
12.2689
1.91005
2.83516
0.395431
0.0389077
7.27826
0.476277
4.55265
6.38104
2.12046
6.81268
0.637713
1.02731
0.122081
3.21278
5.6081
8.47225
13.9529
5.39738
5.37314
0.24739
0.478268
0.760089
2.80779
5.39691
2.07229
4.1269
0.713674
4.40689
0.413788
2.07671
0.935276
5.35795
1.07676
0.740683
1.43512
0.851674
2.41774
1.82797
1.85876
0.658935
8.87786
2.51468
19.8657
0.877112
5.88983
2.71584
0.221069
4.21588
4.34356
10.2613
6.97403
0.412659
0.902665
12.3524
0.536791
2.30163
1.20648
1.00046
1.92976
1.40757
11.2633
0.13896
6.12175
7.91721
5.82099
4.67654
2.76904
0.384766
1.64227
3.32095
3.36736
0.566497
5.29207
8.55568
7.00788
5.22781
6.3518
4.20766
6.02245
0.807976
4.90153
4.89246
0.741841
4.4824
1.09592
3.47252
5.14451
1.59655
6.40852
2.56446
1.43842
4.8855
6.41748
1.08713
2.00958
4.28231
0.603822
3.16605
0.702151
0.915776
5.91868
11.1451
0.535611
0.69077
2.76812
0.718095
3.48831
0.218001
5.9213
1.82679
15.5879
10.1138
1.97088
8.90348
1.87135
1.06577
0.751282
5.05526
0.497055
4.20321
4.94487
2.18127
3.49358
1.07289
4.36599
1.74589
3.42228
0.812075
3.39776
7.32365
4.28084
5.13269
6.59581
7.75735
1.77443
6.08945
5.14484
1.26144
7.39027
11.4009
6.78681
1.7343
0.338765
10.4662
2.95722
1.00866
0.920133
13.9989
5.26412
1.73065
1.72311
8.97119
7.75163
17.7388
0.764362
3.8792
2.63821
0.69331
1.2053
0.974636
3.68018
11.2022
5.38233
4.59542
1.11194
0.829707
5.30842
1.03119
5.32357
13.9135
0.786036
5.37487
1.88696
1.67639
0.637509
2.14589
0.656102
2.8553
0.471475
17.2178
5.29326
1.97814
9.49445
0.733028
8.94283
4.4799
0.504558
1.16187
3.55404
8.88737
3.45795
0.991676
3.14047
3.30022
2.42522
0.706644
4.99231
4.88895
4.06783
0.622395
14.8708
4.76743
0.465236
1.68789
1.14472
19.5905
4.03144
6.25069
8.23865
1.68091
11.5666
9.97721
7.73294
6.25096
11.5798
0.445276
0.15345
0.697875
0.927924
5.16419
1.0595
0.31906
1.94773
5.13388
4.46596
1.3185
0.813634
2.27355
1.37775
0.709318
9.19865
0.719984
3.78063
5.67144
0.188646
0.569586
0.93967
6.17984
6.35351
10.496
0.755028
7.40021
0.845161
8.12123
4.62541
8.00276
5.59548
4.48559
5.60608
5.10276
5.65438
10.96
3.34455
0.319588
6.46656
0.830719
3.27985
0.102172
1.47453
8.04294
0.188652
6.2044
0.3682
4.9792
0.330601
3.08512
2.24275
6.87557
3.26924
0.730518
1.27404
0.480616
3.38512
11.3451
3.47081
3.7428
6.75758
5.08177
5.26917
8.80767
2.40138
0.789482
1.37271
3.5329
8.03873
0.529014
2.05522
1.06707
7.19427
0.792829
11.4292
1.0723
5.92677
13.1028
3.61306
0.36957
5.73252
4.80006
0.966441
2.91455
0.672666
0.697533
6.98728
4.78351
0.319499
0.993764
12.5485
1.78603
0.817343
6.26641
1.24985
18.1992
1.04868
2.21179
0.382885
5.70089
1.82114
8.27223
6.0813
3.26617
2.30951
1.14412
7.37883
3.13605
2.94176
0.339461
1.00078
5.86721
8.81962
1.42179
2.45673
5.50565
4.55211
1.00089
10.3579
5.46613
1.33495
4.80733
5.19138
0.579143
3.79975
4.63258
1.22481
0.473933
2.37799
4.29244
8.80484
1.42677
2.6989
2.60999
1.72091
0.666177
1.11418
7.24442
0.326648
4.93257
7.18356
4.32507
12.4562
7.19411
3.98155
7.07246
1.62907
0.718003
2.1367
1.54468
0.472296
11.4237
3.26053
1.53025
0.443133
7.95012
2.65977
0.359305
10.7769
6.00039
6.38271
8.97953
13.9103
15.9126
0.345862
4.60574
0.339969
2.31295
2.6714
4.50937
4.35586
15.4898
0.482458
9.00324
5.50951
1.75735
11.3336
10.754
12.9194
1.32775
11.2385
3.56146
2.31623
7.81005
0.888154
4.82253
2.45017
7.50382
3.99719
7.35301
5.79751
1.01124
3.9008
28.8079
5.27306
1.51799
1.40499
0.409009
2.8422
0.195695
5.55616
2.97932
5.42887
5.77083
0.56677
3.8701
0.838288
1.64267
0.279862
0.28611
10.1776
7.11385
0.868469
5.7291
0.418758
1.72958
4.79336
1.03003
6.58597
3.4259
0.720947
1.12676
1.61385
3.39411
2.96556
3.06885
10.3849
7.48886
1.4255
8.64207
0.400873
0.2658
5.2828
3.82914
1.55444
0.485547
9.1153
7.29383
5.90085
0.387773
1.20594
3.46116
3.30637
4.9472
0.910412
0.548719
7.69185
11.0487
5.06025
6.49882
8.42393
4.62229
0.465041
0.194463
8.69279
1.60311
0.671114
2.06175
9.04059
8.16224
2.11521
0.516419
17.9712
0.398032
0.922829
0.170994
10.0473
11.2546
8.17564
6.54327
4.86112
3.75947
0.314941
0.982264
0.569681
5.53325
0.156206
1.99388
0.113144
5.53843
3.43136
4.16039
1.77264
10.9584
3.20131
14.4217
0.180631
0.562063
0.601936
5.08406
1.33926
4.04972
0.362272
3.84627
7.94371
3.71196
1.76854
4.6953
0.547626
1.25853
6.57348
0.725158
2.96433
2.45762
4.34667
3.68817
5.18094
0.711774
2.10986
2.69728
4.39281
2.83917
1.19932
0.331002
7.10038
0.918843
11.3704
9.3146
6.6662
0.473659
2.08993
12.4557
4.03778
2.63228
0.884788
0.84802
1.07419
0.29163
3.53502
1.43162
0.335357
10.6422
0.228037
0.654537
0.229492
1.32431
5.1478
1.38322
1.3818
0.902656
2.25067
1.2861
0.585905
0.558038
0.713244
0.957169
0.766623
3.00198
1.63558
1.36309
9.01914
3.24875
15.9968
5.49843
8.8367
0.478782
0.740124
17.8156
11.4311
0.878517
2.27371
4.80555
10.2108
0.247041
0.733539
15.6968
2.10803
7.57551
2.57253
0.564247
1.024
7.01343
8.47832
3.85826
10.5022
2.36534
3.98721
2.43633
0.992973
0.289363
4.03537
1.38043
4.38926
1.00251
7.89522
8.92892
0.500884
2.47741
2.67677
3.99556
8.83902
2.88326
1.46326
4.34786
5.60333
0.5601
3.07769
19.0449
0.472135
7.56609
2.34326
0.330653
5.27652
0.752985
7.71384
2.94878
7.15698
4.57576
0.868111
4.00585
0.846145
0.777061
0.399448
13.1704
0.906106
17.7474
0.802606
2.42814
6.74467
8.70336
5.95992
4.54147
4.49593
4.00859
0.261434
16.6524
6.85052
0.449166
5.55
0.77323
0.730301
6.70087
1.38016
0.474853
3.80765
8.85776
6.09666
4.69075
6.16889
0.631573
11.3105
10.1824
5.00601
0.55274
0.605065
0.812725
3.55907
5.49885
1.0409
0.100648
1.42401
10.6011
4.08593
11.3233
6.04894
8.4356
0.688118
5.28314
9.90144
0.599651
0.758588
8.34577
4.50836
7.12629
4.30371
3.64821
7.25179
0.884085
3.70625
1.64316
5.37259
4.00519
2.78456
3.65539
0.71174
0.952572
1.26933
0.811006
2.2069
0.746602
0.674371
5.73382
4.18098
1.09735
0.265636
3.52851
10.0941
4.00323
4.70201
0.913206
0.420044
4.90725
2.41145
5.09798
1.50366
4.46913
0.211465
7.72263
1.2532
1.36939
13.055
3.5322
1.04976
0.525007
1.86861
8.47024
4.40556
0.443451
5.78743
0.257745
1.95491
1.32194
3.99833
0.405761
6.01469
4.32912
1.86555
7.33049
10.6358
3.62611
6.57673
0.621487
0.667487
16.4516
5.08614
0.433336
11.6237
7.92087
4.65686
0.161478
2.38013
0.420518
4.36982
7.01439
5.82057
2.02916
3.04821
7.67655
11.0914
2.65234
1.83311
6.53892
8.41308
3.36671
3.74307
1.879
11.3654
9.18718
3.50842
0.188457
2.68326
0.597199
4.97486
0.133765
2.01931
9.26043
7.11413
5.68058
1.55926
0.564189
3.08891
1.50997
0.84059
0.645047
0.447894
8.57918
1.13295
0.49384
3.48531
3.12889
5.88321
0.0995385
2.97308
0.384401
0.88873
7.15035
3.39347
12.734
5.76668
4.12414
13.4502
0.368285
10.4746
3.39041
1.65977
0.271518
2.05121
2.043
0.636363
4.08608
5.41234
3.20953
1.77253
1.14625
0.857532
15.6405
5.64348
3.50123
6.33587
5.50048
9.91141
5.51227
6.15061
3.57013
0.593406
0.35958
0.368441
2.3291
9.61877
1.41457
0.84809
1.85954
2.15611
1.75161
3.84342
16.9116
8.61509
0.311171
4.55732
0.919705
0.479805
13.3453
0.461608
0.561498
3.00707
4.9414
2.76603
6.87952
0.930215
7.17225
1.19581
0.364833
1.3447
1.30575
1.75254
4.36897
4.61599
1.52286
3.4377
7.94106
0.535549
0.298639
2.22155
1.23764
4.58155
3.7039
0.734581
5.10671
0.446267
7.63072
5.60606
0.161848
1.77204
5.33136
6.49085
2.35093
4.47662
11.092
0.484597
0.113171
0.39705
5.20087
0.849547
6.68581
2.43162
0.941113
1.12195
1.13025
4.62246
0.62074
5.10945
1.1498
15.1318
3.07198
6.06923
9.53007
0.378258
9.96489
0.615524
10.4129
1.28364
6.35558
0.748838
0.852874
0.365108
4.9672
10.0679
1.0281
13.9911
6.19853
2.16244
4.49173
6.67478
3.93018
9.88526
11.829
9.28346
0.801913
0.946034
3.64286
0.716332
3.3001
4.07224
8.77248
4.50778
4.35834
8.21971
1.11773
11.3231
0.273023
4.4961
0.368088
1.09696
0.280671
1.71559
0.673254
1.70366
0.257346
7.36877
8.66596
2.5371
0.788011
0.543202
6.74412
7.82287
7.72652
0.769199
0.755279
4.26464
2.01503
1.51967
5.71268
3.46662
0.529063
7.56968
1.96184
8.72375
3.52684
0.993524
6.11592
3.83936
3.2439
1.07017
2.42936
0.277613
1.07779
1.15385
3.59099
0.402973
0.470543
0.537408
8.53126
1.87111
1.23941
0.799847
1.08877
0.550358
0.581114
2.92274
0.174573
2.71939
0.803038
0.347265
4.31449
3.83363
0.477461
0.880802
0.396982
2.10233
0.116795
1.95037
8.34767
4.22103
0.563087
1.18988
0.613106
6.56716
0.682115
1.19389
12.3104
7.59429
0.845665
6.00157
7.93938
0.493581
1.0106
3.59587
15.8725
1.63596
0.451297
1.36579
4.97806
2.56178
5.84827
0.787905
1.45311
12.1655
6.78274
3.9482
0.606957
1.97755
1.35466
10.4498
0.990805
0.231079
1.02917
6.56987
1.74532
3.52801
2.86179
0.6028
0.256866
3.00448
2.16004
0.969936
2.07425
0.113447
2.30391
6.75717
1.45433
7.00252
1.02502
5.09581
1.12098
7.90707
0.993659
2.94568
3.71629
3.7151
2.41532
5.68974
3.28888
2.70387
6.98238
3.22582
0.90397
1.0959
4.80421
0.0932465
11.1572
1.05024
0.745882
0.179503
0.452548
0.366472
9.00061
0.948355
0.12855
4.78371
1.26988
19.6704
3.57395
6.67474
0.437127
1.37342
1.07889
10.8995
4.04965
6.05329
3.98355
6.40655
17.0193
4.768
2.04675
3.76718
0.447954
10.239
0.601097
2.26609
5.68764
18.0986
4.83461
0.353016
7.11634
0.176331
10.2108
6.42664
0.647366
5.00211
4.11431
13.1694
9.24259
0.758964
12.8112
3.75006
7.44962
5.28815
1.2568
0.757114
7.9283
0.718696
0.309212
3.8567
0.262054
1.40454
9.50608
0.316176
1.00242
1.18345
7.55518
2.88779
6.65627
6.70087
5.37229
1.83443
0.400757
0.125128
2.09526
5.88226
2.05071
0.14638
5.17128
4.02993
1.5584
7.72669
0.398439
5.72523
0.383544
10.2402
6.24928
1.22293
5.18392
0.556081
4.03348
11.8183
5.54502
2.55978
1.31764
2.33304
2.42282
1.05586
4.04539
1.27785
2.0827
0.724917
0.134867
4.76177
0.676658
2.53424
4.40007
6.53885
1.56245
3.49775
1.72326
5.63119
0.306408
2.44127
6.95342
0.836271
4.59438
3.63001
1.35086
0.509525
1.36652
2.49549
0.982049
4.78608
2.69044
4.90149
10.1326
0.657738
1.80004
6.60509
1.17426
0.270807
6.25843
1.08277
2.59526
0.379697
1.15935
3.67248
0.810505
5.20247
1.50763
2.92282
0.934458
4.72197
1.61741
0.470411
0.309177
2.41123
5.7551
0.149367
0.90443
1.13832
3.7839
11.4962
1.44915
1.83465
0.19145
0.665691
1.64863
5.71147
4.99623
0.895573
6.86765
8.0382
1.10977
1.93833
3.8471
0.711463
1.40794
0.187444
0.271283
5.732
0.970233
14.6268
6.83046
4.41382
2.90514
0.599678
0.544789
2.88059
1.01148
7.44816
8.7478
3.50375
7.16138
0.33725
0.486981
6.11927
1.42828
1.85313
1.53992
1.47884
3.94086
9.00269
3.19194
1.56143
4.54668
1.17284
11.6018
4.53144
10.6527
3.94385
7.94451
0.775486
0.614793
3.30546
4.85438
0.560137
7.74836
1.4707
4.54501
0.208487
4.17045
3.40406
4.50047
13.8375
7.75295
1.0199
0.350254
8.58171
0.653481
12.5143
1.64765
11.5579
0.492533
2.25441
6.33517
5.04522
0.3283
2.92551
0.876404
2.88866
1.07103
0.248436
7.93903
0.429815
8.31878
0.506673
3.98472
3.59086
2.88374
4.89774
3.3434
0.153064
0.36053
3.17032
0.77912
0.479097
3.99534
7.53462
11.4037
2.9299
0.206654
3.28993
2.03754
6.67865
1.38941
7.45277
1.13974
3.37722
13.7047
1.8831
0.159706
0.285306
4.31394
0.541199
0.189709
3.71071
2.71609
1.08342
9.11176
1.50801
2.61852
1.88036
2.16277
0.0947676
1.19791
2.94796
0.702239
0.468018
4.7802
1.43966
0.545818
5.94675
7.77762
1.9018
0.984912
0.123429
5.1259
3.36417
1.67532
0.873787
12.406
1.40979
9.55848
3.98396
5.12354
11.9663
1.49762
1.57485
0.429049
1.08419
0.527837
0.7345
2.54724
8.3056
6.72413
5.52355
6.01882
3.31352
6.42752
4.48904
3.3929
2.35853
1.17436
1.25985
2.75759
1.45222
0.150836
2.20525
3.86087
0.913651
4.64859
3.83106
5.61496
0.576213
2.25655
9.96595
4.90212
4.81671
1.274
0.507556
0.961241
4.94134
0.754173
0.86717
5.28777
4.97854
6.64912
1.14184
6.51363
5.37846
1.87316
0.678107
4.13087
5.39615
2.78592
10.7152
0.499805
0.0807739
2.44957
5.68471
4.62631
3.48368
2.27725
1.06813
1.18393
0.699361
1.71292
0.953879
4.18744
0.995464
1.25964
8.55767
0.888024
2.86251
23.3099
1.26673
2.37123
1.80403
1.94928
4.06977
16.3854
11.0817
5.79181
6.04097
2.71845
7.16948
0.724684
5.27963
4.38682
1.03434
6.11964
6.78376
3.57738
2.69458
5.03953
2.01731
2.54318
0.163275
0.690849
4.36677
4.21336
0.294412
1.48866
4.94397
7.41478
1.10016
3.73311
2.84624
3.22028
0.729374
0.635663
4.44723
9.82856
0.211828
5.45885
2.79744
6.36642
0.270015
1.17364
2.03184
2.58762
1.28113
3.04973
10.3096
5.77596
11.1499
2.36067
7.95929
5.83103
0.206193
6.18056
0.985071
7.6922
15.9427
7.45714
10.6829
7.74082
0.908718
2.46783
3.06203
1.65844
10.8799
0.680612
2.78019
5.6478
4.22299
2.24139
0.835546
10.8846
0.281348
0.732018
1.44546
2.13341
0.829304
0.220185
0.30967
8.18275
4.24822
6.20522
4.46555
0.696289
5.01883
4.09073
3.01272
1.4429
0.470339
0.609073
4.77851
11.5976
0.564762
6.04489
2.40241
0.932822
4.56271
4.97096
4.79291
0.622368
2.99739
0.509883
0.796566
8.50715
14.1187
10.754
1.44306
3.39801
4.58725
1.24264
0.440875
1.52158
2.35372
0.653442
2.57574
0.387511
0.814622
2.36069
5.65726
7.57839
3.86211
12.1908
2.36202
0.419734
1.18591
0.63152
0.278304
2.76807
0.785965
1.07699
4.26406
1.66639
4.67204
0.118084
1.52618
11.7029
3.50726
4.37362
1.83311
0.555518
0.316136
2.7809
1.23902
4.293
1.12874
1.50249
2.76717
1.69011
17.6609
5.92641
7.81479
0.473051
3.76694
4.89823
0.888844
4.53387
2.93592
5.95855
1.34673
4.2408
1.36843
9.97709
9.36358
4.42162
4.75877
10.8908
0.831187
0.354821
4.99925
5.71859
0.0737631
9.84888
1.05347
3.9017
0.614279
1.01159
4.90908
2.57803
0.87167
9.21629
4.83563
0.196109
0.175057
0.982329
1.63465
2.86883
12.1673
3.28522
2.81749
4.87129
6.00462
8.73145
1.22122
8.52897
2.14896
4.86723
2.33737
1.30809
7.58631
1.71005
0.378208
0.992641
6.50201
0.593567
2.38809
1.12818
2.81559
8.61395
0.382692
9.90001
1.96278
0.97547
2.46229
0.460868
0.838153
0.778909
0.848286
0.523221
0.499962
0.0959942
0.172471
3.04396
10.5034
4.18962
0.231887
3.94471
0.664703
3.85753
1.18946
1.26711
5.6645
6.32141
0.521015
3.93104
1.7003
12.1876
5.89459
0.548179
1.9877
8.58377
0.198917
1.76904
1.12034
0.807582
5.3807
1.07588
6.14325
0.773328
0.589386
1.25727
9.19784
11.7485
0.920659
7.35363
6.52843
0.715877
10.911
2.84757
9.2137
4.35892
3.8889
9.18874
0.46193
6.24684
4.24121
4.40638
3.93532
5.23891
3.87837
0.600687
4.59784
2.06179
0.627351
3.63818
2.36702
6.947
5.80168
5.11811
4.23372
5.73358
1.1641
1.0895
7.7767
4.30153
2.38492
2.21376
0.32928
7.38885
1.57714
1.08126
4.78211
3.47865
1.46125
3.37778
8.37566
0.895089
5.40672
6.67102
1.62
2.02042
3.18187
0.649938
2.5197
5.98795
0.514277
0.436813
8.59334
2.52488
12.4637
2.87553
1.67359
5.50602
1.35253
5.80609
1.0526
7.66894
10.6827
1.07969
6.60703
0.666987
5.70131
1.05559
1.22708
4.80994
0.644666
1.11604
0.551492
2.80954
7.54593
0.530168
5.95144
1.94868
3.07541
0.735271
0.181089
3.02595
11.0477
0.854389
5.09418
4.8476
2.68741
3.13069
3.45321
1.65703
1.88363
1.07237
2.16874
4.26978
2.76521
1.09416
9.65
3.65524
0.272337
10.2127
6.27876
4.85118
0.299965
3.58312
0.164503
0.573489
0.827112
2.76973
9.21603
5.27869
1.15931
11.6664
0.254653
8.6348
3.84791
0.724598
12.4111
8.14506
0.503655
3.06977
3.51879
2.86942
3.49205
3.36374
0.343283
10.0303
0.105502
9.26065
1.18842
0.311842
7.84038
0.596267
7.68824
11.9099
3.27141
6.21364
5.99541
1.13453
0.995648
8.91129
3.82486
0.925385
1.42685
9.85382
3.54758
3.9315
1.06658
0.385417
2.39399
1.96217
4.69034
6.93924
3.56349
0.656206
0.254303
1.61048
1.24113
0.943624
3.15324
0.290751
1.42219
8.07999
2.59328
5.73992
6.59014
8.88602
2.2608
1.12138
0.414119
6.85041
8.60139
0.442378
0.416332
7.66704
4.17947
1.37387
3.85233
3.74603
5.69675
3.16718
0.807195
0.0767364
0.282813
1.53749
0.975735
0.51699
5.12757
0.337078
0.582332
1.01269
2.13478
0.203223
6.44825
4.24088
2.23481
3.85228
0.711512
13.059
0.722714
6.39182
6.89953
0.236923
6.75567
3.41198
1.67797
15.5634
10.9181
0.77325
0.356197
0.723795
5.48773
11.4153
3.14811
1.15537
1.53211
6.10869
2.60049
0.684338
2.70156
5.50126
3.42657
4.34006
1.15453
3.2333
3.04131
1.4761
0.2939
5.86956
0.900184
0.702392
2.50847
0.696998
3.3045
2.52509
11.8506
11.5089
1.8688
0.518245
0.429215
8.28061
16.6094
7.43834
12.9866
2.10761
1.45758
8.9157
12.618
0.28443
0.643974
0.24169
3.12213
7.06149
0.323732
5.97677
2.80654
1.92718
6.87086
3.84518
0.65272
9.5839
1.59907
8.72717
1.07955
2.06559
9.75749
4.62903
4.99997
3.80971
1.33382
0.807728
0.460165
4.89179
4.24525
1.58838
1.86161
4.07628
0.780571
0.926414
4.05492
1.24627
10.0191
2.06255
6.97736
4.23776
0.860469
7.10422
0.0852447
5.06412
0.418656
0.613481
12.7081
4.30826
9.63926
1.20644
8.31556
6.02795
3.81766
0.189608
8.39169
0.126293
5.28073
11.5874
1.70562
5.83445
0.126192
4.77966
1.60341
4.20283
2.57277
3.68871
0.434261
1.9176
0.780115
1.38059
4.64334
17.9958
3.27137
13.3251
6.73557
7.44446
5.0133
2.92323
2.69731
5.2571
4.83089
1.85305
10.9496
3.84309
13.822
1.37657
5.73553
1.60275
1.21831
4.98574
0.52348
0.51392
2.98801
3.43009
3.88349
0.594881
10.5904
8.5244
5.82611
5.07816
7.28049
5.05156
0.582843
10.1918
0.613103
5.87489
0.347609
2.02937
3.23246
1.21438
0.652828
1.69877
0.215857
1.36229
5.0296
11.385
4.64366
5.34886
0.403536
1.73853
5.57269
0.642859
1.53724
3.03197
0.391697
0.40427
8.43155
4.49544
3.2559
3.63588
0.810819
2.33156
4.90181
5.7275
24.8959
0.499661
2.09036
5.95708
1.10605
1.74857
10.3197
5.27135
5.0452
11.1201
1.54903
1.65483
0.77489
3.19884
9.88844
2.77484
1.36904
1.7765
3.59107
6.48741
1.43068
1.81322
1.1439
3.91393
3.64448
2.47618
5.92474
0.120296
5.2538
1.7462
0.809445
2.97654
0.498985
4.91064
2.49172
12.9235
6.63306
3.87468
8.88526
6.35071
1.31555
3.63789
1.26319
6.93869
3.96723
8.44574
7.94382
10.0697
0.894588
7.06327
6.50829
3.75791
1.71592
3.77731
5.68388
1.78247
4.32067
2.31226
13.8185
6.50126
2.08886
1.37013
4.06302
5.73412
5.48546
7.76305
1.817
3.48645
1.60141
2.62796
3.05391
6.47861
3.85447
15.551
1.30544
3.31693
1.75538
0.377626
2.8445
2.52264
3.53853
1.62075
5.49975
1.3379
11.8648
3.94839
3.51776
0.241102
3.14624
4.0604
0.792222
0.638051
4.61918
1.2735
6.56507
6.85459
4.20237
6.24718
1.57116
0.205157
8.01407
10.2857
1.48974
0.643605
5.67846
12.1289
6.59859
12.1869
5.06855
4.77356
0.367149
5.24758
14.5878
3.40621
2.32045
1.12489
7.45204
4.70746
1.76027
3.14237
3.12995
3.50668
3.02688
1.10098
0.151933
9.67987
0.872671
5.7723
2.24646
1.23373
0.0365105
1.04641
6.08641
11.3838
1.82678
7.15982
2.76083
0.267368
2.59953
0.714554
2.09664
4.65558
1.6712
4.38551
0.690742
9.77532
0.747519
0.80414
4.4793
3.42554
4.00583
3.46953
0.648312
0.963183
0.318352
3.81688
1.3859
2.6745
0.859387
8.6116
1.88763
0.955245
0.70929
1.97472
3.36755
1.44571
0.802735
4.65704
0.613527
5.3921
4.53835
1.22727
2.26186
5.57826
1.02808
1.74521
4.98564
0.238035
3.77602
0.919528
5.2184
4.70754
1.80737
0.706127
1.0547
5.36026
0.395163
5.89129
7.34455
11.1582
5.38733
5.70272
0.66936
0.273285
0.611711
0.389744
2.74755
5.2752
3.35473
12.3661
3.13168
4.8279
4.53131
1.32476
3.15767
10.3853
0.564382
3.91185
1.07087
4.5367
6.63033
4.19073
3.01318
0.725845
0.2706
4.97547
8.09757
0.203154
10.9985
2.11896
6.4287
0.312275
1.9625
1.35399
1.57128
3.16621
0.504505
0.733679
0.572298
0.93069
3.95509
3.47073
2.3419
1.27012
13.7879
0.471234
4.61018
4.78256
0.716477
5.41452
0.435623
0.498
5.74483
0.852487
3.58451
4.30674
5.61439
1.39464
1.06103
5.60801
0.603556
3.90129
4.00331
3.45066
2.11868
4.62949
0.129125
1.18785
2.24257
1.04886
8.09698
6.90701
0.346403
4.97542
0.86483
2.77939
0.573262
14.8155
15.4874
0.539836
5.33456
2.05106
3.59518
3.81634
0.54795
3.75815
4.84941
1.59863
5.08383
1.67827
2.09952
6.18912
5.61195
2.03937
7.92003
1.50214
1.04823
5.21594
0.404846
7.1499
1.35855
3.76475
1.45989
0.147868
0.942068
5.99153
12.7046
3.51449
0.422681
2.41428
2.56883
3.17812
1.38019
4.54998
1.39184
6.33218
0.889668
0.669224
1.18567
3.54248
4.2439
4.77987
1.93149
1.39161
1.73916
1.42737
0.963965
1.18041
0.818433
8.67688
6.86796
11.1231
0.954415
0.617333
0.48485
1.28171
1.55853
0.906234
2.888
0.858384
6.57378
0.427863
3.31131
0.635661
3.51779
0.361213
1.2491
4.66464
0.066696
1.5768
2.63331
3.86719
0.465531
5.30005
9.48474
2.68355
9.6183
1.27186
1.63721
0.799616
0.634547
2.48447
3.69421
0.492726
2.80084
1.88088
9.58387
0.774584
1.4961
4.22549
0.808401
0.659326
0.140214
1.46684
5.63496
5.78502
8.16682
1.45389
1.24843
3.65031
0.241992
4.08038
1.34552
5.79161
5.15435
2.39985
2.56189
1.54899
5.19857
0.897767
5.74176
5.00819
1.35105
1.83546
0.857297
2.29679
0.780919
2.26445
12.9051
7.48519
6.92662
2.51159
4.52623
9.53338
5.72817
10.3837
5.43909
2.40936
0.785883
9.83844
23.0847
3.65795
8.38809
4.61852
0.794111
1.82103
2.13653
1.60479
6.26787
4.43325
4.70332
5.41856
3.56414
0.514094
2.8488
1.85511
14.871
4.7676
9.66935
10.7448
7.24827
3.92564
4.14172
0.751905
10.4527
0.885517
6.04596
0.330537
0.943845
1.37978
7.03076
1.107
3.45983
2.5101
7.24502
1.47819
11.1468
3.10535
0.631772
2.36283
0.676714
3.95187
0.83635
5.84168
2.01158
5.19379
0.805692
1.65371
4.38353
14.3049
10.0175
4.62196
2.18235
4.39482
7.5834
0.630759
0.81708
9.78907
5.98861
0.997718
1.52178
2.00445
4.67103
4.55055
1.53485
7.39182
3.56457
2.64
9.69263
0.570884
8.50442
6.06546
1.34848
0.141097
13.1584
1.33468
3.72102
3.4653
0.73788
7.92418
0.280345
0.437342
4.71446
1.88963
1.44182
3.57469
2.41183
1.96022
0.348777
0.409294
2.47981
1.0852
9.57004
1.01796
0.298818
0.593833
1.91951
0.793009
3.74754
2.86357
29.3743
0.749668
2.42405
4.63895
7.12037
2.65572
2.85525
2.94111
3.94357
0.178551
7.72859
0.68643
1.96926
8.11753
1.52961
4.75733
3.71904
1.76608
0.759805
0.124841
0.288911
5.47581
7.95443
11.315
6.1785
3.48467
0.909576
6.7968
0.263616
0.159521
0.513037
2.35219
0.344462
5.87305
3.4906
7.56639
7.42966
0.590949
4.49694
0.288991
0.846359
0.574881
1.12396
15.3892
0.458909
0.618163
6.19212
1.55783
4.40042
2.32246
0.998237
1.26834
4.65941
0.736049
5.27476
0.351067
4.10802
0.293984
1.1233
3.89906
1.82939
7.61895
1.7476
10.3524
1.10507
2.91062
0.513287
2.49783
2.19094
0.676696
1.02467
5.17885
11.713
0.542295
9.0093
0.287962
11.1199
1.42788
11.513
0.21836
7.15786
6.79612
0.971605
1.23751
5.33855
5.81163
0.493298
0.272361
8.51952
0.952082
6.28122
3.50855
3.72029
13.0019
1.00587
6.63877
0.953223
1.72169
3.17348
6.92479
7.47925
1.60643
2.58613
8.56242
0.705968
7.82247
1.76425
2.52563
2.95254
1.10506
5.92338
1.21053
4.99024
4.46445
0.414921
0.621227
5.5973
9.07053
4.74013
1.09454
1.11995
4.99071
4.82007
0.853606
2.44904
1.00001
0.669408
3.18949
12.1605
0.678082
0.102295
0.667365
0.813018
0.820674
4.88544
14.9888
2.21642
4.78832
1.46711
0.968552
2.30541
7.21895
3.73426
3.71064
1.43722
3.77883
1.0457
5.15863
4.24732
0.836483
9.78332
2.7979
0.262238
2.28845
0.505963
1.1333
3.61947
4.10486
7.24675
4.38884
4.39263
1.74425
1.87744
1.16862
0.680713
6.89219
1.1413
0.931799
7.78141
0.835267
7.36367
4.6292
4.3177
0.294539
2.0295
2.79872
2.06403
6.30131
1.37104
3.61986
5.15137
1.46133
0.10168
3.19748
10.5212
4.04474
0.78934
0.617375
2.20724
6.72612
4.14472
0.479398
0.233718
8.01038
1.3578
4.59366
6.17674
4.88185
9.26816
3.45571
0.343159
0.247902
4.83657
3.54778
3.81647
0.368185
2.40561
4.53024
1.47565
0.85711
0.20233
0.765352
1.66217
5.98584
5.57743
0.705129
11.1662
6.4058
0.676281
3.91144
0.266418
3.08743
0.231714
0.932494
1.75801
8.14365
0.566701
2.8067
4.30133
4.43716
5.98101
0.990906
1.13091
1.60071
10.0316
4.60435
0.516219
4.03782
1.95812
2.46498
1.50282
2.03362
1.43809
3.72226
0.850077
0.622952
9.451
4.44188
0.329294
2.12868
2.22535
0.702882
1.08073
7.34284
0.44776
0.969192
1.0698
5.99415
5.41635
0.662827
1.69144
0.909183
4.33876
0.221949
0.863311
1.0232
2.35511
9.13429
4.37387
1.54188
2.00317
2.06798
0.0658161
1.96789
2.09878
17.7471
0.411385
8.13003
3.64369
5.32991
7.97999
1.20916
1.88115
0.559962
3.14822
1.19962
3.23276
0.550859
3.68688
0.955809
13.3987
2.2527
2.63382
11.6202
2.40031
12.6938
0.0937119
3.79834
2.28553
0.631213
0.663666
7.87883
3.5932
0.179332
0.223389
1.33569
1.16289
8.48294
9.10703
1.7153
1.1483
5.54354
0.404684
2.99989
3.16954
4.12459
6.56317
0.767373
1.64886
12.3223
1.68132
4.73424
0.272858
0.365607
3.33773
0.834532
6.66668
4.46896
2.46387
4.16101
0.150961
23.1357
0.501715
5.14235
0.511576
8.30573
0.228455
2.61399
2.48021
3.51519
5.02243
4.35404
2.91871
9.31531
5.67392
1.76907
0.347991
0.664104
0.123917
1.59867
0.693706
4.90816
3.57972
4.2482
3.01033
0.107742
3.83882
3.43736
0.813948
9.81155
0.580306
1.06281
2.26617
4.36337
3.20615
8.71867
3.50992
5.29078
0.584478
3.48878
0.572722
0.303913
5.00365
8.95553
0.694757
6.18134
0.669508
4.64475
0.310611
1.26239
1.45786
2.51545
7.43585
5.81673
5.24627
0.890537
1.51709
1.30798
6.77216
1.0568
14.9042
3.12129
8.42119
0.979336
5.8245
0.199147
3.19648
4.8952
3.68236
0.791576
5.06499
2.61076
1.81182
3.63671
12.0324
1.4622
1.15342
0.467254
8.02573
0.261716
0.417958
7.29362
2.23615
3.90148
0.596293
3.11506
4.9906
1.10781
6.84976
1.22631
9.6243
1.59137
5.60226
