1.71216
1.46156
0.246378
1.8322
1.06379
0.0709828
1.45335
1.13063
2.58903
2.26993
1.60531
1.24617
1.98687
2.81818
3.19589
0.36935
0.268369
0.444512
0.759473
1.57164
1.08977
1.41799
1.81102
0.783757
2.7172
1.44897
0.208844
0.463768
3.09595
1.53082
0.759031
0.753421
1.66605
0.590717
1.98782
1.63687
1.13362
1.41303
1.43385
2.26314
0.310786
1.87522
1.06986
1.25235
0.311762
1.20619
2.13719
1.06313
1.1215
1.50228
2.64553
1.27145
2.08159
0.415668
1.14795
2.80633
2.63913
2.06522
1.0366
2.04436
0.291571
0.658136
0.838471
1.67227
1.96761
0.653795
1.04438
4.37105
1.04608
0.842097
1.63641
3.23794
1.11734
1.04513
2.14107
1.82224
2.38107
0.880297
2.62006
0.689507
1.04665
1.30546
0.604476
0.357538
1.09471
0.966519
2.32468
2.01766
1.95993
1.78534
1.29862
2.5452
1.21795
1.54485
1.07709
2.0852
0.25598
1.21552
0.241652
0.859612
0.982755
2.29898
0.344509
1.20741
0.581735
1.50898
2.07135
1.3454
1.29226
1.60944
2.18144
1.2016
3.11319
0.833092
1.24739
3.20364
1.36735
2.24899
0.596
1.41377
0.182785
1.99969
0.667702
2.12062
1.1381
1.5292
2.52194
0.777814
0.66528
0.0651507
0.905421
2.08894
1.32462
0.702812
2.62482
1.41553
0.140047
1.89262
1.48651
2.51644
0.0550221
0.843523
3.02463
0.18402
0.660057
1.66224
1.31876
2.24503
0.897921
2.72835
1.7504
0.853565
1.40756
1.93552
1.88569
2.69526
0.98809
0.103944
1.23244
3.10273
0.493256
0.897793
3.03485
1.76529
1.60491
1.32642
1.92222
1.28583
0.705926
2.37061
1.54258
2.17569
0.77297
3.26014
1.06779
1.88208
1.85825
2.20299
1.52969
1.27001
0.658732
1.82661
2.34422
2.35829
2.63797
3.2295
1.48237
0.699572
1.76185
1.31475
1.2874
1.34068
1.99568
1.7686
0.763767
4.42249
0.787458
0.896181
0.862672
0.67462
1.84975
1.11471
2.7061
1.42719
1.28202
1.87103
0.422929
1.33421
2.11784
1.8828
0.356126
0.0849546
3.03427
3.99117
1.64722
1.20054
1.6738
1.17866
1.80502
1.43762
1.66751
3.1548
1.28264
1.5621
1.24287
0.693333
1.06484
0.954417
2.28813
2.30823
1.69641
1.9482
1.30687
1.26103
0.477196
1.5143
2.87078
1.81727
1.9582
1.58852
1.1903
1.11419
1.52905
1.50494
1.67462
0.434972
0.350049
0.934228
2.95357
2.26764
2.30174
0.967358
1.53284
0.461595
2.15854
1.78864
0.851245
0.702144
1.3653
0.689309
1.45751
0.87238
1.97128
1.4088
2.08235
2.26113
0.458212
1.47678
1.79034
1.94176
1.32229
1.28912
2.09222
1.60355
0.922647
1.98671
2.60437
1.31428
2.58315
0.737722
1.12565
1.54782
0.488167
1.57381
1.55115
1.91109
1.55006
1.81737
1.01701
1.80696
0.621982
1.33441
2.25881
0.730873
1.15048
1.43099
1.02431
3.39694
1.97964
1.15754
1.94477
1.06711
1.43965
1.46665
0.756957
1.53626
1.80327
1.94676
0.294446
0.986452
3.05274
1.58913
0.178029
2.08432
3.75534
0.934527
1.65873
1.34182
0.688518
0.155712
3.04027
1.5022
1.97035
0.423253
3.58971
1.84839
2.23398
0.5974
0.36556
1.32128
2.82371
0.842759
0.232595
1.97724
0.115959
1.41185
1.73649
2.1403
0.263138
1.45569
0.506316
0.16757
2.70465
0.0954983
0.0859296
0.965763
1.29986
1.98564
1.05106
1.37651
1.44371
1.54693
3.70069
1.52089
1.88017
2.45682
4.70518
1.95558
1.80348
1.46141
1.95306
1.69429
0.307874
0.630987
1.06746
1.97571
1.32073
2.67854
1.28671
1.49989
1.61982
2.91963
2.73595
1.32102
2.19192
1.15094
2.17393
1.97069
2.35959
0.820364
0.753395
1.25476
3.37267
2.50059
1.63545
3.20942
0.928809
2.62065
1.64712
1.5114
1.42544
1.04228
0.597529
2.38915
2.00081
1.12894
2.70433
1.54463
1.76709
0.464784
0.917268
2.87058
1.06079
1.10593
1.49298
1.81482
1.0036
0.6139
0.754067
1.13528
1.28251
0.639142
3.87293
1.47446
1.91511
0.311361
1.95023
0.73831
1.61258
1.16044
1.29593
0.932892
0.736598
0.278775
0.815442
2.09602
2.20688
0.899215
2.69974
2.31287
0.0786588
1.04494
0.714783
1.78043
1.1747
2.17868
1.34105
1.00951
1.37969
0.264772
1.48024
2.71465
0.377658
1.44132
0.302353
2.29214
0.842813
1.56403
1.18146
1.8597
0.723096
2.06783
0.257433
1.79136
1.08172
0.423908
2.91248
0.903927
1.34235
1.59554
1.48298
0.732068
1.31991
1.13501
0.362821
0.723991
0.943815
0.471868
2.09859
1.57003
2.4059
3.67456
1.14815
0.86351
1.20886
2.33624
2.05281
1.05525
1.00182
0.700026
1.80388
1.73108
1.2658
1.44368
2.95934
1.17616
1.40119
2.22344
1.83896
0.252053
1.41232
0.861906
2.3214
2.79498
0.795835
2.57222
1.51136
1.88036
0.688887
0.133149
1.23623
1.4349
1.28694
1.27681
2.26164
0.807473
1.51958
0.850904
2.27525
2.28853
2.59443
1.38205
0.0642431
0.981428
0.679997
1.41016
0.84196
3.00086
0.244519
1.7425
0.382387
0.803972
2.93116
0.341428
2.64883
1.5613
0.85004
1.51775
0.784995
0.818523
1.82277
0.964222
1.7405
1.89537
1.23081
1.77376
0.51748
1.44516
1.27929
0.39736
2.56605
1.80299
2.33783
2.39647
2.18927
2.96193
1.76488
1.93452
0.887278
2.48773
1.26203
1.0921
0.796165
0.712408
0.774232
1.00413
1.1862
0.473414
0.982306
1.07689
2.01876
1.34018
2.71903
1.3325
0.367395
1.08579
1.71889
0.825153
1.0515
2.42828
1.32794
2.19897
1.67252
0.683198
1.2157
1.53724
1.90125
1.09433
2.05431
2.49254
3.02984
1.06337
1.59082
0.606509
1.55468
0.082602
2.09297
1.27917
2.82051
1.64921
1.18024
0.311277
1.6523
1.21222
2.88154
0.997501
2.61072
1.02913
1.20469
2.13123
1.72686
0.940456
0.277234
1.41392
1.45766
1.23274
1.43194
1.00215
1.35653
1.10791
1.61468
0.319808
3.50723
1.38144
1.16881
2.65441
0.783752
2.51371
0.946986
1.58055
0.710948
1.84161
0.795968
2.44419
2.82089
0.657474
0.8056
3.795
0.904143
2.2451
0.312633
1.03666
0.975271
2.25212
1.53091
0.662595
1.049
1.31836
1.47408
0.701903
1.16686
0.97599
1.90657
1.77438
2.2568
2.37949
1.22138
1.13727
1.20824
1.06111
2.91406
1.40202
2.73152
1.12873
1.28615
1.04147
1.26875
2.08524
2.07669
3.12052
0.376202
2.78148
0.755868
2.81926
2.1879
1.44153
2.64126
1.94576
1.1999
1.09271
1.58985
3.88114
0.537614
0.519497
1.48813
0.133117
3.09809
0.708657
2.72984
2.69344
0.815272
1.71886
1.45044
0.989694
1.94047
3.94808
1.14664
3.8766
0.229251
1.52483
1.17787
1.22036
1.88574
0.95311
1.13534
0.545944
1.23377
1.88959
0.722712
0.888488
2.8101
1.36418
0.18745
0.357669
2.28179
0.937902
1.09
0.965917
0.681119
4.71836
2.88719
1.56727
0.525676
1.0154
1.12044
2.24578
1.68505
1.74048
0.0661486
2.139
1.23732
2.43596
1.46751
2.81013
2.0219
1.90839
2.56776
1.45521
3.10607
2.17051
0.683867
0.628262
1.3654
0.385809
1.0702
1.50575
1.73537
4.33621
1.43378
1.67292
0.590471
1.07032
1.16593
2.50188
1.35889
1.7367
2.13539
0.107261
0.6201
1.35678
2.122
1.26127
1.37589
0.733712
0.738613
1.91046
1.92916
0.989166
2.48723
2.01265
2.64338
0.822399
0.102207
0.316076
1.05015
1.97788
4.35282
1.91405
2.57233
1.29884
0.63121
1.87091
1.03225
0.738754
1.91122
1.29624
1.12959
1.41418
1.41993
1.9682
2.40093
1.72614
1.04892
0.225236
0.716947
1.13436
1.34513
1.73044
1.41969
1.06468
1.78101
0.597881
0.595583
2.96463
2.32504
1.03387
2.13291
0.852886
2.22183
1.15281
0.879122
1.43061
1.5613
1.7406
0.360815
0.832194
1.63501
0.938564
1.81244
1.80689
1.52386
2.2931
1.50911
2.25305
2.64721
1.0568
1.20824
1.22503
1.04129
1.14443
2.26401
0.9237
3.82302
2.13807
1.40108
2.50965
2.93706
1.85718
1.08353
3.4394
0.794754
1.93659
3.16473
0.210847
1.2816
1.05404
0.88059
2.08163
0.144222
1.94594
2.15112
0.695163
1.99609
0.204561
1.8215
2.91731
0.271
0.584309
1.37861
2.79246
1.09965
1.77339
2.36311
2.11703
1.11865
2.05625
1.64813
1.13065
1.39395
1.3448
1.04466
0.513211
1.90931
0.650913
1.77373
0.801322
1.58634
0.457187
3.02969
1.88206
1.82091
0.369472
2.83052
1.28327
0.814978
0.597028
2.91897
0.250868
1.3456
2.10667
1.27932
0.266467
1.4389
0.191759
0.497126
2.28408
1.03933
2.84103
1.52063
0.807517
3.23544
0.616777
1.20426
2.51845
0.75775
2.42692
1.65009
0.876111
0.0797477
2.6212
2.80631
2.26336
1.74096
1.8634
1.85236
1.93033
1.2793
1.404
2.05533
1.92959
1.04509
1.92158
0.246719
1.51411
1.47566
2.02968
1.1192
0.9903
3.46143
1.85543
1.37363
2.09721
0.736641
1.57046
2.10767
1.74845
0.383977
2.14233
1.4958
1.53949
1.14946
0.12442
0.749076
1.58488
2.06501
0.606805
0.956991
2.61959
1.14836
4.72789
2.80107
3.39248
1.33765
1.67627
2.66159
0.785537
1.80863
2.92553
0.798664
1.44986
1.85093
1.37633
1.15854
0.941308
0.23499
1.41354
0.597498
3.24057
2.78893
3.1215
2.69678
1.22431
0.955955
0.872074
1.09251
1.12496
1.42751
1.3916
0.237913
3.00222
3.65576
2.7834
2.23371
1.04763
1.06575
1.51427
2.67167
2.55559
0.552802
2.82507
0.988046
1.8569
1.08308
0.889136
2.93166
2.95779
1.96656
0.968224
2.48033
1.34197
0.271097
0.500809
1.64833
1.02317
1.87011
3.13441
2.7954
2.45804
1.77856
2.14606
2.46696
2.10981
0.60147
1.34585
0.176372
3.12741
0.878253
2.58605
0.565978
0.26755
0.22762
1.56899
1.743
0.31548
1.61493
1.6568
0.752539
0.865736
2.00939
1.4347
1.54185
1.31296
2.35757
0.775853
2.28058
0.568735
0.264339
1.97177
1.71789
0.877547
0.300543
1.63604
0.440479
1.66658
1.68056
1.97222
0.956004
3.00772
1.34022
5.96831
2.1364
0.97184
2.89582
2.18612
2.74289
0.164726
0.714303
2.78001
1.81297
1.50232
1.56283
1.3616
0.264271
2.09927
1.57145
1.71008
0.979092
0.653793
0.208637
3.589
2.34495
1.65111
0.49608
0.700178
1.30466
0.827343
1.3805
3.18986
1.64561
2.97813
1.56387
1.44931
3.49239
2.44703
0.188072
1.5583
1.59295
1.99386
3.5023
1.59617
1.13164
1.43672
1.94341
0.552311
1.34321
0.850107
1.59801
1.55213
1.11835
3.13552
1.55773
0.463441
0.506335
0.882437
1.03821
1.45142
2.48056
1.50281
2.23658
1.46655
1.34624
3.9738
0.473154
1.3827
0.341447
2.52305
2.16302
3.07806
0.520858
2.90206
0.278349
2.0309
2.72645
1.23139
1.81343
0.366992
2.03318
1.8874
2.14398
1.60489
0.831313
1.65305
0.390403
4.16416
1.38521
0.308619
1.51231
0.752902
2.65529
1.90332
0.719376
2.61131
0.733813
2.22927
3.09431
0.915195
1.18665
0.584192
0.79839
1.22648
0.677611
1.49829
1.53126
1.94331
1.78644
1.92417
1.9001
1.22111
1.24745
0.288719
0.281445
1.19345
1.84402
1.42298
0.267984
2.00085
1.19628
1.73798
6.21821
1.15938
1.66521
1.77197
1.5682
1.98166
1.54439
2.53468
1.4977
0.223759
1.69652
0.389968
1.18279
0.264432
0.872871
1.16022
1.11456
0.263258
0.166827
0.996952
2.57382
0.963115
1.71805
1.68195
1.04141
1.08919
2.0781
1.75099
1.24348
2.01725
0.846334
2.49969
2.43855
1.12556
0.921004
2.65337
1.05692
1.06685
1.9997
1.65921
0.932698
1.93683
1.49892
1.66886
2.15471
0.341161
1.00267
0.295327
0.255389
0.779182
0.272985
1.97233
1.66158
1.30277
0.531693
0.932024
1.49852
2.27242
2.77174
0.59454
0.1784
1.63045
2.48457
1.53794
1.01224
1.66561
1.00291
1.72992
0.790033
1.25897
2.20486
1.01178
1.995
0.311234
0.381805
2.58908
2.21076
2.08301
1.59445
0.347918
2.03851
1.21495
1.55676
2.57582
0.340469
0.0777782
2.14262
1.28324
0.446112
3.71304
1.34603
1.83534
1.8557
1.07611
2.0997
1.14652
1.52632
1.38438
0.534131
0.963999
1.79858
1.65285
2.47014
0.740383
0.260801
0.761452
1.73501
0.335374
1.55759
0.507085
0.45681
1.47074
1.63449
1.58512
1.48541
1.6944
1.33686
1.18756
0.86935
1.67785
1.18159
1.67552
0.598782
1.90029
0.796146
1.9851
1.33421
1.46465
1.60793
0.882588
0.263357
2.25015
1.41674
0.167614
0.874259
0.506356
2.42784
1.16636
2.1808
3.04434
1.9051
0.107489
0.32525
1.17432
1.77234
1.35556
1.67228
1.55414
0.82899
0.215544
0.621094
1.26402
0.846196
0.222919
1.3762
1.914
1.72787
1.41412
1.9682
0.977095
1.25697
0.519668
1.09753
1.27989
1.862
0.70046
0.974757
1.09179
2.56332
2.26805
1.24014
0.555939
1.59107
1.42766
2.77426
2.74035
0.187326
1.98683
5.30457
0.73845
1.66219
1.14669
1.24516
0.27976
1.94879
2.9763
1.40474
2.37844
0.62319
1.18826
2.50586
3.36611
3.35475
1.68269
1.02426
3.42249
0.973993
1.51935
1.39938
1.06393
2.67849
1.7348
1.80773
0.978959
1.22272
1.41323
2.12933
0.403142
0.208406
0.913488
1.88604
1.85968
1.67284
2.08663
1.93831
1.02653
1.36801
2.57887
1.74836
1.69377
2.03373
1.28597
1.79909
1.33406
2.18922
0.843836
1.36289
0.701683
1.74451
0.162712
0.884978
1.8714
0.406886
2.73124
2.51085
1.37963
1.57916
0.643889
2.08601
0.650888
1.81494
4.69337
3.83065
1.42975
1.84275
1.04822
0.916599
2.79089
1.52025
2.93922
1.29582
2.22363
0.815505
1.13538
2.90835
2.16873
1.10171
0.335327
1.61832
0.542675
2.91586
2.86288
2.22437
0.194764
4.75275
1.50645
2.17868
2.56041
0.884579
2.54539
1.68722
0.823581
1.94911
2.1905
1.15443
0.936255
2.10199
2.89546
1.49953
3.86335
0.377965
1.57933
2.28492
2.25787
0.224046
1.28417
0.470625
1.25647
2.46001
2.88291
2.5412
0.990957
1.17581
0.634129
0.730376
1.7259
0.948106
2.18763
0.787649
0.840673
1.6439
1.63994
2.61991
2.53902
0.20033
2.37293
1.30035
1.20007
2.40491
2.18701
0.353637
0.384623
1.39844
0.938465
1.05361
1.29681
1.61037
1.40495
1.35642
0.508854
2.38159
1.35896
1.05485
2.29126
1.42106
1.70939
1.04316
0.69432
0.845436
1.14573
1.32767
1.61906
1.25975
1.29803
0.968463
1.06968
0.459915
0.520919
0.468858
0.928902
0.651555
1.50812
2.20129
1.43327
0.362001
1.82081
2.3211
1.84564
1.45926
0.449538
0.870871
3.35662
3.69347
1.73232
1.03811
2.15262
1.81512
1.86121
0.636509
0.963215
0.937429
1.18374
1.6773
2.46627
0.771888
1.65648
0.68754
1.7861
1.31903
0.365144
1.18522
0.968565
0.483708
0.689925
2.333
1.77769
2.15309
2.16481
0.784228
1.12415
1.10901
2.35327
0.793299
1.63341
2.62385
0.960389
0.558616
1.09522
1.64496
1.154
1.64071
1.40209
0.768453
0.878164
2.23023
1.88456
1.76508
3.91362
1.92086
0.561012
1.00132
0.898008
1.63506
1.83639
1.58772
1.03111
1.73662
0.867579
2.07026
2.87205
0.295712
1.96263
0.218781
1.65839
1.53268
3.07786
2.0399
2.27376
2.0493
2.68696
2.1061
2.21754
3.255
1.27934
1.40262
1.77622
0.472005
2.21205
1.10023
0.68012
1.79459
1.03938
0.926596
0.602278
1.93752
4.11807
0.699725
1.8765
0.910624
1.75135
1.99773
1.50736
1.54628
1.07114
1.44861
1.31369
2.01388
0.533155
1.18762
1.48504
1.29454
1.41158
2.65513
1.38662
2.03608
0.585841
1.14156
3.39301
0.883525
1.31034
0.862324
0.992495
0.297288
0.696996
2.53551
2.15857
0.969687
0.106003
2.77177
1.07375
0.804788
1.21091
1.93082
3.39923
2.63439
1.01338
1.48249
1.87698
2.10512
0.102946
3.15936
1.21123
1.87302
0.260524
0.2049
0.937884
3.63367
1.76995
0.487153
1.66105
1.1253
2.58605
0.479607
0.754471
1.08392
0.26376
0.879525
2.05758
2.35186
1.53973
1.79814
0.114578
1.28431
5.3408
2.26543
0.986538
1.6979
1.62292
1.32576
0.200185
1.17844
1.05984
0.713969
1.03778
3.35681
0.67086
2.48877
1.56801
1.31314
0.729427
2.18333
2.60871
1.15715
2.35612
1.3354
2.29027
2.08113
0.17423
0.519322
2.1101
0.248937
0.848127
0.299547
2.10808
2.81686
0.761978
0.946829
1.16396
1.39421
2.16742
1.31288
0.842621
0.817276
2.59267
1.61588
3.53527
2.33812
2.58362
1.89376
1.66051
2.27084
1.26677
1.00703
2.89603
0.961966
1.99108
1.5056
0.153442
1.65461
1.00944
1.6893
0.612557
1.75295
1.01756
0.0916485
3.5798
0.133248
2.25964
1.01536
1.3204
1.56377
1.68372
1.28086
0.982768
0.403969
1.32678
1.17851
0.490884
1.10894
0.188421
1.13593
3.67459
1.96606
1.47769
1.41663
0.981511
1.77166
0.165458
2.24309
1.49951
1.4056
0.686141
0.341848
1.55733
1.26056
1.57883
1.01857
4.35467
1.04649
1.27481
2.3346
1.4817
0.495553
0.42966
1.15565
1.02253
0.993174
2.27092
2.71278
1.07171
0.932154
2.25895
0.418818
5.05544
1.36066
2.55109
1.67283
0.640983
1.20883
2.21461
1.91712
0.966643
2.14577
2.91364
0.0567768
0.640749
0.555795
0.396966
2.19365
0.754245
2.19527
1.50495
0.949552
1.92779
0.997928
0.758138
1.44162
1.45297
2.12747
1.56763
3.69746
2.15547
0.840449
2.19285
1.67197
1.42203
1.85758
3.99281
0.902922
0.914637
2.6661
1.88647
1.10516
0.445887
0.787971
3.36789
1.90525
1.83617
2.12535
2.01379
1.52496
0.944374
0.377354
1.13352
1.93711
2.51356
1.37238
0.676744
3.09343
1.90439
1.15194
1.38922
2.47315
2.0762
3.45023
1.76561
1.01753
1.50826
1.11472
2.11014
0.445997
2.79723
2.53888
1.56659
1.23492
1.05014
2.22633
2.02536
0.998778
2.20336
0.696932
1.33742
3.76647
1.24312
0.311483
0.306238
1.65797
1.99978
1.59813
1.8516
1.7924
3.95215
1.28696
1.13083
1.97153
1.57125
1.21338
0.847161
2.55491
1.15282
1.83134
1.6231
3.88324
2.74413
0.506097
0.316565
0.886053
1.25872
0.437493
3.26238
1.26029
0.689642
1.87374
4.24448
1.25251
2.47904
1.3154
0.959506
1.12103
1.33858
2.80053
0.594516
1.37878
1.83378
3.66404
1.63185
0.858215
1.73091
1.31867
0.543181
1.47708
0.361348
1.4702
1.13639
2.05721
5.66409
0.281245
2.28229
1.60709
5.65495
1.32449
0.143234
1.25508
1.00418
0.776637
1.94461
1.40989
1.08765
4.09386
1.49436
3.02842
0.96262
1.90988
0.867607
0.901922
1.17903
1.13583
2.11879
1.20082
2.0325
1.03928
2.00272
1.91442
4.72024
0.420102
2.34841
1.44916
0.997528
1.01563
1.59229
1.53804
0.898637
3.47863
1.17788
1.72375
1.10042
1.46353
1.67319
1.51837
1.29427
1.47458
2.19833
1.03189
0.876294
1.43628
0.870543
1.09419
2.42526
1.69833
2.90924
1.32311
2.40683
0.667078
2.0012
2.43453
1.41516
2.94213
3.03432
3.26054
1.50448
0.97294
1.58003
0.607638
1.78454
1.57264
0.315143
1.44983
2.64519
2.38363
1.7902
1.78618
1.52847
1.1892
1.62227
0.772129
4.59151
1.79798
0.927989
3.68246
2.70475
1.19938
1.24094
0.735243
1.43074
1.46184
1.40074
2.28842
1.51548
3.63945
1.57669
1.23712
1.65553
1.30393
0.943279
1.76971
1.61027
1.26135
0.923465
1.73094
1.49892
2.98835
1.53111
0.855089
1.10326
1.26895
0.863051
2.41248
1.29826
2.26217
1.41181
3.46988
1.63136
0.347954
2.2785
0.372202
0.300608
1.42546
2.48875
0.669218
4.87881
3.4244
0.439923
4.04319
3.14877
1.15012
1.4954
2.18953
3.31194
1.37684
2.63244
1.14181
2.58708
2.24698
1.63909
2.56702
1.366
1.22223
2.33754
0.744739
3.83265
2.96362
2.96197
1.6908
1.66337
3.0729
1.29771
1.80466
0.342924
0.976286
1.70587
0.605973
0.183626
0.69722
1.33512
1.26587
1.79873
0.97633
1.18232
1.09717
0.318892
0.583212
2.98711
0.97053
1.69428
0.17478
1.02398
1.37662
3.7689
0.648378
1.127
1.05749
0.755051
2.36492
2.20776
0.591749
2.94567
3.83975
1.71627
0.983852
0.185169
1.0951
0.830902
1.37041
0.8363
1.20296
0.93304
1.03162
2.20088
1.05764
1.85084
1.04043
1.75118
1.79176
1.80038
1.38687
1.63115
1.03505
1.93999
1.05064
1.99198
1.731
2.79384
1.96978
2.45222
0.924104
0.880759
1.4764
1.88962
0.860851
0.369328
1.16199
0.942604
1.25448
2.85944
1.51157
1.15422
1.33072
1.39251
1.15678
2.18901
2.57453
2.05554
2.75779
0.307425
2.33414
1.35834
1.23592
2.48365
0.919442
1.72171
1.0374
0.828299
0.601215
1.45238
1.23388
4.61595
1.14979
1.46438
1.0143
0.571064
4.56679
0.11686
2.39399
3.57863
0.449207
3.42443
0.582114
1.11823
0.452419
1.72657
4.49615
1.57001
0.221673
0.537432
1.59599
0.563499
0.592508
1.03912
1.19115
1.29516
1.45319
0.466977
0.55119
0.843349
1.14369
0.54136
0.15474
0.763743
0.571317
0.818418
1.95422
0.640973
1.68733
0.663902
1.12249
1.65172
1.44182
1.25785
1.49845
1.34501
1.81663
1.60193
3.90666
0.386174
1.33496
0.617879
1.27784
1.30197
2.77415
0.76005
0.325471
1.48436
0.337906
1.27974
1.457
0.875065
2.19535
3.01042
2.44851
1.84507
1.09826
0.890078
0.187912
1.30017
0.904651
1.73194
0.906374
1.18156
0.872056
1.70879
1.39248
1.26502
1.93136
1.43819
3.61665
0.370815
1.51994
2.77857
1.12287
1.47554
2.06865
1.75417
1.08565
0.768895
0.841511
1.47513
1.60745
2.59752
1.44794
1.3008
0.839757
1.23817
1.54992
1.41311
1.14929
1.70224
1.21289
0.950061
2.26028
0.609732
1.14309
1.35306
2.23732
1.0894
2.13674
1.27763
4.0018
0.896272
1.2874
2.35723
1.04052
0.067453
1.13304
0.354988
1.66875
2.13698
0.475475
2.7725
1.05819
2.0459
2.19868
1.56841
2.85867
2.79249
1.96715
0.14705
0.431389
2.0705
0.371542
1.58196
0.101177
1.90943
1.67196
0.924696
2.96024
1.00373
2.57276
1.9726
0.329328
1.76645
1.0765
1.48993
2.79049
1.47774
0.370757
1.23581
0.242496
2.10974
1.3874
1.49293
2.77452
1.27978
4.8884
0.343635
0.20217
0.986119
1.03025
0.973394
2.23328
0.751535
1.24859
1.44765
0.709932
0.775304
1.44387
1.55367
1.69218
5.27291
1.35724
1.09999
1.97412
1.18022
2.53335
0.990135
1.33781
0.958173
1.41664
1.43255
0.350102
1.72918
2.1309
0.923027
0.78494
3.54929
3.66417
3.75481
2.78743
0.168954
1.07616
1.73763
2.08687
0.584224
0.887279
2.80773
0.55794
2.61491
1.59048
0.266695
1.25754
1.36941
0.811262
1.17801
0.66337
1.70013
0.575043
2.50798
2.62385
0.999184
0.838819
0.8179
3.43874
0.934792
0.891034
1.64164
1.38837
0.283668
1.16818
1.32293
2.48676
1.41993
0.716956
0.720915
2.14067
1.23321
1.2806
2.90711
1.59468
1.0889
1.16369
2.24137
2.43417
2.65261
1.777
2.48011
0.613085
1.90402
3.20299
0.858831
1.75268
0.647264
4.0615
1.15032
0.722096
0.729569
3.89924
2.75349
2.56485
1.73264
3.53697
3.22848
2.11035
2.26463
0.229924
1.40561
1.68432
1.4749
1.08241
2.92618
1.87908
1.82453
1.5744
2.04597
1.19506
1.20969
1.92267
1.78996
0.320432
0.962167
2.70975
1.90659
1.70857
2.42154
0.846164
1.03261
0.241701
2.24003
1.26631
1.29054
2.20688
1.05951
1.98545
2.96556
1.87725
2.397
1.53307
2.63001
2.28976
1.95902
0.402811
1.41682
1.24313
1.03681
2.30777
0.498539
0.692414
3.45106
1.28679
1.27289
1.48549
2.55463
1.24247
0.922749
1.13964
2.26756
0.926196
1.15802
2.24593
1.17026
1.36359
0.253878
2.08853
2.17997
1.5615
1.20161
3.26729
0.3739
1.19179
2.18336
0.120625
1.38411
3.73171
0.606932
1.02302
0.375504
0.894921
0.307976
1.50976
1.166
1.81075
2.80988
1.74627
1.57874
0.956343
0.853063
0.23773
1.8198
1.56696
1.36977
2.47381
1.12234
2.06996
0.252026
1.27581
1.50178
1.04199
1.55273
0.805404
1.07758
1.73178
1.92995
0.511925
0.979062
2.7482
1.10173
0.903384
2.00175
0.258201
0.989623
2.01187
1.54106
1.01379
1.61738
0.291832
0.559777
0.336174
1.5213
1.5043
1.23221
1.61531
1.11423
3.30378
4.47545
0.907983
1.2906
3.17035
1.45397
1.66974
1.11404
1.02515
1.00725
2.3497
2.09872
2.06512
2.19201
1.65445
0.891479
2.0589
1.71943
1.37247
1.92027
3.45189
0.634166
0.97646
2.58185
3.01454
1.80058
1.30765
0.859451
2.72407
1.40231
1.11308
1.35157
0.427197
2.98544
1.07613
0.185287
2.14399
0.667189
0.852133
1.43614
1.36426
1.15406
0.827228
0.960251
1.54688
1.12675
3.11191
1.46118
0.283178
1.57755
0.644254
1.27883
0.557804
0.909746
1.07513
0.516927
1.52871
1.7129
1.43204
2.36962
3.58114
1.68513
0.764809
0.692741
0.955831
0.346754
0.490164
1.13369
3.23835
2.86103
2.68043
0.650395
1.65249
2.64053
1.00444
0.982282
1.78783
2.60336
2.32894
1.67638
2.29425
2.31725
0.42701
3.80986
2.74538
0.848464
3.00304
1.09133
2.57524
2.44518
3.77782
1.9115
2.36163
0.749448
0.513919
1.74701
1.23336
1.31474
0.595728
2.33896
1.03862
1.82805
2.36047
1.58463
1.23724
1.18256
2.05863
2.15117
1.94018
1.0896
2.1967
1.50768
2.67782
1.70119
1.10241
1.61804
1.73258
3.10257
1.55878
1.45252
1.20312
2.36833
1.70476
1.47944
1.77372
0.588672
3.06741
4.56696
1.41708
1.57512
0.832476
0.734868
1.72816
0.479779
1.02271
1.57453
0.771233
2.88823
1.67897
1.31375
1.23716
0.385611
1.96396
1.83981
1.16828
2.44963
1.03521
2.33407
1.32751
1.30799
1.03247
1.04778
0.537858
2.22219
1.77104
1.27279
1.44202
1.89896
1.30142
2.06984
1.09814
0.524668
0.713601
0.113489
1.15345
1.17976
4.27012
2.03189
1.83424
1.42779
0.720351
2.87292
1.29123
1.60373
1.09861
0.639341
1.07285
1.0595
1.19653
0.978692
1.46669
1.66481
0.22602
0.89073
1.73399
1.13513
0.921376
0.955639
0.856545
2.59204
1.25915
1.90589
1.93256
0.977154
0.816156
1.98555
1.64821
2.36852
1.37524
1.34671
1.70876
1.4356
1.91189
1.51164
1.6368
2.86309
2.45615
0.523494
0.858251
0.832294
2.34304
0.726322
0.958656
1.06584
1.68243
1.00652
0.738673
2.80209
2.74667
1.30837
0.514956
1.33617
2.2954
0.199546
0.462039
0.66877
1.41913
1.68948
0.533771
1.24689
1.79357
0.753673
0.412573
1.90256
0.935389
0.500998
0.116678
2.19753
1.77336
0.12942
1.53978
0.934394
1.21105
1.43193
1.87844
2.32812
1.00867
0.302605
1.12665
2.00769
1.3074
1.53748
2.68599
2.81581
1.66354
0.389789
2.03428
1.25765
0.899724
0.999335
0.349917
2.18116
1.70522
1.94338
3.48415
1.55471
4.09582
0.991373
1.90636
0.990357
1.49556
2.08547
1.65065
2.61264
1.24299
1.36341
2.02947
0.198634
0.99599
1.27725
1.26341
1.57955
1.97939
2.10201
0.639179
1.74555
0.888826
1.47088
1.08211
0.915516
3.56474
1.20011
2.19462
1.12064
0.879832
2.82579
0.835883
0.937058
2.50444
1.11899
0.116165
1.88702
1.71879
1.26492
1.22987
1.43857
1.629
2.07134
0.263675
0.767837
0.554395
1.41226
3.38208
2.60208
1.70606
0.560234
0.427866
0.655852
2.00561
1.59806
1.93967
2.17497
2.33498
1.09785
1.76898
1.03514
2.7959
3.38928
1.39542
2.14464
1.58422
0.597351
1.08699
0.840845
1.50168
0.999044
1.86906
0.600083
2.03414
1.35157
1.85135
1.36227
2.82648
1.87339
2.26837
0.75954
0.438282
1.33779
3.92269
3.18126
1.60887
2.17697
1.27873
2.40292
2.01097
2.14672
2.16721
1.79602
2.191
1.49348
0.59156
1.81717
1.99766
1.00934
1.3914
1.62966
2.03655
0.859733
2.25193
0.649871
2.16211
1.41372
2.14669
1.97376
1.65934
0.658458
1.23641
1.16496
1.26439
1.12052
1.28839
2.46512
1.60519
0.691685
0.870777
0.979323
1.84353
1.2511
1.75272
3.40707
1.19701
2.19655
1.59937
0.999254
1.80804
1.24564
0.254635
0.976773
1.06389
1.14933
1.47756
1.66644
2.20785
2.70001
0.485192
2.02611
0.802952
1.46264
2.28515
1.05706
2.6006
1.49312
1.80333
0.238255
0.603859
1.12022
1.14972
1.06415
0.284681
1.2805
1.57474
1.30453
1.09564
1.68435
0.234089
0.981551
0.951047
1.55173
2.02675
1.14211
2.09429
1.91396
0.296687
1.18229
1.65071
1.92743
2.60172
1.5403
1.92007
3.99244
3.18964
1.91807
1.81944
1.14803
1.44918
0.711389
0.273351
1.38752
2.10807
2.6502
2.09909
0.899733
2.57171
1.57183
0.761117
1.29352
0.631297
1.16929
1.10874
4.91357
0.800181
1.16987
0.61708
0.122655
2.40687
1.72361
1.56833
0.278032
1.26407
0.676233
3.33692
0.974496
0.529481
1.47145
0.429533
2.19525
1.06134
2.77556
1.45999
0.687074
2.19466
0.674211
2.00485
0.934478
1.4237
0.689164
0.643818
1.35024
1.02084
0.711494
2.7564
1.09929
0.890551
0.500424
1.31699
2.33945
1.04392
1.88812
1.42883
0.697238
2.42786
1.93808
2.57742
1.81629
2.96957
0.711954
1.31102
3.23356
3.00601
1.01701
2.76075
0.915955
0.404684
2.33639
0.585472
1.52571
0.180357
0.722677
1.85008
1.16328
3.12904
2.9138
5.76327
2.13825
1.09367
2.23329
0.172939
0.87139
1.04226
0.741316
2.38533
1.24946
2.56959
3.95179
4.34487
2.80296
3.21931
3.40145
1.85149
0.792134
1.84577
0.911757
1.9021
1.15755
0.897286
3.41298
1.03465
0.927313
0.316616
0.8088
2.11517
0.867679
0.688405
2.00447
1.13157
0.688527
1.37497
0.807907
0.938967
2.15609
1.49691
0.758268
1.64528
1.09514
2.07444
1.14337
1.70078
1.26873
0.39898
1.04194
1.00152
1.48252
4.80003
1.60732
1.22613
0.507924
2.273
1.20722
0.511889
2.24477
2.4572
1.39963
3.15384
1.86531
1.17557
0.429173
1.39837
0.89725
1.15181
1.36227
0.71359
1.68229
2.09326
0.802002
0.270028
3.60042
0.961363
1.21908
0.323158
2.11455
1.28041
1.41163
2.67294
0.939061
2.65006
2.54354
0.904181
1.91193
0.791835
0.724646
0.977195
1.72629
2.34117
1.33016
0.445053
1.81738
1.54876
1.15518
0.034969
1.35881
2.07759
1.60923
0.502414
2.63299
1.55859
0.0455014
1.62218
1.2261
2.59161
0.792625
0.82023
0.105316
4.19398
3.89843
2.5811
2.04466
0.156261
1.39914
1.0407
3.36817
1.32629
1.83259
3.06728
0.632176
2.53312
2.2178
0.873445
1.49273
2.42038
1.80446
0.676804
1.29956
1.47847
3.0888
1.34681
1.86028
1.07769
0.393273
1.56328
0.487259
1.2064
0.370987
0.590152
1.68976
2.19621
1.05897
1.1905
2.845
1.45062
2.5636
0.734421
0.669013
1.60456
2.80032
2.05281
1.42719
1.02652
0.408519
0.499588
2.13852
1.54881
1.99143
2.13611
2.19074
1.25531
1.33212
0.811923
2.06854
1.09966
0.542182
0.763615
2.7997
1.48807
0.885706
0.122813
2.34939
1.54138
1.69555
1.60108
2.88873
0.964896
1.89011
1.29377
1.92866
0.860532
2.68063
0.495244
2.28273
1.26241
1.15994
1.50228
0.188996
1.0555
0.951654
1.77784
1.02936
1.38006
0.538676
2.32186
0.448444
1.93109
0.5754
1.88824
2.58299
0.809376
1.15806
1.44797
2.21854
1.27635
0.600627
1.35803
2.69184
2.02122
1.37245
1.66107
2.62237
0.261455
2.98875
0.349672
0.707075
1.29588
1.96624
0.242594
2.53285
0.65349
1.37477
1.41103
1.12411
2.50671
2.32512
3.09842
1.20218
0.946385
1.6432
2.59298
1.72439
2.20624
1.28196
2.12981
0.354696
1.08334
0.581698
0.749708
1.53286
0.648683
1.12368
1.95672
2.0602
2.11683
2.16495
1.08387
1.55488
0.822339
1.42523
1.98819
1.92218
1.3505
0.0829785
0.624721
2.67264
2.43809
2.20198
0.664192
0.684816
1.44041
2.13027
1.15713
1.51554
2.14493
1.17758
3.28971
0.865704
5.5014
1.06958
1.33966
1.19918
2.45933
1.27205
0.913412
1.92
1.78436
1.73252
0.62994
4.18591
4.40923
0.923884
1.77001
1.88941
1.10122
1.43737
1.38164
0.316731
1.12442
0.890423
1.46615
1.05338
0.498418
1.96066
0.469036
0.962644
0.691238
0.56149
1.87262
0.998965
1.00394
1.30996
1.96854
1.32017
2.85109
1.52336
0.0922607
1.82349
1.63773
0.434389
1.16724
0.259091
0.162905
3.11179
0.98415
1.27965
5.18492
0.465077
0.516788
3.95087
1.44542
2.31216
3.81276
2.48953
0.901622
1.81412
2.18747
0.43359
1.72835
0.506626
1.00403
1.08737
1.51073
1.76704
2.67606
1.47894
2.65988
1.59215
0.291468
1.08244
1.24556
1.21197
0.889615
0.850011
2.47744
0.953935
0.953255
2.63319
1.32956
1.46398
2.11215
2.31998
1.17846
1.71212
2.3689
2.03408
3.9289
1.84253
2.11539
1.45871
1.79225
1.0524
1.27955
1.29586
1.26683
1.49396
1.25046
1.66744
1.64532
1.24967
2.1292
1.23999
1.13884
2.46867
1.11223
2.07924
2.28725
0.475905
1.5263
1.61099
0.85774
0.932335
1.84234
1.58848
1.43509
1.5043
2.65815
1.13035
3.4225
2.45836
0.904336
0.628156
0.282785
3.22902
1.69255
1.06852
2.35959
3.57948
5.22975
1.30539
0.422521
3.49987
1.55527
2.02111
1.76447
1.58646
1.52385
0.535041
1.6571
2.74085
2.45232
0.943653
1.80618
1.2518
3.53017
3.87448
0.825649
1.07782
1.51302
1.47422
1.52976
1.98098
0.441952
0.40118
0.535135
1.26631
2.33981
1.45465
1.03739
3.13682
1.25052
0.71004
0.283025
1.48242
1.06986
2.39692
2.5158
2.48521
0.219831
1.9397
1.33944
1.70778
0.373104
1.27988
1.01716
3.26016
3.30148
2.59472
1.80377
0.944958
0.452457
1.71343
2.52295
2.27457
1.20949
1.81648
1.45497
0.173325
0.994824
0.395603
2.85121
0.561783
2.64657
1.84419
1.52187
1.80295
0.350896
1.16594
1.49265
0.437437
0.125757
1.45148
1.11498
0.677362
1.56012
0.900051
1.65659
0.966366
1.62751
2.6303
2.79091
1.80446
1.45398
0.688186
1.63716
2.02366
1.34391
2.58408
1.08708
2.68234
0.952094
1.512
2.43683
1.09437
1.99915
2.46758
2.35856
2.37535
0.677383
1.77456
1.55102
0.666918
2.18877
1.98758
2.95788
1.86972
1.10826
0.149248
1.4652
1.24664
0.468272
1.76482
1.48563
1.54512
2.39861
2.84924
0.879871
1.12951
1.16606
1.28601
1.58487
1.9613
0.126732
1.29429
2.74578
0.354872
1.55652
0.756857
0.490467
0.7706
1.69948
1.23671
1.90702
1.24022
0.891324
2.19477
1.54042
0.856385
1.61866
3.28638
1.59531
2.6743
1.41864
1.32001
1.03204
1.76782
3.3078
2.52715
1.75341
0.306572
1.87895
2.93617
1.2029
2.80104
0.947292
1.82874
1.36303
1.78436
1.40307
1.66998
1.48013
1.3894
1.24347
0.63561
1.01931
0.95977
2.44543
1.90423
1.92704
0.250613
1.20744
1.23781
1.78849
0.232174
0.825347
1.92018
1.11533
0.374445
2.17587
0.951671
1.74182
1.6656
4.9886
1.79909
1.90597
0.913052
1.52984
1.68205
1.22921
2.00941
3.16153
1.7025
1.0815
1.06061
0.952099
1.44383
1.17004
0.868688
1.1371
0.336777
1.46351
0.973142
0.310615
1.33568
1.27288
2.86643
1.17597
1.3337
0.988959
0.351744
0.956462
2.16185
1.08668
2.06196
0.410902
0.124316
1.19328
0.999018
1.81904
1.47888
1.66028
1.04508
2.34126
2.38614
1.64847
1.21266
0.994112
1.69795
0.390673
0.366834
1.19599
1.20755
1.10736
1.57736
1.11773
1.78225
0.666252
1.73844
0.904501
0.470213
2.59759
1.14324
0.665759
1.27252
1.75787
1.78487
1.44362
2.16908
3.24909
0.319223
2.35161
1.45323
1.25999
1.44256
1.11356
0.873108
1.10928
3.00062
3.0294
1.40246
0.977471
0.568958
1.15177
3.17458
1.02209
0.939162
1.65483
0.5631
2.50981
1.83287
3.52666
1.03038
1.99399
0.959974
0.78205
0.675941
2.88775
0.822465
1.52162
1.43227
2.44997
1.53193
2.42206
1.65736
1.24324
0.890135
1.41607
1.66649
0.747687
2.25342
2.3605
0.871837
1.06295
3.01784
1.38729
1.13915
2.83113
2.42997
2.10268
1.02151
2.61745
1.72345
1.77396
1.17475
1.32942
3.46122
1.77742
2.13847
2.01673
2.64051
0.515977
0.707553
0.710614
1.29588
1.05298
3.33939
3.28815
1.74674
2.12783
1.78092
0.593201
0.0659706
1.71882
1.77821
2.62102
0.393699
1.47399
0.246942
2.5226
3.06767
1.27155
2.4575
1.41228
2.14141
1.68658
1.27245
4.60384
0.66997
0.490236
1.57668
2.13134
1.12773
1.11023
1.54605
1.32005
4.36936
1.20108
0.929192
1.39078
1.78818
2.98073
1.1343
1.4472
3.57806
0.826314
0.941205
0.580266
1.5561
1.49296
1.27344
1.28448
1.79617
2.08658
2.91703
0.421997
0.364061
3.34268
4.39357
0.507769
0.0986491
1.27362
0.960532
1.19567
1.85334
2.26987
2.92973
0.583411
0.375279
1.78161
2.33648
0.908431
1.54266
1.55074
1.07764
1.66155
1.79505
0.33293
0.247097
2.42449
2.91006
0.839191
2.08875
0.0938515
3.21771
2.40122
1.99603
1.56219
2.00491
2.32706
1.09939
2.11998
3.42793
1.73123
1.21301
1.39879
1.08645
1.02827
1.33893
1.56866
1.09369
2.63489
0.898569
2.00191
2.03562
1.35605
0.516128
0.841731
0.477498
0.210837
0.160226
0.998466
0.739825
1.44868
0.288263
0.917772
1.59362
1.87292
0.322137
1.07456
1.44821
0.119926
0.583685
1.14661
1.49151
1.90939
1.25748
0.94437
1.5664
2.03508
2.35389
0.923622
2.58505
1.06641
1.22567
0.918108
0.14705
0.779874
2.84844
1.11437
1.97941
0.701884
2.30775
0.749936
1.05743
0.866917
1.05211
1.19209
0.55184
2.12476
2.88508
2.1748
3.84783
0.902823
0.891252
2.95845
1.17885
2.60794
3.40362
0.972924
1.54736
1.20325
0.987445
1.52452
2.18101
4.16802
0.638242
1.19335
3.8733
1.38829
2.1223
0.560976
2.14823
1.54727
3.50801
2.18951
2.0989
0.652343
1.97774
2.36603
1.24499
2.51535
1.63231
0.70305
1.8967
1.6296
2.4357
1.27944
1.19009
0.650799
0.737388
1.61408
2.82606
2.82084
3.88585
1.46864
0.151905
2.04133
1.65536
3.64469
0.453431
0.888153
2.45554
0.915106
3.51271
1.12991
1.65231
0.723959
0.819989
0.676587
0.156971
0.382253
1.90826
0.96582
0.481468
2.47443
1.97716
0.411712
1.49222
1.27203
3.89423
1.32286
1.5274
1.27743
0.484287
2.4761
1.16249
0.209804
1.44035
1.477
0.977751
1.22794
0.605314
1.39028
1.15199
1.73054
1.84835
1.03885
2.1008
2.66903
1.13608
2.14934
1.50625
2.00575
1.51623
0.826719
1.45848
1.41561
1.60176
0.889871
1.73333
1.37993
1.15408
3.11614
1.02384
0.276893
1.43282
0.633906
1.91004
3.20775
1.17884
3.97436
1.87824
1.9394
0.274228
2.08358
2.86365
2.66044
3.17555
1.3261
1.55095
4.16865
1.42721
3.18098
0.786558
1.69621
1.42989
3.52574
1.778
1.58202
1.55592
1.7166
0.51966
1.08824
3.33508
0.474746
0.751213
1.16738
0.341511
0.220578
1.01723
1.09429
1.43515
2.87799
1.84902
2.65117
2.26157
1.94706
1.19264
1.09522
0.945781
0.697819
0.54584
2.7901
0.829868
1.53331
1.65075
1.21641
0.2283
0.282958
1.73128
3.16023
0.707656
1.40394
1.46062
2.26315
0.787912
1.05235
1.31424
0.75611
1.41293
0.15115
1.03346
1.76938
0.92557
1.27615
0.969168
2.57386
1.02743
1.53959
2.12457
2.02255
0.923842
2.17994
1.00338
2.28748
2.05339
1.97948
1.78524
1.12397
0.235241
2.09726
1.45255
0.861818
1.31139
0.725483
0.889926
2.56731
1.95117
1.14173
2.07734
0.178215
2.80743
0.284812
2.22574
1.93302
0.588175
1.70857
0.981197
1.05215
1.90047
0.136031
0.434698
1.60876
1.71487
1.23289
1.19019
1.92423
1.74307
1.5072
2.01156
2.3192
1.18833
1.12842
2.62261
1.14144
1.0756
2.47305
1.53465
4.10592
0.299552
1.05648
0.862706
1.16843
0.975404
0.824645
0.437151
4.2985
1.25979
1.40244
1.91384
1.97159
1.01663
0.618077
2.83613
1.19644
0.944674
2.05269
0.901093
0.389779
3.36117
0.541423
1.33152
0.963902
0.836535
1.35694
1.19561
1.45212
1.14822
2.09687
0.631423
1.54157
1.5684
1.89181
1.0454
1.47046
1.13237
1.15872
1.02808
1.44103
1.1594
2.3055
1.5659
0.325285
1.81996
1.0779
2.41357
1.11061
1.55741
2.74405
1.07688
3.31234
2.15459
0.813664
0.899556
1.40015
0.965237
1.84528
2.30468
2.11495
1.6623
1.37521
4.72241
2.33966
2.34486
3.60272
3.03933
1.76378
0.678447
1.76137
1.85641
1.51924
1.10333
0.839505
1.39959
0.993522
1.18722
1.12782
1.91613
2.37499
0.94907
0.996465
1.74877
2.161
0.719283
1.81587
2.48552
1.71031
1.7399
2.84686
1.15086
1.56729
1.77832
1.38139
0.131839
1.60143
1.66658
1.67651
1.10803
1.00266
1.12421
2.68087
1.20077
1.46755
2.06811
1.46444
2.77224
2.25968
0.709573
2.34037
1.39049
2.09482
1.0006
0.2018
0.883565
2.76752
0.937484
1.03327
2.4552
0.620943
1.97841
0.180057
1.27265
1.65341
1.18394
2.61064
1.57976
1.33236
3.35341
0.963995
3.34479
1.89365
1.40665
0.558736
1.95851
2.97877
4.56367
2.30902
1.37244
0.812126
0.968046
1.196
0.989649
0.78996
2.01468
1.89654
2.33019
0.92945
1.28038
1.5101
2.12649
2.59691
1.90244
1.42629
1.69281
1.1712
1.54712
1.83853
2.13703
1.34825
0.752102
2.56565
0.959694
2.50336
1.477
2.83543
2.05433
2.67721
2.21449
1.18055
2.81818
2.15753
1.81497
1.59009
0.538139
0.978612
2.95725
1.7593
1.27894
1.27755
0.662113
1.77521
2.07755
1.47201
1.08846
3.00599
2.04958
1.26126
0.85534
1.28555
2.6899
1.76048
1.25693
0.857258
0.695336
1.91699
2.59267
0.830767
1.55696
0.971418
1.75472
2.13308
1.06902
1.6121
1.49299
2.65713
0.882098
1.50935
2.10716
0.747915
2.22393
1.56353
1.04448
0.620179
1.2132
0.260879
3.40853
1.17201
0.784954
0.51564
2.2918
1.48778
1.63607
1.27714
3.00093
1.5811
1.52612
1.43927
0.600786
1.5202
1.89432
2.42005
2.13881
1.46147
0.761312
0.724821
1.5359
2.30152
2.24668
0.989889
0.276997
0.742151
1.53283
2.31332
1.21811
0.856732
0.445961
0.958872
1.14142
1.82982
2.49668
2.10886
2.44846
1.86858
1.6595
1.12655
2.21024
0.277792
2.09851
1.71942
2.55161
1.27436
3.68521
0.650147
2.4455
1.14748
1.40099
0.756154
1.92141
1.48526
0.916226
1.78509
0.737829
1.65181
2.99452
0.318722
1.51684
2.41829
1.76753
1.40539
1.91924
3.16522
1.49029
1.25713
0.816519
0.783694
2.73482
1.57195
0.843368
0.477055
1.26478
0.261634
1.49184
0.883759
0.809403
1.176
1.69861
0.604363
0.777029
2.76313
1.89135
1.25012
2.06273
1.78831
1.24431
1.33162
1.31023
1.94932
1.38553
0.39576
1.5868
0.663728
1.98289
1.74868
1.8478
1.73491
1.11104
1.1788
2.97018
1.8743
1.00875
0.59393
1.32569
1.22646
0.471087
0.556585
2.30551
1.45998
2.14097
2.38808
1.31642
1.41097
1.48038
1.57359
0.466767
2.56834
2.82212
2.0641
2.19111
1.76386
2.52432
3.37964
0.615198
0.239189
1.57511
1.01897
1.01518
1.59609
0.871708
1.8792
1.58976
0.410728
1.9042
1.07784
1.78546
1.69938
1.4568
1.34282
0.979918
0.671526
1.89815
1.57552
1.53366
0.442478
0.655226
1.27638
1.20189
0.353231
0.891817
1.09353
0.362052
0.536129
3.15916
1.98832
1.90987
1.75116
0.304056
1.21445
0.689089
1.29478
0.38614
3.61506
1.49499
4.2362
0.984138
1.36147
0.690151
3.36402
0.415132
0.286245
0.432033
1.95377
0.955588
1.62113
1.47449
2.14688
2.0341
1.12417
1.97328
0.964725
0.965476
1.42495
0.446847
0.839961
0.735917
1.99194
0.648938
1.83924
1.39609
1.69435
2.3065
2.31566
1.46884
0.889012
1.70655
1.45674
1.3655
0.0557013
1.44603
1.25024
2.65321
0.310366
2.0037
1.31235
2.25143
1.31871
1.91146
3.12635
0.194702
1.29982
1.38289
3.91911
2.01047
0.399221
1.18776
0.734557
0.311081
1.01693
1.73599
3.25895
2.61404
1.55762
1.10135
1.08822
1.73981
1.43648
1.44979
1.40215
1.86678
0.771996
1.66515
0.0819679
0.351395
1.76391
1.03031
0.0569637
1.21857
1.59361
0.453257
0.90985
3.48379
1.28412
1.23703
0.582409
3.61314
1.87003
1.44554
1.04828
0.852257
3.0253
0.627703
0.44166
4.1844
1.38047
2.63816
1.997
0.649126
2.46784
2.1744
2.26609
2.6558
1.6013
0.256002
0.574445
0.848968
0.71519
3.38147
0.639299
0.626632
1.29209
1.07257
2.46448
0.187909
0.699691
1.04394
1.45414
0.901734
3.54829
1.198
3.11237
1.23235
1.13044
1.43738
2.80011
0.240083
3.31186
1.19881
1.472
1.55986
3.27845
2.14973
0.430191
1.16091
1.08318
1.42083
2.63932
0.173293
1.94761
1.19241
1.0568
1.04905
0.481404
1.23865
1.69528
1.34783
1.06197
2.22874
2.29752
1.18882
0.121865
1.56851
1.32874
1.22634
0.790851
1.71272
0.441101
3.69408
2.69486
1.82872
2.18029
1.1832
1.56776
0.782644
0.383224
2.71524
1.2739
1.5457
4.31014
2.81293
2.2174
3.26213
2.06486
0.482168
2.0076
3.76997
2.14329
1.49733
1.54051
2.34141
1.19564
2.67023
0.838418
1.79512
0.962694
1.26228
4.51071
0.35762
0.941648
0.704082
1.2175
0.350125
1.89456
1.93306
3.64999
1.98184
0.426003
0.497846
1.28671
1.61865
1.00354
1.0464
2.35753
0.378483
1.32652
0.962734
1.611
0.784808
1.76944
1.37171
1.52403
1.08403
1.28012
0.454532
3.23233
0.528435
1.87219
1.55077
1.79783
2.98222
2.682
1.77795
2.43752
0.677957
1.85542
1.86866
1.44059
1.00842
1.58945
0.500434
2.39066
2.0093
1.44788
1.96703
1.50936
2.03634
1.34265
1.35939
2.61723
0.678095
2.65081
0.49058
1.36909
1.45883
1.29304
1.44834
1.38752
1.94788
0.882225
0.791685
1.61106
1.7181
1.71426
0.193589
1.3405
1.60692
2.79533
0.334455
1.43938
1.56528
2.59121
2.21105
1.0669
1.43194
0.933455
2.04089
3.65053
3.32731
1.75077
0.437896
2.43347
1.17705
1.52046
2.6014
1.55547
1.90918
1.21555
0.34562
0.65253
1.56762
1.43742
0.486832
0.760273
1.54096
1.48934
1.63555
2.15909
1.1053
2.76584
1.21318
0.21394
2.15127
0.708161
1.7
2.66069
1.72325
1.48103
2.9353
0.847253
2.71178
1.82172
2.10809
1.0041
2.03711
1.7022
1.25834
2.33201
1.19257
0.540644
2.61657
2.35243
1.14196
2.03655
0.969974
2.74008
1.9846
0.777712
1.70775
1.12683
0.718651
2.27905
3.47738
2.67926
1.4943
1.87409
1.24995
1.93541
1.67818
2.28937
1.34645
1.94254
0.210831
1.22499
1.18683
1.58778
1.77437
3.10748
2.96921
1.91106
0.357875
0.855214
1.35042
2.57661
1.38779
0.743299
2.24727
1.18806
2.56723
0.860721
1.02407
0.497852
0.8733
2.07071
1.04813
3.41079
0.440598
1.77983
2.23822
0.598446
1.16241
1.41656
1.15998
1.98452
1.23151
1.08195
1.68748
0.215914
0.630265
1.25366
1.26404
4.48724
1.29044
1.89347
0.795061
2.34451
1.24266
0.531904
2.18328
1.85325
1.19565
1.28192
2.23238
0.58724
0.863382
0.59103
1.63401
0.871412
1.05722
0.689401
2.11921
1.7192
1.45981
1.50409
1.4167
1.78084
1.59092
1.04285
1.06442
0.866654
1.49768
2.40568
1.62148
2.69457
3.44657
2.47882
0.480741
1.09554
2.86104
3.39597
1.89809
1.13328
3.67953
1.36451
3.04657
3.27862
0.282215
0.582861
0.696106
0.712554
1.5154
1.6005
0.330111
1.19173
2.4623
1.04022
2.20025
3.31095
1.04925
1.44388
2.10274
1.48849
1.92705
0.670163
3.43199
0.848199
1.60591
0.48272
0.794312
0.464767
2.54628
0.373563
1.91545
2.31629
2.14138
1.51069
1.65294
1.82255
2.92672
1.11008
1.77307
1.38327
1.28185
1.7526
2.40731
2.43486
4.03653
1.30294
2.99744
1.99036
1.31333
0.634702
0.0713563
3.32881
1.92636
1.39655
2.36103
1.66797
3.26324
0.803901
0.561119
1.39243
0.577447
0.629659
0.716909
0.693235
1.58019
0.285421
1.24114
2.68257
0.599493
1.01916
1.63476
1.36788
1.43831
4.09172
1.85881
1.33712
0.971793
1.14456
0.411414
0.925813
0.154802
1.2114
3.48548
4.64187
0.510745
2.39962
0.639596
1.18882
4.09111
1.46664
0.834096
1.2699
0.260674
1.51371
0.827283
1.04347
1.21184
2.02181
1.41344
2.2448
1.56
1.12968
4.03413
0.76174
1.01181
0.132005
1.58172
2.75767
1.38531
1.80157
2.60118
1.41318
1.49555
1.04465
3.24296
1.47898
0.939035
2.27881
2.51906
1.52774
0.735178
2.14954
3.91752
0.354431
1.42101
0.175683
1.87084
0.322613
3.28567
1.75366
1.63454
2.31905
1.12997
2.20399
2.18772
1.3248
0.580907
2.5437
2.18597
0.714104
2.22539
3.26863
1.94614
0.53672
1.28399
1.12182
1.12472
1.93224
1.55659
0.982284
1.28928
1.22327
0.49486
1.78537
1.15331
0.858276
2.19851
1.5882
1.30131
0.802549
1.02582
1.16824
2.07559
2.33922
0.68298
1.47017
1.6952
0.380202
1.31625
1.55044
0.766467
2.03831
2.08673
1.89116
2.50025
0.843322
1.16824
1.2167
1.55506
2.10999
1.2968
1.07667
1.75292
0.840827
0.905338
0.318854
2.32519
1.09469
1.94629
2.72088
1.59031
2.20323
2.18033
1.36818
0.274547
2.22005
3.35735
2.29154
2.2551
2.81532
0.936086
1.27193
2.15065
1.95525
1.6255
0.0798985
1.10526
2.67884
1.57746
1.76827
1.20692
1.63052
1.58452
4.58357
2.59122
2.12513
0.155745
1.81919
1.60343
1.34991
1.3807
0.859125
3.3457
1.67575
1.08992
0.706628
1.56789
2.33251
0.533563
1.1789
1.65625
1.57694
1.31327
1.1557
1.06832
2.17633
3.18986
1.46362
1.50964
0.324721
0.760329
2.2691
1.98928
1.80145
0.87281
2.03017
1.53671
3.92129
1.77625
2.85393
1.56358
2.41049
1.63081
1.87396
1.43226
1.43664
2.84495
4.66071
1.77202
0.883034
1.35232
1.005
0.267417
2.31999
1.35735
2.08236
0.955896
1.67887
3.73656
1.58644
2.49264
1.12978
0.575288
0.468908
2.33886
1.53449
1.9639
1.49391
2.21228
3.06592
1.57183
0.549913
1.20548
3.95003
1.55645
2.53968
3.41873
1.43289
1.30954
2.16546
2.4082
0.219686
2.40379
2.16106
0.8798
1.06449
1.59388
0.946869
1.3946
1.3017
1.18603
3.4107
0.542972
0.922865
0.725198
1.05062
1.30541
1.57004
2.83338
1.31288
4.7094
1.23997
2.10299
2.10639
3.07343
0.249326
1.70653
1.09822
2.15061
2.45776
0.785937
2.22993
1.465
3.77571
0.425383
2.5505
5.52581
1.61873
4.4558
1.15148
0.942704
1.96833
0.655203
2.09366
2.09257
1.70848
2.4416
0.752475
2.24965
1.94625
1.10612
0.886152
0.897663
1.5815
1.35557
0.808246
1.09429
1.91202
0.46783
1.74584
1.48887
0.499619
3.70353
1.80098
2.15535
1.93501
0.978346
1.86033
3.43876
2.62924
1.76114
1.2905
1.07827
0.702296
4.8729
2.09394
0.943735
1.02947
1.79809
1.32456
0.675438
3.34608
2.00646
1.48439
0.87432
1.50208
2.69233
2.45463
2.03595
0.898971
0.388364
1.23461
1.24527
1.33294
0.455386
3.88354
1.38905
0.596504
1.13934
1.7805
1.78287
2.59536
0.965084
1.34683
1.96989
1.01874
0.959674
0.828947
0.122632
2.59
1.36214
1.34387
1.7662
2.37439
1.58431
1.61217
0.794439
1.40909
0.263689
0.244746
1.37448
2.21878
1.2681
1.51054
2.69439
1.05182
2.24514
0.511113
1.62504
1.1777
0.413828
1.07548
2.60926
1.87963
2.95336
0.233042
3.16176
1.03525
0.960515
0.527601
1.8809
1.19066
0.78759
1.55272
1.55529
1.48804
2.32049
1.54039
2.14409
3.54551
0.763778
3.09692
1.52902
1.07071
0.827644
1.6639
2.00859
1.09415
1.57249
3.06117
2.85684
2.91455
1.71786
1.0674
0.963956
0.420928
0.871086
2.59512
0.17684
0.78811
1.73363
0.549985
2.31281
0.924321
0.555472
1.63338
1.65351
0.248248
1.1151
1.41631
0.964824
0.512858
0.584585
0.694031
1.60148
2.08451
1.07469
2.33203
0.165266
1.18451
1.32333
2.23418
1.4396
1.47075
2.01523
1.01882
1.30914
1.35102
1.9133
1.35653
2.84706
1.25669
3.21588
0.29837
0.963188
0.682286
3.31375
0.453445
1.09194
1.48502
1.68694
1.09465
0.921928
2.02137
0.660483
1.42305
3.14951
1.00243
1.36793
1.73417
1.61076
2.32854
1.06914
1.05003
0.543589
0.668467
2.45141
1.4769
2.44137
0.783251
0.466123
1.3377
0.219793
1.48939
0.703464
1.76014
1.96539
0.927317
1.92564
0.642313
1.47295
1.46455
3.17531
2.53258
1.20721
4.08229
1.32895
0.226982
2.00299
1.27182
1.01912
0.525431
0.787023
0.161638
0.801305
0.46367
2.22888
1.71375
0.685284
1.01387
1.53178
0.868716
0.281343
0.843883
1.09279
2.17856
1.73974
0.521379
0.201636
0.225903
0.80549
2.21554
1.49435
1.32616
0.377553
4.21912
0.363979
1.50291
2.31769
3.28272
0.244353
1.43716
3.25908
3.23935
1.51347
1.22793
1.76095
1.74598
1.20847
3.86316
1.22924
1.49809
1.97405
1.21124
0.337965
0.866418
0.827984
2.56207
1.34135
1.37674
1.19292
0.694899
1.28189
0.638161
1.59701
1.68778
0.710937
0.830662
2.64498
2.88591
0.989837
1.9069
1.22743
1.43874
1.06122
1.98322
0.42823
1.19135
3.17041
0.510288
0.485064
1.67752
0.0888464
0.858524
1.65854
3.07737
1.51886
0.843056
1.26294
0.880715
1.48601
1.35892
4.62684
1.388
1.71817
1.95771
2.11872
1.28681
0.432248
1.44758
0.492279
2.58475
0.848106
3.18605
2.50256
1.14587
2.77886
0.658581
0.869573
1.10385
0.336264
2.77448
1.32504
2.55008
1.29256
1.4472
1.23363
1.88147
0.844407
1.15545
0.881631
2.86196
5.38237
1.14332
0.555952
0.559117
1.20388
1.07771
0.196469
1.5013
0.726324
2.43723
1.32764
3.02248
4.92231
1.93164
3.68499
1.45061
1.55007
1.50509
0.487786
2.4606
0.751429
0.293381
0.228246
1.91261
1.61638
0.860562
0.871296
0.881086
1.76422
0.910447
2.79732
2.35822
1.157
0.528059
0.343244
2.51787
0.659353
2.86938
1.41759
1.82276
0.595347
1.01339
2.75715
0.883235
1.1598
2.3888
2.06506
2.18756
0.766747
2.07436
2.30921
2.53887
0.675546
2.69016
1.52585
0.650733
0.445481
0.336954
1.50599
1.58712
1.11
1.98356
1.50461
1.98007
1.63103
1.49733
1.79421
2.35583
0.179337
1.26073
1.57212
0.861912
2.06126
1.08472
0.16761
0.720239
1.15777
0.389925
1.09366
1.53481
0.375851
1.37574
1.21162
0.421118
2.3648
2.18955
1.23531
0.348642
0.462445
1.50593
1.98973
2.44281
2.4503
1.12318
0.442921
1.16011
2.03207
0.261248
2.709
2.05666
1.6849
2.19806
1.98994
1.2783
1.25912
2.94003
1.4338
0.716636
2.70856
0.870454
0.586438
2.22994
0.889725
0.95235
2.08403
1.79529
1.59611
1.98051
1.41883
0.575388
1.06897
0.735168
0.619508
2.43882
1.84065
1.83994
1.29766
3.69873
0.930709
1.27889
1.35919
0.82676
1.3016
2.5394
2.36228
1.71488
0.935996
2.23519
1.75654
0.727185
0.661557
1.47708
0.122086
1.25583
1.93592
1.54112
1.1571
0.526623
0.410238
1.46359
1.8071
1.51801
3.48718
0.978819
0.699731
4.2692
2.61134
1.78244
1.8272
2.29499
0.502706
0.935328
1.32875
1.5383
1.22182
2.23922
0.313017
1.51731
0.325951
6.65544
1.18809
0.267082
1.21137
0.315421
4.09006
1.55808
0.923145
1.45742
1.65487
0.439834
1.64592
1.55569
1.69148
1.75919
1.00981
1.92759
1.86326
2.45162
1.50197
3.71101
0.763952
1.76003
1.23521
1.19948
1.12906
0.716843
1.89107
1.60112
0.983862
2.18731
2.71166
0.96692
1.08799
0.944348
1.38609
0.920834
1.41486
0.442176
0.921183
2.71966
1.829
0.358812
0.364384
2.55727
0.459778
1.4629
2.4796
0.478434
0.705395
1.71167
1.19192
0.893591
1.8006
1.02488
1.45109
1.31794
2.79325
1.59393
0.983279
1.21107
1.05595
1.74854
1.94382
2.19047
2.05534
2.16053
1.11118
1.51713
1.21279
1.28771
0.467612
0.519452
1.7058
1.85639
1.60338
1.8252
2.48515
0.882637
3.5061
2.15806
1.86409
1.388
2.26889
0.379731
0.71632
2.12487
1.28237
1.28662
1.25548
1.7972
0.823972
2.1471
0.538385
2.8563
2.24023
0.282446
0.45394
1.37734
1.65111
1.53035
0.314743
1.68166
2.16762
3.91209
1.71487
3.42716
2.29434
3.01459
1.75984
1.52421
0.3614
0.86925
0.387029
1.47934
1.57535
0.935378
1.06916
0.100948
2.73167
1.06846
0.66056
3.79354
1.5857
2.55645
2.22332
1.35851
0.473395
1.73155
2.48993
0.382899
0.59532
1.21509
2.19494
1.38766
2.15904
1.20901
0.740613
0.430695
1.84299
2.54424
2.85946
2.15026
1.39154
1.93877
1.11936
0.638499
0.167026
2.27646
3.65861
1.15674
2.64664
2.44874
0.932109
1.27932
1.26443
0.648073
1.36542
1.2277
1.3351
1.99824
1.33073
2.07822
2.66826
1.38932
1.48308
0.77351
1.88832
2.10913
1.10673
1.89143
0.864026
2.79539
2.85068
1.21095
1.35752
1.12283
0.734048
1.88984
2.3773
0.222454
0.556126
0.391012
1.56225
2.45604
2.71576
2.36681
2.99597
2.75405
2.40153
1.03346
0.851136
0.369071
0.857123
2.71594
2.64561
1.54911
2.38843
0.262537
1.59567
1.67688
3.803
1.0782
1.34328
1.57904
0.546033
0.836753
2.08016
0.80854
0.428872
3.62178
0.623403
2.0758
0.9469
0.713855
1.16455
0.442337
0.441023
1.16306
1.99409
0.549168
1.16558
1.02806
1.60722
2.78332
2.021
3.92157
2.54895
2.46315
0.255247
0.713298
2.45842
0.996243
1.36406
2.94024
0.782272
1.57564
3.1148
0.839563
1.37877
2.21891
0.976923
1.18907
1.42617
0.903432
1.22733
1.57707
1.87147
2.20029
1.19588
0.0600519
1.10139
0.650248
2.2136
1.47211
1.28203
0.513393
1.38435
1.67275
2.83861
0.68727
0.778327
0.296825
1.63699
1.36584
1.20292
2.28143
1.40692
3.18947
0.869627
0.711359
2.585
1.06556
1.2047
1.35256
0.918963
1.0055
1.45511
0.300794
0.277345
1.86878
0.650773
1.51459
1.03175
0.572913
2.34998
1.09341
1.45947
2.30232
2.6858
0.299732
1.06779
0.714189
0.771384
1.4174
3.31592
1.93406
2.09993
1.63708
1.11246
2.07627
1.71953
0.975234
2.55473
0.426196
2.65673
1.4465
2.16723
2.10089
1.07137
3.48852
0.388475
1.29315
1.61477
0.421066
1.35816
1.51623
0.586648
1.34365
2.7514
1.64791
1.33922
0.486539
0.34168
2.3007
0.821942
1.50478
1.43786
2.4951
2.21573
1.62061
1.6874
2.23576
0.914455
0.159636
0.187404
1.67682
0.0796405
1.62525
2.48073
2.88313
2.51035
0.762993
1.20976
2.02709
2.09381
1.36098
1.31724
2.8596
1.20295
1.63232
0.832923
1.01593
1.807
3.30624
1.06916
1.99999
1.52548
1.50526
2.83295
0.530439
1.85986
0.677489
0.0412786
0.355541
1.2036
3.28345
0.438246
0.93843
2.55243
3.30942
1.6483
0.991083
1.99661
1.45211
3.10043
0.681958
1.66244
1.38405
2.27881
2.89214
2.19546
1.58943
2.04151
3.76498
1.70474
0.64898
0.72409
1.93833
1.13443
2.54263
1.50029
0.741449
0.552943
0.195039
2.22685
1.40112
2.76929
1.89702
1.79091
2.11271
1.64087
3.0449
1.94062
2.33877
0.905401
0.268971
1.70259
1.43687
1.45271
2.24524
1.50354
0.272346
2.18375
1.17253
1.35118
0.567603
3.20164
1.20934
0.436966
1.44775
2.5942
1.47912
3.47464
2.52615
1.36721
1.5963
0.997004
1.50041
1.35177
1.77587
1.14538
2.07227
1.56677
3.13548
2.27419
0.893371
1.1141
1.08299
1.43254
2.88157
0.393462
1.25353
1.8379
2.01427
2.77132
3.18263
1.75337
1.67787
5.34649
0.532101
1.12077
1.0465
1.9314
0.546643
2.68984
1.37509
0.35981
1.89389
0.328047
1.51479
0.618426
0.690409
0.232897
2.04576
1.54017
1.49913
1.6398
3.10725
1.23962
1.10445
1.29229
0.501147
1.41991
1.40957
0.569
1.89596
0.968546
1.90615
1.91529
3.31679
0.260741
1.55502
2.37515
1.77943
1.32296
0.0786601
0.936621
1.78337
1.27504
1.77503
0.826021
1.9565
2.16805
1.80613
1.23033
0.188059
0.940166
2.32218
1.35695
1.31133
1.62238
2.24161
2.10884
2.60245
1.42315
1.51805
0.957227
0.273134
1.5415
3.29771
2.27013
3.20384
3.60023
2.45377
0.439544
1.59773
1.01422
3.5523
2.50812
1.446
2.37927
1.54873
0.814498
1.43834
1.0175
1.05368
0.473512
1.52146
2.86775
0.767234
0.638174
0.718876
1.08574
2.04146
1.82445
1.63441
3.80839
1.26545
1.14679
4.60658
1.06216
1.72177
2.39734
1.41607
4.2252
2.1099
0.728704
1.27707
1.7959
1.4925
1.10314
1.16811
0.854001
1.5125
2.16372
1.82706
0.849673
1.3938
1.67118
2.18207
0.282959
0.983443
0.997668
0.838562
2.60257
0.694709
1.87062
0.666653
1.26055
0.988239
1.71496
1.07839
1.07111
0.255067
2.71206
0.309206
1.37395
0.593321
0.302602
1.85473
1.64058
1.81526
0.952418
1.82282
2.95671
1.71617
1.51749
1.36886
1.81859
1.23821
2.23027
0.65441
0.979275
0.343712
1.72274
1.25632
1.24265
2.05827
1.15244
1.87403
0.116197
2.04694
1.49669
3.61589
2.02755
0.846219
0.86031
1.5161
0.984731
1.33525
1.82271
0.691138
1.10192
1.5654
2.47994
1.23239
2.19052
2.21533
0.336176
2.35926
0.221498
2.02831
3.15419
1.56717
0.268205
0.309711
2.07779
1.32629
1.74597
1.92869
0.828657
3.70199
0.309655
0.504166
2.04877
1.63162
1.76223
1.30049
1.10956
1.0808
0.928683
1.50804
1.99585
1.75486
1.66753
1.25235
0.177798
0.273411
2.11642
2.17694
2.40403
1.03441
1.91078
0.235336
2.63606
2.07993
1.2381
2.83027
2.32338
1.43878
0.295585
2.29694
2.73352
1.3029
3.77557
0.779206
1.71852
1.50316
0.356351
0.826393
2.60064
1.80425
1.20114
1.64771
0.783724
3.15942
1.34803
3.1435
1.25182
1.2992
2.82703
1.27743
0.994142
2.84741
1.00722
1.52576
1.23107
1.56718
2.43111
1.4211
1.36482
0.99416
0.784266
1.2882
2.94573
1.66808
0.342929
0.608509
1.88139
0.282881
2.52444
0.842845
3.17358
1.32194
1.33875
0.924677
1.50998
1.29033
0.177992
1.36553
1.99138
1.13489
0.238094
2.11953
1.33664
1.37256
0.213075
0.331318
2.14047
0.841537
1.33689
1.19405
2.7563
1.74129
1.63798
1.58928
1.30574
0.438653
3.91115
1.65861
0.525362
3.23613
0.661206
1.69531
0.806162
2.23346
1.0882
1.61214
1.90775
1.41561
2.09595
0.219861
1.49368
4.41539
2.08348
1.20791
1.37434
0.966124
0.321729
1.7568
1.01543
1.53136
1.82331
1.7689
0.996945
2.01211
0.535798
1.59804
1.03422
1.04531
1.58725
1.56682
1.50507
1.00278
1.44753
2.10319
1.05774
0.567474
2.05242
1.06195
1.86622
3.4727
3.24823
0.421065
0.944502
1.08906
1.52052
0.813865
0.403572
0.202642
3.26299
0.675673
1.65119
0.710524
2.61599
2.60153
1.2078
1.03505
0.989954
1.96408
2.31563
1.54796
1.17831
2.28256
5.18872
3.021
1.31822
1.10774
2.19524
0.819279
3.22642
2.75911
1.39273
2.55407
1.56898
3.54012
1.92541
2.59905
1.31179
1.00286
1.68726
0.930494
1.73661
3.12729
1.9939
0.982068
1.20441
1.17179
2.45428
1.31703
1.50474
1.12009
1.29699
1.56449
1.16883
1.34187
1.24863
2.77067
1.30405
1.92044
0.939865
2.49462
1.55969
1.2334
1.85876
0.977062
0.927324
0.935556
3.80819
0.76532
1.48967
0.466717
1.72821
1.96527
0.554085
0.896125
1.89826
1.29049
3.15678
2.39273
0.998826
0.88438
1.94809
2.33654
2.06145
0.735944
2.83103
1.19906
1.16676
1.44314
0.811129
2.06487
4.96682
1.5235
2.71214
0.477693
1.24282
2.54972
1.277
2.94946
2.85291
2.0449
1.49678
4.13832
1.65254
0.382353
2.08978
1.26223
2.13194
0.132816
2.23682
0.721958
2.57705
0.844378
0.801461
0.337313
1.35564
2.56178
0.531487
1.77691
0.841797
1.07519
0.874811
2.46168
2.28193
1.80734
1.52745
1.044
1.0619
2.2121
0.699934
2.15361
1.45433
1.63249
3.1198
0.823555
0.883033
1.08171
0.33696
1.33463
3.90739
0.268611
1.4544
1.93897
2.11765
1.38941
1.83582
2.26691
0.342604
0.386301
1.09757
1.88912
1.76561
5.00972
1.60211
0.237502
1.33006
2.00019
1.44313
4.40114
0.16581
0.349929
0.943866
2.11665
2.07929
1.75013
0.861953
1.03562
1.34748
0.468071
0.945336
0.194194
2.1112
0.342809
1.29158
1.45672
1.58729
2.42597
1.14884
0.651874
2.15767
1.76241
2.78023
1.05478
0.950874
0.448176
1.39354
2.4188
0.323877
1.75995
1.6129
2.31558
1.70291
0.227489
1.3259
1.21184
1.44366
0.887672
1.52965
0.936839
1.70864
1.00665
2.26136
0.193951
1.93687
1.49493
1.30866
1.5253
1.9601
3.08918
1.13166
1.53854
2.58625
1.33696
0.246546
0.749056
0.75865
1.57452
1.27451
0.404789
1.34827
1.51832
2.53784
1.37848
1.68459
2.91385
1.59159
1.47298
0.349981
4.82727
2.28054
1.49239
0.138922
1.72873
2.39387
2.84136
1.24855
1.43773
0.954413
1.03056
0.796513
2.47473
0.487069
1.70512
0.974431
2.74955
3.25734
0.47666
1.14822
2.34827
0.793807
1.98047
1.13519
1.32471
0.842453
1.23832
1.67088
1.48387
3.35137
4.06584
1.95202
0.245789
5.92669
1.26869
0.841883
0.979963
3.46817
1.41601
0.678078
1.13354
0.964629
0.116066
1.86119
1.84906
0.90176
2.02808
1.87787
2.96289
0.813265
1.23628
1.32023
1.28495
1.52994
0.859163
1.06057
1.63097
1.86719
0.783194
1.01858
1.17185
2.37836
0.638807
1.25946
0.546116
1.41547
0.944899
1.35803
1.2445
2.18542
2.79354
0.425869
1.62473
1.75949
2.10881
3.27169
1.13521
2.47682
1.20762
1.13052
1.33223
0.626919
0.935054
2.67086
3.43068
0.428776
1.99304
1.90326
1.1282
1.78402
2.29154
0.901699
0.78871
0.834747
0.779518
1.61707
1.8611
1.7758
1.33934
2.62358
1.96012
1.92224
2.16465
0.468865
0.276275
1.86512
0.325088
1.67665
2.03602
1.48219
2.8985
0.772436
2.12315
1.79094
2.729
2.53597
0.847031
1.92183
2.44626
2.3752
1.64663
0.317735
0.674269
1.46693
0.826743
0.191546
2.0032
1.50834
2.59948
0.696209
1.87154
0.226133
1.19737
1.84114
2.95599
0.829035
0.949886
2.23625
1.10935
1.31175
1.26852
0.140169
1.70949
1.55776
1.6105
1.49336
1.10475
1.77617
1.68269
2.32982
1.21316
2.22944
1.1391
0.180164
0.907911
1.0089
0.274042
1.19102
1.96592
1.96563
1.54319
1.27819
0.623275
1.72886
0.542289
2.65554
1.75463
1.11167
1.20801
1.70553
2.75127
1.51996
1.20117
1.29991
1.45487
1.23473
1.04616
1.09778
2.0113
1.86751
1.6161
1.43797
1.63835
0.385632
3.72072
0.916566
2.62631
2.13272
1.53161
1.29117
2.55651
1.37667
0.602856
0.813823
0.839106
0.995
1.21623
2.1058
2.08279
1.81576
1.57306
1.95797
1.18578
1.7512
1.85051
2.51702
1.42517
1.57408
0.245207
1.76654
1.49052
1.00189
1.16308
1.3913
2.82734
1.33428
2.6217
1.09442
2.24521
1.25078
0.200124
0.656168
0.70353
0.851206
0.848817
1.39454
1.20968
1.3872
0.84418
3.6863
2.86742
1.83443
1.14072
2.01135
2.25431
1.91694
2.26449
1.83341
1.20425
0.908422
1.701
2.91604
1.50488
1.23472
1.10797
7.35568
0.562973
2.53661
1.10972
1.28373
1.85174
1.39449
2.40415
0.476972
2.42299
0.793981
2.8361
2.34922
1.18489
1.16395
2.45416
1.17696
1.00023
3.48259
1.29838
1.08556
1.26196
1.88762
1.54369
2.08085
0.39364
2.27626
2.63782
1.00953
0.923376
1.79351
1.60232
1.43854
1.74187
0.915038
1.98902
1.17987
1.38465
0.737984
2.45955
0.604597
2.05244
1.20751
0.0334958
2.12139
0.225653
1.23173
3.85642
1.092
1.06458
1.31142
0.482242
3.969
0.982673
4.25888
1.01009
1.45972
0.45078
1.45957
0.558744
0.287034
0.730445
2.42696
2.18081
0.758346
1.16191
1.76189
1.40902
1.2476
2.09291
1.21788
3.13559
0.703675
1.69987
0.900666
0.538547
1.75733
0.897591
0.90576
1.38324
1.2765
3.52009
2.4842
2.56369
1.34517
1.01134
0.172622
1.66831
1.37504
1.35205
1.19995
0.314572
2.43002
2.6255
0.76099
2.41038
1.8737
2.26957
1.02066
1.04278
1.88763
2.0009
1.7477
2.19661
1.66439
2.20808
1.668
2.45111
1.36505
2.01267
1.79598
0.275633
2.11285
0.301216
0.667422
2.13942
1.98091
1.42252
1.15763
1.76208
4.85506
4.14498
1.41525
1.84661
0.823983
2.06491
2.05813
2.05693
2.66524
1.5244
2.57272
3.86341
2.60431
1.31117
0.768148
0.944535
0.531681
1.23818
0.437701
1.90817
1.43338
5.96982
0.329818
0.519522
2.0346
2.30379
1.49033
0.118135
1.62959
0.845928
3.52995
1.17081
1.22626
1.35298
2.45774
0.575905
1.39654
1.73856
0.381237
0.687416
0.263387
3.05799
1.55034
2.14543
1.62189
0.892256
0.462218
1.81746
1.18403
3.25319
1.14779
1.40351
2.089
1.53245
1.69153
2.34763
1.4683
2.2272
1.79605
3.51425
2.04165
1.72389
0.299125
2.06442
2.80252
1.9877
0.401752
3.13716
1.63211
1.65607
1.06965
2.03733
1.52187
2.69035
1.60496
1.36755
1.74137
0.541879
2.07806
0.877355
1.74815
2.55529
2.03793
1.26451
0.545665
0.660923
0.979774
3.47246
1.94317
0.841331
1.00042
1.71953
3.43301
1.8041
4.46124
1.18543
1.13363
0.26434
0.320595
2.61452
1.05189
2.09649
1.09474
2.25585
2.3711
1.55093
0.425076
1.78614
1.58506
2.78278
1.79449
0.633581
0.62547
0.287318
1.70978
0.444897
2.24158
1.70903
2.46842
3.69561
2.10517
2.34722
1.79343
1.46295
1.23352
0.32136
0.857518
0.76273
2.0116
1.00283
2.37709
1.24199
0.922102
0.579635
2.3799
0.244063
0.0928398
1.71117
1.19321
0.571788
2.13332
1.03531
1.28403
2.09988
1.90949
0.509839
0.480294
1.62721
1.40759
0.26888
1.72327
2.09771
0.922831
2.64057
0.818995
1.25814
3.389
1.41598
0.848803
1.59379
0.382196
2.42066
0.66632
0.406522
0.926688
1.9471
1.19189
1.72878
1.1787
0.333837
0.628262
1.35898
2.34975
0.237085
1.56212
1.33845
2.09549
2.19077
1.04575
1.76431
0.794065
2.32619
0.27038
1.17181
0.176797
2.25076
1.03882
3.48995
0.773625
0.870061
3.05754
0.287218
0.986435
0.856429
1.25088
1.34851
3.26265
1.61861
2.26488
0.667827
1.42162
0.640521
0.789452
4.57417
4.41579
0.83648
0.713408
0.708179
1.14551
2.24139
1.01128
1.51241
1.61919
0.944933
1.79756
1.71675
4.23369
1.62267
2.01323
1.28252
0.538696
1.15688
4.15687
2.07121
0.367786
1.57729
2.08091
2.25503
1.58427
0.636444
1.90216
0.685931
0.644768
1.34204
1.62273
1.27538
3.15294
2.02988
1.37208
0.359526
1.32636
0.739425
0.725552
1.60213
1.41503
1.84557
1.83518
2.44551
2.06096
1.01735
0.33741
0.306475
1.95697
1.03702
1.18126
3.3523
2.60469
1.36528
2.43242
0.379139
1.66233
0.485
1.60378
1.23111
1.49347
1.55732
1.24298
1.54664
1.43991
1.71871
1.3685
0.981942
1.11314
1.56925
3.86483
2.41115
2.30098
3.42588
2.95044
1.82531
1.6167
0.898518
1.74419
0.571622
1.50887
0.887168
0.305947
1.57347
1.73394
2.27443
0.385062
1.56057
0.874825
1.5978
0.940998
1.46211
1.71213
0.811578
1.11967
1.17758
0.887654
1.58802
0.250927
0.919837
0.847927
1.20923
2.47523
2.60424
0.901773
2.26278
1.40291
1.01705
1.40657
1.92942
1.24703
1.80955
1.04723
1.92497
2.56211
0.596112
2.04133
2.05064
0.744188
1.14656
2.00633
1.37022
1.68882
0.569062
1.75981
2.00702
3.40153
1.76872
2.12164
1.3002
1.60822
0.171832
2.45123
0.805794
2.05399
2.16157
1.25427
1.5593
0.438004
1.49526
0.242569
0.919663
2.13218
0.694018
1.97974
4.77024
0.383652
1.86178
2.48958
1.95038
1.46629
1.42981
1.34223
1.14323
1.53385
1.08345
0.879655
1.45953
0.912558
1.33597
2.74162
3.03996
1.44432
0.981699
2.94731
1.25984
2.51011
2.02922
1.09707
1.07373
2.39101
1.87481
0.285269
2.02648
2.21585
1.39279
1.58641
0.659722
1.73167
2.02648
3.19452
2.54985
0.542396
1.35638
0.843948
1.41164
3.86489
1.41277
1.61505
0.813892
2.64809
1.21481
0.988288
2.9517
3.23249
0.425187
0.211245
0.4123
0.928166
1.67578
2.15601
1.4834
0.769081
1.85759
1.28471
0.164191
1.91612
0.502574
2.66607
1.47152
4.30944
0.0644991
3.50999
1.47448
0.957894
2.22809
3.00561
1.17929
1.3297
0.907608
1.26486
3.50348
1.17041
1.58022
0.748424
0.481205
1.13381
1.47976
2.54121
2.14813
1.45452
2.61305
1.21789
2.27956
1.43024
1.29758
1.56763
0.751852
1.35434
1.29989
0.628309
0.984139
0.216137
1.04703
0.317244
1.54054
1.33816
1.8094
0.755513
2.3612
1.62942
1.64084
0.378817
1.54889
0.925323
2.83909
2.6008
0.533217
0.817599
0.988902
1.12112
3.26499
1.80423
1.67494
1.94759
0.183303
1.21027
0.126137
1.21162
1.24427
1.52228
1.82073
0.440456
1.67845
0.988034
1.05662
0.49741
1.04497
1.91587
0.628359
0.855915
3.55592
0.685025
2.65235
1.10603
4.2571
2.19896
1.94782
0.293613
1.18149
0.96871
2.60228
0.621857
4.52866
2.06442
1.59455
0.165792
0.790152
1.52443
1.29119
1.6436
0.949881
2.323
1.55101
0.905816
1.86599
1.08508
1.33299
1.8874
1.95829
3.16163
1.0706
1.59241
1.13407
0.993912
1.29822
0.817767
3.34914
3.07455
1.16846
1.61543
2.50944
1.64656
3.81241
1.26615
2.47483
2.24953
2.26917
0.438163
2.56454
2.01356
0.844557
1.83282
1.96911
0.310438
2.35304
0.710305
1.46331
2.84975
1.42249
3.05617
2.28057
3.25171
2.31803
1.09081
0.382306
1.24664
3.76974
1.48911
1.78856
1.3257
1.40887
1.37637
3.58037
1.36013
0.324951
1.35664
1.06984
2.89963
1.47801
2.43471
1.41441
0.822769
1.16463
1.68425
1.84519
2.71519
1.51569
1.12124
2.13776
1.75847
1.29856
0.458083
2.12647
2.56347
1.09554
0.968834
0.336909
0.499639
1.46355
1.18426
0.569785
0.0665489
1.14769
1.40736
3.83018
0.382355
0.599844
3.97522
1.80018
1.45385
2.2304
0.453782
2.13602
0.200253
0.789204
1.80559
2.19568
2.08709
3.82778
1.47552
0.910252
1.33423
1.71296
0.610075
1.20393
1.78847
0.79852
3.19325
0.984338
0.54322
1.89783
1.36107
0.371991
3.00719
0.888771
0.643381
0.220169
1.08331
1.08341
2.22696
2.14222
1.05017
1.4674
0.675323
1.21127
1.03931
1.64248
3.73464
2.17473
1.98868
1.16785
2.16731
0.551431
0.526539
1.15475
0.870431
1.14984
1.31191
0.944374
1.11085
1.71048
0.168905
1.43406
1.28598
1.53318
0.987773
1.56326
2.95384
2.54371
2.45555
3.57863
1.54613
2.23851
0.425807
0.569536
3.00333
0.858952
2.56443
1.48873
0.975388
1.42859
0.157603
0.853087
0.2388
0.527705
1.65759
1.8581
0.852152
1.16927
1.15412
1.15799
1.99966
1.05825
0.576132
3.1501
1.52012
2.17769
0.956866
3.14895
2.72069
1.66019
2.29356
2.66785
0.58883
1.58759
0.118651
1.11904
1.68116
1.08452
1.85257
2.65551
0.472331
2.16585
1.08112
1.47255
1.43698
1.28294
2.2393
0.774511
0.433803
1.73659
3.05602
2.05003
1.8704
3.60753
3.09304
0.646477
1.91359
4.1484
1.82519
4.48282
0.666456
1.45998
3.88181
0.90818
1.68197
0.961916
2.09559
0.61835
1.13954
1.0942
1.11626
3.32227
5.14015
1.34171
1.75075
2.34599
0.880611
0.929783
1.82896
2.36148
1.17803
2.90049
1.00592
0.855169
1.19282
0.398033
0.263398
0.797169
1.89179
1.28897
1.87401
0.489989
1.40496
1.87794
1.22131
0.938793
2.3338
1.92116
0.288867
1.12057
1.12603
0.57556
1.93491
0.450481
0.356268
1.01727
1.82314
1.30546
1.39886
0.942833
1.4117
1.24969
1.69959
2.26807
1.16149
1.13031
1.44534
1.39113
1.88405
1.03349
1.37999
1.41699
0.155673
1.22705
0.678681
1.48819
2.40874
1.68143
1.44127
0.350259
2.54821
1.53867
0.145594
0.935686
1.78249
2.18324
1.17805
1.50739
1.28442
0.383753
0.0754231
0.275578
1.69335
0.954347
1.50971
1.35372
2.17841
2.21553
1.13274
2.64682
0.964988
0.941329
0.803512
2.24051
2.10564
2.33731
2.51822
1.68803
2.16431
2.39713
1.51951
0.619418
1.93383
0.416437
1.9176
0.355727
1.55805
5.49444
1.56789
1.76453
0.951759
1.37149
0.970273
1.46447
2.0174
1.82796
2.40325
2.36562
3.31608
2.18414
2.63767
1.27504
1.85789
0.99429
1.74794
1.11767
0.89012
0.983193
0.850533
3.33241
0.200801
0.793129
2.84325
1.26904
0.250588
2.98237
0.380346
2.01717
2.85277
0.135956
1.56664
0.811557
0.45324
0.472948
1.29421
2.30119
1.48242
0.431893
0.492514
2.14176
2.25337
2.79586
1.42492
1.60874
1.07556
2.07617
0.639182
1.06094
1.91243
0.574432
0.807776
1.88274
1.70508
2.54007
1.38653
0.198258
0.650927
0.59613
1.87712
0.329255
0.482277
0.427311
1.61681
0.719272
2.18061
1.09957
1.4799
0.501926
0.313782
1.16185
0.133827
1.80753
1.45107
1.90701
2.27685
2.6959
1.14417
2.24996
0.260997
1.19695
0.699507
2.41371
3.77774
1.02513
1.99663
1.62385
1.14932
0.853523
1.87385
0.545943
1.52227
1.1861
3.00685
1.06747
1.18001
1.71643
2.50385
1.64339
2.34702
0.767396
0.38093
2.51533
1.30393
1.97321
1.4898
1.19624
0.648495
0.929407
0.663263
1.93604
1.53498
0.81801
1.58943
1.3766
0.654324
1.12209
1.18266
0.857899
0.833886
1.32912
1.83095
0.434699
0.741625
2.90585
2.06452
1.56747
2.3974
1.81539
1.31364
2.28259
1.67301
1.3013
1.30424
0.470923
1.90137
0.428584
1.41013
2.50171
1.91301
1.48748
2.92135
1.49319
2.36913
2.43713
1.26552
0.561705
2.56554
1.24194
1.64323
0.0728412
0.894404
2.12032
1.305
0.908414
1.13491
0.698062
2.78747
3.3821
0.0861331
1.97754
1.70259
0.684945
3.8109
2.24612
1.45466
1.69152
1.06768
0.752905
0.770272
2.82822
1.97494
0.840101
1.36639
1.65395
3.46965
1.41519
1.50754
1.26453
2.35487
1.54854
1.92595
1.83081
1.25688
0.283677
2.07632
0.171902
0.559508
2.23027
0.618045
1.30369
3.44915
6.33882
2.23751
1.62165
2.70225
1.30107
1.06297
1.76494
0.988328
0.488534
4.17836
0.365064
0.245822
2.07888
0.277882
1.82371
1.9235
1.12984
1.87799
0.59529
1.02081
1.57312
0.943442
0.936852
1.2865
1.91881
1.26236
0.836185
1.99784
1.95144
2.9581
2.00046
1.83598
1.57983
1.13396
1.68469
0.267496
3.30669
0.383996
2.37476
0.468405
1.14847
2.43257
0.954809
0.895821
0.946188
1.61786
2.52894
0.628068
0.671287
1.26852
2.96111
1.66222
2.19316
1.34092
1.08664
0.0827098
1.19365
2.07268
1.35406
1.91527
1.42102
1.44177
2.01612
2.18345
0.332492
0.189858
3.49898
1.11098
0.699279
1.25676
1.85886
1.52455
2.71255
1.83531
1.1065
1.61928
1.69952
1.49739
1.39057
2.62134
0.437584
0.739746
2.97566
1.37435
0.244017
1.37069
1.71093
1.45339
0.256074
0.528231
0.533368
0.498949
0.781985
1.51546
1.20746
1.21534
1.65687
1.17448
2.79299
0.299013
2.82075
1.31432
0.680861
0.444429
2.57726
1.65166
1.87561
2.29461
1.08743
0.120975
1.25944
0.74186
1.34753
1.00289
1.55197
1.97493
0.917082
1.38306
0.957543
2.30377
3.52058
0.468807
0.109455
0.521869
1.54009
0.442725
2.07213
2.76377
1.80988
1.32326
0.907345
0.39601
0.775689
0.572029
3.00315
2.23399
1.0152
1.41784
1.01434
0.344329
1.70118
0.656012
1.4762
2.3489
2.79327
2.02773
2.2163
1.82779
1.46712
2.07667
2.36499
1.15326
1.36004
3.17538
3.84511
2.21242
2.03322
0.996782
1.15771
2.99986
0.264516
1.0081
1.03267
0.464493
1.0375
1.91447
1.1607
1.82921
3.875
1.13197
0.756787
1.4918
1.70826
0.339555
2.67138
0.711035
1.28043
0.698058
1.42195
1.33299
2.81406
0.18644
1.2112
0.996246
1.46245
0.87203
1.07734
1.42604
0.301562
2.63117
0.783241
0.997763
2.67141
0.591424
1.9643
0.756682
0.130618
0.347331
4.76769
0.58378
2.50981
2.23503
2.17708
3.02717
1.99567
2.26293
0.987354
1.43028
2.65609
3.33129
2.78295
0.768808
1.08798
1.18755
0.953028
1.24671
1.46242
2.56925
1.76046
1.88862
2.55859
3.53453
3.37644
1.08607
1.264
1.37178
0.808243
1.31897
0.813289
1.60432
3.04648
0.538844
0.58509
2.37826
0.827452
1.09221
1.82624
1.96878
1.35621
0.847414
1.29978
1.43554
1.47642
2.67755
0.578048
0.772615
1.64443
4.93203
0.577405
1.42212
2.70174
0.678835
1.37256
1.22281
1.39797
0.911082
0.56915
2.05745
2.0693
2.06589
2.81723
2.11667
1.98947
1.79362
1.16984
0.656674
2.89961
0.760117
1.03586
2.69959
1.28519
1.41922
0.990684
1.38278
0.706051
1.64737
0.953727
3.49376
0.786882
1.30393
2.15374
2.13726
3.03934
0.70771
0.378712
0.718996
1.6409
1.1992
0.384051
2.60186
1.72674
1.66784
2.86872
1.61949
1.24878
1.05128
1.20462
1.57529
0.783164
1.68156
1.49501
2.62533
1.6775
3.11396
1.6314
1.56881
0.936106
1.01698
1.92704
1.4194
1.93719
0.789187
0.533824
1.22788
2.52243
4.23386
3.25976
0.459387
0.415304
2.41495
0.779945
1.74924
1.24821
1.10096
0.979236
0.351717
1.71593
2.24108
1.24734
1.09197
0.376373
0.756583
1.46834
1.38061
1.12166
1.49395
1.92481
1.51247
1.87659
1.72472
3.43673
0.949689
2.61449
0.400819
1.06451
1.15929
2.96232
2.20839
0.779433
2.56179
1.91727
1.33206
2.12611
1.90616
1.59109
0.423046
0.851536
2.09911
0.133073
0.533774
1.43985
2.71241
1.88166
1.26299
0.704613
1.12547
1.12324
1.24042
0.880377
0.863319
2.2562
1.81874
1.25969
1.59987
0.623292
1.12507
1.35366
1.58408
0.715636
2.98961
1.85543
1.05688
2.01571
0.978523
1.66225
2.43552
4.24195
0.563083
2.61963
3.80785
1.37697
1.3215
1.35687
1.87152
1.08405
0.567034
0.780468
3.25075
2.16656
0.211631
0.285151
1.22254
1.26298
4.34994
1.2638
0.814364
1.49134
1.68518
1.06494
2.54878
0.446981
0.588874
4.6779
1.158
0.30084
1.88138
2.12095
0.578631
1.92157
1.39959
1.37068
1.42642
2.9405
1.31856
1.66721
1.27585
2.58887
1.72427
2.23297
1.0946
1.25956
3.13923
1.35817
0.793129
2.19224
0.32955
1.43378
0.348419
1.22657
0.820662
1.22804
0.929674
1.20279
2.04515
2.48051
0.794571
0.705453
0.912172
0.21503
1.247
2.08742
2.51454
1.74373
1.84792
1.42585
0.0969519
0.719587
1.14802
2.40684
2.09509
1.57463
0.361207
0.296008
1.50272
2.73602
1.90655
2.0194
1.26287
5.28529
1.34813
3.53259
1.82275
2.83083
1.31193
1.08201
1.21534
1.5795
0.945984
1.42678
2.56885
0.791614
2.08768
1.92737
2.31278
1.30005
1.7588
2.41358
2.2002
0.547232
0.253078
3.41919
1.56801
1.40013
3.29868
2.14868
0.739863
1.74656
1.33028
3.15481
0.961407
3.8612
1.44463
2.63974
0.185601
0.527979
1.19151
1.92467
0.994982
2.09884
0.378034
2.20209
1.44856
2.12118
2.07571
1.38579
2.30593
3.45965
2.92091
1.05301
1.04132
2.67258
1.13632
2.54198
3.74262
2.26163
0.351453
4.78859
1.46348
2.3927
1.38157
2.37735
1.20487
3.13855
0.531481
1.33524
0.419611
0.500155
0.767866
2.84608
0.337149
1.7952
0.078144
1.60378
1.66299
1.34436
2.21683
0.182254
0.965159
2.02482
2.7645
1.03278
2.62117
2.17456
1.58156
0.370612
1.91547
1.21411
0.576871
1.88923
1.03151
1.61806
2.87173
0.104629
1.7899
0.723808
1.81832
1.7961
3.24439
2.2745
0.91491
1.26813
2.10789
1.653
1.83255
1.44154
2.27177
1.19168
1.79749
1.67468
2.40866
1.20463
1.90055
0.799023
1.02211
1.85119
2.11435
1.35251
2.79617
3.16026
2.81141
1.23968
1.15241
0.680194
1.73906
0.364247
2.66966
1.92863
1.46102
1.44088
1.05759
2.99153
1.68902
0.598562
1.86305
1.82356
1.15904
1.69624
1.807
0.287298
1.71614
1.94176
1.68679
0.840851
1.56658
1.72213
0.891273
3.82178
1.81474
1.59748
0.696317
0.756715
1.08341
2.03088
0.348637
1.43663
1.32829
2.32444
2.09851
2.77958
1.06621
1.61096
1.40667
1.8916
2.32093
0.69101
1.39831
0.499851
0.836671
3.847
2.64662
1.06814
2.58155
1.18427
2.20212
0.793346
1.73561
1.49447
1.66712
0.308201
2.16851
0.884814
0.814987
1.82797
3.96322
2.49448
0.618622
1.01332
1.94264
3.34148
1.5505
0.899631
1.65131
1.71103
0.841959
1.92351
2.12086
1.0368
1.7098
1.12958
1.02798
1.36015
1.27917
1.45898
2.49208
0.24604
0.999638
0.90667
1.18743
0.24644
2.02963
1.59368
1.76447
2.42403
1.72523
2.139
1.99481
2.09306
1.58849
0.249064
0.720567
1.98728
2.13682
2.28733
1.93386
1.40636
1.15238
1.06728
1.6028
1.28964
1.94555
0.208249
1.61706
0.0985939
1.32519
2.24254
0.220029
1.26133
0.511325
1.17033
0.800595
2.38041
3.62206
1.2273
0.71302
0.985596
0.298824
2.22832
3.8068
0.557315
0.684366
4.63118
1.34188
0.932722
1.18491
1.0725
1.56314
1.58014
1.62596
1.31322
1.66434
0.968714
1.1148
1.41955
1.98064
2.05331
0.242375
1.38703
1.28501
5.59527
0.817348
2.56291
1.98303
1.53563
0.772062
1.01628
1.64183
0.884368
0.303054
1.23426
2.27044
1.94572
0.522631
1.9897
1.34691
1.58311
0.596712
0.698491
0.0393074
0.717235
1.39329
1.36205
0.378571
2.037
0.190912
1.23448
1.54606
1.66813
0.590985
1.65641
2.68569
1.91413
1.2733
1.50186
1.65373
0.862568
1.39543
1.21347
0.133816
1.8078
0.308286
2.04455
2.62071
0.714544
1.63137
2.16601
2.03322
1.57223
1.75281
1.78772
2.34648
0.998562
1.28312
1.1933
1.0974
1.66397
0.475909
1.56867
2.84249
0.670308
2.6576
1.22784
1.27527
1.46134
3.6336
1.19865
0.342692
0.970505
0.491282
1.11099
2.04946
2.24815
1.34789
0.233006
1.51841
0.250315
0.905341
1.54288
1.20522
1.81391
1.35899
3.45044
1.61372
2.50415
0.209684
1.29709
0.877879
1.14849
1.58825
0.7052
3.23018
3.41438
1.70271
0.859015
2.28565
0.369349
1.33992
1.69175
1.65892
0.560432
1.68207
0.894865
1.24872
3.38402
0.564263
1.20167
1.27966
0.380192
1.12677
1.38186
1.50806
2.86642
1.50556
1.5266
2.50376
0.810057
0.737178
1.66638
0.716834
0.589593
1.50867
0.766213
1.85789
0.0762811
0.985937
1.07198
2.4835
1.05326
1.27237
0.993002
1.23959
1.21929
2.65353
1.67885
0.341094
1.1509
0.12498
1.43967
3.74719
1.49734
1.01552
4.39248
0.93785
2.65216
1.80898
2.61481
3.02027
2.17537
2.35618
2.69234
1.67083
2.15314
0.501762
1.84371
1.17157
0.525563
1.5066
2.1586
1.11108
1.00788
1.28919
1.36519
1.79263
2.03106
1.67117
1.83325
3.03507
1.89329
2.76244
3.17444
1.23971
0.688805
0.78362
1.80737
1.56177
2.09177
2.724
2.68881
3.55299
1.10533
1.95301
1.9107
3.49357
0.842417
1.40085
1.55256
0.939908
0.247182
1.18311
1.59851
1.47317
4.26702
1.5818
0.263993
3.59092
0.999516
1.37198
2.15628
1.43419
1.91483
1.2494
1.5488
1.37923
1.10546
1.12058
0.273183
2.92872
1.24683
1.7962
2.15666
1.11224
0.667972
1.51801
2.94309
0.936772
1.43919
1.15897
1.38558
0.735637
1.44122
3.13429
3.90405
1.10456
1.36371
1.02169
1.40934
1.68481
0.578734
4.331
1.86443
2.59721
1.59764
1.74247
1.79833
0.486164
0.881517
1.21911
0.678081
1.17572
2.00149
1.16158
3.08799
0.854411
2.43003
1.58869
1.81968
2.84251
0.816478
2.43035
1.04282
1.1209
1.56668
2.02088
1.67477
1.52497
1.33749
1.46816
1.44116
0.318482
1.17026
1.37979
0.924102
1.57783
0.447367
1.96554
2.51116
1.44735
2.90251
0.993389
4.36203
2.21138
1.61665
1.04357
1.15196
0.860011
2.32505
1.58194
1.42948
1.01334
2.45929
0.920951
1.08755
0.738112
0.778515
3.58411
1.40993
2.53696
2.31173
2.53073
1.72586
2.20198
2.19632
0.424356
1.3232
1.66155
2.08806
1.07514
2.20713
1.39091
1.79378
1.08826
1.714
1.16057
1.14257
1.00169
1.1523
0.482331
1.1509
2.62535
1.19862
2.92251
1.03101
1.99636
0.685985
0.14481
2.64084
1.6273
1.39978
0.354122
0.84612
1.77247
1.33604
2.05434
1.35931
1.59078
1.37404
3.29105
2.39573
0.785093
2.15399
0.863773
1.07549
2.02605
2.59293
0.97564
1.23109
3.85687
1.02042
1.78
1.77272
1.24707
1.50273
1.23008
1.20719
0.68309
0.0268916
1.54085
1.47146
2.06942
1.72636
1.76176
1.32502
0.897709
1.00862
0.604113
3.24246
0.593854
3.24354
1.09592
0.381419
1.86205
0.381602
0.835747
1.84047
0.789026
3.02614
1.96795
1.46215
2.03862
0.214723
2.37805
2.2936
1.18299
1.75795
1.8717
4.19872
0.461723
1.4556
1.00791
0.534183
1.13432
0.681309
1.34613
1.54833
1.29011
2.01943
1.20578
0.529422
1.84131
1.9699
3.77025
0.977367
0.772271
4.20959
0.477826
1.57472
1.21111
0.966294
1.46375
1.61571
1.44315
0.280941
1.16844
0.624413
1.79068
2.1437
2.58271
0.386755
0.173946
1.98442
1.31215
3.01405
0.98142
1.24471
1.99496
1.2833
0.6435
1.28684
1.77983
1.15159
0.676684
2.01907
2.5288
2.29066
1.51189
1.23646
2.52706
1.13973
1.3189
0.16663
0.895101
1.78504
2.31365
2.64079
1.20769
1.31015
1.83918
2.70661
0.493503
1.90251
1.10436
0.402494
2.10711
0.2743
0.440345
1.69795
3.16083
2.41549
0.741647
0.840919
0.424582
1.17938
0.644801
1.10699
0.649138
0.367696
0.744361
1.81832
2.18199
0.759697
0.87491
1.47991
2.10791
1.16708
1.71205
1.21697
1.56103
1.71813
1.20374
0.936975
1.42565
0.0810063
1.5428
1.17532
2.18903
1.89574
1.92795
0.207837
2.45684
0.800627
0.924362
1.25941
1.75883
3.01918
1.22084
2.60254
1.60222
0.352308
1.13126
0.887701
0.357566
2.68056
0.903942
0.761531
1.59875
0.728765
0.856344
3.20433
2.85885
2.72046
0.787184
1.77682
1.06803
1.30122
2.95862
0.619348
1.65077
2.10255
1.39559
0.613957
0.728665
1.09476
3.82555
1.07619
1.04175
1.75117
1.14583
1.60813
1.68519
1.50694
1.00864
0.402823
1.71006
1.13364
3.0134
3.09528
1.66361
0.903908
0.730638
1.68939
1.2061
2.11844
2.46117
1.42848
0.545801
1.0783
5.72131
1.15811
1.15753
0.341899
0.572768
1.87182
1.54368
1.24081
2.16025
0.628832
0.503063
1.48986
1.19702
1.73606
2.3253
0.535768
1.46641
3.92573
1.81712
1.01057
1.75629
1.49503
1.2908
1.33962
0.988303
1.03378
1.75611
1.00098
0.595283
0.437219
1.80426
4.13433
0.448328
1.5977
2.01846
1.66227
1.01916
1.5108
0.796338
0.186391
0.456152
1.20597
0.815276
0.737252
0.592106
1.74385
2.43999
0.576199
0.609707
0.223267
3.411
0.792031
2.34327
2.51512
0.18448
1.28167
2.05466
0.521202
2.33847
1.70157
2.17722
0.649851
1.60773
1.76712
1.40046
1.68538
1.76051
0.554529
2.48248
2.04578
1.55514
3.3629
1.40721
1.8604
1.66672
0.988803
0.664092
2.15391
0.530633
2.40558
2.95399
1.89467
1.12188
0.372793
1.12494
1.02468
2.8592
1.50858
1.75279
2.59062
3.22396
1.00706
0.50402
1.07567
2.11003
4.77323
1.30715
0.764408
3.1369
1.48914
1.74877
1.8472
2.0014
1.65108
0.487111
2.19849
0.159624
1.1817
1.22694
1.15761
4.28136
1.11135
1.51725
1.99648
0.748696
1.85241
1.99887
0.593294
1.11539
0.559357
3.48609
0.634067
2.72908
0.417467
0.553961
3.1657
1.96592
2.55189
1.76964
3.07001
0.786689
1.16998
0.988859
1.46579
0.371223
0.364781
2.08386
2.66305
1.1152
1.4829
2.98569
1.31222
1.18866
2.86847
2.10946
1.42076
1.6609
1.74501
0.558469
1.08381
0.902949
1.35831
1.20759
0.845088
1.45922
0.991591
2.92784
2.54666
1.58089
1.56778
0.360469
1.81997
2.3866
2.16917
1.83671
1.70049
1.26779
0.638393
0.482738
1.41457
2.63701
0.879285
0.985598
1.47991
1.49415
2.91683
0.81917
0.731351
1.76231
2.89951
4.60731
1.43887
1.86411
2.96367
0.672262
2.66354
2.32746
0.823678
0.130154
1.61356
0.611878
1.64498
1.51526
1.21921
0.71356
3.01049
0.672258
1.80289
0.103531
1.24352
1.0914
0.893531
0.756798
1.86091
1.47711
0.516715
1.70454
0.160588
0.979047
1.79697
1.52236
0.239778
2.84949
2.87468
1.91299
0.655582
0.915195
3.12018
1.25727
1.32418
0.354742
1.64358
2.32042
0.260263
0.92694
2.27381
2.40106
1.78944
1.83228
1.3178
0.995667
1.19325
1.34878
1.34193
0.59893
1.49025
1.02849
0.581315
1.00866
0.685747
1.72654
2.75509
1.38449
0.622667
3.94131
0.4329
1.75154
1.61769
0.398825
0.772984
3.57705
1.25142
0.303571
1.05444
0.160598
1.28541
3.18963
1.36842
1.30385
0.927074
1.735
0.507746
1.27689
0.72983
1.87292
0.319554
0.551655
1.83531
1.89481
1.70518
0.864378
2.54961
3.18525
2.03368
2.699
0.786823
2.53434
1.46523
1.40124
1.13077
0.934466
1.09076
1.35195
1.9322
2.125
2.04439
1.2659
1.57028
1.97771
3.08667
3.05434
0.771186
0.709729
0.557659
2.2795
0.800729
2.28513
2.79933
2.05677
2.5382
1.4557
1.44813
2.15805
1.60802
0.970872
0.590962
0.830169
2.16378
1.68307
0.056519
2.23889
1.3852
1.19783
1.47228
2.30681
1.62742
1.35771
0.778468
1.3109
2.37009
1.5915
1.44443
2.04837
0.572404
1.35117
0.843746
1.39907
1.69281
0.582309
4.92721
1.03879
1.37033
1.37406
0.892465
1.15503
2.39879
2.34743
0.753762
1.17192
0.935115
0.818156
3.10343
2.78364
0.797345
0.39051
1.22756
0.625847
1.23499
2.94468
1.31709
1.30616
2.18299
2.57743
1.42645
1.28632
1.05339
2.03392
1.20788
1.32808
2.56484
0.675602
0.0984461
1.28471
1.74349
2.23278
0.448689
0.441928
1.87918
1.99241
1.84095
1.8762
2.23625
1.88777
1.62936
1.26817
1.20724
1.7706
1.7875
2.26244
0.986346
3.2025
1.18625
2.09063
1.20417
0.259852
1.27788
0.748899
0.906121
1.65034
0.155115
0.609979
0.977748
3.62284
2.96128
0.463839
0.831143
4.34844
2.37524
1.26526
0.162314
1.14864
0.171971
0.574205
2.07274
1.1953
0.689756
1.02881
1.02681
1.41276
0.673681
2.3321
0.368396
1.52326
1.51911
1.36867
1.15938
1.6359
1.47889
1.93163
1.04504
4.24361
0.763366
0.559723
1.06792
0.368901
2.18455
2.38943
3.1727
5.20618
1.4448
1.12326
1.47124
1.63367
0.308148
1.69232
1.148
1.64419
0.93088
2.48608
0.842749
2.77525
1.97814
0.189032
1.30499
1.98722
1.22406
1.97909
0.814473
1.10862
1.37097
0.958392
0.0630563
1.29889
1.42632
1.22834
2.21188
1.47708
1.43923
1.34816
1.2906
2.26063
2.73701
0.536238
3.24367
1.55041
2.09019
0.313551
1.79678
2.12215
0.824589
4.76657
1.57764
1.55776
1.12847
1.30757
1.22191
1.80215
0.801081
0.43913
1.75563
1.70105
1.40123
0.158794
0.96407
1.94557
0.657757
1.14184
2.13901
2.17697
0.889204
2.03685
0.752045
1.56774
0.997253
2.50183
2.63732
0.446063
1.57314
2.06247
0.9025
1.7632
0.218659
1.04566
1.48413
0.394755
0.20227
2.89757
1.10479
3.18285
1.15818
1.52585
0.373012
1.59965
0.254805
1.69712
0.167021
1.11371
1.56998
1.98993
1.82093
1.36011
1.85581
1.47794
1.91037
1.06544
0.295376
1.55373
0.0993261
1.39578
1.75475
1.23603
1.48965
2.76042
1.41778
0.930014
2.49606
0.956958
1.74504
1.25117
0.365546
0.80926
1.56751
3.30063
1.89052
3.08396
0.679804
0.882169
3.71225
1.77291
0.344544
0.305511
1.51961
2.37661
0.274727
1.4314
0.449769
1.53125
0.657713
0.8314
2.49144
2.84167
1.0963
1.83218
1.10398
1.22118
1.88779
2.6899
0.805059
0.913511
1.95581
2.29408
2.47227
1.2447
0.908407
0.111757
1.76318
0.597928
1.27368
2.59369
0.739132
2.00665
0.838276
0.961783
1.58703
0.812058
2.74751
1.33576
1.04842
0.164915
1.0597
2.71627
1.42382
1.1782
1.6299
1.18939
2.09703
1.37041
1.08033
1.00582
1.73183
2.19095
