1.32794
1.19395
0.996274
0.722591
1.27625
1.05066
1.50058
1.20579
0.740179
1.48852
0.845617
0.614373
0.753275
0.676102
0.738928
1.2642
0.677528
1.91961
0.759687
1.08198
1.2523
0.748835
0.869228
3.27566
1.38235
1.04545
1.07919
0.329676
0.709883
0.443981
0.492333
1.59647
1.17483
0.57203
1.45016
1.41827
1.61662
3.65039
0.352416
0.940053
1.12505
0.617348
1.07144
0.517952
1.04494
0.493946
1.83621
0.693962
1.34921
0.978539
0.166185
1.38474
1.14149
0.938107
0.800418
2.6697
0.879436
2.32825
0.92707
0.945152
1.94313
0.702381
0.974766
0.970762
0.130219
0.970309
1.53513
0.219028
1.8664
0.908683
0.956134
0.663416
0.947014
1.0275
0.610928
0.693841
0.980919
0.776447
1.15364
0.878217
1.37653
1.15744
0.356551
1.11194
1.64938
0.688066
4.06129
1.46087
1.36751
0.621687
0.795652
1.28995
0.0991251
2.22537
0.728514
0.637839
0.912399
0.615956
0.827797
2.34176
0.84981
1.05612
1.20325
0.208698
1.04539
1.52469
1.32072
1.52983
0.648486
1.01901
1.57818
0.794781
0.495354
1.4642
0.324254
1.16313
0.351954
1.92364
0.982908
1.86699
0.820025
1.70224
1.08496
1.4995
1.20436
0.829472
1.47425
1.69342
0.855304
0.437819
1.1033
0.541236
1.27916
1.10436
2.34469
1.74021
1.02521
1.29283
1.24533
0.79385
0.605595
1.44236
2.47809
0.400293
0.437068
1.17752
1.41823
0.457422
2.31028
0.694965
0.820907
0.191135
0.904074
2.07788
0.969017
0.197776
2.35283
0.343811
0.481738
0.54689
1.37727
1.48796
0.344938
1.98616
0.642564
1.50931
0.830125
1.8009
0.944467
1.42607
0.80129
1.26165
1.00001
0.899207
0.634463
0.825784
0.990504
0.871329
0.722019
0.898897
0.780313
1.46028
0.542729
1.03202
0.645424
2.18644
3.34438
0.534348
1.431
3.1459
1.31713
0.488271
0.494323
0.180051
0.814874
1.51432
0.868083
1.52402
0.469374
0.691205
0.412527
1.34821
1.8482
1.92426
1.08852
0.324518
1.33184
0.515892
0.809136
0.814324
2.13378
0.486592
0.817028
0.578322
0.351543
1.18511
1.93351
0.875857
0.68827
1.25148
1.20088
1.01851
0.634925
1.0086
0.957221
0.698075
1.69968
1.30762
1.47489
0.841909
1.27236
0.974271
0.766752
0.593385
1.222
1.26942
0.714193
0.885986
0.816502
1.40372
1.0847
1.04848
1.28124
0.863801
1.04909
0.584106
1.41979
1.40877
0.754869
2.08286
0.31928
2.10462
0.680142
1.54927
1.88459
1.1703
0.445337
0.808614
0.932803
0.698392
0.69225
0.749326
0.293144
0.766762
1.76334
0.247872
0.949559
1.36266
0.703546
1.47525
0.429333
1.43229
0.932987
0.989376
0.791829
0.841544
0.800321
0.899601
1.91958
0.806901
1.06777
0.388164
0.613228
1.03278
1.63352
0.945133
1.6301
0.644597
1.96347
0.927502
1.28903
2.33862
1.44673
1.00221
0.377576
1.36012
0.741833
1.16171
0.429751
0.778267
0.659921
1.06962
0.725756
0.500406
0.205111
0.507081
2.57844
2.38138
0.726689
0.628582
1.08056
2.75838
1.00547
0.885396
0.996556
0.608003
2.32224
1.75917
2.33157
1.05307
0.888983
0.54249
0.0653535
1.76279
0.795879
2.99633
0.674869
1.11221
1.62969
1.12743
0.304197
0.795153
0.855269
1.61421
3.03037
0.577351
1.43117
0.3927
0.597876
1.27454
1.52459
0.627716
1.54734
1.5344
1.94802
0.591708
1.15353
0.464377
1.81634
0.917693
1.898
1.10832
1.1827
0.698195
0.363968
1.36867
0.688278
0.690618
0.832706
0.840148
0.468588
0.993259
1.50968
0.766105
0.78713
2.21178
2.35839
0.931476
1.05094
1.27585
1.60588
0.598766
1.67786
1.80033
0.563904
0.424552
0.584232
0.418467
0.165775
1.83999
0.817011
0.772172
1.46743
1.34573
1.12291
0.580218
0.85502
1.69476
0.524018
1.77945
1.1674
1.259
0.892014
1.83336
0.955935
1.20233
0.556561
0.741854
1.67616
0.459311
0.569259
1.88602
0.686036
1.40185
0.582639
1.9448
0.543209
0.596517
1.62331
2.18694
0.266687
1.29318
2.03747
0.890122
0.849074
0.105533
0.889662
1.76282
0.659845
0.563826
1.03514
0.864368
2.02672
1.0352
0.495326
1.08407
0.725701
0.691333
1.34471
3.74528
2.23904
1.78044
0.754978
1.07176
0.414578
3.89941
0.755403
1.3397
0.415876
1.01565
0.655368
1.73295
1.97511
1.30495
0.862679
1.43616
0.475345
1.49895
1.89963
0.527582
0.635206
0.88524
1.65194
1.83529
1.74802
0.860678
2.61717
0.864276
1.15554
0.686051
2.28932
2.00177
0.979578
0.674548
1.07872
2.98696
1.44231
1.37007
1.42961
0.885536
0.92963
0.855721
0.946409
0.668068
0.784376
1.01779
0.44633
1.32559
0.980922
0.322634
0.795164
1.19323
1.98151
0.986425
1.32528
0.780304
1.17609
1.30966
0.514402
1.89111
1.32967
0.575391
0.879503
0.972848
0.927972
1.19823
1.53852
1.79917
1.9527
1.41908
0.752082
0.527519
2.74664
1.90129
1.51397
0.666887
0.584269
0.685531
0.583914
1.54776
1.44108
0.61025
1.50664
1.02244
1.03236
1.05957
0.812464
0.554384
1.77975
0.35041
1.03964
1.03248
1.36886
1.06759
0.685954
0.930053
0.231133
0.389503
0.775038
1.16983
0.829998
1.97266
0.841635
0.462778
2.19315
0.403963
0.935589
0.596938
0.841232
0.869692
0.237181
1.56634
1.37259
1.57601
0.922746
0.545562
0.854244
0.909563
1.07721
1.48241
0.659283
2.36481
0.698727
1.31492
0.398398
0.734171
1.39246
1.84784
0.638875
1.1594
0.976739
1.62605
1.05216
1.6519
1.30442
0.425429
2.18036
0.631876
1.11542
1.01362
1.08647
0.941399
0.93721
2.03843
0.570637
1.21264
2.28851
0.240607
0.871283
1.07251
1.44236
1.5476
0.143943
0.850027
0.383971
0.951742
0.2107
0.584331
1.24311
1.25334
3.16983
0.85284
1.46536
0.543304
1.57798
0.741746
1.91409
2.25809
1.25414
0.851759
1.35241
1.1628
1.06588
1.05644
1.76741
0.636836
2.40253
1.65142
1.55343
1.37755
0.979395
0.96159
0.150633
0.522095
0.752733
0.45956
0.83826
1.45555
0.492148
0.824399
0.47038
1.17251
1.33589
2.24851
0.463017
0.886315
0.622313
1.68838
0.550232
0.728956
0.731451
1.14027
0.90681
1.45583
1.30157
1.50453
0.377487
1.28695
0.597979
0.718218
1.24427
1.23135
0.745855
0.953877
0.935428
1.31363
0.544306
1.16728
1.32678
0.18597
2.26517
0.776592
0.53292
0.732718
0.934188
1.1736
1.95681
1.09161
1.80877
0.38905
0.921438
1.70285
0.528925
3.07616
0.737559
1.50536
1.00938
1.176
0.995003
1.56452
1.02019
1.23874
0.339519
0.673318
0.594812
0.338758
3.55761
0.591026
1.7582
0.881619
0.904143
0.925656
1.32528
1.00365
1.43412
1.64074
0.3322
0.529613
0.441019
0.572196
0.869033
0.509569
0.812253
1.29966
1.51908
0.970432
2.06798
1.07992
0.481388
2.27947
0.941167
0.493882
0.842614
0.954134
1.128
1.08324
1.05448
0.809566
0.837847
1.26512
0.410697
2.10862
1.32723
0.294998
0.736325
0.620685
1.16753
1.68537
1.29678
2.50005
0.332664
2.35274
0.728833
1.41104
1.54979
1.54895
1.13381
0.396913
0.329334
0.618461
1.00304
0.943744
1.97767
0.0629386
2.24144
1.04755
1.45474
1.40651
0.934495
0.733571
2.39109
1.67326
0.58691
1.45643
2.82238
2.34045
1.22033
1.39624
0.596157
2.08014
0.572061
0.363694
2.5421
0.587608
0.168097
0.42636
1.02128
1.34349
0.420301
1.08688
2.28318
0.333984
1.20792
0.832211
0.548821
0.761342
0.823925
0.0679324
0.0883419
2.33149
0.795115
1.48829
1.88356
1.22224
2.66427
0.672628
0.491895
0.788765
2.39926
1.0663
3.96312
1.24283
1.08726
0.739637
1.0679
2.40089
0.909969
0.531291
0.885095
0.95124
1.7037
0.780247
0.825983
0.838236
0.96043
0.0528881
1.198
1.40571
0.935593
0.560543
0.616012
0.886349
2.25994
0.44308
0.617452
1.20158
2.98206
0.662242
1.507
0.354605
1.37299
1.15901
1.68346
1.84246
0.975383
0.677798
1.0039
1.34796
0.535808
1.09072
0.881114
0.803211
1.58723
0.966645
1.60056
0.791171
0.485685
0.874846
0.668236
0.698624
1.7065
1.25876
0.92941
0.424741
0.637241
1.4999
1.4504
2.16814
1.89684
1.35379
0.463128
2.49574
2.3065
1.6694
0.712036
0.807124
1.25603
2.12008
0.989577
1.45498
1.17517
1.15246
1.01563
1.04118
0.836546
3.03982
2.47899
0.54979
0.428032
1.23106
0.618536
0.993448
0.295688
0.917762
2.4392
2.02287
1.87811
1.08207
0.765748
2.26851
1.20894
0.916034
0.807147
1.07201
0.740814
1.26993
0.664184
0.907342
0.717842
0.587411
1.55047
1.56844
0.494445
1.49217
0.649115
0.430957
1.16053
1.3998
0.413347
1.15038
0.900447
1.47528
2.75447
1.15488
3.25997
0.683557
0.613792
1.37732
0.478815
0.796295
0.518509
0.217271
1.06089
0.21464
1.44736
1.22373
1.6164
0.669107
1.71528
1.47299
0.705371
0.703248
0.544769
0.883746
0.631452
2.02471
1.19468
0.62753
0.899039
0.642043
1.17335
1.22249
1.54054
0.58123
0.919185
0.464063
2.38733
1.30908
0.694625
0.566878
1.09629
0.904359
0.687343
0.723402
1.66845
1.13925
1.14161
0.746204
0.103168
1.14134
1.78546
2.98151
0.858989
0.186963
0.909965
1.64537
0.367974
2.40554
0.833202
0.880207
1.36445
1.15459
0.805219
0.999308
0.681895
0.929429
0.294238
0.486797
1.33377
1.19256
1.99055
1.51282
0.117456
4.14647
0.756661
1.50117
2.09538
1.29552
0.635701
0.536193
1.25168
0.0828686
0.65169
0.397938
1.42581
1.00368
0.714066
2.68807
0.993962
2.28117
0.558899
1.81656
1.18521
0.816178
0.751254
0.537111
3.58961
1.83761
1.44008
0.268402
0.58313
0.389935
0.0960853
0.894924
0.187351
1.31281
1.24527
1.61894
1.28276
1.30462
0.696463
1.07555
0.182664
1.39314
3.31647
0.504116
0.484902
0.50077
0.335968
0.982129
0.905362
1.14034
3.50694
0.401788
1.00939
0.434663
0.210717
0.399259
0.506956
3.41892
1.08115
0.153036
1.3704
2.06901
1.09011
0.850975
0.874521
0.62056
1.19825
2.28645
0.475259
0.915507
1.08669
0.696439
2.76547
0.521618
1.14264
0.905276
1.33378
0.610805
0.615838
0.76295
1.64865
1.16112
1.01756
1.95988
0.524535
1.56245
1.50462
0.806972
0.316476
1.46424
0.975723
0.768777
1.15988
1.55946
1.9605
1.51955
0.525267
0.445296
0.393523
1.0168
1.90976
0.985826
0.706146
1.2629
0.602322
1.24302
0.255251
0.437926
1.2099
0.992866
0.176259
0.769646
0.67563
2.15697
1.28869
0.611742
0.872952
0.245015
1.49083
1.37338
1.41161
1.1211
0.266426
0.974314
0.987003
0.644272
0.491666
1.24438
0.433506
1.63488
1.33942
1.07649
1.17315
1.17885
0.760426
0.40326
1.77447
0.564386
0.297321
0.703955
0.770315
0.485321
2.46838
1.72656
0.242816
0.818017
0.708162
0.607487
0.584031
0.789867
0.466109
1.58858
0.423788
0.666863
0.470049
0.476545
1.62857
1.6736
1.52359
1.04929
1.14118
1.28297
0.561306
0.570812
0.443216
1.47016
0.425083
1.04047
1.35595
1.30513
2.19735
0.590716
2.4256
1.43655
0.699839
0.875118
1.16702
1.3971
0.958582
1.68067
0.816976
0.764705
1.14659
0.673836
0.712334
0.940321
0.655437
0.797503
1.26054
2.36315
0.461943
0.98621
2.65816
1.3257
0.533135
0.633828
1.28117
1.02574
0.518729
0.419634
1.45741
0.741441
1.61977
1.44088
0.446301
0.637614
0.783544
0.366023
1.44866
1.03927
1.2439
0.973591
1.09278
1.06643
0.767977
1.07258
1.42882
1.16827
1.16002
1.71671
2.90827
0.996832
1.38505
0.667959
0.576718
0.487122
0.458313
0.857763
0.895732
0.615678
2.12397
0.55494
1.20895
0.606108
1.21201
1.10479
0.620089
1.20859
0.971633
0.819635
1.30451
0.867245
1.19444
0.427098
0.633184
3.72295
3.41561
0.549287
1.68389
0.703665
1.11373
0.823888
1.84871
1.48174
1.01574
0.140406
0.690515
0.349618
1.7506
0.845175
1.63818
1.17255
1.0752
2.53165
0.75187
1.84952
0.604738
1.37353
0.730101
2.62384
0.459245
0.834536
1.95193
0.600762
0.800979
0.909412
0.568259
0.806288
1.66296
1.12908
0.430103
1.34346
1.5966
3.49435
0.440211
0.424288
0.43593
0.441226
0.68933
1.27849
2.85817
1.39272
0.85756
0.783598
1.16032
1.1315
1.28632
1.35225
0.723627
0.76815
0.868313
2.39323
0.661323
0.528431
1.69505
1.32423
0.579024
1.97764
0.86273
1.14269
0.919494
1.44311
1.01896
1.4786
1.11709
0.881191
1.15567
1.09148
1.196
0.505044
0.987677
1.64087
0.760294
0.703374
0.809483
0.628195
0.945075
0.520657
1.71214
0.486604
0.273882
1.42645
1.08504
0.927538
1.02059
0.414208
0.539998
1.01365
1.1949
1.00724
0.789641
1.7285
0.742928
0.773031
1.35071
1.25139
0.718617
0.672282
0.963561
2.42179
0.964857
0.409274
1.09742
1.72069
2.46871
4.25036
0.881732
0.673736
1.36485
0.632305
1.68316
0.854472
1.66757
2.45117
3.61585
0.538223
1.48541
0.595646
0.456007
0.607861
0.540921
1.34324
0.947422
0.491707
0.407615
0.446596
2.2973
0.978632
1.15769
0.405206
0.593421
1.32129
0.857159
2.10943
0.580996
1.47187
1.29258
0.464521
1.07725
1.32631
1.23152
1.18605
1.40259
1.89778
1.01295
1.42706
1.0619
0.635244
1.17594
0.492645
0.0300588
1.54329
1.47165
1.3047
0.677475
1.15944
1.40274
1.34671
1.58469
0.184821
0.337465
1.34863
1.22132
0.634505
1.42306
1.18105
1.0728
0.939863
1.3879
1.61183
0.978654
0.863736
2.5073
0.840478
0.833905
2.03013
2.51798
0.26507
1.57568
1.0407
1.92119
0.4084
0.2185
0.821356
0.762146
0.13793
0.579716
0.874554
1.80754
0.717543
0.607179
0.709428
2.12807
0.757276
1.05067
1.5841
0.977241
1.38524
0.805721
0.724518
0.806208
1.01796
0.714064
1.65191
0.240627
1.32037
0.931644
0.894271
0.85401
0.967568
1.72413
1.45042
0.746024
1.57746
1.10847
0.232279
1.00025
1.22366
0.654715
1.54295
0.763453
2.24623
2.2731
0.838634
1.08753
2.37675
0.590744
0.677998
1.22883
3.16606
0.934722
0.59936
1.21824
0.765984
0.687915
1.74612
0.670428
0.772867
0.661839
1.49862
0.767999
0.42144
0.551931
0.563365
0.448486
0.093204
1.09214
1.99035
1.36301
0.434422
3.45013
1.24731
3.19077
0.36648
0.552729
1.23916
0.942523
2.61632
0.567396
0.897242
1.83553
0.703644
2.04246
1.53584
0.974419
1.40993
1.02856
0.799502
2.0979
1.1342
0.877761
0.650362
0.146257
1.08336
0.728353
0.628953
1.20129
0.358609
1.64948
1.02933
1.24555
0.566125
2.8462
1.16722
1.43749
0.514399
1.00156
1.34217
2.05134
0.864436
1.27067
0.141267
0.825713
0.932
0.734736
1.1989
0.638926
0.409217
1.22989
1.15934
0.950873
0.802173
0.711892
1.11755
1.18008
1.51735
0.367809
1.59228
0.73723
0.727282
1.4797
0.650588
0.938829
0.690394
0.746151
0.606696
1.26448
0.825752
0.390879
0.832533
1.46698
0.459937
1.00901
1.42994
2.09696
1.57936
1.16622
1.02082
1.78665
0.47661
0.803656
0.74078
0.712892
1.73241
0.781175
1.50327
1.11342
0.808865
1.53666
1.65242
1.28613
1.51452
0.777986
0.482305
0.818926
0.75911
0.660735
1.28936
1.77598
0.944337
1.81684
1.12094
1.29162
0.464202
2.32028
0.84551
1.75427
1.26258
1.52762
1.48141
1.40795
0.890007
1.21985
0.704408
0.608882
0.384466
0.168523
0.832089
1.30549
2.09316
0.928453
0.737439
0.531219
1.13759
4.36368
0.968017
0.820326
1.2621
0.988072
2.33584
1.1067
1.25181
0.653618
0.900723
0.648381
0.689343
3.89927
2.20375
0.57264
0.916516
0.411539
1.35306
0.517258
2.05807
0.70897
0.672871
0.576224
1.51982
0.473171
1.133
1.42967
0.940688
1.01239
1.40092
1.17052
1.41595
2.24469
1.49648
0.448675
2.2556
0.962855
0.287117
1.41349
1.39154
0.603655
0.916655
0.483828
0.542913
1.48956
0.981322
1.01588
1.67885
3.65758
0.55107
1.83458
0.947775
0.582098
1.15279
3.10227
2.37678
0.696929
0.715091
1.22431
0.999448
1.1653
1.62482
3.11477
1.52436
0.817001
0.539156
0.750627
2.23669
2.20057
0.52692
0.872988
1.1967
1.23092
1.23828
1.62555
2.0374
1.08971
1.15485
0.69867
0.230551
0.777542
1.04534
1.23143
1.40926
0.806145
0.960822
0.789496
1.40538
0.603736
0.766848
0.266058
1.45943
0.341772
0.690455
0.690339
2.80603
1.61057
0.968694
0.511208
0.522095
0.56184
1.71736
2.29228
0.738962
1.18441
1.22158
1.31872
1.90234
2.18262
1.10904
0.445705
1.72352
0.442028
0.501629
0.706058
0.418912
2.59239
0.319903
0.935618
3.90821
0.303161
1.08027
1.76145
0.856399
0.567272
0.946422
1.18896
2.17217
0.32574
1.31872
0.357752
1.08832
0.847071
2.08269
0.631512
0.690776
1.21187
0.540376
0.695685
1.27106
1.95971
0.93498
1.87789
0.260781
0.843789
0.66199
1.12149
1.2561
1.31351
1.81975
1.02746
0.265909
1.091
0.722152
0.462628
0.715875
1.27629
1.43243
0.977611
2.25512
0.890502
1.29949
1.28561
1.62242
0.74525
0.658138
0.846178
1.34344
1.67828
0.85739
0.880075
0.753741
0.546685
1.15445
1.69939
0.531976
0.624203
2.56271
0.732228
0.647873
0.51814
1.05092
0.960652
0.92681
0.981425
0.68288
0.646733
1.73038
0.803785
1.02039
0.14924
0.274912
1.25424
0.521221
0.684238
0.958123
2.10867
1.07272
0.584692
0.369028
0.386763
0.864818
1.61092
0.711118
0.775128
1.09034
0.580943
2.12004
1.59579
1.06373
0.533522
0.980231
1.57874
0.790633
0.789087
2.47433
2.7209
0.621917
0.430888
0.639897
1.6514
2.10198
0.849945
0.928406
1.65844
0.916572
0.16999
1.94418
0.689866
0.972807
1.81038
0.793162
1.11504
1.32375
1.26348
1.09833
0.489639
0.995477
1.7008
0.54388
1.53365
0.116868
1.61583
2.72866
0.996097
3.49596
1.9211
0.92043
0.784262
0.617831
0.132676
1.41739
0.948747
1.08085
0.774777
0.817068
0.170729
3.74976
1.18969
1.13302
2.45204
0.678724
0.856483
0.462654
0.70196
0.764956
1.65447
0.663566
0.468025
0.705493
0.469933
0.649862
1.2987
1.20109
0.691899
2.19543
1.8797
0.514905
1.42651
1.17666
1.5651
1.40785
1.0614
0.923091
0.885435
0.736865
1.32454
1.10729
0.758937
0.676221
0.846582
0.643315
0.414333
0.895712
0.534958
0.933274
1.16304
0.86169
1.36719
0.832812
0.547788
0.160803
0.614151
1.09719
1.51274
0.625952
1.13674
0.650618
0.835318
1.83795
2.08538
0.47686
1.04872
0.852349
1.53579
0.994424
3.26638
0.712384
1.21368
0.509155
1.70572
0.815241
1.46934
0.62685
2.13205
0.517828
0.96633
0.707088
0.522656
0.63817
0.54956
1.46005
1.1919
2.43115
1.51654
1.58387
0.679018
0.995691
1.37918
1.74541
0.777494
2.03508
0.867726
1.06681
1.03153
1.66214
0.550798
0.561846
1.20152
1.20763
0.83536
2.35655
0.969496
1.10396
2.14348
0.804161
0.687962
1.33424
0.802017
0.649856
1.44793
0.258759
4.65244
0.847433
0.717659
1.24385
0.90824
1.01579
1.45339
3.44374
0.908956
0.836456
0.837447
1.28147
1.89706
1.45895
1.15552
0.977585
0.492852
0.445429
0.862033
1.4154
0.87977
1.29116
1.64721
2.15288
0.759694
2.54794
1.15547
0.727984
0.947363
0.68946
0.35455
1.85005
1.78609
0.820375
0.698052
1.87885
0.493055
1.17762
0.308432
1.07182
0.0680233
1.88485
0.523707
1.48027
0.738993
0.748222
1.03544
0.535736
1.61492
1.64365
1.62767
0.805575
0.895188
0.668224
0.669958
0.429604
0.614418
0.937123
1.09372
1.59155
0.978103
1.14248
1.00954
0.766726
0.181206
1.89079
0.759852
0.31647
0.857877
1.64453
1.48364
0.573828
1.68258
1.46086
1.82046
2.19205
1.83685
0.492613
1.45018
1.29091
0.626496
0.818431
0.664068
0.910324
0.330778
0.381835
4.03987
1.04071
0.981812
1.63702
1.87523
0.845004
1.15279
0.582865
0.553316
0.871892
1.18494
0.342188
0.757308
1.27334
0.670599
1.01227
0.447942
0.60995
1.29082
1.19415
3.02972
0.482569
0.765254
1.12288
1.3535
0.384561
1.80914
1.8085
0.913272
0.749586
0.769562
1.21875
0.757923
0.83522
1.17643
0.49019
0.562943
1.08734
0.382705
0.82412
0.814503
0.424576
0.716795
0.922934
0.810941
0.962595
0.934827
0.933208
1.94615
0.47539
1.32672
1.22782
1.57922
2.45274
3.52679
1.59712
0.943351
0.814083
1.73919
0.570011
0.632222
1.16071
3.11159
0.758329
0.942031
0.520051
0.9391
0.795876
0.666782
1.73431
0.827974
0.7693
0.523926
0.965805
0.684629
0.675185
1.1213
0.505206
0.972292
0.726876
0.702756
0.457655
0.466948
1.08968
1.44076
0.406808
0.634811
2.04292
0.189573
1.18468
1.05008
0.623175
1.47393
0.517839
0.857773
1.68411
0.788633
0.63661
0.715285
1.71912
0.661251
0.76509
0.598139
0.47378
1.99913
1.78161
0.968868
0.993246
1.392
2.50061
1.5143
2.97588
2.43137
1.63805
1.37646
1.05669
0.824594
0.616805
0.870483
1.4114
0.96801
0.761707
0.699825
0.810641
0.818361
0.738994
0.555807
0.577173
1.31073
0.958836
2.02921
0.731989
2.57858
0.63148
0.737346
2.30907
0.378286
1.73038
2.41605
1.03478
0.784823
1.13094
0.632382
0.096172
1.15662
1.15295
0.540217
1.37457
2.21948
1.34023
1.93481
1.22015
0.733289
0.944657
0.665849
1.73408
0.904885
2.19362
1.7438
0.62024
1.42365
1.01861
0.915592
1.92177
0.906343
0.495168
1.30778
1.96627
1.49615
0.770812
0.860135
0.889899
0.993138
2.08926
0.654261
1.26
1.31685
1.1734
0.575742
1.30077
1.47093
1.36656
0.389804
0.449547
0.250886
0.526075
0.518614
0.594532
1.65887
0.641065
0.999295
1.35026
1.53378
1.68278
1.52363
1.44141
2.65095
2.08388
2.37216
1.39698
0.233373
1.62369
0.591726
0.848919
0.913938
0.730195
0.715426
1.22556
1.19055
0.946374
0.924371
1.55497
2.13265
0.82494
0.804615
0.9914
0.646235
1.45645
0.888976
0.596094
0.482778
0.996619
1.32289
0.532418
0.719286
1.26201
0.966962
1.26527
0.545004
1.55755
1.7011
0.519834
0.99046
1.67431
1.26804
1.79694
1.51383
3.23182
1.77421
0.953268
1.77136
0.490693
0.90523
1.6368
0.979926
1.64628
2.43751
0.697618
0.773044
1.35612
1.43667
0.403615
1.37007
3.55367
1.27292
0.632793
0.82131
0.813421
0.421009
0.657393
0.481617
1.26627
1.26981
1.7519
1.37268
0.603813
0.883139
0.989759
0.94308
0.722685
1.53198
2.93395
0.875336
0.778767
1.29031
0.632984
0.864634
0.559694
1.54647
2.11299
1.45818
0.525604
1.10219
0.793315
0.940288
0.74052
1.11141
1.02496
0.420937
0.515629
0.771102
0.886993
0.924049
0.699677
3.6242
1.27931
0.81482
0.545802
1.8022
1.1344
1.17898
1.50377
0.191109
0.585376
0.348647
0.657684
2.03138
1.21111
1.70436
1.18196
0.91419
2.06615
0.671391
0.833946
1.62879
1.14936
1.0395
0.767293
1.72082
0.637934
1.6123
0.889869
0.706136
0.287408
0.707872
0.725246
0.775929
2.49445
1.53735
0.183129
0.776378
0.541335
0.851624
1.15201
0.629665
0.924305
0.872692
0.986063
0.645572
0.92489
0.131959
0.550519
0.572155
1.22572
1.29624
0.657525
0.6493
0.83372
2.08676
1.10274
0.647809
1.27602
1.27066
0.639119
0.869707
0.308438
0.677653
1.08445
1.57766
0.484598
0.780295
1.57059
1.8865
1.25448
0.64589
0.503113
2.46858
1.15454
1.05578
1.01884
0.827569
1.18316
1.13763
1.34578
1.17997
0.967294
2.8176
0.616963
0.76862
1.04569
1.09876
2.01767
0.863681
0.761728
0.194198
1.62321
1.73203
0.665457
0.146015
0.801771
1.2428
1.05196
1.42413
0.257503
1.43131
2.28087
0.479911
2.88632
0.345268
0.857307
0.524893
0.69661
1.03124
2.77191
0.379717
1.42416
0.776535
1.25973
3.73568
1.35457
0.919595
1.10001
1.41076
0.96592
0.983056
0.329654
0.624249
0.837954
0.626002
1.8915
0.287655
0.885748
0.569015
0.841671
1.3106
0.759488
1.01289
0.710735
1.74112
1.90341
1.40122
1.60736
0.698903
1.09087
0.585009
0.552778
3.0575
1.1632
1.5598
0.434639
0.792884
0.885448
1.6309
0.487978
1.01332
0.381991
1.04503
0.257443
0.834567
0.569262
3.44852
3.52455
1.68422
0.763269
1.20647
0.456358
1.84713
1.42875
0.1733
0.300427
0.809578
2.15706
0.792156
0.803438
0.57585
1.40895
1.79915
1.83707
0.698818
1.01021
0.642109
1.65177
1.33982
0.716591
1.35755
1.02711
0.539356
0.698518
1.97825
1.37956
0.641169
1.2787
0.684212
0.632689
0.271761
1.67699
2.29884
0.803658
0.379762
0.398501
0.739739
0.459296
1.24248
1.19633
1.04883
1.36555
1.36979
3.42736
1.23608
0.723925
1.72774
0.636728
0.702715
0.471739
0.537969
1.79874
1.35494
1.33451
0.242204
1.02757
2.35293
0.765719
2.45012
1.81986
1.27287
0.974458
0.879145
1.31147
1.42766
1.47498
1.06702
0.558782
0.705129
1.25954
1.04864
1.25607
0.19182
0.988867
1.1217
1.01193
1.17621
0.658879
1.02625
0.573699
1.21848
1.24385
0.651072
1.16418
0.436665
0.990376
1.661
0.671425
0.31313
0.840079
1.02561
1.30076
0.555032
0.626092
0.921611
2.17907
1.18485
1.04773
0.58063
0.6343
0.817762
1.24663
0.797252
1.67054
0.80401
1.41134
1.57685
1.04012
0.514878
1.98253
1.19022
1.76171
0.643805
0.673046
2.39102
0.656238
0.255139
1.32707
0.741783
0.33497
1.59571
0.869997
0.690302
0.343386
1.1987
0.790861
2.04455
0.906804
1.70166
1.86179
0.806274
0.925413
0.448738
0.917456
1.01993
2.593
0.340043
0.482237
1.35319
0.409738
1.591
1.1789
0.55264
1.1322
1.52639
1.1443
1.78127
0.668033
0.811448
1.04409
2.07969
1.33855
0.768371
0.444385
0.889168
1.1218
0.989278
0.88162
0.616797
0.910431
1.59349
0.387425
2.05531
1.05778
1.05129
0.812245
1.41195
1.36746
0.558489
0.391039
0.587147
1.55333
0.750161
1.66199
1.07556
3.39593
0.576035
0.950457
0.254438
3.27589
1.09453
0.94181
1.20714
0.792526
0.978259
0.854119
1.68149
2.25283
1.05987
0.906555
1.26319
0.445344
1.43226
1.72449
0.950907
2.54559
1.2209
0.808881
0.931929
0.453592
1.02854
0.883693
0.388675
0.53285
1.19345
0.695234
0.50077
2.11059
0.781962
1.27346
2.01992
2.72016
0.787528
2.70705
1.02723
1.05218
0.57988
0.752395
0.344674
0.633419
0.727227
1.3442
1.76887
0.810386
1.94015
1.37381
1.71997
1.19022
0.480443
0.610757
1.10586
1.92534
1.00746
0.781456
1.67731
0.812016
1.48842
1.03912
0.664116
0.90567
0.635154
1.10028
2.73697
0.982285
0.60859
0.685112
0.287153
0.38615
0.618229
1.06767
1.73322
1.96543
0.671631
0.541562
0.592532
0.808091
0.860879
0.777594
0.943573
2.07133
0.115967
0.913446
0.796688
0.436699
0.936123
1.8398
0.999818
0.908203
3.65696
1.68738
1.19054
0.542492
0.460019
1.14965
0.714936
1.4177
0.67021
0.898736
1.32649
0.503452
0.889146
0.955767
0.695147
0.888508
0.784281
1.721
0.755416
1.36217
2.29729
1.25216
1.36111
0.499561
1.69273
0.995691
0.858792
0.983629
1.60448
1.20109
0.187734
0.273313
0.544254
1.62028
1.27263
1.05266
0.992972
0.772355
0.71839
1.63495
1.50437
0.692442
1.54809
0.614555
0.970774
0.789636
0.867528
1.39289
1.24165
1.26979
0.846286
0.586236
0.967356
0.859475
0.248508
0.829043
2.25394
1.12071
0.837206
0.693558
1.26184
1.0524
2.68859
1.35921
1.01973
3.2169
1.51162
1.6533
0.974044
2.11883
1.2041
0.990908
0.0999762
1.01035
1.51795
0.830004
0.991884
0.994611
0.856461
0.827823
1.24703
0.60568
1.51355
0.928515
1.08326
2.34798
1.25072
0.910416
1.10869
0.550218
0.270704
1.37253
5.20593
1.10634
0.625527
0.877136
2.36195
0.961008
0.921253
1.05076
1.40247
1.13274
0.889763
0.31549
1.30289
1.25017
2.42459
0.989276
1.66338
1.27892
0.207203
1.00147
1.0661
2.25996
0.43861
0.463338
0.148721
0.526684
0.721805
0.985746
1.21092
0.911313
0.623488
0.719811
0.422066
1.4411
1.89489
2.15619
0.230382
1.11734
0.554223
1.69405
1.17646
0.735493
1.10337
0.512056
0.839305
0.855367
1.52817
1.04383
0.678989
1.31839
1.08921
1.38151
0.974864
1.32704
1.1123
0.755886
1.73682
0.567416
0.316963
1.52382
0.259286
0.954296
0.173076
0.647731
2.98191
1.04613
2.75144
0.661585
0.606593
0.767134
0.862337
3.14513
1.19398
0.707566
0.320776
1.01674
0.938987
0.863083
1.22253
0.796438
1.69864
0.650311
2.33547
1.79717
1.01117
1.69462
0.629848
1.01249
2.16114
0.856694
0.943079
0.927218
2.09466
0.390688
0.559839
1.84167
1.06886
0.731385
1.63473
1.5306
0.618946
0.784334
1.07636
1.82389
1.52964
0.788511
0.188596
1.24405
1.62784
0.354159
0.715534
0.433516
0.992625
1.01845
0.732186
0.851553
0.963548
0.732987
1.45783
0.339704
0.973064
1.13635
0.909256
0.359124
0.996363
0.421593
1.32501
1.47265
1.3423
0.784208
1.59179
0.58062
1.28285
1.32371
0.846814
0.518004
1.0615
0.747982
0.166665
0.357454
0.475773
1.61062
1.00008
0.945503
2.17298
2.32909
1.20472
0.796279
0.794321
0.621177
1.22605
1.26121
0.910956
0.874053
0.363651
0.356934
1.59673
1.09498
1.38217
1.38507
0.693795
1.07428
2.11793
0.713276
1.259
0.684834
2.62302
0.706157
0.522532
0.881603
0.617424
1.65247
0.896727
0.665191
0.925689
2.11129
1.22277
0.732073
0.741926
1.75576
1.28183
2.1069
0.8818
2.30597
1.01987
0.671857
1.15777
2.81515
1.19831
2.1097
3.03002
0.920064
1.29245
1.69338
1.82445
0.461081
1.49416
0.295062
1.35088
1.41556
1.54699
0.808953
0.87172
1.0587
0.823771
0.860713
0.938495
1.21561
1.45744
0.391609
0.8528
0.523816
0.82127
1.15951
2.03374
1.01273
0.532807
0.985299
1.56479
0.935319
1.53662
2.78838
1.01542
0.865795
1.07206
0.531832
1.19961
0.619515
2.94745
0.428132
1.85487
0.359618
2.32299
1.69047
1.65695
1.35198
1.61879
0.730412
1.83632
1.20443
1.84508
1.52485
0.722111
0.664068
0.591771
0.94114
0.5534
0.433275
1.02561
0.463201
1.3757
0.421383
0.834781
0.849025
1.3014
0.912753
1.17701
1.2629
0.643232
0.906153
0.912548
0.913103
1.39629
0.723078
0.95623
0.0839135
0.468786
0.694196
0.733843
0.328358
0.820268
1.26923
2.66929
0.803656
0.927751
1.12193
1.33097
0.819994
0.686069
0.473188
1.49749
0.131205
1.32012
0.61115
0.780741
1.58825
1.00818
0.484038
0.735307
2.47286
3.15978
0.604466
0.721362
0.909581
1.86053
2.06112
1.54033
1.37301
0.978823
0.818564
1.028
0.678912
1.4914
0.524948
1.39191
0.506243
1.63668
2.30364
0.889863
1.95387
0.701451
1.16982
0.728604
0.366367
0.544476
0.758781
0.610951
1.03262
0.25869
1.42748
0.999261
0.662717
1.2143
1.25354
0.850526
1.38604
1.31818
1.05645
1.20634
0.397219
0.404308
0.598946
1.1046
0.955428
0.609799
0.95883
0.279657
0.365301
0.620059
0.561057
0.608529
1.3382
1.5094
0.830322
1.07341
1.89192
0.551631
2.02804
1.1472
2.94879
1.1084
1.24023
2.48213
0.828148
0.865291
0.805866
1.10341
1.3052
0.476377
1.07754
0.873082
0.952644
1.29115
0.965364
0.40618
1.34987
0.815131
0.70907
0.588694
0.52644
1.94865
0.962339
0.524415
0.496048
0.484568
1.97126
0.525522
0.898556
1.58078
0.712647
1.41391
0.415151
1.9261
2.16424
0.593637
0.917472
1.00145
0.665991
0.420335
0.812391
0.176555
0.379566
0.968821
1.35548
1.20576
2.93219
1.11666
0.811004
2.50699
0.488208
1.01323
0.785401
1.7406
1.14346
1.23551
1.06878
2.37729
1.16548
1.61239
0.72044
1.09253
1.62483
1.5719
1.66884
0.709382
1.22928
1.58172
1.02262
0.833579
0.57605
0.814304
0.930562
1.04969
1.88088
0.448372
0.983458
1.06409
2.01082
1.31094
2.05583
1.7918
1.28279
0.672931
2.0012
0.67902
0.942814
1.36325
1.15084
0.779643
1.20633
0.679246
0.549415
0.634787
1.0779
0.409141
1.34966
0.665728
1.87928
3.38904
0.47123
0.718917
1.31434
0.259343
1.32595
1.49385
1.22287
1.76494
2.45193
0.740801
0.465924
0.868308
3.05905
1.23877
1.82362
0.713575
4.89782
0.924826
0.209718
1.81487
2.41253
1.1697
0.855934
0.596012
2.09968
0.577561
0.754578
1.20394
0.131555
0.814751
0.49423
1.80219
0.568713
1.10655
0.419416
1.0314
0.923081
2.31092
0.834159
1.09622
3.64156
2.57585
0.635899
1.7345
0.806065
0.914598
0.678989
0.999898
0.775917
0.860517
0.327336
0.247966
0.421939
1.82659
1.91836
0.940511
0.933189
0.971645
0.352796
0.852975
1.68038
1.07379
0.840955
1.21491
0.915094
1.42404
0.4782
0.551618
0.839494
0.996916
1.64381
1.0652
0.71306
1.35454
2.0434
1.05704
1.64242
0.594554
0.595205
1.47667
1.90835
1.62552
0.966099
1.12474
1.05172
0.879365
0.428982
1.16137
1.13603
1.08478
1.47256
2.11005
1.45439
0.455868
1.18143
1.19832
0.214117
1.58066
1.91211
2.83052
0.401008
0.572638
0.49521
0.658771
0.760668
1.14689
1.57682
2.34984
1.3121
1.71359
1.03525
0.844596
0.417578
0.281819
1.60278
0.620654
0.802093
0.550621
1.02311
1.49345
0.782709
1.63797
0.850855
1.37039
0.851135
0.667152
1.72276
1.79849
0.352257
0.845286
0.225236
2.17553
0.561065
0.486398
0.600668
1.09303
0.689804
1.01429
2.23457
1.22495
1.91702
1.92992
0.949547
2.66814
0.850592
1.08112
0.978404
2.78789
0.86459
0.54466
1.74778
0.491471
1.03897
0.407136
0.783283
1.23434
0.996115
0.955636
1.20697
1.06066
1.36148
0.759174
1.67616
1.52427
1.37586
0.455761
0.383873
0.594476
1.38084
1.4901
0.761577
0.895965
0.417984
2.14991
1.74087
1.388
1.0205
1.35979
0.819836
0.542
0.985234
0.83215
4.40805
1.36694
1.23653
0.869869
0.610299
3.47071
1.7309
1.29327
0.434147
0.790698
1.35704
1.06139
0.409986
0.961052
1.52694
0.78315
0.0711441
2.66903
1.41293
0.619795
0.571553
0.287091
1.58975
0.774157
0.249444
1.30127
1.48604
0.466215
0.840771
0.692138
0.706379
0.633706
0.384537
1.34009
1.16053
0.696554
1.43701
0.958372
0.778592
1.0568
1.07652
1.06085
1.79085
0.505386
0.836603
1.50741
0.969627
0.608224
1.33625
0.70927
1.39755
1.95119
2.44308
1.01653
1.24257
1.52192
1.93539
1.51712
0.721815
1.20176
0.763534
0.297766
1.75693
0.797321
0.70787
0.589555
2.0343
0.429271
0.562169
0.362789
1.61062
0.256184
0.655359
2.93023
0.273517
1.24462
0.697039
0.677269
1.0638
1.29781
1.31895
0.677184
1.50963
0.482668
0.982536
1.06036
2.52234
1.05784
0.617571
0.725854
0.508118
1.11074
1.41438
0.872243
0.803817
0.356171
0.644169
1.03491
4.40758
1.06093
0.955803
0.734405
0.502071
0.511832
1.13838
1.93975
1.51617
1.6424
0.950986
0.347858
2.17208
0.547166
0.382948
1.23131
0.416194
0.954924
0.965466
0.625878
2.36383
2.1328
1.10331
1.41801
2.01774
1.99793
0.321695
1.19136
0.89151
3.0293
1.0772
1.06159
0.625674
0.558475
1.61239
1.18646
1.51015
0.414401
1.77346
1.34717
1.17513
0.768943
1.06872
0.821306
0.984905
1.14221
0.885057
1.49121
1.19732
3.62661
1.33122
1.1721
1.25056
1.56326
1.40512
1.04005
0.624258
0.802513
1.11069
0.557791
0.810705
0.450672
2.03021
1.06822
2.67228
1.12753
0.92265
0.249906
0.279493
0.881212
2.56437
0.45695
0.918555
0.720654
1.14132
0.637673
1.03819
1.608
0.993857
1.76934
0.62342
1.12903
3.19961
0.762917
0.944147
1.34711
0.566723
4.45295
1.80446
0.86125
0.999401
1.02029
1.34177
0.757827
2.12485
0.944104
0.655645
1.2425
0.46236
1.20351
0.50222
1.05677
2.1798
2.09076
1.54366
1.25786
1.5875
0.798411
0.894103
0.893693
0.926222
2.88422
1.19952
1.56583
1.33928
1.43154
1.36948
1.63663
0.859905
1.78368
0.910502
1.92364
1.41301
0.464624
1.09162
1.04296
0.770041
1.89624
1.55097
1.99141
1.04006
1.38645
0.268118
0.634394
2.30531
0.948377
1.08139
0.953837
0.507578
0.460174
0.086074
1.01567
1.25909
1.674
0.22439
0.842483
2.87568
0.913229
0.726779
1.07137
0.57586
2.05777
0.655074
1.3655
1.79581
0.728309
1.38099
0.487147
0.884375
2.55266
1.3132
0.531507
1.29148
0.880927
0.284802
1.78386
0.663264
2.4737
2.82633
0.87713
2.1142
0.490844
0.241559
1.243
0.615972
0.325248
1.90521
1.24849
0.848165
0.708237
0.769483
0.530395
0.976416
0.680823
2.09217
1.13443
0.546748
0.620731
0.481071
0.611744
1.54774
0.255245
1.59714
1.07299
1.84912
1.42822
0.304936
0.690082
1.14444
0.921116
1.06246
1.05337
1.03854
0.817718
1.031
0.643165
0.28942
0.54269
0.18019
1.09344
1.70034
1.19742
0.523534
0.189073
0.96705
0.664893
1.08242
0.849275
0.391892
0.909181
0.963185
0.277295
1.34433
2.21261
1.0131
0.263789
0.54731
1.73441
1.06989
0.903536
0.682853
0.659265
0.443571
0.671778
1.07557
1.52355
0.456576
0.894365
3.54504
0.496845
1.7787
3.33551
2.615
1.07958
1.28751
1.27202
1.40473
0.540814
0.512096
1.21713
0.673402
0.741983
1.1934
1.14885
1.56096
1.01258
0.792414
0.755818
0.527935
0.65731
0.850045
1.27168
1.8164
0.631283
0.590218
1.9132
0.355315
0.95122
1.15275
1.10438
1.61487
1.23572
0.6979
0.772995
1.13753
0.872358
0.569784
1.09572
0.0896534
0.561733
1.95122
0.89146
1.58367
1.14187
1.96153
0.418793
1.42045
1.6635
1.00308
3.11757
1.02974
0.337524
1.11941
1.16202
0.80038
0.831803
0.308922
0.277251
0.986572
0.455083
1.80011
1.28182
1.08505
1.38749
0.84925
1.48812
0.795218
0.209663
1.1234
0.49445
0.896449
0.39061
0.813386
2.24207
1.545
2.149
1.81932
1.50139
3.05523
0.622583
0.449812
1.77067
1.28648
0.416598
0.619034
0.424383
1.48009
0.49189
1.71884
1.10037
1.33947
1.1962
0.716371
0.913459
1.24985
0.430999
1.1801
0.734927
1.29131
0.883506
1.44516
1.57943
1.21769
1.34478
1.63086
1.17105
0.838452
3.63037
2.11402
0.836082
1.61909
0.518673
1.43398
0.993244
1.11365
0.385198
0.768006
1.22692
0.782349
1.56484
0.520688
1.80633
1.23588
0.485491
1.19578
1.4315
1.60918
0.485475
2.15069
0.827456
0.339671
0.64693
0.720118
1.11536
0.483863
0.366053
1.42482
0.922354
0.376649
1.0969
2.39801
0.503327
0.648997
0.760354
0.387198
0.512234
1.10785
1.30172
0.137204
2.45254
0.277344
0.825389
0.383837
0.171189
1.66058
1.81699
0.371392
1.85356
0.435775
0.93061
1.08043
2.20186
1.30502
0.990976
1.61952
1.17637
0.466821
1.07829
1.18626
1.25163
0.50046
1.05831
0.662917
0.923452
0.599905
1.49668
2.26052
0.717197
0.648348
1.82985
0.761826
0.535064
1.15609
0.81632
0.240687
0.845986
0.948627
0.450268
0.418587
0.521442
1.50275
0.66677
0.832292
1.11356
0.686445
0.914006
0.727378
0.739172
2.04297
0.225095
0.294606
0.818932
1.81614
0.50384
2.56664
1.33206
1.01494
1.62507
1.75201
1.19414
1.11458
0.67915
0.578409
0.964655
0.717788
0.594267
1.42546
1.53573
0.584808
2.1143
0.712604
1.95577
0.603954
1.02207
1.45189
0.710903
0.882446
1.90303
1.32164
0.965614
1.46391
1.08283
1.3159
1.23271
0.101917
0.612515
0.735561
1.28991
0.512047
0.698494
0.567405
0.628289
0.596869
1.92881
0.304405
1.08448
0.52753
1.37358
2.24067
1.20035
0.42346
1.94145
0.741313
0.565433
0.707957
0.744883
0.973586
1.47662
1.02334
0.521645
0.509939
1.49085
0.812941
0.376608
1.26088
1.03034
0.704523
1.34351
1.40588
0.877814
1.23188
0.796719
0.121754
0.736625
0.124648
0.686017
1.1307
3.46019
0.348924
0.298092
0.598023
3.65946
0.612918
0.659753
0.66576
1.45356
2.02514
0.793644
0.450255
0.42467
0.642653
1.10558
0.479326
0.467257
1.06795
0.300929
1.02052
1.83499
0.348807
0.566341
0.65057
0.815304
1.05639
0.818459
0.792976
0.557932
0.938026
0.752456
0.819558
0.931091
1.51394
0.654308
0.803927
1.18725
1.1418
1.20934
1.38001
1.47672
0.618811
0.544756
1.61142
1.0695
0.0423377
1.38847
0.686392
1.2592
2.27639
0.340465
0.610693
2.23879
1.3286
1.23598
1.41467
1.02062
0.809897
0.577033
0.776166
0.61669
0.632323
0.954084
1.69025
1.04888
0.608887
1.81514
0.545097
1.53857
0.491837
0.590245
1.14156
0.339381
0.646073
1.15914
2.07497
1.13546
0.54851
2.30791
0.12196
1.23377
0.493108
0.501062
1.86734
0.679574
1.65715
0.765121
0.979292
1.15357
1.30214
2.11225
0.743551
1.40523
0.652504
1.87822
2.43013
1.79354
0.64332
1.03232
1.05619
1.08533
0.650706
0.508902
0.906379
0.52621
3.29752
1.06582
1.02871
1.03883
0.720256
0.853515
0.152953
0.396473
1.13668
1.11199
1.39518
0.379935
0.770932
0.96409
1.93569
2.58787
0.7611
0.916693
0.529065
1.23979
0.325022
1.07544
0.578059
0.544948
0.952089
0.868942
0.31646
0.101725
1.20033
0.916166
1.17652
2.50322
0.866467
0.609541
0.65993
1.77078
0.479824
2.31272
1.71586
0.401675
0.714858
0.494046
1.78333
1.61356
0.783586
0.834431
1.48211
0.372656
1.66008
0.59188
1.05297
1.85594
0.1315
0.822493
1.10977
1.26136
0.552276
0.552659
0.785073
1.00509
1.24996
0.239726
1.4438
0.754084
1.49986
0.967942
0.801975
0.322644
1.57599
0.765273
0.803677
0.676352
0.887697
0.292338
2.21694
1.78827
0.861094
0.942871
2.32041
0.901111
0.999959
0.619482
1.56082
4.14581
0.669238
1.95687
1.91227
0.934036
0.932028
0.573747
0.795995
0.251991
1.34819
1.23721
2.00393
1.0416
0.539737
0.869511
0.717587
0.703844
0.928989
0.897685
0.890623
0.425136
0.949992
0.55795
0.339174
0.654046
2.03246
0.974724
0.666909
1.35541
0.46177
1.27374
1.0359
0.41506
0.142935
0.169467
2.74889
1.15882
0.868819
0.849148
0.951734
0.961327
1.936
1.47765
1.28615
0.362147
0.757287
1.6365
1.06398
0.581768
0.281844
0.212715
0.849986
1.0433
0.393512
1.64768
1.47684
1.53279
2.78497
1.48847
2.53548
1.03172
0.699856
0.589408
0.728912
1.53876
0.569201
0.744284
1.12062
0.756269
0.707909
0.647138
0.767714
1.72582
1.47063
1.32531
0.915458
3.13869
1.50238
1.35958
0.65061
0.603045
1.70622
0.99179
1.32366
1.54917
1.22018
1.84808
1.66662
0.579399
1.37331
0.860739
0.395036
0.841683
0.987591
0.775383
0.62452
2.74044
0.769583
1.14177
1.17053
0.555055
1.15993
0.458889
0.82447
1.70187
1.17007
0.494639
0.594978
0.825192
0.996171
1.32598
0.701775
0.688518
0.860542
0.689727
0.972582
1.5728
0.49834
1.91226
0.398412
0.797168
1.42865
0.562443
0.852497
1.16771
1.19127
1.65778
0.573417
0.256424
0.920493
1.31978
0.64768
1.19483
0.717866
1.14745
1.29607
1.03412
1.00867
1.32253
1.94926
1.05958
2.14663
1.55762
2.30916
2.97617
1.17266
1.14272
0.207488
0.589176
0.493131
0.85859
0.906057
0.599864
0.878353
0.194628
0.777732
0.975791
1.61173
0.423178
3.03068
0.602645
1.55779
0.904054
2.38851
1.11713
1.74929
0.97409
1.13321
1.32156
1.17571
0.637757
0.633613
1.54995
1.43754
1.58351
1.05471
0.802316
1.11601
0.475251
0.530907
0.930293
1.16326
1.37198
1.72627
2.45946
1.58348
0.938186
0.756578
0.961267
1.39508
1.62919
0.431429
1.50691
2.47774
0.937856
1.68754
0.337619
0.66313
1.65316
0.83249
0.702751
0.961958
1.43884
0.538645
1.01408
1.17897
1.6493
0.498422
1.79748
1.23772
1.09973
0.281328
1.36291
1.19909
0.622465
1.31487
0.607797
1.80525
1.64054
0.478783
0.151554
1.739
0.0853038
1.07335
1.63781
1.22778
0.775154
0.28937
0.519396
0.746312
0.285692
0.705494
0.695715
0.8315
0.61556
0.904466
0.557058
1.08112
0.549847
0.46364
1.03171
0.539809
0.796732
1.35726
0.649137
1.69934
0.368394
0.728896
1.45836
0.416383
1.19101
0.822031
0.751496
0.822216
1.59822
0.394707
1.18832
2.45079
0.651983
1.65089
0.778143
0.211677
0.658346
0.745443
0.501923
0.692113
1.6116
0.472791
1.05372
1.80323
0.272147
1.045
1.96216
0.495619
1.90595
1.48182
0.402591
1.27002
0.804677
1.41775
0.268727
0.260102
2.33504
1.55723
0.412767
1.28712
1.88101
0.501766
1.18451
1.27122
0.984881
0.535359
1.14812
0.382623
0.842948
0.733561
0.610878
0.443051
0.581519
2.31819
4.65594
1.4824
0.741747
0.725658
1.00455
2.1925
0.98908
0.638069
0.591043
1.56645
1.33447
1.10141
0.721777
0.83223
0.59605
0.526821
2.05792
1.0507
2.9208
1.36571
0.338423
1.16038
1.52199
1.13539
0.907987
1.62765
1.11767
0.500536
0.66424
1.24851
0.270001
2.05332
1.04115
2.0667
0.630512
0.503503
0.461001
0.809772
1.50592
0.675501
1.41915
1.6627
0.871625
1.07824
0.44693
1.18478
0.677701
1.40373
1.06461
2.22861
1.61837
0.802809
0.266739
0.983513
0.603684
1.78863
1.04509
1.76047
1.09324
0.448189
0.711361
0.383841
1.86125
0.789538
2.03223
1.05722
1.53058
0.224001
1.38996
1.36556
1.40831
0.700595
0.24458
1.12955
1.49617
3.51698
0.487717
1.93068
1.75016
0.529425
1.22767
0.771907
0.737806
0.583551
0.893234
1.98968
0.977542
0.804529
0.497248
0.155109
0.792003
0.612127
1.1383
1.89408
2.05693
2.26308
1.04267
1.25453
0.85203
1.01325
0.653794
0.594994
0.997834
1.02147
1.60847
0.597391
0.747433
0.489492
1.50166
0.767086
0.460825
3.37895
0.813957
2.27567
1.42187
1.02018
1.30564
0.718562
1.04729
1.04095
0.89972
1.49004
1.33988
0.955164
0.643696
0.922637
1.14432
0.398305
0.88878
0.485554
1.16772
0.834489
0.904433
0.545922
0.709392
0.688771
0.921045
0.70703
1.02668
1.25829
0.865569
1.42694
2.38624
1.05913
1.14916
0.959631
1.50425
0.803934
2.88807
0.433763
0.845907
1.56061
0.90578
0.548542
1.53984
0.961788
0.751983
4.83381
0.852503
1.95858
0.875844
0.746415
0.611708
0.888973
0.359173
1.46312
0.739915
1.85784
0.530529
0.093027
1.29758
2.24753
0.186313
1.28211
0.477367
0.674263
1.38197
1.6431
0.576846
1.41987
1.84081
0.964798
1.55239
1.7909
0.567332
0.645651
1.24895
1.74119
0.554973
0.92724
0.636715
1.4656
1.89173
1.07383
0.742414
1.15829
0.169692
0.536159
0.780998
0.324386
0.561017
0.93638
0.595391
1.26633
1.174
1.26057
0.838317
2.50958
0.215865
1.10542
0.705967
0.372412
0.874149
1.4367
2.10656
0.819356
1.43988
0.763392
0.993108
1.07323
0.95252
0.597233
1.7863
0.868781
0.454739
2.09202
1.36115
0.917709
1.28871
0.694085
0.980868
0.695915
1.09146
0.519161
0.848641
2.88665
0.465549
0.99649
0.730714
0.701554
1.79587
1.56773
1.03741
1.00782
1.13709
0.753936
0.487057
2.08537
0.998596
1.29368
1.13079
0.83612
0.493458
1.08774
2.13727
1.42651
1.35376
0.800306
2.1737
1.1492
0.449153
0.368571
1.30491
1.07342
0.645902
1.10778
0.76357
0.839303
0.31988
0.469695
0.677095
3.55236
0.710148
1.37826
1.38404
1.13697
1.37205
1.0945
0.512336
2.02409
1.05725
0.883076
1.03717
0.805728
1.82685
1.89417
0.919647
0.842298
1.16886
1.83354
0.535896
0.561913
0.844462
0.551156
0.664931
0.487442
0.174028
1.65408
0.280403
0.773019
1.60221
1.56423
0.950741
0.658157
0.618583
3.0222
0.963962
0.347459
0.380552
0.899794
0.707613
0.722297
1.36972
1.10331
0.676491
2.72546
0.523627
0.938352
0.598232
0.679636
0.551072
0.953636
1.25721
1.45264
0.41494
0.491076
0.691276
0.871169
0.910521
0.747993
1.42556
1.60274
1.65152
0.499952
1.46263
3.03602
1.29802
1.06334
0.429885
1.14777
1.21164
0.603232
0.699581
0.50492
0.68645
0.749383
0.931084
1.68305
1.00788
0.593469
0.447608
0.981142
0.986809
1.47411
1.57171
2.12555
1.59159
1.18971
0.728746
1.67212
0.745447
0.366594
0.757727
0.188498
1.60813
0.888506
0.578123
0.183404
1.71457
0.544736
1.0104
1.26814
1.01542
0.211489
0.598115
1.97249
1.27449
0.918495
0.977029
1.58396
0.806918
0.872264
1.34479
1.94881
0.687374
1.0694
2.53896
0.85577
1.99013
1.76877
0.829317
1.73739
1.81321
1.21064
1.71496
1.34898
0.840091
1.46239
0.43426
1.11917
1.42747
1.04592
1.15285
2.2405
0.250647
0.796358
1.15095
0.228659
0.669518
2.19539
0.595728
0.747068
0.741701
1.01799
0.757288
1.50665
2.58895
0.693054
1.73448
1.20878
0.587567
0.629821
1.87607
1.64465
1.52472
1.11288
0.659232
0.748929
2.2469
0.307871
1.53058
0.510652
0.700923
1.52761
0.482635
1.20424
0.646625
1.59222
0.877522
0.25812
1.69876
0.91745
0.71745
0.769395
0.570284
0.429271
0.550724
0.419928
1.14909
1.33574
1.41377
1.8699
0.529487
0.44074
0.416763
0.749652
0.655994
0.658553
1.15743
1.82461
0.611694
1.19419
4.69578
1.79759
0.46156
0.650565
0.421668
1.06568
0.222662
0.698473
0.951521
1.00257
1.20495
1.39331
0.761389
0.845518
0.190633
0.527473
1.07974
3.92144
1.24765
0.484002
1.78341
1.98945
1.40947
0.313729
0.952489
1.1185
1.73552
0.40916
1.44259
1.30975
1.17368
1.93103
1.01914
1.43459
2.52794
1.20558
1.99466
2.37538
1.12639
1.38851
2.42737
1.15681
1.15398
0.340316
0.804028
1.04403
0.795074
0.635276
0.530073
2.6278
1.21757
0.385132
1.62401
0.684221
0.768351
0.732238
0.752597
0.539127
1.35829
0.497725
0.881128
1.1873
0.934267
0.889236
1.30677
1.63637
0.527537
0.563278
1.12106
0.541811
1.23454
2.45675
1.44092
1.42346
0.396597
0.551228
0.283444
0.970582
1.70812
1.11889
1.23448
0.773997
1.24485
0.368788
0.516981
0.99565
0.657855
0.387089
1.04636
1.02071
0.872666
1.23112
4.13036
0.827278
1.9833
0.685532
1.6548
1.82534
1.50356
0.729603
0.79878
0.972541
1.34701
0.694634
2.19402
1.62098
0.753754
0.557065
1.11207
1.48222
1.90916
0.93335
0.655432
0.689631
0.832524
1.81237
2.25389
1.83939
0.942594
2.10309
0.913474
0.863163
1.17341
0.885243
1.13514
0.541446
1.30594
0.962178
0.951976
0.665221
0.853898
1.66883
0.503205
2.12779
0.850313
0.633777
0.605836
1.26387
1.12107
1.34931
0.557034
1.49875
0.579418
1.11076
1.61942
0.921199
0.968527
1.09215
1.3435
0.914918
1.31699
2.4318
0.643959
0.49466
0.517957
0.557432
1.11714
0.76081
1.01024
1.02022
0.159335
1.71313
2.72112
0.748208
2.68025
1.27811
1.14846
0.940872
0.625926
0.611204
1.29242
1.0971
0.642661
0.809828
0.592651
1.5762
0.547158
0.510584
0.644013
0.755957
0.557576
0.37199
1.06046
1.1316
0.807622
1.21424
0.941639
1.21065
0.76433
1.91114
1.03319
0.545163
1.02243
0.953258
1.67161
1.3626
1.14536
0.914854
1.17088
0.492835
2.53259
1.16674
1.42185
1.55348
2.7153
0.928437
1.16494
0.862006
0.821721
2.34231
2.2469
1.2101
0.776033
0.728022
0.61435
0.731814
1.15031
0.910418
1.71392
2.30592
0.691339
1.86002
1.02982
0.509629
1.90529
1.49659
1.94678
1.08292
0.35778
0.90668
0.584288
0.898141
1.90554
1.16109
3.19831
0.49104
0.778891
0.601931
0.505933
1.95592
1.07652
0.51548
0.916078
0.479493
1.25712
1.22455
1.04295
1.65673
0.620637
0.416285
1.69769
1.07915
1.39131
2.00425
1.26027
0.907538
1.29989
1.52058
1.52056
1.26676
0.715877
2.2047
1.32082
0.848187
0.742249
0.128409
1.84789
1.17645
0.857791
1.70243
0.969418
1.38334
0.819657
2.15697
1.05384
0.761078
0.739066
0.986447
0.519828
0.289291
1.022
0.639395
0.601988
0.448698
0.206379
1.04954
0.921575
0.768261
1.67493
1.4159
0.833688
0.514869
0.375427
0.747028
0.708889
0.370723
0.88309
0.235066
0.572141
0.507882
0.859933
2.35972
1.99606
0.723969
1.19246
1.90153
1.06072
1.07433
0.799949
1.10232
0.837505
1.47692
0.548196
1.56506
1.42565
2.4712
2.35115
0.387066
1.16684
1.04689
0.652813
0.327273
0.766046
0.755114
1.46745
1.33608
1.05999
0.586083
0.602331
2.15331
1.23142
0.689349
0.458319
0.404766
1.23177
1.39555
1.31997
1.21287
0.251116
2.00257
1.79151
0.64529
0.761905
0.923907
0.577803
0.900486
0.805003
0.681815
0.639659
1.64453
0.919074
0.888255
0.764536
0.648832
0.612583
1.71869
0.609827
1.0758
1.94227
0.919907
0.813979
0.612082
0.91534
1.26421
0.645392
0.781954
2.41328
1.09772
0.310902
0.451176
1.36536
0.73826
1.12792
1.60982
0.156015
1.00022
1.13304
2.8123
0.951453
1.05783
1.08858
1.19274
1.98404
0.628705
1.68701
1.05585
2.11318
3.12404
1.57897
1.14601
1.72261
0.278766
0.863456
0.594405
1.22925
1.81912
1.20855
0.167192
1.09318
0.675794
1.81963
0.727528
1.0077
1.44506
0.537134
0.447513
1.54363
0.822903
1.33552
1.81985
1.85966
0.876069
2.72525
1.13471
0.467572
2.19733
0.966477
1.34056
1.03617
1.88347
1.30064
1.3656
1.03715
0.185146
1.33491
1.60583
0.735489
1.46289
0.609106
1.20703
1.74251
0.850728
0.798676
0.77528
1.05619
0.238891
0.875741
0.77333
1.21073
1.02623
0.984317
1.10884
1.27184
1.18006
1.21743
0.833886
0.873359
0.694039
0.93968
0.457697
0.167555
3.4575
0.838317
1.68194
2.54223
0.780227
0.914361
0.441668
0.745992
0.823479
0.883971
0.509902
0.705343
2.08849
0.482714
0.528494
1.12227
1.20061
0.966826
0.787555
1.11336
1.08039
2.15335
0.524702
0.843546
0.599101
2.50671
1.54507
1.21827
1.90526
1.53395
0.706932
0.320716
1.04324
1.30269
0.807311
0.669063
1.15488
0.47077
1.0891
2.15564
0.824556
0.24968
1.05786
1.97942
1.18192
1.25305
0.458404
0.437097
0.427123
0.574817
1.31278
0.898062
1.13473
0.613961
0.585254
1.00119
1.34889
1.15748
0.499144
0.108625
0.892283
0.39564
0.670169
0.427148
0.742552
0.323136
1.66915
1.4126
0.808932
1.9512
1.04166
0.826138
1.22065
1.79952
0.707786
0.937572
2.44192
2.5367
1.30093
0.770095
0.798664
1.31572
1.30004
0.99497
2.09184
0.979166
1.16425
0.988298
1.07072
1.21307
0.977063
1.03045
0.491591
0.872596
0.923474
0.628582
0.681536
0.829632
0.634121
2.19381
0.995315
0.998995
1.30582
0.511322
1.74766
0.793231
0.633229
0.517569
1.0228
0.238512
1.28632
1.02539
1.31392
0.522218
0.936736
0.574809
1.34058
0.638674
1.63593
0.869493
1.104
0.650238
1.36512
1.19819
1.11363
0.776948
1.61528
1.22668
0.927622
0.849655
1.32417
0.615382
0.607639
0.39807
0.498291
0.948868
1.6374
0.615719
0.987562
0.463296
0.917878
0.512859
1.07594
1.6021
1.55031
0.712465
0.694985
0.28413
0.556412
0.719186
0.567923
2.54941
0.707149
0.773122
0.709442
0.540948
1.23411
0.720477
1.86693
2.03987
0.542039
1.00814
1.08756
1.12286
2.29421
0.59757
1.41327
0.743028
1.70423
1.10905
1.05159
1.07196
0.543706
1.19203
0.189287
0.600301
0.990033
0.790954
1.08917
0.540557
0.439087
0.947017
0.651313
0.649551
0.606197
1.68587
1.42484
0.760579
0.225047
0.502273
0.979588
0.420993
0.475256
1.24261
0.312403
0.681193
0.78697
0.715335
0.419221
0.774497
0.605243
0.236752
0.331391
0.805501
1.65019
0.949718
0.960669
0.724557
3.19021
0.128144
0.960898
1.39841
1.63843
1.31782
1.27068
0.288935
1.32974
1.6132
1.49769
0.981525
0.430442
2.67107
0.966642
0.759781
1.57967
0.607862
0.950433
0.628234
2.13922
0.895739
0.945741
0.880684
0.158755
1.67998
1.02747
3.2021
1.43054
0.612283
2.17504
0.651227
0.417479
1.06205
1.27494
0.607278
1.83447
0.711006
0.785983
0.761037
1.43349
1.53052
2.05383
1.06807
0.998961
0.8912
1.45404
1.48659
1.88317
0.945829
2.53424
1.38625
0.950924
0.084975
0.837924
1.18641
1.4768
1.30912
0.923051
1.00153
0.731148
0.173622
0.61636
2.06178
0.528618
0.703172
1.02919
0.394698
0.91702
0.991997
1.74664
1.95133
0.242168
1.55011
0.783419
1.96111
1.16584
0.647009
2.87046
0.93605
1.79797
0.725788
0.382993
0.131806
0.250253
0.766572
0.749706
2.14318
0.456473
1.9115
0.663693
0.55453
1.94003
2.09453
0.487605
0.687186
1.71164
1.48552
1.31967
0.47423
1.20718
0.878319
1.23315
1.52137
0.543409
0.739937
0.703827
1.36442
0.476577
2.80028
1.01762
0.617846
0.335128
0.659761
0.367434
0.444249
1.00352
0.781804
0.589302
1.09733
1.28718
0.537554
1.05343
0.929358
0.971134
0.213314
0.486881
1.39465
0.996397
1.17426
1.35166
0.653447
2.37167
2.12398
0.851492
0.867729
0.664018
0.960554
0.665355
0.582405
0.544927
0.863686
0.842846
0.537661
0.388109
1.484
0.623604
0.691713
1.1508
1.17866
0.986414
1.34722
0.915466
0.490222
0.886068
2.13864
1.2244
0.421727
1.36398
2.28874
1.73849
1.18504
0.871784
0.471591
0.70696
0.522247
0.656241
0.16717
0.725698
2.11399
0.966419
0.954098
0.909011
0.796222
1.27137
1.85526
0.739445
0.458924
1.29792
0.776066
1.55214
1.87361
2.84696
1.35903
0.74486
1.82948
1.6842
0.983819
0.979806
0.619235
0.556048
1.19696
1.76956
1.18831
1.79298
1.35535
1.78267
0.356672
0.769002
0.886205
0.978389
1.75898
3.05145
0.655936
2.45029
1.38848
0.895105
0.710927
2.55125
1.01754
0.618691
1.18875
0.353772
1.04927
1.33028
1.63113
0.23378
1.01138
1.47583
0.840393
1.24128
1.33659
0.591844
2.00115
1.03857
3.04446
0.584247
1.13894
0.413011
0.882482
0.186114
0.802281
0.775366
0.596949
2.36691
0.498135
0.955793
1.34124
1.28993
1.07937
0.28092
0.937318
1.23854
2.37141
0.913203
0.979578
0.970055
1.68213
1.31504
1.24262
1.29686
0.703566
1.15289
0.840375
1.83929
1.72126
0.250024
0.332688
0.810798
1.98413
0.391578
1.09576
0.550539
0.498369
1.74754
1.37555
0.738854
0.517546
0.485238
0.921451
0.933455
0.797591
1.1552
1.87002
1.2375
0.676857
0.672012
0.863245
1.05726
0.36311
0.660903
0.395518
0.628823
0.488453
0.847342
1.25799
0.559232
1.01989
0.36526
0.240047
0.89708
0.693254
0.705987
0.601438
1.0226
0.967689
2.24116
0.790692
0.650028
0.400457
1.06575
1.22626
0.511642
0.751006
0.665133
0.662493
0.490885
1.17192
1.33955
1.3024
1.53955
0.797658
1.24723
0.36409
0.925915
2.16064
1.01019
0.815913
0.541446
0.645802
2.98374
0.944359
1.96413
0.783582
0.941976
1.02511
3.61335
0.120291
0.74533
0.201884
2.29202
0.436819
1.426
1.24301
2.80071
1.10316
0.240768
0.926214
0.800746
0.748135
1.13618
1.60998
0.863125
0.234187
2.78851
1.00028
0.705973
0.663114
1.19775
0.998079
1.0548
1.20435
1.49499
0.361612
0.242654
0.672717
0.918394
0.942864
2.48998
1.21428
1.19292
0.758702
1.4719
0.85353
0.634118
1.00709
0.275767
0.807438
0.585269
0.922409
0.738295
0.260293
0.519528
2.1749
1.38624
0.498668
2.51439
1.39314
0.999693
1.02286
0.279498
1.32036
1.16795
1.67353
1.58137
1.29407
0.670509
1.04196
0.332276
0.779131
1.19092
1.36254
1.41062
0.16053
1.84926
0.960799
1.54359
0.794352
1.09793
0.40062
0.163289
0.656529
0.825513
1.227
2.65542
1.23031
0.775388
5.38833
1.35129
1.50772
0.970799
1.85494
1.08355
0.445978
1.07482
2.36981
0.61388
2.01924
0.767261
1.37106
2.66887
0.282338
0.691754
0.244641
0.925423
1.27995
1.21447
0.729226
1.20869
0.263197
1.41413
2.19915
0.455324
0.480526
0.880276
0.658582
1.17138
0.816273
0.967596
1.86016
1.44539
0.863158
2.69394
1.16299
0.450553
1.82032
0.683884
1.28982
1.10841
1.20949
0.510361
1.23877
1.27784
0.874799
0.672654
1.19802
1.63219
2.67471
2.28009
0.0796707
0.537648
2.27273
0.693886
0.443736
1.10475
0.49136
0.714177
0.977748
1.13086
0.427574
1.03049
0.775763
0.438747
0.337773
1.88397
0.742649
1.30653
0.922241
1.32893
0.831077
1.09731
1.09094
1.64818
1.63531
2.04729
0.47172
1.15185
1.42495
0.228855
0.434521
0.509252
2.48632
1.84885
1.01119
2.02145
0.788287
0.916486
1.04938
0.53566
1.00938
0.780607
1.05082
1.06371
1.59792
1.47711
0.615263
1.57987
0.536296
0.420285
0.0944579
0.967966
1.12558
1.21345
0.620246
0.830637
0.549028
2.31824
1.26584
1.3049
0.824502
2.57149
0.445667
3.43319
2.88426
1.37666
0.627524
1.27287
2.94586
1.98887
1.05751
0.728431
0.937372
1.51483
0.733722
0.666762
1.53451
1.19337
0.535343
2.12937
2.03513
1.06503
1.28468
0.374058
1.71408
1.25564
0.371241
0.382301
0.95825
1.28974
1.17318
1.56369
1.01017
0.918247
0.582088
0.913828
3.05447
1.63211
1.16394
0.305753
0.736096
0.570461
0.558733
1.34397
1.00499
0.592753
0.644963
0.733888
0.680935
1.67124
1.11455
2.86534
0.972203
1.02369
0.84295
0.955986
0.88413
1.06778
1.25145
1.32708
1.60578
0.797553
0.884557
1.13669
0.839871
1.69802
0.463377
0.849215
0.162522
1.96982
1.59823
0.425211
0.883799
0.87692
0.970333
0.628647
0.429063
1.28367
0.703165
0.998789
0.708988
1.18167
0.438145
0.107339
1.04849
0.505963
0.706736
0.665182
0.393256
0.61648
1.66713
1.2848
0.505184
0.985793
0.812298
0.895916
0.610377
1.62124
0.413233
0.390937
1.28718
1.47293
1.3721
1.0335
0.996853
1.49973
1.13548
1.55641
0.731992
0.319811
0.902039
0.599148
1.69982
0.580497
1.55019
0.602332
0.396856
0.888037
0.921433
0.810947
0.979977
0.473238
0.49134
0.441538
0.217236
0.388623
3.79878
0.874825
1.50115
0.623588
0.305488
0.383448
0.938234
0.70801
1.30874
0.58566
3.21614
0.99811
1.28204
1.91811
0.313811
0.324772
3.65719
1.15271
2.26906
0.971131
1.02384
0.824986
1.26751
0.266052
0.669532
1.51545
1.22371
0.194895
0.720967
1.19948
0.712314
1.05753
0.145577
0.772407
0.631272
0.634894
0.671344
1.03655
1.07627
1.20473
1.21867
2.22393
1.20212
1.25201
2.73496
0.640444
1.207
0.194694
1.48336
4.6683
1.3535
0.949633
0.845842
0.834938
1.71688
0.842611
1.08237
1.43463
0.46501
0.558879
1.12298
1.29232
0.167704
0.724363
1.87352
0.705788
0.437477
0.967158
0.552168
1.16578
1.28056
1.02035
1.37252
1.02997
0.580654
1.61701
0.985373
1.00269
0.865812
1.00466
0.368755
0.800748
0.910668
0.612223
0.860501
0.538523
1.11021
0.780601
1.30147
0.79918
2.04274
0.972724
0.315673
0.205842
0.294175
2.51488
1.40702
1.02236
0.858947
1.2068
2.38653
0.415676
1.59608
1.10221
1.0562
1.20579
0.450099
0.755314
1.02338
0.628344
1.51301
0.817712
1.14922
1.16744
0.813623
0.793264
1.22473
0.763136
0.640868
1.69083
0.952445
0.659155
1.27871
1.53307
0.954722
0.638109
0.702446
1.5878
1.02294
1.21803
1.27743
0.656431
0.99585
2.10481
2.43853
2.06619
1.08455
1.51636
1.13116
0.804109
0.843408
0.315082
0.789007
1.26741
0.530552
1.635
1.49848
0.53165
0.241772
0.457236
0.757411
1.19555
0.866193
1.39796
1.03651
2.08005
0.488447
1.42098
1.85959
1.11801
1.74706
1.05571
0.638141
1.03506
0.800605
1.21943
0.987362
0.823435
2.13767
0.978254
1.66886
1.26723
0.830463
1.91249
4.08487
0.832969
0.192097
0.423792
1.1015
0.856766
1.20992
1.1619
0.463001
0.621641
0.247376
0.947187
0.746995
1.93484
0.795177
0.513882
0.864923
0.790253
2.73609
0.687097
2.15991
0.832012
0.684321
2.13578
2.16607
1.23191
0.22639
0.871174
1.01469
1.06169
1.0762
0.431461
0.903224
0.515586
0.657749
0.957187
1.05663
1.03787
1.84205
1.4848
0.655716
1.16076
0.669579
0.171332
1.94586
0.960198
1.31347
0.553278
4.2397
0.799361
1.62081
1.33695
0.592667
0.822977
0.694733
0.978772
3.10323
1.94407
1.39029
1.1882
1.17304
1.79232
0.829716
2.19261
2.51735
1.35302
0.872458
1.66919
1.45729
0.485286
1.11155
0.798697
0.680217
1.12776
0.511843
0.537009
0.20251
0.850927
0.268436
0.827024
0.223779
0.606068
0.922677
0.755848
1.65108
1.70876
0.829207
1.5847
3.64996
0.463965
1.5067
1.01056
0.795688
1.09448
1.23643
1.21639
0.918775
1.50036
0.660007
0.798538
1.0298
1.48438
0.223193
0.543817
1.53919
0.721995
0.614454
1.82788
2.2038
0.537725
2.04519
0.460527
1.28704
0.600708
0.600429
1.72476
0.787491
1.11436
1.45757
1.10357
0.357316
0.382986
0.774792
2.85745
0.0732732
0.45571
0.71701
1.54922
1.16941
1.28931
1.31874
1.48477
1.10211
0.778602
1.60555
1.17478
0.83901
4.22916
0.990037
0.476825
1.8424
1.05955
0.467577
1.55756
0.797917
1.20997
1.07132
0.802991
0.931124
1.03793
2.06388
1.39953
2.49212
0.690909
1.12683
1.16693
0.5876
0.80755
0.314353
0.491133
0.810163
1.5206
1.1434
0.785101
0.767097
2.14198
0.655692
0.83481
1.21053
1.11289
2.45476
4.14899
1.5758
1.03064
1.26974
1.11954
1.0919
0.834852
0.85451
2.39377
0.827695
0.869923
1.15703
1.07211
0.591213
0.454722
1.08727
0.575079
0.901665
1.01127
1.09851
0.81558
0.842291
1.50169
0.944156
0.385581
1.83845
1.17465
0.74463
1.45733
0.387293
2.66612
0.454187
0.660444
0.926523
0.50467
0.914528
0.762531
0.869106
0.627364
0.67852
0.62103
0.151484
0.0323225
1.28054
0.826361
1.17727
0.515721
1.55418
0.708508
0.368834
0.76595
2.53885
0.920015
0.76644
0.614641
2.12622
1.53526
0.374984
0.739241
0.817858
0.848572
1.48832
1.29265
0.731898
2.05754
0.876903
0.704967
0.112007
1.17451
0.684514
1.31851
0.419924
0.784042
0.302832
1.3821
0.420925
1.08646
2.97791
0.865945
4.06636
0.754378
1.0107
1.26797
1.3905
0.709514
1.07904
2.58935
0.712266
2.75347
3.19299
1.83464
2.17891
0.656579
0.838102
0.920043
0.535514
1.85248
1.33853
0.801229
0.907291
1.0863
0.88151
0.468247
0.595615
1.47346
1.05799
1.23757
0.539267
1.30504
0.312593
0.629368
0.47572
0.526012
0.597359
1.36668
1.69232
0.59838
0.919913
0.706009
1.68481
0.764275
1.27239
1.0703
1.19666
0.939026
2.02445
0.670955
0.911258
0.607544
0.938913
1.30628
1.45815
0.250617
1.30533
2.24272
0.646779
1.36093
2.09527
0.92664
1.04942
2.14959
0.735953
1.64724
1.4309
1.13833
3.43118
0.609285
0.306473
0.326982
0.193012
0.973941
1.60216
0.890677
0.414582
1.42434
1.39492
3.97855
0.940268
1.46035
1.63927
0.692783
3.46857
2.7692
0.76177
1.30735
0.993612
0.459136
0.991498
0.620772
0.807272
0.418754
0.576139
1.43556
0.431984
0.806065
0.792985
1.61555
1.00124
0.743174
1.77566
0.670271
1.6284
0.4533
0.423192
1.92924
0.644214
1.59937
1.08746
0.809241
2.06147
1.07384
1.46105
0.355676
3.13032
0.841028
0.828533
1.41504
2.01752
0.58251
0.209614
0.772933
1.40493
2.06786
0.677406
1.85141
0.718586
0.954383
0.699702
1.04403
3.27223
0.605674
0.327426
1.38005
0.703964
0.765179
0.967608
0.3984
0.436786
0.582396
0.713364
0.837111
0.607251
1.09347
1.10987
0.728287
0.843201
0.386953
0.31704
0.740531
0.555666
0.332523
1.71717
0.609142
1.18083
1.64158
1.19631
0.909984
1.58688
1.22523
1.65991
0.911288
1.38226
0.502255
0.808967
0.731909
0.738101
0.756566
2.2493
0.710825
0.6567
1.29321
1.02973
2.78116
1.03766
0.744995
1.07915
0.863476
1.55179
0.924089
0.682492
1.53363
0.433309
1.68014
1.1908
1.25232
1.35804
1.50214
0.461681
1.22814
0.785559
0.492007
1.86105
1.51473
0.920808
0.947335
0.45793
1.603
1.16167
1.29021
1.18056
4.5248
1.54019
0.695403
0.730096
1.01249
0.719344
2.74593
0.940519
0.528528
0.905861
0.530611
0.651685
0.435484
0.373292
2.12974
0.550312
1.37266
1.07275
0.899193
1.61465
1.0333
0.78636
1.29461
0.625022
0.916167
1.46738
0.982501
0.977287
1.19784
0.790773
1.58813
0.439188
1.23803
0.169333
0.886791
1.03052
0.709909
0.632336
1.54048
1.57355
0.818247
0.970453
0.370549
0.529579
0.138966
1.15736
2.88168
1.87838
0.481935
0.447426
0.49242
2.41806
1.0507
0.936393
0.983024
0.814896
0.965144
0.668172
2.30002
1.88829
1.48117
0.793464
0.963169
0.542107
0.763006
1.2531
0.744811
1.25229
0.619474
1.08634
2.20006
1.16773
0.640756
0.453873
1.70673
0.484641
3.22635
1.50601
1.02426
0.913662
0.603465
0.415321
3.62495
1.15197
0.87076
0.834354
0.404007
0.640382
0.500099
1.5284
0.14332
0.654985
1.93735
1.01043
1.21124
1.03386
1.21163
1.90585
0.599905
1.42761
1.17251
2.03418
0.272393
1.65214
0.36736
1.5297
1.16727
0.354616
0.873678
0.441924
0.86888
1.15896
0.898021
1.05713
0.784691
2.44245
0.526386
1.52599
0.595459
0.60928
0.379599
1.35034
1.35387
1.43025
0.848869
0.378153
0.538024
2.49595
1.35501
1.95236
1.10485
1.29943
1.39682
1.08811
1.41662
0.913093
1.01338
0.68081
0.754093
2.69472
1.45207
0.540399
2.91649
1.9431
0.342311
1.1953
0.673894
2.06686
1.06826
0.445345
0.935965
1.42397
0.93314
0.618159
0.933181
0.761342
2.45529
0.782023
0.865303
0.654038
1.5968
1.12094
0.933398
0.536627
0.517552
0.632762
1.71214
1.04799
0.99301
0.921055
1.52616
1.7476
1.01799
1.3674
1.00574
1.18163
0.426354
0.883199
0.751445
1.89697
1.44323
0.31764
2.2221
0.97657
1.02498
3.3252
0.479191
1.01329
0.284976
1.41297
0.929397
0.819814
0.624853
2.41166
0.940448
1.56481
0.543309
0.633544
0.705013
0.621965
1.05132
1.2711
0.937438
0.545028
0.588453
0.831826
1.70996
0.641848
0.873626
0.580107
0.922464
1.6803
1.26821
1.94252
3.5112
0.967819
0.692076
1.83801
0.509863
2.08111
0.881768
1.34523
0.690652
0.489635
1.00605
0.534451
0.246672
0.739083
1.30624
0.937524
1.43241
2.10374
1.33501
1.31198
0.507885
0.923
1.62868
1.30267
1.25899
0.652012
0.41046
0.918789
1.10083
1.06468
0.415601
1.31901
2.46575
0.740247
0.81592
3.05468
0.243107
2.1856
2.22244
1.79105
0.611615
0.984527
2.89208
1.065
1.19988
0.553898
0.53075
1.15145
1.06771
1.16496
0.892537
0.572848
1.00481
1.60679
1.31411
0.923837
0.405455
1.58016
2.70973
0.769821
0.938198
1.06639
0.80866
2.10232
0.802179
1.01888
1.53032
0.750289
1.8115
0.597325
0.593013
1.48695
0.918624
1.40431
0.919292
0.300893
2.36046
0.212375
0.523678
0.779593
1.66499
0.744835
1.98141
1.10547
1.46118
0.74113
1.22277
0.743716
0.903524
0.29165
0.715736
0.782934
2.69327
0.42881
0.182465
0.394495
0.391315
0.448389
0.683431
1.22456
0.587827
0.868561
1.22128
0.793267
1.07957
0.599311
0.9214
0.869524
1.95382
0.551539
0.611124
2.4755
1.1049
1.36634
0.805356
0.84527
1.01828
1.41298
1.63679
0.920525
1.06283
1.51858
1.25902
0.78465
0.898573
2.50764
0.717745
2.09275
0.512679
0.834431
0.910167
1.24915
1.06512
2.16069
1.24876
1.92675
0.941805
1.92544
1.34719
1.39733
1.57584
2.77488
0.43321
0.901168
0.576937
0.720937
1.28957
1.21814
0.81436
0.56722
2.14505
2.11491
1.04273
1.21783
1.35055
0.825824
0.476241
1.20355
0.222774
0.367161
1.06183
0.540824
1.0893
1.70612
1.55442
0.357714
1.27381
0.812378
1.06073
0.585559
0.283359
1.06239
0.157693
0.636987
0.534497
2.54178
1.07403
0.913461
1.04236
0.97782
1.45313
0.945443
1.46324
0.915227
0.569249
0.387565
2.09828
1.05576
0.724494
0.664784
0.650177
0.661925
1.01041
1.33581
0.905426
1.1066
0.946121
1.22577
1.15107
1.14768
0.508496
0.738929
0.350192
0.217828
0.75237
0.730048
1.59769
1.58839
1.70104
1.35507
0.726379
0.359427
1.66151
1.27282
0.919287
0.64471
0.60325
1.99439
2.14867
1.12647
0.950519
0.764155
5.28032
0.937751
0.527572
1.3247
1.22154
1.90145
0.570163
0.866718
0.811322
0.51772
0.528672
2.54542
1.14701
1.05412
0.931621
1.2574
0.442318
0.355736
0.259508
0.83071
1.57904
1.79669
0.464981
1.14609
1.64303
0.567466
0.791218
0.853736
1.5133
2.00403
0.226168
1.22497
0.745178
1.20103
1.5863
1.88181
1.39875
0.987309
0.776168
1.09996
0.708488
2.66953
1.31178
0.916055
0.529768
1.56008
0.44201
0.628036
0.515509
1.47515
0.75606
0.695348
1.10179
0.46707
1.38326
0.800467
0.554249
4.89229
0.961323
4.29176
1.68997
0.888295
0.273904
1.32122
1.0432
2.15557
0.422837
1.67075
1.22025
0.739913
1.13859
1.17898
0.79503
0.721511
0.672205
0.722912
1.80754
1.3895
0.233535
1.09614
0.580408
0.672325
0.694653
0.994022
2.55826
1.10927
1.94466
0.707109
1.02205
0.790299
3.02327
1.51941
0.899502
2.15785
0.740769
1.6296
2.66614
0.535742
1.21879
0.711206
0.873525
0.253123
1.19002
0.930641
1.65912
0.869645
1.17184
1.29867
0.0550106
1.28076
1.09239
1.15624
1.15418
0.679186
1.09224
1.42844
0.3612
0.878981
1.80296
0.564292
0.812887
1.01142
1.15196
2.07674
1.13156
0.994314
1.52156
1.06879
0.751218
0.948732
0.91652
1.11871
0.591286
0.915099
0.315937
0.748303
0.226969
0.730881
1.62712
0.880378
0.25613
0.588144
0.247878
1.42393
1.32594
0.465778
0.763823
1.08929
1.477
1.50796
1.12406
1.71866
0.85467
0.511818
1.50842
2.48048
0.470149
1.13792
0.878344
1.92332
1.1355
0.523776
0.587644
1.3677
0.241341
2.25923
2.0187
1.52188
0.835268
1.02209
1.38411
0.86581
0.968306
1.45944
1.71206
1.60065
1.86461
0.837426
0.240876
0.586392
1.66141
0.367354
2.23687
1.39556
1.4527
0.474231
0.55348
0.825434
1.7622
0.855071
1.48931
2.30159
0.41734
0.503615
1.07768
0.385799
1.28909
0.626027
2.27767
1.1723
0.646563
1.68813
0.862017
1.03589
0.892936
0.740858
1.75002
1.71397
1.00907
0.322411
0.359507
1.64042
0.440473
1.23032
0.905779
1.19669
1.01177
0.84509
0.924694
0.73698
2.64309
0.957461
0.975889
1.55254
0.475629
0.807366
2.7107
2.18251
1.3195
0.230362
0.116343
0.965356
1.27899
1.17737
0.187493
1.51863
0.572967
1.36282
0.71407
0.715953
0.822356
0.355716
1.53706
0.979622
0.210423
0.927337
1.01286
0.891456
1.74423
2.255
0.507328
0.52474
1.55708
1.20409
0.582491
1.50114
0.19856
0.659889
0.50856
1.16099
1.31975
1.37295
0.678033
1.16728
1.05382
0.542932
1.47936
1.49887
0.498733
0.531307
1.0021
0.559635
1.69778
0.210386
0.618784
0.647209
0.451674
1.25088
0.846288
0.390859
0.499664
0.88423
1.01827
0.890546
0.860737
0.762149
1.05635
1.86301
1.96835
1.07167
1.51854
0.950658
1.15219
1.40089
1.21015
0.985784
1.0496
0.254752
1.14466
0.75484
0.675557
0.275617
0.572094
1.35005
1.43485
0.744309
0.13825
0.991405
1.69127
0.793615
0.886294
0.893083
0.398813
0.26321
2.46376
3.35974
0.898757
1.10107
0.831124
0.488533
2.26702
2.51107
0.786695
1.12147
1.65212
0.738985
0.711743
1.06608
1.0839
0.835532
0.698376
0.726044
0.334701
0.958158
1.08121
2.12324
1.1704
1.40294
1.90957
0.576021
0.163659
0.490625
0.913881
0.60379
0.68906
1.62458
1.16159
0.906674
0.946737
1.70604
1.78368
0.455135
1.93729
1.76734
1.24917
1.56236
0.767425
0.184632
2.58934
2.29276
0.966255
1.00396
1.08717
0.844275
2.27074
1.19791
1.75835
3.24033
0.537331
0.752193
1.27774
1.94256
0.789445
1.17142
0.488697
0.170883
0.480708
1.63568
0.609718
0.95938
1.22204
2.20313
1.26961
1.0558
1.15815
0.813619
0.972991
1.61529
1.14213
3.05974
1.63225
0.708212
0.850453
0.973909
1.57085
1.66964
1.15283
2.34146
1.05552
2.34438
1.47801
1.02705
1.31409
0.295889
0.528154
0.338932
1.37167
0.882496
0.857676
1.33292
2.49154
1.67433
1.92412
1.10642
0.698742
0.86664
0.928519
1.33355
0.992642
1.00018
1.03764
0.570377
0.779735
1.62549
0.260314
1.4068
1.58199
1.2236
0.761875
1.17832
1.1308
0.643475
1.60717
0.197277
1.36824
0.965222
1.88875
0.0876597
1.20323
1.02182
1.46132
1.29169
0.0936207
2.05201
1.45651
0.693663
1.09186
2.00323
0.49159
1.99259
1.76572
0.66744
1.45748
0.78991
1.25701
2.70945
1.05682
1.39294
0.734793
0.191199
1.76757
0.531958
1.12891
0.851922
1.61476
0.346706
0.597182
0.511643
1.43712
0.983262
0.985685
1.67606
1.05718
0.94545
2.44579
1.10379
1.82939
1.16474
0.742937
1.31126
0.565393
0.78179
1.61379
1.98816
0.596365
0.846192
1.05343
1.63657
1.01379
1.41138
1.16152
1.13225
0.981835
0.417574
0.912854
0.465626
0.489273
0.504557
0.481014
0.648611
0.588628
1.05272
1.57079
0.937618
0.633036
1.28506
0.0846021
3.3984
0.854445
0.850588
1.02812
2.03107
0.842196
1.79103
0.913178
1.88535
1.15635
0.643201
0.824203
0.682992
1.58086
0.409146
1.28286
0.982815
2.41861
0.786414
0.245406
1.53402
0.533616
0.66781
0.31768
1.61138
0.694019
1.15468
1.57519
0.731648
0.743102
1.03815
1.04633
0.767201
2.05247
1.22067
1.00899
0.128389
1.73193
0.650764
1.74184
1.90554
0.56899
1.92461
0.419403
1.05898
1.01904
0.541297
1.15399
0.956364
1.06089
1.11118
0.363775
0.803792
0.9132
0.78637
0.23028
2.00874
1.04679
0.587415
0.819701
0.348038
1.35221
0.462323
0.319243
1.32428
0.716607
0.244203
1.20128
0.898315
0.541265
0.574673
1.42999
1.28869
1.49071
0.620398
0.272123
1.17048
1.52058
0.590626
0.0485118
0.322133
0.886318
2.38761
0.50811
1.2539
1.47146
1.56704
0.647502
0.364585
1.15125
0.86982
2.0556
1.89659
1.2125
1.43873
2.47097
1.31382
0.774216
0.978421
2.30876
0.896878
0.244888
0.635191
0.759124
0.467709
0.981722
0.744075
1.02903
2.05544
0.853259
2.0401
0.639124
1.16879
1.36983
0.265799
0.827516
1.0176
0.813546
1.56417
0.785532
1.73804
0.869383
0.516421
2.19576
0.331773
0.767902
0.468424
0.331334
2.75894
2.29026
0.673476
0.859345
1.04998
1.08756
1.12066
0.795515
0.217045
1.51499
0.248347
0.612579
2.16314
0.928767
1.13945
0.329827
0.584074
1.31889
0.920934
1.17718
1.08413
1.14397
1.76485
1.69545
0.850122
1.46374
0.983188
1.28034
4.45033
1.1206
0.824758
1.16239
0.255899
0.735608
1.17067
4.87755
0.945504
1.10635
1.7214
0.356508
0.732873
1.28098
1.14935
0.54811
1.88834
0.761853
0.890201
0.364564
1.25092
1.41277
1.5887
0.574692
1.37877
0.710306
1.29333
1.60367
0.825949
1.87073
0.777082
1.51387
2.21325
1.11627
0.992432
1.99562
0.558149
0.360822
0.348455
1.30395
0.715579
1.04996
1.09381
1.08545
1.01151
1.48021
0.90851
1.14733
1.58359
1.71756
0.649896
1.83133
0.779775
1.33733
1.79253
0.770647
1.21634
1.3999
1.98924
0.681825
0.669337
0.638551
0.868317
0.603368
1.9015
1.21197
0.814663
1.06724
0.653596
0.928787
0.515943
0.902681
1.16717
0.304015
1.20951
0.753672
1.33698
0.653102
0.426922
0.680175
0.462576
1.23983
1.08564
1.27807
1.17427
0.652361
0.439898
0.766998
1.09833
0.673192
2.1488
1.61471
1.5537
0.951298
1.37106
1.21596
0.273291
0.894587
0.870707
1.27065
0.164322
1.47893
1.70336
0.64787
1.47195
2.30536
1.12832
0.802672
0.747409
1.89488
1.13547
1.15427
0.690069
0.999334
1.95965
1.34223
0.952067
0.105445
1.66233
2.61037
1.79876
0.50024
1.37046
0.982472
1.12978
0.497459
1.4775
1.01121
0.653187
1.91792
0.752489
3.46875
1.05282
0.412349
1.58206
1.39488
0.982068
1.10326
1.35782
0.754477
0.406652
1.4568
0.72804
0.306763
0.449414
0.454254
0.97955
0.845686
1.80467
1.07792
1.24496
1.9688
1.32062
1.26122
1.21588
0.702159
0.814543
0.622168
2.32626
0.104069
1.15421
1.14653
1.2961
1.33206
0.861796
0.895154
1.07332
1.51349
0.796542
0.491629
1.25834
0.253735
0.149326
0.687308
0.814235
0.986375
1.57648
1.47707
2.02458
0.116699
0.543114
1.58026
0.173411
1.17456
0.752461
1.54052
0.75544
2.02746
1.04388
1.47712
1.38843
0.230808
0.835066
0.547916
0.959837
1.25192
0.399331
0.384115
1.20865
1.21382
0.617008
0.664588
1.64361
1.1332
0.895861
1.30662
1.89566
1.32102
0.94264
0.446235
0.578509
1.40459
1.1982
0.317086
1.15189
1.14492
0.513203
1.76855
1.17837
0.884831
1.9851
0.890878
2.23149
0.512404
0.843557
0.396975
2.18454
0.748357
1.39573
0.46121
2.10674
1.85039
1.54091
1.26632
0.883337
1.4401
1.51711
1.62886
1.17596
1.48691
0.901081
1.33894
1.23875
0.653696
1.32971
1.04544
1.49492
0.507193
0.538488
2.07964
1.4118
0.89277
1.09768
0.958204
1.19597
0.759487
0.911791
2.1802
0.885128
2.92687
0.584587
1.08704
2.50109
1.05213
0.820128
0.928151
0.998805
0.888571
0.728529
1.89116
1.49862
0.993317
0.674364
0.0965911
1.02901
1.87364
1.17907
0.285138
0.860947
1.94547
0.94613
0.847194
0.527688
0.628422
0.401478
0.320198
0.457713
1.15513
0.805796
1.37749
0.492228
1.01155
0.323323
1.09578
1.03302
1.45866
1.10454
3.50068
2.04704
1.95798
2.30249
1.33159
1.19196
1.95629
0.954861
0.15624
1.8215
0.897384
0.688401
1.37873
0.898374
1.07453
1.50798
1.25648
1.88049
0.630373
1.59481
1.26415
0.47062
0.508441
0.275632
1.07409
1.42334
0.146295
0.596064
1.49912
0.470946
1.41428
0.435536
0.82573
1.45375
0.729058
0.338112
0.91812
1.45332
1.13485
1.47991
1.41838
1.96547
1.50065
0.799775
1.19973
1.24366
1.32031
0.921082
1.17563
1.53761
1.53372
1.31106
0.875246
2.87315
1.27636
1.28072
0.893677
1.29619
1.77424
1.24623
2.08169
1.13945
0.682202
0.685038
2.26853
0.434817
0.553132
1.6535
1.21385
1.51559
1.31256
0.559287
0.379398
0.536788
0.565797
1.00737
1.11386
1.18548
1.21589
0.30273
0.618597
0.711385
0.680505
0.982945
0.943717
1.50042
1.68197
1.92208
1.53853
1.68223
0.783062
0.760044
0.538341
0.48055
0.957129
1.37453
3.02173
0.799534
0.481033
0.756682
1.03284
1.5016
3.65051
0.54218
0.467952
1.18734
2.48717
1.97763
2.2837
0.514686
0.910706
1.431
0.882093
3.31659
0.272707
0.779253
0.984575
0.556795
0.929043
0.425662
1.58627
1.76037
0.370908
1.32123
1.66992
2.27429
0.878574
0.554737
0.515767
0.988035
1.97261
1.04212
0.902097
0.534943
2.21968
1.00082
0.922977
1.07771
0.79633
0.424623
1.2421
0.92087
0.325641
0.669455
1.07616
1.49796
1.55702
1.14856
2.58981
1.27069
1.18468
0.838064
0.575284
0.640418
0.789911
0.564053
1.49227
4.33646
1.5419
1.29874
0.926783
0.44357
2.01116
1.05468
1.46584
2.49626
1.32064
0.452897
1.01866
0.713571
0.895604
0.761741
1.20244
1.1069
0.512241
0.983479
0.221787
1.23734
0.371289
1.51095
0.846898
1.41827
0.548369
1.90474
1.12334
0.346719
0.881271
0.0334988
1.82274
0.544341
0.756259
0.770803
0.245026
0.944684
0.376304
1.42378
0.881915
0.840066
1.82696
1.02363
0.822506
1.85203
0.816365
0.606397
1.2958
1.12803
2.03057
1.48046
1.7605
0.683641
1.09375
0.644215
1.02958
0.258267
2.13166
1.10835
1.15562
2.16797
0.790078
1.31105
2.70625
1.31846
1.95686
0.765993
0.850384
1.76212
0.886273
1.04885
1.51144
1.08026
2.5969
3.41663
2.2224
0.741794
1.12106
1.11662
2.89837
0.634924
1.21699
2.1629
0.662802
2.54365
0.799694
1.75775
1.0327
0.659986
1.45739
0.544384
1.29513
1.3108
1.94805
0.627457
1.87678
0.261677
0.643946
1.41425
1.87621
1.09179
0.657546
0.667809
0.737763
1.3415
0.985396
0.331557
0.713073
0.917374
1.44533
0.442209
1.12371
1.24447
0.523082
1.98595
1.5258
1.42587
2.19583
1.33716
2.97718
4.57137
1.25573
1.8973
0.817328
0.248952
1.14801
0.550273
1.50393
1.4713
1.78115
0.313976
0.579357
0.746698
1.21857
1.13834
0.140264
1.6262
1.55845
1.12927
0.695402
0.693569
0.788645
1.40298
0.684956
0.856219
0.923901
0.423538
0.921361
0.990835
0.80654
0.624683
0.396403
0.600177
0.502212
0.545746
1.04594
0.814156
0.267799
0.666839
0.873503
0.342994
0.57359
0.353655
0.665548
0.756507
1.74472
0.920225
0.608861
2.60565
1.03987
0.648532
0.864864
0.696227
0.84595
2.0669
0.513349
0.655219
0.575054
0.969044
0.606446
0.454185
0.625346
0.36895
0.650855
0.815421
1.164
0.455689
0.687142
1.93011
1.05207
1.17705
0.578446
0.479946
1.44989
0.689639
1.2076
0.322807
1.04946
0.38719
1.85552
0.74052
0.722982
1.14384
1.48088
0.900089
0.93791
0.797837
1.04948
1.26194
0.687943
1.04199
1.15897
2.00656
1.02541
2.58046
1.10603
0.368594
0.119318
1.17594
1.18455
0.855384
0.923134
1.61465
0.10222
1.0411
0.950928
1.53132
1.03089
0.84556
1.23143
0.762245
1.18816
0.686493
1.23697
0.95092
1.2836
0.777077
0.614677
0.55244
1.17609
0.692043
1.39248
2.29883
0.951239
0.465686
0.989782
1.06906
0.927535
1.62247
3.42401
0.494304
2.44188
2.08635
1.415
1.22872
0.168032
0.586591
1.78786
0.904818
0.599846
0.871015
0.880615
1.01383
0.689203
1.52534
1.25173
0.656274
1.03599
1.18715
0.504759
0.208479
0.313454
0.406046
3.26197
1.03451
0.590329
1.76293
2.03751
1.30633
1.28726
1.76707
1.47731
0.984436
0.82799
0.647547
1.4266
0.448684
1.19165
1.49733
0.59344
0.998353
1.52305
1.745
0.862775
2.1196
0.712772
1.20732
1.07569
0.528808
1.4167
0.49044
0.465059
0.319888
1.3089
1.62044
0.295885
0.720747
0.332315
1.46651
0.863306
0.772406
2.22258
1.44107
1.88054
1.78358
0.432165
1.79384
2.36698
0.590554
0.995943
0.814858
1.51385
1.1117
0.857889
2.13593
0.72693
1.26812
0.501947
0.807655
1.10111
1.59298
0.252266
1.15774
1.86351
1.08847
0.980203
1.38954
0.593786
1.28678
0.8124
0.7462
2.13997
0.552469
0.841817
0.401364
0.642862
1.02726
0.886711
1.05696
1.04646
1.0063
0.537194
1.2717
1.42555
1.38337
1.09505
1.99778
1.19072
0.913744
0.645707
0.704407
0.410679
0.5111
0.283294
0.666009
0.904258
1.20604
0.789394
0.71365
1.32036
0.382981
0.388642
0.643656
1.32702
0.733204
0.414634
1.4787
1.06243
1.24762
1.84792
0.948866
1.39232
0.807866
0.777827
0.960765
0.529961
2.31964
0.481578
1.04162
1.18706
1.01666
0.837893
1.07024
2.27828
0.693025
0.498057
0.770935
1.16302
1.51612
0.552508
1.074
1.43266
0.701767
1.98215
0.571665
0.789084
0.825252
0.639832
0.670953
0.727139
0.760369
0.803856
1.16324
1.71059
0.926004
0.889293
1.17764
0.840571
1.58182
1.5916
1.0336
0.655018
1.06086
1.33552
0.786708
1.80253
1.20001
0.940723
1.0726
1.98389
1.0193
0.292564
0.609949
0.501315
0.976279
0.342866
0.62502
0.638694
1.33643
0.502705
1.01333
1.1177
0.698247
0.743767
1.43908
0.861394
1.38057
0.165209
0.64224
0.707437
1.06457
3.46191
0.255727
0.920408
1.68555
0.817184
0.905419
0.392917
1.22598
1.99097
1.8062
1.07702
2.35323
1.39425
1.05335
0.580592
0.425115
0.970745
0.563021
0.946557
1.26926
0.444924
1.34566
1.89575
1.02731
0.32334
1.5172
3.03676
1.55381
0.540622
0.704753
0.633457
0.100488
0.292078
0.735702
1.30683
1.03915
1.18095
1.63515
1.44729
1.07687
2.55355
1.27081
1.10958
0.623865
1.16262
1.90038
0.443198
0.539221
1.10478
0.782151
1.07978
1.0836
1.7939
0.565092
0.774991
0.375987
0.618048
1.74017
0.908273
1.7778
0.908161
1.06923
0.928011
1.03042
0.819139
1.53796
0.492427
1.08525
0.91343
2.68427
1.2867
0.369618
0.697068
1.78909
1.03173
0.63159
0.386946
2.75641
1.9969
0.812869
0.676126
0.69003
0.834004
0.620072
1.63294
0.156208
1.57838
1.44214
1.17857
0.712626
0.960137
1.69244
1.38689
0.407737
1.117
1.06616
2.11394
1.44327
0.743705
0.502065
1.46934
0.806118
0.333042
0.942248
0.478027
1.18094
1.73847
0.689064
0.1905
1.62491
0.434872
0.378203
2.75564
0.796401
2.65578
1.44852
0.511658
0.963436
0.899752
0.828708
1.02038
0.798232
0.761785
1.05403
0.978433
0.831511
0.679392
0.573557
0.949291
0.852247
0.789031
1.05029
1.37769
0.855635
0.813598
1.36092
1.47107
1.48904
0.186095
0.424623
1.04976
0.696216
1.63469
1.89279
1.45328
1.0743
0.886926
1.96791
1.18951
0.618354
0.608612
2.1885
0.673676
1.59724
0.846951
2.23693
2.81413
3.45036
0.805017
0.936385
1.44326
0.715546
0.550961
0.586604
0.342495
0.529165
0.559535
1.385
0.681307
0.947751
1.05135
0.206187
2.07077
1.21952
0.22695
0.322394
0.723155
0.14839
0.605146
2.19941
0.540706
1.01152
0.516117
0.501881
0.793629
0.892483
1.51239
1.12125
1.27203
0.843908
0.891964
1.11322
0.564129
0.664211
0.468578
1.00758
1.17543
1.89878
0.526992
0.407332
1.42962
1.68815
0.853135
0.684955
0.979584
0.69724
0.308802
0.890337
0.37679
1.14261
1.04338
1.24039
0.659718
1.00551
1.43327
0.593071
2.8372
0.723549
1.24605
0.109914
1.97411
1.23611
0.626583
0.235422
1.159
0.0373959
0.910909
1.25275
0.618926
1.02564
0.6658
2.20945
2.19146
0.943289
0.977673
1.42248
0.5358
1.65339
1.30606
1.10306
0.967077
0.635532
0.520335
0.34329
0.392613
0.517419
1.21043
1.39227
0.873441
2.462
0.595122
0.578213
3.1784
0.862738
1.81512
1.19069
0.770843
0.872639
0.426147
0.489868
1.05241
2.53852
1.08305
0.999481
1.37546
0.945644
0.345574
0.68292
2.9006
1.19812
0.678811
0.390705
1.03427
0.865039
1.27878
2.88926
1.05225
0.490205
2.84656
0.688706
0.958698
0.63563
0.68074
0.69879
0.530375
1.41394
2.55183
0.875435
0.471533
0.489749
0.363667
0.52223
1.25201
0.934108
0.112192
1.23326
0.129319
0.811641
1.40045
0.612048
1.23492
0.825188
0.856847
2.01865
0.858997
1.23508
0.650065
1.81161
1.66997
0.598535
0.518503
0.457207
0.336133
0.853599
0.557433
0.976663
0.593206
0.966237
1.58841
0.784299
1.04798
0.860428
0.898381
1.55427
0.306741
1.53752
0.752894
1.76757
1.73733
0.998785
1.01745
1.33773
0.681569
1.89744
0.97037
0.497639
0.663813
1.30019
1.08388
1.88788
1.17496
0.974916
0.550137
1.16111
0.576548
0.804671
1.69285
1.52024
1.78251
1.74729
0.794643
0.594716
0.513243
2.66409
1.0038
0.576512
0.371152
2.24092
0.963398
1.0496
1.43812
0.764726
1.897
0.805003
0.804073
0.660295
0.505183
1.30619
0.439712
1.24737
0.631327
1.26238
0.435362
2.36287
0.834222
0.856978
0.951688
0.99304
0.746288
1.40735
1.0581
1.44603
1.6355
0.660257
2.68348
1.11857
1.91376
1.24475
1.01868
0.288618
0.774914
0.962679
0.168528
0.963816
0.710087
1.05724
0.433711
0.908375
1.07468
1.79513
1.88914
1.62111
1.10691
1.45609
0.761203
1.00429
1.1125
3.0256
0.844166
0.518357
1.04414
0.620725
0.692122
0.441472
1.11152
0.815342
1.04794
0.794343
1.1878
1.11504
1.69439
0.977927
1.02355
4.27741
0.822101
1.10927
0.960399
1.83617
1.65987
0.786951
1.66866
0.596536
1.49904
0.91088
1.64676
0.883094
2.04704
1.21902
2.07654
2.06679
0.521573
2.82149
0.737925
0.757354
1.04741
1.15649
0.826729
2.54933
0.44756
0.36219
0.570665
2.2894
0.449144
0.522129
0.489834
0.750526
1.44987
0.786645
1.76547
1.21284
0.709064
1.10091
0.484374
0.912464
1.67812
1.53012
1.10765
1.07886
1.3004
1.87052
0.343101
0.338056
1.96952
0.463623
1.34182
1.17182
1.72684
1.05216
0.363253
1.18667
0.828515
0.709887
0.804381
0.148673
0.737664
0.987976
0.535711
0.310911
1.52855
0.710611
1.08442
1.30113
1.19053
1.35809
1.06007
0.888305
1.26117
0.918206
0.871441
2.06048
0.843273
0.955338
0.580504
0.762907
1.32791
0.96788
0.669994
0.768609
0.866249
1.00734
1.52182
1.22544
1.50017
0.783937
0.864207
0.407081
0.996868
1.17768
1.07066
1.64192
1.10531
0.806385
0.943662
0.61589
1.16506
0.618794
1.16871
0.99333
0.710475
0.497928
1.42745
0.64087
0.668768
2.36137
0.828565
1.32155
0.822716
1.72715
0.764029
1.05944
0.56152
1.04175
0.871273
1.1027
0.784236
0.915038
0.545992
0.506556
0.307183
1.54066
2.35023
0.732525
0.732492
2.71155
0.391544
0.801288
0.754707
0.128942
1.82398
1.06493
0.700852
0.778659
1.15431
1.56114
0.726397
1.13303
0.78132
1.02651
1.01046
0.713873
1.31156
2.37877
1.77966
0.787849
1.1826
0.87456
0.773762
1.17511
0.345044
0.830675
0.757208
0.753631
0.777363
0.538483
1.66487
1.80156
1.71802
1.73842
0.575639
0.690064
3.9827
1.01773
0.896298
0.0916099
1.06634
0.934653
1.17958
0.465092
1.62071
0.934084
1.77389
0.630102
1.03055
1.65955
2.39746
0.863944
1.46056
0.734512
0.748709
0.270216
0.821847
1.24841
1.21316
0.733991
0.886009
0.33677
0.507802
1.11179
1.97136
0.119596
2.9609
0.6658
1.96679
0.714914
0.925401
1.16113
0.712983
2.31324
1.64554
0.862228
2.46792
1.27971
0.227725
0.962461
0.946735
0.710292
1.90449
1.97778
0.449201
1.52871
0.661136
0.710435
0.357355
1.90452
0.92018
0.239786
2.3515
1.64194
0.84152
1.46138
0.347894
0.605857
0.573247
1.85959
1.94227
0.32116
2.18722
0.308499
0.461095
1.36161
0.967827
1.97237
1.21203
0.638586
1.14702
0.703155
0.870107
0.805305
0.43537
0.808565
0.367762
0.531746
0.959007
0.856188
1.0208
1.01252
2.11165
0.816094
0.726898
1.01746
0.688248
0.585398
0.876287
0.545185
0.689182
1.0036
1.19469
0.592841
1.16873
0.72952
1.53175
1.7913
0.85979
1.20132
1.26666
0.4163
0.805132
0.14255
1.56777
0.44683
0.403767
1.27506
1.14091
1.36568
1.20582
0.637183
1.1422
0.552554
0.573224
0.814719
0.993537
0.77303
0.838718
1.55239
1.52694
0.656319
0.833111
0.914307
0.634682
1.28884
1.74425
0.659359
0.466313
1.11518
0.825452
0.609515
2.55288
0.874811
1.78766
0.756868
1.61785
2.12839
0.697576
1.57843
1.08608
2.60844
2.2909
1.46785
1.40969
1.9264
0.672444
0.669823
0.84457
1.92006
0.91549
0.477812
0.65668
0.784033
0.625998
1.20378
1.12741
1.03843
0.910596
0.705688
0.332061
0.991875
1.31717
0.294739
1.18673
1.00994
1.42762
0.981199
2.30406
0.221955
1.29233
1.57469
1.44966
1.25581
1.83944
2.05
0.392364
2.02559
2.20676
0.723516
0.696477
1.37303
1.00946
0.572813
0.948581
0.385748
1.01443
2.71381
0.371478
1.38237
0.718503
0.953457
1.48947
1.69515
0.60904
0.836839
0.50992
0.824909
0.61409
1.01815
0.629105
1.45956
0.901171
1.35116
0.904188
0.413745
1.30183
0.18306
2.11045
1.22823
0.827301
0.179205
0.791192
0.713774
0.8128
0.979331
0.735818
0.625446
1.56673
1.16731
0.308221
2.46429
1.81243
0.392581
0.728195
0.805271
0.911819
0.78871
0.355521
1.13655
0.888963
1.99463
1.29203
0.930207
2.78195
0.672363
2.12387
0.864645
1.65043
0.631951
0.704379
0.616076
0.409728
2.67408
0.61571
1.25499
0.497301
0.458743
0.146913
1.18315
2.95092
0.650658
2.56712
0.825122
0.778379
0.364204
0.978093
0.744229
0.923285
0.426449
0.704031
0.281114
0.557365
1.08118
2.08957
1.07317
0.79289
1.64983
1.13023
1.0764
1.40045
1.21224
0.579378
0.250925
1.9449
0.28923
1.40894
0.599957
1.03729
2.29753
1.51689
0.352491
0.503331
1.18742
0.810052
0.940286
2.67212
1.37848
2.45311
0.656698
1.01409
0.122418
2.22796
0.95115
0.390337
0.876289
0.624841
0.865567
2.9275
0.838109
1.66009
0.0812383
0.3357
1.33567
1.61875
0.77718
0.821996
0.366034
0.868352
0.593666
0.309807
0.806307
0.830536
2.20386
0.523311
2.2385
2.46914
0.887559
0.663845
0.709441
1.1205
1.12125
1.8866
0.835706
1.95648
0.544695
0.989725
0.749117
0.945388
2.32187
0.472117
0.884838
1.58829
0.447602
0.367944
0.913285
1.01295
1.57461
0.599291
4.31814
0.656558
0.645198
1.24477
1.61826
0.734771
2.04357
0.82234
0.838085
1.41659
0.247707
1.20675
0.948016
0.838151
0.537288
0.987342
1.07565
2.12245
1.771
2.38048
0.790616
1.39248
1.54277
0.20497
1.21643
1.58962
1.39551
2.66893
0.947015
0.518585
0.718493
1.2779
1.36308
1.25627
1.29572
0.976868
1.67347
0.680317
1.19024
0.422597
3.07993
0.893754
0.519851
1.555
0.756288
1.23346
1.04084
0.827231
0.790894
2.55129
0.512134
1.37696
1.02891
1.49881
1.04491
1.47014
0.582094
1.63716
1.441
0.357938
1.26426
1.17835
0.377086
1.68797
0.701007
1.34067
0.78985
1.83422
2.73545
1.24519
0.82878
1.03893
1.54033
0.827975
1.14518
0.743203
0.652701
0.919967
0.628135
1.83131
1.86803
1.1402
0.945858
1.30975
2.71266
1.25468
1.26257
0.974354
0.988481
1.03084
