40.105
41.6014
40.9202
42.9969
48.4014
54.0613
43.8205
35.458
52.4957
41.7661
48.0849
47.5117
38.1023
38.6972
37.8948
37.3018
36.6444
43.9999
45.0283
40.6171
46.8123
38.645
39.1887
49.4789
38.2505
33.8762
41.7914
41.5429
39.6337
54.7094
38.1992
44.5565
41.2049
41.6696
38.1293
40.1262
40.0044
44.3747
51.6395
43.0896
40.7591
38.1329
42.8471
52.4029
34.3208
34.1221
43.1283
40.9696
38.2685
36.3353
43.413
47.8037
44.0437
41.2238
41.8695
38.7328
36.8624
42.6493
58.6982
37.7777
42.3545
39.5288
45.6009
52.1342
41.2122
54.6834
52.5532
40.3903
44.2257
40.615
43.0051
39.9582
38.3514
43.2098
40.3965
34.5488
39.3556
41.8001
48.4508
39.8543
34.399
39.1791
39.4464
40.9118
49.0692
46.5904
35.6285
40.9932
42.3689
44.9276
51.8563
44.4474
41.6341
51.3924
44.8308
65.3188
39.74
43.2042
37.558
47.4374
42.7909
43.0655
51.9893
35.126
34.5706
39.8118
40.5368
34.3903
38.2863
42.7734
40.6359
38.5125
43.1392
48.3917
40.2336
46.0338
40.9678
42.3684
42.3194
59.4843
38.631
41.0231
47.8128
40.2682
50.8993
38.3815
41.5464
46.3563
42.912
52.49
45.2936
56.4751
41.6041
34.6694
47.3034
47.071
43.813
40.7212
46.2601
44.4236
43.7445
49.7831
62.7476
35.6005
56.5169
44.3304
41.8002
42.5453
42.2511
47.6368
37.9101
39.5595
42.4846
48.2983
42.2203
35.3335
49.2406
54.4208
41.3914
53.4511
37.0198
48.7062
54.648
45.364
42.7797
44.3021
41.7815
44.3234
46.1842
36.1874
38.3805
40.9289
45.5073
48.8308
42.3943
49.4268
50.5663
39.9082
35.4704
54.2891
38.8513
50.0874
43.9831
48.2239
39.5143
37.5528
59.446
46.333
47.4711
41.4833
51.6042
35.549
60.7462
34.8439
54.3596
39.0192
48.2475
48.9273
52.1166
39.3367
41.571
38.8429
46.3713
44.3858
43.2539
40.834
38.9844
38.0799
45.3609
43.7521
49.4848
53.6664
53.0397
38.7707
38.1053
38.0402
63.4979
44.8563
49.5125
52.8234
50.8256
39.7949
44.0848
41.8674
49.3842
36.3284
51.356
39.7468
47.8798
41.1437
38.2752
38.9661
40.2721
46.7932
62.6414
40.8985
37.5953
38.4898
43.9967
37.6663
43.7818
34.4332
40.4791
36.1185
45.9108
45.4217
49.1967
48.9876
44.1993
42.7821
36.5638
42.9787
44.8873
46.758
45.9875
45.4658
37.47
36.9548
40.0618
39.4526
42.8491
50.6143
46.6868
36.9977
36.2942
48.3497
40.8225
41.5843
45.5663
51.5585
42.147
44.0681
43.0593
36.4613
44.6179
49.6014
43.4776
36.6281
39.5538
45.1578
38.5533
49.1648
48.0448
34.6506
42.4488
41.2285
43.1301
56.6358
36.0309
45.0674
43.8783
46.225
48.7634
40.5535
47.9887
39.5195
54.394
59.8194
38.5418
42.0068
40.9728
56.7187
50.5923
58.1282
47.1823
39.8473
51.9784
48.6945
40.4466
44.1496
42.0587
43.0331
45.1141
42.6858
39.6532
42.4697
36.3594
39.957
39.3641
37.7259
53.6888
44.0449
47.6154
57.8385
41.079
32.1366
57.7042
49.6394
34.6455
65.0759
51.9271
38.4431
39.803
48.0762
49.0173
40.4715
41.1329
42.71
48.1534
41.7924
63.8259
42.3229
38.1536
35.3615
43.318
43.5072
48.7966
51.709
45.9603
40.0191
54.4892
37.9059
55.6909
51.6931
40.4785
40.3861
36.6458
48.4164
41.7266
33.5861
42.59
48.2282
47.7835
42.8993
40.3232
44.4664
38.1002
67.4911
40.1881
38.9088
38.3244
45.2087
50.3318
45.3301
56.4814
41.9134
41.9673
52.9555
41.0535
51.4859
33.989
51.0143
48.7567
41.3179
45.2422
40.6211
38.5669
50.6644
49.639
36.3779
35.4558
43.6994
34.6206
74.36
34.4667
41.9725
38.4749
37.5817
34.5565
45.4716
61.7917
52.6803
51.0207
44.8664
35.806
56.9129
41.7179
50.0986
46.8078
44.3912
40.1508
50.7212
39.7562
48.2382
65.4236
40.9144
37.5688
49.0385
53.3714
61.6698
46.9295
36.8675
39.9711
33.7506
41.789
49.6561
51.5761
37.4439
36.9952
41.9302
48.1561
36.3333
44.0195
50.3911
38.5307
41.6826
52.3057
40.3071
38.3473
44.5374
45.7913
56.494
48.5976
40.6928
49.1165
48.3734
45.0211
39.4606
32.0913
40.4148
53.2632
38.5655
40.6205
44.0845
43.3856
37.2843
37.9364
41.3619
44.6379
43.0859
40.801
44.2974
38.4583
49.2216
42.4314
39.9921
39.8108
38.9944
47.2633
36.9608
34.8476
40.3515
50.5947
37.3784
42.7445
33.817
41.6014
33.6261
38.4772
63.7619
38.5914
44.0422
36.1703
48.7449
42.7228
49.5088
46.1034
38.2304
42.8704
44.0166
39.3115
49.0066
46.6854
36.4589
35.7078
43.0809
39.5375
41.2429
42.5579
40.7306
39.8598
38.9406
49.3953
48.414
43.3
35.6356
46.9731
35.7834
49.9614
41.4879
38.8588
46.4169
40.0374
46.4006
39.2881
33.7121
39.8997
38.5807
45.4716
47.3235
49.234
44.5832
71.4319
41.9744
54.1635
34.388
70.0854
41.1471
40.4664
43.5759
43.2816
45.8053
33.8668
37.042
33.4934
54.3934
42.1863
53.4698
42.2107
46.7911
37.7387
32.2846
37.383
38.4676
40.6607
44.942
42.455
35.2085
42.4038
45.5999
39.7883
44.242
38.0824
39.7659
35.1565
39.9548
57.2444
48.6662
35.0576
39.1384
43.3632
42.8198
38.9998
41.1153
43.2627
42.8562
44.9767
37.9842
37.7685
44.3162
40.8299
42.4578
35.1769
48.1991
35.6022
38.1985
47.3017
45.0244
50.3216
39.8739
39.2637
46.7099
40.8797
47.553
37.6451
47.9749
36.9137
38.3707
53.1502
47.7627
43.6291
37.4965
43.0423
34.0004
48.0919
59.782
39.3174
49.1227
41.8499
42.4091
38.1953
61.3537
48.7138
37.6225
39.0214
41.0246
41.4411
44.874
46.7581
46.4307
41.81
43.1271
37.3907
46.7344
44.1574
44.8697
45.0043
40.4509
38.4087
38.2493
40.3532
41.4919
48.3419
43.9745
44.8981
64.0825
43.4975
44.7704
46.8159
42.7778
46.9858
61.6459
52.7484
58.4191
49.7484
42.1048
36.7797
44.2786
44.0161
45.2949
57.2776
37.9638
44.927
49.6634
48.938
39.0577
47.0631
38.6051
44.6287
43.6209
59.3163
49.8415
36.4766
38.8522
44.1338
41.5475
40.6895
49.7895
37.5873
54.5711
40.9812
38.7773
39.5484
48.048
44.1325
39.131
46.8143
41.6031
38.0049
42.7319
40.8943
38.357
45.8776
38.5331
38.3024
45.4178
39.5671
35.9429
52.8363
41.7134
51.5045
44.9856
39.4133
51.5841
41.9382
42.6482
53.8074
42.3578
39.3445
41.4268
47.2436
46.9775
47.9342
43.6307
46.9692
41.2377
39.3131
34.8881
40.3161
40.8241
48.4957
52.3502
35.0194
41.1451
35.9721
41.5738
45.7253
48.9892
44.0076
49.5838
43.4591
38.2346
48.342
47.1163
49.7707
47.59
33.7394
32.6367
42.4987
40.7714
42.9698
54.9306
40.4775
42.3243
37.2938
39.8041
37.0026
62.2035
42.6995
39.6599
56.0582
51.4877
40.6525
44.9753
40.549
51.3564
40.7556
36.3792
40.9384
51.2903
70.3641
52.0686
49.7776
41.9584
42.7055
42.3049
32.5004
58.2998
40.8224
46.8004
42.1285
41.2618
56.138
38.6538
37.2725
40.4119
45.6796
42.4941
40.6242
39.3537
53.715
40.5668
56.6871
37.2562
58.1026
43.7586
35.2367
50.3111
51.1953
45.9343
42.757
39.3674
33.3027
46.2249
53.2299
44.3539
51.8875
41.5931
45.4624
43.1373
45.7238
45.1629
40.6146
52.8623
50.2589
39.5462
49.1189
51.787
41.0979
41.0202
44.827
43.7772
42.6628
44.4398
43.9871
47.2206
40.6483
35.1087
46.6692
42.3096
45.5031
36.8431
44.4469
39.7935
40.8552
46.2503
37.9152
41.8048
34.9636
46.883
49.4472
39.5765
51.3536
49.0376
48.6873
40.5749
52.5736
39.1896
40.4963
36.8042
41.1929
40.275
44.5443
53.2099
41.014
40.0088
48.2318
43.8947
42.9366
37.7446
46.1454
43.9955
42.6598
39.709
58.4566
37.8112
37.8638
51.7685
54.3208
60.031
49.7048
48.7125
42.0486
44.4152
40.3286
42.617
41.1418
45.2644
62.9744
49.9201
64.8865
45.6921
42.1498
65.6698
47.2532
43.8471
48.7774
39.6116
44.5738
43.828
39.4169
38.0561
35.7504
43.5898
44.7392
42.1061
61.2083
39.6371
38.4018
51.3292
36.0468
38.6936
39.6096
56.2739
42.7747
43.5029
44.9369
42.9749
39.6156
54.4671
37.9935
35.5539
37.4691
40.0842
43.9561
44.8325
43.8725
49.6906
37.9261
52.1905
43.5984
43.9404
38.4782
44.6823
37.352
42.8927
46.9064
41.1552
47.5553
71.0612
70.5132
44.5604
47.5548
41.434
46.9406
40.4395
40.0927
35.7321
54.4892
42.8751
38.7645
43.3394
46.639
38.8685
41.2724
35.2427
44.7708
48.031
54.2118
45.3966
35.7893
38.414
41.033
42.0895
55.9106
41.5907
46.2846
36.7734
42.5973
40.2242
45.7234
41.579
44.0564
41.8635
39.3569
42.1987
41.9475
35.909
35.0455
41.6011
43.9834
42.4252
40.6166
52.3079
43.4652
41.3883
38.4557
37.3412
41.582
37.6949
43.3933
46.2976
48.6142
39.7552
41.0184
34.9333
66.0541
49.5097
37.2082
40.3027
50.3195
36.5202
54.1693
43.8681
39.8756
46.7356
38.7378
42.0169
41.5733
39.3394
50.1506
42.0532
37.0925
46.6523
40.5583
51.8023
43.3279
40.8593
42.2135
35.7078
34.4607
40.9439
38.8473
43.5471
37.5064
53.9246
47.2564
38.9191
37.8513
47.3593
60.8009
49.2813
54.005
46.9038
45.4445
38.0889
47.1112
40.9883
49.3328
36.7516
45.6992
44.5371
44.8641
37.2899
38.2564
43.3496
42.0364
45.318
47.1869
37.7906
53.796
44.1354
37.6459
54.8139
40.399
45.874
47.806
41.2454
39.3842
53.2592
44.0739
40.1968
47.8276
42.0162
41.4468
37.7916
43.5272
43.6032
39.937
36.8155
47.5231
49.4674
37.8343
36.6119
40.7486
37.1895
39.0259
34.3554
40.863
46.7274
39.944
36.8628
36.9028
46.0321
38.7878
58.4349
49.6981
53.1256
44.7226
36.7519
41.1012
51.7462
47.0155
39.13
46.137
42.5966
41.5119
45.5759
51.444
40.6874
37.9874
36.0862
57.0864
37.9069
39.903
41.2589
44.9256
86.3137
38.7865
62.7959
49.8527
47.039
39.2109
41.2868
49.3887
61.5726
38.8454
36.4249
40.0663
47.3473
38.183
39.6863
37.0818
41.0658
35.0792
44.0844
35.327
44.7686
41.3624
46.0113
44.0751
58.8017
47.3131
37.3532
48.409
38.6286
40.3136
50.6467
41.6065
41.0651
43.1996
44.0765
41.0914
40.4555
44.9612
39.8716
38.5795
37.4015
43.0579
42.3113
41.7876
35.7619
41.0027
48.3123
49.7027
33.9835
42.1176
37.5183
37.2747
54.8455
43.1457
37.7405
48.6636
35.8553
45.1507
35.6066
41.4486
39.1525
48.2637
46.6533
38.4886
62.9518
51.9179
43.6907
36.4134
40.8219
36.6637
50.5143
56.3152
40.939
46.4539
43.9141
41.334
40.0842
42.4946
46.6307
39.7768
41.947
47.5788
47.8673
34.8129
40.1803
36.7585
43.7128
47.757
40.9747
42.0868
53.0255
41.8773
52.5432
42.295
38.2798
40.1818
41.1859
41.4995
49.3946
47.7289
37.4564
45.113
35.9107
44.853
41.0671
33.2992
45.5246
43.8784
45.1358
38.4767
38.8254
41.0075
42.7125
46.1536
50.9426
41.1548
51.8937
42.0501
38.4094
38.6626
58.3271
34.5825
58.2108
43.2273
44.6153
46.4306
48.8758
49.7114
40.7638
36.5955
39.9234
54.9491
41.1485
44.8998
47.3573
46.3337
48.1189
43.862
48.6428
37.5284
44.0813
47.391
43.0127
38.8453
36.7332
42.0401
45.2771
35.1115
37.5123
45.2324
42.5738
38.306
46.2283
35.7308
43.6469
64.134
57.8271
42.6845
42.3953
37.9019
44.6682
34.9559
45.1159
41.1339
38.1487
42.3554
47.5413
47.2731
48.0391
39.6996
54.2716
39.3103
47.089
45.8836
70.0528
42.5948
52.3631
47.5031
38.7287
39.6406
52.6427
42.0415
49.3344
50.7641
48.9845
38.8265
49.3107
54.001
47.7256
46.0543
51.3425
41.9508
37.3523
48.1573
39.3332
53.7449
40.2642
44.69
38.8053
39.8905
44.0041
38.203
35.0847
42.9233
56.4561
50.2708
44.7488
54.8204
40.5714
39.254
39.2168
46.8861
36.5334
39.1776
46.621
38.4402
45.4543
39.365
36.4249
41.9948
56.5996
55.7411
60.1461
35.5638
38.2719
55.4561
47.9205
45.0045
41.992
46.4194
59.3044
45.2623
40.5101
40.6684
45.0979
46.4591
47.4292
39.1972
50.9305
36.904
44.3178
33.1768
41.4285
37.4893
47.4589
52.0323
38.2373
41.56
39.7803
46.0253
38.1625
47.3364
42.262
35.9819
51.7334
43.0205
44.0322
50.6674
36.9545
42.4093
50.1931
40.2619
37.4713
42.474
37.2934
39.6989
37.7286
42.3728
43.5596
64.3393
43.866
38.5254
35.3894
43.7729
38.7425
54.0437
40.2132
43.8934
53.7087
47.6119
47.0421
39.9745
38.1048
42.0498
38.1391
51.6704
36.7413
54.4466
34.6737
36.6808
41.6837
40.7778
37.8284
47.1609
53.7253
42.2274
45.7486
47.333
67.9734
43.3134
52.2701
47.3583
43.208
40.6236
44.8213
43.2373
44.7384
44.0464
33.7027
50.0154
41.2447
47.2875
62.6497
34.5566
41.5909
43.4491
36.4556
38.2295
44.3765
40.5065
35.0538
43.4684
47.2871
34.3053
42.2591
55.2221
38.8878
37.3024
43.1107
44.8707
35.7633
36.9137
46.2173
35.3343
44.6856
38.4094
44.551
43.0878
60.1575
35.7912
40.9748
56.9527
37.9486
40.5942
45.9586
40.0603
41.3412
45.4933
53.8303
49.804
46.7874
49.4102
40.6401
39.4336
39.9127
41.5201
33.9061
35.8633
48.2295
46.4048
42.7241
50.2456
43.9321
44.9199
39.9328
50.1698
55.3844
46.1355
46.8089
48.3964
37.1209
47.1709
43.1102
40.13
45.6366
44.0714
45.7804
37.6035
53.5728
38.3472
43.3173
62.9907
62.2602
36.527
46.9179
37.3712
47.7236
38.8628
52.1525
43.3374
43.4562
44.3841
48.8402
44.6929
40.5046
46.3874
39.7262
41.9023
37.895
45.5776
39.8315
41.2633
39.7738
46.0106
36.5785
36.6933
44.3417
53.9459
52.3764
52.7579
43.4
60.1777
37.6336
51.16
47.9441
37.887
42.5322
44.4423
39.7878
50.9229
43.5747
49.0147
41.179
40.5438
44.8934
38.5047
40.3582
48.7992
39.8137
42.8513
39.597
35.5943
38.5775
42.8284
40.5769
40.9863
44.807
36.9195
35.6436
48.2167
40.8049
44.3776
43.1367
48.5003
40.5914
39.317
41.1227
46.6171
38.631
38.5202
53.2031
39.6227
38.3567
41.3362
40.4115
46.3416
41.0111
46.8111
41.181
46.8726
47.2778
39.6828
36.7479
34.5942
42.1587
41.4803
42.2138
45.8283
35.5301
44.5068
40.3604
49.3713
43.6496
42.6039
46.0099
35.5164
54.1499
41.0443
44.075
43.7869
43.3894
38.9597
33.8668
48.6429
35.7082
45.1908
46.0959
48.09
47.0769
39.7868
46.2489
45.2219
44.751
41.7124
40.8945
35.8238
43.2753
52.1146
42.0144
37.6274
48.8084
43.1811
42.7632
50.151
49.8567
43.5332
43.5664
42.412
47.7867
39.4775
46.8612
48.2887
43.9666
58.629
37.8472
42.243
43.1898
48.7334
43.6148
68.6415
47.4844
41.6002
41.0413
39.6649
37.2441
42.3638
39.727
44.9433
52.6873
43.4919
38.2468
42.6495
44.2728
33.7043
38.864
44.5994
46.7271
52.1489
39.8046
57.1562
41.4098
44.204
43.6992
44.8159
40.6616
84.2931
38.9666
43.8032
36.576
41.2142
50.3292
46.1576
43.7811
42.21
46.9994
45.0198
38.7184
39.1336
42.424
40.3483
46.7546
35.6096
44.0125
37.8442
39.8716
55.7465
40.6055
45.2046
48.2913
60.2019
42.1848
47.9184
41.6873
38.11
38.6412
42.9727
44.7927
36.6341
36.9338
53.0628
41.9131
46.2732
41.433
43.7282
46.7148
34.4718
42.2486
34.4259
41.064
64.7218
37.8088
38.2549
40.5967
34.9286
38.152
41.8868
42.4814
43.0807
47.2587
43.944
36.0983
49.7001
38.319
35.3559
57.1373
44.8454
36.7423
42.339
40.5115
36.1454
42.5568
46.356
36.6675
39.9521
47.0005
42.9533
42.6561
62.3182
44.7631
44.2952
38.3201
61.1462
38.3647
48.3987
50.1383
42.6279
38.316
46.6265
50.9049
38.6573
58.2499
37.0119
42.5463
46.061
45.3813
45.2327
40.1068
44.7205
37.2642
37.548
51.0803
44.9764
57.1835
35.2867
42.4609
44.6009
42.3099
41.5564
34.6912
49.3184
44.1671
37.0269
41.9403
39.1351
45.2167
44.8301
34.5649
47.7015
43.046
46.5405
49.1952
48.6548
48.0915
41.7771
44.267
42.469
49.7234
42.4347
45.1983
77.4542
38.1748
52.6279
42.6324
43.8307
54.3482
40.5675
39.8023
38.966
44.0177
41.9906
47.364
56.1272
42.1044
43.1143
40.6235
38.954
48.8138
45.8863
37.6351
50.2002
43.1462
43.2927
44.6508
56.5587
40.064
40.1023
37.9664
50.487
31.6824
40.1193
39.7615
42.35
40.7794
34.0633
39.4474
44.1944
46.1312
36.9466
39.336
39.5219
59.3996
54.9133
46.5598
41.9396
41.7765
57.0762
50.6344
37.1494
50.2085
52.5207
46.1062
47.2544
44.6403
54.7209
38.7215
34.3483
43.9946
46.009
53.3479
46.9171
41.4574
58.453
46.5104
39.0354
36.2303
43.3889
51.6849
34.5822
54.962
40.6763
38.0486
37.4212
42.9117
34.6697
50.8488
50.0762
50.1107
40.1327
35.3785
56.3184
45.3304
39.3498
37.2135
43.1159
49.6851
35.4652
35.071
43.766
35.667
44.8788
42.387
57.4106
41.5963
34.5876
36.1324
41.462
41.4087
50.1225
46.3166
39.7815
49.2988
37.4903
41.1846
44.0096
42.6568
57.9886
42.866
51.2402
34.8536
40.0996
43.9315
45.6283
37.8601
40.2181
50.7058
38.2915
44.2076
40.8238
41.3565
45.5303
46.8678
42.9296
38.4786
56.0066
40.9423
42.6286
42.122
41.6603
41.8652
44.0728
44.5874
35.096
41.2666
39.3268
43.9153
42.4994
59.4823
54.8862
41.6996
42.7179
34.455
43.0052
44.7784
41.8895
43.0528
57.6214
40.9595
42.6787
46.5996
51.0102
43.1263
40.7698
40.5957
32.2578
34.8417
46.3834
46.1474
41.3644
38.9417
37.1821
40.1317
66.8044
36.5972
40.6826
40.7095
45.3861
36.859
44.9464
32.2577
38.6397
37.4006
48.2782
48.856
36.8165
38.7834
44.6244
35.8536
44.4943
39.203
45.9507
38.6251
47.7596
44.4337
46.0699
42.2832
35.1241
43.7887
39.9692
35.4167
34.421
37.152
51.7107
42.5181
38.253
40.9711
38.0363
45.7907
38.5928
44.1884
50.7233
51.314
44.1154
46.2838
51.2004
46.2792
63.1525
38.323
44.2918
43.2721
43.4943
36.7629
36.4738
42.9552
39.4555
40.2958
48.4985
48.0204
50.4057
33.6493
39.6952
41.5727
46.3586
43.602
40.8109
41.7751
42.3333
51.519
40.0734
48.3997
38.5428
39.1928
65.6476
40.4898
40.6299
33.5906
42.8576
44.5977
40.3367
40.3192
59.6359
49.134
46.688
55.489
41.4021
53.4134
44.3021
44.8374
40.0963
56.1488
38.7313
41.5149
43.5445
47.0779
37.5167
36.8858
43.8875
54.599
40.7964
48.5285
37.2861
43.4898
39.1108
39.6063
40.8487
53.268
39.3722
41.226
39.5471
58.1355
53.0878
52.6396
46.6256
46.3076
39.8715
49.3179
36.0303
40.5155
46.9204
44.85
39.9534
45.4242
42.6007
53.5521
58.1557
46.5635
43.3194
52.6411
45.2946
41.3111
44.5047
43.3964
42.5557
44.3012
40.7534
39.1488
39.8182
37.5185
41.3259
38.7303
53.9703
40.328
43.406
45.669
39.297
42.2245
41.2284
57.3675
44.3516
38.519
54.5014
40.594
52.3955
37.4932
48.4205
38.171
38.747
44.6228
44.0537
42.5203
37.5968
45.2987
41.6436
35.1145
35.5191
41.0971
39.9354
43.8808
48.1203
46.3911
39.1731
34.0905
41.7415
46.1094
44.504
36.1615
37.7805
42.2408
40.1845
35.2881
48.0819
43.1544
43.2221
42.3531
50.7835
44.5096
41.5267
42.1213
44.5085
41.1669
47.2807
46.7276
38.8948
39.3194
42.3166
40.7812
41.8558
45.8417
47.4119
38.199
39.315
39.7273
38.0129
44.2858
52.4016
49.2505
53.1757
56.6149
37.528
36.2644
46.3782
52.3093
39.8377
50.5757
40.2023
40.1172
39.9335
36.0286
46.8319
48.0802
49.3649
32.1505
40.0154
39.1101
46.5338
46.3591
60.2899
37.3021
37.2082
42.6112
40.0625
48.4221
50.0268
42.3775
43.3036
38.8414
54.0264
34.1069
45.8627
37.1517
55.4756
47.7124
42.0527
44.7904
44.6093
42.6354
46.481
47.3259
39.9598
50.9748
45.0908
42.7608
41.9466
47.3931
45.3097
45.6566
42.9858
39.1269
36.733
40.5625
45.0432
36.704
38.7881
45.1752
41.7552
50.4427
45.9226
50.7671
34.9609
43.3183
48.7818
48.3054
45.2972
42.9412
35.0789
36.677
37.7737
41.0136
38.0422
53.6148
52.3849
40.2489
45.072
38.2366
43.134
34.837
39.7432
42.3069
37.7894
49.9325
44.2624
53.9424
43.7892
38.8149
67.108
38.7788
42.0474
45.1743
42.7378
44.286
43.7521
48.613
44.0889
40.3005
42.3456
43.855
42.9532
42.0914
39.2852
39.2902
39.3532
41.4787
45.5626
43.4235
47.1009
39.4306
47.548
38.0765
55.0725
47.9415
45.877
47.2332
43.7911
47.1104
41.338
45.017
33.2662
45.934
35.8591
47.6192
42.1795
53.051
39.6007
47.7041
42.2689
33.3491
48.8991
50.082
40.317
49.9695
43.5225
37.4549
41.2467
38.2807
54.317
35.6327
40.8261
41.0274
39.4855
45.0732
43.8675
44.8875
35.1717
39.7956
41.8721
41.9101
43.5896
43.3242
49.6724
41.8492
37.6547
42.5266
37.4552
51.8761
38.8736
62.7674
38.9657
37.7124
43.0278
45.5468
51.193
43.8812
41.1411
46.4126
38.2188
43.5714
40.2889
44.9466
45.5341
52.7826
42.4368
53.3086
51.8548
39.9646
52.0443
42.9626
43.6921
53.5647
42.7755
47.7825
36.7247
40.5779
41.1953
46.7453
38.7587
41.142
45.5331
42.2998
59.9205
43.0673
43.9043
47.4956
45.2811
42.9374
36.3496
43.3995
42.1919
45.3055
35.4339
59.1851
40.044
48.08
45.9793
40.0581
47.7713
42.3425
50.8337
41.8301
51.6935
39.1622
43.6388
45.0094
55.2854
43.5037
69.9472
36.1115
37.852
46.8196
52.0949
34.8058
41.8296
39.9852
45.8477
34.0431
45.3683
39.8774
45.806
48.366
40.8746
62.2852
38.033
47.1656
39.8524
38.2396
43.5757
45.7803
70.4682
42.2317
39.0588
39.7209
41.2206
48.2829
41.4861
42.2214
36.8391
41.8269
55.922
39.528
46.936
41.5175
53.2849
44.7787
52.1488
38.3538
46.6943
40.3363
41.8015
42.1519
41.3384
41.9769
48.9348
46.0063
38.6867
36.0741
48.3587
39.4449
45.1386
48.9397
39.5851
43.8957
48.9454
42.8557
36.9564
34.3912
47.3139
40.2783
42.9081
37.1373
48.6684
53.2409
39.8238
48.3579
52.0089
47.1586
35.9192
35.7568
38.6394
47.5245
63.1143
38.7427
47.8478
42.907
36.9765
42.2655
44.6774
38.6531
47.8216
45.6549
62.9932
41.8569
53.0717
38.2795
41.5148
49.4081
40.7661
53.0346
39.8313
33.7402
51.7776
38.7338
38.8804
40.177
42.0008
46.7284
37.9208
35.1044
49.9565
54.6841
37.358
41.5148
44.9386
41.3256
46.1491
41.2901
43.4403
46.3553
43.0915
52.4607
44.1237
40.3209
41.4828
53.1327
53.9528
44.7831
45.3848
35.0137
43.3723
40.2797
36.5381
36.6813
46.1087
44.565
50.7075
54.4354
47.6753
39.9651
46.6807
41.4
44.4451
36.3718
43.902
35.3202
48.231
37.4114
43.7868
49.3182
35.7339
42.09
41.5518
40.4577
53.1016
51.7597
45.6785
42.5324
43.8579
49.4967
42.7325
60.9658
40.9017
41.5727
47.5314
40.1566
38.0207
37.6365
40.7575
39.228
61.8723
40.6652
38.1339
43.1522
45.8428
37.625
46.8479
61.2707
41.4379
48.3302
44.4269
39.7506
34.6324
41.098
42.8079
39.9792
42.3606
45.2218
39.8814
41.5627
43.5724
50.579
44.8079
49.9044
38.0309
38.9737
50.0526
40.2719
42.0518
42.1112
45.9152
42.4353
44.2884
36.7656
41.8985
38.2061
42.4496
56.458
44.7884
43.3417
47.0837
35.4491
43.9723
63.7438
40.0537
41.9876
45.6001
57.2309
43.4412
43.437
43.73
40.0724
38.9546
42.0688
37.3541
49.3595
47.089
37.9186
44.3176
39.881
41.1614
59.0969
37.7792
34.6621
37.386
44.8623
41.2956
48.084
42.0733
46.1758
39.1406
45.2021
38.6646
43.6775
49.6648
36.8671
39.9756
32.5553
63.4656
34.9106
58.1345
45.904
38.2605
41.7519
50.2557
47.6535
43.6047
46.5497
59.1977
51.8209
35.3601
49.6409
50.8258
44.0736
48.5533
42.172
41.5294
40.8722
44.4613
47.9617
33.7333
48.2811
47.1549
39.324
40.2425
46.0468
49.3269
53.1181
43.3729
61.9092
37.6672
47.4367
54.9954
40.105
45.0783
52.7089
44.3198
49.816
36.6474
51.0005
43.6597
43.0946
39.5204
55.0358
49.7913
42.9145
54.1494
52.9263
35.1016
40.9911
56.463
39.7574
45.7952
40.6942
40.0359
51.6138
38.1533
38.7746
37.3213
38.739
41.6171
35.9777
50.1312
39.1545
39.5508
40.7707
41.9187
43.8353
40.5977
34.9266
45.3346
31.7351
38.7475
40.1507
45.1011
40.4977
42.2766
48.8133
42.5076
35.8299
43.3535
56.3677
39.1135
41.5547
33.9729
43.5602
39.018
67.2978
38.6123
39.9529
43.8017
46.9025
39.0354
34.5593
47.7075
42.4156
43.5151
40.187
53.1619
46.3295
44.1906
33.2336
39.0173
42.3777
39.1673
45.6238
43.5634
44.4516
55.0729
44.5404
52.7842
36.4806
37.3727
37.9074
44.3711
45.9091
45.2547
38.7227
48.877
39.5576
37.4615
42.2203
43.5878
43.1667
43.1999
38.915
44.4671
51.4418
36.8868
40.1977
46.0608
53.3526
45.2546
51.5295
46.1618
42.3554
41.499
46.9279
36.7887
32.7348
54.149
41.5067
44.2895
40.2412
38.5827
45.1938
44.5834
38.8626
47.7845
50.0754
42.3471
35.1665
43.7912
40.8373
43.8072
33.5886
43.0604
39.8122
54.8207
41.227
74.0029
40.323
39.3668
42.1398
45.5598
42.6249
41.1646
41.4684
39.4937
40.6871
41.443
33.0077
41.9806
39.4298
38.9735
45.894
43.0065
37.7356
42.1939
41.8763
40.7069
39.1457
37.1197
39.6628
40.5179
39.1176
42.1908
50.622
44.1087
44.0699
51.0852
41.8295
48.2108
48.4359
54.8659
44.6669
35.837
48.3551
41.4745
35.3386
48.2965
42.7115
51.5576
48.156
46.346
45.8818
53.7407
44.9661
43.2973
45.0504
50.3078
48.6563
41.5436
44.3292
37.614
42.0998
40.674
44.5487
48.1365
46.5262
50.3984
46.7988
45.0103
37.1567
36.4259
45.1741
43.4844
45.7877
36.1805
47.556
44.2583
36.0949
45.3956
57.2075
39.2441
45.0739
46.1061
41.7173
35.7376
53.0183
35.6295
44.0297
57.1969
44.4365
40.2513
46.3065
42.0633
50.5414
50.0436
40.5226
39.4247
52.1656
35.6816
42.8774
38.7428
39.7015
43.7522
45.827
39.0773
45.6666
39.9266
47.9433
46.8432
43.2515
36.9891
40.001
37.0122
46.3852
44.7242
45.0727
36.964
62.8741
38.8273
45.3634
42.4462
38.4891
38.6481
62.1587
37.8894
42.5885
35.7467
38.0634
37.7001
36.8173
39.4568
39.948
38.646
45.8597
39.6648
52.194
46.211
45.8038
50.7671
41.6435
39.9416
55.339
41.9854
50.8641
46.0669
37.1669
43.57
34.8106
44.3797
47.4318
44.4209
39.3166
35.8258
47.7385
48.1673
40.7558
60.4953
44.1056
44.2991
51.2689
49.0249
46.1717
42.4624
59.1509
54.8515
40.6324
36.5076
47.685
37.8597
59.4672
40.8951
47.1917
39.6475
62.3079
67.3778
37.6996
43.6701
54.4445
39.2254
44.9647
42.9395
53.1375
38.2136
44.9146
51.6221
35.2546
41.8668
46.2604
58.8893
51.5107
41.7822
38.9987
45.9493
37.5732
41.1027
37.2875
49.2882
46.2668
56.3164
38.5495
41.637
40.5225
63.4703
40.1829
48.1791
42.0104
42.7673
49.4569
40.1091
33.0389
38.4146
47.4086
41.0659
42.448
41.0983
35.0856
37.1545
49.0262
40.5999
36.628
49.424
42.8311
36.0285
38.7371
45.3191
51.5623
40.2456
42.1711
38.6255
40.1758
44.1545
56.3817
34.8725
39.787
36.9018
45.0028
35.4354
41.1123
46.6291
54.6798
48.9876
46.2382
43.5218
45.5926
38.8421
46.0889
50.6091
35.1142
45.0873
38.9833
47.7921
55.6491
56.3324
43.6415
45.9293
36.9037
39.6205
41.76
47.6881
42.0062
41.2799
38.5287
40.2581
42.19
48.3048
39.9232
40.3763
45.4789
49.0325
36.4967
42.1841
58.3895
37.5977
42.271
39.8888
43.2083
36.8856
38.9765
67.616
39.9987
50.7648
40.3438
43.496
49.4419
51.0024
38.5326
42.712
37.1836
67.5466
54.7257
42.1856
57.3045
35.7014
42.3572
51.1755
41.608
43.7432
37.4694
46.3765
35.6179
41.4634
40.8801
47.18
38.5438
49.2723
33.3462
51.8331
51.369
41.7446
40.575
45.4366
35.0098
52.2989
37.171
42.5917
45.003
52.8726
42.7164
33.8191
44.0313
47.7696
40.7141
38.4454
40.023
41.3298
35.9545
38.1895
48.3162
47.6108
45.6104
49.2245
41.5544
39.0973
47.9964
39.8047
37.742
40.3557
36.2377
40.4088
44.9547
45.5135
44.5763
43.4729
54.1124
38.0946
37.6151
40.8212
47.6025
32.0046
45.3384
47.9694
56.2658
58.7684
59.5672
38.1804
52.5792
44.8251
50.4682
40.2317
38.7398
54.8944
48.7476
51.7289
40.9294
39.7133
41.2641
60.1838
42.4025
36.8379
46.8064
42.2791
45.2054
52.5124
42.579
39.2695
53.313
42.4689
41.2832
40.1843
55.1739
46.1323
40.9235
46.1895
40.845
47.4139
41.1627
37.6291
44.1638
46.1426
38.7902
40.3881
39.1877
37.0625
40.8626
38.6295
37.3562
49.6899
38.3594
41.0181
46.8103
46.5379
34.1268
54.0595
47.797
38.1799
43.2755
39.9601
38.7255
39.9348
48.8132
42.138
40.3275
36.6456
43.528
49.1277
39.6184
44.592
39.6153
41.2303
47.5708
39.2836
50.7821
46.581
41.3308
38.8158
45.3908
56.3197
35.2391
52.6359
37.4887
38.1757
41.6195
40.5273
44.1934
42.4238
44.2945
41.9601
36.4005
49.8864
43.6558
50.5696
45.1316
38.7379
45.4361
37.4729
43.2477
41.1416
45.6928
70.2145
46.104
53.59
44.5696
43.0923
39.676
41.3252
47.3342
43.5804
54.1522
40.733
63.0306
45.8581
45.1437
48.0717
68.0424
43.0018
42.3122
50.4915
50.0894
39.3896
40.3902
38.4375
38.314
42.0119
44.3021
40.3635
42.1944
43.1068
40.5738
51.1706
38.779
65.6145
38.8393
43.4328
46.1461
42.1834
48.4344
40.7579
45.5202
35.4517
43.4066
43.8
61.1867
36.037
45.4026
46.4763
38.3131
56.7117
42.1237
41.4958
37.8727
48.2461
39.7627
38.5549
38.4072
34.6846
38.544
52.3032
35.6602
52.356
51.0688
44.6227
41.1422
50.1118
42.243
46.9258
38.3598
44.3073
60.7842
38.8442
48.8836
41.552
44.9881
39.2419
40.9644
44.4635
45.8234
41.6387
54.2574
39.2214
39.5135
48.5642
47.9401
46.7592
49.3218
47.8748
41.7483
37.9106
42.6364
39.9272
40.688
43.1652
44.5205
37.3906
36.9396
44.3004
42.1883
41.8291
54.3492
42.98
49.3647
56.466
35.57
38.3469
51.7935
47.7474
38.6915
46.3812
46.2174
44.4484
44.2716
45.8376
55.7396
39.2911
37.8168
44.8243
37.2934
49.4564
41.4577
41.4492
37.2165
49.2138
37.7457
54.3309
40.5372
42.1592
53.6922
59.9144
50.4931
46.0024
39.5892
41.3856
44.4063
54.9809
36.2778
50.5677
39.8203
47.7178
36.3697
42.4224
49.5108
46.1397
42.2218
50.7372
44.7099
52.3232
33.6794
40.6356
50.4635
67.4418
34.7762
39.6022
42.2597
43.772
39.3809
36.9506
38.7235
43.2817
47.8442
43.5282
51.5926
51.6362
55.6036
47.1891
47.1315
43.0704
38.7929
47.3461
36.6833
42.9471
45.1051
42.7137
36.4497
43.7575
38.4572
47.5667
43.3522
44.3421
45.646
52.191
50.5115
41.4429
43.9614
38.963
39.4652
38.1874
42.751
44.2353
45.3887
50.4265
59.8891
44.9535
31.0081
59.5221
49.6039
37.4787
42.2992
46.1657
49.1682
41.8147
47.0412
40.4253
43.572
41.2146
40.5678
45.3032
39.3779
52.6644
45.1174
40.7421
46.8737
48.0565
43.5023
38.8505
42.6318
37.9581
48.3681
39.5439
51.303
40.158
38.5796
35.2546
49.4791
51.7075
41.3627
37.0494
44.347
37.6065
45.9562
35.0624
42.2804
40.7939
35.2427
38.294
40.2445
36.0361
39.4726
36.5006
37.2688
39.0255
54.4354
36.7571
42.4231
47.0501
38.605
43.5934
42.4173
46.3902
44.0233
39.6732
44.7871
38.1203
41.6398
44.2577
47.4144
56.8325
38.3098
38.9419
43.1414
47.7979
37.5632
45.9788
45.0936
48.8689
43.4804
38.6222
36.9634
43.3625
42.3706
36.798
36.3093
44.4379
39.5514
43.4915
36.6039
35.8512
34.8347
34.6521
66.5848
57.2713
44.1967
41.8376
44.881
38.6376
50.9915
50.7018
61.715
46.9312
49.7192
42.5083
44.3997
51.3001
37.4307
51.4954
41.1813
48.8625
36.2067
42.467
41.5928
38.7285
46.0111
46.7283
43.7502
41.3316
43.2532
40.4075
45.8126
46.905
56.871
37.2498
37.6565
39.8741
66.3669
55.7204
39.8944
43.2652
47.0854
34.8624
40.4436
43.3794
41.8496
50.2386
41.6836
41.8161
42.4694
41.6103
36.4202
42.6823
41.7789
36.5161
38.1427
37.1494
42.7291
44.4385
39.5388
46.3568
45.4946
42.1404
70.7865
58.3997
40.1902
35.9742
55.7831
36.7371
46.551
36.4614
45.9775
51.8428
37.3833
42.8605
56.6054
31.7089
54.977
46.6271
41.6641
48.6003
40.7094
45.1077
37.9152
35.8367
49.9521
48.7226
49.0098
44.421
40.9404
51.6456
38.9872
42.8257
49.8049
42.3723
36.1173
40.6394
36.7535
58.1602
42.2998
45.3742
45.8014
45.8602
37.4305
40.7498
48.3483
44.8446
40.117
58.5199
38.3689
49.5181
41.8236
47.1581
43.8241
44.3918
43.4026
42.0445
37.5423
41.3992
50.5367
48.4651
42.6183
50.0538
41.1351
38.5319
57.3946
46.0969
37.6608
43.5766
44.8931
44.197
41.3336
44.297
40.7213
48.2763
37.7481
43.1038
38.9532
47.8923
40.5828
42.9416
42.187
38.0919
35.1612
46.4489
50.6409
44.8419
38.3574
43.5055
48.7516
42.582
46.0243
35.8411
50.901
41.1601
41.3113
43.6168
41.5582
43.6246
42.2276
35.6243
42.4891
38.8436
40.7248
41.725
46.7666
44.5855
38.2199
36.4597
51.6619
48.609
42.2723
40.0777
46.8098
51.7772
45.0998
38.8771
41.6379
47.121
41.1706
39.8265
52.2328
36.7068
34.2163
47.6549
65.9124
40.5901
44.0349
38.7854
46.5523
52.4556
38.9263
49.8907
46.8699
45.6498
46.3622
62.9659
53.616
40.8043
44.3645
35.0093
36.8712
40.3851
44.7061
44.2233
38.6916
57.0955
49.0694
50.1408
41.674
38.0594
40.2555
43.7573
52.7616
37.0833
34.7581
43.2025
38.0592
45.2726
44.4157
48.1373
43.2619
40.35
44.9433
43.7563
34.8071
41.3467
37.4793
54.8163
41.2914
39.4635
39.8792
37.5524
36.4781
46.7153
34.6076
52.4797
36.8008
36.4587
45.8922
46.7129
37.0366
45.9838
37.8272
45.1983
37.3539
46.8431
37.0312
39.1025
43.7773
57.1925
45.7899
41.8613
39.6116
51.8642
33.4528
39.5654
56.9324
48.3295
51.3364
39.1777
40.1507
52.4676
40.5545
43.806
37.704
48.6893
46.3984
45.5727
39.5177
39.1743
45.5543
42.2656
41.4179
50.4117
38.2977
42.3547
72.1956
36.2762
44.5235
49.7144
46.5258
40.311
46.8902
41.1445
46.9224
41.9157
34.328
37.9242
35.5955
39.7231
45.4118
45.5617
42.8193
48.1377
51.0182
39.7433
39.9271
51.3676
40.9966
51.5838
43.6517
47.2193
47.2277
52.4252
35.9526
43.4856
49.2418
35.9404
46.0728
48.923
40.6249
42.8341
44.8865
38.2228
45.7435
37.5414
47.4029
38.702
43.5691
39.574
35.6846
46.2071
40.7088
33.8702
32.9775
47.2227
52.5291
53.2298
49.3281
42.3933
46.0981
41.4034
36.2496
43.3194
44.3889
47.7941
48.0038
54.5066
49.1554
45.7444
45.7296
42.1323
38.4614
64.7346
60.3483
39.3679
46.9416
37.8668
46.9104
35.9155
43.7089
35.1801
43.8565
48.8341
38.9315
49.4056
39.0823
43.6877
46.7768
37.696
44.0365
48.588
63.8401
36.113
40.8868
35.7848
40.3464
43.005
42.9072
34.8232
41.1222
46.756
46.0142
44.4434
43.7371
54.3669
51.3477
43.4575
40.6453
61.27
55.1126
39.9992
41.8218
54.0019
54.2949
48.0222
45.997
44.2557
31.5666
48.3084
39.5766
45.1654
51.3286
42.1801
64.2841
48.1503
40.5732
52.1946
41.4103
38.4659
43.9006
60.6351
44.3431
57.6827
45.6897
39.6459
40.7723
41.9911
37.5677
40.8355
51.1422
42.0969
39.1765
46.9692
42.4073
60.2324
49.5422
39.3109
66.3409
45.9741
46.1252
43.9387
59.6792
47.9434
45.3405
50.3484
60.3932
41.0755
41.2968
37.2698
45.1715
52.737
36.9112
44.0629
39.5539
41.178
45.3295
43.387
47.8499
40.1828
43.6584
41.1479
38.6693
40.2681
51.1537
44.937
46.7721
45.6556
38.776
47.3357
41.5987
47.6729
41.8742
40.4688
39.9395
34.7331
47.0651
46.1533
52.0654
44.3987
40.6695
43.0246
44.4354
43.9585
48.0423
59.0934
40.5929
39.8719
42.9234
40.1893
45.9264
52.4111
47.5537
45.9902
42.6424
37.0815
36.2533
39.3839
42.5561
35.5823
41.11
46.0792
42.3332
45.9433
46.0605
43.91
51.9742
45.5184
44.0826
49.0557
42.2083
44.2366
50.9587
48.3431
51.296
42.8615
50.7548
42.9807
43.3819
49.9996
43.8063
38.9543
43.0893
54.7768
45.1492
38.539
48.4037
42.1363
56.487
50.1576
44.401
36.7092
37.4018
39.0816
42.445
37.2489
43.6592
37.8452
57.0925
53.8885
35.0111
38.8995
53.4612
41.8056
54.1365
42.3175
39.0766
52.5344
43.9962
45.2404
45.6729
36.9933
38.0833
49.2904
42.8031
39.3995
50.299
35.3206
39.4911
67.7424
52.3518
52.0464
45.0009
44.587
41.1277
44.8401
38.0765
38.9516
38.2709
51.5651
42.5223
52.1023
42.0365
40.9011
72.3783
42.6094
37.258
35.5175
35.6091
46.779
33.5896
39.7084
38.1577
37.2013
39.0825
46.3822
43.0409
41.8359
37.7165
40.0571
38.8223
44.1493
37.9592
43.3187
41.232
66.1436
53.1577
48.3035
57.173
41.7432
48.87
46.9236
49.2995
35.1344
38.9594
38.7014
46.8202
41.2103
45.5396
41.978
47.8597
36.3883
36.5736
57.4581
35.6295
41.8373
47.0039
45.9591
37.4279
49.274
36.9991
38.4456
38.4814
44.665
42.015
39.6089
44.6966
44.9693
36.0894
49.6081
37.4572
40.3635
37.6419
54.8404
46.9307
39.7216
51.1654
40.3598
40.9512
39.1013
44.1048
40.2853
43.6846
47.3183
38.4856
45.8515
36.4724
55.3028
45.3089
45.4488
47.8666
51.5782
42.0755
45.4192
41.4473
40.081
40.822
45.653
48.6364
42.1182
36.7173
43.2525
44.9453
37.7596
41.1632
44.3596
46.0199
44.0032
50.4772
37.108
39.8405
36.997
50.4947
51.0158
39.1697
45.8311
55.4894
45.5981
38.1156
43.7735
39.3067
44.9031
34.133
37.8929
38.0621
37.2394
32.1871
41.8959
42.4285
36.7356
56.144
43.7517
45.2083
55.5911
50.8108
49.8879
48.1303
37.9675
36.6577
42.6992
39.0596
41.9784
50.7667
37.3105
38.3337
46.1041
52.9621
41.4301
39.6859
35.8819
34.6034
47.2618
44.7633
49.361
46.6832
46.5961
46.1624
73.8654
37.8264
44.9072
40.7398
39.2235
47.1132
40.9846
42.4795
39.297
45.1666
34.9033
46.205
45.553
38.3157
50.3463
40.8274
38.7987
41.2099
49.8829
44.0253
43.4687
40.3621
37.5495
37.4991
37.6916
40.315
73.3424
42.1409
46.6476
49.6089
54.0967
43.5735
43.1121
38.743
49.0739
36.9684
40.4725
42.2713
40.2842
40.8109
49.8265
43.8496
39.528
44.0019
48.2634
33.9272
43.1893
40.5765
38.8963
53.0791
45.7171
44.4964
41.8924
48.2268
57.2357
44.2494
35.6116
41.4346
38.8658
43.5013
41.3437
42.4673
41.8944
47.5597
39.1884
35.928
46.8459
45.6479
44.4086
36.4097
40.9743
42.5229
43.8205
49.0261
42.0539
46.199
46.9965
47.7814
39.0996
36.1873
36.382
40.7702
46.5222
51.3521
44.194
47.6991
34.0353
43.2336
40.1072
44.8234
36.7491
47.3255
52.7361
55.0773
70.7365
42.1032
46.8909
40.7621
39.1197
41.8081
45.7491
43.1841
40.501
47.205
45.9535
43.0967
58.5335
53.3935
41.2796
42.3633
42.0782
48.7381
41.5075
52.7753
43.6312
46.0348
49.7035
40.7351
44.3657
51.9157
49.2505
38.8198
44.0937
41.3796
42.0398
39.0343
44.3262
41.9608
41.4336
55.6566
54.5404
48.8163
54.5926
37.2895
52.8451
36.9349
37.1858
48.8464
39.8077
47.1694
42.0454
42.9272
43.7034
52.7692
42.6587
43.1667
42.7189
78.6796
39.3685
44.3971
46.4051
40.8874
41.5969
47.1121
36.9097
49.1777
50.5429
48.9465
42.7669
45.584
43.2382
51.8712
44.5396
38.9324
37.0404
39.7039
45.2892
40.2031
38.3333
44.479
48.7499
38.6555
45.7833
44.4719
38.4062
63.5668
44.2666
46.0978
37.5678
37.5227
52.1007
44.5643
52.6575
37.9362
47.5819
36.224
46.8524
53.5495
42.8461
42.5648
42.1644
40.4839
36.3958
50.6577
39.6019
44.5999
44.5737
41.807
45.9924
73.0956
37.9029
54.7609
49.505
43.6354
39.4073
35.8227
42.4602
44.3771
44.0085
37.5179
45.0211
49.0275
43.5121
36.6283
39.1337
36.4563
38.0131
37.9978
47.4031
48.4946
53.416
44.2398
42.8068
52.3498
39.649
39.1832
40.3822
44.5801
38.8722
38.349
57.4707
46.9316
46.5929
40.867
43.5898
42.0435
40.3718
42.2385
45.6164
47.5091
52.7679
51.6404
44.2664
38.9456
54.7413
36.7475
38.4056
43.2496
38.3344
42.7689
46.8646
53.7911
43.7953
36.8331
46.4163
42.2962
41.76
39.3739
40.4221
34.5668
37.7737
38.5911
39.262
47.3213
34.9678
54.2204
42.3832
44.1548
41.7041
38.8663
43.9889
40.7367
45.6675
43.5488
45.7093
50.8501
40.231
43.4983
38.9571
42.6784
44.4047
44.354
42.3642
42.5041
45.8568
39.2699
40.7015
43.3219
35.7853
37.5088
40.4118
42.9466
39.5242
38.1934
49.4197
41.1485
44.4539
48.4012
41.1146
47.2972
39.8445
35.6728
51.7839
40.1419
47.5927
48.73
40.0538
49.6294
57.5182
48.253
39.0192
41.2652
37.7325
38.3067
48.1025
52.4177
59.7802
42.554
46.893
37.9467
43.0966
46.1815
56.9638
43.0874
39.7893
48.1342
47.9716
36.9248
43.6469
34.783
45.905
40.5585
53.8824
61.2404
57.3664
36.8332
39.1888
61.0851
41.8061
39.8848
42.6167
38.3674
44.3727
43.3594
44.7716
34.7477
50.7061
36.2505
47.8463
35.835
41.4163
40.6399
38.0621
36.0905
60.8391
40.2485
51.4807
53.0789
60.2453
41.3859
40.7912
45.7733
44.4633
41.2617
41.0026
41.9424
43.3721
39.9221
41.3489
40.7605
41.3069
46.3327
46.78
41.6876
64.699
41.6798
49.2355
50.4476
44.2147
40.8711
41.3387
40.9612
42.1446
39.9208
40.9738
49.0646
49.8993
43.2638
38.0709
42.105
44.5743
47.3058
48.2175
42.0828
46.367
46.4766
38.379
39.4367
39.9993
37.6293
37.513
40.869
44.6441
43.1003
45.8452
42.7013
36.0415
36.8207
36.6686
42.2498
56.0314
40.3194
54.3485
36.9797
43.3695
42.6769
38.5853
42.4662
42.0225
41.1993
39.602
45.912
43.2165
46.9342
41.6781
33.1807
49.4935
41.6428
42.167
51.087
38.674
37.5749
42.9499
43.5711
52.7735
42.4836
37.5351
37.6733
42.9293
38.9814
49.2679
34.8445
37.7137
40.4066
43.5593
53.1693
42.4853
39.9098
51.1579
43.3024
43.2176
47.2631
47.9249
38.1453
46.1951
37.4364
40.6665
36.1168
41.069
47.9865
46.5691
47.884
37.0708
44.7947
40.168
44.7251
38.6428
35.0208
41.4361
39.7617
47.2117
38.6787
38.6056
47.0254
39.8798
34.4529
38.6285
41.7887
35.8553
42.5569
45.2434
45.6428
39.5361
39.8984
39.8707
37.5951
38.6326
38.8159
47.6729
42.4471
37.8508
46.7533
36.897
37.6129
47.8325
42.5118
49.4272
48.2891
39.0384
46.0759
36.7648
53.268
38.7494
44.5787
39.2417
44.7691
46.8376
37.7959
32.6784
38.2167
46.8111
35.6259
44.2398
36.6965
38.5246
43.6883
43.1574
45.1372
40.6923
44.4933
39.9165
37.2263
40.135
42.8406
49.5333
33.8173
42.0711
37.7686
43.853
40.0354
45.2581
47.612
36.3086
44.0204
50.0993
49.5428
42.5137
35.2837
42.8103
40.6743
40.552
58.9432
37.1545
58.0638
45.2278
41.7403
45.2987
38.0623
34.565
48.8607
45.2542
48.2951
43.2944
47.0693
41.6993
38.7272
50.5994
40.6316
47.6147
44.0947
46.4093
51.7173
35.6933
50.3957
42.0999
45.227
45.0111
40.1355
41.3211
37.889
39.6942
40.1094
41.4793
41.4479
42.9926
38.9974
58.5138
52.4439
42.3776
69.0391
35.3256
37.894
47.1475
38.4607
46.9806
41.9732
47.4097
50.7608
38.3626
52.3345
54.1367
49.6879
38.4007
41.3368
34.9755
52.5364
54.2432
40.1577
41.352
43.3033
39.0836
43.4431
40.4243
51.6757
47.2614
39.7997
39.9996
38.9693
38.3037
57.1612
41.6043
45.7999
52.5253
41.085
42.2122
49.7792
47.5973
40.1476
34.5001
38.5877
49.72
47.2521
41.7486
38.1687
40.1815
39.6316
45.1302
58.0066
36.3799
50.3086
50.89
51.9506
59.9554
49.4639
43.1671
36.0808
41.5037
38.7881
50.0041
59.8038
46.1338
44.5102
48.9643
44.9841
43.42
38.9544
38.0351
38.0115
37.5145
48.1842
43.2985
39.7624
43.0568
44.7992
44.1676
41.2498
39.4561
39.9474
48.0364
44.721
38.975
46.1668
39.8538
43.5596
48.6359
41.2887
47.788
37.9358
66.2108
35.5203
44.3556
45.3144
41.6363
49.8888
50.0939
33.7279
41.25
40.4673
40.1742
40.7789
49.7636
36.6223
39.0132
42.4465
38.6533
53.2157
36.6955
35.0796
47.5308
46.8794
35.0937
40.5552
43.6852
37.031
62.8037
34.5822
37.5359
55.696
44.3035
37.7191
39.0092
36.9922
51.0097
46.7012
50.3807
35.817
52.6469
54.6609
43.1527
55.0659
44.5171
34.7287
36.5953
48.2333
36.6346
44.39
38.5033
38.2385
41.2487
39.2468
35.6157
48.6706
39.9164
39.4198
41.9055
48.2539
44.2363
49.1576
42.9061
48.4649
44.2721
43.2944
48.0722
45.3958
45.4569
43.982
38.5248
42.129
43.6698
51.8528
56.6513
34.9341
39.815
39.3792
36.2037
43.3025
37.263
61.9992
39.3028
45.6196
41.2224
32.8034
44.4438
52.1335
47.3288
42.7865
38.947
46.4548
74.0777
52.1261
35.3101
45.8499
49.8508
33.4357
39.3613
44.3611
39.6814
53.4631
46.2572
34.159
51.068
46.0249
38.8337
48.0929
48.2909
48.5726
41.2484
38.8511
42.2046
39.0518
38.9379
47.8247
42.1029
52.0943
39.2531
43.066
44.6629
41.6856
49.2026
48.7719
46.9595
55.0219
44.2674
36.1479
47.2701
38.9133
41.2566
37.0613
41.534
47.1116
39.9939
41.2054
52.7204
34.3702
43.7386
38.6604
51.4898
37.7341
45.6974
49.3279
38.695
36.722
50.2431
63.4196
61.9254
40.0199
53.0209
46.159
38.6799
36.5419
52.397
45.4614
39.5023
41.1153
47.9503
43.0568
48.6014
43.1208
42.252
38.1281
40.2018
37.353
50.0255
39.9568
36.0213
44.6351
39.1559
43.0069
38.6454
38.6182
46.8795
54.8286
43.8746
45.3012
35.0995
33.5277
38.235
43.0062
36.699
47.1953
36.4243
45.8814
42.0505
42.322
49.4132
47.9842
41.8456
40.937
41.0858
39.4327
40.0304
43.5153
43.9804
51.6697
45.0951
37.1952
39.5757
39.4733
47.8904
38.2668
42.4859
40.0054
47.8714
41.7697
37.6322
39.4558
47.0345
43.1117
41.6209
45.0506
57.4135
43.8959
43.5975
39.502
43.1325
44.8597
38.9327
44.2853
70.6496
46.4405
38.8058
35.5054
47.5626
49.2426
50.2847
47.6411
35.4107
45.8409
48.6212
40.8027
48.0605
43.4005
42.8229
38.5453
56.1255
56.3749
50.5162
36.5536
42.609
52.0357
39.3194
44.5803
44.7256
39.3815
42.8794
35.5821
42.0212
53.4288
33.54
44.9403
50.5384
37.5506
42.543
45.7515
39.9182
49.0859
36.1201
39.9513
47.9996
40.5761
39.5208
44.9963
41.0176
45.5174
36.2482
41.8683
43.1387
36.7767
40.0165
32.4507
43.3664
36.0265
41.6063
45.8879
41.9205
79.0915
42.3137
42.1045
45.7714
48.4944
40.8555
38.1403
47.6504
50.5769
54.642
40.5924
37.3014
39.3571
36.1518
33.1616
47.9193
44.5055
37.0516
36.7231
38.5987
48.9459
47.5596
39.865
39.4079
42.9218
48.0971
39.7741
55.0732
42.8933
48.1555
49.7329
36.2534
35.7028
39.9576
37.9464
44.5985
47.7048
43.8574
39.714
46.7381
40.1017
38.2604
36.9121
71.6047
43.147
49.3182
44.9548
40.864
38.2334
41.9654
41.141
44.0731
39.7076
40.3734
40.6236
48.5878
46.3431
36.6089
44.4828
36.9334
46.5354
46.793
48.8175
56.7157
49.0134
42.6855
44.2367
38.3151
50.9678
36.7724
39.6435
42.0382
55.416
36.4713
45.4837
45.1664
39.2395
47.4655
35.6381
41.9723
42.4646
38.1424
37.5312
44.6465
44.2094
41.696
46.2393
46.1421
40.5968
37.2047
41.3965
39.5883
39.0969
41.7522
48.833
41.3331
38.715
35.1082
40.1536
45.3073
48.3669
35.1296
59.8157
50.2346
42.6373
45.5157
41.7828
40.5719
39.1796
39.3474
38.0419
51.2992
42.4029
43.7331
43.8721
40.4412
39.0283
55.9069
43.5993
44.2079
41.3727
51.3277
50.6107
50.8533
34.5013
40.1122
57.9698
51.9826
41.3185
40.5323
42.2193
50.846
49.7551
41.0011
38.8413
43.5791
61.8428
37.834
41.5466
38.0808
53.4785
41.3659
47.8369
43.961
37.116
41.3063
42.7773
65.4153
51.7204
43.8309
48.4925
40.1729
40.3605
47.9204
52.6638
37.1791
45.026
37.6652
41.613
41.8223
38.5537
45.6633
47.3334
45.0157
49.066
42.4966
41.6387
46.4854
41.4214
41.6312
40.8112
35.8467
47.6785
43.0093
48.5888
43.3481
39.3165
43.6002
46.8375
35.4154
49.9492
34.5776
41.394
41.7884
46.5083
41.2453
40.3155
47.2569
31.7004
44.0602
33.3596
48.5767
55.6144
37.9294
43.4833
41.9608
50.427
46.0686
49.0564
37.225
44.3568
44.428
45.2514
45.4918
49.4445
34.7582
47.9693
36.7336
52.9362
45.2297
36.9454
39.8863
47.1044
50.6684
39.6238
44.5187
36.1966
35.2211
38.9132
34.8829
34.5092
57.0221
48.3944
49.4016
39.8713
37.1554
44.5489
45.0073
45.0402
53.6127
46.4208
41.667
48.7823
46.9565
46.9006
35.4928
38.1877
52.3442
46.5448
34.783
43.7394
48.7942
45.024
42.9067
48.6833
33.8319
44.9436
41.7869
48.359
47.3087
44.7855
36.3723
39.4574
44.2682
42.6542
37.0573
36.4088
41.1021
48.0192
46.1655
36.0017
42.2777
38.8482
52.8711
42.6801
48.0617
36.711
40.5438
43.9512
53.2917
59.6977
42.6332
37.8218
39.7902
49.416
52.4856
40.5929
48.1209
34.2754
40.5102
38.5701
45.4989
43.6187
54.3934
41.967
45.1593
44.5658
47.1296
36.7885
49.9631
41.8358
41.9129
36.8212
47.4056
48.267
48.5279
49.3338
43.2558
47.8385
41.0404
36.0811
41.3162
39.2471
44.9076
51.8277
35.4259
46.4109
50.3438
39.7025
39.0865
36.2991
59.8666
41.5424
40.3614
43.1708
43.4267
64.5694
39.7627
58.1248
36.4835
45.5894
54.2414
34.4864
39.013
46.0865
40.3895
51.7415
34.6002
39.6092
48.7367
45.5278
39.5298
43.7357
44.1003
41.5352
47.548
44.1325
44.5039
43.7064
34.788
44.2542
40.6349
39.3126
44.7241
40.4044
44.8238
48.646
42.6954
50.5132
41.9573
51.0449
58.2214
41.6393
38.4355
48.2491
36.8867
37.8183
42.9933
42.5587
37.7626
37.8787
36.3794
43.4741
40.0881
44.8434
46.1885
64.402
38.5126
46.0359
50.025
47.4324
40.517
40.5161
44.1382
48.3703
46.4489
49.4153
38.4863
48.8798
40.7794
43.6634
41.1968
45.8001
43.352
46.2034
33.7564
48.4996
41.9198
56.6961
41.8768
35.7067
37.4845
43.1366
39.9296
35.3401
40.4037
43.772
39.3753
41.7375
43.8684
60.5013
52.9325
52.9289
47.9545
41.4881
34.6082
39.7087
44.6842
39.1516
62.9264
39.8104
55.2324
42.4782
37.7956
39.6923
52.4771
41.3491
45.2766
44.1809
50.0779
47.9942
49.179
49.5874
36.3098
37.7329
45.5638
37.9779
41.8793
37.6818
50.4364
43.0258
35.7677
43.4739
46.3621
46.9744
37.7675
34.6297
58.9763
48.4599
44.0636
36.7971
42.5936
40.5453
46.9652
37.6067
34.8872
47.2304
39.324
46.2279
39.9916
45.6763
37.7467
49.7593
45.6799
52.8866
49.0586
38.519
40.4072
40.8135
41.1053
39.8406
42.5063
46.9527
40.3851
63.7429
48.2497
48.8508
38.1733
39.4168
39.38
44.9517
48.5871
48.2367
40.1838
51.5778
44.3364
46.1047
42.7663
37.7719
47.8111
42.4642
44.1097
44.0929
51.9046
54.5469
45.5787
42.0032
43.7456
57.284
43.8301
47.0539
53.061
40.9761
40.462
36.5711
61.7194
38.8781
42.2041
48.6966
41.5595
39.6634
39.6073
41.2131
37.7996
36.0471
49.0883
39.0596
45.4875
46.0384
44.1337
36.5938
39.414
33.1991
73.3614
35.343
46.3257
37.9795
42.3955
39.3449
40.8814
44.2362
35.5523
42.6288
49.9416
43.2078
46.6344
35.8183
48.6196
38.7814
41.0378
40.6676
37.9418
40.8506
35.9391
44.7456
36.2205
40.4463
43.9073
39.4973
57.9784
48.556
40.1665
37.1068
39.7857
38.677
44.1027
47.6676
40.7479
44.4667
36.5123
42.9209
40.4393
41.1344
42.2556
36.5174
51.4284
39.3683
39.402
47.0342
44.3712
37.4148
41.3145
54.1415
41.7047
46.2084
59.7409
52.0938
48.5569
60.0733
36.8842
44.0767
44.309
52.0127
43.1948
37.9731
39.2512
48.2881
48.6433
39.9825
41.9566
44.793
46.8814
49.914
37.3702
39.2145
47.4508
45.796
42.4816
40.3818
41.7135
50.6081
34.3635
53.1512
41.6065
45.0235
37.0253
39.7363
54.4655
41.9972
38.2742
50.1453
42.43
39.2608
37.1632
44.296
39.8697
43.9278
44.8633
45.291
42.2193
40.6959
37.3582
49.8635
37.9168
38.7877
42.1699
43.6032
44.3804
37.7419
49.849
41.7088
49.6699
40.6263
36.9755
55.1978
37.5784
41.4702
41.3085
52.3573
42.1302
56.8991
36.9581
47.8455
48.2475
44.778
51.2218
46.8499
57.0318
37.3642
43.1862
40.996
43.2576
39.4443
42.3605
59.2545
44.0326
37.4246
46.7027
38.3463
37.6264
38.6371
43.9127
37.4504
35.5186
41.5297
51.6704
47.3474
38.7389
40.0958
37.0307
52.1095
48.1376
36.5359
43.9881
41.7568
49.4574
40.1736
42.9189
48.2682
52.6877
46.9759
41.4135
45.1107
41.7336
50.1094
43.1927
54.5884
49.8454
43.8067
46.2773
38.8614
41.8412
38.9529
52.5544
36.8105
43.3108
38.1676
39.1038
58.3984
45.328
45.0235
42.4351
36.5371
35.4907
41.5056
48.1054
51.7074
62.8336
42.7814
52.0453
49.8759
49.0593
48.098
39.844
42.8294
37.3354
41.6685
40.871
45.2637
48.4807
45.0628
49.2953
49.0713
40.2686
45.6415
64.9756
46.0558
40.6366
41.1798
46.045
41.9993
41.7144
43.4046
39.8849
44.1476
38.7795
60.355
50.3561
41.4988
45.5904
39.7575
40.8235
38.7287
46.2293
40.7405
50.9087
48.9549
50.2612
41.343
39.6217
44.4113
43.7419
40.1389
48.5664
46.0074
49.4002
35.9616
38.6799
39.1905
48.0897
43.6745
45.9448
54.0515
35.4965
47.6743
45.7637
40.7672
43.9096
42.798
43.4982
42.6182
38.8316
44.4411
34.4381
43.7961
44.4135
49.5974
40.4977
36.1643
33.3318
43.5135
36.4383
41.4164
45.856
40.7169
40.0712
43.8875
48.9171
50.8432
40.3415
34.3594
37.7031
38.3503
53.424
43.7733
41.2452
37.0187
45.2521
48.3458
40.1841
35.5973
38.3638
43.8843
41.104
40.083
38.888
42.354
49.4784
40.8679
47.646
45.0481
49.0747
34.833
38.7054
39.3732
45.2996
36.8806
45.6962
45.4302
50.4123
51.1473
39.1244
35.2447
52.012
41.8111
49.011
44.7877
35.99
43.0191
37.7863
57.9826
35.3481
49.414
38.1241
59.5449
42.0834
45.2462
40.4469
48.8022
49.6823
42.1479
36.7081
44.6844
41.3804
47.58
38.1098
45.7048
38.5925
40.7489
43.0564
41.9634
42.9656
41.5905
46.1306
51.885
44.6071
62.3692
41.3694
39.6119
44.6745
42.1178
46.5471
43.3854
42.6452
44.0949
42.2367
48.3166
41.1115
44.0295
34.5422
52.9885
49.0541
45.5388
43.8612
42.7775
37.0133
40.3863
41.603
39.0909
41.4956
46.5611
39.2389
44.6287
39.6408
37.9855
47.6978
38.5076
56.026
40.41
41.0689
49.0016
35.1884
43.5029
41.0266
50.4
57.9863
48.2255
43.3034
34.7232
46.5954
37.5978
45.0515
40.4751
36.5305
39.7021
37.9271
43.5574
44.1234
44.2026
44.0519
43.3992
37.9307
59.5093
43.4854
56.0917
38.7355
42.3005
46.155
44.0163
52.438
48.5922
38.926
46.499
46.6261
55.399
51.0298
40.2326
54.1557
53.7671
37.6166
42.6946
40.6864
36.8212
38.5925
48.7164
37.3968
42.559
54.8383
37.4047
43.1474
44.4287
39.4762
38.9327
38.3077
49.8952
37.5351
46.8821
48.4817
37.201
56.665
53.3662
49.9304
51.6478
37.3662
41.9615
50.9787
46.4886
55.1012
42.7753
43.0067
49.1447
49.4445
47.8747
40.2925
43.7183
37.1908
43.1086
47.3093
45.6761
39.6329
39.6531
41.654
44.0723
38.0328
46.1343
36.5019
44.5656
47.3854
37.8292
42.0404
42.9977
37.5741
36.3727
44.3735
43.2372
45.5056
39.7779
41.9879
40.1603
40.176
42.6926
40.9476
49.4034
38.6351
39.4493
36.2549
46.7827
43.9266
40.9899
43.6174
39.5653
46.9148
45.5724
44.6539
42.317
41.3503
40.6394
35.5365
57.5831
49.591
43.1995
56.1266
35.4945
56.7582
57.9433
35.9086
57.0388
50.8091
45.4362
35.5801
50.7009
32.989
36.327
52.5967
36.0013
40.563
39.066
41.7436
43.0806
35.0539
43.9434
38.3332
43.7925
47.1638
42.1093
41.353
40.2082
50.5342
49.0803
48.3008
36.7512
38.1109
41.0448
39.9549
40.9454
36.3787
40.2403
57.7149
41.7344
35.8655
40.0052
44.0965
37.7687
59.9195
38.812
44.2072
49.6488
39.948
41.6766
48.2801
46.4175
41.2147
50.515
84.1539
33.5126
43.0517
40.1326
49.45
41.7885
54.4253
40.0644
56.0121
40.6862
48.3908
37.5738
48.7115
41.572
40.6544
52.9509
64.9157
43.8396
39.9033
39.6738
49.0568
37.4205
45.9544
49.9864
41.2913
59.5267
34.6762
38.9945
37.1569
40.158
45.772
43.781
43.4205
33.6657
39.5478
46.6874
46.7763
41.3886
40.8296
50.5585
40.8182
39.7031
50.3555
48.5799
43.4815
49.6722
55.2755
41.6394
42.1566
36.4232
46.0351
40.8339
46.691
40.9198
51.6498
41.4276
44.6944
38.3235
39.7125
46.3406
36.0185
44.0822
45.0924
44.0925
35.6085
41.5607
39.9447
38.364
34.5782
44.6141
55.5066
50.6022
43.8856
53.0865
39.2284
43.7262
41.1811
43.6638
55.2994
39.4974
42.2187
40.5279
44.1345
44.6114
44.0552
38.2354
43.7647
38.3852
42.3082
45.0616
54.246
40.7251
30.9052
53.1605
40.405
43.0279
46.4568
43.6575
47.7556
42.2318
43.9802
55.7494
46.2444
45.0273
53.6086
40.422
37.2614
41.9619
50.9974
37.8208
37.7844
39.1462
41.1843
44.8905
39.7494
43.7707
33.686
44.5922
43.0743
38.6835
46.4527
42.9215
46.9234
35.9283
53.9759
51.7788
38.0432
42.4422
37.0618
55.3779
41.2316
40.6564
48.93
48.29
36.0727
45.3749
48.0162
39.5675
40.8082
52.7945
43.0133
41.3146
56.5903
35.1444
37.3725
42.9683
54.0499
37.7954
40.8802
46.2822
39.433
47.7223
40.1602
37.8868
46.0205
35.3528
41.4169
39.5463
46.7204
37.2332
44.4927
41.149
53.2877
48.0548
37.5289
38.7853
51.9674
49.3863
46.4583
40.0743
40.5817
33.2264
48.584
41.1593
52.6934
41.3427
41.2536
36.6844
54.5152
39.4358
33.2741
43.3825
43.0047
47.9985
45.9855
48.4226
51.9061
46.5113
40.7783
40.1914
40.4659
42.6779
49.1003
45.6729
36.0372
36.8591
36.2833
46.1971
37.0663
40.8067
52.4857
42.0669
35.6898
52.1245
39.8685
43.3104
36.3043
38.0479
45.7137
42.7507
46.1358
40.433
38.7002
57.1067
50.6921
43.072
37.178
41.4194
51.5665
47.4307
40.1182
41.6969
42.821
48.4793
39.3888
48.5833
36.8372
38.9943
39.1415
37.9787
35.9992
40.776
51.7812
45.5206
44.4588
61.3471
54.7721
38.2069
42.0882
53.6135
43.9637
50.1118
40.1564
40.7397
45.6734
44.3271
41.6466
42.3049
43.4916
43.4792
43.3857
44.9148
39.501
47.8744
41.8366
45.9587
39.0975
48.9108
42.9726
43.2628
44.0789
42.6463
55.3195
42.9182
39.1848
44.2789
70.1477
44.545
45.3948
49.7707
43.7004
45.9795
38.5913
37.8899
39.1813
41.8538
44.8474
37.8076
43.4611
35.8815
39.9018
43.2973
37.4943
59.2256
36.2758
41.8841
35.0497
65.2448
47.6186
34.7257
40.9026
44.7419
53.2375
35.7142
43.1308
38.9959
44.0377
53.9869
38.3222
42.4224
39.3023
39.5682
36.3236
40.217
37.2868
45.8179
40.0191
44.7446
35.9307
50.826
38.231
33.9701
47.2395
49.4411
40.8394
43.1986
56.6073
36.0289
45.3492
44.8738
41.2441
42.3712
39.5953
41.9487
42.1209
40.153
39.6275
65.6744
46.1571
40.8278
62.1728
38.3732
37.7065
43.4821
44.0555
40.3145
47.7557
50.6241
50.6766
37.7093
38.7052
38.6051
38.4157
49.4418
34.4267
42.2275
54.5286
34.7608
43.5414
41.4793
36.7753
52.1787
49.1228
51.2978
48.7903
42.2965
51.213
42.6532
56.822
42.0763
48.367
48.0356
44.3772
44.0913
35.0578
45.1572
41.5367
43.4845
42.2608
48.4801
38.1026
56.8991
38.174
37.2134
57.1868
40.1164
38.6566
44.2216
38.696
39.8148
40.7278
39.1172
70.6713
44.6696
40.1769
44.6539
36.0371
51.4517
46.8436
41.1254
44.3896
38.2978
41.9323
39.827
38.2452
38.8049
44.723
45.1474
43.6892
41.9429
36.7136
41.8992
38.5503
40.6151
41.0978
55.7498
38.7913
43.9672
56.3102
45.771
49.5937
57.5911
41.9421
59.7995
41.3157
40.9941
41.0374
42.0661
38.7006
39.8123
35.632
38.4465
42.5214
37.9927
38.7033
42.5328
54.5856
40.529
39.0411
41.3154
41.0774
35.494
38.6768
61.5854
80.5689
31.925
52.662
41.9593
41.8588
49.7626
42.1367
56.1466
37.6129
40.5378
40.5334
45.957
41.6518
51.8303
43.1751
45.84
39.6126
40.5674
39.6795
44.3699
55.5733
46.5813
37.7402
37.1816
44.3296
37.0378
47.783
41.1275
47.1677
39.8574
34.6083
51.0685
47.7172
52.3736
40.0798
54.3854
54.7889
37.3997
45.4515
41.9454
41.7192
34.2007
41.5971
40.455
49.5963
35.9164
38.5522
45.0669
39.2909
46.6821
46.3573
38.3824
42.5839
55.2195
36.0072
41.7415
39.5376
56.8685
52.774
39.3299
49.5298
40.2684
42.2027
45.7535
53.3402
52.3044
37.1176
51.116
54.2327
40.2333
40.7165
42.6736
36.1182
69.7675
44.4625
36.2831
40.6562
43.9908
42.4329
40.9289
46.7631
40.5436
40.3807
43.6824
35.8673
67.2989
50.2063
46.5018
35.9257
45.0519
35.1209
41.5722
38.215
43.4542
39.4521
40.4337
38.959
40.7325
43.4193
69.1769
51.9761
45.5396
33.8995
46.5008
42.7154
40.9889
43.4514
43.4612
39.4971
47.2471
41.1205
51.5311
41.3814
38.797
52.429
56.0021
46.4678
35.593
37.5444
48.7554
40.5049
40.0368
50.6217
44.2551
39.4825
51.8811
49.8425
39.2251
49.2891
32.5307
43.0067
47.419
42.8995
38.2331
49.0258
41.3454
51.013
41.897
53.6431
49.0485
46.8632
43.6313
43.5546
50.5896
44.5814
33.3253
38.4289
53.0763
45.889
48.6514
48.4126
43.5705
51.8092
47.6395
39.7938
46.5011
41.401
43.8416
46.947
34.4787
46.3954
45.5334
47.4308
40.833
41.0945
43.5152
42.4998
38.2406
43.2882
40.04
37.3993
37.7487
51.3134
47.219
42.7281
40.8278
44.6811
43.6453
43.1655
48.9529
46.2145
49.3175
42.3279
41.2399
35.6946
47.1249
42.3012
47.3422
37.3035
43.8781
51.3678
36.5584
43.8048
56.1223
40.0989
44.0428
58.0694
52.5425
38.0513
44.834
40.4083
36.3949
58.8513
41.6188
63.4969
49.3596
41.9181
45.7874
41.6474
47.0278
46.926
45.0044
37.4219
48.3452
42.1271
41.9274
39.2346
50.9457
38.9
38.5389
36.3838
44.9965
36.8973
57.5253
48.9369
55.2001
37.8082
37.9756
37.7503
44.2066
52.9016
44.9727
42.9865
38.3244
37.7112
32.6114
45.953
40.9917
38.4942
51.644
41.2371
38.1199
44.219
45.2144
38.0232
39.5425
50.4964
38.6099
51.879
35.521
36.7653
46.5327
41.0956
50.2578
40.6774
42.7968
41.3122
43.8633
46.7788
46.0317
49.7524
43.9586
49.0007
39.5694
40.8886
39.6937
43.0127
44.4692
34.768
43.689
38.1972
37.2208
50.1443
36.4513
40.7484
45.4949
40.5386
35.1247
40.9484
53.254
44.4209
45.6119
41.9274
38.4953
34.8621
52.0209
33.2075
53.8759
43.5833
48.958
47.7383
37.4984
40.9639
40.5812
45.9546
49.0239
36.9435
38.9853
45.8445
45.8154
49.7382
40.0921
42.7872
38.8521
57.1066
42.2993
40.6287
39.4965
46.8886
44.7876
54.2501
41.9929
47.7424
45.2104
40.546
44.4829
52.2359
59.0004
39.7251
45.5927
48.675
39.8597
50.3213
38.249
39.4875
36.697
37.5825
38.5335
51.322
43.8129
39.7628
48.2058
40.3356
44.0832
54.7301
39.6681
42.4761
51.7756
47.665
36.8628
38.7554
47.5255
36.3459
40.9301
45.1104
58.3835
52.5981
42.4876
37.9062
36.7493
51.6462
45.275
36.7085
48.0206
41.8644
39.1869
40.3014
36.4727
45.1395
45.1387
39.6279
44.6917
46.1809
41.1249
41.9093
39.9303
40.5777
43.983
41.4689
42.8717
37.8855
35.6037
40.1326
49.4886
39.2551
46.7706
48.4887
57.5425
42.5567
47.3354
42.0061
41.3815
43.4197
38.1146
43.2854
47.7437
48.0269
43.3825
39.2623
48.0233
49.3891
34.2969
37.7792
46.8234
44.3973
38.6786
41.0916
43.6459
41.9468
44.6288
40.604
40.0583
41.4724
42.7273
40.8457
45.4148
40.0198
37.8804
43.0762
56.8952
44.5377
38.1868
35.6035
43.0385
37.8479
40.8969
38.3352
40.9582
38.0954
44.1358
41.7184
43.9565
54.5024
39.858
34.8533
44.7173
53.0193
46.4075
48.9697
47.3621
48.2185
36.4058
58.0084
43.9551
42.8818
42.1389
48.3996
40.1046
41.6613
38.5784
36.1749
59.7863
42.0539
44.6823
46.9102
35.7182
43.3871
48.7395
35.6445
40.2065
40.2675
36.7432
50.4844
36.603
50.5784
33.052
51.0791
43.4248
39.5667
36.4722
49.9744
40.0833
43.3154
64.1185
44.7836
44.176
42.9959
46.1712
48.9673
44.4425
35.3996
46.1742
36.5719
35.827
40.6296
49.1265
48.3553
52.2671
36.7211
40.0066
41.2133
43.465
43.0706
33.6091
38.6434
44.7608
47.6518
39.0253
39.3151
40.6284
52.6632
44.0017
43.7761
53.7448
41.0324
37.0948
37.1019
39.683
31.5264
36.2352
54.059
46.6314
54.5338
39.2686
47.2801
37.7219
45.442
41.154
46.4965
45.9049
39.5551
42.3016
44.5979
47.9234
62.2363
44.0591
41.1733
48.5651
44.4209
40.7834
45.221
47.7427
62.3921
40.289
39.0304
39.449
53.7717
44.9189
55.1259
46.1263
46.2937
41.379
46.9354
41.9373
57.6419
39.816
43.6058
43.8865
41.8189
48.5588
48.1365
44.7857
46.2844
40.3342
37.697
45.791
40.2318
50.9018
59.288
58.2731
55.478
34.2527
41.5258
42.4977
37.9215
43.5748
45.5371
38.3633
45.3558
42.3859
36.0554
39.7966
37.4922
36.3155
32.9328
58.1605
40.6311
42.6746
37.3468
57.7488
44.6655
43.7041
42.7194
36.1782
47.6651
37.0459
42.334
49.4668
41.7126
46.4369
43.5253
38.0361
54.1418
36.7011
50.3574
44.3963
41.0568
33.8933
44.0823
37.5724
36.0179
49.504
37.4571
39.7435
40.7549
47.1075
38.7825
39.4686
38.0971
40.7487
55.8331
34.6141
41.6971
47.5519
39.8134
38.9783
51.0116
45.3244
41.4235
46.184
41.5138
45.7328
39.9296
38.6358
42.2977
42.491
45.566
44.5476
37.9536
37.6896
38.6181
40.2151
38.5506
53.9937
37.8232
47.2895
44.0319
41.3549
47.0152
43.569
37.4356
45.1164
46.673
45.0937
42.6053
39.2871
43.1992
48.2587
47.3008
43.4883
38.8877
40.6946
39.035
44.5309
38.1097
40.6824
41.5695
46.0226
53.1206
43.508
53.4377
39.684
39.949
51.6081
45.8619
39.8279
33.8655
42.1762
38.1852
44.6743
47.3803
41.3658
41.5976
34.3546
54.2414
38.8378
56.6295
34.4343
53.7023
59.7737
47.4926
43.767
50.7477
38.2025
45.7425
39.929
41.2707
42.6009
39.5501
35.2275
37.8488
36.9922
42.8376
39.3433
47.6453
39.7906
48.7335
38.9057
64.1457
36.1472
38.724
36.0477
37.056
48.8998
42.696
44.6945
41.3901
42.8823
46.7554
46.3044
42.7578
40.7353
43.5543
37.9697
48.56
50.7918
39.2895
48.5465
37.714
33.4729
42.9606
44.6103
40.2873
38.8314
46.6345
39.8152
42.362
44.4728
43.6431
47.1959
39.1664
41.5462
46.7523
40.4038
35.8589
51.0086
36.7441
41.0618
44.29
49.6149
44.9115
49.3319
44.3628
38.998
38.9344
38.6032
43.9491
44.248
36.1385
55.1819
44.9046
43.997
43.5037
42.6375
40.4561
38.2854
48.3792
55.9584
46.1437
50.1618
35.8064
44.5486
41.3087
46.343
47.6498
36.1901
47.3147
44.4558
48.214
53.4923
42.7456
39.1559
41.898
43.4548
38.8006
49.6921
46.8854
39.6652
44.6526
42.0595
42.5487
34.6249
44.3879
40.3097
41.8919
41.8597
44.9488
47.1682
37.1212
44.1768
48.0635
41.9542
48.8299
40.4634
58.5055
42.6669
41.6923
37.7385
53.5659
48.9999
41.0317
40.2355
43.0146
37.7633
43.1156
35.3564
35.0816
53.0765
47.7717
49.6842
38.9252
37.7982
42.3683
36.7658
45.9355
38.8003
37.7606
36.4526
45.1032
35.3413
44.867
45.5313
45.3912
53.2212
41.0969
43.0508
42.2497
47.1175
39.997
59.3109
58.2348
43.3493
31.6635
45.4238
40.1124
43.7162
36.6656
58.4485
55.8954
44.4491
55.5643
36.9247
35.0804
46.2346
44.897
40.9563
41.9326
51.0722
40.5273
41.3181
45.1652
42.407
44.1146
46.336
39.3568
39.3296
51.6604
44.8734
47.0439
49.2971
39.5003
45.0427
37.4348
49.3366
51.762
46.8987
40.8005
43.1125
44.6939
45.5082
43.1063
46.0112
44.3744
39.1132
39.1112
41.0476
36.7973
36.0658
39.4249
48.3169
56.7154
55.1919
37.3781
49.7238
54.4847
46.2132
41.1197
40.3062
47.6986
36.2694
48.1883
39.5018
48.7369
45.8193
37.8625
53.6993
41.3287
45.455
42.8381
46.2144
46.5467
39.614
41.1312
37.5211
45.1887
35.1099
41.03
42.6493
39.467
41.7533
36.3852
47.8407
45.1361
44.514
43.0173
37.8478
45.5893
33.2924
39.2567
44.2709
42.5594
48.1343
43.8509
40.3915
39.9809
39.5521
51.3103
42.7774
55.0882
36.747
54.664
48.7762
41.3264
42.8102
38.9236
38.026
44.2172
45.69
53.1917
46.1918
40.193
42.6687
40.6746
49.6431
35.0443
44.1021
39.5568
38.1843
45.6056
47.6467
45.1215
44.5673
48.1852
41.9118
55.9064
42.6102
44.2886
51.4319
43.6242
51.8229
39.5062
39.0498
63.6377
40.6412
39.8466
35.8393
38.909
41.1431
50.8823
38.6819
45.4267
43.6472
46.2805
43.3619
53.5205
37.1
44.0789
45.7978
43.9355
46.1803
50.6058
41.736
37.2173
36.0648
40.3135
38.2248
43.4758
49.6625
36.1656
50.743
37.0986
47.5213
44.7238
36.3695
46.8992
52.4463
35.8509
32.4038
35.6103
41.7078
43.6009
47.885
53.4604
46.0267
42.0736
39.9451
62.5056
37.0723
40.1034
40.757
51.2016
37.3568
34.615
37.1342
38.5803
40.2374
38.7915
49.1398
47.1186
33.9604
38.0788
43.3282
52.4034
42.5168
39.1452
51.2902
53.0994
42.5947
41.0963
42.3406
49.2846
38.523
38.0774
40.8026
47.7476
41.4019
42.7071
33.7862
45.1127
38.5341
37.9885
46.1829
42.8846
37.4919
42.6065
39.8584
47.4975
47.687
42.1178
53.5434
42.4195
39.0961
51.5066
41.4409
50.6968
40.5211
48.9819
42.4118
40.4954
33.4625
42.9736
45.1555
52.7505
49.3377
44.7683
56.8614
47.2659
36.9724
50.1566
50.829
49.1458
41.0228
54.8616
42.9769
42.7036
37.0981
54.9853
44.7292
48.8668
40.1603
42.3121
53.631
46.1389
41.4886
38.8188
45.3272
38.5455
35.3998
39.3172
40.8513
50.0759
50.2997
39.0641
40.6375
39.8897
41.1567
46.9224
42.4438
57.0447
47.9199
36.2755
42.8337
40.7815
36.7937
40.2124
43.9287
45.7327
52.2962
39.6195
37.0852
38.2617
48.8174
40.0329
42.6796
43.6086
40.4725
43.1191
49.226
43.2961
41.5062
51.8908
40.4872
55.3328
52.055
39.0536
59.0319
42.0901
35.7496
35.2958
31.1418
35.7931
50.099
39.5759
44.9326
36.709
41.0794
35.1088
52.5041
46.4407
48.3991
44.3235
42.0284
47.4981
48.0206
40.3876
50.3372
54.2802
40.5683
40.4987
41.56
44.8213
45.0033
42.1609
46.1741
44.0045
40.5816
43.7992
54.1131
48.2288
38.4217
40.3994
41.3014
34.139
61.9907
39.3427
34.3399
44.5419
42.0742
40.8481
37.6413
48.1456
49.5064
42.3277
40.0363
53.8323
49.8773
43.721
43.0112
52.4968
39.0455
55.1331
39.9362
51.5911
46.9954
55.152
38.3277
48.5961
43.8886
43.8537
42.2482
35.2358
49.134
38.1386
58.3674
44.1016
48.9131
47.2638
40.133
39.0239
41.2264
33.9118
61.7855
39.7586
40.7989
46.199
46.9795
54.9446
43.8895
38.0901
37.8631
40.8415
34.2083
46.5555
43.8945
45.6213
52.766
36.9883
49.626
52.5899
42.6379
50.2875
43.685
46.4968
42.4962
40.3814
37.7441
45.0418
41.2047
47.566
50.1422
39.7241
34.9337
52.3182
47.0823
41.9956
41.0518
39.7854
57.3426
40.2494
44.3334
41.8619
44.5891
34.1061
43.7511
37.6348
37.6371
44.8905
51.7669
44.0571
38.7558
46.6628
38.1617
39.1752
33.9103
37.6089
48.5473
60.2209
38.3804
37.1759
46.6463
44.0788
44.8767
39.6506
42.3571
42.4749
42.4221
40.2733
32.9963
48.9745
43.0656
42.5949
54.1397
48.9108
41.2452
38.7177
44.6326
37.9483
47.0095
40.9234
58.483
38.1143
39.3298
45.0574
36.4193
45.5501
37.3261
40.6418
47.6803
52.0085
40.8897
47.908
41.4358
43.0615
44.5353
60.5091
40.2885
39.157
53.7461
49.828
39.1131
42.0763
47.7397
36.5515
44.5715
41.3857
40.6405
44.0126
38.0536
40.2402
46.0706
37.3152
40.7793
47.0772
37.5678
42.2091
44.9902
40.115
48.5847
42.2777
36.0995
44.6843
36.5558
40.0042
45.4085
39.4427
35.0808
35.9528
45.065
43.4496
38.428
45.2082
52.4592
43.8232
35.771
41.9631
47.5362
37.3103
44.5271
36.9343
42.6847
54.9499
54.8377
38.3431
41.7753
44.3279
37.7944
44.8083
46.8718
37.7208
36.966
46.3516
46.8344
43.3986
48.4846
42.3738
40.832
38.1932
45.9724
40.8247
49.7354
36.3604
46.2559
42.1939
43.4035
56.6004
36.9467
38.5873
37.879
52.5167
43.2496
44.1318
46.7722
44.8688
37.7575
43.2012
47.1866
47.3678
43.6108
36.5187
39.3137
39.4737
37.3492
43.8329
43.4155
54.7091
44.8129
37.4936
44.7909
47.3292
46.104
39.4648
46.378
32.1173
38.3247
42.4927
46.19
37.9175
41.4135
38.737
41.3413
40.8939
41.0205
43.8848
36.7154
41.7541
37.2619
38.309
44.4689
42.6869
34.9105
43.6222
39.6392
47.0019
39.9139
46.418
42.2279
44.4603
38.4263
35.4844
51.9993
42.4002
48.8913
34.8578
36.9711
40.9542
37.2556
51.4992
47.4002
52.7785
47.4683
45.2948
43.4484
37.2403
59.826
39.9691
37.0121
41.2011
42.8696
46.821
38.1867
40.0636
53.2323
60.2654
39.9366
43.9125
37.5999
36.8295
46.0045
47.2887
46.9746
44.6082
43.8881
42.3475
39.5636
40.1339
45.9792
52.5254
44.6109
69.8263
43.3327
52.4359
45.428
41.6821
36.5007
49.1908
45.7556
42.8573
49.61
37.7155
44.8766
49.8487
49.6291
51.162
37.5005
37.2321
36.611
42.3022
39.8069
45.1431
38.5592
35.0562
42.6407
40.9651
46.6779
44.2763
55.6084
42.0987
46.5463
48.1172
37.6826
54.2226
38.2311
35.1983
37.9356
42.907
37.9162
43.5474
46.366
46.2377
44.0575
34.6329
52.2679
38.6924
41.367
45.422
49.5197
48.2308
45.0421
37.5097
39.4625
36.9616
38.2098
38.1267
51.5362
46.192
42.3297
51.8347
44.7075
48.9065
39.7948
45.1396
53.2924
49.5175
45.5051
47.4005
46.0824
44.0684
36.8583
51.2255
33.3051
35.8914
49.5157
46.6201
64.6662
43.3506
39.5618
40.4805
38.9066
46.6666
41.1319
40.8288
41.7149
58.6491
43.3052
61.7023
39.6975
49.5177
40.3299
40.5434
41.8007
37.7671
47.4104
40.8781
57.4099
35.7871
54.8136
41.4418
35.8491
40.4296
36.7483
43.3242
47.3864
41.2727
44.3551
46.3575
40.0904
37.7547
46.8457
44.2595
39.5179
55.8334
54.245
41.3177
48.3721
41.8638
49.7085
43.7089
49.519
50.1679
56.7162
52.3551
42.9899
49.5052
39.9865
41.2047
41.1493
45.5574
49.7907
40.3065
59.7137
40.4585
44.3805
38.559
42.3102
44.2518
38.7709
40.5011
44.8676
43.663
59.908
42.5292
38.4853
39.6584
42.9866
50.0954
46.6775
40.0085
39.9864
42.3383
48.0911
44.5393
44.429
43.949
37.2188
42.3346
35.1703
43.9705
46.1174
48.3458
52.2164
47.263
62.9052
41.1281
53.5003
47.4658
55.232
49.8481
50.4757
49.9994
36.6962
39.6486
45.8213
44.1768
35.3628
41.0627
41.6963
44.2429
42.5028
42.4364
45.1371
37.2818
38.8685
38.7921
50.3358
44.0373
36.8882
50.0248
35.3326
37.4732
40.0072
43.0118
47.6031
33.5025
46.0635
66.525
33.3081
37.4272
42.4631
41.6688
36.0212
51.4305
42.4255
59.6599
39.8723
37.119
52.0806
49.5935
40.49
35.1166
52.0381
49.5993
45.6936
40.6228
36.3315
49.2133
45.6065
48.9636
40.122
49.2619
46.2559
61.7473
54.0512
54.2021
37.4267
43.3652
34.1638
38.4356
41.4262
46.2239
34.8402
38.8344
45.5271
47.3391
45.928
42.656
37.9272
35.9024
47.9544
46.3184
33.8856
40.3555
45.1531
45.4728
46.7659
51.1506
37.1332
37.4867
44.3779
50.3246
56.4945
44.7825
37.9114
41.519
45.9134
57.9978
35.9096
41.9114
33.419
39.4457
43.6005
46.0989
39.7549
45.0794
34.3207
38.7286
47.0264
45.7891
51.5354
39.7629
36.5628
44.3974
43.6224
38.6718
52.2265
46.7627
44.5089
52.5125
37.9746
44.2935
51.5212
46.1344
48.6444
40.6878
55.1727
47.6798
39.2698
43.848
44.3705
42.744
45.7396
40.6763
45.1996
39.6081
42.392
37.6127
38.1442
43.5321
52.3579
34.7689
41.9256
38.6026
41.9283
45.8746
44.9557
44.3558
45.755
42.7441
43.2988
39.8984
42.2126
46.9201
38.9648
47.0749
61.0515
41.4006
56.7657
42.7741
39.2992
54.0422
45.0881
45.5356
39.7259
39.6888
48.9434
38.6173
53.8201
45.7604
37.5349
46.8579
43.0709
48.4086
34.9486
39.5006
36.0071
44.965
48.0876
37.7537
51.7495
41.5783
42.6741
38.1687
38.1773
42.6649
36.9876
44.0572
46.4665
44.5087
45.6936
33.8185
42.4153
41.2962
39.9729
38.8349
45.8627
46.7291
49.6923
47.5508
46.9942
41.7692
49.0554
40.6072
44.2698
45.5738
44.351
35.4869
43.7166
48.0662
41.4817
41.44
40.2489
45.9996
41.8742
39.3202
40.8773
44.344
42.7915
60.1304
48.808
36.4225
43.5269
32.768
43.6104
47.4601
44.227
46.7485
48.0897
44.8246
41.6971
40.2098
36.0483
47.018
36.4827
40.73
43.9073
44.9189
45.1192
37.4822
35.302
46.6243
35.4752
42.2705
33.9624
40.0715
47.6455
45.6059
40.7354
39.3534
51.7846
42.4717
42.1483
47.748
36.4661
50.5739
40.1656
41.5143
36.8287
39.3504
42.9249
41.5968
40.7762
42.0262
62.5525
46.669
40.9137
40.4344
43.801
46.4533
38.2043
35.5298
34.6142
44.7183
35.055
33.9079
40.3449
43.791
44.0869
40.1176
39.2747
47.8684
44.0738
38.6506
44.7142
42.7779
44.4807
36.61
42.9909
37.4433
38.8101
39.5544
39.6937
34.9947
44.6355
45.9293
46.4569
39.2674
36.6497
50.3518
42.2916
46.4556
41.6399
50.8293
56.6441
39.401
40.4927
39.2318
42.4108
55.2657
45.4091
41.2673
42.7526
40.4091
57.8415
37.5298
42.1616
44.4595
40.948
55.4318
40.3885
35.8631
42.1659
38.9848
44.6687
46.4891
44.3142
64.025
42.9589
47.0472
48.868
50.2932
39.1589
42.3926
46.4447
48.9092
56.3631
42.6756
42.3548
52.3898
53.0588
42.8407
36.2938
38.1352
37.5312
44.9812
37.8302
59.571
43.4347
43.7595
47.0238
50.7022
42.2348
35.9833
42.3069
50.3176
47.2929
46.7145
47.0339
43.7393
42.2739
42.1003
45.9872
36.512
43.9711
36.1055
39.4389
38.782
61.4632
51.3493
41.4747
42.5111
61.8395
49.8413
44.7398
46.0827
43.6619
38.2219
49.8537
49.9487
42.5787
44.6461
39.6011
36.6977
34.2376
36.4077
43.7998
44.8505
37.8383
38.8183
40.7257
40.7814
38.129
55.1875
44.3639
46.2472
36.658
39.3289
44.175
40.6829
56.2795
38.4751
46.6086
42.5585
41.2377
45.6554
35.4319
36.6338
45.7244
44.5788
46.04
35.9989
35.9775
50.3535
44.3637
47.9258
39.9593
46.2112
49.1075
53.8964
45.1539
38.6154
39.7294
45.0572
39.4607
36.6737
46.3769
38.7305
53.4116
40.5365
34.1744
33.9891
51.7392
41.1805
46.3341
56.2258
41.2992
47.6481
55.1739
52.2957
44.1564
49.5436
52.5544
38.7804
46.0185
47.4909
35.6347
42.0598
38.1798
40.4554
52.3819
49.1999
41.0337
42.9686
37.3382
35.8488
51.8399
50.3657
39.5229
45.7342
42.6216
44.4478
37.9083
43.9021
48.1628
38.1369
53.8376
40.4169
40.042
39.4129
35.647
41.3999
45.1049
46.1748
50.0096
54.9424
43.8547
49.7252
47.4772
40.5364
42.265
38.405
41.4347
47.5016
49.531
49.4584
42.072
46.8157
48.7555
39.2183
46.6533
36.7997
51.0439
38.5525
36.5997
35.298
40.3167
42.9662
46.5808
31.8716
44.3472
37.8079
48.6182
39.2856
42.2278
36.6101
35.4745
44.3329
49.8926
37.0283
43.3474
39.0807
43.1499
42.9932
42.3859
42.3326
45.2386
55.8343
41.7974
42.8411
45.657
42.2157
39.4187
47.4117
42.205
36.7195
34.7145
37.4588
44.7415
42.7925
36.466
38.6472
50.0699
35.9695
46.6428
44.6273
38.2933
59.2196
62.2058
35.5458
61.5189
46.3231
40.4353
38.9319
51.686
40.6937
36.5398
35.3448
41.5131
51.6302
47.2093
36.028
39.9542
50.1941
52.8331
48.3037
44.9662
41.8706
45.4784
34.9207
38.3411
36.1695
40.6426
42.5079
37.569
45.4986
52.6383
48.657
55.9183
43.5998
38.1003
43.5322
38.1321
41.3212
45.0966
43.7049
62.2846
46.6747
59.2552
41.0252
50.5014
53.1656
34.6231
40.5584
37.9101
43.3266
35.5121
41.9948
43.7905
47.1652
51.2724
35.9541
68.3984
49.7779
39.9467
37.1905
38.4651
45.6372
44.9449
42.1572
32.6573
44.2572
44.6346
45.484
34.2442
47.2263
50.4215
44.7216
40.9077
47.4266
49.091
44.4395
42.5669
45.6281
42.6911
36.8812
49.6086
50.8858
46.489
43.0182
41.588
39.9451
35.3151
44.8397
41.4385
46.5978
39.6877
39.5736
37.9473
41.8044
41.5258
43.8146
39.7861
41.713
37.3312
40.5882
36.7281
49.1238
46.0323
56.111
45.2026
38.4728
49.672
41.2217
40.0991
38.7011
39.4774
55.8423
34.47
46.4441
55.0313
36.5072
43.984
46.916
40.2985
48.7119
39.6722
46.5053
43.0596
48.6006
47.1663
40.5213
56.781
49.8566
39.1941
42.2194
43.0618
43.3172
48.0847
64.3072
47.6271
52.8036
36.7545
50.0684
41.6746
47.0448
38.6632
50.421
43.6452
53.953
47.8561
38.4965
45.2868
47.4552
48.3851
41.803
36.4384
43.9743
38.2071
46.5633
47.0112
56.0156
50.7802
47.8571
47.7405
39.3266
44.4075
46.4681
35.6433
62.1527
44.5872
43.0008
40.9703
45.8711
52.828
53.5305
42.9709
45.7595
42.0192
41.5333
33.956
44.0421
52.0264
39.2795
34.6953
41.6599
42.7119
51.7039
43.3897
40.6753
41.4219
42.7465
44.5652
45.4033
56.1638
38.4163
50.5586
36.003
45.3175
52.8745
39.6112
43.5006
39.4825
65.8705
41.4522
41.3075
49.7309
44.4037
48.5873
35.7129
39.6147
44.2497
61.0524
44.2327
42.3141
47.3394
49.0612
53.2263
45.5916
49.6159
37.7446
44.8357
41.9904
37.6395
42.7733
47.1351
47.2588
43.5313
46.139
47.3502
37.6345
39.3072
41.4296
40.7401
50.0119
32.0502
51.6726
36.0522
34.1007
37.4363
41.6358
45.2883
37.7394
38.3997
41.5531
41.9397
55.5605
44.955
47.0911
53.5717
46.6033
52.9511
42.6825
48.4806
47.145
38.9897
46.7415
43.5414
46.8405
47.2848
44.7276
39.404
42.3737
44.7157
43.6159
61.6282
51.147
45.8624
43.0244
36.3918
42.4392
39.9485
34.6699
39.2269
54.6593
44.4307
44.1108
46.0898
46.6045
56.6557
48.3523
38.1407
49.5594
46.1634
44.1086
47.9054
37.5162
50.6203
38.5723
42.4925
38.4313
49.0742
47.7299
52.6259
45.1025
40.8498
51.9026
50.1869
47.1714
43.3504
42.3959
38.6823
40.0208
47.8081
53.8525
58.3315
38.0367
48.2181
37.1691
45.3008
40.818
42.9576
37.955
37.7597
39.7799
37.5838
42.9498
35.6917
36.4088
44.1291
34.8763
50.2351
42.7108
41.47
37.4495
39.3488
49.301
45.1943
42.4776
32.3392
43.7864
44.6155
49.3344
36.8724
50.765
37.5811
58.64
46.2711
48.6152
48.7759
43.378
34.05
40.4927
44.2329
42.0104
35.2864
37.8463
44.2974
57.069
53.3894
44.4361
52.2366
44.3193
43.6531
43.816
41.9339
43.5237
42.5444
40.9261
45.7369
39.8817
53.028
43.4453
39.1854
39.7951
39.656
44.7589
35.2069
44.6722
48.1
46.0057
38.5831
43.2123
37.4132
46.4657
41.8396
40.6418
40.2681
40.522
36.7177
42.312
39.7987
44.1066
47.1894
43.6838
41.548
38.4627
46.7562
43.2984
43.7747
43.1134
37.0656
41.7271
41.2897
46.92
36.2406
42.943
52.3201
68.6132
46.2094
46.9869
35.7199
40.1256
46.9748
36.7928
38.1184
36.9799
39.8857
37.5895
34.9674
44.6136
37.6724
39.6567
65.1285
36.4346
40.2906
41.4951
46.5332
39.6983
37.464
43.2831
36.8655
49.9796
42.4555
50.2663
37.93
41.9977
58.6962
41.387
42.8296
43.0615
40.6127
45.956
48.3294
45.8777
42.5317
36.4386
44.2735
36.453
34.7325
51.8211
47.4192
38.86
38.2197
42.391
42.1372
45.497
41.7126
46.9909
40.1668
34.3995
42.7841
40.0164
42.9436
41.2966
37.4438
41.3329
35.5339
50.2504
49.8656
41.3616
43.3214
46.1282
41.9073
39.6131
45.0977
42.7925
41.0644
54.3345
43.9088
37.0392
51.7849
35.3706
34.6772
42.6119
40.5416
45.7474
39.2892
58.792
66.3239
41.9535
38.6498
41.5373
37.8769
39.18
57.301
41.1242
50.6292
50.6843
34.9121
48.2711
40.3545
42.8044
46.8959
36.5573
63.6578
55.1821
41.1051
45.7131
40.04
34.3615
37.7336
67.6518
44.5469
38.6502
49.6386
44.1718
34.3086
40.6644
46.1754
32.2329
43.7675
38.9262
59.6798
36.2684
43.5387
39.3377
51.01
51.4466
45.0157
49.5142
47.1449
52.4233
41.4464
38.3318
46.9064
41.0298
37.4003
38.5261
42.5814
37.3607
51.5672
37.4814
40.8754
45.2928
34.9519
38.3522
35.0433
43.8261
34.9729
44.2448
40.2579
35.3181
42.4208
44.8629
43.7786
39.0778
46.305
42.9992
46.0486
41.8827
59.5872
45.8531
47.1574
35.9324
35.8041
45.1724
33.9005
61.351
67.3819
56.0207
41.3125
41.1385
40.2108
41.6343
40.257
43.1904
41.513
39.07
58.6068
38.4034
40.964
51.1726
47.1164
41.4593
41.3679
49.1273
46.9667
42.3578
49.6686
40.7698
47.7752
41.5018
42.2707
42.7373
42.5502
43.4036
38.0472
46.2524
44.8029
40.5309
36.8849
38.5742
45.6978
44.4046
39.596
34.9123
38.6129
43.4879
46.032
31.5596
43.3988
44.9302
48.527
42.0362
36.8307
36.3287
39.6351
43.1592
61.8189
38.6414
41.4677
49.1529
56.6954
42.4222
40.2865
46.0347
39.1809
40.1017
45.4016
62.9148
53.1088
44.1741
46.5453
45.637
44.2638
40.9863
33.846
37.6055
36.0269
35.1471
36.7968
55.5973
40.2118
40.8853
35.7715
53.6196
49.3942
60.9026
39.686
37.5424
43.8709
37.5355
41.8212
36.1148
38.9253
42.6279
40.2033
44.3806
48.3915
39.8033
50.498
40.3937
49.9171
44.3139
50.2879
56.6698
37.9649
40.7317
50.9271
50.6822
56.7596
52.1234
39.7393
40.5402
45.813
38.3517
35.9963
56.3631
52.4907
33.3364
54.2439
48.2991
39.211
55.1382
42.1492
36.5111
55.1744
44.8443
48.6031
44.0686
35.3156
47.5996
52.1233
65.9398
37.7605
35.7262
52.1429
38.7509
37.6445
41.0792
41.3875
49.7595
67.987
41.9192
53.0397
38.2696
34.3217
50.4536
49.2962
42.6992
44.5042
40.0309
41.7288
52.8587
50.8923
48.8918
41.9609
53.7007
40.4715
39.4869
64.8888
37.1022
49.2027
46.102
46.5729
42.1284
36.8158
41.1976
42.0617
45.8442
35.7794
43.1923
39.7297
37.9973
52.207
49.4637
45.1605
42.9834
38.4197
44.9237
44.95
37.8872
36.4111
43.2873
46.5935
48.0499
54.8359
47.1119
53.2759
39.9785
40.2416
42.1836
37.6783
43.4154
45.7689
46.6501
46.777
50.8557
52.4639
42.4692
48.4801
55.2389
39.5216
41.0544
41.3933
46.3102
40.2422
67.9813
45.7338
37.983
48.0647
63.0536
45.5322
35.9695
38.0793
36.1391
37.7653
48.1445
34.3902
40.4553
39.8026
41.6746
37.5877
61.9719
39.2251
48.3672
44.7297
34.7516
39.1964
44.6535
44.7566
37.4801
43.0112
39.5248
40.2012
45.099
43.7042
33.4323
46.1229
38.5359
34.2951
46.7113
38.9674
42.6653
58.9446
42.4323
40.6925
38.293
46.3435
42.4943
48.6684
40.2478
51.9384
35.0849
41.2681
43.6843
50.7278
47.0414
39.7154
39.8399
41.939
38.0697
39.0276
41.6687
36.4055
50.081
41.3498
55.8562
48.8612
41.3008
45.4395
47.133
42.9951
36.446
40.9735
38.0065
38.9632
54.6941
44.4909
40.7598
39.0944
37.5723
31.8334
38.7902
37.8885
45.2459
43.0744
43.576
44.2269
42.4967
39.2615
40.0771
34.8004
35.6802
47.3913
44.061
35.7647
40.2471
40.0077
44.7828
42.486
43.8728
44.7881
34.9536
43.167
41.0978
41.5371
46.0032
43.4226
43.7996
40.778
50.1651
36.5883
45.4348
44.4595
46.2988
38.7503
39.3509
36.0661
45.3447
44.4499
53.0915
35.871
43.3597
38.4792
44.879
40.9645
38.1991
37.5982
44.5596
52.3416
37.1253
45.7547
43.9006
41.0167
43.52
67.0864
44.1147
49.5589
53.0499
41.5111
36.8863
36.2724
48.7399
52.6107
47.3959
39.2056
51.0799
41.5349
42.3039
41.6952
37.1573
38.6442
42.4746
52.4085
38.531
50.8424
38.1064
34.8234
38.3258
44.5737
36.2539
41.9795
39.7027
43.2448
46.1352
42.4666
44.511
42.9977
39.7912
47.3551
42.3575
51.0035
53.5375
39.46
55.3992
40.7006
47.2745
44.0906
42.6145
44.0799
41.3344
39.0384
36.6496
49.5254
36.8927
42.9046
40.1428
38.4867
44.6523
39.2209
38.9838
40.7688
34.7314
41.8198
35.8603
44.75
39.4299
42.0953
50.9261
43.5269
36.4446
48.8664
34.0008
42.2854
42.098
46.8366
46.6082
43.3334
51.1179
44.9454
43.9732
44.7862
64.0165
47.1575
54.1308
50.8111
38.333
43.2567
37.3127
41.505
71.88
50.3323
56.3371
44.1755
37.3623
41.8447
43.2314
41.9647
58.169
48.2794
41.8619
44.4422
34.9587
42.6253
41.5653
40.5965
46.2248
40.4994
49.9502
35.8792
44.7713
48.2759
45.6893
41.0498
40.0338
38.1344
39.1415
35.6008
45.8182
42.0678
47.0281
39.7902
37.7205
55.7883
52.137
39.1834
44.2945
35.2492
42.0232
48.7331
38.5499
70.0351
37.7721
42.2075
39.7216
65.286
43.5664
40.9965
42.4521
39.0502
39.6881
42.8239
47.3121
36.5897
38.4916
37.8828
42.3414
45.397
41.3739
41.8889
55.0201
48.3384
39.371
37.3312
35.7632
37.7363
38.487
36.0728
51.5731
41.9125
39.4396
40.97
50.361
41.1586
40.6027
48.4244
35.5993
43.37
49.4695
39.3537
49.3822
34.3616
38.8983
39.979
42.3627
47.1324
34.8262
40.499
55.8247
41.1483
42.1539
56.2593
42.2157
42.3133
39.1207
36.9741
47.0612
41.8653
42.2272
39.2477
41.2508
45.8597
49.8172
39.6496
33.9999
39.0231
45.3578
40.1436
43.4885
43.2484
38.1171
62.9676
36.5626
39.7452
37.559
37.3564
48.7613
36.8015
37.885
42.2212
51.8955
37.1621
41.781
49.8586
45.2941
45.7124
44.9761
40.2936
49.6038
39.4205
39.6118
47.0522
46.5469
50.0467
45.87
38.0983
39.4811
41.3395
39.6858
37.5274
48.4274
46.3711
39.4192
40.4063
40.1313
42.4608
35.7591
49.3054
55.3518
53.2821
44.2083
43.2878
43.6839
50.1611
35.8261
35.6012
41.7159
37.6725
50.3676
41.5192
45.185
40.5262
33.9143
35.0113
43.9231
40.0367
52.549
43.4811
40.5847
38.0893
45.6017
43.0245
39.5302
42.938
43.9676
44.415
49.5135
42.011
40.2809
41.7609
38.538
50.8001
55.7887
41.6711
50.1517
49.295
39.0951
42.1496
42.3469
46.1714
36.6161
42.7338
45.3351
49.2838
43.4001
44.5876
40.3768
44.2194
37.6614
36.141
39.166
43.5284
61.0458
38.443
35.9109
45.9624
44.7387
39.095
37.2775
44.1157
45.5198
44.0204
40.6751
36.7735
47.2116
44.7331
41.343
42.8695
41.0852
47.3376
43.0938
37.4493
43.0047
52.3128
39.3464
44.6265
46.4856
41.6655
54.1062
43.9943
45.2861
36.1321
42.9436
37.5811
55.0149
49.3645
47.5924
44.0146
46.4192
44.3213
38.5716
37.3309
36.852
47.6638
41.7586
36.7275
58.6616
47.0127
45.8834
38.6224
45.7921
45.6884
42.1346
50.6326
50.0101
36.4692
44.7105
44.9126
43.1873
51.2105
34.803
56.927
55.4624
40.8086
37.3146
38.6383
34.7036
48.6942
37.3772
44.4587
39.4856
44.2616
43.0595
39.7742
34.2648
44.269
33.4449
35.836
41.7791
41.6924
38.4181
51.4432
35.9249
43.1612
41.1083
41.794
48.7689
41.9664
43.0191
38.8457
48.2098
45.9048
38.1649
38.3476
39.5281
40.9929
43.2539
44.1984
49.6421
40.0183
49.5037
36.8258
40.6
45.9393
46.9358
57.5971
42.2625
42.8741
38.1879
42.7396
51.0878
42.7825
48.9543
49.0952
35.8916
38.1728
45.4456
46.8982
37.7991
41.5372
42.2356
