0.0201278
0.496061
0.0254706
0.0178182
0.0343066
0.0524135
0.0366327
0.0171232
0.0476887
0.0161449
0.0131309
0.0398644
0.0178611
0.0254722
0.0231209
0.0398641
0.0336011
0.0225581
0.0569802
0.0342547
0.0474523
0.0261664
0.0336094
0.0213686
0.0256116
0.0220039
0.0221739
0.0300247
0.0301119
0.0434954
0.025131
0.0298937
0.0335685
0.038761
0.0302767
0.0717475
0.0473518
0.016705
0.0399139
0.0397949
0.0206424
0.043166
0.0203118
0.0148317
0.0219529
0.0195841
0.0198746
0.0329364
0.0287155
0.0429764
0.0205903
0.0454836
0.0154634
0.0329496
0.0178406
0.0264673
0.0339165
0.0295077
0.0273366
0.0287463
0.0516192
1.2329
0.0121902
0.0300034
0.039431
0.0362646
0.0299631
0.0393322
0.0217986
0.0150148
0.0107732
0.0346286
0.0614703
0.0509189
0.044997
0.0210088
0.0153552
0.0390794
0.0338663
0.0114526
0.0342267
0.0236431
0.0320131
0.0112432
0.0226396
0.0338594
0.0425553
0.0225609
0.0342377
0.027491
0.0175711
0.0250237
1.52786
0.0148128
0.030967
0.021882
0.0196564
0.0197117
0.030511
0.0333489
0.0169653
0.0441874
0.0252841
0.0278172
0.0304552
17.8552
0.0330814
0.0279132
0.0253056
0.0254988
0.0224511
0.0417774
0.0243928
0.0343064
0.0197678
0.0169095
3.72935
0.0446093
0.0222202
0.0156128
0.0386401
0.0362975
0.0465147
0.0193271
0.0423025
0.0164586
0.0335545
0.0288571
0.0296631
0.0136857
0.0385615
0.0282248
0.0210154
0.0362712
0.0175552
0.0207513
0.0277863
0.0339235
0.028509
0.0171251
43.1216
0.0341874
0.0250642
0.0276326
0.0253513
3.08174
0.0263938
0.0258565
0.0342791
0.0233023
0.0489767
0.0393143
0.0258924
0.0302952
0.0160495
0.0282669
0.0135832
0.0250602
0.025748
0.0220796
0.0250568
0.0264988
0.0226136
0.0111903
0.0223168
0.0248396
0.019861
0.0353562
0.0279308
0.0333428
0.0539897
0.0226872
0.0423275
0.018019
0.0149259
0.029113
0.0356061
0.0237121
0.0360172
0.0317705
0.0485822
0.0261291
0.0246856
0.0155969
0.0197637
0.0358607
0.0140225
0.0314351
0.0324031
0.0216437
0.0583511
0.0186231
0.0175224
0.03385
0.0334006
0.016492
0.0173003
0.025689
0.0158099
0.0338755
1.93113
0.0412751
0.0228583
0.0458289
0.0197938
0.0218042
0.0378721
0.0247256
0.0148516
0.026564
0.0186462
0.0227873
0.0469432
0.0416799
0.0437862
0.0639693
0.0472879
0.0274168
0.0238769
0.024302
0.0183533
0.0162993
0.0221504
0.0238498
0.0109378
0.0173996
0.0331552
0.026502
0.0371787
0.0303108
0.0313301
0.0255654
0.0218967
0.0574297
0.029905
0.0479197
0.0501357
0.0139429
0.0344576
0.0165697
0.0498396
22.4069
0.0138805
0.0159358
0.0364316
0.0250936
0.0270833
0.0223872
0.0321717
0.014101
0.0185551
0.0260277
0.0361638
0.022606
0.0241312
0.0322608
0.034636
0.0299307
0.0315464
0.0252454
0.0163529
0.0701401
0.0320489
0.0265794
0.0388018
0.0123897
2.38445
0.0240252
0.0267557
0.0127887
0.0395146
0.0422316
0.0317903
0.0218785
0.0257361
0.066517
0.027126
0.0277461
0.023087
0.0296456
0.0821912
0.0244732
0.0143171
0.0218233
0.0242224
0.0373369
0.0252728
0.0566166
0.0286806
0.0215847
17.1425
0.0128202
0.0305519
0.0423308
0.0261771
0.042427
2.17215
0.020931
0.0317441
0.0385335
0.0344096
0.0287999
0.0203899
0.0191906
0.0291026
0.0326048
0.0232591
0.0254391
0.0173105
0.0425279
0.047986
0.0282533
0.0459334
0.0276898
0.0449464
0.0334723
0.0447717
0.0165869
0.0655071
0.0165707
0.0341169
0.0344795
0.02649
0.028613
0.020508
0.030384
0.0143962
0.0342146
0.0230676
0.0652648
0.0192557
0.0272259
0.0392348
0.028477
0.0328161
0.0174814
0.0288646
0.0400448
0.0407575
0.039828
0.0251821
0.0246437
0.0308522
0.0232539
0.0295413
0.0408661
0.0218791
0.0445349
0.00937963
0.0325601
0.0246151
0.018765
0.0157432
0.014197
0.522247
0.0209751
0.0168933
0.0372805
0.0269085
0.0296401
0.0176816
0.0138364
0.0240061
0.0160987
0.226169
0.0327898
0.0237389
0.0111758
3.43974
0.040247
0.0221292
0.0151319
0.0156782
0.0204238
0.0206196
0.0420786
0.0369522
0.0446736
0.0233028
0.0161188
0.0396411
0.0237809
0.0198494
0.0173661
0.0343791
0.0220165
0.0321948
0.0369078
0.0272089
0.0435766
0.0360919
0.0081258
0.0280574
0.020233
0.0216437
0.0195317
0.0198879
4.47938
0.0250699
0.0357524
0.0459578
0.0170549
0.0163648
0.0249066
0.0308071
0.0401715
0.0228826
0.0142434
0.0222519
0.0133932
0.0188026
0.0275766
0.0281882
0.0312348
0.0305374
0.0432689
0.0334836
0.0587557
0.0318759
0.0313003
0.0185209
0.0211387
0.0130922
0.034947
0.0322897
0.0303761
0.0218211
0.0145924
0.0243505
0.0364656
0.0392058
0.0496923
0.0193085
0.0243015
0.0212795
0.0707952
0.0174064
0.0383247
0.0651235
0.0430319
0.0492456
0.044563
0.0782799
0.03084
0.0363329
0.0268353
0.0560124
0.0323196
0.0542603
0.0278847
0.0347709
0.0245868
0.0208902
0.0138428
0.040712
0.0346275
0.0185506
0.0339655
0.0196711
0.0470654
0.0224637
0.034706
0.0603276
0.0365237
0.0237737
0.0293848
0.0405661
0.0134308
0.0203082
0.0404401
0.0258721
0.044356
0.0797501
0.0198099
0.0311921
0.0351528
0.035288
0.0405865
0.0219923
7.05117
0.02968
0.0259839
0.021674
0.0100923
0.0217712
0.106709
0.023423
0.0250684
0.0320526
0.034956
0.0163919
0.0317129
0.0330623
0.0271471
0.0177049
0.0284829
0.0312513
0.0262735
0.0386353
0.0196427
0.0230891
0.0161361
0.0159964
0.0272063
0.0370638
0.0203278
0.019497
0.0354013
0.0350673
0.0260753
0.0250461
0.0234931
0.0242679
0.01236
0.032307
0.0204643
0.028595
0.0270995
0.0175137
0.0188065
0.0374378
0.0205605
0.0382417
0.0249613
0.0328532
0.0134114
0.0543782
0.0212546
0.0487697
0.0339762
0.0324002
0.0502996
0.037695
0.0254932
0.0335246
0.0267998
0.0384286
0.0320064
0.0164464
0.0537617
0.0152128
0.0267017
0.0311561
0.0262863
0.0200966
0.0137334
0.0217145
0.0438866
0.0260342
0.0128085
0.0572231
0.00921625
0.0162749
0.0336586
0.0413966
0.0232517
0.0557467
0.0405322
0.00865755
0.0298251
0.0495269
0.019045
0.0236655
0.0212081
0.0245044
0.0360189
0.0279556
0.0386996
0.0147496
0.0298846
0.0507641
0.042603
0.0498364
0.0264664
2.25513
0.0555449
0.0362261
0.0416236
0.020341
0.0223195
0.0258618
0.0384777
0.0368594
0.0211027
0.0327334
0.0357348
0.0113874
0.0344024
0.0261947
0.0277388
0.0215663
0.0261129
0.0404938
0.0352486
0.0228389
0.0233369
0.043679
0.0232064
0.0401872
0.0520725
0.0263987
0.0511851
0.0242754
0.0179751
0.0168975
0.0295552
0.090338
0.0319762
0.356308
0.0355819
0.0311463
0.059214
0.0349155
0.0324698
0.0218502
0.021352
0.0290657
0.0208435
0.0223815
0.0227983
0.0112232
0.0295821
0.0365366
0.0325242
0.0481411
0.00982363
0.0425072
0.018498
0.0127866
0.0480548
0.0136437
0.0361853
0.0261822
4.62648
0.0311979
0.0424873
0.0252468
0.0259739
0.0334764
0.0283271
0.0171428
0.0279224
0.0253763
0.0491913
2.36005
0.0166519
0.0320439
0.0283607
0.0301508
0.0231391
0.0221829
0.0375793
0.0329755
0.0153745
0.0286896
0.0225259
0.0239387
0.0421389
0.0141231
0.0454314
0.0419257
0.0252631
0.0240424
0.0745113
0.0434804
0.0137762
0.0113465
0.0234263
0.0250735
0.0213981
0.0289033
0.0242932
0.0115614
0.0444436
0.021045
0.0286801
0.0463509
0.01139
0.0188367
0.0285923
0.0123135
0.0433459
0.0362758
0.0197358
0.0236962
0.0315091
0.0291372
0.0172523
0.0318415
0.0487314
0.0473866
0.0234361
0.0345299
0.0402531
0.0228406
0.0649525
0.0189474
0.0491098
0.0142791
0.0152554
0.0215098
0.0311861
0.0460685
0.0115572
0.0281171
0.0212708
0.0162684
0.019974
0.0287621
0.0307841
0.0234905
0.0608495
0.0260448
0.0163446
0.0391133
0.026047
0.0180755
0.0157298
0.0198673
0.0229971
0.0318911
0.0256152
0.0270653
0.0478627
0.0304308
0.0271424
0.0411202
0.0529743
0.0311381
0.0145898
0.0147056
0.0230283
0.0369861
0.0241674
0.0326671
0.0299209
0.0343608
0.018285
0.020457
0.0259261
0.0187439
0.0379918
1.35478
0.0182765
0.0227293
0.0303617
0.0337808
0.0200975
0.0417057
0.0664743
0.367408
0.0216801
0.0246497
0.0454097
0.0165053
0.0227127
0.0111874
0.0301422
0.0176721
0.0216443
0.0449534
0.0208678
0.0123748
0.0574327
0.023534
0.0171621
0.0542922
0.0477836
0.0187288
0.0364071
0.0123541
0.0300901
0.0312028
0.0438901
0.0194121
0.0256878
0.0174388
0.0235438
0.0206658
0.0376737
0.0279648
0.0218391
0.0144368
0.824321
0.222077
0.0125678
0.0278039
0.0305124
0.024484
0.0317635
0.0152756
0.0434164
0.0276567
0.0140916
0.0236087
0.0166243
0.0298691
0.0283096
0.0474411
0.0112696
0.0248945
0.0620631
0.0543846
0.0147887
0.0407248
0.031338
0.0295009
0.0537445
0.0267232
0.0187517
0.0191584
0.0173328
0.0289113
0.0195536
0.0168548
0.0367199
0.0175635
0.0230007
0.0158617
0.0209987
0.0113701
0.0387237
0.0476762
0.0706758
0.0374958
0.013112
0.0133508
0.0521868
0.0155978
0.0227743
0.0438888
0.0414949
0.0547641
0.0330181
0.025232
0.00957345
0.0367326
0.0193848
0.0252269
0.0194065
0.0395555
0.0312716
0.0269672
0.0196664
0.0161248
0.019329
0.0375584
6.59942
0.0140679
0.0350757
0.0291912
0.0205527
0.0316447
0.0313169
0.0248724
0.0276075
0.0245204
0.0222222
0.0665425
0.0135674
0.0217347
0.0171019
0.025578
0.0257096
0.0295179
0.0156183
0.0302739
0.038146
0.0181589
0.0614128
0.0163878
0.0301248
0.0269089
0.0215551
0.0249973
0.0276325
0.026518
3.51448
0.0218938
0.0332532
0.0344746
0.0606327
4.46019
0.0308033
0.0258907
0.037832
4.4013
0.0170151
0.0334459
0.0392429
0.0239784
0.0249836
0.039715
0.0509525
0.0296145
0.0277678
0.0154957
0.0168028
0.0312568
0.0344741
0.0157353
0.0295437
0.0177894
0.0293273
0.0560424
0.0176501
0.0301487
0.0355717
0.0177472
0.0350985
0.0365074
0.0332958
0.0274092
0.00829727
0.944523
0.024149
0.0199292
0.0473138
0.0219423
0.0192859
0.0217764
0.0253707
0.0234133
0.0279243
1.74006
0.0452912
0.0479667
0.0140645
0.032195
0.0277493
0.0416339
0.0233947
0.0134096
0.0202758
0.0399776
0.0438083
0.015787
0.0171483
0.0354338
0.05426
0.0356499
0.0390584
0.042858
0.0410055
0.0211231
0.0426949
0.00994967
0.0142312
0.0223029
0.0156728
0.0120489
0.0176786
0.0296634
0.0295693
0.0160036
0.0338484
0.021742
0.0444135
0.0260671
0.0362014
0.0263714
0.0478146
0.0229445
0.0330176
0.0230036
0.0409814
0.0203575
0.019092
0.0254917
0.0173984
0.0615218
0.050262
0.0144387
0.00946525
0.0498126
0.0270338
0.0339675
0.0500679
0.0419208
0.0384464
0.0229041
0.0491497
0.0293419
0.0438643
0.0284131
0.0400259
0.0452527
0.0224585
0.0357015
0.0184728
0.0198379
0.0145219
0.0333745
0.025196
0.0208279
0.0221668
0.0147741
0.0272029
0.0165853
0.0248608
0.0248138
0.0275715
0.0494825
0.0300575
0.0174388
0.0464905
0.0336443
0.0171394
0.0273946
0.0222564
0.0278806
0.0244542
0.0282348
0.021295
0.024618
0.0487655
0.0600139
0.0338697
0.0246391
0.0301926
0.0467903
0.0185129
0.0255501
0.0368404
0.0384539
0.0352949
0.0184862
0.0412942
2.90047
0.0363423
0.027067
0.484595
0.0190593
0.0254852
4.39781
0.0274975
0.0335014
0.0323937
0.044081
0.0243186
0.029762
0.0465599
0.0322223
0.0329572
0.0277652
0.0233916
0.706512
0.0176745
0.0206261
0.0481605
0.0410066
0.0355884
0.0386157
0.0191346
0.0284174
0.0357876
0.029808
0.0222927
0.0222338
0.0524197
0.0112861
0.0112581
0.0432856
0.028934
0.024516
0.0156786
0.0333862
0.022132
0.0188133
0.0235948
0.0265281
0.0138491
0.0608726
3.68796
0.0384705
0.0136957
0.0212681
0.0303564
0.0210314
0.0334653
0.0353516
0.0317973
0.0193048
0.0149793
0.0333458
0.0499218
0.0309109
0.0352458
0.0256602
0.0749427
0.0415448
0.0310272
0.0427082
0.0505854
0.0240399
0.0412948
0.0204404
0.029875
0.0468599
0.0320535
0.030885
0.0168694
0.0329443
0.028819
0.0258271
0.00839081
0.0479697
0.021054
0.019087
0.03897
0.0483501
1.27026
0.00809586
1.07908
0.0105838
1.6885
0.0300643
0.0319844
0.0325571
0.0405128
0.0332634
0.0187444
0.0137287
0.0279973
0.0335332
0.016093
0.023402
0.0163802
0.0273257
0.0751943
0.0194086
0.0342154
0.0168407
0.0434794
0.0376416
0.0411344
1.2206
0.0183503
0.0210244
0.0115952
0.0184693
0.0412817
0.0242027
0.0457768
0.0522939
0.0373078
0.756624
5.26782
0.0294675
0.0186739
0.0308279
0.0325419
0.039579
0.0228383
0.0269078
0.0357938
1.19475
0.0351446
0.0282792
0.0446672
0.0302379
0.0149178
0.0152816
0.0404446
0.0270237
0.0280668
0.0284006
2.36361
0.035881
0.0186143
0.0259692
0.0245403
0.0312141
0.0270918
0.0210346
0.0320658
0.0219365
0.0476999
0.034305
0.0339309
0.0283983
0.0623041
0.0560385
0.0249006
0.0276587
0.0397334
0.026344
0.0252597
0.019114
0.0391105
0.0242086
0.0261042
0.0264555
0.39708
0.0235192
0.0318383
0.0494318
0.015145
0.0231127
0.0351891
0.0200173
0.0191729
0.0482256
0.0303383
0.0439726
0.0148885
0.0187738
0.0389175
0.04708
0.0138658
0.0237813
0.0122491
0.0262483
0.0275903
0.0327025
0.0215024
0.0326385
0.0259474
0.0382765
0.0240443
0.019554
0.0481662
0.0314077
0.0239169
0.0144447
0.038762
0.035188
0.0182761
0.012343
0.0431714
0.018913
0.0149739
0.0163462
0.0479185
0.0176996
0.0454225
0.0278037
0.0538869
0.0186746
0.0304654
0.0348294
0.0195025
0.0348624
0.0490102
0.0132607
0.0271837
0.0430308
0.02077
0.0339691
0.0408493
0.0410298
0.0186373
0.0294226
0.0212755
0.0225916
0.0393011
0.0155991
0.024814
0.0125075
0.0371648
0.0280207
0.033467
0.0585691
0.0250017
0.0160172
0.0308306
1.43473
0.0373995
0.0373444
0.0247902
0.0413009
0.0547997
0.0326368
0.64735
10.604
0.0265305
2.36987
0.0467911
0.0269037
0.018262
0.0217272
0.0338574
0.0354986
0.022325
0.0285388
0.0139522
0.034774
0.039886
0.0194337
0.0208291
0.0274637
0.02643
0.0245892
0.0166032
0.0191808
0.0327562
0.0152066
0.0360185
0.0271122
0.0318509
0.05634
0.0313785
0.0265985
0.0163046
0.03631
0.0360878
0.0177063
0.0181746
0.040708
0.0518341
0.0284158
0.0186074
0.0322802
0.0239807
0.0125666
0.0443124
0.0285893
0.0219363
0.0401717
0.0434544
0.0480458
0.0170541
0.0397845
0.0173952
0.0116073
0.0213578
0.0153441
0.0412152
0.0309383
0.01465
0.0214311
0.0210435
0.0250658
0.0203719
0.026097
0.0400638
0.0171819
0.0243903
0.0215658
0.0187999
0.0400638
0.0433363
0.0237247
0.0122206
0.013415
0.0497666
0.0335108
0.0197229
0.0204341
0.00918518
0.00653965
0.0312275
0.0306215
0.0436444
0.0524236
0.0268013
0.0562885
0.030923
0.0373402
0.0243394
0.0280165
0.0261125
0.0624544
0.0338314
0.0315586
0.0415065
0.0313428
0.0248199
0.0297008
0.0170843
0.0345383
0.0308985
0.0233235
0.0134422
0.0353117
0.0388249
0.0253943
0.0168708
0.0252899
0.0247098
0.0395357
0.0440478
0.0233083
0.0184811
0.6035
0.0270235
0.0156333
0.0302735
0.0435272
0.0501313
0.0512082
0.0222989
0.0237345
2.023
0.0215429
0.0296075
0.0296459
0.0303585
0.0481063
0.0245774
0.0159469
0.0206557
0.0190489
0.020221
0.484649
0.0137211
0.0412668
0.0325492
0.0532961
0.0484912
0.0377328
0.0472194
0.0314116
0.0357684
0.0299083
0.00860489
0.0326042
0.0294482
0.0569347
0.0389665
0.0534632
0.0149774
0.0178632
0.0251601
0.0226839
0.0289268
0.0354078
0.0351179
0.0298046
0.015692
0.0324423
0.0282356
0.0183739
0.0215438
0.0180371
0.0175325
0.0180438
0.0487441
0.0268238
0.0485509
0.0202329
0.0308728
0.0257573
0.00937226
0.0170774
0.0185149
0.0241185
0.0196176
0.0731167
0.0220176
0.0240966
0.0377901
0.0344542
0.00864909
0.040739
0.0177146
0.023168
0.028022
0.0237725
0.0213673
0.0250776
0.0293435
0.063854
0.0504374
0.0307104
0.0303866
0.0526361
0.021296
0.0185202
0.0308923
0.0474609
0.0228512
0.031644
0.0324622
0.0197025
4.68962
0.0514523
0.0371401
0.0193928
0.0194859
0.016226
0.0144801
5.03592
0.0164828
0.0422763
0.0332557
0.0274291
0.019784
0.037716
0.0259735
0.0310402
0.0334999
0.0396122
0.0256419
0.0231443
0.0261996
0.0197261
0.0206561
0.0187724
0.0247482
0.0209151
0.0490487
0.0355481
0.0338349
0.0381982
0.0103171
0.058751
0.0201865
0.0491465
0.608225
0.0116935
0.046931
0.0272502
0.0274749
0.0182599
0.030275
0.0306042
0.0297242
0.01891
0.0240444
1.76975
0.0254935
0.0301014
0.0296911
0.0308778
0.0164334
0.0175912
0.0204624
0.07518
0.0362532
0.048597
0.0158324
0.0203155
0.0314236
0.030479
0.044253
0.0171144
0.0245857
0.0376151
0.0267633
0.026047
0.017975
0.0180277
0.0292062
0.0400338
22.0234
0.0179163
0.0338661
0.0241026
0.0164827
0.0225808
0.00904175
0.0399425
0.0370903
0.022069
0.0257094
0.00958012
0.0276726
0.0223526
0.104518
0.0309998
0.0546893
0.0399755
0.0404502
0.0339667
0.0365397
0.034341
0.0328079
0.0345028
0.0139595
0.0206022
0.0286071
0.0355131
0.269522
0.037827
0.0195817
0.0336329
0.0253901
0.0246125
0.0149577
0.0140992
0.0414402
12.6319
0.0522308
0.0462529
0.0592937
0.0678996
0.0297202
0.0309985
0.0256233
0.0212224
0.00839931
0.0523229
0.0225098
0.0192664
0.0403368
0.0270278
0.0358535
1.47608
0.0259048
0.045196
0.0552195
0.0235526
0.0323122
0.0216209
0.0270036
0.0192406
0.0527357
0.0369181
0.0413322
0.0197404
0.0354657
0.0338124
0.0325729
0.0124402
0.0304488
0.0153978
0.0509868
0.0379051
0.0230861
0.0518636
0.0328096
0.0532339
0.0132711
0.0245783
0.0318307
0.0272617
0.0331155
0.048734
0.0456418
0.0224709
0.0467546
0.0196088
0.0207074
0.0152857
0.0459561
0.0320699
0.889629
0.016985
0.0306534
0.0224208
0.0289528
0.0166902
0.0326382
0.0258578
0.0241563
0.0209095
0.0197454
0.0354376
0.0255048
0.013232
0.0372924
0.0315881
0.0264342
0.0190291
0.0138501
0.0612293
0.0205052
0.599938
0.0267195
0.0314886
0.0396942
0.0347908
0.0217338
0.0579029
0.0350744
0.0328123
5.34362
0.017485
0.0269305
0.0351069
0.0203457
0.0443798
0.0367252
0.0268771
23.587
0.0140207
0.0261405
0.032662
0.0333227
0.020565
0.0258359
0.0438823
0.0320532
0.0156519
0.0107141
0.016675
0.0634584
0.0583408
0.0398227
0.0279877
0.0182828
0.0506778
0.0244604
0.031
0.0234799
0.0278524
0.0124184
0.0213492
0.0573479
0.0428734
0.0280404
0.0214444
0.00907332
0.0222251
0.0416029
0.0536313
0.0362195
0.0304887
0.0281731
0.0408079
0.0140592
0.0277792
0.0241265
0.0433012
0.0141209
0.0575284
0.0261997
0.019554
0.0294988
0.0466479
0.0251775
0.0245602
0.0226042
0.0237693
0.0131617
0.037419
0.0330107
0.02776
0.031032
0.0467423
0.0700281
0.0235444
9.68739
0.0199339
0.0230687
0.0300644
0.0411281
0.0260451
0.021549
0.0240229
0.0126391
0.0318774
0.0280472
0.0459011
0.0265969
0.0173958
0.0137308
0.0466185
0.0161397
0.0223356
0.028213
0.0164629
0.0191484
0.0276242
0.0417042
0.0189717
0.0192082
0.0503593
0.0398693
0.0461282
0.0210232
0.0242238
0.0438243
0.0393546
0.0342765
0.0285306
0.0249519
0.0536214
0.0204221
0.010517
0.0132049
0.0347351
0.0578819
0.0349709
0.0247485
0.0165034
0.0253293
0.0250772
0.0494223
0.027576
0.018874
0.0270148
0.0620824
0.0166756
0.0283459
0.0425456
0.0366655
0.0176402
0.012663
0.0234006
0.0334061
0.0600504
0.0338598
0.0441646
0.0277933
0.0256173
0.0312836
0.0107283
0.0293378
0.0199559
0.0222415
0.027039
0.0268366
0.0270435
0.0118789
0.0152736
0.0360389
0.0525757
0.057854
0.0409879
0.0220032
0.0142214
0.0286306
0.0143061
0.0213952
0.0494707
0.0478131
0.0287158
0.0223715
0.0474482
0.0205985
0.0456313
0.264207
0.0318141
0.0242818
0.0397034
0.0311164
0.0238223
0.0390762
0.0287018
0.0484742
0.0220458
0.0325253
0.0210129
0.0424054
0.0265008
0.0157468
0.0310914
0.0707793
0.0333935
0.0183992
0.01198
0.0337113
0.0469131
0.0344009
0.0300022
0.0405784
0.0166004
0.0215605
0.040317
0.0446975
0.0384096
2.29556
0.0418393
0.0342787
0.0613242
0.0400674
0.0282582
0.0145597
0.0268035
0.0434778
0.021669
0.0169554
0.0407541
0.0300189
0.0280093
0.023232
0.0232769
0.0186363
0.0378486
0.0374124
0.0108626
0.0189541
0.0137561
0.0327128
0.0196981
0.0285943
0.0287762
0.0479292
0.0324239
0.01315
0.015039
0.0234916
0.0371571
0.0539022
0.0379565
0.0238871
0.0143198
0.0239275
0.0199945
0.0381139
0.0211179
0.0318788
0.0220924
0.0243258
0.0441488
0.03117
0.0278869
0.0405445
0.0285443
0.0343431
0.0283089
0.064205
0.013014
0.0355828
0.0611946
0.0549216
0.0404753
0.0352206
0.0448939
0.0192255
0.0363734
0.0414835
0.0139854
0.0284
0.0393269
7.36608
0.0302764
0.0132869
0.0324556
0.0604393
0.0360343
0.0397801
0.0182543
0.0395798
0.0255777
0.0306149
0.0201051
0.0228267
0.0259468
0.021268
0.02394
0.0507399
0.0362175
0.0306723
0.0577567
0.0237802
0.0212185
0.0360659
0.0290546
0.0235639
0.0258381
0.0412507
0.0252186
0.0248126
0.00937907
0.0308778
0.0241676
0.0272878
0.0432474
4.62191
0.0399094
0.0204544
0.0254816
0.0444926
0.0416996
0.0182215
0.0254609
0.020524
0.0421819
0.0152818
0.0196406
0.0116217
0.0276117
0.0471212
2.06248
0.013698
2.53629
0.0393437
0.0214463
7.23501
0.0261158
0.0253213
0.0745937
0.0267373
0.028346
0.0289937
0.0283923
0.0259916
0.0457386
0.0524126
0.0176796
0.0277292
0.0612401
0.0208981
0.0467104
0.0342591
0.0187281
0.0409508
0.024587
0.0298343
0.0218872
0.0313277
0.0241992
0.0317634
0.0317494
0.0353927
0.0398204
0.0437538
0.0163622
0.0132195
0.0447804
0.0239234
0.00996393
0.0307839
0.0374862
0.0265027
0.018474
0.0655143
5.5477
0.0257302
0.0412613
0.030111
0.0543438
0.0256597
0.027453
0.0552214
0.0300209
0.0211619
0.0446994
0.0627441
0.031622
0.0258579
0.0291034
0.0274936
0.0325709
0.0493133
0.0137423
0.0205243
0.0656214
0.0233669
0.038731
0.0320925
0.0247718
0.0223476
0.0486679
0.045165
0.0290381
0.0235561
0.0318355
0.0332385
0.0232773
1.4774
0.0144132
0.0384323
0.0204443
0.0340742
0.0449198
0.0683072
0.0289726
0.0185359
0.0179435
0.0310233
0.018474
0.0274606
0.0301562
0.0395217
0.0501441
0.0248796
0.0228709
0.0480873
0.0183191
0.02035
0.0313543
0.0264948
0.0538324
3.47139
0.0746108
0.0144799
0.0196324
0.0265087
0.0379899
0.0224408
0.022083
0.0300435
0.0289929
0.0191207
0.0168259
0.0252747
0.0222695
0.0296989
0.0217054
0.036574
0.0267264
0.0391408
0.0368836
0.023927
0.0722809
0.0498462
0.0200636
0.0148369
0.0202961
0.0243799
0.0192008
0.0182518
0.0364186
0.0255762
0.0261904
0.0229326
0.0354063
0.0841063
0.0365333
0.0327193
0.0384323
0.0157232
0.027941
0.0208232
0.017208
0.041028
0.0216004
0.030965
0.0471648
0.0228989
0.0516406
0.0163468
0.0382747
0.0264229
0.0209682
0.0412519
0.0218084
0.0143528
0.0249849
0.00805649
0.0294805
0.0465345
0.0113931
0.0528903
0.0679385
0.0331028
0.0244172
0.0267641
0.0267228
0.0298008
0.0397201
0.0111137
0.0204099
0.0147825
0.0214645
0.0274246
0.0136289
0.0372913
0.0189404
0.0468647
0.0293607
0.0506403
0.0336179
0.0510275
0.0548947
0.0387171
0.0371505
0.0224403
0.0266169
0.0200963
0.0230098
0.0144761
0.0166979
0.020524
0.0454563
0.0211955
0.0216538
0.0429355
0.0305979
0.0216332
0.0543148
0.0275169
0.0262145
0.0156583
0.0492736
12.2489
0.022463
0.0339945
0.0305072
0.0150503
0.0298496
0.0299947
0.0140854
0.0290703
0.0305459
0.0212304
0.0349457
0.0221425
0.0172325
0.0105418
0.0513642
0.0161085
0.0670755
0.0212399
0.0140461
0.0198207
0.0189778
0.0181248
0.0318765
0.0225965
0.0496858
0.0230859
0.0470825
0.0296413
0.0159064
0.0391322
0.0235344
0.0166239
0.0197198
0.0105391
0.0622
0.0181328
0.0275376
0.120429
0.0318605
0.00864865
0.0289902
0.0332894
0.015152
0.0396174
0.0126965
0.0192461
0.0140463
0.0248116
0.0250123
0.0232173
1.83789
0.0373559
0.0420213
0.0294135
0.0225964
0.0505173
0.0296884
0.0217957
0.0327092
0.0159854
0.0212036
0.0265823
0.0334332
0.0274798
0.0175803
0.0121774
0.0566209
0.0243021
0.0119678
0.0430855
0.0175727
0.0242348
0.0409284
0.0119691
0.0358219
0.0254541
0.0254622
0.0181481
0.0368588
0.0366283
0.0168805
0.0296806
0.0455891
0.0357405
0.0240077
0.0397441
0.0464774
0.0137194
0.033224
0.0262768
0.00759364
0.0406042
0.0158294
0.0137579
0.0276388
0.0192234
0.00864579
0.0238076
0.0204867
0.0169055
0.0360224
0.0390155
0.027362
0.0147119
1.07143
0.0182904
0.0250993
0.0448368
0.0255148
0.0538687
0.0204555
0.0478392
0.0296589
0.011483
0.020276
0.0455159
0.022966
0.0369046
0.037977
0.027985
0.0220064
0.0349184
0.0449894
0.0201939
0.0142411
0.016555
0.0456596
0.0676454
0.0241476
3.42731
0.0423255
0.0195216
0.0159192
0.0146298
0.0146709
0.0320785
0.0165276
0.034266
0.0254954
0.0269479
0.0366036
0.0277962
0.0114823
15.4026
0.0222744
0.0592132
0.0245377
0.0192453
0.025183
0.0251487
0.0186955
0.050063
0.0336414
0.0404063
0.0204003
0.0254314
1.91009
0.0180706
0.0468118
0.00904414
0.0199597
0.012271
0.0079747
0.0321869
0.0152207
0.0307608
0.0283987
0.0295703
0.0417198
0.032708
0.0319016
0.0267916
0.0174472
0.020786
0.0203782
0.0166093
0.0735395
0.0235443
0.0233895
0.0388018
0.0317642
0.0422817
0.0245343
0.00778051
0.036552
0.0304831
0.00737756
0.0237582
0.0267651
0.0366015
0.034202
0.0213594
0.0315392
0.0209435
0.034888
0.0266807
0.0219123
0.041377
0.0346282
0.0194771
0.0258162
0.0143004
0.0665824
0.0604167
0.0598511
2.16464
0.0288763
0.0107997
0.0224407
0.0276516
0.0104114
0.0341554
0.0288522
0.0397929
0.0146992
1.22415
0.0312036
0.029357
0.0394819
0.0182162
0.0353461
0.0431555
0.016187
0.0179035
0.0343551
0.0408435
0.0288254
0.0219046
0.0169111
0.0252913
0.0181547
0.0374184
0.0449014
0.0264358
0.0963606
0.0257979
0.0302757
0.0320885
0.0367493
0.0271525
0.0160184
0.0456608
0.0174004
0.0311403
0.0252985
0.050115
0.0277904
0.0137943
0.0616066
0.0354259
0.0191802
0.0268921
0.00963421
0.0188866
0.0393849
0.0433356
0.0264957
2.41114
2.71092
0.0174711
0.0571017
0.0246291
0.0207796
0.00958293
0.0239717
0.0312728
0.0165863
0.0270289
0.0139475
0.022176
0.0190699
0.0245212
2.32377
0.0155626
0.0261447
0.0468863
0.0421075
0.0180829
0.0337997
0.0214903
0.029463
0.038764
0.0197545
0.0339632
0.04465
0.0379973
0.0171432
0.0378458
0.0485753
0.0333437
0.0231599
0.0252654
0.0256199
0.0227113
0.0350862
0.0148156
0.0164584
0.049943
0.0260828
0.0192682
0.0196965
0.0276774
0.0187535
0.056638
0.0326306
0.0419167
0.0193857
0.0242616
0.0241475
0.0332984
0.0362277
1.37866
0.0443081
0.022865
0.019819
0.0281493
0.0446833
0.0154744
0.0271327
0.0178306
0.0221249
0.0438602
0.0128425
0.0385569
0.0212656
0.0245909
0.0126498
0.0251802
0.0392254
0.0265908
0.0371037
0.0155563
0.0101278
0.75185
0.040476
0.0317943
0.0364064
0.0193103
0.043563
0.0185279
0.0188086
0.00962811
0.0305739
0.028249
0.0312676
0.0199248
0.0236905
0.0199085
0.018248
0.0288521
0.035848
0.0408456
0.0149164
0.0209573
0.00995824
0.0114715
1.35719
0.0179404
0.0372013
0.0325314
0.055778
0.0141391
0.040266
0.0244176
0.036978
0.0233673
0.0242653
0.0134342
0.026853
0.0134948
0.0202095
0.0253403
0.0286197
0.0472415
0.0351122
0.0359921
0.0177444
0.0736933
0.0479256
0.0393406
0.0304494
0.0364435
0.0263179
0.0256136
0.0324116
0.019867
1.04282
0.0136823
0.0495942
0.0290988
0.0128839
0.0160812
0.0218276
0.0131437
1.78783
10.3885
0.0234567
0.0245861
0.0201463
0.0455655
0.016689
0.0282373
0.0421672
0.0276845
0.0178959
0.0324892
0.0226027
0.0369587
0.0178436
0.024664
0.0327144
0.0214663
2.56903
0.0221753
0.0289743
0.049762
0.0235035
0.92683
0.0258948
0.00940743
0.0157028
0.0413012
0.0374037
0.0154877
0.0397873
0.012737
3.91909
0.0388106
0.0268616
0.040212
0.0538065
0.0170214
0.0168656
0.0160937
0.0376349
0.0223563
0.0497428
0.0184808
0.0340018
0.0249901
0.0229914
0.0469046
0.0353951
0.0398649
0.0155612
0.0321722
0.0490084
0.0143078
0.0170226
0.0355208
0.0204879
0.0289212
2.1934
0.0511109
0.0318243
0.0341043
0.0185347
0.0230799
0.0332547
0.0502974
0.0260407
0.0107446
0.0201452
0.0260518
0.0201825
0.0248201
0.0319814
0.0314329
0.0370628
0.0410776
0.0216357
0.0568146
0.0521675
0.0367506
0.0321714
0.0328248
0.0203613
0.0393387
0.0296315
0.0138132
0.0148838
0.582315
0.0243505
0.0291307
0.0247606
0.0829333
0.0171269
0.037167
0.018686
0.0335837
0.0224011
0.0215426
0.0235395
0.0262461
0.0145394
0.0213888
0.0136363
0.0341626
0.0111499
0.0208014
0.0485818
0.0428373
0.029293
0.0771683
0.0176739
0.0209246
0.0269607
0.022475
0.0379281
0.0190713
0.863892
0.020538
0.0378807
0.0174695
0.0426676
0.0197765
0.0140826
0.0270869
0.0245551
0.0348205
0.0148666
0.0305344
0.0364637
0.031918
0.0180053
0.0289789
0.0309624
0.0261328
0.0409638
0.0251031
0.0204146
0.044625
0.0289621
0.0193795
0.0244937
0.0287742
0.0182704
0.0157165
0.0176014
0.0371893
0.020842
0.0467074
0.0344521
0.0235768
0.0415496
0.0246334
0.031757
0.0176003
0.0261055
0.0278184
0.0313061
0.0452898
0.0416483
0.032901
0.0386638
0.053314
0.0195658
0.0351506
0.0140112
0.0216721
0.0578166
0.0129476
0.0124327
2.45603
0.0253038
0.0181762
0.0186793
0.0313339
0.0220975
0.0192745
0.0310898
0.020305
0.0348515
0.0287174
0.0196053
0.0168042
0.0317513
0.0279551
0.0204241
0.0606161
0.0153614
0.0235082
0.0285765
0.0217805
0.041548
0.0633758
0.0222652
0.0117277
0.018688
0.0299717
0.0382106
0.0508534
0.0187595
0.0299225
0.0138552
0.0256168
0.026104
0.0298951
0.0198899
0.0200539
0.0250383
0.0336347
0.0207352
0.028583
0.0184782
0.0396872
0.0357048
0.0305371
0.0310905
0.0271572
0.0147137
0.0224052
0.0237232
0.027426
0.016743
0.0205617
0.0147503
0.0313491
0.0293742
0.0263412
0.026597
0.0225408
0.0170469
0.0313241
0.0482223
1.04345
0.0306821
0.0154094
0.0180911
0.0187128
0.0303225
0.0304489
0.0294575
0.0268002
0.0219555
0.0595222
0.0135029
0.0320667
0.0417478
0.0270671
0.0228536
0.0423225
0.0401315
5.29904
0.0243342
0.0234952
0.0245547
0.0413548
0.0311642
0.0237182
0.0118052
0.0269974
0.0172769
0.0278809
0.0449746
0.0350464
0.017714
0.0187652
0.0294907
0.0197541
0.0372108
0.0231426
0.0273586
0.0164603
0.0221818
0.0397872
0.0338881
0.0153142
0.0183992
0.0173134
0.0275478
0.0450235
0.00877685
0.0206195
0.0730654
0.0320731
0.0353308
0.0308369
0.0115826
0.0321275
0.0460073
0.0149054
0.0164768
0.0344398
0.0208735
0.0380247
0.0193574
0.026649
0.0219265
0.0148244
0.0108419
0.0139822
0.0217029
0.0152137
0.0431112
0.0480095
0.0287944
0.0276371
0.0320495
0.0548211
0.0205482
0.0167336
4.60374
0.0181594
0.0208581
0.017304
0.0316526
0.0237592
0.0201574
0.0602028
0.0225757
0.0351788
0.0228559
0.0274061
0.0274575
0.0162647
0.0287068
0.054848
0.0261533
0.0230806
0.0344742
0.0309686
0.0114823
0.0338492
0.0218309
0.0203695
0.00755501
0.0233502
0.0217534
0.0263339
0.0219394
0.0354967
0.015241
0.0259304
0.0425453
0.0196338
0.0247832
0.0491632
0.0232269
0.0617473
0.0338803
0.036001
0.0229968
0.0285967
0.00245853
0.039717
0.0162395
0.0351439
0.0294357
0.0261472
0.0274687
0.0229267
0.033445
0.0230769
0.0240425
0.0258868
1.16543
1.00833
0.0338126
0.0286444
0.0386488
0.0289009
0.0240185
0.0165766
0.0316001
0.0177787
0.0317533
0.0216665
0.0165244
0.0271524
0.0144779
0.0322705
0.0246169
0.0217923
0.0187145
0.0560309
0.00989922
0.0267719
0.0424763
0.0138532
0.0209914
0.0268583
0.0328801
0.0166709
0.0176397
0.0296936
0.034197
0.0230693
0.0740128
0.0242885
0.0434316
0.0287505
0.0352784
0.011454
0.0236571
0.0362031
0.0249936
0.298845
1.46928
0.0428594
0.0391481
0.612063
0.023132
0.0128162
0.0331043
0.0271117
0.0116508
0.0269368
0.055311
0.0223906
0.00721914
0.0375169
0.0246427
0.0314869
0.0484825
0.0192441
0.0250198
0.0294856
0.0312411
0.0267804
0.0259736
0.022402
0.0193366
0.0223714
0.019603
0.0338602
1.59673
0.0328441
0.0225704
0.0320479
0.0484764
0.0120312
0.0292397
0.0176082
0.026952
0.0285628
0.0272463
0.0343348
0.0314995
0.0308307
0.0371618
0.0153459
0.0270953
0.0348697
0.0287074
0.0292999
0.0203234
0.0365213
0.0445621
0.0145372
0.0262009
0.0251974
0.0198617
0.0274222
0.0120051
0.0448729
0.0239549
0.0234009
0.028125
0.0225073
0.0404673
0.0233837
0.0413435
0.0125135
0.0140893
0.0251146
0.0320983
0.0307071
0.022991
0.0193459
0.0376413
0.0117244
0.01884
0.0149283
0.0237969
0.0435131
0.0300518
0.0413895
0.017057
0.0215154
0.0277942
0.0283978
0.0152966
0.0227325
0.0134277
0.0323229
0.0119136
0.0119577
0.0258912
0.0323845
0.0344774
0.0230042
0.0127277
0.0503473
0.0150741
0.570673
0.0246211
0.0359252
0.0329207
0.0217777
0.0624926
0.00864061
0.0548124
0.0500309
1.5621
0.0222322
0.0113591
0.0251443
0.0273064
0.0267755
0.0486088
0.0349553
9.40547
0.0346582
0.0270042
0.013281
0.0260597
0.0234147
0.027076
0.0227167
0.0188336
0.0423827
0.0864528
0.0194063
0.02415
0.0237822
0.890767
0.02074
0.0526227
0.039919
0.0382689
0.0300528
0.019276
0.0524013
0.0179446
0.0313614
0.0227298
0.0330019
0.0468636
0.0488104
0.0258741
0.0290904
0.0150393
0.0219733
5.45256
0.0227652
0.0189105
0.0270526
0.0174912
0.0381977
0.0315603
0.027417
0.0264793
0.0314169
0.0133084
0.0324836
0.045456
0.0244576
0.0253913
0.0181847
0.027269
0.0337594
0.0278228
0.0230861
0.0672105
0.0291314
0.0269179
0.0185393
0.0406619
0.0244614
0.0176512
0.0324603
0.0578101
0.0234917
0.0155805
0.0627384
0.0119001
0.0352668
0.0194578
0.0334168
0.0183301
0.0423516
0.0327802
0.0217871
0.0234049
0.0223978
0.0780328
0.0146731
0.0130884
0.0378122
0.0446143
0.0189939
0.0246648
0.0383355
0.0295054
0.0259127
0.0306967
0.0298018
0.0145573
0.0265899
0.0230024
0.0282515
0.0159904
3.8946
0.0283822
0.0214663
0.0270806
0.0274157
0.00914123
0.0158873
0.0262985
0.0417072
0.0510157
0.0310842
0.0192468
0.0555068
0.0206406
0.0107628
0.021886
0.020425
0.0164701
0.0268433
0.0275939
0.026653
0.0275359
0.0207124
0.0155433
0.0368084
0.66501
0.0299469
0.0150816
0.0259459
0.0269633
0.0195664
0.0369947
0.0509936
29.5504
0.0346257
0.0343775
0.0126389
0.0227216
0.0499332
0.0399444
0.0183665
0.0175899
0.0353401
0.044304
0.0205883
0.0371726
0.0295718
0.0352255
0.0161092
0.022694
0.0242478
0.0480296
0.025193
0.0382486
0.0247682
0.0282198
0.0131956
0.00469416
0.0247331
0.0311361
0.0131476
0.439487
0.0203917
0.00665893
0.140649
0.0398731
0.0448884
0.0193702
0.0292344
0.03692
0.0177566
0.0248259
0.0269012
0.020023
0.0161405
0.0236319
0.0379346
0.0169473
0.0197368
0.0211849
0.031502
0.0238047
0.0350433
0.0148049
0.0242487
0.0346097
0.02685
0.0165911
0.0170949
0.043176
0.0351501
0.0123883
0.407908
0.0177662
0.0234293
0.0311748
0.0270046
0.0185686
0.0143792
0.0313598
0.013994
0.0112087
0.0328368
0.0359178
0.0292287
0.027931
0.0569576
0.0234826
0.015735
0.0162092
0.0447109
0.02854
0.0238587
0.0285795
7.7489
0.0233503
0.0575399
0.0384826
0.0318339
0.0274072
0.0201238
0.0428579
0.0225106
0.0147225
0.0119438
0.0183881
27.4234
0.045689
0.0334117
0.0476241
0.0526076
0.027634
0.0324698
0.0180093
0.0212513
0.0290253
0.0369929
0.0271915
0.0114533
0.411296
0.0231797
0.0320245
0.0161857
0.0251862
0.0330113
0.0164656
0.0335297
0.0160174
0.0153847
0.0204563
0.0559347
0.0160694
0.0330106
0.0283656
0.0225477
0.0374525
0.0188192
0.0362884
0.0217588
0.0460672
0.0253192
0.939675
0.064974
0.0282382
0.0164696
0.0309948
0.0256999
0.0259856
0.038341
0.0248824
0.0620728
0.0247071
0.020822
0.0196165
0.0208494
0.0210487
0.0144959
0.0393678
0.0168171
0.0522316
0.0142902
0.0295921
0.0447168
2.46942
0.0879476
0.058129
0.03068
0.0239285
0.0493207
0.044565
0.0272568
0.0227682
0.0259096
0.0521635
0.0582803
0.0351569
0.0316173
0.0237493
0.0293246
0.0212371
0.0204757
0.0419528
0.0495617
0.0314253
0.0174092
0.0273145
0.0166912
0.0182921
0.020082
0.0231604
0.0239935
0.0343396
0.0291157
0.0272072
0.04158
0.0347135
0.033448
0.0911772
0.0169801
0.0367202
0.0245803
0.0245498
0.031172
0.0381532
0.0499841
0.477123
0.020951
0.0447022
0.0178744
0.0515367
0.00832106
0.0319848
0.0158538
0.0429726
0.0724934
0.0174888
0.0175431
0.0435302
0.0344666
0.0266023
0.0325957
0.0293344
0.0208165
0.0188433
0.0300071
0.0275976
0.0259821
0.0297757
0.0388945
0.0398686
0.0224762
0.0137374
0.0320477
0.0247062
0.0299848
0.033012
0.0366784
5.69379
0.0465857
0.656907
0.036603
0.0321443
0.0320522
0.0875013
0.0230715
0.0250332
0.0146834
0.0231726
0.0432462
0.0308715
0.0266987
0.0395859
0.0240809
0.033723
0.0247051
0.0445208
0.0485149
0.0361311
0.019667
0.0205051
0.0240775
0.0198499
0.0182697
0.023737
0.0226332
0.0365358
0.0308418
0.0208448
4.46364
0.0457503
0.0248818
0.0291221
0.028103
0.0636565
0.0224963
0.00594868
0.0228008
0.0193051
0.019828
0.0270843
0.0228625
0.00962555
0.0208784
0.0220255
0.0241219
0.0224628
0.0105335
0.0147986
0.0199103
0.0310937
0.0223306
0.0505141
0.0338499
0.0214877
0.042098
0.0319898
0.0200303
0.0170358
0.0208079
0.0359316
0.0916393
0.0172125
0.0464241
0.0233653
0.0351971
0.0335394
0.0138007
0.0359868
0.0441111
0.0177975
0.849111
0.0234038
0.01614
0.0281393
0.0279615
0.0397832
0.035829
0.0215763
0.0265006
0.0277767
0.0273754
0.0359184
0.0157335
0.0169137
0.0194297
0.0494224
0.0288224
0.0258219
0.0162156
0.0230289
0.0250847
0.0394757
0.0171994
0.0262293
0.0203192
0.0238566
0.0494808
0.0240624
0.0223641
0.0251277
0.0625744
0.0387744
0.0240819
0.0304079
0.0169407
0.0444153
0.0338529
0.0263427
0.0292941
0.0504687
0.0176522
0.0288663
0.0431606
0.017186
0.0211362
0.0169586
0.0318601
0.01799
0.0201403
0.0230439
0.0319407
0.0320451
0.0192001
0.0172552
0.0304322
0.0354446
0.0144495
0.00680627
0.0486225
0.0370961
0.023149
0.0202541
0.0177013
0.0161881
0.0461523
0.0325495
0.0355007
0.0172976
0.022102
0.0199474
0.024078
0.0349439
0.0254286
0.023734
0.0257048
0.020757
0.0230507
0.0515194
0.0311572
0.0833353
0.0429649
0.0198006
0.0291574
0.0224551
0.0149866
0.0231732
0.0318816
0.025207
0.0201472
0.0244843
0.0397464
0.0438685
0.0206141
0.0225225
0.0315343
0.0221829
12.9006
0.0324186
0.0229674
0.0172918
0.0454621
0.0242776
0.026839
0.0227298
0.0199639
0.0216675
0.035457
0.0195791
0.0753719
0.00707511
0.0254482
0.0134355
0.0245412
0.0140941
0.0217438
0.0315634
0.016468
0.028144
0.0348475
0.0217106
0.00827311
0.0218205
0.0306208
0.0235552
0.0201274
0.0169381
0.0232347
0.0228419
0.0867856
0.0341505
0.0389539
0.0446687
0.0310352
0.0230931
0.0194615
0.0375501
0.0298395
0.0176941
0.0248696
0.0484959
0.0283899
0.0407065
0.0114248
0.0711726
0.0328008
0.0243415
0.0181991
0.0223821
0.0206644
0.459879
0.0195804
3.35392
0.0374147
0.0277885
0.0397841
0.0371854
0.0201785
0.0741927
0.0221333
0.0687736
0.0170679
0.0240607
0.0168158
0.0276541
0.0222127
0.0109536
0.0220134
0.025829
0.0123705
0.0500468
0.0268494
0.0522082
0.0297687
0.0165399
0.0193654
0.0205992
0.0171644
0.0233635
0.040456
0.0387106
0.0139489
0.0180034
0.0198053
0.0158274
0.0416074
0.0206688
0.026413
0.0298325
0.0282444
3.10945
0.0280183
0.0227784
0.0170784
0.0338861
0.0416286
0.0399696
0.0217584
0.0288691
0.0112357
0.0356369
0.074606
0.023549
0.0359769
0.0338366
0.443258
0.0216658
0.0290813
0.0500626
0.0316153
0.0168124
7.50423
0.0195688
0.0220913
0.0296051
0.0418569
0.0177291
0.0212811
0.0269208
0.0226403
0.0188626
0.0361856
0.0311348
0.0109831
0.0274307
0.0141028
0.0303442
0.0335675
0.0203572
0.0289589
0.0304777
0.0448891
0.0177751
0.0291126
0.0112373
0.00897945
0.0215212
0.0276404
0.0351452
0.0290488
0.0599313
0.0679081
0.0639417
0.0354504
0.0502787
0.0218852
0.0258375
0.0174841
0.0255658
0.0377371
0.0486041
0.0324468
0.0137496
0.0268667
0.0329505
0.0334372
0.0312275
0.0244825
0.0326332
0.018003
0.0269838
0.0132636
0.0124234
0.00909197
0.0294857
0.0429452
0.0625351
0.0206577
0.0241691
0.035133
0.0238127
0.0434993
0.0320346
0.0150734
0.0187248
0.036215
6.03572
0.022513
0.0174337
0.0174319
0.00978419
0.0618056
0.0219497
0.0226128
0.0134048
0.0397435
0.0260334
0.0205211
0.0191569
0.678207
0.014288
0.0308016
0.0190944
0.0161207
0.0132638
0.0241911
0.0197609
0.0156538
0.0382738
0.0394231
0.0309755
0.0677197
0.0191985
0.023453
0.0247443
6.91752
0.0223242
0.0405704
0.0119483
0.0521771
0.0475102
0.022993
0.0331138
0.0296398
0.0159064
0.0287028
0.0374271
0.0217512
0.0207666
0.0144538
0.0490374
0.0497018
0.0189526
0.0345192
0.0127283
0.0162669
0.0196584
0.0348936
0.0216055
0.0171074
0.0303796
0.0477365
0.0504833
0.0460668
0.0266809
0.03001
0.0285626
0.0211014
0.0330108
0.0199253
0.0337672
0.0196328
0.0369695
0.0391767
0.0269668
0.049367
0.0155602
0.0422387
0.0108914
0.0229764
0.0206669
0.0278666
0.0369168
0.0270391
0.0270394
0.0305735
0.0260339
0.0184859
0.0199682
0.0438255
0.015202
0.0470109
0.0298633
0.0366803
0.0196812
0.0628471
0.0151945
0.0224453
0.0210243
0.0491374
0.0234446
0.0215731
0.0324113
0.0413959
0.0210405
0.0463767
0.0296365
0.0200056
0.0303462
0.0102016
0.0294658
0.0288358
0.0363153
0.0391881
0.0173687
0.0368748
0.0328209
0.0349407
0.0186988
0.0352359
0.0240908
0.0207268
0.024195
0.0200876
0.0366224
0.0120527
0.0278621
0.0191698
0.0472045
0.0130617
0.0316567
0.03958
0.0184549
0.0326579
0.0227392
0.0441271
0.036364
3.36293
0.029272
0.0263977
0.0421826
0.0336991
0.0691667
0.017557
0.0271637
0.0237003
0.015245
0.0242235
0.0317102
0.0220593
0.0394733
0.0332227
0.0365226
0.0654565
0.0305695
0.0265806
0.0508689
0.0351999
0.0186316
0.0210245
0.0306473
0.0256557
0.0376575
0.0496238
0.0228934
0.0158249
0.0336082
0.0335863
0.0310446
0.0176387
0.0176744
0.0121352
0.0264034
0.0181811
0.0330427
0.0310201
0.0312064
0.0221818
0.0190876
0.03589
0.0308759
0.0262657
0.0461956
0.0193936
0.0249672
0.0469441
0.0324886
0.0245229
0.0133273
0.0146458
0.0408694
0.0483481
0.0247118
0.0636596
0.0233763
0.0753186
0.0401535
0.0303796
0.0164905
0.0437465
0.0315528
0.0428105
0.0225775
0.0188697
0.0274298
0.0289975
0.029793
0.0308385
0.0291488
0.0352311
0.0213178
0.0137705
0.0267203
0.0189557
0.0184554
0.0182277
0.0267889
0.0533908
0.0203282
0.0167411
0.0242525
0.0490261
0.0137665
0.0208854
0.012212
0.0297856
0.0244679
0.0196724
0.0218697
0.0152775
0.011974
0.0394001
0.033057
0.0306665
0.0233882
0.025824
0.0144018
0.0335762
0.0332105
0.0336996
0.0234474
0.022431
0.0136417
0.0301826
0.0279978
0.0326421
0.0351441
0.0272958
0.0286763
0.0292335
0.0421419
0.0470878
0.0243873
0.0180692
0.0390758
0.0280476
0.0106607
0.0220285
0.0281462
0.0318039
0.0522288
0.037632
0.0148768
0.034586
0.0159044
0.0222851
0.0205873
0.0254988
0.0277872
0.00800463
0.0715756
15.4809
0.0242923
0.0312962
0.0347679
0.033182
0.0197109
0.0450972
6.22629
0.0136205
0.0320505
0.0250147
0.0303689
0.026719
0.0160482
0.0171598
0.0311114
0.0260579
0.0297637
0.335845
0.0120798
0.0533219
0.018588
0.0664421
0.0162417
0.0146281
0.0200314
0.0322357
0.0153476
0.01072
0.0304553
0.0340253
0.027922
0.0375589
0.0168864
0.0296206
0.0296304
0.0417373
0.0331972
0.0108234
0.0373625
0.0446728
0.0389239
1.25832
0.0398969
0.0369087
0.0472347
0.0307185
0.0231257
0.0305123
0.0267922
0.0235003
0.0311287
0.0187319
0.0176754
0.0180612
0.0215151
0.0779707
0.0224444
0.0197328
0.0379266
0.0167925
0.018834
0.0526394
0.0317429
0.0432972
0.041891
0.020338
0.0316365
0.0272152
0.0333012
0.0209018
0.0291933
0.0211339
0.062278
0.0229147
0.0159746
0.0228341
0.0318601
0.0350716
0.01814
0.0108113
0.0406622
0.0162029
0.0245239
0.0169906
0.748548
0.0286506
0.0329823
0.0202002
0.0523472
0.0382002
0.0458638
0.0282698
0.0383844
0.0183679
0.0213554
0.0346243
10.295
0.0334743
0.0316271
0.0201238
0.0237576
0.027112
0.0166304
0.0172025
0.0166019
0.0439197
0.0141127
0.0396328
0.034548
0.0413744
0.017931
0.0219732
0.0607857
0.0250664
0.0676067
0.0297028
0.0238434
0.0326923
0.00868904
0.057019
0.0296137
0.0183983
0.0318978
0.0380468
0.0192924
0.0256215
0.0243377
0.0212404
0.0510078
0.0433292
0.0183246
1.41527
0.0143697
0.0266143
0.0433163
0.030335
0.0323108
0.0160814
0.0220708
0.0144186
0.0498974
0.0134862
0.0486526
0.0330432
0.0246174
0.033006
0.0344115
0.0241994
0.0328614
0.0283411
0.0233906
0.0210537
0.0238978
4.25853
0.0393606
0.0393172
2.97962
0.0420892
0.0295528
0.016483
0.0256209
0.0249972
0.0242256
0.0533602
0.0218448
0.0281669
0.0204242
0.0355078
0.0150404
0.0372956
0.0299819
0.0269846
0.0335366
0.0427694
0.00766905
0.0322733
0.0260336
0.0174538
0.0253342
0.0125586
0.0362781
0.0507924
0.0135559
0.0245031
0.0307739
0.0205897
0.0159245
0.0176224
0.0275765
0.0105293
0.034097
0.0286752
0.0217262
0.0393161
8.78473
0.0171023
0.0362465
0.0123315
0.0374381
0.0261303
0.0265076
0.0317472
0.0223394
0.0278035
0.0265475
0.036271
0.0202918
0.0321274
0.0240661
6.19985
0.0265203
0.00883252
0.0459849
0.0279957
2.9988
0.0262177
0.0371533
0.0406083
0.0393848
0.0120852
0.0480467
0.0267461
0.057719
0.0426446
0.0205969
0.0414294
0.0260573
0.0310775
0.0503161
0.0532296
0.0266607
0.020809
0.0211852
0.0192111
0.0182663
0.0250189
0.039897
0.0241091
0.0276655
0.0130367
0.0385318
0.0461694
0.0208041
0.0140524
0.0297399
0.0303269
0.0296375
0.0505611
0.0370821
0.0386273
0.0485988
0.0330037
0.0316559
0.022453
7.15499
0.0209857
0.0366183
0.0477137
0.0184729
0.0225803
0.0215756
0.0367964
0.0488178
0.0213244
0.0288864
0.0384577
0.0240364
0.036733
0.0414083
0.0253538
0.0436221
0.0227049
0.0366304
0.013799
0.0257908
0.0486398
0.031317
0.0199934
0.0409638
15.566
0.0240561
0.0362327
0.0197378
0.0377817
0.020962
0.0221799
0.0297562
0.0386212
0.0196225
0.0561017
0.0319125
0.0252063
0.0326532
0.0426516
0.0165569
0.0368234
0.0531461
0.0380263
0.0308685
0.771
0.037051
0.0247788
0.0299223
0.0685678
0.0288433
2.46104
0.0223044
1.43309
0.0281209
0.0170717
0.0402176
0.0177236
8.33556
0.0201278
0.0541089
0.0268708
0.052578
0.0355585
0.0331629
0.221679
0.0337168
0.0209741
0.01757
0.0315037
0.0564596
0.0234713
0.0253079
0.0282314
0.0227963
0.0249179
0.059864
0.0128269
0.0406617
0.0254911
0.0383672
0.0341387
0.0308656
0.0263508
0.0175101
0.0188929
0.0333546
0.0131738
0.0197944
0.0151242
0.062816
0.0251599
0.037544
0.0198792
0.0293674
0.0140677
0.0294792
0.0325356
0.0226256
0.0132388
0.0237115
0.0361462
0.028439
0.0182579
0.0250384
0.025936
0.0391335
0.0328376
0.0163714
0.0660235
0.00928824
0.0384777
0.0363863
0.020631
0.0127088
0.0158309
0.686862
0.0199632
0.0175352
0.0233081
2.02163
0.0427942
0.0125541
0.0213856
0.0289968
1.16737
0.389096
0.0279172
0.0305795
0.0225934
0.0153814
0.0255583
0.057357
0.0276088
0.0177969
0.0247155
0.0198229
0.0299695
0.0523957
0.0369917
0.0114079
0.0188962
0.0290663
0.0214281
0.0220976
0.039538
0.0218419
0.0354561
0.0134014
0.0306485
0.0394251
0.0161847
0.0292858
0.0236816
0.0237941
0.0397535
0.0321278
0.0201273
0.018904
0.0367183
0.0217772
0.0153786
0.034311
0.0180605
0.0299119
0.0316054
0.0447678
0.02074
0.0270371
0.0215033
1.92177
0.019584
0.0171539
0.0107837
0.0329157
0.0296645
0.0255493
0.0173741
0.0292926
0.015852
0.0162151
0.0066877
0.0426068
0.0320358
0.0269737
0.0277257
0.0254143
0.0622888
0.0365559
0.0315745
0.0389593
0.0432056
0.0576116
0.0286752
0.0276348
0.0177736
0.0333631
0.0286634
0.0261115
0.0181073
0.00690904
0.0271861
0.0249433
0.0369564
0.025425
0.0282833
0.605309
0.0177024
0.0398048
0.0263955
1.65048
0.0301786
0.0630885
0.010906
2.37553
0.0271875
0.034876
0.0127643
0.0230102
0.0380613
0.0343256
0.0326695
0.0418162
0.0337638
0.0559031
0.0175979
0.0189378
0.0278842
0.0204639
0.0112803
0.0402612
0.0333352
0.0219923
0.0300408
0.0273291
0.0270895
0.041805
0.0354354
0.05078
0.0246932
0.0172842
0.0215861
0.0278229
0.0204011
0.0116734
0.0156388
0.0371944
0.0391222
0.0230671
0.0245955
0.0248697
0.0181973
0.00929421
0.033913
0.414841
0.0359244
0.033943
0.0346391
0.0280097
0.023292
0.0226791
0.0231665
0.0263696
0.0195083
0.029686
3.38798
0.0191202
0.0226117
5.20739
0.0431357
0.0313555
0.625374
0.0287002
0.0399976
0.0488088
0.0405666
0.0373224
0.0472753
0.0220859
0.0174769
0.0147885
0.109893
0.0318072
0.0150375
0.0379186
0.0206989
0.0453168
0.0322833
0.0213873
0.040401
0.0283497
0.0236853
0.0562955
0.0172684
0.0223508
0.0186187
0.0242602
0.0470628
0.0308126
0.0469726
0.0451231
0.0348282
0.024306
0.0365052
0.025193
0.0117743
0.0287794
0.0219251
0.0249815
0.0353034
0.0508044
0.0385356
0.0251841
0.0328133
0.04064
0.073555
0.0235458
0.0141611
0.0294845
0.0167241
0.0244838
0.0281959
0.0174751
0.0202437
0.0124604
0.0305382
0.0411187
0.0624144
0.0246308
0.0325377
0.0144605
0.0218379
0.409574
0.0415525
0.0323326
0.0574846
0.027623
0.0207943
0.0387432
2.174
0.0262366
0.0192457
0.0245614
0.0206877
0.0245821
0.0191609
0.0208897
0.0637063
0.0301719
0.335581
0.10278
0.0216089
0.0304102
0.0360874
0.0309034
0.0362116
0.0389559
0.0242453
0.0370748
0.045551
0.027655
0.026895
0.033766
0.017056
0.0108409
0.0195041
0.0196662
0.0218407
0.0337156
0.0256031
0.048826
0.0217616
0.039872
0.027996
0.0172013
0.0185932
0.015859
0.0170712
0.0222005
0.0440149
2.96672
0.0158299
0.0257908
0.0331508
0.0444224
0.0301742
0.0508086
0.0112777
0.0231062
0.0205005
0.0193939
0.0435057
0.0317352
0.0429169
0.0277208
0.0215721
0.0501488
0.0412675
0.047209
0.0232553
0.0287944
0.0165275
0.0415592
0.00870179
0.0322052
0.0198509
0.0392569
0.0226357
0.0374453
0.0301949
0.033641
0.0268128
0.0297253
0.0568161
0.0261649
0.0422313
0.0210583
0.0197114
0.0358397
0.0484733
0.0453029
0.0207298
0.0296137
0.0282099
0.0343731
0.024766
0.0457419
0.0342518
0.0316169
0.0282904
0.0204263
0.0250666
0.0283818
0.0255254
0.0419621
0.0277216
0.0302644
0.024369
0.0303822
0.0246437
0.0263382
0.0313459
0.0257664
0.0196073
0.0126454
0.0179289
0.0281818
0.0309041
0.0102654
0.0104604
0.0150965
0.0309406
0.0282117
0.0188694
0.0261507
0.0158257
2.27625
0.0464879
0.0445397
0.0308013
0.0285293
2.35608
0.0557444
0.00443299
0.0150958
0.00928325
0.0178938
0.0484355
0.0279384
0.021477
0.0248304
0.0164364
0.0391023
0.0362314
0.0177925
0.03183
0.0354741
0.0404122
0.0209731
0.032331
0.0330843
0.0194263
0.0295907
0.0418748
0.0286941
0.0286741
0.0173955
0.0288456
0.0260997
0.0241157
0.0438477
0.0278557
0.0442577
0.0127488
0.0244149
0.0131634
0.0174034
0.0198352
0.0387197
0.0352946
0.0200524
0.0132612
0.0143997
7.76766
0.0454808
0.018241
0.0282355
0.0194124
0.0330953
0.0537875
2.13768
0.0187851
0.0196579
0.0206063
0.038141
0.0180759
0.0193446
0.0425651
0.0214459
0.0389344
0.0213481
3.9639
0.0315795
0.0193807
0.0350556
0.0380742
0.0175686
0.0196355
1.69554
0.0245096
7.22786
0.053881
0.0436739
0.0406203
0.0370389
0.773197
0.0379423
0.0752509
0.0412512
0.0329038
0.0373315
0.0243541
0.0387329
0.0204583
0.0202389
0.0221932
0.0533047
0.0381827
0.0326592
0.0326135
0.0236776
0.0536704
0.0268047
0.0311255
0.0313315
0.0371328
0.023045
0.0244937
0.026296
0.0273137
0.0250892
0.0289616
0.0250201
0.0152459
0.0451524
0.0379594
0.0193973
0.0192197
0.017392
0.036425
0.011161
0.0152952
0.0302343
0.0130526
0.0244661
0.0134441
0.0384021
0.0292372
0.0217351
0.0309325
0.053743
0.0310296
0.0369663
0.0350301
0.112116
0.0179437
0.0408535
0.0207718
0.0440865
0.0264039
2.91574
0.0343943
0.0323953
0.0408759
0.0156925
0.0363687
0.0134446
0.026219
0.0270997
0.0248875
0.0249576
0.0172976
0.0300746
0.026595
0.0188509
0.0235357
0.028591
0.00931686
0.0282525
0.0435302
0.0225527
0.0230268
0.0539293
0.0309925
0.0156565
0.0260576
0.0464765
0.054007
0.0222454
0.0407301
0.0453103
0.0380668
0.0245883
0.0115721
0.0261176
0.0228933
0.0460972
0.0348764
0.0121592
0.0321371
0.0312469
0.0180738
0.0182963
0.0599827
0.0170157
0.0384631
0.0364938
0.0202641
0.0224335
0.0219072
0.02351
0.0542444
0.0520271
0.0180338
0.0088
0.0399715
0.0205278
0.0410831
0.0203678
0.0268705
0.0394578
0.0200373
0.0169029
0.0208645
0.0196182
0.0515283
0.0409412
0.0228019
0.0224483
0.0157957
0.0361284
0.0145312
0.0179656
0.0367309
1.40351
0.0220841
0.0247827
0.0256196
0.0318626
0.0214073
0.0391045
0.0446327
0.0188561
0.0257065
0.0151764
0.0224592
0.0304361
0.0776705
0.0139102
0.0301451
0.0310314
0.0228751
0.0240226
0.0326942
0.0280354
0.0333768
0.0476298
0.0184007
0.0145507
0.0388751
0.0234173
0.0284261
0.0308333
0.0195933
0.0408261
0.025062
2.77772
0.0157559
0.0184655
0.0333292
0.0416431
0.0138396
0.0416306
0.0227782
0.0180658
0.00985254
0.0300594
0.0315788
0.0315411
0.0184903
0.0494578
0.0286471
0.0219654
0.0248411
0.0162749
0.0321959
0.0336628
0.0310153
0.0338656
0.067955
0.0375665
0.0258749
0.0214894
0.0163723
0.020414
0.0439562
0.0344822
0.0169843
0.0262023
0.0269359
0.022007
0.0187883
2.52596
0.0508616
0.0275496
0.0230851
0.0431292
0.0459443
0.0209884
0.0244895
0.0292275
0.0357341
0.0194853
0.0144548
0.025373
0.0245588
0.0344444
0.0271127
0.0154511
0.0354805
0.0329211
0.0185859
3.8331
0.0416809
0.0466581
0.05766
0.0451922
0.0155986
0.0279082
0.0301317
0.0457169
0.0327515
0.0366689
0.0459563
0.034764
0.0195308
0.0302483
0.024411
0.0216834
0.031876
0.0246921
0.0406013
0.024545
0.013756
0.019343
0.0250302
0.0185387
0.0311674
0.0295588
0.0325202
0.0249598
0.0376753
0.0256548
0.0329652
0.0233928
0.0300833
0.0299882
0.0405655
0.0336867
0.0359234
0.0548629
0.0343387
0.0668754
0.0223305
0.0241394
0.0259539
0.0192938
0.0150323
0.0142281
0.0519914
0.0380791
0.0186986
0.0193464
0.0241744
0.0543024
0.0366561
0.0287577
0.022198
0.017955
0.0199272
3.6979
0.0495785
0.018038
0.0229803
1.82354
0.0181956
0.0287778
0.0423008
0.023714
0.0547244
0.0353069
3.65371
0.0201318
0.0488283
0.0233529
0.0207059
0.0255309
0.0494616
0.0146903
0.0262111
0.653154
0.0295079
0.0369724
0.0267515
0.0151733
0.97037
0.0269667
4.30593
1.41743
0.0285772
0.0241746
0.0142411
0.0125949
0.0379295
0.0288351
0.0233032
0.0510295
0.0442002
0.0276897
0.0207243
0.0225178
0.0217986
2.40654
0.0245858
0.0274432
0.0286151
0.0221503
0.0279721
0.0333057
0.0238326
0.0174608
0.015662
0.0359444
0.0271266
0.0167439
0.0267342
0.0381585
0.0285512
0.0303381
0.0195313
0.0419029
0.0487123
0.020931
0.0333134
0.0368714
0.023972
0.0171088
0.0126595
0.0298905
0.0223993
0.0215218
2.35852
0.0446002
0.0284884
0.0197787
0.0315517
0.0352578
0.0382901
0.0248844
0.0259129
0.0337402
0.0202267
0.0250775
0.0134892
0.0258695
0.0226958
0.0262027
0.0257775
0.0415975
0.0200029
0.0158763
0.0231386
0.0772324
0.0207192
0.0291934
0.0303027
0.0248948
0.0207793
4.76282
0.0338382
0.0512127
0.0228245
0.0418164
0.040916
0.0309899
0.0264706
11.5715
0.028057
0.0312303
0.0129392
0.0301395
0.0275763
0.0442719
0.0147229
0.0218583
0.0443864
0.00992972
0.0245185
0.0246397
0.0317793
0.0399948
0.026134
0.785197
0.0349747
0.0210719
0.0384193
0.0229523
0.026627
0.0301938
0.0139698
0.0357474
0.0388833
0.0121848
0.02801
0.0373785
0.0258639
0.0221633
0.0188534
0.0300109
0.0137004
0.0170071
0.0225448
0.0116197
0.0226595
0.022383
0.0162768
3.35977
0.018079
0.0609113
0.0411622
0.0248804
0.0148803
0.0146752
0.01317
0.0333274
0.0416698
0.0143479
0.0184653
0.0318933
0.0161072
0.0195879
0.0186414
0.0366661
0.0471506
0.0218489
0.0419119
0.0466719
0.0172085
0.0161945
0.0253878
0.0323745
0.0120944
0.0351755
0.0213158
0.0303442
0.0280482
0.0274397
0.0299728
0.0485333
0.0351068
0.0314225
0.0191646
0.0163433
0.0438579
0.0264342
0.0398963
0.0361589
0.290292
0.0373595
0.0238877
0.0224524
0.0263402
0.0320872
0.0253089
0.0362819
0.0210201
0.0354645
0.0137053
0.0196709
0.0156674
0.0168096
0.0252505
1.89211
0.0332152
0.0233971
0.0249634
0.0375085
0.0282303
0.0305336
0.0355167
0.0359439
6.57498
0.0126638
0.0250602
0.016531
0.0362216
0.0312671
0.0165246
0.0195951
0.0392136
0.0266574
0.0384847
0.0368954
0.0335753
0.0254485
2.06145
0.0327653
0.0199946
0.0436098
0.0277877
0.0440212
0.0300057
0.0397441
0.0215285
0.0354615
0.0302171
0.0430653
0.0343099
0.0202206
0.020221
0.0520655
0.0492946
0.0193209
0.054969
0.0119778
0.022376
0.0149962
0.0190873
0.0232174
0.0220085
0.0298915
0.025329
0.0292476
0.0283681
0.0470181
0.0242161
0.0268699
0.0238379
0.0375152
0.0506237
0.0335089
0.026831
0.0463059
0.0422586
0.0193774
0.0302318
0.0277491
2.91477
0.02225
0.0297978
0.0266778
0.0205832
0.0270459
0.0239122
0.0183857
0.027897
0.0349396
0.0183842
0.0181485
0.0235851
0.0267964
0.032342
0.0378919
0.0254369
0.0251944
0.032365
0.020572
0.0621747
0.0176145
0.029596
0.0128074
0.0098025
0.0367351
0.0276178
0.0256551
0.0174875
0.0249056
0.0559955
0.021318
0.0212805
0.0156282
0.0133352
0.0216609
0.0290917
0.0468809
0.0332243
0.0323342
0.028693
0.0153376
0.0345622
0.0504902
0.0450816
0.0440315
0.0288559
0.0215289
0.0413635
0.0475803
0.0232052
0.03338
0.0202274
0.0230273
0.0203214
0.0227103
0.0163908
0.0329382
0.0320014
0.0562184
0.026122
0.0290951
0.0188413
0.0195292
0.0298913
0.0610263
0.0277419
0.0278671
0.015487
0.0431986
0.032237
0.0148565
0.0373105
0.00971112
0.0228529
0.0311911
0.0313369
1.05365
0.0231108
0.074452
0.0312171
0.0229397
0.0152924
0.0332216
0.019956
0.0464216
0.0216307
0.044347
0.0214055
1.34369
0.0310169
0.0539927
0.0226687
0.024524
0.0163964
0.0294015
0.0228797
0.0127569
0.0289397
0.0346789
0.0312162
0.0393093
0.0392718
0.0143747
0.0416311
0.0141699
0.0195506
0.01394
0.0383861
0.0436718
0.0235411
0.0227428
0.0371572
0.0299744
0.0882705
0.0326421
0.0316104
0.0279827
0.0649853
0.0218836
0.0300476
0.0204113
0.0323293
0.03029
0.0186617
0.0341115
0.0260348
0.0142508
0.00862591
0.0408271
3.08108
0.0411426
0.0354167
0.0160239
0.016386
0.0203738
0.017766
0.0174161
0.0240539
0.0311569
0.0457158
0.0392003
0.0230461
0.0509462
0.0564852
0.037308
0.0421619
0.0232765
0.0336285
1.46556
0.0297776
0.0478383
0.0248742
0.0217905
0.0335188
0.0335123
3.47435
0.0515514
0.00897506
0.0217339
0.198126
0.0687612
0.0365011
0.0474876
0.0143243
0.0263091
0.0191511
0.0121538
0.0235018
0.040356
0.18475
0.0247837
0.0274348
0.0229863
3.26242
0.0213959
0.0165958
0.0377993
0.020806
0.0129893
0.025635
0.0264968
0.0401956
0.0152684
0.02783
0.0258067
0.0215617
0.0290651
0.0151581
0.043716
0.0255611
0.0185127
0.0135873
0.0313536
0.0280847
0.0416044
0.0561541
0.040678
0.0207509
0.0220387
0.0697651
0.0350897
0.00907936
0.0399845
0.0120476
0.0585563
0.0173486
0.0213312
0.0218917
0.0350634
0.0107472
0.0138936
0.0170795
0.036443
0.0229966
0.0209702
0.0171477
0.00739464
0.0335874
0.0153348
0.0461313
0.0313026
0.0454274
0.0453942
0.0415497
0.0403663
0.0311017
0.0199176
0.0307985
0.011383
0.0503774
0.0801594
0.0250805
2.02791
0.0213952
0.0327227
0.0413374
1.31811
0.0433327
0.0116826
0.0177491
0.0246058
0.0146263
0.0204775
0.0286392
0.0461255
0.0205472
0.0226351
5.52961
0.0311462
0.0319234
0.0440589
0.0134312
0.0235285
0.0220291
0.0111139
0.0151564
0.0433146
0.017357
0.0541426
0.0303592
0.0238443
0.0612202
0.0351784
0.0119701
0.0388187
0.0228918
0.0169625
0.0298116
0.0429358
0.0221222
0.0318228
0.0322566
0.0247087
0.0273848
0.0156736
0.0273175
0.0586229
0.0153432
0.0270377
0.027344
0.0244301
0.00981414
0.0378609
0.0870786
0.0594372
0.0331082
0.0455384
0.0153125
0.0323783
0.0140621
0.010083
0.0266641
0.0319067
0.0313518
0.0190735
0.0186901
0.027282
0.0310066
0.0490457
0.0194977
0.0216472
0.0255226
0.0536525
0.0782445
0.0294971
0.0388566
0.0145084
0.0418731
0.0410626
0.0151416
0.0363834
0.0160856
0.0135469
0.0324254
0.0328359
0.0214909
0.0337077
0.012802
0.0484942
0.0334129
0.018286
0.0247612
0.0324355
0.0355408
0.0380155
0.029119
0.0155889
0.0635252
0.0240426
0.0144069
0.0248745
0.0596173
0.0362255
0.0276842
0.0589302
0.0179868
0.0238199
0.01734
0.023154
0.0119313
0.0194273
0.052113
0.0574786
0.0380732
0.0278269
0.0176413
0.0503936
0.040853
0.0109277
0.0136083
0.0208288
0.0463533
0.0364186
0.0217649
0.0212744
0.0272158
0.0465052
4.95884
0.0116683
0.0416703
0.36545
0.0292291
0.00801544
0.0376523
0.0235496
1.48209
0.0266557
0.0322148
0.0239832
0.0309368
0.0309391
0.0245801
0.0362434
0.0277805
0.0117892
0.0108557
0.019284
0.0476514
0.022221
0.0164991
0.0228429
0.0547722
0.0475502
0.0283157
0.0363083
0.0583125
0.0228591
0.0233882
0.0231754
0.0226277
0.0267914
0.0524139
5.73122
0.029724
0.0306319
0.023331
0.0368216
0.0385965
0.0336593
0.0324015
0.0321217
0.0198007
0.0271678
0.00899259
0.0314256
0.0272296
0.0264836
0.0191003
0.0499857
0.030449
0.0213551
0.0187825
0.0331509
0.011435
0.0113137
0.0165929
0.055586
0.0315466
0.021343
0.014874
0.0288764
0.0379089
0.0365367
0.0208406
0.0220942
28.6453
0.0412192
0.0284466
0.0519168
0.0189783
0.0277032
0.0233475
0.0213478
0.0208068
0.0195375
0.0336252
0.0307467
0.0270324
0.0243787
0.0571348
0.027118
0.0403351
0.033069
0.0382465
0.0311779
0.0419824
0.0141263
0.0105466
0.0162631
0.0234998
0.0408578
0.0325211
0.0364756
0.0233111
0.0267396
0.0178115
0.0154772
0.0224024
0.0249179
0.0302537
0.0212804
0.0420126
0.0297392
0.0444645
0.0296722
0.0402916
0.0374648
0.0727287
0.0365199
0.0169359
0.0275075
0.0454811
0.800352
0.0293885
0.0164452
0.0268385
0.0438103
0.0213527
0.0282214
0.0435816
0.026433
0.029907
0.0433402
0.0383374
0.0194702
0.0170075
0.0170915
0.0295249
0.0218784
0.0214578
0.0109385
0.0256581
0.0443411
0.0307275
0.876065
0.0210383
0.0344922
0.0284251
0.0285321
0.0335328
0.011285
0.0143754
0.0413378
0.0241841
0.0147265
0.026411
0.0254549
0.0172412
0.0346683
0.0374959
0.0168904
0.0323046
0.0329161
0.0366723
0.0233674
0.448755
0.0285047
0.0900646
0.0234498
0.026954
0.0213639
0.035198
0.0534472
0.0348785
0.0185648
2.27495
0.0138398
0.016932
0.0178157
0.0271126
0.0381689
0.0120341
0.0368159
0.0284057
0.0333077
0.0356923
0.0411175
0.0388989
0.0352074
0.0435254
0.0362443
0.02036
18.7272
0.0169885
0.0157384
0.0291833
0.0169744
0.0196067
0.0287152
0.0226655
0.0270316
0.0591186
0.0332387
0.0126006
0.013914
0.0375249
0.0261568
0.0265034
0.0243454
0.0152593
0.0178109
0.0325433
0.0552747
0.0220128
0.0365561
0.0335812
0.033077
0.0211553
0.0405201
0.0237873
0.0279828
0.0444313
0.0361669
0.0889286
0.0313256
0.0227809
0.0223001
0.0151012
0.044238
0.0129455
0.0410813
0.0173539
0.0249548
0.0399404
0.0256273
0.0288426
0.0279852
0.026202
0.0185091
0.0115995
0.0261242
0.0289022
0.0192184
0.0237938
0.0366818
0.0240755
0.0351548
0.0346794
0.0234379
0.0334495
0.0357314
0.050567
0.0157472
0.0152993
0.0111246
0.0497785
0.0379503
0.0452328
0.0404166
0.0268463
0.0354413
0.0305475
0.0263221
1.58154
0.0233509
0.0315338
0.0170015
0.0380781
0.037835
0.034931
0.0663131
0.0404854
0.0156349
0.0453083
0.049536
0.0143239
0.0197081
0.0185097
0.0126875
0.0242107
0.0283573
0.0229865
0.0275761
0.0195846
0.0337182
0.0229811
0.0279351
0.0355012
0.0223446
0.0274348
0.0275297
0.0428626
0.0303994
0.0510553
0.0292971
0.0549173
0.0434987
0.0311345
0.0639785
0.0281491
0.0264743
0.0300946
0.0362124
0.0242582
0.0402824
0.0323837
0.0160511
0.0255008
0.0448622
0.0263008
0.0280807
0.059517
0.0167114
0.0202424
0.0228073
0.0230444
0.0275019
0.027997
0.01757
0.0316457
0.0385921
0.0241799
0.0326499
0.0140017
1.6687
0.0166199
0.0434071
0.0138711
0.0257348
0.0365392
0.020404
0.0274989
0.0455944
0.0283178
0.0203884
0.0301381
0.0251043
0.0211649
0.0207583
0.035912
0.0259395
0.0267162
0.0334349
0.0131442
0.0165339
0.0346069
0.029794
0.0526112
0.0258638
0.0372418
0.0386929
0.0145662
0.0128402
0.0314263
0.0492101
0.011873
0.0218213
0.0235411
0.0351922
0.0217868
0.0146013
0.0306882
0.0252129
0.032613
0.0521535
0.0151556
0.0256263
0.020181
0.0390451
0.0322218
0.0370231
0.023329
0.0486271
0.0213944
0.0146985
0.0433297
0.0260484
0.0300447
0.0387182
0.0310413
0.0321665
0.0353191
0.0212555
0.0318587
0.0213888
0.0290035
0.0317145
0.0367032
0.0296513
0.0104503
0.0386044
0.0170459
0.0280813
0.0273029
0.0251113
0.0224679
0.0611686
1.22388
0.0395009
0.042846
0.0292401
0.0275699
0.0293619
0.0188292
0.0551367
0.0181499
0.0442736
0.0531716
0.030516
0.0350553
0.0253611
0.0408877
0.0492695
0.0472822
0.0285044
0.0195204
0.0140276
0.0626625
0.0190745
0.0376436
0.00820917
0.014348
0.0325097
0.0303308
0.513643
0.0326922
0.0341857
0.0223409
0.0467279
0.0468302
0.00820184
0.0314708
0.0231999
0.0268333
0.0240292
0.0234657
0.0288918
0.0280182
0.0257095
0.0306782
0.0349506
0.0286893
0.0257645
0.0437416
0.0438739
0.0370523
0.0222384
0.0651288
0.0749373
0.00956555
0.0199365
0.0206839
0.0363501
0.0212398
0.0204622
0.0330738
0.029524
0.0225042
0.0248725
0.0198368
0.0458904
0.0302707
0.026538
0.0268534
0.0197396
0.0243711
0.0166326
0.0132897
0.0343157
0.0232995
0.0178346
0.00705815
0.0325387
0.0474328
0.0285285
0.0672063
0.0342372
0.956574
0.753114
0.0171184
0.023485
0.0249487
0.0145514
0.0276067
0.0279233
0.0234669
0.0396203
0.00640618
0.0161552
0.0310328
0.0518574
0.0407592
0.0138853
0.0754797
0.0339609
0.0311913
0.0402461
0.026188
0.0376784
0.0240725
0.0456825
0.0201863
0.0340423
0.0140305
0.0298241
0.0262522
0.0378242
0.035245
0.0243835
0.0203045
0.020585
0.01894
0.0110171
0.0202778
0.0386522
0.0433646
0.0197662
0.0317896
0.0379381
0.0354848
0.0189132
0.0516357
0.0239495
0.0380622
0.024381
0.0217465
0.0335038
0.0165374
0.0316315
0.0471668
0.0370462
0.0162507
0.021491
0.0211255
0.0302296
0.0428441
0.0163944
0.0368131
0.0345764
0.0410055
0.0311708
0.0668583
0.0165311
0.0382434
0.0232898
0.079734
0.0556648
0.033482
0.0303467
0.0653985
0.0571114
0.0362018
0.0186968
1.05418
0.0344474
0.0368775
0.0239025
0.0183047
0.0293326
0.0249351
0.0381881
0.00853915
0.0461787
0.0318281
0.047026
0.0338574
0.0309715
0.0238374
0.0168271
0.0272896
0.0358042
0.034429
0.0277705
0.0427312
0.0383095
0.0309814
0.0238461
0.0546884
0.0283556
0.0414481
0.0264953
0.0225784
0.0345874
0.0433209
0.0426366
0.0155438
0.0724088
0.0244769
0.0319435
0.0333308
0.0498549
0.0342717
0.0201909
0.0282475
0.0356139
0.0275661
0.0376914
0.0374393
0.0194721
0.0329966
0.038726
0.0226145
0.0273146
0.0193419
0.0199002
0.0372828
20.1284
0.0311554
0.0189835
0.0475105
1.71043
0.0537386
0.0268981
0.0228612
0.0208293
0.0237187
0.0295923
0.0106183
0.0207313
0.0444222
0.0453641
0.0140947
0.0134041
0.00993492
0.0220302
0.0237794
0.0543103
0.0252074
0.0374532
0.0436593
0.0215952
0.0191657
0.0466514
0.0327312
0.0172805
0.0410095
0.519968
0.0359743
0.0261991
0.0393277
0.0248014
0.0165755
0.0299107
0.0378447
0.0361747
0.0224951
0.0403631
0.0389795
0.0293918
0.017396
0.0299181
0.0366896
0.030841
0.059246
0.0211147
0.0254226
0.018118
0.0287957
0.0214619
0.0201102
0.0186495
0.0356728
0.0188474
0.0253611
0.024006
0.0152817
0.0301908
0.0245421
0.0329526
0.0217661
0.0412518
0.025948
0.0228441
0.0264469
4.07893
0.0603514
0.0548961
0.0280565
0.0254638
0.0274673
0.0183026
0.011858
0.0574407
0.032369
0.0439161
0.02269
0.0190599
0.0338613
0.0243342
0.0315416
0.0417046
0.0209625
0.0252611
0.0161134
0.0333925
0.0238676
0.0306218
0.0202337
0.0206046
0.0236118
0.0297852
0.0202412
0.0180946
0.0319795
0.0165071
0.0484088
0.0482138
0.0240695
0.0476732
0.024892
0.0335572
0.0494741
0.0338784
0.0229057
0.0370269
0.0114936
0.047941
0.0330706
0.0328142
0.0215001
0.0199181
0.0308082
0.0237506
0.027066
0.0253909
0.0225708
0.0378592
0.0272685
0.0396003
0.0267968
0.0479238
0.0201294
0.0200499
0.0186303
2.79124
0.0276811
0.0212449
0.0489018
0.0278094
0.103673
0.0198417
0.0323276
0.0248605
0.0314792
0.0290744
0.0201527
0.0134986
0.0208558
0.0228253
0.0274072
0.0577534
0.0251888
0.0258861
0.0284936
0.0324736
0.0379394
0.0305751
0.0443955
0.0131737
0.0303353
0.0508477
0.0641326
0.0319228
0.0507347
0.0223978
0.0791504
0.0288872
0.0150176
0.0196542
0.0173101
0.0350184
0.0149483
0.0174395
1.79859
0.0478184
0.0350547
0.0146739
0.0215178
0.0379297
0.0142762
0.0421205
0.0807548
0.0162379
0.0250657
0.0231662
0.0137905
0.0178848
0.0287523
0.0273116
0.0287103
0.0170098
0.0354654
0.0157734
0.0322264
0.0346714
0.0241827
0.0173347
0.0136567
0.0400923
0.117052
0.0199952
0.0178757
0.0291838
0.0227347
0.0197584
0.0243135
0.0566131
0.0146106
0.0280586
0.0444967
0.00688286
0.0340918
0.0163981
0.0269158
0.175654
0.0250893
0.0278208
0.0349637
0.0299425
0.0293325
0.0320846
0.0554936
0.0280948
0.0457772
0.0319418
0.0236163
0.0227956
0.0297829
0.0172565
0.0360309
0.0212697
0.021865
0.0487255
0.0461539
3.13885
0.0667372
0.0383399
0.0199097
0.0189398
0.0368778
0.0249737
0.0261117
0.0358415
0.0301146
0.0257458
0.0511231
0.0138278
0.0200894
0.0337325
0.0292817
0.0142378
0.0195963
0.0289076
0.0118261
0.0471693
0.0268277
0.0380003
0.0153211
0.0221681
0.0136999
0.0614843
0.0265553
0.0201405
0.04635
1.12206
0.0322019
0.0277783
0.0168309
0.0229978
0.0267092
0.0716217
0.0245986
0.050236
0.0607202
0.0183879
0.0282715
0.0369937
0.0248151
0.0432633
0.0442743
0.0594139
0.0287774
0.0368285
0.0315215
0.0302556
0.0226096
0.0238374
0.0278355
0.0264221
0.0185972
0.0267249
0.0468777
0.0317363
0.0226978
0.0247527
0.0431673
0.0616853
0.0532719
0.0411758
0.00923258
0.0316124
0.0173802
0.0214973
0.0462863
0.0353504
0.0161902
0.0695902
0.0393258
0.0148066
0.0293643
0.0135973
0.0161449
0.0333292
0.0299504
0.0483898
0.0191765
0.0411949
0.0240428
0.037539
1.53714
0.0267584
0.0494249
0.033866
0.023286
0.0170964
0.0489642
0.0246459
0.0354429
0.0394394
0.0435582
0.0163424
0.0381611
0.0447747
0.0658397
0.0191136
0.0226741
0.0229444
0.0413248
0.0272165
0.0315913
0.0219532
0.0126352
0.0174285
0.0228045
0.0650528
0.0542668
0.0175456
0.0683431
0.0308621
0.0299138
0.0351754
0.016594
0.0442998
0.0192118
1.13179
0.0328274
0.0231864
0.0311442
0.0278072
0.0225202
0.0336485
0.0258874
0.0154847
0.0327302
0.0161602
0.0257739
0.019091
0.0357947
0.0209917
0.0234313
0.0240087
0.042936
0.00916842
0.0190641
0.0337957
0.0345816
0.0218689
0.0344898
0.0232219
0.0205626
1.27058
0.0244804
0.0231627
0.0363985
0.0196973
0.0312461
4.48159
0.040191
0.0177447
0.0341193
0.0211529
0.0297612
0.0137595
0.0365595
0.0359492
0.0119629
0.0459099
0.0123095
0.0302979
0.0125038
0.0198423
0.0386139
0.0292662
0.0319921
0.0311618
0.028928
0.0250977
0.0163467
0.0231068
0.0309996
0.0203724
0.0185129
0.0281748
0.0303801
0.0205426
0.0290563
0.0349575
0.0311464
0.0283296
0.0394034
0.0653574
0.039308
0.065864
0.0463665
0.0304466
1.31712
0.0141101
0.0268101
0.0126115
0.0344812
0.0214194
0.0292086
0.0158537
0.0284355
0.038556
0.0298174
0.0143898
1.81815
0.0222552
0.0121845
0.0107959
0.0183575
0.0390642
0.0183094
0.0249302
0.0230799
0.0221714
0.031086
0.0168996
0.0386699
0.0205791
0.0418509
0.0396726
0.0193882
0.0300056
0.0220628
0.0273808
0.0167307
0.041598
0.0213656
0.0235343
0.034387
0.0347183
0.014147
0.0594148
0.0123638
0.0227457
0.0285808
0.0286465
0.0238205
0.0105897
0.0133752
0.017806
0.0129154
0.0101858
0.022717
0.0136866
0.0349162
0.0316636
0.0407888
0.0139306
0.0220594
0.0238977
0.0175091
0.0101908
0.0236124
0.0275144
0.0226211
0.0260281
0.0231494
0.0159374
0.0247297
0.00985066
0.0269178
0.0302958
0.0384521
0.0251736
0.0384217
0.0295456
0.0302947
0.0127932
0.0324194
0.0348889
0.0363507
0.0297075
0.0260027
0.0265377
0.0191322
0.0142918
0.0318969
0.0416591
0.0216381
0.0509415
0.0150523
0.0178646
0.0235845
0.0489934
0.0201671
0.0517317
0.0307075
0.0109722
0.0325256
0.0364162
0.0224101
0.0348577
0.0154576
0.0282501
0.0281854
0.0233291
0.0144286
0.0405885
0.0132669
0.054132
0.0253684
0.0190368
0.0304777
0.067018
0.03706
0.0207181
0.0241722
0.0211214
0.0380933
0.0156732
0.046983
0.0293778
0.0288813
0.0252254
0.0260299
0.0333564
0.0145315
0.0375651
0.0282125
0.0174578
0.0336118
0.0229281
0.0622443
0.0365458
0.0182968
0.0383202
0.0710272
0.0440623
0.0279907
0.0127041
0.0300364
0.0397539
0.0272045
0.0418328
0.0385516
0.0217149
0.0442286
0.0115379
0.0261328
0.0195954
0.0530882
0.0283943
0.027105
0.0227483
0.0175406
0.0228508
0.0264845
0.0252398
0.0345592
0.0336319
8.98603
0.031947
0.0355313
0.022084
0.0195652
0.0306756
0.0199927
0.0285755
0.0328612
0.027071
0.027685
0.0326397
0.0307103
0.0527306
0.025181
0.0224519
0.0172004
0.798164
0.0280308
0.0129033
0.0281279
0.0359261
0.0259985
0.0313423
0.0323452
0.0237201
0.0340929
0.0163922
0.0335056
0.0488708
0.0176977
0.0467295
0.0140367
0.0160081
0.0192164
0.0272053
0.0281911
0.0496453
0.0373381
0.0150144
1.27919
0.0311643
0.033108
0.0158114
0.0245065
0.0317362
0.0235992
0.0514834
0.0192181
0.0259873
0.0146455
0.0171118
0.0210107
0.0485374
0.0246204
0.0290176
0.0245057
0.0171446
0.045637
0.0195964
0.0167693
0.0256365
0.0385549
0.108866
0.0299572
0.0195922
0.0363959
0.0247864
0.0545682
0.0187509
0.0356682
0.0302601
0.0383687
0.0235966
0.0302494
0.0246084
0.0246912
0.0342183
0.0285811
0.0388448
0.030025
0.0318637
0.0193882
0.0237613
0.03053
0.0101398
0.0156282
0.0211727
0.0211583
0.0218391
0.0139571
0.0552501
0.017954
0.0199892
0.0397133
0.00861951
0.0226076
0.0162346
0.0270317
0.0360387
0.0308644
0.0282782
0.0163034
0.032195
0.0274285
0.014272
0.0318426
0.045912
0.0289437
0.028255
0.0437534
0.0280866
0.0403905
0.0223176
0.0313143
0.0325884
0.0364553
0.0479589
0.0516222
0.022935
0.03965
0.0145345
0.0313699
0.0721793
0.0373945
0.0166229
0.0983886
0.042775
0.00681591
0.0566999
0.0291885
0.0202552
0.0352124
0.0381684
0.019335
0.0122478
0.0683747
0.0525777
22.5914
0.014613
0.0273428
0.0431129
0.0376616
0.0296797
0.0215444
0.0178306
0.0116432
0.0356382
0.0178312
0.0256203
0.0168918
0.0365032
3.88549
0.0421456
0.0227117
0.0180164
0.0415491
0.0597067
0.0199875
0.0315245
0.0272351
8.41956
0.0331536
0.0256512
0.0374505
0.0131728
0.0281884
0.0542813
0.0333325
0.015477
0.0242748
3.57687
0.0301505
0.0250457
0.0218795
0.418879
0.0305008
0.044532
0.0345775
0.0221475
0.0165043
0.0281538
0.0206294
0.0746093
0.0234563
0.0319982
0.0583932
0.0234943
0.0255609
0.033796
0.0285862
0.0162362
0.0476457
0.0285896
0.0257455
0.0316079
0.0288164
0.0182955
0.0137267
0.0353745
0.0286489
0.018358
0.221052
0.0287817
0.0478376
0.0271491
0.054546
0.0160305
0.0155139
0.0312384
0.0373524
0.0225417
0.0123253
0.0192916
0.016204
0.0365805
0.0325377
0.0221192
0.0569247
0.0416726
0.0321395
0.0234697
0.019682
0.0117707
0.0637101
0.0321018
0.0190685
0.0197629
0.0330048
1.59989
0.026249
0.0328568
0.0115646
0.0264153
0.0373829
0.0375447
0.0307199
0.0297948
0.0137615
0.0372008
0.0587418
0.0367074
0.0282528
0.0207799
0.0291925
0.0202869
0.0214346
0.0627497
0.019905
0.023385
0.0397655
0.0621686
0.024864
0.0505938
0.0253298
0.017267
0.0173304
0.0471289
0.0394774
0.0276961
0.0370253
0.0245521
0.0264741
0.0295257
0.02639
0.0231222
0.0237207
0.0702333
0.0279101
0.0247384
0.0185282
0.0360295
0.0170807
0.0236159
0.0311942
0.0202038
0.0373468
0.016236
0.018421
0.0264257
0.0299234
0.0318097
0.0366997
0.034619
0.0250924
0.0215435
0.0258678
0.0185043
0.0461011
0.0165855
0.0342057
0.019233
0.0338739
0.0316609
0.0304282
0.0217644
0.0238378
0.0620881
0.032877
0.0204378
0.0308142
0.0132034
0.0230768
0.031862
0.0166326
0.0266358
0.0409799
0.0216204
0.0380893
0.0421241
0.0294673
0.0460408
0.032799
0.0590418
0.0376309
0.043745
0.0338235
0.0233787
0.0240178
0.944216
0.0216814
9.95786
0.0185467
0.0182837
0.0269531
0.0257005
0.0366985
0.0227107
0.0460814
0.0156148
0.0424711
0.0226593
0.0203937
0.047994
0.018284
0.0354297
0.0213558
0.0431717
0.0521873
0.0362222
0.0265192
0.0126705
0.0164856
0.0319149
0.0376307
0.0302259
0.0486297
0.0178287
0.0258721
0.0247311
0.0268714
0.0412053
0.0325603
0.0202322
0.031735
0.0389887
0.0304524
0.0306617
0.0165982
0.0437628
1.45575
0.0294091
0.029241
0.0270372
0.0161884
0.761727
0.0160822
0.0296305
0.0219376
0.0337465
0.0896046
0.0373018
0.0231908
0.0272816
0.0418616
0.0179497
0.0241717
0.0343478
0.0390005
0.024909
0.0261817
0.0328311
0.0236817
0.0228988
0.0387679
0.0191923
0.0244139
0.0425584
0.0250039
0.0321926
0.0263736
0.0528701
0.0342969
0.0370834
0.0258508
0.0196876
0.0325073
0.0180673
0.0166841
0.0193491
0.013946
0.0160822
0.0262573
0.0171024
0.0128005
0.0265506
0.0573699
1.19008
0.0152199
0.79053
0.0249683
0.0190971
0.233008
0.0163569
0.0355005
0.0276316
0.0176886
1.0634
0.0229806
0.00578062
0.0112681
0.0401381
0.0188435
0.0280509
0.183765
0.424655
0.0222538
0.0135126
3.01009
0.0348499
0.0344724
0.0185872
0.0172916
0.0249054
0.0239784
0.0581991
0.0231151
0.0233067
0.0145131
0.02631
0.0134307
0.0279544
0.0201138
0.0178448
0.0186571
0.0149051
0.0258749
0.039494
0.0472436
0.0618409
0.03353
0.0134096
0.0133483
0.0368508
0.0203595
0.0248614
0.0511432
0.0400957
0.0148112
0.0391745
0.0318916
0.0215177
0.0297424
0.0264835
0.040587
0.0247928
0.0085799
0.0352618
0.0470043
0.0290203
0.0306462
0.0142203
0.0327411
0.0379853
0.0255153
0.0354482
4.90421
0.0473567
0.0222806
0.0487729
0.0244953
0.0323638
0.0227366
0.0157882
0.0127887
0.0219305
0.0453884
0.0221074
0.225738
0.0127538
0.0314684
0.0364073
0.0279383
0.0215632
0.0221246
0.0151892
0.0511692
0.0322109
0.0239802
0.0242778
0.0240181
0.0231519
0.0231485
0.0292474
0.0225575
0.0318258
0.0400339
0.030976
0.0165051
3.36238
0.0207462
0.0560034
0.037683
0.0174709
0.0147686
0.0319038
0.0189523
0.0158536
0.0294111
0.0280885
0.0279055
1.31785
0.0223608
0.0432859
0.00581971
0.0396218
0.0452619
0.0230571
0.0429282
0.0354638
0.0244699
0.0440071
0.0324579
0.0791072
0.0296216
0.0290837
0.0352651
0.0138039
0.058725
2.03397
0.0168216
0.0508206
0.0139622
0.0160224
0.018483
0.0224348
0.0164111
0.0440409
0.0277777
0.0262634
0.0211464
0.0297943
0.0345683
0.0517574
0.029117
0.0229535
0.0120429
0.0407477
0.239487
0.0293675
0.0260496
0.0110167
0.0311571
0.0325149
0.0259892
0.0458038
0.0185394
0.035602
0.0265539
0.041216
0.0269775
0.0391431
0.04172
0.0211991
0.00812345
0.0278338
0.0217246
0.0165348
0.0275303
0.0210012
0.0256222
0.0461977
0.0260462
0.0387107
0.0268092
0.0234438
0.022827
0.0196983
0.0365299
0.0211035
0.0220756
0.0186766
0.0130026
0.0208379
0.022283
0.023456
0.0234335
0.0085799
0.0274098
0.0232012
0.0692037
0.0320353
0.0344261
0.0111414
0.0351337
0.0310288
0.0205233
0.0234416
0.0382397
0.0123713
0.0341836
0.0192501
0.0439977
4.1556
0.0212437
0.026666
0.0322672
0.0130696
0.0136258
0.0205651
0.0247876
0.0392218
0.0258959
0.024221
0.0228107
0.024444
0.0355971
0.0125348
0.0185249
0.023163
0.0309411
0.0268087
0.00962723
0.0318067
0.0317453
0.0485467
0.0282165
0.0232335
0.0157062
0.0465038
0.0114794
0.0351624
0.0312701
0.0408176
0.0240457
0.0689666
0.0314679
0.0110059
0.0225022
0.0194782
2.13875
0.0308067
0.0262784
0.0120535
0.0245907
0.0295457
0.0387564
0.0203563
0.0964941
0.0201001
0.0279309
0.0222907
0.0158202
0.214377
0.0426695
0.0458114
0.0162516
0.0240109
0.0308563
0.0271905
0.0207743
0.0243425
0.010059
0.0393345
0.0221581
0.0350355
0.0338142
0.0309233
0.0617813
0.0163567
0.0192705
0.0269332
0.017957
0.024108
0.0341072
0.0167062
0.0184982
0.040321
0.0428918
0.0364614
0.0407683
0.0240755
0.0532604
0.0275027
0.0295832
0.0291503
0.026495
0.0468099
0.0454943
0.0589888
0.0153572
0.0158308
0.0201654
0.0341935
0.0249217
0.0184307
0.0164056
0.0123902
0.0143704
0.034512
0.0776394
0.0644696
0.0227822
0.0223562
0.0135576
0.0276356
0.0265121
0.0536291
0.0297258
0.0569216
7.70796
0.0375636
0.0256989
0.022407
0.036427
0.0251005
0.0367145
0.0138982
0.0251953
0.0239677
0.015789
0.0220115
0.034937
0.0385835
0.015123
0.0394498
0.0373717
0.0225099
0.0149493
0.0257432
0.0225609
0.0243179
0.0269676
0.027587
0.0207947
0.0247793
0.0253093
0.0293754
0.028536
0.0240659
0.02396
0.0317504
0.0193444
0.0131623
0.0231029
0.0293181
0.0240354
0.0368935
0.0141859
0.0117397
0.0365602
0.0231367
0.0138605
0.0331302
0.0335059
0.0339377
0.0169982
0.0132303
0.0192508
0.024051
0.0287814
0.0264957
0.0253536
0.0164869
0.0187346
0.0213279
0.0281142
0.0247908
0.0361398
0.0196313
0.0198184
0.0386379
0.0415304
0.0320983
0.0292323
0.0204407
0.0496054
0.0428373
0.0240872
0.016362
0.0165609
0.0408964
0.0139982
0.043905
0.0118964
0.0212357
0.0436123
0.0373137
0.0500135
0.028278
0.0346025
0.0244307
0.0400306
0.0268442
0.0373162
0.0162312
0.0259934
0.0105571
0.0142349
0.0226387
0.0196306
0.0177442
0.0404678
0.0261656
0.0316447
0.0180209
0.0217486
0.0411149
0.0522997
0.0287155
0.0307656
0.0465376
0.0368279
0.0221129
0.0241123
0.0335574
0.0178275
0.0278412
0.0234809
0.0396998
0.0296407
0.0408535
0.0180561
0.0153163
0.0267415
0.0285679
0.011949
0.0366023
0.0250998
0.0309802
0.547946
0.0395051
0.0409483
0.0172961
0.0357318
0.019159
0.0432155
0.0450377
0.0386347
0.0315425
0.0319877
0.0209254
0.0266816
0.0192152
0.0206447
0.0367425
0.0327451
0.0203571
0.0208018
0.0400314
0.0171815
0.0675222
0.0419434
0.036361
0.0473208
0.0370529
0.0496696
0.0226564
0.0265562
0.0412198
0.0824193
0.033987
0.0143235
0.0148883
0.0219093
0.0198824
0.0219953
0.0283592
0.0289021
0.0263876
0.0255959
0.0418622
0.032893
0.0206579
0.0236402
0.0331406
0.0403456
0.0241139
0.0514917
0.0232253
0.0142336
0.0281605
0.0205756
0.0258675
0.0288101
0.0854194
0.0215389
0.0241031
0.0187441
0.0493573
0.0427439
0.019541
0.0433385
0.0158948
0.0362417
0.0125879
0.0161957
0.0383068
0.0179855
0.0233481
6.19185
0.0451253
0.0321177
0.0277145
0.0237947
0.0272454
0.0147017
0.0252543
0.0248563
0.0152309
0.029896
0.0195399
0.0662683
0.0256079
0.0263124
0.0351351
0.0335981
0.0321909
0.0221226
0.0575469
0.0256783
0.0157342
0.0542157
0.0150716
0.0336728
0.0286001
0.0141489
0.023442
0.0250781
0.0141307
0.014042
0.0298344
0.0339393
0.0177005
0.0255016
0.0149797
0.0345282
0.0310583
0.0306924
0.0493767
0.0310383
0.0215251
0.0440005
0.040002
0.0332423
0.0648911
0.0392541
0.285006
0.0476764
0.0434178
0.0463445
0.0285151
0.0255776
0.0324836
0.0288984
0.0257526
0.0366652
0.0194319
0.0429096
0.030239
0.0224353
0.0490241
0.0275059
0.696712
0.0291707
0.0332634
0.0211995
0.0303356
0.0298873
0.0346858
0.10291
0.0280296
0.0263934
0.0394943
0.0154779
0.0346041
0.0278254
0.011325
0.0126352
0.0220519
0.0245213
0.0190145
0.0146304
0.0530494
0.0377869
0.0289184
0.0351038
0.0355041
0.0353111
0.0406894
0.0364519
0.0341244
0.0285596
0.0312752
0.0366535
0.0187048
0.0366109
0.0219254
0.0283765
0.0272336
0.0310993
0.0390263
0.0143345
0.0560028
0.0227933
0.0261626
0.0559982
0.0201694
0.0259326
0.00919283
0.0336795
0.0306773
0.0270329
0.0570163
0.0298963
0.0208692
0.0272627
0.0212177
0.014098
0.0169562
0.058706
0.0389564
0.0395935
0.0487128
0.0345126
0.0228551
0.0191129
0.0573667
0.0248109
0.0411892
0.0176364
0.0191955
0.0220552
0.0143808
0.0340986
0.0346295
0.0276353
1.95609
0.0254298
0.0416095
0.0317765
0.0474802
0.0210318
0.039481
0.0291025
0.034875
0.0134345
0.0216582
0.0150162
0.0214981
0.0303368
0.0174832
0.0232276
0.021321
0.0300035
0.0326579
0.0250218
0.023935
0.0373586
0.0366424
0.0337105
0.0232839
0.0170569
0.0394374
0.0242689
0.0321848
0.0248442
0.0234801
0.0212819
0.0227019
0.0266572
0.0201534
6.52146
0.0116448
0.016517
0.0196757
0.0177604
0.0281435
0.024912
0.0163387
0.0230049
0.0557552
0.0138796
0.0215357
0.0192282
0.0240152
0.0380326
0.0101376
0.0165203
0.0212013
0.0232116
0.0162695
0.0296811
0.0241018
0.0479248
0.498842
0.0527826
0.0287116
0.0201038
0.031176
0.0363835
0.0135161
0.0175759
0.0353265
0.0351187
0.0176262
0.0285485
0.570778
0.0348452
0.0496994
0.0183789
0.0127751
0.0351934
0.0301665
0.0268903
0.0191466
0.0231761
0.0428357
0.0486139
0.0218863
0.0194461
0.0433112
0.0322215
0.0213663
0.0361725
0.0143264
0.0477245
0.0111769
0.0218481
0.0416088
0.0292007
0.0193772
0.0611765
1.68322
0.0273607
0.0183708
0.0630475
0.0461476
2.53541
0.0147389
0.0363271
0.0206524
0.0338961
0.0233171
0.0336431
0.0392489
0.0204915
0.0131834
0.0141701
0.0124252
0.0278651
0.03283
0.0393892
0.0258586
0.428956
0.0186031
0.0292263
0.0313366
0.0637368
0.0244945
0.469478
0.015989
0.0329963
0.0162349
0.044375
0.021815
0.0218536
0.00990678
0.0272217
0.0238975
0.0317387
0.0501514
0.0343722
0.0385538
0.0312867
0.0267877
0.0148365
0.0229097
0.039209
0.0481441
0.0365974
0.0239222
0.0209111
0.650681
0.0516237
0.0506852
0.0111288
0.048117
0.0238078
0.0662188
0.0254915
0.0311598
1.29115
0.0393022
0.0253802
0.0183427
0.0278265
0.0158891
0.0413107
0.0311771
0.0184247
0.0150355
0.028862
0.0335343
0.0318867
0.0346087
0.0265672
0.0341752
0.0240723
0.0185468
0.0304216
0.0395807
0.0284168
0.0157709
0.0427435
0.0321707
0.0295195
0.0284463
0.0278668
0.0465414
0.0367159
0.045114
0.029285
0.0139205
0.0527864
0.0469035
0.0289796
0.0283783
0.0268829
0.0207435
0.023906
0.0266964
0.014751
0.0391253
0.0231923
0.0115403
0.0158305
0.0211165
0.0236848
0.0376054
0.0332824
0.0504578
0.0250411
0.0327717
0.0191793
0.0207667
0.0179931
0.018554
0.0276943
0.0384191
0.0128745
0.0196212
0.040031
0.0170293
0.0333011
0.0246479
0.0307866
0.0634002
0.0328434
0.0205227
0.015638
0.0329653
0.022568
0.0347259
2.27214
0.0267064
0.0365069
0.019269
0.0460131
0.0208803
0.0355473
0.0320478
0.04207
0.0222153
0.0259007
0.0259774
0.0220654
0.0328706
0.0270101
0.030161
0.0270058
0.0689482
0.0218406
0.0446049
0.0103945
0.0158136
0.0285474
0.01642
0.0296807
0.0252919
0.0106574
0.022054
0.0406172
0.0352865
0.0170893
0.0257277
0.0313459
0.0393424
0.0505735
0.0323502
0.0353731
0.0295202
0.0189854
0.648198
0.0478076
0.0253147
0.0252347
0.0147842
0.014839
0.0125463
0.0154488
0.0256667
0.0436062
0.0334822
0.0600688
0.0280137
0.0228657
0.0335068
0.0146299
0.0393475
0.0189733
0.0313103
0.0159109
0.0327722
0.0330069
0.0211286
0.0297646
0.0179484
0.99034
0.0136013
0.019125
0.0155971
0.0411582
0.0233303
0.0317713
0.0308725
0.0301177
0.0230313
0.0153906
0.0125448
0.0275961
0.0183048
0.185284
0.0300662
0.0133388
0.0410895
0.0118379
5.36912
0.0709311
0.0318334
0.0474229
0.0139362
0.0354077
0.0126582
0.0259606
0.0260791
0.0210747
0.0344635
0.0412593
0.0280888
0.0300147
0.0149455
0.0114139
0.0235904
2.06345
0.0342974
0.0238201
10.3704
0.022816
0.0277184
0.0333433
0.0200635
0.0289878
0.0220692
0.0222477
0.0138244
0.0459424
0.0208952
0.0347273
0.0196308
0.040685
0.0304251
0.0228803
0.0312715
0.0218263
0.0311778
0.0196619
0.0263545
0.046157
0.0334066
0.0307179
0.0301251
0.051409
0.0476811
0.0342305
0.043056
0.0300709
0.0261164
0.0386385
5.14674
0.0177006
0.022286
0.056273
0.0150402
0.034751
0.0427491
0.0268557
0.0312373
0.0249865
0.0255578
0.0199781
0.0322152
0.0349032
0.0346531
0.046539
0.0490272
0.0260598
0.0420213
0.0219013
0.0280349
0.0231135
0.0410731
0.0135044
0.0240838
0.0187079
0.036195
0.81968
0.0388614
0.0271787
0.0378107
0.0254491
0.0228949
0.0633902
0.0700352
0.0604749
0.0450639
0.0302615
0.0456832
0.0281825
0.498368
0.0227551
0.0627463
0.021361
0.0232754
0.0851367
0.0145033
0.0208748
0.0199448
0.0538424
0.0282505
0.0159838
0.0229127
0.0370951
0.0279059
0.0330861
0.0331167
0.0291145
0.0288852
0.0282427
0.0385529
0.0294595
0.0100891
0.0118877
0.0586701
0.0387764
0.0226589
3.7889
0.0293718
0.034037
0.0341938
0.0364628
0.0343495
0.0287802
0.0273551
0.0273766
0.0234063
0.0301684
0.0230749
0.0274266
0.0251765
0.0295825
0.0105356
0.0266659
0.0280121
0.0265394
0.0188134
0.0789682
0.0212627
0.030534
0.026147
0.0148967
0.00772111
0.0281171
0.0302829
0.0177537
0.0284051
0.0158501
0.0157627
0.0392173
0.0229914
0.027791
0.0262319
0.0329681
0.0209567
0.0173355
0.0282941
0.0348657
0.0241516
0.0363628
0.0271196
0.0530681
12.0635
0.0523085
0.0254203
0.0195268
0.0137811
0.0353468
0.0186282
0.0218017
0.0370351
0.0293876
0.0225544
0.019257
0.0267069
0.0161342
0.0228151
0.0307333
0.0193211
6.23781
0.0310645
0.0149274
0.0331826
0.0175963
0.0221068
0.0262645
0.034571
0.0326043
0.0392505
0.0166642
0.0317483
0.00884694
0.0369972
0.0187991
0.0401231
0.0349219
0.0412914
0.0655676
0.0515974
0.0240332
0.0249568
0.0265512
0.0464517
0.0180204
0.0186346
0.0202135
0.0106929
0.0226967
0.0210155
0.00979105
0.0406396
0.0149604
0.0297672
0.0400174
0.0218097
0.0211662
0.0217156
0.0261162
0.0351677
0.0522182
0.0132715
0.035943
0.0317342
0.0252198
0.0147593
0.0343053
0.0487954
0.0159659
0.0159484
0.0219766
0.0272306
0.0285329
0.0367563
0.0552513
0.0219842
0.0349094
0.0328428
0.0258684
0.0289468
0.0201896
0.0200291
0.0248482
0.0293155
0.00953801
0.0329843
0.0201082
0.0210603
0.0321032
0.0200027
0.0270543
0.456837
0.0165414
0.0135393
0.0325985
0.034434
0.014158
0.0403476
0.0230854
0.0203411
0.0186014
0.0281825
0.021009
0.017507
0.0343702
0.0145919
0.0205859
0.0241888
0.0108474
0.0276285
0.0306698
0.0427389
0.0264511
0.0281047
0.0562954
0.033718
0.0466604
0.011709
0.0202262
2.04908
0.0106682
0.0316202
0.0204465
0.0161003
0.0332378
0.0143732
0.014644
0.0492346
0.0428097
0.0224597
0.0355615
0.0223884
0.0445555
0.0232047
0.0284876
0.0204859
0.0218206
0.00943688
0.0187385
0.0237733
0.01881
0.0454443
0.0290898
0.0257044
0.0274257
0.0257121
0.0484453
0.0270668
0.0312299
0.0312212
0.0221955
0.0211261
0.0158598
0.029142
0.0363207
0.0227389
0.0541259
0.0142002
0.0285582
0.0251614
0.0208805
0.0341827
0.0182886
0.0240319
0.0334002
0.0141653
0.0190402
0.0123411
0.0309735
0.0139068
0.0297539
0.0309163
0.0226577
0.0257525
0.0241999
0.0401304
5.5307
0.0240129
0.0199051
0.0381417
0.0397986
0.0156625
0.0359199
0.0223345
0.0241529
0.0244051
0.0416001
0.032653
0.0619111
0.0308411
0.0218652
0.0290622
0.0396405
0.0401854
0.0179313
0.036183
0.0270246
0.0855673
0.025588
0.0245615
0.0270488
0.0276641
0.0206646
0.0379546
0.0265991
0.0270073
0.0312465
0.0154455
0.0317827
0.0222965
0.0504601
0.0312086
0.0221725
0.0254856
0.0307199
0.0209941
0.0252757
0.472803
0.0274447
0.0756595
0.0207788
0.0414877
0.0456885
0.0234127
0.0352369
0.0147505
0.0176075
0.0596619
0.0300166
0.0258219
0.0265797
0.0283923
0.0459349
0.0151079
0.0424161
0.0107202
0.0476931
0.0310782
0.0284243
0.0235599
0.0281701
0.0201037
0.0149631
0.0412634
0.0379584
0.0208052
0.0301349
0.0394937
0.0351074
0.0175774
0.0513156
0.0209519
0.0524553
0.028003
0.0168427
0.0306364
0.0232557
0.0558402
0.0179134
0.0265969
0.0130678
0.0151531
0.045099
0.0526079
0.0269144
0.0398126
0.0253252
0.0367187
0.0336122
0.034748
0.0287049
0.0195784
0.0342217
0.0436402
0.0374261
0.0187055
0.0295283
0.0191788
0.0648808
0.0269116
0.035742
0.0162955
0.0254558
0.0441502
0.0279145
0.0397626
0.0324747
0.03514
0.0301365
0.0422171
0.0193464
0.0194078
0.0321962
0.037255
0.05328
0.0290068
0.0287253
0.0175063
0.0282054
0.0323584
0.0225903
0.0147283
0.0323582
0.0170963
0.0293367
0.038634
0.0558505
0.0193676
0.0174251
0.0264861
0.0288186
0.0461627
0.0322025
0.0189103
0.0324463
0.030934
2.99976
0.0527017
0.031173
0.0314934
0.0284015
0.0167898
2.2672
0.0141346
1.27319
0.0226946
0.0206752
0.0218649
0.032031
0.0410394
0.0377473
0.0577226
0.0286391
0.0216325
0.0350643
0.0542033
0.0188288
0.0160437
0.0312249
0.0557457
0.0170086
0.0353268
0.0250429
0.0233889
2.51296
0.0169326
0.0406268
0.0218828
0.0162009
0.0231991
0.0282042
0.0364015
0.0404838
0.0212062
0.0282475
0.0358927
0.0267673
0.0294142
0.0247017
0.0260919
0.040592
0.0173087
0.0301103
0.0217268
0.0130405
0.029705
0.0259904
0.0327716
0.0264544
0.0392852
0.0220133
0.0391472
0.0245615
0.0193633
0.014101
2.68281
0.0265167
0.0355401
0.00873014
0.0337971
0.0359184
0.0354145
0.0216782
0.03903
0.011083
0.0230618
0.0144525
0.0281407
0.0297475
0.0155567
0.0220625
0.0255015
0.0258682
0.0197466
0.017608
0.0366195
0.0216737
0.0227328
0.0163833
0.0283554
0.0294266
0.0239288
0.00970184
0.0451739
0.0347141
0.0238382
0.0269057
0.0149806
0.039796
0.0281181
0.0210692
0.0325741
0.0281198
0.0414652
0.0166146
0.0169936
0.0268409
0.0498471
0.0157287
0.015639
0.0406075
0.038019
0.0275634
0.0253988
0.0231164
0.0147711
0.0185441
0.0215301
0.00978737
0.0252692
0.033381
0.0366582
0.032124
0.0234087
0.0211583
0.0294253
0.0326239
0.0235166
0.0237027
0.0242043
0.0266643
0.0249461
0.0218104
0.0261429
0.0271664
0.0338568
0.0277879
0.0443937
0.0254018
0.0253167
0.0230493
0.0420371
0.0281383
0.0184342
0.0260936
0.0209537
0.0177842
0.0390906
0.0387268
4.80168
0.0506765
0.0254807
0.0157208
0.0231609
0.0165857
0.0221463
0.0325331
0.0371978
0.0239528
0.0731463
0.0285995
0.0240671
0.033967
0.0303372
0.0398333
0.0244944
0.0236786
0.0143315
0.0210288
0.0357323
0.0350661
0.0496349
0.0368591
0.0360221
0.0231294
0.0440483
0.0200982
0.0338188
0.0139222
0.0302513
0.0207506
0.0244647
0.0277048
0.0458492
0.0287266
0.0585374
0.0145189
1.31062
0.0206737
0.0414469
9.24964
0.452606
0.0400165
7.6996
0.0217435
0.0169181
0.0174443
0.0300404
0.0203513
0.0414879
0.0544172
0.0273279
0.0325538
0.0309269
0.0230349
0.0286865
0.0362536
0.0207595
0.0117465
0.0208889
0.0185943
0.0240145
0.0135051
0.0283839
0.0425732
0.0268565
0.0419937
0.0309855
0.0292119
0.0367841
0.024106
0.0201948
0.0120564
0.034245
0.0226008
0.0346407
0.0185645
0.0387544
0.0218746
0.0259638
0.0619487
0.0470323
0.0276563
0.0204471
0.0231399
0.0264487
0.0291611
0.0237432
0.0162529
0.0216414
0.0287156
0.0154729
0.0119148
0.0335518
0.0198195
12.0432
0.0224721
0.021651
0.0365079
0.0262951
0.0436882
0.0408875
0.0761769
0.0206619
0.0346026
0.0217039
0.0369573
0.0133316
0.0268281
0.0360123
0.0368253
0.0164966
0.0315938
0.0294615
0.0355734
0.0435234
0.0181204
0.0821329
0.0221179
0.0265423
0.0530552
0.0365487
0.0157145
0.0207736
0.0190904
0.0492407
0.0252125
0.0712921
0.0473132
0.0164627
0.0368971
0.0192128
0.0285196
0.0281568
0.0291692
0.0466048
0.0188005
0.0427074
0.0196234
0.0320685
0.0346971
0.0295671
0.0389467
0.068354
0.0254562
0.023385
0.0209052
0.0251265
0.0351384
0.0384836
0.015783
0.0353317
0.0156064
0.0289664
0.0300074
0.0298595
0.0155745
0.0247797
0.0149305
0.0182546
0.0104488
0.0447945
0.0280539
0.022418
0.0425433
0.0157347
0.00712645
0.0668159
0.0230223
0.0306939
0.0109439
0.0308046
0.0374505
0.0293508
0.0365492
0.0338166
0.0211147
0.0392933
0.0246664
0.0155371
0.011368
0.014314
0.00978922
0.0265891
0.0237891
0.0233344
0.0146094
0.0236623
2.43317
0.0199864
0.0164329
0.036244
0.0262448
0.0175102
0.0157753
0.0231491
0.0206015
0.0396978
0.0243067
3.21958
0.0348952
0.0184537
0.0744324
0.0294012
0.0461984
0.0336585
0.0334009
0.0252399
0.0213981
0.0740176
0.0211858
0.0405757
0.0230877
0.0198928
0.0198557
0.0233644
0.0206725
0.0134849
0.0150584
0.00800843
0.0124283
0.0157863
0.0452956
0.0320982
0.0342925
0.0329692
0.022349
0.0555705
0.0205381
0.0379958
0.0243327
0.0299474
0.0293288
0.0253537
0.0229232
0.0448023
0.0180937
0.0265315
0.0161536
0.0178605
0.0258877
0.0495667
0.0302159
0.0346704
0.0385016
0.046791
0.0259568
0.0274317
0.0357075
0.0246972
0.0278793
0.0385515
0.0223939
0.0263175
0.0440393
0.0381597
0.0373662
0.031699
0.021464
0.0293652
0.0133377
0.0272114
0.0244528
0.0250275
0.0592306
0.0265562
0.0495391
0.0362117
0.024856
0.0185658
0.0185372
0.0597021
0.0243916
0.0247575
0.040031
0.0179778
0.0432689
0.0286884
0.02406
0.0224926
0.0497536
0.0164363
0.0856933
0.0127619
0.0308178
0.021182
0.0348488
0.0933946
0.0281386
3.36649
0.0139499
0.0188857
0.0505663
0.0206557
0.0214825
0.0174939
0.0250801
0.0256255
0.0310733
0.0363448
0.0251833
0.0256274
0.015088
0.0134497
0.0232889
0.0192258
0.0202117
0.0313322
0.725275
0.0648221
0.0413357
0.0694123
0.0180034
0.0125527
0.0345941
0.0287332
0.0312828
0.0315998
0.0191625
0.0421039
0.0535008
0.0538492
0.037567
0.0296224
0.0429048
0.0267969
0.0332885
0.0335004
0.0221205
0.0196344
0.0413482
0.0320055
0.0319488
0.0452994
0.0241898
0.0387826
0.0362759
0.0250576
0.0170639
0.0350387
0.027374
0.0188689
0.0383447
0.0375467
0.0318889
0.0366794
0.0292372
0.0147807
0.0135346
0.0164579
0.0157001
0.0344717
0.0491937
0.0313913
0.0149607
0.0167697
0.0271618
0.0151769
0.0315641
0.0195295
3.89604
0.0158537
0.0133899
0.0255018
0.018459
0.0105168
0.0500242
0.0341733
0.832993
0.0328736
0.0182133
0.0251464
0.0393586
0.0264412
0.040852
0.0189503
0.0299389
0.0177703
0.038639
0.0299099
0.0192614
0.0336813
0.0168869
0.0367673
0.0194471
0.0230953
0.0241134
3.22531
0.0284235
0.0235864
0.0469204
0.0311285
0.02509
0.0289978
0.0453987
0.0369794
0.0381942
0.0324744
0.0462035
0.0152167
0.0260056
0.025964
0.0302428
0.0189199
0.0192574
0.0251952
0.0280072
0.0149266
0.0425994
4.00414
0.0188783
0.0201871
0.0251425
0.030123
0.0298266
0.429109
0.0115002
1.03939
0.0557413
0.0185831
0.0218347
0.0210913
0.0313847
0.0371776
0.0186043
0.0386389
0.0577837
0.0150282
0.0154638
0.0249604
0.307679
0.0205459
0.0402023
0.0320954
0.0358212
0.0202675
0.0300768
0.0111438
0.0248582
0.0322973
0.021713
0.0126412
0.0447782
0.0208131
0.0196272
0.0220654
0.0429214
0.0198711
0.0175376
0.037828
0.0403545
0.0280864
0.0298378
0.0201821
0.0263641
0.0317052
0.0182853
0.0346964
0.0211654
0.0254614
0.0418344
5.26453
0.021676
0.0368589
5.37482
0.0531857
0.016728
0.0302294
0.0190624
0.0404922
0.0161059
0.053823
0.0231034
0.0217225
0.0336641
0.0372116
0.0246401
0.0349649
0.030718
0.0315948
0.0276631
0.0328472
0.0104604
0.0229241
0.010632
0.0165552
0.0247405
0.0279093
0.0474273
0.0389538
0.0397045
0.0239803
0.0203437
0.0162339
0.030294
0.0273223
0.0363919
0.0306337
0.033539
0.0186102
0.0308686
0.0362984
0.0197643
0.0215177
0.0367675
0.0351835
0.0272572
0.0158944
0.0221103
0.0330786
0.0214058
0.0281862
0.0653416
0.0256953
0.0218283
0.0198436
0.0240334
0.0329775
1.98141
0.0199893
0.0394081
0.0127105
0.015131
0.0557868
0.0238208
0.039991
0.0340692
0.0182603
0.396373
0.0218285
0.0264489
0.0253546
0.02237
0.0445223
0.0231159
0.022759
0.0601037
0.027414
0.0350719
0.0219634
0.0184001
0.0462486
0.0274913
0.0261551
0.0348411
0.0259491
0.0265912
0.0259613
0.0587429
0.0353636
0.0433654
0.0340321
0.0346162
0.0205788
0.025315
0.0160321
0.0413991
0.0249706
0.0304947
0.0519692
0.0258715
0.0483892
0.0155346
0.0216444
0.022
0.0190021
1.10438
0.0310467
0.0459181
0.0230715
0.0202827
0.0119447
0.033213
0.0262401
2.94219
0.0214771
0.0266036
0.0280324
0.0419257
0.0191375
0.0188329
0.0287644
0.0378904
0.0369329
0.0247917
0.0198106
0.0758063
0.0111685
0.0337605
0.0211649
0.0653391
0.0146634
0.0307517
0.0730072
0.0217474
0.0297657
0.0431373
0.0218478
0.0479112
0.0162058
0.0321103
0.0426122
0.0220693
0.0265758
0.0307654
0.0284986
0.020165
0.0317666
0.0397585
0.0300932
0.0294096
0.0260235
0.0146243
0.0135054
0.0324001
0.0383549
0.0139462
0.0199105
0.0282019
0.0522556
0.0227192
0.0161442
0.0367958
0.0281384
0.0191535
0.024022
0.080555
0.0168452
0.0645255
0.0248537
0.0150949
0.0315539
0.0455717
0.0302618
0.0360264
0.0241999
0.0143362
0.0281663
13.9245
0.0293225
0.0556194
0.0255911
0.0287133
0.0380634
0.0382772
0.114632
0.0386387
0.0610301
0.0403949
0.0140581
0.0533368
0.0129709
0.0233976
0.0380365
0.0326253
0.0208176
0.0239835
0.0151174
0.044285
0.0404072
0.0223187
0.0220957
0.0189165
0.0323978
0.0169672
0.033303
0.0278542
0.0174401
0.0367661
0.0242328
0.0171209
0.0240878
0.0201052
0.01687
0.0317179
0.0364289
0.0223238
0.0400581
0.0208403
0.0209035
0.0163243
0.026457
0.0179086
0.0188085
0.0180169
0.0325495
0.0245405
0.0204718
0.0220853
0.0293371
0.0275727
0.0172323
0.0193467
0.0345408
0.0134776
0.0152745
1.42405
0.0214457
0.0276877
0.0107495
0.0325399
0.0372809
0.0287794
0.0396173
0.0470637
0.048066
0.0507556
0.0121777
0.0227274
0.023379
0.0199725
18.1014
0.0267794
0.0416783
3.15273
0.0244956
0.0224041
0.0277884
0.0448989
0.0153425
0.0272471
0.0495749
0.0545337
0.0311764
0.0187307
0.0147294
0.0247358
0.0323994
0.0192353
2.34061
0.031214
0.0196357
0.0351995
0.0242056
0.0389674
0.0301937
0.020736
0.0212269
0.0267526
0.023251
0.0722702
0.0251531
0.0237902
0.0453242
0.019348
0.0137247
0.0217
0.0425459
0.0581955
0.0295184
0.0373631
0.0098329
0.0242769
0.0114604
0.0136147
11.023
0.0437046
0.0228022
0.0333933
0.0250423
0.0228897
0.0223616
0.0390185
0.0117443
0.0274014
0.0311975
0.0367454
0.0120693
0.0272869
0.0258979
0.0309132
0.0205597
0.0527321
0.0358183
0.0262508
0.048975
0.0235438
0.0185575
0.0413916
0.0338229
0.0286265
0.0242229
0.0207982
0.0422174
0.0129978
0.0233132
0.0199356
0.0378063
1.27169
0.0267008
0.0343041
0.0159243
0.0321037
0.0318683
0.0179575
0.0233757
0.0259714
0.0211129
0.026108
0.0334504
0.0163468
0.0279649
0.046447
0.0168749
0.0488631
0.025617
0.017477
0.0209652
0.0502943
0.0152663
0.0352705
0.0220164
0.0283697
0.0200898
0.0358512
0.0217668
27.6909
0.0249575
0.0225687
0.0577787
0.0289095
0.0194392
0.0305958
0.0492639
0.0212944
0.0179998
0.0393625
0.0692615
0.0294642
0.0290566
0.0335421
0.044527
0.0348574
0.0259879
0.0205331
0.0236767
0.0267568
0.0384478
0.0149966
0.02598
0.0398766
0.0506915
0.0179343
0.0433549
0.0153069
0.0272918
0.0218075
0.0184206
0.0244166
0.0430118
0.0337285
0.0317463
0.025226
0.0282962
0.0239649
0.0120724
0.0222789
0.0293538
0.0223026
0.0312747
0.0159233
0.0182203
0.0324976
0.038806
0.069892
0.0231761
0.0268116
0.0181004
0.0204256
0.0384476
0.0246692
0.0392866
0.0346313
0.0656632
0.0410792
0.0230008
0.0218575
0.0123148
0.0274709
0.0146648
0.029069
0.0298761
0.0231731
0.0198184
0.0260129
0.0194393
0.0319609
0.0410165
0.0213293
0.015945
0.0150696
0.0392689
0.0379044
0.0289875
0.0222247
0.0206216
0.0121881
0.0277698
2.11753
0.0402666
0.0646781
0.0391274
0.0198032
0.0154963
0.0475459
0.0207316
0.0360908
0.032727
0.0360205
0.029938
0.0334581
0.0282694
0.0409308
0.0201617
0.0156355
0.0186651
0.0373582
0.0129996
3.05438
0.0223841
0.0308083
0.0142373
0.0565146
0.0510354
0.0327198
0.0125361
0.037089
0.0342993
0.0333573
0.0266297
0.0243357
0.0333969
0.0404205
0.0140142
0.00977067
0.0192383
0.0302589
0.0127892
0.0314802
0.0191489
0.0231925
0.033601
0.0304661
0.0165422
0.0260088
0.0408677
0.0334549
0.0449718
0.0483835
0.0519543
0.0259324
0.0317359
0.0977624
0.0251018
3.77467
0.0303155
0.0940288
0.0325415
0.0127046
0.0167464
0.0297285
0.0502716
0.0152858
0.013819
0.0249859
0.0258877
0.0213421
0.0419125
0.021769
0.0788784
0.0257349
0.060734
0.0527559
0.0178308
0.0189083
0.0302664
0.039215
0.0337372
0.0234548
0.0181646
0.0295118
0.02456
0.0191989
0.0278051
0.0214571
0.0262017
0.0392478
0.0210378
0.0186357
0.0301856
0.0368738
0.0174038
0.0234751
0.0285678
0.0213813
0.0274275
0.0400341
0.0156181
0.0156619
0.0137931
0.0265339
0.0217926
0.0415629
0.0389404
0.0209773
0.022536
0.0186495
0.0204069
0.0253506
0.0286007
0.0271257
0.105185
0.0263125
0.0340315
0.0361966
0.0446226
0.0191959
0.0354051
0.0543567
0.0115522
0.00912406
0.0200712
0.0167006
24.925
0.0457078
0.0261004
0.0178631
0.013216
0.0289433
0.0458941
0.0195376
0.0229619
0.0289786
0.0197478
0.031883
0.0202112
0.047541
0.0379649
0.0164573
0.0608032
0.0379859
0.052234
0.0283503
0.0325154
0.016926
4.85232
0.0187735
0.0315626
0.0354034
0.0210153
0.0397891
0.0227427
0.0374036
0.0388802
0.0862962
0.0366555
0.0212395
0.0243415
0.0636273
0.0159787
0.0237942
0.0404582
0.0158372
0.0202727
0.00895786
0.0329047
0.0197866
0.0159993
0.0480066
0.0355626
0.0238921
0.0298501
0.0155245
0.0261069
0.0595413
0.0372208
0.0171109
0.0135516
0.0170567
0.0267348
0.0118442
0.0464483
0.0211935
0.0505558
0.0275972
0.018191
0.0351637
0.0285232
0.0322679
0.0172059
0.0171567
0.0237632
0.0213181
0.0172838
0.0330075
0.0414219
0.0398977
0.0397372
0.0250347
0.0258297
0.0163454
0.0249148
0.0630917
0.037719
0.041013
0.0240808
0.0164065
0.0248133
0.0219563
0.0210751
0.0251118
0.0121389
0.0351642
