3.26873
12.4398
0.765782
3.21701
17.4467
5.80046
1.27881
0.366685
12.6846
0.359291
0.28192
4.33079
1.75666
6.8717
114.509
52.1997
0.318198
0.229991
2.37523
0.480275
2.3268
1.05462
3.60556
15.1863
0.0495747
21.2112
0.0357963
3.24273
4.69234
0.223265
8.95027
0.0412708
50.4542
16.7336
5.42524
1.24856
33.451
8.87515
4.5091
42.0312
9.37905
0.0333632
2.26906
21.5568
0.0422964
0.0516265
2.34947
14.8718
48.8854
0.315076
0.0429421
0.509308
10.0237
0.373818
1.2681
2.31594
1.98868
30.559
0.598542
0.0458208
10.0763
10.4095
3.97955
18.4416
5.56832
5.25699
1.56975
6.67295
1.17534
3.86812
4.14608
0.23299
5.64942
6.36052
1.95747
10.2609
41.5337
2.727
12.9962
12.54
0.525322
0.0377297
6.87163
0.672303
0.0251411
27.1179
0.0393333
6.38713
26.0379
18.0834
0.0428931
1.41806
31.1702
1.57887
13.8296
0.480531
10.0768
5.16667
51.8758
2.29487
11.6357
4.37238
1.14381
1.24332
2.94339
17.8798
2.32675
23.4995
1.93243
6.52131
38.1467
6.57303
8.02348
4.46216
9.08046
2.66225
5.73082
2.24267
25.1236
3.86418
0.062347
17.2789
3.36391
0.0398247
1.62225
1.91869
1.43052
3.70534
3.00955
1.47741
1.20338
0.0609154
14.1705
0.0585885
0.931399
1.68453
21.3207
8.06463
6.20636
37.6341
10.1323
3.20506
88.4119
10.1357
0.070805
27.283
1.19749
31.9972
2.97227
0.743469
44.8506
1.51399
2.87871
5.05436
1.56605
2.85316
33.0579
1.17287
9.1153
8.69938
0.0526659
0.0435492
1.67552
0.14343
11.7186
0.0331752
7.89547
8.75571
2.76861
1.05245
14.7771
0.414862
0.0431992
0.0555023
7.60945
22.7511
0.043339
9.84335
8.22089
1.39711
0.278271
4.1782
28.8748
0.0441003
0.530293
3.46358
0.553155
8.90992
0.211466
1.8511
6.10151
2.01849
0.0644005
0.0479864
2.41813
0.697971
2.19172
2.45743
1.87726
0.0326446
7.99715
1.43286
8.05309
2.24997
0.656324
7.98295
1.02928
26.2203
0.289731
24.5777
15.5996
19.3365
19.0395
7.77683
14.1173
0.269813
148.485
4.00654
1.81133
1.62322
0.0553536
2.27222
32.7683
5.95483
2.72604
0.0429518
54.0713
0.860501
1.92901
9.15278
2.99943
5.50532
12.2877
0.0417552
16.9052
0.30233
0.786319
0.982308
19.9994
1.52662
0.0455159
2.10642
4.72323
0.243015
2.28917
4.09782
6.56793
0.556948
17.2868
6.41152
2.95566
1.23368
155.523
4.94651
30.9259
5.82756
3.88605
26.2347
10.7978
2.43877
4.22018
10.3062
0.813939
1.65344
0.0328648
1.94927
6.02173
8.92318
7.90972
0.0625838
53.6376
3.66625
1.70612
3.75597
3.44498
2.95238
0.878924
0.398253
0.0445213
2.61097
8.27538
2.73412
26.641
12.7934
3.45159
0.660405
13.1256
7.30002
2.28064
3.6912
4.9633
11.3819
1.07892
4.076
0.0329185
1.50841
3.43389
1.19564
1.96884
3.09536
4.4207
1.58911
0.723343
2.2423
0.0310308
6.86982
13.9738
1.45872
5.86771
9.05013
2.87561
9.45991
1.48272
0.848483
0.0354296
5.78466
3.50865
0.0296971
118.952
1.44989
0.771345
0.0411236
1.25532
0.465498
7.30404
0.0280852
44.4335
5.11324
2.18111
4.24087
87.6754
0.0469809
0.0313684
4.64679
40.574
4.43504
2.08201
0.776977
0.0736527
2.67447
1.33532
10.3916
12.2546
1.77962
0.60614
2.40731
90.5687
1.03383
0.0244532
17.3223
9.49538
3.94639
61.1549
7.3927
97.3753
0.0504557
10.1648
1.51091
4.29336
19.7663
7.40238
16.4023
5.42262
0.583922
5.54074
1.76785
1.08516
4.15338
4.03552
0.0335139
4.30083
1.3202
11.6718
1.51076
0.0609737
11.9795
0.0550485
2.58164
3.19973
10.9684
1.38928
0.6193
2.87931
4.35517
16.7733
29.2552
2.05715
24.4935
44.4903
13.4935
296.009
0.0401302
34.9261
0.0301074
6.52584
145.204
18.6304
2.82867
1.49489
1.26336
5.69001
1.12164
3.92044
0.0265572
10.8503
15.722
9.52428
0.0452974
28.2662
3.03344
1.09053
20.6587
5.86002
6.10647
12.4445
7.34997
7.59639
9.66561
2.81019
0.715393
0.658756
0.409585
5.77305
17.2716
3.49942
8.28708
1.98329
0.561261
4.46595
9.26698
21.6396
0.393481
3.72187
10.4251
16.3137
8.00674
9.18931
1.97726
40.1545
22.866
2.12137
3.24091
0.741645
4.61467
4.96888
3.07555
0.0272431
0.858059
0.0296818
3.15684
1.30034
3.72527
7.36573
18.5473
7.29631
0.818165
98.1763
12.3718
12.9113
1.22
13.7197
28.9985
3.42615
3.24976
18.4901
3.04634
0.0321039
2.73641
11.6177
0.959553
20.6967
37.5117
2.87408
7.82606
4.19476
38.3581
14.3017
1.08085
20.8029
7.08771
0.0476707
10.9684
7.23384
11.9721
0.0420056
16.5713
2.52653
1.62573
14.2386
1.50612
16.5609
1.81913
0.519936
7.62816
19.368
0.0353526
0.345111
3.95408
0.0382695
2.64798
1.78631
1.09047
25.7182
12.0362
0.270557
1.54282
9.859
0.77321
2.88546
11.0318
32.217
7.57339
29.7619
1.67385
5.9117
2.93405
3.65618
1.50412
2.24192
2.5056
6.78474
12.0839
0.95863
1.21153
3.77135
0.0265316
13.2209
0.978807
2.35387
4.64786
0.061385
5.44917
0.924818
2.09893
24.8925
7.67336
5.41458
3.41996
3.59969
3.84754
1.30714
0.0391278
0.827492
0.0639583
0.957544
4.63409
0.920557
1.66268
1.28651
1.25277
1.38806
1.8224
1.24627
3.624
12.5002
3.96668
8.97704
0.0388866
6.91214
0.31885
0.0444001
0.0347177
1.05377
80.9681
1.31297
0.0355672
11.5332
8.95209
0.868246
3.06429
0.0315979
2.75042
12.1154
8.74253
2.05774
16.582
8.74736
0.778224
18.3754
21.1443
4.66535
20.6012
0.397392
3.16444
2.55718
2.80896
0.0347785
0.400749
0.0465675
3.42339
0.544843
12.6095
0.0388977
55.1522
21.4776
153.948
14.0033
1.50677
3.58988
13.8137
2.76408
1.20821
15.6561
13.5472
8.72197
4.24487
1.17112
0.755282
84.8073
15.4703
0.0347838
84.5952
6.82112
11.9937
0.430937
1.27443
10.3161
0.645988
6.75908
0.059482
2.98766
1.22291
7.07508
1.83907
1.90232
7.28595
11.3777
1.94738
3.18987
67.9207
11.5088
1.7739
2.25775
0.784097
10.7407
6.29517
8.08108
13.8026
0.0373851
0.0605031
14.1892
2.99464
11.005
2.17957
0.395772
100.015
3.90473
5.06308
2.60584
0.532408
5.63614
0.0351087
7.34003
1.54754
0.0343612
2.58853
21.7283
4.10484
10.7812
13.9422
1.26553
0.0261481
0.612851
4.15258
4.19103
17.9865
1.78739
0.0426404
3.18603
7.62081
3.28326
2.45751
4.27843
7.42713
4.80483
1.17175
0.0399588
2.1107
3.87585
2.62626
14.2315
37.2708
3.54112
60.5811
3.03411
4.56038
3.22704
84.2992
0.852423
30.7216
13.2267
43.6803
3.81229
20.4986
0.820785
10.3257
1.07357
1.18458
3.82421
11.079
4.57024
3.39661
0.156804
65.2621
0.822286
48.0749
4.59819
0.0477158
1.1397
2.19345
3.22771
7.4973
61.6397
20.8407
0.647626
2.28701
0.045778
0.870633
1.98905
5.94388
2.77642
1.29395
2.38205
0.0455914
9.1661
0.0355702
1.50227
23.8463
2.5596
4.924
1.47451
0.0384782
1.60054
14.1994
6.42452
4.50201
3.84692
12.776
0.069915
10.0759
4.10237
13.6818
21.7595
13.0614
105.542
2.5928
3.11579
0.758446
0.474533
8.60073
32.1327
2.30444
10.464
0.599634
0.486901
0.0324774
5.58721
0.848502
18.1512
7.12886
1.22147
0.0604356
1.49525
8.17325
16.0097
0.0402408
2.19252
1.87717
100.852
6.42586
8.56483
2.88096
0.203838
0.725744
4.21528
8.3636
1.56403
1.16355
11.8825
30.6781
22.3306
13.0761
23.1232
0.412379
3.19086
0.0303372
9.85363
0.0303232
1.11102
38.277
4.37655
0.335557
21.2875
0.182573
17.1397
0.925165
22.5272
7.23543
0.0473795
0.0395476
0.443733
62.2499
2.03078
0.0702678
0.0635163
0.307984
5.41908
10.2099
5.6109
1.26614
25.4447
0.0530702
2.24409
2.84792
18.4297
2.55206
4.53338
2.00937
0.0457101
17.3938
2.84245
7.76407
8.0609
64.2664
7.27341
59.505
5.32416
0.486877
29.497
8.69943
0.055117
0.0376697
7.73863
52.6371
3.24963
4.58795
8.29836
2.13882
4.25841
6.72591
0.950585
0.0315775
0.0393606
3.21793
4.99768
2.1576
30.5781
5.15627
7.01478
7.89367
2.84146
4.86413
0.0403636
1.33297
1.87022
0.218254
5.15898
15.2898
1.01466
1.48373
12.6676
3.82986
51.5077
17.56
5.61297
0.0327183
30.7494
8.81738
3.98457
8.29678
10.4286
0.251732
10.446
0.0529396
1.52495
2.60582
2.20513
1.78766
1.04672
5.55717
4.10902
4.08921
3.73777
2.21738
1.9595
9.14528
7.1947
0.0986671
3.3383
0.0494309
2.90137
0.632206
72.3396
3.88337
8.69456
1.61445
0.93768
0.0483916
15.6882
16.8291
1.59199
5.22771
4.93475
1.1671
2.07201
5.98649
75.4207
3.56523
17.9701
129.082
19.9986
0.0395287
4.48448
7.39262
5.39198
1.54568
0.0290844
2.19353
30.4874
8.12309
16.4635
2.16286
7.9353
62.0737
3.18686
1.07152
0.703084
5.61042
4.75852
8.62042
8.43617
1.32199
13.8875
3.77642
8.67805
0.0404163
2.79771
1.81264
91.5688
1.47854
27.6441
3.62617
2.77746
5.40903
1.3724
2.99216
2.95595
2.2831
11.3872
1.31607
25.248
16.3462
0.0277096
1.45727
3.59398
0.0306914
0.0406398
39.4321
3.97568
3.42664
0.0565015
8.53114
6.60748
1.25303
10.8374
0.040079
9.11481
14.4913
7.5391
4.5386
0.0515002
28.1166
1.75097
2.25924
9.65447
0.0297302
44.0024
1.63995
3.04958
4.11635
2.08719
2.53021
140.956
152.103
1.08916
1.36024
2.85652
2.39379
3.97183
0.0422913
19.5886
0.952193
6.93852
4.68747
69.13
1.28544
19.7442
1.36035
18.6119
1.49319
18.8393
11.3273
12.4811
11.4213
0.339498
1.93046
2.84641
10.1029
2.88073
1.44937
0.0796229
0.0566879
15.2901
15.1744
0.0565766
0.0383202
10.9604
10.0814
0.76003
3.96097
15.8664
1.27845
1.98699
0.665001
3.87185
5.12372
9.59805
0.377432
22.6242
2.53532
0.0309302
12.3326
7.51199
0.524482
51.8499
17.6253
3.28133
3.60735
18.5376
1.65284
1.37522
1.62745
0.0379771
4.62406
1.06514
3.03431
1.02535
2.77147
19.5583
7.15257
6.17101
4.97811
1.33698
14.417
0.775117
11.2629
0.0389581
19.1701
5.18116
4.93983
9.24442
4.80755
33.1937
3.40607
3.42506
55.4477
0.0189007
13.9646
0.422521
16.2121
3.5212
0.0648043
1.38261
10.868
5.2579
0.0450962
7.43232
56.1482
1.94771
4.48509
3.70433
2.64107
5.64418
7.54541
6.75301
3.49264
11.3373
0.301691
1.12002
5.18407
15.5414
3.67954
2.5488
3.25045
0.042962
0.738305
1.50082
24.4149
43.1242
0.0320194
2.83747
2.70048
1.85204
10.9382
14.9731
3.41285
0.0539961
0.243905
9.4479
1.16846
42.6157
0.75327
58.0123
0.334679
5.19967
4.56119
33.2986
21.4993
5.88939
35.4506
12.7357
1.33914
0.554131
0.81964
0.894283
4.31971
0.932418
4.44398
1.09663
0.0316132
2.696
8.83032
1.51089
4.61612
4.68232
0.0371676
44.975
9.37965
1.08135
0.538233
4.02417
59.471
2.33357
0.371562
7.15855
8.1837
6.97295
10.4866
4.64935
1.85033
0.974276
0.715149
3.10455
39.0537
2.84929
0.0473813
5.92579
2.83438
0.479635
0.0383397
1.69305
0.632255
5.24911
2.12516
18.1508
0.29194
0.0360719
210.035
0.0341413
15.6472
0.669109
6.94256
0.0371623
0.0514233
4.59356
4.73841
0.0297986
6.95661
15.1159
49.9408
13.2018
8.38156
0.938532
5.05499
0.420608
0.568242
0.0409737
2.74836
3.22078
13.2846
1.04948
7.45759
8.86909
5.29187
0.0511646
1.43037
0.0390088
0.668774
10.6472
1.07699
0.102207
0.526615
2.64595
1.93034
0.75343
12.2968
20.574
70.172
84.0232
1.59567
13.1139
0.908677
1.36751
3.27173
2.3738
37.2138
4.0049
1.87188
8.62582
0.0721488
1.61892
15.6393
0.128351
1.09259
77.7746
0.0411795
0.0622727
19.0343
0.384366
3.91927
29.1096
4.12313
3.28974
1.03563
0.0472746
0.0323943
0.870716
21.8351
0.0534487
9.66162
10.6245
1.14099
6.36292
0.0416782
0.0329617
8.40578
0.051558
1.39551
2.37573
0.0281064
11.9715
9.05453
1.26166
0.0384029
0.042046
3.41148
0.817113
8.036
0.25051
31.1228
1.20791
14.5797
6.76474
0.0305626
0.317448
46.9212
2.67214
1.69941
0.246929
8.51855
10.386
0.206522
7.37519
4.33829
2.87552
1.72885
18.6194
1.17822
2.67427
2.25021
2.30732
17.8953
32.6372
7.45519
1.21882
15.043
4.35824
12.5044
25.9422
3.90519
2.07451
2.45142
2.39337
16.5823
1.48859
54.1075
0.0276432
5.81658
10.3439
1.5917
0.691125
12.8366
3.75269
4.07819
0.0531602
0.0471944
1.49019
0.0286399
0.739004
0.0392369
0.0329047
1.13746
1.31931
83.5838
1.95817
29.822
2.95117
2.4966
0.988061
7.36919
1.52629
14.8106
2.58695
41.9678
2.23528
0.0260243
0.433912
30.7715
4.39104
1.02893
4.99445
9.64588
103.813
5.05593
2.69169
11.7424
0.058691
2.51061
7.28779
3.60063
0.913297
1.12595
23.3571
9.80432
0.0470782
1.69428
3.16963
1.17996
0.0420535
4.04917
15.8315
3.65206
8.44838
0.515196
2.20614
2.56274
2.36493
0.0321464
6.58566
9.22366
10.6546
4.17916
20.773
13.4723
2.06543
2.15244
0.0321862
0.936279
5.6692
8.79557
1.85117
1.30421
4.36992
9.18178
3.28238
1.80028
10.8014
5.36334
1.36549
3.5391
3.05461
188.228
1.42195
175.451
6.87191
137.042
11.8089
8.68807
3.16799
11.945
0.0295756
0.542961
1.63664
1.88536
0.129533
53.0513
99.2969
373.622
9.98688
3.44053
0.300788
25.1053
1.11884
87.9332
1.58083
7.98206
2.74362
3.74834
6.0692
14.0111
4.529
0.0454699
6.93171
4.95189
6.50778
14.1103
28.5262
12.2697
2.18627
3.07743
4.78763
9.79725
8.27583
19.6167
6.36607
0.409613
1.10311
1.45517
13.518
21.34
3.60201
1.6738
5.40302
3.38406
43.2192
1.09652
0.372793
10.2794
0.713105
33.3038
30.0792
11.8579
1.46037
14.6141
3.82699
100.844
1.52759
54.1158
0.0354546
1.5437
4.12579
21.9088
0.18251
0.0374956
10.4886
11.0366
95.8776
2.24089
29.6254
1.09261
0.69475
9.77119
0.356708
32.411
0.0318135
5.77556
2.90268
9.54618
7.77666
8.33807
1.95685
0.654118
4.2111
0.0427894
2.57574
7.62561
1.35128
0.0321927
13.9645
14.6172
2.23038
35.9391
95.2653
9.66924
6.3801
6.51482
7.63657
2.98939
5.50375
1.98298
7.05145
0.0515528
8.16303
0.877086
0.0452134
11.0916
10.006
1.96183
6.56617
14.1744
5.65713
2.77756
4.26957
31.2967
0.0468537
78.7597
3.167
2.27954
3.15036
70.5373
6.3125
0.0374217
1.48631
0.0655165
4.91541
11.8306
0.0720098
0.819891
3.52693
5.90075
45.433
5.2132
12.2445
2.82688
1.11587
40.9007
54.09
0.693747
0.571962
5.54053
84.1992
51.6915
14.0011
1.34643
23.834
6.07364
0.0360555
29.5398
8.61112
0.522774
10.1276
42.2552
3.78453
24.3052
0.514488
27.1852
1.32326
4.42961
7.42271
20.8988
5.09782
0.0384199
12.8988
77.3095
0.354332
1.70819
9.87316
78.1498
1.14127
0.872984
12.739
28.1455
15.8239
1.08237
7.51525
1.96815
13.0765
22.4317
14.6898
9.60167
0.280209
6.11957
2.68981
11.0727
37.3986
0.03997
11.2368
10.7265
1.7137
1.99126
5.07062
4.35074
8.13612
7.76829
0.0798227
0.0333896
6.13143
0.390959
13.9525
11.7431
0.529097
5.54196
180.471
16.3864
0.0390286
8.47951
0.0190879
16.7013
2.44555
60.6709
35.1571
0.655715
0.0458323
4.48282
38.8208
7.16874
94.7651
5.2495
9.88464
77.93
1.45719
9.18621
0.0827819
31.5406
0.0298821
2.79395
0.537991
0.063208
112.888
7.68589
0.0374341
3.39221
0.0562862
0.859655
4.11274
2.73515
25.7094
43.4371
104.233
38.8967
5.17683
0.625524
25.0295
0.057651
0.427263
8.84113
0.0321314
1.04095
9.15131
2.96813
54.3081
46.4258
65.9023
0.907542
4.91997
0.17914
0.0382996
1.46245
11.403
0.0455755
0.980003
0.726252
68.2709
0.0423669
0.340546
14.0792
16.9143
13.3877
13.111
0.512371
0.711196
31.1539
0.0434242
0.0471033
2.70874
0.927608
0.350505
9.33407
0.0658637
1.6445
1.07963
0.449275
1.29076
4.68778
2.05737
13.5571
0.570107
5.4741
8.75827
7.50668
2.10783
2.18945
1.55137
9.04032
9.75767
4.87543
13.7462
0.0556334
2.05429
4.3497
13.9104
201.143
0.0805036
2.58326
5.71431
0.549945
0.0459994
1.04543
1.43811
1.09679
12.3856
1.78965
3.16071
19.0035
45.3609
15.1445
31.7993
3.00526
2.56539
0.863505
2.92199
1.81733
3.60637
0.257394
40.8067
9.38915
0.0370297
78.2351
2.38787
3.74871
3.77033
2.27736
2.00116
2.90191
1.37264
0.769234
3.22875
1.1583
0.0342751
0.033222
0.699762
126.112
7.68791
7.98049
0.0287695
14.4217
1.32966
0.029905
0.0389411
11.0032
3.72174
2.37195
4.61879
43.9601
2.42483
3.28291
1.71096
2.64838
26.6491
70.9495
6.64961
99.6722
28.3623
0.287321
5.31258
1.56203
33.0552
1.03249
21.1996
13.4356
14.1421
1.60767
0.96078
5.50373
0.331217
3.81228
2.56415
33.17
6.83569
0.932145
11.9794
6.57848
5.07594
11.3279
0.0561728
0.193767
9.02358
14.0501
19.2679
0.0687355
6.3414
16.2893
17.0759
2.79647
7.39609
0.664587
0.642391
7.49243
42.0131
0.0384206
0.0346042
0.0306938
27.6049
2.14372
2.31834
8.32941
0.249908
13.2295
7.81742
13.3151
8.74282
1.75209
21.7411
2.6381
0.608501
2.45251
8.83903
1.54988
13.1755
0.0338181
1.88538
4.953
18.0532
24.0455
11.42
8.15605
1.65194
1.97253
33.1558
3.93178
0.0347291
4.35673
3.40755
5.93742
7.0535
6.8867
34.9908
15.6478
17.796
14.8463
45.6439
0.634434
13.0619
4.81575
0.855556
1.23994
0.0475478
19.7598
0.370006
0.0392013
6.21143
6.2182
0.0339369
0.0436179
2.98113
7.67666
43.3542
21.055
5.03587
0.0518219
86.1769
7.94038
1.38499
3.58311
0.0399779
30.5462
52.8217
4.48119
4.96002
3.04826
137.242
1.10593
15.7501
0.0570775
1.25656
1.98067
4.63473
3.22083
14.2748
8.411
5.61353
6.10643
3.7781
1.60481
3.22377
21.6113
1.8997
37.2079
8.64728
3.17673
5.7636
0.343953
0.18403
7.76342
1.2242
4.22977
24.6191
4.35223
3.24637
3.93981
3.30763
51.6275
3.81916
1.79847
8.8692
0.0539406
7.21854
3.52091
211.209
2.67645
6.72924
16.1524
12.0229
7.27449
1.68923
0.550097
43.0011
1.3385
7.08408
2.51315
16.4643
7.76044
7.64194
3.63123
19.9234
0.0595051
16.9539
2.86383
1.91184
2.32244
13.642
0.0496223
186.06
2.34311
10.1792
29.7612
10.1887
5.23268
12.3846
5.00069
8.00055
14.0988
1.99744
5.71204
20.6184
0.0403841
1.41371
5.69457
2.12352
3.13841
1.12423
1.83199
7.97007
40.4092
0.0396741
24.9311
1.12037
96.5535
4.27306
4.34507
26.6028
9.69475
38.424
4.74377
6.67191
33.141
4.19924
7.83567
1.15983
3.2922
0.273363
0.446579
5.41715
2.74066
40.8977
64.2075
2.51016
41.8662
23.175
13.2671
4.66572
1.31927
13.3668
0.505057
3.42101
4.03682
1.09773
0.213401
1.64919
20.3254
0.0438041
2.74854
7.07092
9.4324
0.691829
23.0986
2.61508
1.16831
3.9808
17.474
2.0053
1.56173
0.0390618
2.35522
12.4594
6.94724
7.65595
0.360246
3.50503
1.58549
0.0496607
0.0610244
19.8448
0.55119
0.0271323
140.846
0.0315649
3.98393
1.01584
7.55705
9.2859
8.13317
6.21486
13.5676
2.2239
3.47255
1.90791
27.382
2.0517
0.437146
1.02141
0.0270981
31.4178
5.01456
4.80012
4.05069
11.5839
51.1247
0.0512839
30.1336
0.301125
7.05551
4.7847
5.4352
0.0291921
2.32084
0.978319
2.29532
5.54151
0.717762
2.23932
26.7337
16.1739
6.49204
1.84934
2.20949
8.92502
4.97475
31.6312
7.99548
2.55126
22.1218
12.0072
72.6352
4.66189
5.78874
30.1325
3.7311
17.478
45.1737
5.24391
40.1678
1.84169
11.3729
5.07422
0.0375544
16.7813
21.3121
6.80271
5.34097
0.445699
6.52362
3.60059
18.5144
4.87832
7.11231
3.71681
7.60284
66.4301
7.7192
4.12668
5.90066
21.4228
14.8487
9.19037
1.33112
7.2785
5.04363
0.383628
9.43371
4.99025
72.2864
1.25268
38.3126
0.550758
3.26568
0.198288
1.33392
25.7892
19.8533
2.67965
0.0324494
13.9249
0.785284
1.46013
1.65521
1.7276
11.9035
7.18388
2.40251
2.10316
3.22273
36.9857
23.2654
2.15641
0.0432719
2.45396
1.56002
5.17014
6.80838
77.477
5.77524
9.13024
0.46932
16.0532
0.574822
9.99868
5.71804
11.2574
69.8206
10.4872
7.26036
2.41191
16.4944
19.0789
15.0439
7.56688
3.18156
30.166
13.0192
4.61886
1.38024
28.1047
5.06745
8.25356
8.60301
0.0464315
3.82522
81.3607
10.7583
9.15883
35.7075
3.16198
0.385129
0.041641
0.644583
10.1829
3.28304
4.49926
2.55088
16.6877
1.64673
10.69
1.39261
2.40696
2.19979
0.0293994
109.653
15.2562
8.18584
15.4021
6.89751
5.48325
1.68337
10.1811
19.9236
3.85782
4.42299
1.0898
3.17877
1.77844
0.0411547
2.46663
0.736025
2.19629
0.604983
1.05453
0.0376501
16.6734
8.23684
5.90856
7.53102
0.612282
0.029007
9.29304
0.740696
1.09088
7.35996
35.1994
9.24273
1.2998
2.95961
14.9671
0.0364018
2.55294
8.41485
3.26844
2.25335
23.2985
0.0244917
0.303816
0.714376
6.44689
1.62018
0.047758
12.0885
0.0460428
2.55895
0.175616
9.13548
3.62821
1.99666
27.8796
9.7796
0.0406041
32.502
10.8656
2.86694
4.66016
2.80337
2.59373
50.5529
1.80082
3.19847
2.24364
0.0283964
17.1827
0.913429
1.27627
8.04988
1.05782
1.4479
0.390749
6.45057
8.6122
1.41341
1.74718
1.24876
14.2762
0.0440297
2.704
5.68797
2.33433
103.97
31.8876
6.6795
0.688457
1.53248
2.33964
3.14337
14.224
13.8003
20.5273
6.54934
17.9933
4.99733
52.3723
16.2599
102.629
24.7231
3.05439
16.1546
0.0361799
48.2576
0.745919
0.0335519
3.53787
50.6399
6.80403
6.7787
43.0028
1.04499
0.0453178
23.4706
27.0031
2.5985
1.19513
3.78283
11.3054
12.4311
32.7971
10.2087
3.35422
87.9331
8.57118
33.3213
3.17621
0.0550495
14.0922
3.64534
1.24821
1.25368
14.2389
0.887793
2.00097
10.1068
8.25198
71.719
33.1035
0.0622802
24.4032
21.0209
34.9073
10.0907
41.612
0.709775
0.920872
13.0424
0.0350575
4.57346
4.30148
0.0471748
50.9288
5.52263
16.2014
0.0401256
64.5437
42.8565
0.0587881
27.7824
0.80866
5.09176
0.141007
2.52806
11.0314
0.0376979
0.0593598
2.34817
2.64413
9.96887
24.9601
17.2644
8.28247
0.31912
0.0645969
0.519704
8.67095
14.0654
8.89688
4.29722
5.40564
14.4876
14.463
28.5795
2.22761
10.0558
8.42983
1.7857
3.03288
9.43253
4.0976
4.73949
11.6855
38.9677
0.0472266
9.91042
2.39133
2.73636
2.11262
17.0532
0.144869
7.50485
3.07953
0.43083
0.845681
45.0351
25.8948
0.606646
0.334483
2.28368
4.844
0.055391
1.44347
3.50225
7.4396
8.73723
2.20306
0.92644
0.0464701
9.83629
29.8849
0.0381262
0.584131
77.3862
1.28991
2.73401
3.29129
1.85757
21.3622
6.31352
2.46451
4.10328
90.222
8.53113
1.70724
0.0502499
14.2811
2.22277
3.16949
62.381
1.33173
0.507482
2.28157
8.51545
2.18517
0.0503198
36.3438
0.0404117
21.1577
73.3277
1.05324
0.0341083
1.92674
8.86138
9.8893
0.0290323
0.304113
18.2724
2.70778
0.685134
4.54247
0.267869
3.00352
15.4647
14.9883
0.0393796
110.902
1.98455
1.95044
8.51608
74.4366
1.86294
13.1221
9.54884
227.662
13.1164
47.6089
6.53033
3.37411
0.697972
6.03941
32.1141
0.0853153
0.0500493
4.01815
1.95678
201.697
5.38461
1.98345
52.8865
30.7845
3.09082
56.3469
0.515867
42.9057
14.4813
0.0581409
0.0406556
0.0462375
8.37433
2.29475
0.553677
31.0052
7.23993
8.12937
1.26264
4.44615
2.69888
0.378479
4.26599
46.811
10.1711
38.4561
76.5911
0.323552
11.2025
72.6537
1.49197
88.2947
0.974783
0.0362394
0.815709
48.4412
40.4094
26.7071
0.854363
15.3411
37.4465
29.1047
6.85853
0.825963
0.0449987
0.953721
1.2458
39.4083
27.1037
12.531
1.28158
0.65276
3.4392
1.51334
12.8108
6.64527
0.0457344
12.0084
3.63882
0.331771
1.43113
34.3028
24.9627
12.2328
48.5407
23.9509
2.79374
2.84494
12.307
0.58515
0.0292434
5.1669
8.93552
16.2115
0.323975
1.70463
3.89689
3.75745
27.7745
21.0272
2.03613
0.0525404
4.94151
10.9191
173.66
1.59534
11.0873
1.37609
5.16437
14.7334
3.10468
8.32764
2.75373
10.2315
1.74397
12.9004
56.4578
71.6001
0.0405101
9.6691
3.84658
14.813
1.16048
6.64047
2.96164
0.0692916
22.5436
9.16727
0.259407
6.07736
0.609252
3.98911
7.04041
10.2322
9.34489
0.732653
0.0577648
3.66556
9.15168
1.60311
2.54004
3.1884
15.4154
6.5483
1.39132
4.6132
22.0532
0.54789
0.995793
0.806404
8.72666
3.25848
0.028354
15.8096
7.00521
0.0274631
2.00687
1.88168
13.5166
1.43429
13.8348
0.0475013
0.628234
5.33019
0.034304
3.7897
6.40028
6.61667
2.37815
3.97644
28.8816
0.0302877
18.3726
9.13869
24.6036
2.17971
11.3453
14.4266
4.80933
38.9869
6.77455
0.83198
18.1466
12.8847
8.36034
3.58242
1.11957
7.92797
18.5452
10.1595
0.0476248
4.5997
37.6043
4.98503
2.69292
0.510875
34.5829
0.758561
3.23996
1.09405
5.87727
13.3742
11.5483
9.93106
5.48066
3.41681
0.157731
14.6991
0.175009
15.6253
2.34511
0.158461
14.2388
1.72268
1.25929
1.12116
2.49097
0.874405
7.24856
29.1811
4.08405
12.1136
0.246379
23.8576
43.1434
19.9603
13.9739
33.2271
0.735734
0.124997
38.6217
6.85641
66.6048
0.0515372
1.03655
37.8069
46.9212
2.59653
14.1781
0.297848
0.714092
3.3999
6.65377
1.66239
3.80484
2.18389
10.1811
6.40431
22.8801
23.1198
24.8327
4.11745
0.39107
44.4589
1.24893
2.00483
0.0432588
2.50141
16.7808
5.88298
1.76411
6.84805
46.9695
15.3421
23.2096
20.1724
1.84761
0.0456656
7.93664
2.06473
6.34711
4.48033
38.7125
13.2845
0.114699
13.1151
3.05968
2.57279
12.7294
9.6348
10.6077
2.603
0.0346507
25.1036
13.1815
34.7384
0.0396861
7.33299
1.25775
1.59833
0.749712
0.349825
13.2936
29.5191
3.59787
5.67613
4.3943
0.057433
26.9053
111.993
7.85984
11.0794
32.3831
2.57857
15.1662
83.2193
23.582
6.21558
25.1136
12.4243
5.64415
2.57242
0.0571661
10.6354
0.0390987
1.54828
3.28162
4.83864
2.08319
1.76706
19.335
1.31902
21.5769
0.0333169
14.4222
0.345454
3.82317
0.754881
18.7656
0.973126
0.0447365
0.141718
6.6268
1.00574
0.476049
2.79737
47.4856
2.28894
10.2075
0.0536152
1.67537
19.4179
14.1221
2.03819
0.43935
2.71544
2.27001
1.2935
3.291
4.97942
34.9634
67.1651
2.32877
0.293766
2.124
0.0541034
1.84762
7.03324
4.40198
7.06971
3.70619
3.28691
4.35589
0.91936
2.52164
9.34218
41.153
49.3969
77.8812
5.27441
0.0501712
0.709549
8.42207
1.3764
2.13711
28.6764
0.910914
2.14627
10.2851
0.460888
1.56032
1.17483
0.823128
1.64292
13.1133
23.8697
8.61892
7.32749
18.6346
3.35946
12.1442
0.0324769
1.50571
0.0260596
1.02653
0.848186
4.29401
0.362002
3.52532
0.0375122
8.3286
1.07604
1.87454
8.56899
1.72136
32.1884
11.1119
0.689525
4.71628
0.978923
9.5246
43.8535
3.1369
1.4228
4.22383
31.5398
1.40164
39.0426
12.4628
15.6884
0.736523
1.78506
20.5609
1.36516
1.36051
12.0276
7.21473
0.0309886
7.743
0.0479653
3.9567
3.02337
84.161
1.00977
0.030426
2.25395
12.0895
1.29525
5.21353
1.19591
1.76809
4.14966
0.0743446
1.16619
8.0203
0.0380778
46.2629
0.49812
0.0620726
2.13108
0.0370624
1.11581
3.50009
7.06224
4.61108
5.75631
2.80805
0.0558854
12.3754
76.388
9.55972
1.2502
0.524871
2.20695
1.0902
0.0357853
1.87291
2.84812
6.98267
13.406
1.78805
1.89946
18.7582
3.60524
0.036279
1.49173
0.982686
27.0669
19.9524
32.034
8.42943
76.3418
10.6073
0.0444645
0.591268
0.241909
0.0405522
7.87633
7.87924
2.28687
3.57535
7.55657
28.0461
0.38978
6.16723
4.31448
5.82233
14.7536
0.0499506
0.815334
1.7353
5.33006
1.16408
0.0299534
0.749715
0.433277
5.8234
9.02469
57.6565
2.74659
0.998127
0.510628
0.933909
2.99927
14.3338
47.535
1.74729
13.3666
3.44496
7.51256
1.05062
7.89806
9.0806
2.42966
9.63158
4.6462
0.0364746
23.53
7.90977
0.0284872
1.80222
1.31234
10.2901
15.1604
1.36045
24.1493
20.0777
0.0424694
41.4819
4.43638
5.23407
1.18643
6.52067
0.0261747
1.14512
0.0589538
2.15967
1.06092
0.633816
3.75283
13.3596
8.34856
3.23483
53.8504
0.0338761
2.33049
0.0529668
5.89915
0.500462
14.5744
1.87892
9.95647
8.0951
0.036784
4.21122
1.84994
7.6958
1.22022
0.449839
18.1139
10.2326
0.441503
3.1508
7.11824
4.14613
9.53719
6.8708
2.02772
0.0490803
2.63894
22.218
19.6029
0.0810604
51.2397
0.058451
15.0987
38.5619
7.26221
2.88025
1.22319
16.2074
1.08668
0.656856
1.24831
3.26923
8.53878
98.8703
0.0496028
14.2368
1.32196
38.5689
0.0293604
2.7575
66.3485
0.433976
0.0937294
3.04858
0.627665
3.07678
11.7837
0.60466
0.25744
47.9418
6.64958
12.4429
3.40388
0.11544
13.1679
0.0404955
10.9324
5.18114
2.23763
8.09789
9.02013
0.0306479
3.45354
1.21246
28.8652
375.288
0.0495279
3.92464
1.93593
8.59618
1.76125
12.6727
16.8309
14.1997
0.791015
7.05113
6.5993
3.77556
1.9287
33.0912
4.60459
9.89731
3.25615
3.18701
146.372
10.6635
0.0511587
1.87991
2.29036
3.17455
0.0422953
10.3005
1.22733
47.4819
2.88459
1.51652
6.79044
0.367768
1.59154
2.21323
11.6118
2.2449
2.5236
2.66109
9.55957
0.307816
0.0287097
10.7061
18.3596
2.25751
9.13897
40.371
2.83194
43.2183
39.464
4.56921
12.6927
4.69072
0.0467585
64.2983
3.30314
3.72024
0.300069
22.8356
7.87722
0.836982
24.9238
0.0496448
4.01055
6.52368
9.99115
1.70634
1.90276
30.7669
1.07888
2.28721
11.9322
59.6934
37.7279
22.0249
3.1514
0.0295051
0.049954
6.97382
10.1412
2.76071
0.799651
21.2735
3.3523
33.1777
8.76305
2.33072
13.2072
0.148266
13.3223
0.0407957
2.44627
23.2385
6.56556
4.32309
0.0334133
5.17749
22.9515
8.87453
28.5186
2.46652
4.29999
5.31587
7.58634
0.0459496
7.84324
0.958302
4.18641
2.55886
4.37064
31.6378
2.42638
14.2191
3.43462
0.0506969
1.35523
31.5601
2.98307
11.8489
3.35256
0.0492323
22.7086
1.68444
5.15991
61.8503
3.14601
63.821
1.40852
0.0675817
15.6048
3.6508
17.5561
6.34393
5.40395
6.67611
5.23961
5.79985
4.44237
4.00003
0.926575
0.48748
30.2368
0.0603172
0.033571
3.55742
7.65472
0.319481
17.457
0.798694
7.04922
3.03074
0.550069
1.06033
2.30063
11.1267
1.65741
5.15506
1.40079
8.10892
0.592761
41.9528
2.07711
4.78327
2.5329
1.63632
1.07877
3.52348
6.47421
0.96019
4.6909
2.40034
35.3708
14.4868
2.21155
8.85873
5.58477
1.25471
8.39759
5.01026
39.2966
37.2696
15.8934
52.9442
0.99417
0.533605
79.6608
0.0377575
3.8178
3.04058
68.0861
0.751159
1.8287
3.38246
4.59606
7.69772
0.0355655
0.692583
1.48492
4.21857
12.9087
4.28767
0.281811
1.73219
21.2899
1.02389
3.21339
1.78315
31.2159
6.67403
134.369
0.0490397
20.1617
1.70012
4.33018
24.5373
8.99668
0.349048
5.32864
5.22577
38.5564
12.0417
8.61179
8.09545
1.1273
1.82703
14.7328
4.39721
2.3994
9.67927
1.24232
2.00881
0.525077
3.30669
14.3874
20.4638
0.027115
5.02963
0.822702
18.4709
0.390431
7.39879
2.95
6.69516
3.067
53.3995
23.0854
11.5956
7.5618
10.809
3.1452
2.76184
0.694547
8.70536
5.96158
17.934
12.5363
1.43109
0.629497
5.59368
0.0331112
4.13041
0.487836
22.6529
3.00268
0.031303
3.64368
1.62031
0.0424059
1.5945
5.56432
1.86306
4.79619
11.0403
4.35485
28.9315
5.96917
40.4557
0.745831
1.39487
2.93306
37.3841
2.17754
2.72016
4.14507
7.9616
7.68545
1.92892
1.38808
1.86873
3.01349
6.79115
55.9201
4.6106
1.77556
4.46997
0.033058
33.6499
16.7157
18.787
0.0415216
8.18143
0.0390113
0.0435858
8.41675
123.305
4.90802
2.69386
0.482176
12.7345
14.3717
1.5077
10.8748
2.28557
2.40643
25.9749
8.98401
126.503
2.19664
1.05716
12.8111
2.50627
6.56431
26.6196
22.29
0.0387403
5.21042
0.0471228
1.39567
11.1702
5.55654
0.032584
2.33767
6.80956
6.46215
0.808097
3.28157
18.2088
74.0466
0.0350661
3.78157
1.55536
13.7327
13.2783
19.6676
1.34376
0.789552
0.228079
1.91316
0.0293456
1.55925
0.0353337
10.018
0.912567
7.50823
2.55881
5.90321
0.0392465
12.1959
11.3046
11.1464
3.08326
12.5745
10.1367
1.73633
0.0675273
35.0165
2.93232
8.35971
0.0339372
7.76295
0.741227
63.4742
54.464
100.718
2.04611
4.75854
7.27078
7.34653
38.9275
1.39663
6.16713
9.85727
1.73234
1.13623
20.246
34.3372
1.67154
22.2045
0.0339441
15.5185
15.591
22.2266
50.008
0.983625
5.6374
9.70663
1.90026
3.20886
3.83078
20.0982
3.38126
11.1348
0.249188
5.06127
5.39241
1.57755
25.6057
3.99233
4.4863
0.805343
6.20683
0.803538
27.7506
12.6023
3.03199
1.97148
0.0345474
1.13463
7.26256
0.0378121
27.1247
9.70646
3.9528
0.0443482
6.2257
0.525073
8.68896
1.58092
1.90836
25.0919
13.9565
4.98136
0.947373
18.0287
4.91298
0.333506
2.01137
7.87525
16.283
5.52225
4.94636
3.54099
3.08655
37.7696
3.71114
2.54924
0.0399782
1.84964
2.33399
25.643
1.46602
0.0780905
0.0519118
2.57304
1.93513
5.87294
0.722067
21.858
1.74546
70.8812
13.8093
3.11084
4.16535
2.44836
0.304207
0.80588
1.61355
10.8519
32.1834
0.0835894
5.64978
10.8155
26.8613
7.56019
39.7383
0.691
0.462138
0.74648
3.21442
0.830692
17.6933
67.8461
54.26
10.012
14.9945
0.047276
0.401814
0.410412
7.02396
0.997333
0.256649
15.4968
0.262208
1.47186
9.06372
1.63564
13.1254
57.0922
8.39049
2.25541
16.6612
3.5269
1.9585
0.402045
54.6054
9.73083
16.0619
6.5191
1.52653
0.0327742
0.129634
2.11093
4.54728
1.95578
1.81264
8.64922
0.0443833
62.5515
22.0093
39.6435
0.579059
1.21042
2.41415
43.2962
1.45586
0.0458471
0.0422715
4.08508
0.043688
1.27634
6.23517
202.853
28.5622
2.56846
12.1481
5.78171
18.5038
0.229381
13.4775
6.45093
19.6312
18.6738
3.03005
6.8925
5.78543
16.4308
1.83722
5.80325
0.941611
10.4918
1.29715
0.0483904
4.57936
110.002
10.5806
21.4974
0.892113
15.8193
0.412684
15.2199
1.80214
0.0348624
0.0287522
16.7686
0.935868
11.9155
1.46183
11.9305
47.6833
2.32422
49.6184
33.3926
4.19373
0.0414357
1.96945
0.0407602
0.0366016
8.2433
3.94853
0.0427002
2.42618
24.1134
7.07866
0.0257132
1.76723
35.0449
7.64626
2.9201
1.58446
6.3895
8.31129
1.40554
0.919344
0.859231
2.13675
0.0364103
2.24709
1.67067
3.38136
4.94217
34.6716
0.633947
0.414707
27.4821
2.78102
3.56313
124.542
1.71444
13.6836
1.96252
8.11902
0.046384
7.20086
1.8006
50.1402
4.3959
0.273706
0.366598
0.0397989
18.7196
16.725
17.6319
2.42835
29.1414
6.30906
5.42941
13.5061
12.8141
30.9176
2.15972
2.07181
4.02686
2.33235
0.0359599
1.94516
3.66088
0.385474
0.042979
0.530034
83.429
50.9635
0.323109
5.22998
5.19408
22.0188
0.0448142
1.03475
2.38479
1.05829
24.2054
8.75629
0.0534438
5.86224
3.12376
34.6892
21.9059
5.18509
3.06548
9.57419
0.579046
0.594069
2.60328
5.37685
6.32913
16.5667
12.6399
5.94415
2.33304
12.1321
0.0366568
1.89899
10.5037
0.0535324
1.46958
3.5301
10.5486
4.14725
4.4516
5.53069
4.81019
43.7067
0.0568165
2.42083
0.0447203
17.3105
35.5751
0.0635458
12.0082
14.8852
0.209301
0.0486677
2.2003
3.65331
0.0257607
8.87357
8.25945
7.19138
3.4955
1.31517
224.338
18.3236
3.97587
2.36736
0.805148
3.63994
163.028
7.06339
0.436875
0.0354382
1.43084
2.81656
6.63405
4.02869
13.6333
12.1788
22.6174
34.7168
14.8923
19.8019
3.28825
2.06377
6.21311
0.993566
6.92288
1.13796
7.74275
0.702106
1.65246
2.37814
3.31345
3.34819
0.947385
2.49954
2.76884
5.04331
0.580048
0.507749
0.0256726
0.542354
0.0466971
1.68013
0.0427668
1.68096
0.188038
26.0622
2.07155
0.0394796
2.61203
9.69458
3.27093
4.63501
5.05402
7.08976
0.37329
37.9425
13.2306
5.03886
6.50834
0.0490767
19.9138
23.4929
1.04188
3.36548
3.46799
7.40507
1.24836
1.58682
5.57766
30.7721
1.1447
21.6703
18.1363
85.8943
1.38162
61.0175
28.7746
2.46652
0.994506
119.533
1.811
65.6532
2.73674
42.46
0.0312948
2.11829
7.13207
19.9247
1.23774
0.421564
14.9676
0.0381535
10.7752
6.53147
27.231
180.933
8.16095
7.75912
3.22382
41.5699
2.97021
2.50424
0.0268991
1.88827
2.44345
9.31168
5.29771
0.673874
5.39752
0.0256524
6.37541
26.6351
2.35792
21.1989
0.042782
0.0433595
17.2429
1.07814
0.723044
0.543486
3.45198
1.83098
13.5382
4.81704
8.66263
70.5888
22.291
0.919675
18.2967
1.38774
5.66512
1.39226
13.882
2.33192
0.307392
12.2259
0.0432228
7.82036
25.3246
1.84554
0.70165
0.377534
12.2166
0.394624
0.873703
3.13988
7.54407
13.9437
0.815134
0.0726449
4.01285
0.0370657
12.7891
3.48445
4.10008
0.0340227
5.72338
42.5743
1.66048
10.4942
8.93466
0.0485042
3.57596
0.044875
0.885196
9.49975
6.39895
1.80302
0.033215
8.36838
0.741019
3.89002
3.07562
12.0078
13.2217
1.00098
11.4095
30.038
2.11206
2.59682
0.043764
0.761367
0.0618583
0.03757
47.8328
3.93517
21.9154
0.53054
2.40871
10.2144
5.59687
0.281604
4.13675
2.7819
3.34914
0.0593364
0.0472002
0.0504788
56.219
0.0363399
54.2501
2.70073
3.27908
9.25553
0.032247
11.0578
0.104675
4.4857
5.91544
2.60451
64.9489
10.5533
6.68778
24.1558
17.4433
5.50999
5.868
0.0334469
0.555068
0.119958
0.826903
3.28791
0.0451263
9.09263
4.51565
0.199471
2.25779
52.6408
0.0305571
0.935133
13.8734
10.776
2.95287
3.19
5.00888
3.0902
1.46426
6.4308
2.37175
0.082451
33.375
15.4874
4.29943
9.11693
2.66438
0.0367644
5.7822
2.39168
1.57094
23.6556
0.214845
15.0961
87.3547
0.0425367
0.0508614
3.78047
0.16795
0.0353851
0.0510891
2.12695
7.79379
2.56082
0.0395575
1.3702
137.943
0.0376974
70.8545
3.76673
0.760172
25.4702
5.24457
4.78122
19.603
0.862875
0.242907
2.03681
0.0507239
0.0263715
23.6329
12.0042
16.6911
9.95036
0.243487
0.952371
1.0237
15.5957
6.66825
2.13673
9.67561
21.3415
2.98459
0.0543996
1.89662
0.0411428
8.54177
1.4738
1.55092
12.9844
0.0402529
0.282633
1.42804
29.0581
1.28965
5.47314
2.66482
19.5566
66.4719
93.2183
8.4759
14.6699
0.0372663
1.6864
13.8943
0.0484122
11.7119
6.54043
1.9511
19.2163
7.87056
0.775676
0.0215126
5.32406
4.56016
1.00115
6.99919
16.8965
2.72713
22.2597
4.67333
4.00234
5.4902
15.1553
31.3843
8.92097
2.94053
3.41562
3.06776
8.71465
4.28042
31.8758
4.69418
0.293293
2.24976
0.0251116
64.4012
3.39373
6.92026
11.2152
4.26954
11.8787
2.12534
1.57181
8.21756
5.50913
3.27609
0.0343147
1.00566
3.94651
0.311575
24.8798
6.61731
0.0510565
34.328
3.24651
11.5999
2.03032
4.25353
0.47971
14.1661
2.80978
20.6141
2.29926
1.86906
0.0234988
2.01489
0.332928
3.98983
0.0223878
6.59674
6.0519
10.819
4.3881
0.664542
15.1754
0.65042
4.52388
3.72761
183.999
17.2707
0.490253
0.771695
5.69772
14.7568
0.615999
1.15593
2.09586
5.95498
2.12604
10.6028
1.8907
7.927
15.3078
10.7081
33.0086
61.3782
0.0436825
2.77388
3.54278
0.135693
109.027
2.31227
15.087
2.18718
7.51626
8.93513
1.31074
2.46344
1.43668
0.910427
6.23644
2.86146
0.0282075
2.00264
0.0237002
0.0399688
4.35552
0.986433
1.28822
1.13638
2.5018
33.1106
0.0479393
0.0315047
22.2816
4.15018
4.17926
17.1624
22.5664
3.89606
9.04314
39.1327
0.0302297
0.040526
18.5894
19.6685
2.11503
14.8305
1.2357
0.044998
3.08554
5.92266
0.024431
19.5923
6.85502
1.73183
4.36175
80.2942
11.576
4.22612
0.304114
2.69005
0.0339029
2.64899
4.48052
3.70212
0.243648
0.0327144
1.27976
0.0400861
8.07515
3.84015
18.0199
2.98847
0.482542
5.98946
0.313942
24.0093
96.1589
19.9995
88.4363
3.06888
1.02064
23.4173
2.68546
58.9955
1.04765
2.96355
13.1665
11.5132
7.54597
2.03999
16.9962
26.7208
11.2635
6.74442
5.18353
1.27946
9.59826
0.045353
1.44587
5.34263
21.9295
2.79278
8.5499
9.23926
5.13891
2.83862
16.8594
28.2677
2.02899
22.7432
4.19893
1.96377
0.0710656
2.45568
27.0052
3.78373
22.349
9.53869
7.35208
0.610379
2.03224
38.7596
0.665633
5.33821
14.6978
2.30508
1.2732
45.6832
0.6948
0.302818
65.6418
3.06897
20.8446
9.32717
0.832438
42.2693
10.1147
3.63436
0.533131
0.837734
16.9772
1.91579
0.0819577
0.406497
8.06457
5.53627
3.91181
20.7006
1.72361
28.3038
12.7903
23.4241
3.19512
27.9601
99.8531
5.79447
3.75055
12.4548
1.12724
4.31282
6.93912
47.6212
15.6816
0.550677
0.0493006
1.13449
6.32023
2.89524
87.231
6.11195
6.7469
18.7616
84.2564
3.46825
3.97313
6.9247
35.9578
0.99242
2.01833
1.20949
2.54785
19.5871
13.9273
10.6715
1.63076
19.8945
2.20039
41.3464
7.56162
0.032558
2.36645
55.4407
3.26873
6.12896
3.23437
0.824034
35.0147
9.65702
29.5109
4.22424
2.89126
0.719222
40.8318
0.904341
15.7806
12.0654
18.4778
0.0326525
0.152271
0.747937
20.1905
2.00924
55.2617
21.4353
9.60221
3.31837
2.1498
6.43807
0.0336877
0.0999652
0.0368849
47.0383
16.8852
2.20836
1.12003
0.0332697
39.5636
2.48814
1.72992
0.450404
0.919261
17.8912
4.52582
8.52783
29.1622
0.0332753
0.030882
7.56768
4.79907
0.0316736
3.40598
1.89398
0.702308
3.40223
1.25557
4.90712
10.7095
5.15271
9.38875
38.6166
5.89143
1.25909
0.045726
33.6733
13.4334
4.58284
13.8352
5.55459
2.07266
21.4627
3.61678
6.07347
6.75424
0.030848
0.043747
1.8106
7.43325
4.89506
7.04795
0.0358452
12.036
1.49652
3.34894
1.38193
8.11065
9.60028
7.11595
5.39856
5.35645
37.5667
0.0371609
0.489986
0.159211
2.89395
0.051219
29.9411
0.620062
4.49854
8.21819
0.0336522
19.2699
8.1192
52.636
87.3051
1.53251
4.90028
0.0362986
0.38039
2.48023
8.47668
0.06368
0.0309767
2.42636
13.5588
4.38978
82.5108
5.69489
1.66682
3.73634
0.709444
127.713
7.60885
0.0521324
12.8027
6.83624
26.076
0.715296
3.81813
4.05374
25.8461
10.3561
2.50848
16.8598
0.790295
0.0351524
24.0977
0.0477527
6.52151
0.590294
14.606
2.09484
5.71259
3.61944
8.79887
8.01217
2.29244
0.72259
3.91791
4.51571
1.81199
34.7039
2.21049
2.69497
86.0901
0.0338093
0.579745
0.0253356
1.31747
6.13442
7.38101
1.39617
3.93841
18.6543
0.725156
19.5077
0.731091
0.0673284
4.32625
2.50027
12.5775
33.9258
14.5971
0.0398914
9.89409
7.41369
10.5112
35.0727
18.8598
0.40089
19.4452
2.38337
12.3137
3.13391
47.7028
0.0367804
6.7675
11.463
20.0595
27.1516
11.9516
3.31839
24.7631
0.88827
3.61944
47.3826
1.22776
5.63871
1.09281
0.0991538
0.291045
0.04815
0.0395088
0.0377892
2.10806
0.0370537
8.13928
0.242532
0.042319
36.0155
20.7845
0.928384
1.34841
0.662568
14.403
9.8196
3.78513
2.38468
4.35059
1.72311
2.44472
0.0495165
80.7799
0.0344557
11.6531
3.9102
65.3669
0.0458463
3.52464
4.45888
24.7192
3.75676
8.5177
3.07762
49.4504
3.42809
7.25302
1.26738
8.78265
3.88876
0.725925
51.9534
6.24882
0.240317
35.8985
47.6095
0.128469
0.896043
24.472
0.0472101
2.3734
1.10079
3.0136
10.0904
28.5803
0.962155
20.3215
18.3698
1.30785
0.414203
287.541
29.2417
0.980392
0.192669
10.8288
3.86994
1.2129
1.08367
60.9975
0.0477646
6.49152
5.75557
2.80928
0.560024
93.4011
49.9011
0.0754654
0.192117
16.5074
0.779621
0.501995
4.41395
1.36671
9.81941
1.16229
1.66794
11.5356
19.3671
27.7635
0.521263
0.393844
0.0506306
2.85926
5.11506
2.37011
1.19407
0.860342
2.9153
0.0554731
35.7403
0.0439424
2.01649
7.50464
0.0459723
139.464
2.46066
5.58038
19.0232
0.0278441
3.91315
8.55414
25.6874
0.975568
2.30571
0.0250842
20.8333
17.0677
64.8442
6.19758
3.98649
0.0349763
10.6539
7.79479
2.26958
0.256171
26.6036
0.340917
5.42439
1.16193
3.31358
1.67458
0.0606412
11.7534
0.0397054
4.17857
8.62153
1.46057
10.3454
5.45819
1.31636
3.15346
0.753095
0.908939
2.32438
12.1881
118.22
43.9062
3.8794
8.23772
3.44793
0.0413029
39.4336
6.61508
2.04624
2.5713
0.0243403
15.918
1.26372
8.73522
0.0385405
7.02985
1.71157
0.216354
12.2857
2.2222
13.7706
4.21161
10.0754
10.4088
7.20328
0.998325
0.468962
1.40014
0.0643585
9.39895
4.77635
0.0300612
0.443705
0.773598
39.6242
5.62396
0.0525533
0.0433317
2.64819
0.0468774
5.9112
2.74854
1.31367
0.835674
29.6829
1.09989
4.21924
7.74448
35.9679
0.41546
2.40348
0.903621
2.03753
18.5758
17.7941
0.461762
13.2379
3.8982
9.17902
40.5362
1.12141
1.48635
1.48508
0.0327811
2.29603
1.07527
5.02292
12.581
135.052
28.5256
0.31145
3.03938
15.7812
2.92963
0.550559
1.23087
1.80997
1.15167
8.22546
0.029307
0.0865526
55.6762
18.4248
9.42551
1.64976
10.0271
47.7561
7.86313
16.1898
2.90547
1.03321
1.10181
0.0451624
1.53575
76.2145
1.00248
5.63328
3.79106
14.8726
11.4001
2.80087
14.6538
9.42908
2.32899
16.1396
2.46706
25.7123
2.24502
27.7756
1.06509
18.8696
0.530055
0.130175
0.0410971
9.43424
9.64805
23.8738
55.4162
51.3708
10.8028
5.5288
38.2636
6.37644
9.87235
27.414
22.9132
1.41815
3.60392
8.11953
27.2234
7.04477
0.0392237
21.5884
38.4549
1.41234
14.0315
1.65675
3.93478
0.465258
105.577
0.0590969
3.91213
10.2531
1.13766
4.14691
5.91193
0.0442952
18.1358
0.0471609
6.60192
20.419
17.2072
9.50584
12.8266
52.324
31.8133
17.4146
0.982806
25.0196
13.5384
1.231
5.33811
2.43085
0.989085
1.28415
9.54371
12.9205
9.80304
11.0721
11.5329
0.0321467
3.96842
8.10694
0.813016
13.7786
1.24077
10.1136
2.63778
0.121483
6.0986
0.0433487
0.0906506
2.62204
25.2978
23.4723
1.08589
0.76722
11.4135
2.92037
0.894095
0.96028
1.23445
8.92333
22.9796
0.0343195
0.407132
191.281
66.3101
1.77639
18.5245
3.34543
16.6832
0.162417
3.53844
100.919
1.00907
17.4069
1.16098
1.22987
38.1223
5.46523
49.7953
25.2767
0.0407411
68.298
1.67021
5.72969
0.252496
0.0593499
3.01602
4.01763
0.0278734
0.0360388
3.69217
0.047749
6.46721
4.5663
8.00525
1.61941
5.14085
2.88604
2.04003
3.085
1.71083
151.992
10.5001
3.27439
0.965442
20.4783
0.589258
0.653375
0.647932
8.5954
0.043962
6.26241
6.81478
4.7865
0.0294782
5.40706
7.83549
1.41886
8.1465
0.0616753
1.39318
0.0363925
0.0391414
1.53374
54.9167
10.246
67.0782
1.2856
29.4283
0.0417972
7.47125
0.385566
2.87682
0.042036
35.7531
9.83489
0.0403115
14.603
13.2035
2.91549
1.09044
4.45248
0.922354
5.26462
56.8659
44.4479
1.44724
1.46792
1.48133
4.89234
42.227
1.72152
2.55213
10.3721
3.29598
4.08352
0.0469412
1.17099
0.96563
3.54767
35.0599
30.0755
13.4226
4.49752
9.22648
1.44042
7.47055
27.6791
1.10565
8.2488
7.91995
11.2232
11.3025
0.0440478
7.15538
0.1537
41.8658
3.23699
0.636701
10.2597
41.1026
19.3829
2.77543
0.938223
6.84911
5.70665
1.00487
19.5722
7.26444
116.934
2.42495
0.0300513
20.1182
2.56706
4.42252
27.4462
2.8819
0.917034
2.02266
6.76047
0.734604
1.15309
30.1561
4.60734
4.92142
37.006
3.90178
2.86473
0.789664
2.13189
2.03796
0.0659409
3.35687
10.4613
1.42952
5.33409
0.338473
0.569385
8.07439
0.0346719
1.5827
6.0175
0.0301074
25.9486
0.0574899
64.6398
9.04559
0.611615
1.60874
4.38095
17.5327
9.78156
10.1374
5.18143
2.3567
0.401243
12.3591
14.4488
51.2587
0.0423299
0.90192
38.1783
1.98507
232.259
2.73555
35.9579
23.2606
5.11403
2.73787
3.0133
0.0671164
61.6014
4.12127
3.42836
120.079
3.81276
0.0333169
9.09295
23.1789
1.18326
13.6388
1.65426
0.954535
2.6658
9.78138
2.3466
5.2956
177.854
13.0499
0.246977
0.0508409
13.3896
2.09393
62.4983
2.06185
6.97835
1.53542
1.42865
0.427524
7.64445
8.30238
0.0376046
5.0847
7.92567
1.46028
0.0373858
2.69529
1.10219
2.39497
6.61797
3.15115
16.904
0.0368066
2.46275
83.6979
3.5452
3.46918
1.0079
14.3738
5.60885
0.0523369
11.0573
9.43583
6.09582
9.57264
72.0414
0.684824
4.16538
4.31432
0.705683
1.53591
3.35392
13.9018
21.2918
0.0311044
8.37311
11.8084
39.0333
2.00965
21.7866
0.0367737
32.2563
5.70818
7.56437
0.0372673
23.8802
2.10676
11.5575
37.6279
0.0587629
0.0331693
56.259
21.5198
75.6553
2.13392
4.9189
2.58636
1.42606
17.4386
6.03072
0.0367132
0.750233
0.90453
5.5932
3.61538
0.0228947
5.72201
17.4892
1.63203
1.94779
5.58599
8.68994
0.800563
2.5081
17.0245
0.0445811
3.7397
65.0097
2.17907
1.51702
3.63947
15.1078
53.6404
3.72337
2.24538
0.0484302
1.81985
7.49356
10.6275
3.90608
1.60193
14.4072
26.1116
0.0315677
13.8096
0.029822
14.658
2.37986
3.53534
0.71854
15.7714
0.0465545
2.06539
5.60673
1.66223
1.47709
1.97559
5.29252
26.3559
2.86238
0.0342414
60.7198
66.8275
11.8456
3.5512
0.244158
5.85211
5.43787
18.8134
19.2542
3.7407
1.12162
20.574
271.169
16.8171
1.54032
0.0407543
2.1435
3.26169
34.0503
34.7774
5.17095
0.040915
3.04718
22.0923
0.0452765
2.20288
1.55188
11.4366
19.2663
1.32835
2.90546
11.2581
5.17502
5.11278
16.7617
4.66914
23.0802
69.7523
2.98359
7.31741
1.67073
2.37203
0.426137
0.0329722
0.441253
3.05301
2.17085
2.46387
3.21009
5.2101
0.0360173
0.639232
10.6626
0.0452013
19.9044
17.2675
1.47668
24.3784
5.06775
3.36919
39.4134
0.308124
20.1746
5.54074
9.16943
52.6809
0.510271
1.44793
0.777459
4.78463
182.565
5.74809
8.0256
9.80374
15.4662
1.39702
8.03283
0.254838
0.287752
4.64909
0.548027
1.41724
3.39044
4.56564
1.58657
1.03
0.0538503
78.3177
101.765
7.37444
3.1141
0.0502023
4.57072
2.90583
1.27057
14.9019
112.534
1.09895
2.2805
6.9608
6.82969
10.3763
2.30453
1.08815
1.8983
125.469
5.65867
2.16487
4.72237
2.39542
81.6542
3.50752
3.70112
45.6535
0.998442
34.5921
1.85021
8.53118
2.67605
1.0142
0.0923087
0.0579559
7.70099
5.95755
14.0279
4.34592
3.75852
3.29253
13.8817
27.4996
0.162639
10.7935
4.89001
5.01955
48.6559
3.85609
1.00733
64.2296
7.94628
4.08933
10.6561
0.0319977
5.94767
2.24401
6.61247
1.27445
69.6862
4.03211
0.0466854
2.07961
9.06157
3.95121
33.8248
19.757
1.9972
10.5447
1.45933
0.484762
0.412131
18.3536
2.92566
0.044602
0.0391484
72.5628
0.0496733
27.2447
31.8145
3.78899
7.63667
0.45537
37.3151
4.10049
3.59933
1.13194
7.2902
1.77365
0.0353837
13.3534
7.49906
1.57204
2.00091
13.8827
2.88925
7.0772
2.53235
5.81937
337.827
3.3596
1.77378
7.92814
2.10157
2.22049
4.20655
10.0314
0.0439233
0.0354357
13.3375
91.2644
0.643209
3.89682
16.6319
0.0346178
0.771308
0.0381941
16.4796
0.0562561
14.8618
3.15538
1.79723
0.0619279
2.44399
0.0472771
59.268
1.46542
1.4494
58.9465
0.0477748
0.651542
0.0340869
1.89661
23.0274
0.0300305
7.33341
20.4278
1.54953
2.46158
5.11617
1.33394
5.77502
2.36703
5.1849
0.481397
86.7956
45.4158
1.18778
0.0334654
2.94128
9.36947
28.2572
1.58779
1.33956
4.71791
0.129753
5.11198
1.84763
0.257858
1.59668
0.030376
0.584282
7.80542
1.54332
12.5006
0.0807459
1.49615
0.168418
0.0316001
5.02338
118.429
0.703354
5.82869
54.8244
1.72652
15.1667
5.74161
3.31642
115.823
76.0531
0.252921
3.80682
3.93447
18.6341
7.67659
0.0487438
11.5238
3.92698
0.574825
1.96363
0.51278
0.0395903
2.0726
8.1071
0.0590351
9.09252
7.26791
2.26436
0.785199
0.968861
3.80027
2.49172
9.38491
44.2621
16.404
0.763319
0.724113
0.0659879
9.13882
23.2356
2.5014
20.3433
3.71722
62.4482
1.76669
17.0507
9.86139
3.03275
11.1446
7.97436
0.616514
14.7283
1.28339
28.6584
0.649666
20.6275
8.49774
1.08188
5.73071
6.66671
2.67721
35.677
18.5756
7.35046
3.06459
6.19483
0.503602
0.505096
11.6557
2.60402
1.01994
0.0397618
69.8547
0.703643
7.66247
0.0521749
88.2173
1.39608
0.0361997
3.84647
1.14533
3.04038
5.0579
0.587206
0.0453891
1.00428
15.7279
12.7574
1.09678
8.16106
13.2814
0.495586
0.348197
0.0486032
6.54514
4.24152
9.56329
3.74939
5.64489
1.27848
0.212894
32.3076
4.94489
0.212564
12.5916
1.59154
8.65491
0.0483995
8.43438
49.3727
1.49297
2.64639
0.0353528
3.42482
0.335737
16.6605
10.8854
1.48623
0.06464
2.86295
9.32121
2.89946
15.6925
0.0401453
1.20186
0.0526621
12.8659
0.170147
15.7134
20.9619
0.826539
206.859
21.0282
0.0614084
0.0282307
25.3588
33.9003
0.0265807
0.0261419
0.0455651
27.8606
0.0328344
4.36829
3.72975
16.9429
1.85229
4.07692
2.6944
0.0283488
2.76193
0.720228
10.6233
11.1047
4.14875
4.04538
1.87795
13.0085
15.3202
8.53444
22.4767
0.0417476
0.256955
0.0356582
0.027439
3.16288
0.0525371
0.622686
4.70406
1.1728
14.9468
2.70519
2.78736
0.0535493
5.37092
5.67295
0.252836
8.6356
1.69545
3.09736
3.62306
20.2666
40.3159
15.3915
148.761
0.0322064
0.0293772
17.1487
8.06632
0.395614
0.033185
4.04991
0.0649842
1.80143
7.3298
0.882723
3.65859
129.57
4.04201
4.98367
1.45349
43.2112
0.0501041
1.66711
12.8782
0.0507473
0.0280461
16.7665
0.0415585
13.4814
0.913484
12.3154
47.0633
33.0144
0.0420042
14.5041
2.08669
0.708624
1.34905
8.80334
0.0353617
17.7438
31.0677
1.28902
0.0489231
0.535822
1.61956
0.0455821
5.02363
8.28216
4.28834
14.8251
2.25058
3.81373
1.92504
18.7022
0.038991
0.601826
27.6512
16.2617
46.2978
0.0355891
1.52375
2.0113
11.8142
1.97221
2.80249
16.7348
0.0380064
0.0459303
7.96153
19.4136
21.719
9.55409
27.4831
2.79187
120.343
25.0417
7.29446
6.24147
1.67613
14.9637
20.2079
11.511
0.052194
0.0291903
0.527126
26.2039
3.65098
5.50444
4.93572
18.0667
0.354466
3.07342
3.37979
5.52907
1.22893
1.2784
11.728
1.75884
0.805581
0.0570436
12.4223
0.725955
33.1536
12.1971
25.4891
0.0358056
0.0288321
4.66912
6.06287
0.0390712
26.1421
4.19583
65.4225
2.73931
0.150053
11.6481
88.6548
0.609312
7.04094
0.602091
1.83499
0.300968
13.395
78.7913
2.95939
2.41675
7.09114
24.9175
6.88618
6.25599
3.07361
12.4908
7.88109
0.618982
249.398
0.0478831
2.79311
15.4557
7.79689
0.641966
2.22781
1.28234
10.4417
0.0432344
66.6334
1.13458
3.00213
30.3353
7.75342
6.65417
3.67577
0.0589702
1.57443
49.7876
0.0359971
0.0770877
0.0375866
3.5152
0.528981
2.4461
24.8952
157.466
2.61044
5.66496
14.0747
8.78296
6.12395
13.5167
1.023
5.9592
1.28615
1.01785
2.18331
25.4524
0.0316247
0.804359
5.01654
1.21274
3.4361
7.09264
1.65937
0.0633336
4.22477
114.763
0.834248
6.60827
31.2938
3.312
27.7183
1.8803
5.30626
1.54244
15.3743
1.52473
7.14978
5.82133
3.95944
1.55066
31.1282
5.74261
2.90992
0.983561
0.036125
7.15895
64.8236
2.17133
11.4918
8.63673
0.67968
35.9799
40.2983
13.3528
27.9186
5.71032
4.73835
4.25355
0.0387832
0.936084
42.5079
0.0353489
2.96512
0.0320347
0.660194
4.13453
71.665
39.1443
2.97673
4.66281
5.82862
3.72202
25.8951
4.53665
2.84424
10.9615
9.3508
15.3559
0.046302
24.0518
1.45396
27.8916
33.4636
130.391
7.8134
3.72221
0.19764
0.257676
6.33282
8.38182
4.69376
34.2721
9.56533
0.0238616
9.45419
0.594582
0.0403708
0.0489531
0.804917
0.329242
2.11251
0.609932
1.06375
4.41673
0.0439474
16.6034
9.1019
0.978621
1.43104
0.638346
10.7344
10.9013
11.7175
0.0344025
1.36332
0.0436227
1.01841
27.4157
2.75298
1.35694
5.45202
7.418
12.0186
14.2223
1.11867
12.0757
0.0329492
11.2626
28.0271
10.1573
25.1661
3.80181
38.6528
1.54065
7.32023
0.436904
10.3328
10.0092
1.25452
2.04331
3.93834
4.10263
1.48135
0.882036
3.38322
34.9695
1.144
0.86856
1.04843
1.32038
1.12597
6.10636
4.92405
62.6703
0.0485554
12.6168
0.0325052
8.19846
4.88525
1.91287
1.11434
0.0432576
2.38382
1.98067
10.5068
1.00828
17.0642
2.10751
2.30429
1.04258
9.33099
6.48257
0.0506598
3.69298
0.0323965
0.032309
17.8021
0.0458958
0.0369925
1.96201
5.81609
1.29912
27.1378
13.5944
12.8268
3.84629
0.7122
19.2334
0.419694
9.68611
5.46392
3.85777
7.81855
1.27477
2.47146
4.19252
3.11433
0.0398178
1.52241
132.827
8.82596
5.33431
0.0360758
4.08579
29.074
3.2661
2.34175
4.18766
18.6476
2.35924
2.26529
7.51287
3.45429
45.8977
9.86227
0.8536
0.0333043
35.5618
1.27046
6.36395
1.20585
0.037428
12.3966
30.9477
2.92358
11.7796
1.96594
3.34656
4.92019
0.0393723
2.74515
9.63725
0.0449176
25.8464
0.057062
6.3182
8.97112
13.0309
5.11011
0.0288368
3.98026
5.09175
3.17747
0.273099
43.2681
0.0318361
4.37277
5.88907
18.6395
3.95614
2.33568
25.1366
18.3708
1.44532
9.33827
15.6948
21.4657
24.7098
4.29469
0.0582291
0.0261808
2.91467
0.35869
2.10862
5.88666
0.05588
1.2629
13.8802
5.83496
4.45872
0.994347
11.1536
2.23513
10.7651
5.239
0.0300143
6.54942
3.50225
7.98586
2.69843
2.24959
0.723265
10.4641
4.7894
0.0607184
0.21036
26.2513
1.49032
1.0846
10.7731
2.43582
12.3486
6.31322
4.78866
0.0813316
2.39437
70.319
4.87822
4.50013
61.955
0.0561166
5.42751
31.1096
17.3228
10.1404
8.59885
64.4629
0.0426903
0.697113
0.296474
0.367471
19.1387
1.79397
122.646
0.519738
12.5859
84.0654
0.454605
6.80968
3.03318
0.460216
0.761471
0.0379319
0.0533668
1.0503
84.3802
1.51798
7.56471
90.7342
3.08311
9.88803
0.94993
1.62148
8.85227
6.79202
18.7012
10.3764
175.92
2.89221
0.984615
0.0675728
0.044975
11.8312
1.05154
1.88522
53.0679
48.1137
0.49336
3.27152
6.10035
12.1476
30.693
2.49826
0.805095
0.866796
17.4336
5.99198
2.19396
2.50708
1.28972
0.0324825
0.0331583
7.56871
2.43726
1.7557
8.29291
0.0655111
14.0098
35.8027
1.92078
3.17412
0.0342979
1.99573
40.917
0.832412
17.5772
16.1367
3.60258
10.503
2.91047
0.0386176
2.98619
7.77154
4.03221
2.61908
47.5959
2.5409
3.41911
1.34102
11.1747
10.4695
11.1541
3.81001
0.0273838
0.174284
4.18504
6.87997
2.31946
0.0307712
7.38781
2.00785
9.30256
3.75515
6.31167
1.40615
15.2036
14.978
7.33206
0.0537
1.48078
0.768235
0.0543594
14.587
0.0315392
73.034
1.2032
6.13903
7.24682
63.0503
4.36886
8.47069
3.63254
0.71979
4.76776
2.91358
3.74495
63.2934
125.335
0.246376
2.68715
2.56261
8.34321
5.81101
2.12225
32.9807
4.40337
3.33958
1.44991
3.65709
2.18499
0.69868
1.52746
12.1958
22.3631
1.84452
12.6348
11.3435
7.60178
5.68292
40.8897
0.106635
4.92853
16.4568
0.0414882
1.3456
0.866178
4.84231
2.76662
0.930146
0.97873
4.40092
46.2734
1.33797
0.407515
0.917732
31.7153
10.1285
4.9291
0.967848
2.58972
16.6431
74.4038
0.0635559
5.13427
7.41701
27.3679
31.0818
39.7101
6.79435
2.66068
4.42426
1.07321
3.93655
3.34071
0.357538
31.7153
1.58552
2.19579
1.19429
11.5538
9.90803
10.7752
1.78377
2.64313
1.1553
0.0503109
0.0520629
0.0454315
0.024561
4.36263
12.4926
2.36991
6.36117
0.0518039
8.93414
3.28746
37.002
0.0465229
2.75356
15.0637
189.733
18.5822
5.69012
37.9304
3.7837
0.819889
5.3835
0.802281
28.9947
1.46665
1.50957
3.33863
0.241114
1.22813
48.1671
78.5977
1.06806
36.4439
0.822437
6.24895
3.89483
69.2846
4.59607
0.0372537
3.18282
3.35482
5.22407
42.1128
17.3598
64.5826
1.50414
5.52252
3.82484
7.79376
0.0320927
17.5214
2.36802
1.17983
9.43996
5.82096
2.17891
0.0697856
4.2219
2.46088
7.39949
5.7239
0.358
13.6252
5.50547
3.67401
4.27883
4.5028
2.20676
42.7003
20.8389
32.5428
1.08112
26.4781
0.62867
1.34466
16.4817
6.40321
0.474786
3.44563
5.04237
8.3577
9.14373
0.0429787
1.99332
1.91773
0.0380201
28.2495
81.6704
2.52638
22.0514
2.22949
1.92835
15.5212
10.1001
3.73281
0.418917
6.86539
4.34664
67.2829
0.241875
16.8455
9.12587
9.83139
5.81448
11.7543
16.4479
22.8605
167.757
4.61007
1.4539
0.0386517
10.8587
0.598551
4.42269
0.317734
6.50191
20.6245
9.49026
11.5376
0.0467159
0.0336799
7.12848
2.60906
3.09248
1.77739
0.988062
1.34173
6.13707
2.64325
0.65241
4.63789
32.8802
8.04923
0.0301803
20.1992
2.84285
1.87765
0.724518
8.33963
7.85455
3.23458
3.83149
1.18001
12.3886
16.6828
2.05709
2.1835
25.3677
11.6219
0.0864975
1.82121
3.87419
0.945331
5.29567
0.0376517
0.0244537
10.6919
0.0375111
0.268927
15.9108
0.0430204
18.3977
0.053246
0.0522569
9.16689
8.50837
3.11637
3.06377
36.7907
1.44136
0.0317003
8.69488
123.286
2.6305
67.3907
15.0341
43.4199
0.0361842
1.75848
7.72705
95.2146
0.317554
4.43663
3.9735
2.20718
3.39517
6.10667
0.0728697
6.57722
2.21809
2.84231
18.9446
1.91474
37.463
3.58306
8.90623
4.91035
2.77542
6.71215
7.83973
22.6869
0.300919
2.85177
8.07035
3.63061
0.0336467
112.158
2.72136
6.5292
0.0291241
2.13719
13.9136
1.58446
0.0358773
0.0319086
107.989
1.44269
12.3505
2.39778
101.046
0.0407679
3.445
2.79315
7.73594
3.85633
2.30932
157.753
7.83651
1.61413
7.26844
3.64329
9.35217
5.02519
6.08336
2.79623
0.364998
4.82621
28.8837
4.28666
0.668386
10.427
6.8335
14.7345
8.81103
8.56046
0.0362276
8.21655
1.47652
4.44611
18.1133
10.787
68.5655
1.20493
0.0427709
0.272828
0.486846
84.519
0.572403
0.0441825
3.70564
2.96914
9.78152
1.33218
3.78106
11.29
30.8098
17.0669
0.837341
3.05157
40.2953
1.79553
3.73895
2.60572
8.54593
2.20372
12.1205
0.479916
3.07226
1.98321
1.04345
1.62963
0.0482191
4.60023
0.0306486
2.9248
0.0361947
1.57577
15.8246
4.82757
0.0274982
0.0368558
3.58311
0.951675
7.11241
7.40107
19.4871
4.83864
10.9621
33.8966
0.246231
10.7533
0.0331749
32.4799
1.47827
0.48097
1.43286
6.5023
35.0198
3.26611
2.01372
5.06566
5.6679
1.64677
3.82937
0.0572709
4.76519
0.0463333
0.0272201
0.858006
1.10076
6.83375
7.28395
0.0377802
1.56352
4.79556
2.44704
3.11654
0.201828
24.3815
5.40517
0.474254
0.635038
3.951
7.09778
4.78913
0.0326701
4.58115
12.5526
13.2687
146.113
13.5425
1.6233
11.4984
68.7312
15.4724
0.932967
1.45415
0.207973
4.56851
20.495
11.5654
10.7234
5.91039
0.0665356
0.783924
9.20597
1.4324
2.70209
11.9052
0.0534821
5.24952
14.116
14.592
10.7548
2.22341
0.0501178
8.29518
25.2706
2.65297
8.83059
20.8918
0.65204
15.6689
31.1386
1.83865
6.5933
8.86298
13.0629
18.3632
15.2196
1.82876
0.275457
0.740421
1.69341
17.9537
5.13943
34.5663
2.24796
1.04537
0.83799
9.48591
8.30535
13.4962
16.4285
0.525504
0.0240987
93.9465
0.76737
16.7946
2.34317
0.0236458
6.26726
3.61391
0.0404314
1.93377
0.0386839
9.66392
17.0918
25.5253
0.0416328
56.6932
4.544
0.0398381
2.28265
4.74606
4.67635
48.11
11.1898
0.0271243
10.5637
0.650287
3.99704
0.0332584
11.6333
29.8461
13.9911
1.22115
15.7893
7.10463
1.16439
2.066
0.133399
19.7888
5.83639
8.10934
4.00031
3.37965
10.8473
108.966
1.17236
19.1033
0.0383057
1.61456
3.29303
13.6956
2.23888
5.72224
2.32197
14.6768
5.63926
1.8183
0.0562138
1.94614
7.26442
15.6528
0.0325993
5.1036
2.67852
4.93328
3.66878
0.0446308
9.24291
13.8062
0.0312331
0.0324784
5.75475
7.73964
1.79652
9.72435
1.82275
88.5747
46.1717
8.1921
5.25642
9.21978
6.82326
1.52391
0.715549
21.1895
24.8365
1.97525
0.335848
0.047145
29.6039
0.0336764
9.20384
10.6099
7.50875
3.69984
1.14
9.27437
11.1891
1.21238
7.65867
6.88782
2.45056
24.0807
3.53214
2.63846
0.0417768
6.4861
0.164654
3.08835
0.0421423
3.35565
2.30899
11.2013
4.55774
7.37569
5.19311
14.6009
3.89511
1.1061
4.50532
4.55606
4.66139
97.7201
12.5151
1.04575
1.82433
0.867414
2.16048
1.99816
6.55167
2.70902
2.1933
27.3987
0.701309
2.45144
0.06233
3.14165
4.76296
5.45197
2.92184
4.57646
7.37465
6.70341
4.22986
3.50855
48.0916
3.5947
3.38417
1.5125
61.9413
0.0381307
7.29455
3.78859
8.80446
6.35079
0.0383543
48.1674
0.0340176
2.10627
4.1735
2.42794
6.05389
26.7915
0.0452293
1.4693
2.61994
0.0377591
12.1411
2.82013
149.162
11.7914
0.0362407
0.71321
40.934
0.167634
1.63408
1.99252
17.29
0.0499398
5.39788
7.84961
4.39627
0.0500269
0.0341983
3.21215
7.45891
1.62002
82.1118
16.7213
3.5041
15.8943
1.34352
10.3733
0.408189
5.02686
0.0357448
7.70301
1.7321
30.3823
11.2344
2.60755
22.7019
68.1098
2.32134
19.1292
1.93745
0.561746
1.83435
1.86904
1.29412
0.0336483
4.95209
7.4167
8.47563
0.0497612
0.051664
3.47622
14.0614
4.22661
0.690439
1.57303
0.690293
7.63292
1.62843
5.27615
10.4397
19.1193
0.175524
1.94607
3.58533
0.0624211
3.64573
0.0720482
1.16285
30.1392
2.65272
0.361157
4.39043
2.17423
0.819642
117.356
2.30026
4.12654
46.3679
5.84915
2.69107
6.2739
0.924381
3.55034
0.810103
2.54879
0.708241
0.325622
9.03536
56.4365
65.6624
8.29252
0.428723
0.694584
36.2857
1.13545
4.71503
215.741
33.9851
2.66197
1.03148
59.361
0.0460863
7.57307
0.736675
22.2174
24.9213
12.0846
49.8021
2.32075
7.74894
0.968583
9.12872
1.49265
10.4698
3.53003
6.78415
1.64655
5.34737
0.0320814
2.67258
3.88757
1.81904
10.8534
3.52925
21.2808
2.95351
3.91786
1.57218
33.3926
25.4042
1.25111
51.8448
8.69746
5.90617
5.05329
4.48849
10.6388
27.317
0.0419224
0.0646787
1.7714
3.04576
18.025
0.0339508
16.9091
2.55415
6.2176
3.3984
10.6308
0.439361
33.5272
12.0682
9.70827
0.0352468
4.90764
7.19029
10.3159
0.341857
2.92646
1.04278
5.83294
8.89735
0.750475
0.0419944
56.6259
4.78042
1.07617
10.1851
0.0428635
1.08673
16.8205
0.0510439
11.2867
1.66214
36.9149
0.583283
12.522
15.4309
3.21755
1.04254
1.91783
18.1334
0.287183
10.752
21.8639
8.97971
1.2362
3.76874
0.602302
3.68066
0.694576
9.58422
0.0343165
0.217341
139.651
5.28686
25.6566
8.70833
11.0068
2.08177
2.92029
0.0330933
1.50292
5.65718
8.54451
8.34661
2.90959
1.29689
15.3097
75.2847
3.46205
31.9893
2.27481
0.885575
3.61905
22.8141
28.4953
9.33057
46.3212
34.075
1.67691
13.4379
46.5333
7.57146
13.1036
11.3958
27.7135
0.802213
6.05281
10.5869
4.06405
6.20253
27.7244
0.896304
11.4303
0.813362
6.83324
2.23165
1.36116
1.17712
13.3735
1.39164
0.821256
6.32369
0.0339619
0.840042
5.01517
1.81615
0.309313
10.6929
9.18442
0.119612
3.18499
2.00792
3.45182
1.67756
114.444
3.02667
0.0343667
3.53108
0.16583
0.287395
29.849
0.285581
68.1544
15.9188
0.79037
4.12727
5.28693
5.69213
6.71953
0.0404806
2.77772
0.0565497
0.0395498
15.2985
56.2057
0.0327006
4.62641
1.557
0.0497673
1.28603
4.08116
49.9263
1.90429
0.485802
7.96147
9.15139
16.0674
3.69395
10.6167
2.88652
10.6498
0.0319249
0.808508
3.65144
0.323415
1.97067
41.9898
2.44328
29.5952
1.97805
25.0299
39.6689
0.473587
85.3996
0.321097
4.34471
82.7634
3.46662
16.1112
0.97892
4.68084
8.67032
0.0331888
19.9533
1.4334
1.0822
53.647
31.0425
5.83752
0.0417328
4.64392
0.0514832
29.5272
3.12015
6.2964
4.04184
12.6769
2.52488
25.3075
1.78229
80.5797
10.6682
4.28122
1.38078
0.0637094
0.0546797
4.66598
4.23803
4.19249
3.76731
0.50582
16.67
0.0267772
1.23915
2.7518
4.96232
74.3651
8.69384
9.19574
0.209029
1.08212
0.0325513
2.26753
0.0439666
4.75373
7.64706
6.48657
5.97807
3.6515
1.60215
2.79414
5.70344
5.21632
3.03386
14.8571
0.755661
2.68254
6.87027
0.0309761
16.1655
23.6498
2.18998
20.6263
0.0399837
1.18303
3.66779
2.9991
0.0275073
24.9514
0.343366
6.43313
37.2938
1.20497
49.5379
4.22785
21.4722
21.7823
5.31283
5.63655
13.4181
5.46457
39.5092
0.594638
5.68978
8.15109
0.450585
4.53686
33.2311
2.94437
0.0288789
2.03263
30.0245
0.0511779
0.030854
0.0297865
76.4317
17.6605
58.5711
2.85151
0.0372569
0.70784
23.4382
0.0899678
0.0380171
1.48187
0.742664
0.0994101
3.66284
13.4861
0.0537708
0.342936
3.00476
10.1056
14.2344
2.68786
1.39668
58.7348
13.6112
15.558
22.3436
5.79141
1.8694
0.806721
5.89098
1.23701
1.21131
0.625426
3.88382
0.0354114
1.6823
3.86366
0.262061
0.832339
0.950758
27.169
4.10313
126.229
12.924
3.28708
2.46877
12.7563
0.61209
7.57898
1.01229
45.9807
8.02094
3.6734
2.33355
6.89382
1.60058
0.0557138
82.2981
0.0547207
7.30227
36.3351
7.1896
9.0205
123.99
16.1056
0.037685
2.32863
0.336438
4.5779
1.33309
4.19117
2.82597
1.92806
0.0323221
0.298551
2.25183
13.1148
2.66059
20.5277
4.74135
8.57007
0.918705
1.092
6.31996
0.042618
0.0558106
2.36232
2.46859
0.690258
12.5286
3.80792
11.146
14.1945
3.81502
0.049582
8.57394
25.5794
0.0409815
0.0422716
9.16899
13.641
6.55644
0.926773
0.0345556
12.5417
8.8903
11.9237
2.50385
0.0445031
1.15816
6.51709
1.6083
7.36174
0.725413
9.30893
68.3072
0.773979
270.651
0.0601068
20.3666
0.623427
76.4758
23.7475
1.07231
5.34226
18.9497
3.27636
2.10528
3.97624
6.19555
1.31375
0.870075
0.283944
1.92941
4.10662
0.988782
20.6327
1.90468
17.4576
3.4547
8.49677
21.5694
0.0316409
3.4701
0.833625
2.03088
0.0268043
1.23426
0.117805
3.4402
0.536865
14.6433
2.97204
10.9956
0.0640331
5.0655
2.50942
40.0302
2.57981
6.70007
28.4257
27.42
3.4828
4.59968
0.0450017
6.22391
7.26634
1.63745
2.17048
10.1452
2.90285
2.08782
14.7573
10.5799
3.30518
28.3087
1.04299
0.0493932
226.347
13.7766
3.02609
7.92489
5.86785
2.0806
1.02283
31.1978
1.29387
23.8483
40.4744
0.12936
5.55128
17.5392
0.0409106
4.64187
41.5637
22.5754
30.4072
4.24449
17.6159
10.4049
16.0721
10.0149
5.85988
0.0447858
8.46183
7.10865
4.52242
4.5262
3.25714
4.61755
6.67616
5.69097
28.88
8.26223
2.57129
19.4352
6.2806
2.90384
6.90169
0.943523
29.1684
9.19216
2.62513
5.21597
0.87085
5.98961
2.15733
78.786
0.756785
3.53985
13.7957
8.9928
0.43794
5.86531
27.5294
0.0565141
9.82824
2.20387
9.25605
0.599978
11.9918
36.7123
12.8883
49.9914
24.434
0.0934242
9.46329
19.3908
10.0702
12.0308
40.5423
5.79242
74.1337
3.22062
28.7045
3.66821
4.32597
9.65115
1.65206
14.3294
0.0413646
9.98779
1.01027
1.31604
36.0778
87.5227
1.60801
21.8237
3.01841
0.991535
6.92266
0.042968
0.0414357
36.86
4.32732
3.00294
7.96612
4.588
5.51258
8.20974
1.10753
2.46342
0.0467536
1.07021
0.0268498
17.0709
5.56084
0.801926
2.42446
1.94776
31.3357
3.10617
3.02767
0.0505347
6.44184
3.34641
0.446938
0.738858
0.562243
0.0595863
8.00656
20.3266
0.462408
0.859213
5.32163
5.97586
16.1055
4.94036
0.0478622
1.91197
4.68968
1.5066
1.20549
4.38003
0.502156
0.0318493
7.56674
0.460317
7.72468
10.281
5.17703
0.0500174
6.48457
0.0426862
1.0885
2.88163
14.6508
0.0368673
6.07315
29.5217
19.0938
8.26981
2.80295
5.72459
0.64991
1.70061
51.0484
44.3783
49.591
4.63085
8.02774
33.5547
0.775707
1.21642
3.00708
0.76866
28.9337
7.66667
8.40351
1.42657
24.2302
4.14825
12.2248
4.29113
0.446756
1.78558
19.6053
20.3116
1.11163
14.5515
10.4311
8.72009
1.44447
44.6377
0.908909
3.21776
1.45148
0.0411119
0.0364686
0.774974
2.38423
12.6211
11.5984
0.0569768
0.0353407
3.33178
2.54195
0.0493689
4.14967
0.654116
2.81099
43.1878
1.44839
6.85943
0.0287047
0.0296396
0.0300547
2.56257
5.17732
1.94892
1.12069
1.89125
33.1021
79.1902
4.97719
1.75002
3.20353
5.20926
40.6386
3.75953
1.93037
3.08053
3.1122
0.851119
5.83993
1.97377
2.46925
4.57428
17.8679
8.96176
3.58115
0.034897
9.88131
5.25213
1.20004
1.66341
0.070538
7.03145
7.52471
8.74919
0.0816859
50.5177
3.41124
3.0018
8.17444
2.34343
8.58658
0.633226
8.92561
36.9848
0.0284454
0.0480099
18.8218
8.89768
3.18763
1.15844
3.91705
5.48379
153.569
2.38261
1.88781
33.0667
6.67917
1.86816
16.5989
2.02805
3.46387
1.60669
1.25807
0.515329
48.7881
0.560372
0.037574
0.134183
29.7159
1.30444
25.793
16.0956
1.54567
0.92054
3.54097
0.0253983
2.8666
30.172
39.5312
30.1036
12.7486
0.873386
62.3322
5.02624
5.99901
0.974305
4.23897
0.0357243
10.9653
1.03596
8.38358
7.08562
1.46352
0.0398902
0.371279
0.0548312
190.59
2.33405
5.11045
0.993918
27.2153
35.7343
1.51737
0.0787693
1.67895
2.26969
2.76643
3.14227
3.50064
10.099
2.83522
2.12917
3.85828
3.2089
4.74716
1.22333
10.7162
0.040537
123.537
43.0708
1.48121
0.76815
15.4313
1.02003
72.1788
1.32401
2.80425
1.17712
25.1172
6.696
6.67338
3.49641
4.83152
0.0496955
44.0088
8.15266
82.6845
72.0602
1.46711
23.1491
0.0574788
2.39227
0.120664
43.8841
0.0341805
7.23575
0.0692967
0.0447211
16.2649
17.9712
19.2487
11.1299
0.799861
7.84065
0.777069
2.95794
7.92922
1.93311
0.364449
12.0728
0.708935
6.53368
1.80701
0.367213
0.0373354
4.56452
0.0633084
3.44476
8.4152
1.55344
13.7406
0.550404
11.5973
2.29901
4.94803
24.8785
1.04245
1.62612
11.3654
4.96245
0.998255
0.18651
11.947
28.7007
0.825613
7.8194
0.0394104
0.436002
83.5718
102.3
2.55119
6.01609
3.99813
4.48765
0.0469739
7.75513
0.0497657
2.3406
0.0263133
3.4316
24.5877
1.2899
0.0333249
16.0453
1.87054
6.4619
2.55859
1.22261
4.60056
2.26162
1.86166
38.6143
50.6732
1.30398
46.3496
4.86953
2.91033
53.6812
4.60123
4.48713
0.649009
6.05418
1.3518
2.79593
1.90594
1.27417
4.02667
0.0373118
0.976757
66.3668
8.4312
9.51944
6.21884
1.82064
1.79985
32.3799
0.555247
5.60745
0.760978
6.01057
48.1471
9.3592
1.89651
14.6452
0.614214
84.7483
0.45961
192.89
19.5018
3.51063
12.5869
5.86083
6.70392
0.180012
7.82853
3.49315
0.0596839
1.10083
0.869578
14.4224
12.2349
3.54025
53.6772
79.6272
1.92114
3.94367
8.96532
0.905781
2.05298
3.47937
1.29375
10.6993
0.0451069
0.0353117
1.59271
1.46285
0.479671
0.0331063
0.806239
0.033584
2.48922
25.8228
1.8365
97.7532
0.319878
7.01828
3.65453
11.2939
3.32733
1.29968
5.97405
7.95353
0.0997745
3.4555
1.91148
4.58898
17.5521
5.88732
10.1325
44.485
25.7608
14.958
71.9754
0.030186
5.11636
4.18653
0.0705295
1.18141
0.034681
10.7901
5.61708
15.8059
13.9258
0.961253
0.0498299
8.68595
3.66791
1.70636
126.182
0.591251
62.6179
5.4842
9.57921
1.28016
39.4819
2.22815
1.05976
9.34876
40.4194
4.60412
4.82074
28.4919
3.54902
6.43678
9.94934
2.28517
45.08
5.90675
7.57753
28.5966
12.7202
2.03862
4.96961
0.0584166
0.802586
3.15845
1.14343
3.97109
78.5067
0.208417
3.29187
9.1115
1.50353
1.96208
0.939674
0.911731
5.69396
114.249
5.00837
1.49646
6.39984
0.833085
0.0531942
1.26918
0.31882
1.01477
5.67312
2.77825
6.46255
1.05291
0.039475
7.28432
8.59815
131.623
29.8326
7.29678
48.5357
10.298
7.25208
6.38303
0.0681538
2.88876
1.19597
1.60554
0.0679229
3.16378
9.05508
3.57499
0.0338015
2.7105
1.17338
5.21182
6.19655
5.22142
13.9179
3.50345
3.93024
0.366409
19.4503
2.10039
12.7547
2.23998
0.024122
15.8636
2.28541
0.349805
2.37119
5.49798
3.01716
30.5048
31.716
8.31573
0.56317
16.9962
2.60596
4.40534
8.55391
13.0069
0.0440043
1.84935
6.55815
1.12532
1.24626
7.93316
0.045123
0.034449
1.87201
13.0196
19.5619
5.93965
5.90794
8.22041
6.60796
0.0331722
0.634372
19.7704
3.53755
3.11191
7.04879
1.86422
19.4626
0.973017
6.86334
0.547539
31.5242
3.52546
29.787
0.0352527
4.18273
3.17956
10.8723
108.589
2.89149
5.7947
0.569298
107.704
13.9576
8.10898
31.5052
36.4219
0.619863
0.533132
4.02378
13.3824
10.0016
6.15966
8.26373
0.0432039
11.289
0.0330447
0.0496511
4.77822
8.05796
10.3427
8.33356
2.44143
3.6238
3.54666
0.930584
28.1805
0.0305325
7.89268
7.76159
16.6809
2.31653
0.0467608
5.07551
0.427234
3.01568
1.02373
3.43352
0.0346791
1.80006
12.267
0.0373069
6.71435
5.86876
1.85042
4.21835
1.04509
69.886
5.64399
3.4616
12.9816
0.892718
0.839085
1.05346
2.55065
15.0709
0.0417149
124.987
70.8405
1.99324
6.7768
41.8955
2.1098
15.2573
14.8016
5.46346
9.23319
5.83836
28.9697
74.6609
5.68273
10.0503
0.819366
3.39462
43.2702
0.0309368
5.01319
5.83602
0.646632
2.33264
1.10022
7.20909
0.738383
1.36989
0.844314
16.1497
0.027421
1.70348
6.67892
3.6521
17.3427
14.8917
0.212931
2.01464
6.31187
0.664219
1.02928
6.42269
19.7178
2.6962
9.20696
4.06963
25.3967
16.6475
3.60857
34.6094
0.034999
18.4952
33.8799
6.50439
2.52652
4.45387
1.23979
0.352778
3.05676
1.17397
102.591
0.046215
2.92386
64.9969
3.76998
19.0362
5.22519
6.38876
5.68091
84.0246
41.1802
0.597089
5.25248
29.0032
0.0425019
3.47738
0.415673
34.2672
6.90576
7.50086
7.11574
28.4445
5.09879
1.9005
37.4083
0.0322191
1.96407
1.55145
6.62181
0.0538999
2.1635
1.22641
3.6172
1.59596
1.80515
0.388341
10.8017
8.80779
37.8138
10.8313
34.4398
53.19
6.38785
0.909552
6.14211
11.4942
22.9469
111.5
5.11522
0.0332666
0.0386495
6.59767
1.15694
2.56913
50.3941
0.0368544
0.289575
14.2871
14.6885
7.90171
15.4608
8.80548
2.6221
3.3363
1.39457
6.63985
4.19765
26.4189
1.15513
12.3823
112.978
83.6085
32.4359
61.3665
1.07854
2.20164
1.3387
2.53571
2.78848
0.0568234
1.67947
0.0430166
0.239949
3.40538
4.00378
2.11418
3.37361
197.044
0.605235
2.00272
0.0523108
5.42018
5.00681
104.051
0.0422061
0.622272
5.18018
0.0572638
0.0439588
13.3066
13.4184
7.03482
4.02452
6.80583
1.05379
5.43326
2.43429
0.0301286
6.18915
2.54689
14.2123
2.75778
2.33095
0.0346014
6.03634
0.0305841
3.55888
2.76924
11.1204
0.468221
3.8734
0.0337139
19.066
21.6522
0.423517
4.08584
7.38443
0.0373024
8.06642
0.0357538
3.45309
1.73302
4.71565
0.0325172
38.3073
43.5123
2.6164
0.23506
0.57647
0.0447375
1.67044
0.709985
8.32945
0.926207
18.6864
5.71873
3.06705
3.47361
1.16753
1.37678
2.23297
1.39814
0.0493771
0.249957
1.92663
1.64607
0.050399
12.1598
2.95517
14.1048
16.4063
0.0303
0.0366435
32.0496
2.086
21.712
0.0386185
3.53746
1.41516
9.7046
3.96161
9.00682
9.9015
0.792582
0.366113
4.90714
5.10594
19.645
0.379832
0.0499586
23.9241
36.6634
5.45851
13.3879
6.21027
14.0574
4.67305
10.595
0.235091
8.04362
0.0406703
0.768585
0.0323892
0.121052
86.5699
3.23553
12.2994
5.00633
34.5571
15.6892
6.58062
3.83406
102.494
1.48734
3.89588
1.30528
2.3824
22.6379
2.16887
0.470965
28.5011
4.05691
3.521
10.0841
3.07187
0.56656
19.1902
7.9023
1.27591
1.3534
1.75296
6.80959
10.1217
11.774
5.93173
75.9588
12.4047
2.53972
2.47214
0.0402349
3.07809
2.03075
10.4519
6.47933
5.99878
0.038509
0.158544
20.5263
2.81616
10.7279
0.783155
1.97517
8.14831
0.655504
10.8645
0.0531603
10.9861
6.72198
0.0272914
14.3345
1.39645
14.3848
0.0488518
7.10325
11.4355
16.1969
0.0387277
3.51468
11.0262
1.4867
1.06944
1.92078
1.14791
0.495014
70.4938
8.09086
0.0461637
3.08537
9.71942
31.2819
0.130405
0.0707269
103.277
4.98243
0.0539509
6.61601
1.26006
0.0396226
101.751
64.3606
18.5827
16.0672
1.57278
11.5927
0.043569
3.00842
1.46474
4.4961
1.13236
34.6548
3.71146
6.3543
15.0132
4.94013
75.3664
3.45586
7.11722
0.931343
6.96612
66.4796
0.0417492
1.45594
1.62851
0.988543
6.28923
6.50495
0.722621
0.248573
7.25374
6.50345
1.61658
2.5699
5.4296
2.42426
0.0586668
9.24928
19.4738
46.1861
0.820741
54.4732
0.0491983
2.23776
29.7605
0.954145
56.5445
0.0358751
25.7415
7.2644
1.50137
0.0660757
0.653425
5.32114
0.0342846
0.0392276
0.0471845
9.04055
0.0356626
2.88675
5.20877
0.044874
2.29254
5.09436
4.68618
15.7352
0.725024
64.3689
36.9192
2.39734
4.701
1.62055
9.50815
0.732577
9.70854
2.70868
1.86956
31.1844
0.516988
0.62698
2.38944
1.42047
1.38057
0.0454609
0.0575369
0.0345424
1.65626
13.788
0.237247
5.84308
3.92367
56.0089
25.5327
43.2037
0.0384901
79.8266
32.673
1.33832
6.40711
0.99414
16.0352
0.317892
0.0432009
0.05994
8.42827
10.0312
7.75285
0.0328436
1.15265
2.95196
0.603024
0.0339272
2.62085
1.2699
0.0281416
5.13019
0.0283699
4.94456
2.80167
1.2452
1.5749
0.765789
138.61
0.970556
7.9771
40.1562
1.61342
1.06632
11.6126
1.93176
0.309726
5.94251
0.063733
1.68624
91.2793
1.62348
3.28381
1.0022
8.37341
0.729802
2.75152
0.0456269
8.36687
4.9162
4.75618
0.533197
7.17762
74.26
9.42095
129.979
32.3241
0.919015
1.26381
1.65894
31.1418
0.364231
21.7767
1.46531
8.45131
0.0515826
2.31151
111.018
2.61684
15.7629
10.071
5.5348
0.0355374
2.35568
7.281
3.24276
0.0608924
0.941538
11.56
5.81229
0.0395485
0.57506
0.692948
4.1415
1.70356
0.0317537
0.819721
3.60125
1.7372
6.2121
10.178
1.17011
4.68543
0.872999
189.347
10.5815
8.06575
55.5694
62.7983
2.67356
1.8747
37.9829
8.47261
3.53091
0.0361539
9.0567
10.954
0.03904
2.23564
0.0586434
10.9481
20.3063
5.78439
36.5085
3.85041
0.64883
13.1567
40.7688
2.07963
12.4729
24.6227
0.850639
4.92329
5.12584
0.769387
11.8272
51.7941
2.4011
2.86561
3.11214
20.4664
15.1734
4.95884
1.01007
2.51518
5.4002
1.62649
0.0379118
11.7491
6.69223
0.029926
49.8576
40.445
1.69847
51.7157
1.19576
21.2953
0.267674
35.375
14.1961
11.6812
13.5605
10.5435
2.17621
6.90934
1.71313
13.795
18.3772
4.67467
93.7382
6.68365
4.56973
0.3722
4.11354
2.48601
24.1167
8.57045
0.0302638
2.67121
3.59387
0.0335937
1.99411
10.1734
7.08977
0.0326742
21.6451
38.9697
0.0432667
1.32615
52.4697
134.477
0.583156
13.9983
2.64695
4.1338
3.17984
1.53958
0.911051
19.7847
7.8094
11.0372
4.4345
29.4043
1.01315
85.9301
0.970961
5.06578
9.2482
0.0411864
21.9893
2.98137
0.549489
15.3744
15.4311
13.459
0.142314
0.864709
4.76014
2.65846
3.21424
0.818674
90.9583
20.7116
17.9663
6.48128
21.9755
7.16291
6.76345
4.4621
0.133154
0.0399335
2.02358
3.41395
2.38923
12.7677
0.0345661
0.627966
3.38091
1.26337
5.45849
48.8948
4.75007
10.0147
0.771017
3.18187
31.5701
21.9166
9.59327
0.0943798
0.0210561
6.9571
2.4844
8.39794
0.716196
6.21282
8.62189
0.359433
3.25385
25.1091
8.85098
103.151
2.96393
2.80189
115.135
4.79684
30.2341
4.74999
4.83383
4.81073
32.0462
0.0383293
2.43832
2.85799
0.0341668
1.74614
34.0647
2.46188
2.38766
4.3786
1.35806
0.884157
3.92755
3.2296
6.86068
14.9581
5.55206
0.0407465
6.21982
48.189
0.958185
3.4322
11.715
1.59542
41.7682
2.81356
2.04577
19.0138
18.0574
0.0337902
3.69727
2.2173
63.3932
0.0283979
7.73489
13.3302
1.06122
4.66382
21.0117
0.0313765
5.10112
3.23106
7.52386
0.701593
0.0251257
11.7805
0.0538433
15.0593
0.196331
4.88582
0.718508
3.69595
4.03975
2.584
14.9146
0.749615
63.9121
0.356757
2.39938
7.49636
10.9652
3.87197
1.05386
11.4193
103.016
0.293751
14.5963
2.91753
0.0622775
1.81866
14.3105
5.54422
7.80364
96.3537
9.4174
7.93528
0.0454764
3.55169
0.0412484
0.034669
2.55486
6.71865
0.0437104
0.0706861
0.0348114
0.702597
5.92684
0.914669
5.22994
1.19129
3.26479
1.97992
59.8799
11.2279
0.598647
1.94854
24.6813
5.01418
24.5545
5.59174
72.2599
8.22792
1.47326
2.97399
0.040943
1.87109
0.0549471
1.10418
22.0904
0.663486
23.6677
0.026762
0.0459573
3.08812
23.8888
4.45099
3.15205
0.0486402
2.47724
0.562963
5.17641
28.3394
5.85506
8.65222
43.0888
3.22525
29.8358
17.3121
0.0299998
1.09625
5.53959
51.8532
0.0448093
1.43959
4.48048
4.54415
6.67811
1.31562
9.67132
1.33354
0.600273
0.0624415
18.8924
12.7306
0.0371847
8.60383
8.25245
1.99047
14.75
9.17671
10.9485
2.65525
12.4858
6.72511
3.07095
20.9934
5.53458
1.43802
22.0623
6.7688
7.98089
9.06987
32.5726
16.0431
4.04053
7.34139
5.83624
0.0461277
6.02705
1.72014
0.0602006
8.76519
8.41747
0.0544055
1.96932
2.98763
2.37018
0.0377821
25.243
8.70893
20.3173
0.549795
3.58336
5.17331
52.7031
31.9799
0.1943
3.85997
16.361
0.271834
23.8585
0.401515
4.25546
1.04682
27.3875
3.83976
49.2246
26.3249
44.1697
0.0441403
0.0385444
8.63391
6.30607
1.05908
4.89838
0.0456879
3.23326
0.0419446
28.9614
3.66502
0.631502
4.50486
0.0601867
0.358755
4.62715
0.0408152
0.412799
19.3137
1.18751
6.09999
3.7558
9.22462
0.268061
7.92814
12.2952
2.25273
4.57646
4.05901
0.747883
3.44605
5.53404
279.818
13.45
0.0505324
0.0557102
14.1003
2.71698
0.25568
4.12701
0.973294
23.7998
2.19416
5.64938
47.1672
0.0474085
7.88155
2.95048
14.7625
8.01662
18.2202
1.75613
0.727995
12.8298
1.69107
1.29294
74.1498
14.0772
16.0907
7.50047
2.46686
3.22612
4.5474
5.34179
1.1379
0.0538937
5.79806
0.0472373
0.0691446
0.583708
0.964216
4.43074
0.677108
2.76745
11.094
22.2555
1.37779
20.9159
4.20171
29.5113
0.0442738
59.6341
8.22672
4.00471
1.88682
14.3248
3.52554
1.62982
0.744459
0.0326922
5.87316
0.820468
0.259146
15.5477
0.0504794
1.28233
3.12291
2.73823
0.381141
0.063851
0.962061
0.567948
69.4459
3.00085
18.014
2.95235
197.546
2.16511
0.624155
1.1788
4.02146
2.83796
51.5678
0.0416512
0.0343737
0.0354018
0.43154
0.703548
4.85811
9.16641
21.1425
1.12948
89.5095
2.66874
0.775979
15.3551
9.13973
0.0282176
3.34492
2.86651
5.04547
19.5477
61.193
4.9469
1.03473
1.03175
6.49169
7.8736
0.0457565
18.0881
2.51806
10.4963
59.3883
0.459308
0.983666
2.18994
1.95645
36.322
7.2723
9.04628
28.4455
1.37671
4.7192
2.99659
61.3105
7.96164
7.47585
0.369236
11.2946
177.813
0.692395
0.0473318
18.9617
5.56886
1.52309
1.40882
4.61076
11.1171
5.70339
2.02862
6.94737
0.541924
9.1407
0.833615
2.43744
5.8077
0.0370925
2.50022
0.0403194
1.57679
0.0404653
13.1963
37.3773
0.0432876
0.836757
0.354671
7.24761
0.0449152
2.83221
1.9935
1.71401
0.0404736
25.7086
3.13104
0.960645
27.8438
16.7344
4.2868
10.8498
1.87973
1.2596
22.1825
8.24483
6.81712
0.0441737
1.00767
0.572811
1.82579
11.172
1.76851
0.0386888
11.0049
1.44647
2.13989
3.75608
7.5473
0.0684168
1.79599
1.6523
0.0237493
0.0610762
10.8476
1.49983
13.8684
2.08976
25.8676
19.6345
4.0917
5.21056
47.1976
6.49248
2.25586
9.22336
2.76918
19.7706
33.5305
0.047661
5.82746
2.49782
6.91052
72.7994
2.95675
2.02444
10.3283
4.28727
0.985366
5.29084
2.20643
1.03341
1.18119
0.239129
15.7791
11.3581
1.70754
1.07934
0.226144
0.480923
0.0574414
1.31258
2.19562
6.5802
85.9927
1.27447
7.93503
66.0314
4.37007
1.31356
0.637317
4.30208
11.3414
1.70053
3.42205
43.7763
0.0325398
11.2863
4.25804
2.10573
3.38255
0.330129
1.7557
1.40425
1.27261
2.59835
3.52474
3.27289
0.0430698
20.7069
0.500226
6.47376
36.0229
0.0346547
6.30895
4.87656
1.86131
0.126642
0.0545503
28.5645
15.8823
12.3453
0.257796
6.18596
4.12147
1.24194
5.0349
1.14753
4.72557
1.09271
11.9447
1.54252
6.67366
1.03618
4.58319
3.99839
13.2473
8.52707
12.4245
3.78792
4.30933
1.8559
8.50369
10.2682
0.0770496
5.73333
33.4721
1.46666
5.10467
9.33435
5.12327
6.28066
12.1313
3.55996
22.3623
0.725131
5.58685
6.53358
2.15804
0.765253
40.7582
5.09214
0.080535
25.1597
21.9991
11.2299
0.671433
1.86501
0.960321
2.57711
0.826084
1.87569
0.0426547
15.8993
0.999678
13.2053
2.4806
1.53837
1.54532
13.2739
1.3825
8.22247
0.0399988
38.7067
54.1209
0.0450038
8.44981
0.356738
7.38143
0.0516831
25.399
173.785
21.75
5.03547
4.96459
1.39205
19.2735
0.0551475
27.5335
3.96095
2.94392
24.4513
1.2469
3.17917
9.18643
0.0378279
25.5739
0.166655
0.771523
83.4549
0.380561
13.6184
0.185333
9.14588
0.613381
2.39517
29.891
1.4633
2.72604
23.933
1.07128
20.2208
3.02102
51.9403
44.9131
15.1662
2.14303
25.4338
0.0390577
2.93193
0.032164
0.0650893
8.456
4.40045
5.33558
36.3904
4.13589
0.0703075
6.28444
25.4106
38.0572
1.92973
0.259922
15.8937
15.933
8.90866
1.80651
3.01474
26.3562
25.1609
28.6216
35.8731
0.247402
151.429
5.62071
67.7077
0.845105
0.191781
0.0376745
3.18438
8.00542
5.89803
0.811318
7.26698
1.81705
2.64148
6.28149
1.9557
4.40217
13.344
3.25824
2.9116
37.3257
0.972257
0.0420087
0.0562095
4.3946
35.5615
4.12269
31.263
1.15139
0.0445446
6.1515
11.8526
2.88507
5.93319
56.1564
1.4541
3.28936
4.78732
0.03629
3.78674
11.7161
1.89911
55.3922
0.335702
11.3743
0.821164
2.4523
1.00473
24.5263
18.8767
2.78827
3.27857
0.725064
0.744643
0.914974
4.18764
0.0346511
3.37534
7.67318
1.11928
51.4691
1.77472
9.88299
1.14784
1.20818
282.211
15.0709
0.504529
150.137
1.56681
0.0408902
0.0375828
13.6807
48.3198
17.6288
2.48538
7.5429
0.983495
0.457635
34.2691
16.1317
16.649
2.16633
1.16904
3.6743
9.1857
1.85092
25.8678
6.48206
3.29213
3.68799
14.6738
36.9479
12.2755
0.946006
2.04485
0.998751
23.143
15.0242
37.8961
81.9299
1.84698
0.545618
2.63027
8.18988
0.0366339
0.0282739
31.7207
0.304674
7.05386
17.4427
23.1074
20.755
12.2529
0.40713
2.23372
8.29872
2.42183
8.48821
1.14039
0.77399
3.46388
1.47068
1.69282
6.80266
0.0373
1.05712
36.687
1.01775
3.35281
0.335426
0.037838
7.08815
10.3145
2.40043
0.0428705
2.44882
16.8333
13.7913
4.06328
21.7933
6.58825
6.13558
1.89579
6.24961
0.267351
0.0673628
0.0406756
27.5124
1.85181
0.802942
0.0239649
4.45911
85.9358
5.24662
1.55012
0.235747
1.83338
1.91092
5.98213
33.4993
55.9152
17.6726
4.71808
14.5425
9.17185
0.432286
12.1141
35.7182
8.90156
0.854788
0.0234828
4.40124
1.91983
2.99015
11.8393
2.03421
10.1266
4.19121
26.3339
7.86823
2.05473
5.05373
3.04316
7.36477
8.11851
2.26519
11.0801
10.7456
61.5868
1.29327
2.35319
6.73727
7.29848
0.311523
16.2401
0.42609
4.26389
16.5185
10.9111
0.554703
29.3025
46.6883
0.155555
4.40826
0.0332949
32.5874
1.28051
28.3036
21.5017
24.19
3.15003
5.51291
0.0295455
38.062
4.63892
0.728298
2.09636
4.58947
1.37042
0.502612
2.63784
1.57866
5.76831
4.1259
0.0379562
0.043903
1.21477
14.2154
17.5477
2.36428
5.11455
21.242
4.89088
13.7451
14.6527
0.748465
22.6905
3.28595
3.64948
1.10904
1.80036
3.36444
7.52055
1.17427
3.34099
0.764362
1.68985
82.4326
0.0397569
10.6001
4.22825
0.578363
3.70078
0.0492453
0.488608
0.0310905
13.5748
0.783872
14.6318
4.90987
0.0678175
9.38549
13.5699
5.87553
12.0997
90.9409
4.61623
4.07441
3.72251
4.87945
1.02979
6.06298
9.97994
1.0116
2.10537
0.436781
0.489598
4.07233
19.3605
12.9799
2.18158
0.56997
40.881
2.8189
1.07123
9.71335
3.16972
0.0417845
2.9563
1.41152
5.90519
1.7482
12.9479
0.112261
1.74183
8.35909
6.73655
3.30804
9.98703
2.83258
8.32736
14.6416
0.782039
0.0460531
3.63179
0.0653353
0.0420496
40.14
2.77712
14.3099
0.470149
1.97569
0.0366487
0.981971
5.1369
3.36924
11.1368
108.592
8.65663
0.596959
0.0387197
0.673709
0.0449944
1.76712
4.58738
142.387
46.0031
6.44981
0.292919
0.760152
7.92114
62.008
1.33862
0.768399
14.1828
0.941006
0.919762
1.82947
17.1673
14.1865
4.04998
0.65097
2.4477
2.50225
10.4716
4.90194
2.97766
1.15826
1.46285
27.8581
3.96256
0.0432287
17.1964
15.788
1.116
4.25855
0.806987
5.50539
0.502125
0.415054
6.21302
0.552154
2.36469
0.492112
6.15607
33.3956
3.67749
0.642855
3.79049
0.35891
17.9041
5.62072
16.8739
39.061
8.79745
1.69007
12.689
2.96546
0.952093
2.14306
30.5537
0.0478694
0.0427864
2.84432
35.2659
53.9083
135.568
14.4341
1.28684
3.57027
4.10423
3.06817
6.53931
6.45495
0.0407753
0.632724
4.12415
21.7187
10.7312
13.2943
7.00929
42.9328
3.87175
4.42272
2.65617
6.10487
0.654004
103.93
0.0392128
0.931737
5.4136
3.63471
1.2703
1.30141
2.56842
16.5643
3.01993
0.0387948
15.3837
15.2659
2.78433
2.53398
0.67753
50.006
0.362907
101.371
0.700815
0.373315
15.2965
11.1262
4.23388
1.31549
1.18152
4.13319
1.43418
0.470693
1.35633
9.65565
0.459232
7.26361
0.956577
2.42983
5.62253
4.98541
1.26088
1.47504
78.6797
0.0764918
3.15618
8.24704
0.997175
0.0342679
2.31372
2.04631
4.23992
0.0446085
15.349
31.6438
16.8542
0.731673
1.30018
4.94711
2.55895
4.171
2.03995
8.95658
9.46013
0.655321
0.918143
15.535
35.6422
3.29406
3.54256
2.48384
3.94398
10.1301
11.4754
0.0279159
7.90735
0.752401
0.346108
57.3646
13.7497
0.0535173
36.4215
4.16946
2.31981
102.586
13.2287
0.360123
3.80599
4.84179
1.59182
5.26517
0.0431856
2.18655
21.6817
2.38984
169.139
8.04687
0.102943
8.90882
14.3575
4.50301
1.61374
