0.765458
2.24912
0.74601
1.61926
0.413531
1.23529
0.547253
1.26387
0.748702
1.56201
2.23182
1.55246
0.482865
0.47009
3.54593
1.58224
0.443406
2.68055
0.629726
1.82758
1.04462
0.248153
0.519298
0.775703
0.635557
1.13088
0.447348
1.95372
0.657499
0.974777
0.883118
0.903748
0.861341
0.363297
1.87693
1.89983
1.33156
0.629579
0.450182
0.581075
0.591231
2.65739
0.140064
0.452591
0.534653
1.12401
0.390921
0.417503
1.05471
0.601368
1.38167
0.974535
0.447128
0.840058
2.65386
0.665378
1.16798
2.01211
0.358115
0.210112
1.66418
0.63921
1.98012
2.34487
0.784078
2.10898
0.935542
0.469536
1.61444
3.20345
2.7298
2.13397
1.94968
0.502099
1.28044
1.69712
0.513702
1.56967
2.30335
1.6937
1.51141
1.29084
2.98235
1.61388
0.572386
1.2422
1.93683
1.91203
0.548839
2.53132
0.895387
2.79316
0.493707
2.20117
2.06841
1.56715
1.01565
0.499432
0.6843
0.602349
1.77541
1.0273
0.355387
3.15699
0.512267
0.472566
0.507727
0.844115
1.5305
0.221053
0.99085
1.21003
0.455121
1.90338
2.13558
0.786777
0.910611
0.666725
1.49512
0.887513
1.21552
1.67726
0.527746
2.40561
0.403253
0.772169
0.45221
0.457032
0.360279
1.88883
0.986682
0.209836
0.660869
1.40263
0.45841
0.665874
0.855996
0.498827
2.46926
1.32306
2.12029
0.291079
0.415939
0.716172
1.39759
0.387126
2.07312
1.03589
0.915731
1.46607
0.676159
0.415726
1.68291
0.418336
3.95648
0.595378
0.915507
0.510226
0.961924
1.04001
0.950026
3.01983
3.54225
2.19709
0.396489
1.54846
0.3529
0.803586
0.358049
1.02174
1.43186
3.30994
0.272419
1.67958
1.01088
2.02717
2.04997
0.437001
0.901876
0.350588
0.738429
1.13397
0.232344
1.12843
1.01414
0.680836
1.27932
2.45634
1.60376
0.422503
1.75295
0.63838
1.96877
0.64763
1.35897
6.20185
0.567337
0.780565
1.76875
1.50054
2.76958
3.13315
1.20963
0.900939
3.3792
0.484985
0.927009
1.49599
0.827002
1.75062
0.806026
1.01058
4.04833
1.35873
0.405976
1.54379
0.496418
1.50084
1.70644
1.16421
0.484585
1.76055
0.851831
1.51592
0.3376
1.54526
0.616839
2.54339
0.399215
1.14338
0.524965
1.88215
0.493736
2.46721
0.642028
2.19589
0.3639
1.79947
0.917969
0.311686
1.32483
1.25529
0.361214
0.480458
2.21934
1.59187
0.369593
0.476779
0.172082
2.60513
0.562172
0.902554
2.557
1.61118
0.619903
0.409922
0.51825
1.15487
0.588002
1.55565
0.616443
2.91393
0.727989
0.816008
1.0276
2.92319
2.27517
0.686505
1.21875
0.872654
0.420089
2.02201
0.623992
0.728282
1.02684
0.433137
0.369696
0.580584
0.786392
2.21111
0.597841
0.871708
0.355751
0.754131
1.73665
1.51042
1.66765
0.45778
0.509392
0.778664
0.602159
0.490829
1.6667
0.21547
1.72861
0.565911
0.570411
1.77688
0.596791
2.73083
0.59985
0.934053
0.76075
0.957705
1.69108
2.04082
0.686025
0.981116
0.406291
0.722477
2.38044
7.07262
0.573382
2.7981
1.64545
0.681736
0.886008
0.828611
0.646212
1.33316
2.58909
1.53488
2.20972
0.511842
1.08247
1.83511
0.473167
2.2177
1.12872
1.32021
2.4577
0.169859
0.334185
2.03396
0.450821
0.229032
0.905034
0.781285
0.672622
1.93952
5.42047
0.405646
1.75218
0.90397
0.393704
0.799256
0.369049
1.34089
0.652133
0.551823
0.281306
1.0787
2.86903
0.616801
1.1105
1.01597
1.00629
0.871765
0.438574
0.966882
1.04955
1.37483
1.39461
4.16785
3.32161
0.741934
0.611497
0.900046
0.326959
0.486532
1.44656
1.64523
1.56742
1.86394
1.96302
1.45212
0.749736
1.92394
1.38398
0.319059
0.167814
1.92286
1.31411
1.20371
0.600171
0.741732
0.804097
0.351629
1.5214
1.85006
0.850666
5.97371
0.66881
0.740947
0.417676
0.798305
0.192094
1.04175
0.761186
0.581167
2.81345
1.0807
0.260326
1.87321
1.30722
0.940934
0.363257
0.425725
1.73353
0.167657
1.25315
0.537964
4.09889
1.71593
1.10323
0.555272
1.69557
0.510228
1.75728
0.87384
2.16462
0.937678
0.714206
1.27321
1.94462
1.33182
1.3663
0.927453
0.542694
0.831492
0.304525
0.425767
0.472769
1.32527
0.589371
0.544655
1.86958
0.555646
1.39313
2.7416
1.80166
0.868006
0.381944
3.27021
0.979645
1.23799
1.70016
0.906491
0.392494
2.22679
2.49124
1.22192
1.40106
0.545681
2.96652
0.97146
0.564598
0.88187
0.995017
1.69061
1.99565
0.814977
1.73126
0.621619
0.462673
0.588896
0.483152
0.56837
0.733265
0.700555
0.933733
1.64554
0.47955
0.370647
0.528776
0.421652
0.282752
1.13756
0.664857
0.862568
1.26965
1.04577
0.349627
0.713892
0.883983
0.456429
1.37017
5.05764
4.88147
1.78522
0.603038
1.53112
1.6816
0.464533
3.79706
1.93101
1.74786
2.31358
1.2374
0.501184
0.284684
1.27231
0.937855
1.53635
0.254347
1.36033
1.92651
0.551086
0.723381
0.752093
3.39192
1.40495
0.36275
1.2704
1.5161
1.92808
0.371429
1.2575
1.64315
0.312995
0.532058
0.469186
1.25566
0.543591
1.79857
0.929303
0.549246
0.256409
0.225178
1.83899
1.83971
1.82815
0.851478
1.52756
0.611993
2.30918
1.02306
2.67426
0.471389
0.715211
0.664808
0.833467
0.512589
1.24224
1.00869
2.55535
1.78345
2.83424
1.83134
2.92656
3.80647
1.71774
0.81854
0.557642
1.71108
1.111
1.47049
0.633268
7.18416
1.20466
0.235219
1.75765
2.11365
1.06366
1.49693
0.907475
1.25647
1.14675
0.655015
1.5247
1.30934
0.925458
0.591613
0.569193
0.49548
0.93485
1.54809
1.66632
1.81192
0.829366
1.15964
0.759268
0.285988
2.75889
2.45862
2.78578
0.555722
0.956516
0.80903
1.07278
1.40993
0.500337
0.439566
2.17701
0.664461
1.4612
0.623163
0.34114
0.813861
0.52112
0.553667
1.51896
0.749672
1.0355
0.974621
1.20465
1.52905
0.552603
0.540971
3.21177
6.06873
0.697736
0.525234
0.474495
0.828623
2.19186
0.706422
0.752192
0.375534
0.483032
0.511365
0.682071
1.20261
0.575902
1.40986
0.459404
0.697007
1.28123
0.399441
1.00743
3.43105
0.507792
0.444713
0.822365
0.429283
0.71078
2.317
0.684911
0.390887
1.20654
0.453113
2.02533
1.13321
2.43313
1.44416
2.27554
0.93695
0.80404
4.19216
1.11909
1.10678
0.627589
1.48058
1.05919
1.418
0.488835
0.424629
2.1457
0.510892
0.57511
3.52684
0.637314
2.28437
1.42469
1.43392
1.07685
2.00548
1.88167
0.52275
0.248194
0.918321
0.99461
0.286339
2.32671
0.490463
0.564968
2.56753
0.651589
0.489524
1.62658
1.01765
1.19767
0.51088
3.55571
0.577773
0.896033
2.84326
2.64337
1.43414
1.64656
2.45754
0.876675
0.793891
0.424886
0.433198
0.470266
0.539694
1.30473
0.432237
0.784619
1.43642
0.559397
0.621196
0.804644
0.886705
3.56423
2.23479
5.22234
0.436237
0.571191
0.616751
1.58643
2.83131
1.55958
0.519995
1.07891
1.22084
0.40598
1.44755
0.787444
0.750647
0.919006
0.639726
0.718821
0.458927
0.52313
1.46919
1.98338
2.03073
1.24384
0.612974
0.46956
5.47627
2.24051
1.13218
0.758981
2.99433
0.404014
1.44048
0.693425
1.98176
0.815819
1.56128
3.18298
0.445786
1.68712
1.60539
0.888896
0.589956
0.551607
2.24121
0.544463
2.26754
1.03547
1.04161
0.767443
1.69327
0.855688
0.972254
1.93734
0.75038
1.34651
1.07167
1.61441
1.81359
1.69046
2.42017
1.91485
0.708927
0.552647
1.2435
1.89215
2.07032
0.513302
0.470977
1.5377
0.575163
1.68499
1.85204
2.92157
0.392123
0.823336
1.35129
2.72462
0.551416
0.36821
1.48013
0.892883
1.09038
0.753124
0.927083
1.24958
3.84614
1.21103
0.827771
0.998811
1.9028
0.885833
0.729878
0.456318
1.5155
0.903389
0.730252
3.2377
1.89015
1.00531
0.687195
0.439503
1.61817
1.08635
0.171135
1.86064
2.10781
0.65306
0.9445
0.633465
0.410785
0.863431
2.79199
0.379341
0.399521
0.200042
0.857882
1.82644
1.8008
0.617108
1.64248
0.574762
0.242043
1.01695
2.17097
2.00675
0.445687
0.685579
1.0137
0.411619
1.65409
0.476049
4.77348
2.11768
0.763112
0.405018
0.395469
0.96508
0.471797
0.492003
0.299925
1.18611
0.624501
1.29281
0.617034
0.457345
0.618074
0.957482
0.566494
1.29235
1.07873
0.68521
3.78725
0.504112
0.653622
1.44073
0.316322
1.78737
1.28898
0.285505
3.05009
0.890188
3.74973
2.50576
2.70359
3.26018
0.512067
0.622754
0.635221
1.43931
0.521055
0.614566
1.18428
0.513703
0.441888
1.12173
0.358343
0.418786
0.602409
1.23598
1.81903
1.40775
0.380691
0.944094
0.35188
0.407806
2.23082
3.43598
0.619894
0.593115
0.561236
2.11371
0.277841
0.839972
0.592798
1.02032
0.307428
2.7399
1.38826
0.757057
0.273819
0.528883
0.595195
2.00235
2.4611
0.41395
0.558683
0.287327
1.86305
1.34548
0.869249
0.624225
2.36084
0.370834
0.512943
0.254825
0.438632
0.528519
1.3257
2.30514
0.754536
0.521309
0.479816
2.09304
0.530979
0.546242
4.39147
1.14718
0.665459
0.355231
1.02821
1.398
1.56322
1.75251
0.968266
1.53521
1.04113
1.50867
0.607642
5.05703
0.626919
0.942015
0.525558
2.84883
0.295253
1.96656
1.36455
1.1955
0.980545
3.73585
0.537477
1.54101
3.76523
1.45979
0.568663
0.932752
0.59201
1.04744
0.879125
1.57988
0.73327
1.4133
0.362883
0.577365
1.35795
0.481274
0.813374
2.34158
2.79423
3.54359
0.563759
0.68681
1.03063
0.6618
0.387341
0.443531
0.37674
0.278009
0.702039
0.473742
1.7898
0.603687
0.400884
1.36506
0.591976
3.21583
4.24385
1.72125
0.274846
3.46003
0.971597
1.1067
0.687875
1.55276
1.39469
5.74738
2.60242
0.808484
0.506263
0.588406
0.444307
0.892623
1.45805
1.20736
3.7013
0.888623
1.90091
1.36889
1.89645
2.44307
0.729827
1.59224
2.06226
2.43312
0.980507
0.358492
0.823941
0.464975
0.996205
1.65105
0.857035
0.53377
2.6549
0.325254
1.23658
0.933188
0.560601
0.800206
0.395522
1.77436
0.481409
0.329804
0.754231
1.9046
1.17652
1.20039
2.39889
0.507183
0.771417
0.666579
0.785307
0.465931
0.671311
0.348373
1.60667
0.366075
0.427297
0.675984
1.21634
0.807447
3.50682
3.03272
0.81215
1.72469
1.05234
2.30844
0.20736
1.92927
0.757596
2.80591
0.246776
0.791254
0.799154
0.575173
0.967662
2.82222
0.308634
0.211785
0.711888
1.14492
1.28005
1.79211
0.511167
1.37141
0.901839
1.44464
0.952142
0.43683
1.44153
0.71032
1.11412
2.06689
0.533633
0.472635
0.261855
0.545957
6.66219
1.1179
2.14477
3.7455
0.993745
0.570295
1.17862
0.460163
2.19675
0.745966
1.42595
0.657559
3.318
5.08653
0.538117
0.492909
2.86527
1.04056
0.722331
2.62274
0.356082
1.41252
1.02876
2.57492
0.274022
1.49918
0.968222
0.519326
0.43782
0.283677
0.429951
0.137936
1.83095
2.08032
1.29277
1.08926
1.06942
1.38432
0.45559
0.404564
0.409592
0.984675
0.778753
0.494092
0.929583
1.37792
0.368411
0.706717
0.902762
1.67295
2.76519
1.25114
2.18423
0.225587
2.13951
1.40946
1.26583
1.32969
0.178091
1.86673
0.889653
0.811789
0.50962
2.87043
0.463317
0.559642
0.323794
0.720787
0.316926
3.94024
0.812237
1.52768
0.554017
0.677546
1.10531
2.29714
0.473736
5.91987
0.346333
2.58422
0.53265
0.789924
0.780883
2.46324
0.938825
0.336931
0.631843
0.967088
0.550487
0.397687
0.848368
0.450776
4.62089
3.25587
1.24002
1.32384
0.330465
2.35904
0.551671
2.61624
1.76331
1.87793
0.610927
1.25769
0.792772
0.453272
0.563583
0.395071
1.64897
0.41549
1.44409
4.52216
0.892223
0.515456
0.469183
1.11981
1.70033
0.656416
0.784089
1.22006
0.445967
1.70092
1.45119
1.88563
0.323382
1.83557
1.28527
2.00069
0.538611
0.302811
1.138
1.51185
1.013
0.316081
0.28632
0.888812
2.30478
1.14726
1.0501
0.631824
0.433346
1.26771
0.815449
1.32553
0.944447
1.44933
0.938803
0.276391
1.25091
0.968546
0.982186
2.82181
1.09823
0.715088
0.493466
1.48156
0.557041
0.698388
0.563961
0.365773
0.653872
1.32985
0.58846
0.906859
1.38423
0.550059
0.255684
1.16364
0.778728
0.697437
1.59048
1.5966
1.01305
2.48194
1.89389
3.95421
0.762712
0.771463
1.62732
0.961237
2.16024
0.236797
0.333899
3.29249
1.79594
0.491995
3.13827
2.13077
0.242355
7.2416
0.213708
0.74859
2.43851
1.19472
0.979379
1.38941
0.886005
0.681128
0.586929
1.15122
3.36131
1.09943
1.17358
2.88595
0.731787
2.92383
1.01075
0.913929
0.553384
0.950598
2.08883
1.64891
3.14434
0.961347
2.99564
2.22555
0.30362
1.3442
0.31269
0.287528
0.394475
0.555434
1.27
3.09694
1.04492
0.679405
0.656473
0.521078
1.35877
2.18471
0.839218
0.81766
2.40507
0.50788
1.63354
1.18454
1.74859
1.42405
0.789122
0.730206
0.529537
0.217563
0.306437
0.437229
1.42739
1.53916
0.558239
0.667134
0.288138
1.34878
1.53109
0.649895
0.394053
0.792105
0.278259
2.62178
0.683065
0.638261
0.267946
2.85709
2.24576
1.6251
1.6339
0.512474
1.38692
0.707777
0.851551
1.31397
1.61575
0.833405
0.376094
0.311397
0.327978
1.07264
0.359123
0.352843
0.813801
0.541593
0.322345
0.563215
1.28295
0.963323
1.77047
1.87674
0.359153
2.47932
1.17699
0.852178
1.17892
0.370189
0.586325
1.92294
0.857823
0.713055
0.455459
2.16246
0.709748
1.21489
0.623101
1.65693
0.858054
1.70024
2.03312
2.58207
5.12596
0.620709
0.703766
0.698612
1.53391
1.37116
0.671149
0.809361
0.921687
0.610316
1.85503
1.58688
0.515418
1.35811
0.330622
1.01227
0.376847
1.75395
0.801579
0.56797
0.2688
3.36296
0.415874
0.303108
2.56849
0.762643
1.19614
0.518956
4.6698
0.224553
1.26569
4.7174
1.47828
2.53242
0.324983
0.44283
0.51197
1.37521
0.866425
0.399853
1.8831
0.979893
0.535796
1.05135
4.89979
4.0249
0.596057
0.572335
0.50466
0.571801
0.40771
6.50318
1.33881
1.05884
0.491926
1.37621
0.798728
0.481963
1.20938
0.682237
2.10666
1.12594
1.55286
1.13431
0.63591
0.817453
0.479521
0.913448
5.09891
1.32308
2.0204
0.828527
1.55505
0.538905
0.654845
0.963291
0.369561
1.41683
0.316575
0.368097
0.721044
1.13222
1.18364
4.8988
0.555561
2.67112
0.892341
0.950324
1.0806
1.30433
1.73403
0.50784
0.658002
1.39053
0.374549
0.697859
0.428688
2.3461
1.10532
0.899874
0.389629
1.25032
1.2366
1.02917
0.494557
0.567247
1.01214
0.952872
0.99944
0.34748
1.28619
1.15354
0.943898
0.723131
1.32123
0.457782
0.857913
1.11829
2.25425
2.06153
1.87502
1.06452
2.32972
0.68538
0.616978
0.734769
0.733676
0.435224
1.42413
2.62895
0.347183
2.52981
0.984748
1.30765
1.0345
3.59617
0.379141
1.11958
1.68715
2.56388
2.43544
0.18551
1.07293
0.303969
0.277112
0.681263
0.684789
1.47084
0.639081
0.864844
0.123546
0.811575
1.33698
1.94282
1.72496
1.17303
0.719146
0.337383
0.567387
1.11365
0.335626
1.04685
6.09851
0.894253
3.73507
2.35506
0.583127
0.849504
0.519953
1.01927
2.77183
3.76772
1.78514
0.513601
3.65973
0.675239
0.817005
0.348279
0.219282
0.439466
0.739017
1.08764
0.61189
0.500561
0.475575
1.03825
2.51662
1.32047
1.05006
2.45634
0.778116
1.56837
1.00534
2.12873
0.228481
2.05603
0.712425
0.430515
1.3601
0.455352
0.561449
0.677717
0.804658
3.31621
0.363033
1.30648
1.81729
1.17706
0.910285
1.19989
1.57021
1.61958
0.873175
1.92503
0.422681
2.0007
0.731357
0.986267
2.27962
0.74009
1.3619
0.57394
0.628415
1.37381
0.511937
0.846958
3.10157
2.40363
1.60723
0.196214
1.3967
0.61034
0.467649
2.1103
1.21192
1.28398
1.92986
2.58918
1.47409
0.539097
1.27534
0.552008
0.73465
1.55147
0.520486
0.709071
1.45943
0.805527
1.28537
0.494636
1.19808
1.61989
0.931624
0.365718
1.98796
0.21311
1.21894
0.350774
1.00786
0.980294
0.900325
1.61627
1.51439
6.44252
0.802028
1.18765
0.761704
0.765906
0.93258
0.548388
0.319053
0.507911
0.537813
0.981238
0.318392
0.632728
0.460475
3.18432
0.558335
1.25977
1.08316
0.980287
1.18923
1.1361
0.58704
0.536461
0.469176
1.04422
2.46528
2.64327
4.48449
1.48279
0.737296
0.528827
0.569042
0.368252
0.372739
1.31691
0.72576
0.585418
0.297945
1.51867
0.837475
0.362554
0.333397
0.670568
0.322205
0.771266
0.900968
0.38789
2.24181
0.951741
0.73671
2.59976
1.91086
0.981206
1.81756
1.94918
0.243496
0.442408
0.406161
1.2492
1.17072
0.842389
1.01101
1.38924
0.444247
0.752949
1.42733
2.51746
0.626519
2.38453
3.10607
1.11833
0.47911
1.34731
0.144603
1.49575
1.07851
1.97114
1.07901
1.99702
0.438109
1.20874
0.521491
1.38422
4.5795
2.85646
1.19572
1.21306
0.352469
2.72759
0.993341
0.540086
2.14975
0.931471
0.733412
2.14205
0.989318
0.399265
0.380458
2.97589
1.22835
3.20539
0.685823
0.653181
0.901587
0.56436
1.08738
3.38229
2.9863
2.06079
0.486419
1.10244
2.75607
1.12694
0.867053
0.450304
2.10935
3.61506
0.939493
0.314618
1.07476
0.461414
0.614924
1.02955
0.93166
1.07721
2.81617
1.78451
1.86345
2.7094
1.3269
0.578768
0.93617
1.16767
0.922556
7.0435
1.07289
4.18638
1.73555
2.0824
1.97708
0.166327
0.763901
0.950151
0.613606
0.543701
1.60828
2.80186
1.74884
2.4276
1.10433
1.05154
2.62795
1.14664
2.05212
1.26178
0.642709
1.65695
1.28617
0.519397
0.513841
0.47697
0.527533
0.541509
0.332934
1.21769
1.56112
1.91368
4.34338
1.61467
0.959088
0.439213
0.472997
2.14457
1.94484
0.91736
0.988945
0.62869
2.62861
0.970438
0.502586
1.46179
0.446319
2.82183
0.627093
0.361944
0.436548
0.704269
0.510057
0.549887
2.34936
0.916088
1.65075
0.841832
0.370161
0.377124
0.977651
1.8645
1.09334
0.83125
1.53856
0.954073
4.26667
0.936955
0.132795
0.603866
0.288273
2.22638
1.92168
0.500299
4.59726
2.05885
0.677373
1.93863
0.299848
0.222748
1.67413
2.63458
1.9818
0.747961
1.73356
1.02604
1.23265
3.42606
0.870887
0.77021
0.299079
0.942649
1.43115
2.21885
1.69854
2.39227
0.439922
1.12456
0.390591
0.46173
1.21626
0.521916
1.34113
0.365669
2.0901
0.239196
1.79003
0.839884
1.04822
0.466117
0.722574
1.26317
1.62095
1.61563
0.631708
0.630403
0.251847
2.07239
2.18678
3.25696
1.68862
0.43897
3.76966
2.36438
1.20788
1.30928
1.08232
3.25316
1.85498
0.36092
1.05151
1.59053
3.03001
0.947045
2.23826
0.67632
2.00682
1.7409
1.95666
4.6991
0.655468
1.73622
0.596128
2.21659
0.505055
1.41615
1.04301
1.58609
0.464035
0.402874
0.367683
0.571877
1.17271
1.78132
0.817002
0.843344
0.773871
0.556544
1.00137
1.99137
1.8125
2.12834
1.69825
0.367388
2.0556
0.791651
2.86591
0.47583
0.861986
1.95336
0.584752
0.59304
0.592285
0.346561
2.78304
1.3766
3.26216
0.647863
2.7242
1.10104
0.532388
1.0746
0.707131
0.992961
1.03699
1.63853
0.670345
5.76734
1.16595
0.386811
1.79164
0.880673
0.773501
1.65141
1.70776
0.647102
0.390372
0.360492
1.91367
0.877941
0.726787
0.343232
0.855978
0.83066
1.38532
0.48872
0.661854
0.945187
0.37872
0.542028
1.74454
2.42007
1.56517
0.842862
1.34174
3.15958
0.409563
1.69709
4.2352
1.93988
1.07528
1.51607
0.776761
0.378464
3.06132
0.400587
2.7496
0.394534
1.09102
2.31819
0.809726
1.27606
0.372792
0.471438
1.67214
1.15983
0.234198
0.996555
1.03929
0.898778
1.75059
0.729396
0.427722
0.72017
0.605298
0.953099
0.583757
0.492649
1.01303
1.01964
1.03417
0.719647
0.98183
1.21792
0.603681
0.699809
0.307642
1.36542
1.75033
2.63695
0.870093
1.41198
0.442834
0.438549
2.03615
1.41664
0.816757
1.979
0.532746
1.20963
1.35574
1.44506
1.22166
1.11523
1.65843
0.453468
3.18646
0.327231
0.443799
3.31554
0.566147
0.470908
1.15519
2.19124
2.14831
1.85228
1.07468
0.238708
2.62412
0.837562
0.463839
1.80794
0.710676
1.19667
0.483922
2.18987
1.07413
0.591324
0.562525
1.72194
0.860634
0.944002
2.17208
1.38283
1.89458
3.99665
0.753505
0.426231
0.404528
0.638297
2.51347
0.523757
1.89124
1.10941
0.516549
1.15842
1.21961
0.777084
1.09411
0.45012
2.85115
0.573491
3.4636
1.46751
0.865645
0.621954
2.14881
1.25369
0.575259
0.453664
0.596183
1.13595
1.20252
1.69385
2.17895
0.457489
1.371
1.17256
1.24705
0.611752
3.63492
5.62956
3.70737
0.721942
1.91523
9.06712
2.15669
1.06486
1.03736
2.8176
0.73481
1.02602
0.44074
1.66688
0.288746
0.917415
0.644246
0.469051
2.55602
0.77452
0.309919
0.384845
0.547007
2.43518
1.35061
1.71926
0.367557
0.795556
1.48458
1.59105
1.32138
0.570457
0.246659
1.52899
3.02346
0.549729
0.80347
2.39892
0.549004
1.20805
0.404587
2.03682
0.79764
1.39578
0.448517
0.856745
1.43105
1.11144
0.674473
2.92228
1.26473
0.505385
0.941543
1.42816
0.574375
0.77101
0.753578
3.18425
0.648748
0.369126
0.91553
2.7416
0.706374
0.400672
0.562514
1.63531
1.64226
0.95288
0.85071
0.97315
1.41974
0.711446
0.436812
2.46074
1.05689
0.690641
1.76595
5.31962
0.434892
0.179089
1.21959
1.60491
0.675687
1.3179
0.778308
0.397168
1.02795
4.24969
0.425197
0.466456
0.563272
1.15721
2.44949
0.483185
0.624087
0.706402
0.383379
1.0552
0.309855
1.05803
0.459264
0.510384
0.939359
5.32168
0.902528
1.20021
1.46482
0.303214
3.46548
3.08864
3.11304
0.819587
1.97247
0.821136
2.59148
1.70198
0.489832
0.628497
0.703677
1.00111
0.558609
0.94454
0.500828
4.5592
1.58927
0.52061
0.996009
1.46991
0.860363
0.431035
0.7286
0.49643
2.91696
1.5284
1.33815
1.4488
1.11876
1.03559
1.15882
1.62757
3.28946
1.6277
0.996585
1.71123
1.91279
0.98116
1.20293
2.65536
4.57787
0.580776
0.313488
1.56412
2.28714
1.52292
0.508264
1.03882
0.488645
2.82573
0.86629
0.768434
0.690778
1.14377
4.09723
0.689648
2.98879
1.34143
1.76054
0.822182
0.539617
0.424348
1.86732
0.785196
0.719084
0.405379
1.36571
0.603617
0.45017
0.953959
0.483491
0.800614
0.253584
0.518627
0.810494
1.39337
1.1819
0.957438
1.34872
0.78729
2.01395
2.4567
0.255702
3.13083
1.28567
2.93361
1.95689
2.76992
0.896525
0.48408
0.628178
0.684854
0.475918
0.886326
0.248282
2.62288
1.83138
1.886
0.568453
1.19628
1.931
0.786432
0.939947
0.45504
0.933566
0.428624
2.53062
3.94525
1.46026
0.747673
0.352778
3.59103
1.04691
2.01904
0.681357
6.18562
1.46801
0.256036
1.06283
4.9964
0.669047
0.891336
2.92463
1.59066
0.382846
3.93922
0.346846
0.465862
1.06288
2.08102
1.26375
0.628424
0.863526
0.637552
0.378023
2.6229
0.658111
0.792886
1.20646
1.4173
0.889538
0.915755
0.33734
0.624989
3.95845
0.334692
1.95368
1.77621
1.30399
0.922982
0.408146
0.739393
0.493086
0.529933
0.252582
0.955725
1.59314
1.02084
1.18223
0.696059
1.77699
0.652959
0.838408
1.00964
0.27642
0.979051
0.358934
1.39595
0.535208
0.354097
1.7669
0.57197
1.65366
0.435612
3.08579
0.316002
0.840564
0.18576
2.25721
0.572501
1.21865
0.888077
1.81635
1.43457
0.846107
0.336718
0.65649
1.92984
0.772955
1.43287
2.18713
0.503851
0.889105
1.01503
2.06628
0.947296
0.294872
1.43294
1.93607
1.28653
1.12694
0.898391
1.72844
0.255788
0.582622
1.69808
0.34034
1.92704
0.621989
0.921636
0.739197
2.01036
1.31758
1.22335
3.52364
0.898758
0.791827
2.31856
0.331069
1.05936
1.36787
0.999229
0.46882
1.2328
1.51811
0.834956
0.41504
1.69476
0.562292
0.543553
1.26435
1.14665
1.23012
0.344865
0.710803
1.56242
1.19105
0.700085
1.47198
0.637718
1.55917
0.40373
4.6123
3.86894
1.89082
0.372524
0.297493
0.390769
1.95294
0.770152
1.09663
0.869774
2.94743
0.348085
0.409343
2.93616
0.528278
3.05105
2.74318
1.471
0.676682
0.861901
0.426822
0.823097
1.11405
0.856519
1.24004
1.94502
0.545166
0.7585
0.44937
2.37851
1.98496
0.296092
1.22755
0.635651
0.513584
2.11557
0.590981
0.349641
0.896906
0.600943
3.37355
0.957548
0.344942
1.75061
0.473669
0.643078
1.13961
1.4107
0.618109
0.738563
2.279
1.32187
0.816467
3.82987
0.578206
0.930928
0.37398
0.339121
4.02686
0.706298
1.04488
0.33165
4.25983
0.644921
0.363741
0.501053
2.02107
2.57016
0.457876
0.573841
0.555429
0.711538
0.557205
1.43112
0.49071
0.659061
0.510232
1.95559
0.666311
0.268992
0.463764
0.642695
0.851819
3.53797
1.62571
1.48699
0.140414
4.03326
0.501568
1.18822
2.68244
2.28631
0.813738
0.979217
3.89252
2.56739
1.73173
2.45001
0.998035
0.484799
2.18483
0.519093
1.12043
0.94298
0.79535
1.65205
1.15083
1.83161
1.04141
0.509132
2.49512
0.840775
0.420264
1.94803
0.926369
1.27436
1.52771
2.99032
1.08076
0.770013
4.50141
1.75747
2.4905
0.461063
1.59392
1.26724
1.0005
0.385533
2.60914
2.89764
0.457491
0.946699
0.287895
0.910914
1.66774
0.706374
2.72931
0.901353
1.49837
0.847526
4.47382
1.29749
0.642306
1.49536
4.16351
0.968997
0.283481
5.27633
1.4163
1.87427
0.680091
3.45916
2.33857
0.376313
0.316238
0.63786
1.28097
0.590478
1.56828
2.48162
2.67313
0.38848
2.05285
0.586211
0.640732
0.72271
1.93154
2.51677
0.506835
0.697115
0.19425
0.454406
0.363748
1.08744
3.48202
0.899244
1.80397
0.36028
0.429257
0.807124
3.58634
0.367016
0.893055
1.61252
0.240305
0.487778
0.925068
1.11427
0.656439
0.516906
0.404242
0.646791
0.5859
1.05583
1.27977
0.823215
1.29604
1.02262
0.294258
1.56594
0.352508
1.19795
2.44527
0.398505
1.6558
2.41482
1.15438
0.352687
0.874058
2.92035
1.24583
1.31177
1.21856
1.68127
0.81559
0.360224
0.888972
1.42591
4.87411
0.523946
1.77164
0.583868
0.766233
0.428741
1.16509
1.83049
0.304539
1.71843
0.94703
1.32083
1.13717
0.619129
1.49071
0.727644
0.476449
0.77043
0.463925
1.42024
0.309198
1.18351
0.515507
4.16947
0.588652
4.65807
1.94955
0.587501
3.39122
1.18437
0.999109
0.534495
0.502021
2.60155
1.06176
1.28441
0.958327
0.474402
3.78251
1.32473
0.47849
3.80029
1.56844
0.457253
1.26391
0.685165
0.44043
0.491952
0.528526
0.316556
2.04572
0.471825
0.326284
5.4059
0.392092
0.737423
2.47236
0.95718
0.389043
0.745459
2.04233
1.08396
0.940669
3.26632
0.536176
1.79984
0.453073
0.79603
0.243781
0.354227
0.617172
0.43253
0.463028
0.947906
1.93381
0.872464
0.428294
0.559065
0.720967
0.516459
1.06569
0.58622
1.37996
2.4608
3.39256
0.232289
0.240955
0.646956
3.25062
1.42525
1.29648
0.373459
3.94145
0.850663
1.4972
1.20574
0.492024
1.28043
0.505313
0.319935
0.220716
2.82543
1.10004
1.3852
0.750214
1.44851
1.69915
8.66396
0.717546
0.751943
1.87533
1.41613
2.30189
2.07357
0.593468
1.08641
1.58509
1.09359
1.50125
0.735545
2.48947
1.87786
1.13828
1.00551
1.40492
1.22207
0.421375
2.31367
2.81675
0.491977
0.404269
0.540392
1.57557
0.868777
0.608277
1.44386
0.738978
1.30616
0.718172
1.91192
2.80648
0.749721
3.0173
2.7366
0.297334
0.715405
0.650169
1.58973
1.79855
1.17519
1.39898
0.545291
0.399082
1.44652
0.987846
0.180291
0.775274
2.99335
0.451894
0.524001
0.500053
0.61861
0.498111
0.782493
1.49001
0.309102
2.62844
0.609766
1.0105
1.36941
0.477557
1.98037
0.398827
1.85633
0.703754
1.24741
1.62958
1.10356
2.72679
2.22623
0.96822
2.26204
0.49524
0.97794
1.69692
0.972822
1.70536
1.16569
0.350473
1.20559
0.371986
0.790814
0.894554
0.341989
0.995373
0.668381
3.86834
0.917253
0.479576
1.00355
2.48081
1.27903
3.64429
0.41252
0.778743
1.60147
8.53637
0.924394
3.23179
1.17722
0.714018
1.94169
1.84893
1.19222
0.563208
0.89065
0.944925
1.89662
3.85979
0.907969
0.482804
0.504289
0.687554
1.09244
0.772859
0.994358
0.405934
1.55705
2.18266
1.47697
0.836815
1.37808
0.546767
1.21265
0.290314
0.503796
0.320696
0.991071
2.36049
0.69353
1.05388
1.15395
0.740923
4.05551
3.75213
1.30017
0.514343
1.14286
1.5691
3.35616
0.665243
0.389205
0.216699
0.750538
1.79625
0.853833
0.271694
0.701
0.83768
3.68131
0.364928
1.30404
0.458117
4.48503
0.52219
0.7113
0.748997
1.45103
0.224769
2.96325
0.616883
2.58293
0.511423
0.82063
1.40662
1.22985
0.329717
3.50376
1.24391
0.708022
1.84162
0.726983
0.528653
1.96475
0.822803
0.990086
0.908138
0.940609
0.322129
1.24687
0.526089
0.699534
1.23591
2.36722
0.248253
1.30172
1.09187
0.464336
3.4103
1.43926
2.22706
1.64623
2.2488
3.28279
1.30972
2.55676
2.81058
1.28229
3.62217
0.50481
1.09266
4.88137
1.28546
0.377673
2.17417
0.890525
1.15239
1.97426
1.00079
0.931342
0.82228
0.49483
0.287525
1.99238
0.460865
1.51657
2.20986
2.54537
1.40425
0.61776
1.72197
0.502935
0.552748
1.09352
1.22389
1.19516
0.908288
0.451784
1.08013
2.60518
4.15089
1.42346
0.916687
0.698927
0.493676
7.65738
0.678319
0.428993
0.359862
0.813035
2.16257
0.971118
0.497067
0.991191
1.52539
2.283
1.10309
2.48771
1.01808
1.07804
1.01995
1.40255
1.174
0.552873
1.15369
0.365796
0.547783
1.71701
0.529597
0.857836
0.874677
0.445572
0.257685
0.984893
0.570954
4.61777
1.26948
0.38151
0.848689
0.695732
0.983404
1.46091
2.40177
0.669353
0.789016
0.31303
0.363279
0.564366
1.63016
0.380921
0.534953
4.25739
2.1865
1.43137
1.03869
0.62559
1.30125
0.881965
2.81883
0.485264
0.285998
1.42886
0.747028
3.01047
1.18979
0.802536
0.74465
0.57497
0.439205
1.78666
2.08828
1.38071
0.720089
1.80675
0.881057
1.04029
0.634787
4.24152
4.63588
0.750526
0.84891
0.935981
0.446207
2.63334
2.20229
1.82906
1.47421
1.01868
1.97599
1.22164
1.99802
1.68481
2.58427
0.536547
2.15504
0.543706
1.66871
0.692762
0.917011
0.457535
1.36549
0.873363
1.56561
0.4462
1.30692
0.83376
0.469803
0.40763
1.01889
1.08931
2.51141
0.490218
1.22568
1.11264
1.73601
0.309714
1.20958
1.48474
0.618291
2.94642
0.213232
0.490965
0.345949
2.45279
1.19871
1.96108
2.95152
0.532069
0.380768
1.17091
0.510858
0.326838
0.620544
0.7221
1.79961
1.20196
3.26324
1.3271
0.683514
3.3136
1.30634
0.575141
0.759238
0.733591
1.12291
0.483779
0.548556
0.663268
1.23811
0.409297
2.09196
1.78662
1.15291
0.489553
0.844933
0.3002
1.51561
0.513597
0.622836
0.190348
3.85604
0.714818
0.930299
0.774464
0.686924
0.329959
4.84981
2.2121
1.57173
0.487899
1.16894
0.89447
0.576457
0.405108
1.39293
3.02753
0.989813
0.399209
2.11966
6.05789
0.8966
6.36418
1.58417
0.531164
0.816328
1.36347
0.87748
0.509236
1.5708
1.32715
2.01132
1.00611
2.39824
0.499195
0.869949
0.821446
2.13025
10.8312
0.813313
2.01704
3.8173
0.94435
0.679239
0.344971
0.396436
0.377061
0.754281
0.430578
3.34185
0.626304
0.859838
2.75261
0.525467
2.88928
0.484942
0.343529
1.40896
0.856471
1.08194
0.571296
2.67178
1.37518
2.63948
1.33474
0.622602
0.711179
0.363645
0.855868
1.33751
1.71007
0.735069
0.336476
4.42253
2.94352
2.17812
1.01512
0.777051
2.60698
1.7945
0.839625
0.994236
2.50122
1.12118
1.12831
2.46462
1.49148
0.571949
2.10004
0.730562
2.76173
1.90159
1.25874
0.67752
0.765098
0.267083
0.948086
0.6086
1.62342
2.21246
1.59536
1.28038
0.812668
0.657779
1.31494
0.859537
0.772563
2.45149
1.04202
1.19874
1.39049
4.5925
1.2679
0.409883
1.40664
2.62538
2.8795
0.35112
0.921756
0.711149
6.8741
0.80358
0.30713
3.28798
0.382337
2.09606
3.21966
1.81743
3.04297
0.322083
6.01796
1.01475
0.750028
3.72985
0.557526
1.61114
0.400689
0.841232
2.3626
0.653274
3.02322
1.02448
0.484387
1.45729
0.522448
0.534855
0.963089
1.20783
2.01858
0.810787
1.90826
0.355371
0.53525
1.07134
0.580116
1.64465
0.38526
1.5149
0.638862
0.23733
1.6357
0.325743
1.11485
0.421602
1.35047
0.461811
1.23075
1.34043
1.99856
1.74745
2.18903
0.866564
1.36687
0.363879
0.434373
1.13202
0.653522
4.95437
1.18299
0.610884
3.05255
1.09452
2.43703
0.981921
1.25849
0.63419
1.04078
0.293704
0.669924
2.26829
2.00271
0.365026
1.86469
0.596331
1.72845
2.93406
2.93328
0.378116
1.45255
0.581112
2.39552
1.60449
0.311364
0.385225
3.13854
2.60792
1.4474
1.0044
1.19343
2.68964
1.62265
1.30099
0.425576
0.311799
1.77043
3.16075
0.421889
0.283595
1.24743
0.294974
0.805174
1.87542
1.09225
2.67457
0.505714
0.45865
0.611022
0.736246
0.563376
1.16572
0.492051
1.00462
1.91386
0.599356
1.21223
3.29718
0.181617
0.731057
0.725328
0.456089
2.96757
0.93775
0.521557
2.82625
0.505271
1.45149
1.11183
0.496317
0.726186
2.01107
0.757874
0.603255
0.688855
2.37567
4.41588
1.91396
0.404912
0.583179
0.365085
2.02932
0.733376
0.563601
1.0528
0.257787
0.299028
1.17671
1.90827
1.03932
2.06368
0.683399
1.04584
2.01042
1.04845
0.422782
6.60857
0.992411
1.96918
0.359316
0.889696
2.03735
1.76953
2.14561
1.17825
0.768876
1.62921
4.69316
3.91455
0.549726
0.998286
0.975706
0.740593
1.97135
0.729102
1.29269
2.45084
0.663867
2.37484
1.12056
0.6592
0.988972
0.648277
1.96842
0.452281
1.03148
2.52025
1.81949
0.530304
0.386211
3.81631
1.08377
1.00521
2.08742
2.55832
0.256595
2.93076
0.345112
0.71498
1.62356
3.3596
0.290897
0.386918
0.413964
1.89589
0.797189
0.434141
0.688843
1.01889
1.65994
0.42196
0.502572
1.40533
1.03973
0.640273
2.86925
0.6306
5.89289
0.956903
0.267894
0.750638
2.40713
0.518419
0.937236
1.87795
1.30646
1.98164
0.661467
1.8421
0.489302
0.244807
1.09717
0.697857
0.343369
0.45143
2.56235
1.13635
1.16287
3.55073
0.594487
0.660997
0.831658
1.47758
0.940944
1.21631
1.55691
0.79792
0.902968
0.508198
0.240196
0.382118
1.05937
0.944617
0.855932
7.29713
0.455616
1.1213
0.374275
0.372375
0.52444
0.307526
0.925891
3.78621
2.61128
0.369648
0.627056
1.55345
0.788628
0.670358
0.894863
0.846642
0.753581
0.814127
0.474131
1.56247
2.50816
0.57359
4.07621
2.58571
0.703674
0.635846
1.31652
2.40383
0.982557
1.0761
2.02925
1.33716
1.15221
2.72114
1.64886
1.92943
1.32686
1.33113
0.908277
0.678979
1.47433
0.485369
1.33047
1.52264
1.97232
2.49868
0.508465
1.29767
0.330114
0.406941
2.48707
5.17898
0.942233
0.608864
0.693005
0.494018
0.851643
0.355474
0.901445
0.77375
1.26065
1.7116
0.778092
0.642377
0.927537
2.41311
0.761879
3.10508
1.14031
0.96096
0.767707
0.516519
2.39586
0.794534
1.24788
1.22771
0.8641
0.493226
3.2191
2.74365
2.49574
0.81361
3.5029
2.90363
0.598766
2.40107
1.37849
1.07936
0.190329
2.97171
0.950921
0.778445
0.308814
0.833089
1.2117
0.273829
0.557392
0.844624
1.69111
1.85664
1.3775
1.26755
0.896461
1.00232
2.55937
1.93361
0.806213
0.313344
1.40054
5.65416
0.64872
1.72974
1.25143
0.786498
0.730622
1.83626
0.225929
1.65324
0.60651
3.011
2.49207
3.52427
0.622678
2.48528
0.210728
1.63447
0.618374
1.33446
0.387496
0.792112
1.24025
1.11339
2.03105
0.335876
1.15408
0.852943
0.658834
0.916997
0.981543
0.843009
0.568275
2.30179
1.09211
0.464865
1.57933
0.45178
0.94362
0.397169
1.80368
1.46318
3.63305
1.46068
1.26466
0.491187
1.61021
1.36395
0.609269
2.2369
0.460014
2.16511
0.557389
0.697022
3.02845
0.791268
1.39606
0.465573
1.04564
0.809224
1.26208
2.19891
2.74967
0.403427
1.17119
0.959005
0.510428
0.426369
1.03583
0.402209
1.49604
1.08648
0.966615
1.29784
1.11999
1.40993
1.35715
2.52852
2.06453
2.62482
0.73184
1.77034
0.665638
6.37895
1.35599
0.692641
0.70018
1.27009
0.535662
1.33812
0.202497
0.658481
2.4444
0.856259
0.644624
3.9402
1.05726
2.37279
2.75874
0.693258
0.760877
0.804088
0.539244
2.43447
0.271347
0.555664
0.551682
0.30372
0.494579
2.76583
0.291617
0.552264
0.359968
3.30454
0.901175
1.36328
1.02808
2.02639
0.441829
1.07015
1.34558
1.92586
0.489682
0.623177
1.41383
1.16401
2.60187
2.5816
1.93029
0.496123
3.2166
2.82878
3.87705
0.907046
1.82394
0.387857
1.24517
1.02825
1.85218
0.873867
0.340614
1.24003
0.956918
1.4344
0.987397
0.443816
0.416196
0.724066
1.0839
0.946496
0.850658
0.437382
0.567083
1.16773
1.06143
0.6165
2.14804
1.00218
0.769633
1.86427
0.547871
0.386029
4.64446
0.771751
0.371225
0.845207
1.47317
0.872372
0.671794
2.42531
1.17709
0.524034
0.660752
1.63069
0.779673
1.14424
0.698177
0.907374
0.272804
0.40566
0.247155
0.509228
1.94825
2.41261
0.505305
1.48474
1.05936
4.33034
0.30276
1.99089
0.801955
2.74819
0.905345
0.509532
1.15026
0.738893
0.386503
0.765633
0.491387
0.368475
1.53237
0.609964
0.861808
0.627895
2.7359
0.68518
0.843599
0.351432
0.613807
0.730609
3.09475
0.893352
1.46028
0.405393
1.6074
2.80821
1.44621
0.908864
0.505101
2.02227
0.274536
0.666001
0.875738
0.997218
0.437958
0.777531
0.551314
0.663174
1.31711
0.636668
1.34844
2.34874
1.09911
0.344747
0.573701
0.678945
1.44535
0.973632
1.70685
4.8327
0.576971
1.75719
0.384532
0.605352
0.383045
0.552551
0.305141
3.20085
1.50738
1.18057
1.05759
1.5579
1.11015
4.19199
2.39403
0.496138
1.35499
1.21884
0.372374
0.52942
1.05238
0.99406
0.634344
3.0097
0.565571
0.577321
0.733343
1.8692
0.655947
1.44299
1.65622
0.459161
3.24119
1.12665
1.26567
0.200056
1.37968
0.477089
0.357267
1.2054
1.61006
0.29195
1.62378
1.33806
1.50424
1.03573
1.96592
1.87409
1.37998
2.3955
1.88612
0.405058
2.11232
1.7432
2.34398
0.585422
0.32419
1.0451
1.08258
1.15851
1.12053
0.69
0.382483
3.72172
0.392012
1.00092
1.2935
1.02068
1.34567
4.93266
0.593552
1.03651
0.561863
1.33439
2.05094
2.07282
0.372234
1.93765
0.391017
3.10516
1.86246
1.59822
0.79392
0.391198
0.426146
0.971241
0.412447
1.46244
0.219647
4.75864
0.463361
1.43216
0.285627
2.65453
1.29317
1.25044
2.81478
0.627334
1.38291
0.690885
2.43507
0.507255
0.76034
0.462423
4.76736
0.475251
0.87368
1.27994
0.860138
0.848739
0.837483
1.54088
0.27416
0.676645
2.25617
2.85932
0.734762
0.970069
3.18211
1.54877
1.39019
4.89843
2.73915
0.50144
1.04683
0.985857
1.84053
1.08801
0.958994
0.580218
0.916488
0.850925
0.987347
1.06333
0.568784
1.19741
0.456847
0.387918
0.648571
0.350139
0.883882
0.578661
0.651706
1.09241
0.261328
0.6597
1.62959
0.301344
3.03622
0.717489
1.28181
0.33494
0.736936
1.42127
1.30981
0.481645
1.95732
1.15032
4.60663
0.641365
1.34662
0.49836
1.3523
0.634415
2.99456
1.74069
1.55407
1.67834
2.68493
2.59432
2.40843
0.452955
1.04658
0.580961
1.04097
2.02466
1.08718
0.698628
4.13139
5.66376
0.437
0.604063
3.2869
0.695648
0.635732
0.439974
0.768536
0.406733
3.04052
2.32646
0.310121
1.06199
0.481431
2.00926
0.371212
3.98513
0.977612
1.44325
2.35909
1.4009
0.87031
1.25088
1.00377
0.485885
0.430048
0.953787
0.522749
1.72653
0.289179
0.631452
0.501171
1.53486
1.78465
0.475841
0.283088
2.33682
0.443311
1.23038
0.280404
1.15858
0.824697
1.69342
0.400052
0.486528
0.601669
2.2625
1.09409
1.86945
0.615807
1.88621
0.834062
0.518537
1.53537
1.23862
1.64135
0.910733
1.16289
0.889424
0.686073
0.974404
0.407609
3.90597
1.36643
4.02934
1.7765
0.423963
1.15645
0.709646
1.53176
1.68211
2.04678
0.811805
3.16269
0.521637
1.6618
0.597151
2.90961
1.39441
0.328069
0.456257
1.1668
0.297441
0.378712
0.807738
0.946084
0.505605
0.759101
0.708002
2.27768
0.712576
1.01437
0.332571
1.55995
0.62486
0.361428
1.45383
0.238219
1.35775
0.695498
1.42524
1.60493
0.372103
1.18004
2.83636
0.984372
1.44378
2.20244
0.921346
1.43007
1.18706
0.545642
0.636286
1.07806
0.434432
0.455239
0.687387
1.00904
1.95523
0.643624
0.624989
3.63805
0.566463
3.61103
4.76795
0.903344
0.530593
1.21159
1.73297
1.2575
0.891428
0.692266
0.841934
0.611138
0.921043
0.814224
0.376449
1.9631
1.17532
0.61429
0.504003
1.24218
0.254961
2.08561
6.28067
2.07882
2.68527
0.574278
0.528051
1.09189
1.00732
0.936952
1.50293
2.02879
1.97991
1.38132
0.718148
0.33989
0.45598
0.413528
0.575685
1.8354
0.733222
2.72219
2.3964
0.409125
0.557987
0.871877
3.57192
0.464028
0.41866
1.91128
1.78977
0.534194
1.08018
1.05692
1.70276
1.28617
0.396478
1.08407
0.409764
0.838672
0.416941
1.46022
1.39668
0.482978
1.95278
2.73337
3.46513
0.378721
2.02667
0.594361
1.02884
1.61261
2.45574
1.4816
0.822576
0.443333
2.90149
1.74709
2.02917
0.43413
0.99451
0.757051
0.648511
2.50296
1.14636
1.82629
1.26001
0.620614
0.924193
0.504419
0.905644
1.4382
0.894945
1.30352
0.752923
0.978983
0.324897
0.818037
0.749544
0.340469
1.16857
1.15962
0.893675
0.952173
0.55342
0.547993
0.422775
0.78769
0.761436
5.32696
0.508754
0.271194
1.06528
1.68314
0.281797
0.732427
0.524402
2.35779
0.690097
0.281675
2.4692
0.608068
0.797109
0.457228
0.778838
0.513688
4.90997
3.13043
1.71743
2.19691
0.573518
0.585904
0.529725
2.19098
0.951457
1.0583
1.94784
1.60625
3.66119
1.78575
2.72994
0.522834
1.65728
2.68048
0.750402
3.26168
0.327088
1.19703
1.1264
1.64465
1.89261
1.18738
0.736288
1.91429
0.541007
1.28623
0.798849
1.39833
2.01871
0.68265
0.296915
0.407466
2.67941
0.791689
1.92335
0.68295
2.93267
1.08973
1.41789
0.465136
0.720675
0.35279
0.860611
1.12696
1.82446
0.434013
0.785536
1.14976
2.67962
1.00429
2.21168
0.554598
0.621662
1.67702
0.349653
0.388806
0.308692
2.14517
3.4688
1.75837
4.87352
0.517255
0.282875
3.168
0.734795
0.812456
0.971776
0.603719
1.80285
0.393627
0.901794
4.60431
1.27264
0.904821
1.05305
2.22936
0.360715
0.812303
1.93209
0.645249
0.761192
1.06186
2.46305
0.680315
1.55409
0.350332
0.183531
0.440989
0.948774
0.648041
1.11711
2.53926
5.1891
1.58409
0.671631
1.07453
0.467039
0.620211
1.87902
0.788361
0.444288
2.10208
0.415725
0.442464
1.96724
2.7901
1.07911
0.910037
3.51483
2.83625
0.717977
1.63888
1.31044
1.11944
1.13044
1.06551
1.2602
1.21582
2.07317
1.42437
1.1455
3.36743
1.09811
1.48175
0.541387
1.29198
0.970527
0.711759
0.983437
0.273448
1.17036
2.71093
1.69857
4.21911
0.263584
0.398944
1.60053
2.01829
0.844753
0.762413
1.90461
0.788561
0.882902
6.45625
2.81389
1.44247
0.327175
0.760947
0.756579
0.682302
0.629459
0.633195
0.529056
1.2955
1.151
0.543646
1.55633
1.59682
2.17944
3.8521
2.18635
0.972286
0.691548
0.219452
0.27086
2.16308
1.43603
1.34954
2.17114
0.587531
1.60444
0.87118
0.389281
1.42409
2.3648
2.03814
0.369382
0.581487
1.66314
1.74025
0.939853
0.571834
0.368089
1.58395
1.26407
2.30813
0.560224
0.587322
0.383473
2.13666
0.712555
1.1178
1.4556
0.828247
0.585586
0.666471
0.988362
3.02202
0.393898
3.93298
1.84935
1.99592
0.792166
0.455038
1.18586
1.15699
0.377304
1.50538
1.68277
2.69362
0.786066
1.87605
1.38772
0.703997
2.44732
2.12422
0.960035
1.37968
1.53455
0.984309
1.96022
0.587762
0.53412
0.541832
1.43126
0.359912
0.375258
0.399885
1.49952
0.546725
0.957362
3.35603
1.43186
0.571632
1.88712
0.822676
1.23919
1.76689
0.506823
1.23676
0.984682
1.09045
0.755404
2.10738
0.440822
1.3342
0.374123
0.551279
2.89298
1.76445
0.637424
1.20062
0.90094
2.22072
0.946554
0.528423
1.19378
0.553867
0.555788
1.87278
0.464389
1.8292
0.652097
0.342712
1.2508
1.11461
1.02823
1.93362
1.19696
0.510993
2.90576
0.930211
0.453901
0.344345
0.341342
1.23456
0.250694
0.698259
3.06673
0.914159
0.920444
0.945438
0.386191
1.40499
1.38178
0.47589
1.52994
0.651434
0.529487
1.36435
1.43828
0.615864
0.844831
0.759329
2.57653
0.488497
0.259941
0.530524
0.300211
1.62807
2.21778
1.31382
0.728897
3.89002
0.394334
1.08791
3.97602
0.932481
3.00876
2.11513
0.769913
0.430024
1.85999
0.507109
0.371009
0.546829
0.44434
3.22428
1.50152
2.19986
0.99169
0.419145
0.391928
2.24487
1.0157
1.70148
0.44621
2.5641
0.539953
3.2579
0.394799
1.41694
1.20769
1.47786
0.364297
0.635117
0.851559
1.30414
0.312252
2.03459
1.00615
1.52386
3.90519
1.29902
1.20966
1.37579
1.21925
0.447114
1.73481
1.1842
1.20587
0.961955
1.76055
1.86939
3.00874
0.63352
0.655541
1.82961
0.496077
2.2514
0.290286
0.556012
1.3146
0.951469
2.98455
0.317667
1.71369
4.65589
0.873155
2.44412
1.02824
0.711085
2.07431
2.23687
0.434303
1.11419
0.426939
0.634839
2.09698
0.933963
0.17537
0.706021
1.14239
2.28195
0.343549
1.27508
0.333595
2.16244
1.32083
1.26141
0.577297
0.777902
0.925296
0.55202
0.893656
0.52877
1.25364
0.791661
0.545166
3.53431
1.62764
0.669429
0.617705
0.378509
0.403004
2.32123
4.01151
1.30864
2.64134
0.507
1.31779
0.526171
1.16159
3.10027
3.447
1.88171
1.39578
0.481598
1.96445
3.10467
1.29945
2.91882
0.382987
0.73477
0.624593
0.640609
1.15902
3.47213
0.416166
1.91564
0.75667
0.776125
0.653099
0.316272
0.434077
0.981887
0.804457
0.96294
0.606279
2.36681
0.692844
2.07946
4.4203
2.96708
0.774667
0.663135
1.13017
0.968202
0.866838
0.795814
2.25088
0.54542
0.514638
1.96117
1.34948
3.39999
0.328371
3.25049
0.832412
1.48841
0.594375
0.364425
0.469181
0.422267
1.12409
3.08692
0.927113
1.39716
0.636768
1.59755
1.35576
0.887278
2.35489
1.38387
0.703414
0.716099
2.78178
3.25275
0.497811
1.21782
1.68628
1.5646
2.08471
0.704878
1.08132
0.945222
0.438674
0.739907
0.921024
0.661496
0.562561
0.43275
0.613864
1.70427
0.468249
3.237
0.878643
0.591084
1.02663
0.781135
0.685782
0.910486
0.306301
1.34629
1.19094
0.166025
3.49576
0.586821
1.90674
3.33159
0.559478
1.05828
1.74059
1.94462
1.25563
1.11046
0.41056
0.837784
2.41158
4.83842
0.526171
0.496821
0.606701
0.411322
0.633555
0.30419
2.34322
1.50097
0.264311
0.639263
1.4852
1.44197
0.473069
0.433089
1.72125
0.441045
0.423769
1.63595
2.74326
1.90054
1.52595
0.9031
0.78109
0.645964
0.747351
5.39217
0.47991
2.03821
0.565437
1.30013
0.57367
0.251208
0.446455
2.27119
0.912752
0.767378
1.59676
0.83269
0.969028
4.22385
0.595333
1.36041
0.456346
0.591805
0.47708
1.07371
0.555266
0.810998
3.40613
1.77147
0.687739
0.320124
2.36478
0.373125
0.557939
2.80358
0.55525
0.441916
0.587067
1.91807
1.45148
0.401046
3.75009
1.40267
1.99078
0.726955
1.77009
1.84376
1.15253
1.22218
1.69263
1.75895
0.770982
0.870946
0.507898
0.600367
0.768503
0.574443
0.695717
2.14991
1.11177
0.347363
1.93663
0.524033
0.868443
0.424453
1.12987
0.858208
3.0731
1.81738
1.61865
6.17566
1.3834
0.692031
0.483173
1.30991
1.37577
0.340032
0.229491
0.262465
1.27214
0.55583
0.812327
1.19352
0.586048
2.16018
4.1564
1.0222
1.20559
1.69426
1.69614
1.01119
0.808428
1.55385
0.666315
1.89383
1.48973
0.454464
0.765351
2.60496
0.588207
0.996021
0.438735
0.890537
3.7315
0.511495
2.95752
0.438049
1.33194
1.25133
1.31973
0.432404
1.64084
0.942496
2.68119
6.02129
0.385288
1.31307
2.87118
0.756
0.340667
0.81978
0.859192
0.821066
0.611852
0.648773
1.19641
4.68487
1.98468
1.95443
1.00625
1.03258
1.91974
1.40132
2.57981
1.69906
1.10916
4.18978
1.23122
0.818628
0.794919
0.560926
0.31654
3.29959
0.985333
0.343388
0.723952
1.80132
1.22959
1.35207
1.01575
0.453433
1.24628
0.71099
0.909982
0.825552
1.73826
3.43782
0.286465
1.68167
0.604897
0.365628
2.23626
0.988516
1.3218
0.511641
2.68199
1.44466
0.486345
0.382753
2.51015
1.12904
0.887194
1.77178
3.55892
0.949188
0.456211
1.02231
1.99164
0.59212
4.39449
0.273473
0.646794
0.927963
1.40329
0.140194
1.60176
0.941181
2.96733
3.74748
3.92544
0.337737
1.29388
1.55826
1.53355
0.651604
0.623239
0.589493
2.24252
1.28571
0.503665
1.29542
1.34205
1.37132
0.537874
0.450656
0.678049
0.943936
0.75959
0.93997
5.13443
0.539688
0.697472
0.742624
0.747508
0.860008
1.85643
1.15344
0.704549
2.33805
0.939975
1.53903
1.29306
1.30409
1.68415
0.545735
0.989105
0.436739
0.692076
1.55804
2.73245
0.711346
1.14236
2.76832
0.762911
0.178459
0.748637
0.457898
0.428539
0.565053
1.95821
0.672074
0.783363
0.38833
0.274653
2.90417
0.600516
1.32634
0.863984
0.323578
0.853435
0.410681
0.603111
0.721036
0.603415
2.21713
0.955447
0.501802
0.688582
1.43695
2.44418
1.12946
0.604876
0.525717
2.04455
0.745123
0.260434
2.12361
1.17925
1.36084
1.1195
3.36059
1.60586
1.32669
0.510061
0.538689
0.202767
0.47599
0.444168
0.592196
1.24928
1.38526
1.17585
0.855399
0.408022
2.35758
1.03244
2.34169
3.17471
0.452152
1.4633
2.30696
0.362204
0.531854
3.52273
3.64275
0.756127
0.634732
1.47803
0.462266
2.53379
0.803417
0.358743
1.44694
3.17171
0.669542
1.04582
2.193
1.5851
0.367771
1.31553
0.620504
1.10186
0.467701
0.413928
1.64506
0.397828
0.705009
0.817675
0.481557
3.41483
0.338554
2.34043
1.02425
0.939588
0.806733
0.995909
1.7458
0.916372
0.900482
1.37279
1.54353
0.45373
0.625402
1.45737
1.73847
1.6266
0.975728
3.91106
1.02223
0.628641
0.450492
0.77322
1.25144
0.508537
1.48099
1.06706
0.545479
0.497669
1.21592
1.2033
0.640627
2.20168
0.875107
0.505401
1.24221
0.423002
0.809941
0.861798
2.0351
0.857898
0.772536
0.520201
0.919305
0.872776
1.7662
0.61171
0.438496
0.547911
1.77445
0.764579
1.05709
2.76869
0.316608
1.3483
0.50277
1.31494
1.17495
4.09877
0.731953
1.18155
0.527953
2.14181
0.77693
0.757398
0.830987
1.72854
2.31442
0.344569
1.03808
1.28019
2.30687
2.342
0.565817
0.574559
3.63582
0.33571
1.35494
0.764495
3.69114
2.60933
0.553541
3.3804
0.506588
0.809802
0.634393
0.441472
0.699432
1.72003
2.67463
1.8277
0.872235
1.10147
1.58167
0.746675
2.67985
3.55709
0.760315
0.674423
2.3959
1.07404
1.0257
0.408229
0.46201
0.525593
2.73097
0.811115
0.70498
1.07975
0.934209
0.623267
1.58482
0.54229
0.787667
0.383054
0.920725
0.962231
0.335159
1.7528
0.444104
0.693994
0.478584
1.26951
1.33925
1.22468
0.735655
0.76369
0.373023
0.875599
0.370932
0.540926
1.61727
2.49528
3.07236
7.34508
0.510883
1.30274
2.67106
1.26939
1.60036
3.97402
2.36896
0.956522
1.30151
2.81816
1.01654
0.656495
1.95058
0.432094
0.545689
1.76901
0.892436
1.24692
0.307523
0.314069
1.24541
2.30797
0.664269
2.95032
1.2051
0.450144
2.54163
0.806467
0.533445
3.24498
4.30473
0.532185
1.01748
0.730701
1.4945
0.65544
0.360601
1.58611
0.56511
0.624727
0.874894
0.867779
1.23259
0.614825
0.584382
0.960292
0.272952
0.767238
1.37606
1.20356
1.38502
0.653201
2.81804
0.458034
0.373982
0.350522
0.660581
1.08911
0.472995
0.568223
1.93118
1.07093
0.773988
1.23702
0.966764
0.704194
2.47324
2.42573
0.9483
1.94842
0.552853
0.57288
0.841738
2.29973
0.602685
0.400467
1.47746
1.61595
0.434451
1.21189
1.16779
1.84033
0.322627
0.39522
3.98201
0.634409
1.92212
0.55608
2.63534
1.6002
1.2147
0.793087
1.32108
4.52053
1.05506
0.434887
0.950957
1.03534
3.05039
1.22555
1.25977
0.277727
0.302103
0.97977
0.500347
2.43002
1.49367
1.20298
0.41574
0.306556
1.17989
2.48317
0.890427
0.804111
1.5602
0.348196
1.06218
0.316733
0.319486
0.660976
3.71502
0.867543
1.02087
1.04416
0.404124
0.844852
0.917941
1.30417
0.713465
2.72558
2.52958
1.41583
0.778814
2.28464
3.08183
0.894812
0.453797
0.358317
0.412071
1.21385
1.00742
0.652817
0.493385
1.14379
0.81974
2.10261
0.660835
0.746531
2.48956
1.83013
0.977843
0.749368
0.547926
0.357887
0.345058
0.389723
0.504399
1.33566
1.77055
0.821128
0.626765
2.22344
1.60829
6.93268
0.286284
0.293453
2.49539
0.778476
2.81523
0.633801
1.30221
1.26717
0.36495
1.82272
1.46727
0.725678
2.69251
1.92135
1.10012
1.63688
0.859397
1.54272
0.682591
0.936338
0.462786
1.25086
1.05497
0.303978
0.372671
0.453586
1.41922
1.19736
0.445213
4.30666
3.40793
1.21449
1.21326
0.322424
0.987941
1.13553
0.366097
0.358559
1.71092
2.41679
0.445346
0.715367
1.96156
1.96383
0.566197
0.542018
1.01812
0.416249
0.944225
0.431284
0.52172
1.32016
1.27753
0.239178
0.341738
3.49244
0.925951
0.322668
1.17875
0.592633
0.495146
1.4352
0.83905
0.651841
1.7524
1.40268
1.12987
0.791933
1.84347
1.84071
1.04712
0.678855
0.672883
0.964462
0.336852
0.17617
1.79613
0.450862
0.31377
1.68822
1.41649
1.5974
1.48236
0.654828
0.387431
0.414796
1.47728
0.578884
1.93995
1.14588
1.2207
0.702318
1.54212
1.98664
1.10298
3.32317
0.769868
0.757498
1.88419
0.955712
1.04581
1.55173
0.387017
0.483134
0.63027
1.48836
1.10717
0.627757
2.13625
0.528715
0.362415
1.12802
0.854466
2.12588
1.12204
0.578178
0.776049
0.969627
0.455801
2.33923
1.63071
0.253417
0.37543
1.47597
0.976614
0.42134
0.589372
0.566554
2.05
2.71728
1.42254
0.482074
0.581631
0.901911
2.56485
2.47451
0.839256
1.19525
0.23163
0.953027
0.578418
0.403819
1.09927
0.454062
0.798811
0.975646
1.57852
0.475293
0.541914
0.44698
1.83683
1.40085
1.03258
3.29431
0.251818
1.94463
0.404424
0.585965
2.85013
1.02329
1.39391
1.31831
1.30614
0.663747
0.609296
0.851372
1.11116
1.19045
1.47862
1.37244
2.1888
3.37932
3.49478
1.17799
2.00365
1.07777
0.646101
0.823061
1.55971
3.09071
1.00433
1.32164
0.401089
0.353098
0.443373
0.916672
0.21689
1.65013
1.83131
0.602984
2.98876
0.469891
1.47684
0.99481
1.20805
0.958214
0.998285
1.89668
0.623557
0.647026
2.25438
1.55684
2.09095
0.287844
0.275573
1.06943
0.484762
1.08571
1.08152
1.36122
0.496246
0.526449
1.78719
1.46879
1.70626
1.23127
1.75177
2.08602
1.20853
0.676026
0.412415
0.512007
0.532596
3.7287
0.50426
1.29747
0.864488
0.444618
0.823654
2.07409
1.2123
0.508358
1.96949
1.57558
0.677875
2.9542
2.52135
0.954665
3.10372
0.446391
2.60258
3.63985
1.15408
0.823172
0.708021
0.469924
1.56948
1.51677
2.86536
0.326834
0.389596
1.34021
0.376159
1.7224
0.45726
2.29295
0.632188
2.08693
0.504622
1.50279
0.552249
2.96459
1.8694
1.10396
0.157766
2.90031
1.13968
0.797876
0.655992
1.77633
0.570892
0.478768
1.15189
2.14311
2.3467
6.19651
1.21438
0.560735
0.999731
0.600327
0.784739
0.493601
0.815214
1.46709
1.00774
0.780846
1.18055
1.25956
3.41718
0.75127
1.06247
0.497643
0.575914
1.51933
1.05114
1.37032
1.26003
0.795835
0.409633
1.03423
0.457715
0.2087
0.339346
2.43427
0.45008
0.927591
0.532624
0.381217
0.354284
1.29803
0.551418
2.95359
2.19259
0.41412
4.95913
0.458083
0.525532
2.30068
1.22053
1.54044
0.719555
0.350263
1.38888
0.535122
0.520803
2.20126
1.67494
4.02457
0.77015
2.34434
0.582989
1.04287
2.83544
0.766233
0.333956
1.03805
1.11779
2.14624
0.636876
2.42834
1.37488
0.372657
1.44567
0.675578
1.91173
0.379462
1.68316
1.11163
0.8377
1.05408
0.587112
1.82277
1.46557
0.752019
0.361075
1.20754
1.70186
0.8161
1.83089
1.25535
0.670209
1.41681
2.38203
0.534582
0.32899
0.759904
1.55133
1.489
2.70723
0.429635
0.403584
0.644741
0.291677
1.25841
1.35766
0.827105
0.721281
1.30935
0.987734
0.332194
0.411769
0.809645
3.09579
1.15865
2.78924
1.09893
1.25417
3.52604
0.955543
0.769695
0.68724
0.230686
0.486328
0.946607
0.413973
2.00802
0.776028
0.475719
0.717134
1.2467
0.454773
0.510256
1.285
0.512634
0.491442
1.16901
0.763192
0.306342
1.85854
1.37218
1.18566
2.20146
1.97116
1.3314
1.58259
1.56974
0.998542
0.747398
1.58011
0.551433
4.48082
1.04669
1.84059
0.313585
0.529282
1.43763
0.396621
0.473506
2.36209
0.425803
1.52796
2.40063
2.87204
0.288012
2.36677
3.11351
2.9954
0.961766
0.803413
1.05522
1.44379
1.09447
0.471219
0.273191
1.65323
1.56885
1.08207
1.46805
0.988433
1.84687
2.02903
0.627658
0.355006
0.37695
0.561343
0.670383
0.377211
0.457153
0.403324
0.452346
0.519547
0.776969
0.200154
0.460289
0.748938
1.02148
1.25619
1.93842
0.741457
0.298908
2.07764
1.44982
0.728353
2.28442
0.743699
0.834034
1.61098
0.562738
0.725421
0.728783
1.63957
2.40055
0.795679
0.619108
0.684404
1.16367
0.602373
1.21643
3.20728
1.1898
2.02578
0.651201
1.36145
0.584228
1.32039
2.28552
0.537308
1.22294
0.496628
1.04185
0.905792
1.79326
0.271136
0.599567
0.893394
0.505958
1.46761
0.424045
1.37416
0.582468
3.48304
2.48094
0.38593
1.2664
1.26832
0.410768
0.73636
0.191689
0.930325
0.38401
0.420825
0.841465
1.25969
2.56791
0.391054
0.389751
2.00449
1.99502
1.03096
1.20797
1.43768
0.416146
3.03648
0.668855
0.475455
1.10282
1.38498
0.437579
0.753818
3.81714
1.05775
1.85849
0.381572
1.71507
0.929072
0.959084
0.878644
2.27815
0.23447
1.42514
0.433167
0.955758
1.04598
1.17965
1.91237
1.11486
1.03965
0.855096
0.24641
0.963791
3.14756
1.57775
0.534966
0.805451
1.30164
0.491581
1.48516
0.489494
2.34409
0.270945
0.31656
0.428287
1.04081
0.561162
1.56033
1.83857
0.566777
0.831268
0.853986
1.28465
1.02166
0.694038
0.68764
0.395698
0.493352
1.11586
1.90704
1.63165
1.11313
1.28096
0.661346
0.875199
0.48786
0.313912
0.735048
0.937752
0.532075
1.67636
2.62609
0.221389
3.04575
0.453148
0.754078
1.01663
1.61401
3.17711
1.02684
0.721673
1.75454
1.70067
0.428294
1.59324
0.417833
1.4683
1.24359
1.26311
1.05446
0.47001
1.04028
0.365455
1.08223
2.41073
2.75154
5.33956
2.0475
1.82524
1.03766
0.420764
1.1285
1.09538
1.24384
2.66507
0.286313
4.28805
3.79372
0.522029
2.77881
1.26713
0.807103
1.38618
0.317335
0.494486
0.491117
1.17428
0.854293
0.651244
0.345154
4.00786
2.54431
1.53235
2.12395
1.49581
2.68102
0.336465
2.87604
1.17743
3.03901
0.658344
1.43236
0.433167
1.30663
0.451802
1.74775
0.221939
0.646818
0.873642
0.627426
1.12712
0.276854
1.16494
0.418637
1.11351
0.689391
0.513312
0.512616
2.74311
0.702218
0.623668
0.450624
0.475746
0.499436
0.522456
1.0804
1.18328
1.54575
0.451198
2.34658
0.610508
0.301463
1.89648
1.08068
0.40669
0.291469
0.705237
0.471049
2.37869
0.612434
1.89296
0.643036
0.573055
0.593034
0.552429
0.29937
2.13004
0.805233
0.596721
1.06443
1.14709
0.413494
0.311635
0.659268
0.733163
1.29145
0.672449
3.53652
2.00161
0.832189
1.3995
0.484548
0.63378
1.18337
0.732482
1.25442
1.37249
0.920228
0.829017
3.02779
1.43913
0.715302
0.427371
1.62439
1.2409
0.425188
0.237436
0.309948
2.52778
0.884573
0.808444
0.348017
1.24803
1.41074
1.8013
0.348929
0.470417
0.410074
2.26881
0.788721
1.41514
5.03197
0.523034
1.43618
0.640352
1.01397
0.684464
1.20786
2.28048
0.552149
1.56731
0.993939
0.961833
1.64754
1.23853
1.27551
0.479113
0.997285
1.42577
0.741776
3.53654
3.07609
1.24536
0.667075
4.23718
0.600876
2.2185
1.99701
0.830904
0.330448
1.73046
1.4007
0.443926
1.96082
0.752029
1.23549
1.60935
2.84553
3.71362
0.435303
0.591537
0.517869
2.29134
1.36456
1.24478
0.399031
1.59675
1.33936
6.19748
0.481158
2.06496
2.41886
0.622237
1.5838
1.86224
0.467125
1.49411
2.62608
0.644251
1.00974
0.926537
0.965145
1.45264
1.66647
0.551171
0.205907
0.653071
0.444035
1.91526
1.82385
0.981283
0.937268
0.542796
1.75568
3.3485
0.286183
1.65928
0.832026
0.951662
2.6565
0.445732
1.43737
2.18023
0.574773
0.365623
1.06667
1.04097
2.63103
0.888642
1.6951
1.09701
2.02949
0.13892
0.870299
0.77432
0.79377
3.04241
0.286974
0.512263
1.08606
1.17458
0.438986
2.24631
0.852485
0.843482
1.02415
1.13842
1.59409
4.24904
0.940597
0.63411
0.41716
2.37049
0.972262
2.33125
0.480196
0.706297
0.977493
1.71461
0.335648
0.483881
3.78176
0.775946
0.393612
0.928624
0.363839
0.423073
1.07023
0.841856
4.40558
1.32461
0.873741
0.624672
2.75298
5.55396
0.339888
0.384425
1.29496
1.16206
1.27282
1.2801
2.3448
0.49499
2.75265
0.562491
1.2259
1.72559
2.93118
0.773717
2.35101
0.448345
1.04831
1.10132
0.480597
1.03784
1.5369
0.897776
2.04524
0.439452
0.478789
0.806215
1.556
0.556054
1.14969
2.72561
0.813696
6.36992
1.66728
0.74997
0.810026
0.660764
1.81069
1.15301
1.06465
3.47789
0.70756
0.783062
4.1399
3.1515
3.04159
0.446426
0.452875
0.647431
0.22731
0.541934
0.729621
1.96727
0.15823
0.547558
1.30099
0.570186
1.85988
1.4176
1.87375
0.378096
0.617443
1.26768
3.28308
0.635962
0.594245
1.16847
0.378355
2.26765
1.60615
0.544188
0.848125
1.97835
1.09638
0.379645
0.242511
3.9071
0.787234
0.923216
1.68077
1.79915
0.470881
0.575272
1.05821
0.374915
0.341385
0.381639
2.51042
0.252487
2.26827
1.03924
0.429925
0.681145
0.33532
1.69158
1.28517
0.374988
1.12278
1.14419
0.393957
2.89142
0.407403
0.599693
0.2819
0.844435
2.65045
2.05143
0.534907
0.569894
0.500366
2.58622
0.829173
0.560928
0.318263
1.33185
3.83451
0.579955
1.58736
1.2685
0.361622
0.501342
0.4061
0.914417
1.19853
0.6677
1.32719
1.0916
2.9923
1.33238
1.24012
0.684824
0.982272
1.05327
1.00871
1.25505
0.927306
0.722959
0.65736
0.906503
2.63236
1.54648
4.12345
1.56526
0.400398
5.02885
0.507048
0.87256
0.684565
0.614651
0.724756
1.39547
0.397676
1.94637
1.15749
2.74584
0.760111
0.510932
0.392443
2.10025
0.314241
0.615476
0.232321
5.66171
2.29268
0.973472
0.521282
0.839332
0.748007
0.859069
0.617735
1.74522
1.21646
0.264951
1.03403
2.8619
1.20369
2.76238
0.824551
4.13911
0.952618
2.5644
0.24712
1.56695
1.94363
1.20525
1.21402
4.0431
1.78442
0.551122
3.50797
0.696492
1.27832
2.85107
0.980693
0.311318
1.13141
0.638534
0.623179
1.08484
1.66246
1.40679
0.523418
0.478892
1.16011
0.463355
4.05359
0.673104
4.5175
0.910522
0.597991
0.817406
3.17004
0.468099
3.41376
1.31995
3.47185
5.27971
1.44575
3.12753
0.833139
1.7946
0.459671
0.455146
0.247366
0.414482
1.97056
0.285418
0.353233
0.838419
0.865132
1.02038
0.824658
0.376997
0.154147
0.598467
0.845637
1.55055
0.321135
2.20175
3.85937
1.77001
3.22835
0.588078
0.310296
1.72551
0.628761
1.19772
4.14595
0.842896
0.671119
0.558964
0.297485
2.49248
1.0916
2.51172
0.907772
1.10289
0.701431
0.341805
1.20669
0.944152
2.11514
0.6146
1.27477
0.338413
0.736136
0.712862
1.01822
1.90156
0.372382
1.00021
1.43737
0.988092
1.52489
0.336182
2.15861
2.36193
0.737681
1.80738
1.84633
0.427109
0.807405
1.49693
0.624508
2.11498
0.833586
0.619063
0.638188
0.875817
1.21253
0.467756
1.35402
0.971903
0.868236
0.882291
0.389144
2.23597
1.9749
0.417732
0.893204
1.92765
2.10958
0.326068
1.61428
0.946947
0.80853
1.06833
1.89124
4.30496
2.19208
0.539464
3.82129
0.518191
2.19609
0.533007
2.36542
0.486459
1.77065
1.79127
0.4392
1.59682
1.64108
0.415919
0.544024
0.559727
0.463023
1.08983
0.857941
0.429197
1.04393
0.712415
0.762023
0.418617
0.307953
1.38866
0.50915
2.25194
0.412411
1.55298
2.2304
0.501093
1.44587
1.17327
0.854979
1.63874
0.912492
1.70273
0.359313
0.324564
0.527638
0.585013
1.8667
1.48084
0.980441
1.23891
2.40004
1.24891
1.11523
0.848799
0.390633
1.86867
0.652872
0.771443
0.875336
1.69203
0.380874
0.576843
1.64631
0.763091
1.60139
0.384206
0.570917
0.383913
1.75313
1.96179
0.748386
0.668716
1.07617
1.9214
4.24794
1.27798
0.494164
1.99457
1.95207
0.375449
3.32905
0.706126
1.22441
0.574155
2.55514
1.01256
1.56066
2.05271
1.6421
0.434361
1.60115
0.686808
0.440942
1.14396
1.68751
0.423856
1.03577
1.79449
2.08878
0.920012
0.71886
4.20945
1.58634
0.891596
0.502767
1.09884
1.91386
0.811324
0.940157
4.86882
1.67964
0.902075
0.370745
2.34597
0.338076
6.0155
0.814911
1.77597
0.241142
1.81034
2.86776
2.00546
1.20208
1.15989
1.30242
1.69015
1.25341
0.724733
0.384917
1.21904
0.574685
1.38934
0.540392
2.25537
3.07677
0.569407
0.468505
0.285465
1.57985
1.42668
1.97892
1.06235
0.551878
0.956643
1.01678
0.625695
1.83103
0.337233
1.02564
1.36723
1.39324
1.71196
2.14274
0.311891
0.535198
0.512853
0.331202
0.590838
0.915724
1.77466
2.91486
1.00063
1.88423
1.51078
1.36495
1.59702
1.20343
2.42712
1.02781
0.587513
0.472407
0.416633
0.312909
2.76796
1.98394
0.375842
0.296937
3.69907
1.18144
1.76246
0.247801
1.08722
2.52087
0.579426
0.911968
0.935933
1.02626
1.57964
1.05837
0.59517
0.258139
1.11192
0.790492
0.387211
1.16436
1.7073
1.61562
1.26214
1.03263
0.654335
0.61695
2.11272
0.696885
0.669325
0.610685
1.69572
1.91881
0.384361
0.456568
1.07539
1.81344
1.65632
1.55603
0.435626
1.93305
0.464508
1.05558
0.382235
1.18805
1.11159
1.35741
1.48149
1.67906
0.630687
1.74761
1.32047
0.864077
3.20823
1.62581
0.96968
0.467211
1.07894
1.38359
0.484649
1.06455
1.76013
2.65716
1.18431
0.504689
1.10739
2.26833
1.02775
0.936829
1.24706
2.7774
1.017
1.26805
1.35978
3.46806
2.21312
0.45557
0.854469
0.338988
0.341269
0.362537
0.923399
1.21664
0.547041
0.439204
0.70989
1.16315
2.00903
0.840405
0.543859
0.289767
0.437002
0.400261
0.334845
1.37825
2.49384
1.15434
0.590134
0.523419
0.387103
2.30144
0.731373
0.463623
0.37814
1.09385
0.345812
1.58443
1.48673
0.86399
0.366713
2.48816
2.38301
0.514289
0.331548
0.847386
2.94634
0.48904
1.51494
1.71319
1.05682
1.58463
0.505467
1.00313
1.36561
0.569681
1.35862
1.88171
0.275556
1.10496
1.31629
1.31578
0.482624
0.483399
1.61225
0.527608
0.523685
0.536021
0.795028
3.96054
0.286769
1.33276
1.64732
1.00368
0.987639
3.07699
0.948689
0.435367
0.204905
0.406825
2.50317
0.465531
0.591674
0.941562
2.33222
0.363973
1.52266
4.1498
0.389281
1.61482
0.522081
3.75992
0.446319
0.328752
2.93517
0.501649
2.05486
0.508933
1.20127
2.43034
0.689024
2.42156
1.47819
2.0563
1.02476
5.01226
0.402411
0.478514
2.63962
0.582901
0.967544
2.74974
0.865344
0.778475
1.09022
0.406436
0.726863
1.0919
2.20846
0.704162
1.18666
0.881779
0.417554
1.28396
0.870111
0.772887
0.809441
2.07493
0.931324
0.541676
2.50086
0.478982
1.31214
0.375275
3.79569
2.53076
0.840946
0.505649
0.491302
0.31427
1.33366
0.685093
0.429733
1.54712
1.48244
4.32004
0.70533
0.796538
2.07713
2.25129
0.721028
0.70635
0.76429
1.7025
0.480438
0.687971
0.537854
0.314993
1.08507
1.72549
1.27178
1.55645
0.683279
0.443905
0.520746
2.68759
1.20409
0.764092
0.541336
1.20254
1.81472
2.77957
0.807444
0.356612
1.42639
0.635312
0.95096
0.655758
0.417455
1.13314
0.321712
0.733834
0.782699
0.487168
2.03962
0.502598
0.816164
2.32076
2.64418
2.51127
0.404192
2.99424
1.56939
0.49799
1.37003
0.877079
0.861434
1.50805
2.11233
0.421919
0.848426
2.13722
1.46127
0.918012
1.73258
1.18082
2.53408
0.337216
1.92028
0.438675
1.03616
0.757883
0.478962
2.31441
0.530157
4.67319
0.821033
1.18728
1.52574
1.83315
0.853866
0.350511
1.15485
0.636816
0.484329
2.65025
1.59904
1.40408
0.790032
0.40279
0.4961
1.92902
0.556265
0.514742
7.00746
0.42689
0.297796
0.750893
1.3596
1.74399
1.27734
1.21354
0.553346
1.64448
1.45357
0.787765
1.10695
1.67122
3.11529
0.961699
0.567533
0.849222
1.97049
1.7743
2.30354
1.02843
1.58163
2.24231
1.69737
0.70087
0.501797
2.15831
1.91492
0.354654
0.88996
1.78603
0.655108
0.724428
0.856661
0.303698
1.7515
0.509766
2.06697
2.3763
1.03256
1.11016
2.12914
0.692459
0.977476
0.440893
0.822094
2.29797
1.58229
1.68162
0.37856
0.936068
1.83326
1.11773
0.331169
0.986752
0.856002
0.276124
1.41108
1.09924
2.35751
1.18014
0.776938
1.3802
2.82189
1.51973
0.203492
2.0627
1.89611
0.964895
0.460598
3.31245
0.411741
2.26203
0.351913
3.54148
1.02089
1.32376
0.878523
1.36153
0.293477
1.22028
1.7578
0.813006
0.561326
0.940817
1.63715
1.99703
0.845405
4.9717
0.756932
2.83038
1.19004
1.3592
2.02344
1.2632
2.41515
1.05593
1.0139
2.90924
4.53648
1.15748
1.47083
0.379865
2.61096
1.61895
1.33437
0.840102
0.664038
0.273416
1.79593
2.29237
0.768642
1.7556
0.554907
1.0264
1.42367
0.706935
1.12392
1.72948
0.823946
0.640041
0.814164
0.893183
0.459791
4.30434
0.299786
0.478476
2.00389
3.27306
0.681975
0.961539
3.74413
0.823284
0.951258
2.12421
1.78151
0.313237
0.25248
1.3976
0.577186
0.50257
0.316731
0.350916
0.589402
0.614632
0.195997
1.56066
0.338401
0.480408
0.784383
1.73972
2.59923
1.62685
0.414067
0.416952
0.887253
0.383485
0.89544
1.32824
2.16746
1.09493
0.804564
0.560903
0.832171
0.365072
4.01812
1.11696
1.01587
0.56077
0.454866
0.396882
0.867309
1.19143
1.96239
1.75449
3.63581
4.52009
0.668647
1.81961
0.629691
0.571911
1.97503
0.315102
0.469692
2.06953
1.81702
2.12715
0.904625
3.24965
1.23974
0.843255
1.26134
1.27074
1.87316
1.51705
0.635381
0.44063
2.53052
2.13125
2.81659
3.0978
1.98438
1.69099
0.407663
1.0898
0.965119
0.350049
1.04134
0.988829
2.4862
1.87221
2.38826
0.796259
1.24612
1.03345
0.446533
1.50259
1.8173
2.25304
4.87433
0.850401
0.71455
2.03457
0.673779
0.678654
0.627101
0.406901
0.923199
0.498797
1.48465
4.22894
1.25902
1.57302
0.873766
1.13653
0.409814
0.506683
3.72864
0.832154
0.340696
0.768238
0.653298
1.87555
0.921036
0.656024
0.672669
0.967078
0.231014
0.952844
1.87026
1.55726
0.557697
1.06787
0.420614
1.97732
0.279103
1.19449
1.97338
0.616664
1.59769
1.46277
2.01126
0.258513
1.10268
0.617115
1.19988
1.90496
0.445289
1.40564
1.28309
0.203564
1.44976
0.369055
0.512603
0.675281
1.3872
3.59611
0.290086
0.93431
0.895341
2.51578
1.24744
1.57536
0.874121
1.94127
2.24325
1.21825
0.871631
1.16511
1.5154
0.695349
1.1318
1.65203
0.572594
0.267766
1.2961
0.822175
1.80296
1.45267
1.17576
1.75669
1.32003
0.94576
3.46387
0.548787
0.289626
4.25904
1.58857
0.944194
0.800502
1.11146
0.632123
3.10306
3.98248
0.363033
0.734427
1.65524
2.3564
1.87608
1.02288
1.04807
1.59007
0.959127
2.33871
1.39073
0.737682
0.480115
1.72801
0.915183
0.576951
0.785321
0.604157
1.73127
1.91173
1.33951
5.29644
1.23098
1.57595
0.569686
2.78975
0.816919
2.44075
2.80824
1.33249
2.13847
1.23925
0.35099
0.29474
0.245345
2.9015
1.72621
1.0839
2.22505
3.4689
0.303633
1.82218
0.938599
2.02264
3.08904
0.640563
0.745588
0.97985
0.456529
0.686141
0.368031
0.718582
2.59601
0.412944
0.6978
3.03595
0.99424
0.564934
0.306537
2.06692
0.814608
0.936135
1.20305
1.63404
1.10215
2.1316
0.39402
0.360149
0.549715
0.723353
2.08698
1.71437
1.17238
0.402722
2.25196
0.529865
0.441831
1.5027
0.840139
0.464957
0.475932
1.29278
0.817757
1.63359
1.12042
0.564773
1.37687
1.01252
0.411952
1.00167
0.994346
2.20698
2.30468
0.589198
2.15302
1.33374
0.384257
0.838051
1.61295
1.07373
0.61675
0.581734
0.712846
0.530352
0.529914
2.08453
0.57894
1.37369
0.427624
2.09306
1.24747
0.305816
0.497411
2.4883
2.1275
0.5264
1.31255
1.28428
0.976284
0.792818
1.75933
2.17268
0.294701
1.49101
0.806749
1.29626
1.14814
0.88108
0.281157
0.51756
0.242687
0.820405
1.86699
1.57025
3.77496
0.666096
1.686
0.83244
0.635981
1.82086
1.42726
1.31932
0.282335
0.420467
0.731446
1.46599
2.38103
1.49598
0.924927
2.47706
0.797476
1.1093
0.88243
0.500069
0.458536
0.214152
0.445798
0.485443
0.480194
0.383637
1.82672
1.27311
2.95248
0.557915
1.43196
0.380095
0.902382
1.87624
1.7348
1.01072
0.932663
0.921972
2.31572
0.276876
1.22734
0.346802
1.25075
0.443431
1.58166
0.278875
0.856461
4.10469
1.35886
0.537595
1.13122
0.449386
0.376849
3.6592
1.28931
0.897941
2.4549
0.448141
2.91441
2.26238
1.15784
1.54187
0.822784
1.43381
0.487028
1.06791
1.00486
2.76465
2.9804
1.85311
0.634889
0.742611
2.43533
4.41535
0.460271
1.93973
0.60896
4.00659
1.33339
0.504454
0.54405
0.637723
0.498996
1.31003
0.741121
0.787033
0.654315
3.7061
3.62602
3.99143
1.49702
0.38346
1.36264
2.73233
0.37925
0.429067
4.15413
1.92583
0.58207
2.52668
0.78814
1.99206
0.555455
2.42325
0.5322
3.16498
1.36858
0.692898
3.04709
0.318371
2.20931
0.811648
5.20646
2.99395
0.508811
0.652086
0.57154
1.70773
1.32716
1.15691
0.44441
0.655622
1.44315
1.05571
0.450422
6.08597
1.45801
1.01977
0.47421
0.502022
0.32043
0.94526
0.335167
0.663582
0.946252
1.31358
0.399646
1.51098
1.13664
1.82592
0.899168
1.23698
1.36468
2.83388
0.715455
0.759165
1.6787
2.92498
1.60009
0.853802
2.64178
0.393719
0.359434
0.637857
1.21173
0.555597
0.685009
1.68134
0.531691
0.819663
0.573149
0.859176
0.990632
1.16532
1.13112
0.672431
2.11168
0.765178
1.85267
1.72919
0.594307
0.651638
0.810511
3.033
0.949352
1.55949
1.19206
0.829813
0.537235
0.817304
0.626842
2.13923
1.97977
4.4578
1.4397
2.18444
0.617201
1.41652
0.770657
0.921149
0.433408
1.67274
0.314859
2.11502
0.816705
1.28241
0.432444
0.870621
1.09723
0.45788
2.17889
1.5731
0.776057
1.19954
2.89759
0.956335
1.40407
0.888535
0.5837
1.50544
0.502426
5.51188
1.37984
1.03544
1.32497
0.531652
0.245382
0.43362
0.854687
1.37262
1.18256
2.79199
1.2468
0.76278
0.421762
0.564071
1.30734
0.962457
1.3001
0.503329
1.32936
2.86815
0.451751
0.547207
1.7622
1.07471
2.1847
0.956742
0.555643
0.286031
1.36873
2.28834
1.42415
0.868846
0.766144
0.892948
4.9314
1.58125
0.604503
0.74082
0.566371
0.449677
1.29055
1.17478
1.09283
0.958902
2.38624
2.26229
0.643036
1.08564
1.73768
3.08606
1.06584
2.60719
2.8875
1.4723
4.40615
0.740493
0.673136
1.16303
0.436252
0.616528
0.596562
1.08412
2.38318
0.47899
0.538804
0.184164
0.983813
2.00937
1.25278
0.69322
0.343829
1.27136
0.500874
1.08053
1.73837
2.71515
0.740827
0.62991
1.43931
1.71138
0.775447
0.191091
0.520624
2.79316
0.652469
1.13197
0.94956
2.31842
0.83398
1.08483
0.158409
0.944043
0.886708
1.54139
1.60428
1.80917
0.803437
0.444143
1.30317
0.437036
0.729167
3.17787
2.75478
0.696442
1.44844
0.95143
2.08639
1.16629
1.13023
0.778123
1.4332
0.446296
1.61222
1.04547
1.77267
0.547468
1.22489
0.202564
2.13164
0.850167
0.903762
0.531035
0.747353
0.561954
1.08203
0.489458
1.87089
1.1789
0.317571
0.93613
0.942153
0.825323
0.853829
0.823791
0.797361
4.46235
0.309451
2.57975
2.22302
0.717176
5.0156
0.492277
0.855142
0.554409
1.65197
1.09146
0.307008
0.877259
1.07981
0.776122
2.39194
0.451631
2.06247
0.994824
2.15622
0.46003
0.449981
0.95581
0.755152
1.58852
1.40516
1.47928
0.434672
1.1195
1.75751
0.395176
1.33991
0.497165
0.438897
1.25606
1.02563
1.26951
3.4237
3.64949
1.51971
0.562047
1.12394
1.98285
0.68611
2.84769
0.472013
0.437041
0.351175
0.815837
0.990471
0.760377
1.24169
0.459663
0.538796
2.41375
1.20945
2.32645
1.375
0.346392
2.27771
2.06262
3.08686
0.866816
1.23129
1.26299
3.02046
0.98596
1.2687
0.638056
0.436042
0.503254
1.9226
3.75441
1.12967
0.7924
0.366493
0.580255
0.482677
4.18909
0.412184
0.548589
2.38207
0.398082
1.38384
1.79402
0.741931
0.541264
0.922058
2.63808
2.14565
0.343429
0.995227
0.549069
1.46756
2.83585
1.45751
0.47875
0.647563
0.769396
2.88715
1.56941
1.05293
2.03309
0.476088
2.42458
0.547881
0.710568
2.04754
0.357032
0.852439
0.433007
1.02624
0.645105
0.887203
0.7425
0.486277
1.34856
0.767757
1.37209
0.571165
0.686345
0.421023
3.74764
0.604494
1.78377
0.523256
0.840643
2.62544
1.57075
1.03839
0.688976
0.234176
0.449404
0.644912
0.512394
1.41
0.43271
1.28746
1.26669
0.619441
0.282416
1.73679
0.70775
0.698853
0.734511
0.944461
4.65245
0.711206
2.79583
1.37094
1.59202
0.481452
1.23439
0.300681
0.554689
2.76452
0.63258
0.361885
3.77514
0.385639
0.549808
2.55651
0.617755
0.803901
0.748393
0.623434
2.45342
0.576957
0.743885
0.953174
1.48773
1.0866
1.11875
0.372703
0.417568
1.78621
1.40111
1.05318
0.496817
0.370159
1.44701
0.23329
0.548987
0.742952
1.7108
0.714586
0.67252
0.674691
3.72241
0.625814
0.914018
0.311671
0.970648
0.806122
1.55936
1.92672
0.814505
0.33398
0.438152
3.3389
1.37947
0.531838
0.906959
2.76049
0.97008
1.48029
1.70048
2.31963
0.400982
0.569552
1.85949
4.3803
1.90019
1.47991
1.41861
0.417524
0.735643
0.834481
2.46522
2.54139
1.21802
1.70292
3.3368
1.53161
0.651978
1.15151
3.33105
1.08065
4.07772
0.705844
1.59651
0.346198
1.05696
0.432272
2.4595
0.543925
1.77707
1.65413
0.993746
0.355682
2.19146
0.97607
0.427543
3.66798
2.6201
1.10113
1.69526
1.35746
0.401059
0.675333
1.0682
1.05291
0.998258
0.474186
0.49184
2.35865
0.878955
2.80958
0.601764
2.07368
0.29721
0.730478
1.55391
0.81971
2.46644
3.96895
2.00485
0.834393
1.43834
1.81915
1.9777
0.437464
0.974924
1.37382
1.09916
3.61114
0.442946
2.41172
0.300378
3.13744
0.991381
1.87957
0.527813
1.29157
0.599463
0.286901
1.78544
2.43561
0.400045
1.94751
0.721391
0.535406
0.346543
2.24428
2.44243
1.12911
1.80961
0.357287
3.18049
2.41478
1.1349
0.912397
0.768109
1.80119
1.04748
3.63432
4.07958
1.31769
0.418964
1.2532
0.577036
0.898357
1.05878
0.96517
1.05115
0.568826
0.85805
2.44883
0.383048
2.11121
1.8096
1.05894
1.48605
0.561069
0.45768
0.270557
2.00711
1.83852
3.65542
2.3188
1.80298
0.323757
1.2197
0.520687
0.663502
0.817827
1.06566
0.565455
0.798966
0.920352
0.38222
0.344985
0.980376
0.565786
0.456605
2.29582
2.16826
1.06678
0.38202
0.914598
0.35062
0.43919
1.40705
3.01263
0.774013
1.85611
0.369311
3.73407
0.558925
1.35876
0.562738
1.14268
0.321046
7.12918
0.303276
1.13815
0.816558
1.17143
0.567786
0.390309
1.45091
1.26035
1.59587
0.307749
0.255421
1.29857
0.377942
1.66635
1.48773
2.69416
0.932485
1.39882
0.579051
2.20858
0.60653
0.666687
1.21774
1.41116
0.667003
0.553501
0.404424
1.35201
0.954326
1.84568
2.78479
1.19451
1.20097
4.17311
0.888955
3.17223
2.67003
1.81252
3.47539
1.0696
2.06598
1.65531
1.29186
1.46463
0.700373
0.979259
1.5025
0.5402
0.879438
0.370131
0.727008
3.09579
0.82837
0.521116
0.871667
1.70667
0.944662
0.694259
1.71557
0.497631
0.617112
0.356609
1.50831
0.849521
0.679903
1.09071
3.40758
1.66136
0.776275
0.628226
0.776403
2.01239
1.92328
2.37215
0.154733
0.614974
1.45288
2.22668
1.97146
0.220648
0.397961
2.1013
0.670817
0.968955
0.422899
0.710337
2.05193
1.04666
1.1891
0.515768
1.4803
3.04487
1.69318
0.776296
3.58503
2.6076
1.16731
2.43114
0.718848
1.00606
1.55315
1.91696
0.489941
0.819828
1.4581
1.90675
0.35861
1.43419
0.433667
0.980526
1.45782
1.77037
0.821237
1.03659
0.469567
0.777713
0.973885
0.866434
0.392724
0.548186
1.6868
1.43663
1.52263
0.912858
1.90757
1.93021
1.73892
0.880326
1.36949
0.854669
0.437004
0.870501
0.421075
0.313813
4.51278
1.09358
2.2031
1.47139
2.71229
2.4093
0.246598
1.12581
0.569592
0.403662
0.288865
0.563749
1.80746
0.74583
0.652818
2.59864
1.62626
0.644072
1.60042
2.58592
0.561667
2.17829
0.657189
0.991104
1.60496
1.25888
0.618381
2.2308
0.494225
0.467724
0.779159
1.7255
0.695496
1.71073
0.819832
0.357657
0.906882
0.551843
1.84472
0.535935
2.06219
0.781435
0.891631
0.540744
0.511023
0.713994
2.03816
0.798307
2.08778
0.715093
0.516365
0.651879
2.16894
1.24213
0.297984
3.36083
1.61466
0.612823
3.55262
0.80802
2.2872
1.67138
1.60458
1.27716
1.11207
0.988663
1.94013
0.993737
1.66968
1.71014
1.46794
0.719405
1.0413
0.76134
0.793979
0.902397
0.978578
0.85649
0.260647
0.546816
2.79651
0.559814
2.59735
1.06696
0.935226
0.424059
1.05549
0.208975
0.416397
2.17725
0.885226
0.461317
1.17097
2.14618
0.907357
1.10322
0.697767
0.403392
1.03004
0.30889
1.99961
0.306407
0.843011
1.22743
1.76915
1.00565
0.417547
1.97856
2.16705
0.436767
1.3535
1.00884
0.498822
2.96963
1.60294
0.761626
1.07914
2.46835
0.60353
0.574594
2.58113
2.34241
0.544137
1.21311
0.267004
3.36951
1.86539
2.67838
0.407167
2.78958
1.22377
0.449217
0.997811
2.82447
5.27229
1.83781
0.623654
0.492485
0.438077
1.28053
2.46483
0.582418
0.3874
0.558088
3.08548
1.11522
1.18872
1.44605
0.794767
0.754855
0.599167
0.529793
0.578411
1.12707
0.343763
0.896475
0.363298
0.854648
0.659938
0.777504
2.05969
0.365482
1.20686
4.82276
0.426446
1.85889
0.338193
0.955052
0.554665
0.910151
0.535962
3.1666
0.675076
0.719924
1.96742
0.419473
0.586757
1.5181
1.38776
2.02638
0.895816
1.16557
1.43632
0.389072
4.21135
0.519105
0.892828
2.99772
0.626146
2.9528
0.444974
2.05207
0.954668
0.238639
0.707614
2.15036
1.45191
0.511793
1.13739
1.12182
1.52358
0.375851
2.13539
0.291185
1.26053
0.95622
1.42027
4.04329
1.8954
2.63102
1.85117
2.16689
0.864766
1.66019
3.41826
1.35202
0.641594
2.91773
0.454483
0.5084
1.2749
1.06522
1.85833
1.21187
1.23554
0.247153
0.751202
1.22384
1.77126
0.265804
1.36855
0.635532
0.32072
2.59639
1.22386
0.300828
0.991494
0.820054
1.60843
1.34596
1.24207
0.910662
0.96363
0.655416
1.10898
1.88453
1.41233
1.05037
0.428877
1.45469
1.14854
0.338346
0.552278
0.489652
1.43803
0.531397
0.581996
0.310476
1.07959
1.60663
0.80002
1.31112
1.39609
0.769552
1.82039
0.448138
1.68904
0.628333
1.21498
0.351953
0.58623
3.17832
0.704046
0.514686
0.432396
1.36538
2.42422
2.62494
1.67824
0.51917
1.20444
1.38216
3.20341
0.392158
0.416419
3.66753
0.896621
1.11324
1.1194
0.435794
1.14715
4.1342
1.10006
0.776422
1.5778
0.859731
2.97693
2.70284
0.246946
2.44875
0.783121
1.39852
0.399765
1.36899
1.85531
1.05291
0.43268
1.02658
1.46248
1.43229
0.367803
0.453829
0.630012
3.25784
0.732954
0.73059
1.39217
0.77653
1.6818
1.88664
1.36847
0.805339
1.28203
0.567475
1.90185
0.985005
2.65342
1.12218
1.34908
0.878874
2.19903
2.0425
0.423162
3.76728
0.534447
0.457063
0.368343
0.355577
1.00984
0.586885
0.964784
1.50355
2.01648
1.26839
0.410043
0.387997
1.3493
1.09906
0.948251
0.791726
1.39702
0.438065
1.985
3.31841
1.54577
0.680153
0.716113
1.10321
2.308
2.02158
1.64144
0.872626
0.508628
2.17754
0.586059
0.722055
0.474551
0.801469
1.51071
1.84107
1.98518
3.04156
0.779652
0.747023
0.816891
1.06715
0.350828
0.873707
0.560629
5.62375
2.518
0.359333
1.73482
0.328548
0.928603
1.31123
2.05648
0.551242
0.964057
0.924097
0.911819
1.58372
3.57962
0.417474
0.872754
2.68099
2.10057
0.372253
0.530746
3.15571
1.32445
1.95865
1.65235
0.51615
1.58472
0.645315
0.900654
0.796634
0.262335
1.23424
3.5415
1.79657
3.12234
1.8154
3.04833
1.02036
0.517028
1.15916
1.67549
1.17397
1.40428
0.3948
2.94892
2.06768
1.54642
1.0168
2.37887
0.499805
1.85713
0.589434
1.37361
0.657722
1.2103
0.664223
0.483944
3.83952
0.444006
0.820603
2.81573
1.19704
0.999962
0.506265
0.853302
0.563079
0.416615
4.39016
0.554273
1.32277
0.462515
0.655968
9.50229
1.57871
0.938783
0.665067
0.254643
1.47091
0.506379
1.97543
0.753171
1.52652
0.720157
0.140633
1.71535
1.01179
0.999398
0.435789
1.93423
2.15898
0.510841
4.17476
1.75393
2.89222
2.29138
0.639216
3.55272
3.41108
1.58118
0.535948
0.597964
0.497778
2.145
5.18945
0.463169
3.5815
1.30833
3.05331
1.00138
0.780112
1.31453
1.50152
0.767703
0.388418
0.592732
3.38809
0.613133
0.68576
1.87237
1.00615
0.708618
0.594366
1.06724
0.457074
0.809157
0.603798
1.31294
0.438701
1.36781
0.39099
0.709014
0.435112
0.559839
1.69815
2.06465
1.33685
1.21201
0.29762
1.0315
0.726865
0.524462
2.57428
3.92982
3.16848
1.3726
0.395949
0.697108
0.747558
1.45543
1.01225
0.733642
1.33907
0.85059
0.671011
0.412721
1.31583
1.32832
1.37943
1.03767
1.58206
0.34366
0.813366
2.7067
0.462638
0.345834
0.345344
0.262113
1.14287
0.62595
2.49983
0.502857
0.506497
3.20662
1.22658
3.3591
1.81647
0.263354
0.845349
1.08821
1.38615
0.745712
2.98184
0.352933
0.739588
1.61116
1.08893
1.24187
1.12696
0.222777
0.351046
0.536754
0.958426
5.50977
1.01087
1.07625
1.36139
1.61824
0.617819
0.299479
0.570598
0.826037
2.09999
2.7383
0.699832
2.07043
1.65532
0.309449
1.02165
0.675766
1.52416
0.665594
0.774943
1.66099
0.507284
1.68006
1.45434
0.860205
0.337652
3.25724
1.284
2.49288
0.5114
2.84948
0.94617
0.983026
0.90237
1.76803
0.217702
0.802173
0.389245
0.386635
0.915514
0.995078
1.13804
1.4742
1.49572
0.999228
0.776711
1.17653
0.208118
0.649033
2.13664
1.23184
1.00041
2.89529
1.2957
0.246672
0.790968
0.888311
1.95183
1.83947
0.282816
0.654597
1.22391
0.426058
0.312916
2.36537
0.68321
0.664451
0.611214
0.659884
0.698781
0.51333
0.748715
3.60531
1.74697
0.715408
0.56681
7.29235
1.19586
0.315606
0.509867
0.808268
0.992306
6.44165
0.317691
1.70516
0.288117
3.89296
1.04504
0.910649
0.785033
0.519453
3.8851
1.67997
0.301938
1.48121
3.00086
1.8434
0.559242
0.392835
0.460057
1.11118
1.24592
1.18619
0.595633
0.829031
0.918103
2.79802
1.46349
0.370946
0.634834
1.49091
0.531466
1.29403
0.308958
1.42575
0.75213
2.63239
0.898961
0.716575
1.69373
1.88476
1.14477
0.637254
0.466318
3.85962
3.62901
0.339256
0.855174
0.992084
1.38304
2.18532
0.435935
1.75211
1.94858
2.38103
1.46656
0.471491
0.366256
0.667662
0.411198
1.4448
0.980116
1.92152
1.83003
0.636925
1.55307
0.44947
2.08331
0.741531
0.507466
0.824563
0.960063
1.39328
0.339968
1.2092
0.908435
0.38804
1.88757
0.587614
0.47953
2.87532
0.608301
1.04535
2.68347
0.536433
0.52154
0.903574
1.29905
0.573717
1.60426
2.62298
0.865688
1.30278
0.912268
4.59634
0.539601
0.747662
1.74435
0.536253
1.3747
1.14909
1.79268
0.600128
1.21012
1.12832
1.01788
3.70607
0.263528
2.24322
1.36931
0.405473
1.63235
3.03013
0.994086
0.311377
0.865124
3.38419
1.85428
1.49592
1.07233
0.953894
1.93266
0.660461
0.960803
0.586798
0.361981
1.73358
0.375161
0.444104
1.696
0.350775
0.976575
0.773201
0.379121
1.2423
0.564588
0.423628
1.20176
0.84251
0.708335
2.98592
0.359308
0.774266
0.483977
1.50597
0.353497
0.663973
0.638367
0.457811
1.09079
0.463553
0.132222
0.234524
0.432456
2.0641
0.41171
0.324052
1.56342
2.17439
1.50842
2.72822
0.403099
1.49707
3.19985
0.280484
0.954612
0.390861
1.34315
0.719413
1.11091
2.71514
2.17077
1.07377
0.786494
0.90073
1.44954
0.299243
0.51671
2.06563
1.06883
1.2391
0.638662
0.525564
1.30798
0.755361
0.976884
0.47737
0.666164
1.82392
0.677738
0.456782
0.339129
1.39814
0.849679
1.62682
2.32686
1.20608
0.404859
1.65637
0.644247
0.581266
1.18393
0.312191
1.93985
1.75645
0.39522
0.602325
2.06976
2.20176
0.417419
0.456173
0.585623
2.20779
0.572395
3.9069
3.08044
0.824801
1.14489
1.64043
0.632258
1.55769
0.396955
1.17599
1.98459
0.333442
0.505695
2.9457
0.415218
1.22176
0.875937
0.506732
0.487873
0.395879
0.505236
1.41426
1.76279
1.24378
0.493016
2.11891
0.508954
1.07069
2.07685
1.96294
0.794375
0.623277
1.18212
2.85265
0.61391
0.391463
1.50424
1.18966
0.965691
3.06176
0.80574
0.7674
0.718937
1.61805
1.38668
0.853447
0.523667
0.663651
1.16607
2.15774
0.807229
0.688544
0.624713
1.33837
0.369993
0.428182
1.23605
1.15192
3.36856
0.580085
0.832224
0.511212
0.906925
3.51771
1.33884
0.528111
3.43187
0.320194
0.618008
0.83024
3.00887
3.24317
2.54669
1.81934
0.443929
2.44226
0.517795
0.81947
1.8021
0.454261
0.740944
2.93772
1.39222
0.588932
3.40994
1.74579
0.531979
1.6282
1.38908
0.222438
1.18487
1.18345
3.67327
0.475096
1.33809
0.810989
1.04796
1.08955
0.755745
4.07957
0.970899
0.5177
0.684999
0.758142
1.64139
3.04754
1.91096
0.691856
1.00807
1.13259
0.806741
0.358049
1.22053
1.17291
1.69856
1.88214
0.294773
1.50045
1.77188
0.557232
1.03344
1.08664
0.658444
0.581821
0.869128
1.92827
2.72559
1.78175
0.19581
0.404586
1.0899
0.736292
0.64561
0.36419
1.09905
1.71363
0.791682
0.896575
0.672188
2.2172
0.227307
1.92009
2.77972
0.651932
5.51789
0.889381
0.930949
0.443053
2.01935
0.663096
0.733276
1.69518
0.508105
0.413817
0.524568
1.65412
2.91093
0.647089
1.16746
0.400847
0.316276
0.917494
2.30278
0.709933
0.70208
1.77011
2.31552
2.38814
0.383655
2.36455
0.729364
0.645609
1.36251
0.520126
2.14573
1.78803
0.892894
0.397848
2.58766
1.99684
0.895716
0.58492
0.373369
0.805416
1.01786
0.178843
1.74142
1.05295
0.529856
1.59968
2.74536
0.957612
1.20959
2.73147
0.401856
0.194563
2.89019
2.19934
1.35107
2.88015
0.579642
0.2404
1.14279
0.679612
1.41402
1.60737
1.71365
0.298722
5.65136
0.360528
0.806612
1.05233
1.41468
1.68408
0.943249
2.23511
1.53528
2.53085
2.58815
1.29645
1.76797
0.767866
1.86246
2.11507
0.797368
0.330862
0.456035
1.19289
1.49598
0.667889
0.810519
0.361435
0.994144
1.97952
0.424083
0.345256
0.527369
0.670489
3.2787
2.50874
1.75365
0.315018
0.662249
1.64535
1.07903
1.07255
1.2886
2.04162
0.398944
0.832207
0.623131
0.858214
0.425068
0.862907
0.409161
3.51625
1.79683
0.492017
2.83617
0.530561
1.33873
0.877201
2.00424
0.365138
1.49221
2.33813
0.713066
0.625249
0.225413
0.517657
0.806187
0.923829
1.77546
1.36305
2.98385
2.53002
0.255757
1.09894
0.41825
0.648557
1.0239
0.472469
1.6008
0.372654
0.397476
1.87016
1.7661
1.81171
1.20657
2.34547
0.672021
3.73982
0.54462
0.45073
0.694112
1.72139
2.8342
0.297562
0.27432
3.58594
1.80957
0.523082
2.00762
0.928814
1.31048
0.707511
1.45099
0.356243
1.11748
1.14314
1.76972
2.95588
0.61478
1.85662
0.272116
0.452662
0.679153
1.21224
2.43723
0.630229
0.489779
1.75608
2.03041
0.465595
0.596727
1.9561
0.373755
1.06133
0.605044
0.840826
1.86876
1.55448
3.10099
0.287766
1.70896
1.60509
1.95427
1.0041
1.84651
2.42743
5.71691
6.82421
0.333228
0.387647
0.637732
1.87041
0.516228
5.82236
2.32065
0.922363
1.73365
0.99157
2.75569
4.30056
1.10172
1.76321
0.505717
1.84777
2.02442
4.36578
1.39622
0.51958
2.65855
0.257109
0.373177
2.15704
1.4955
1.9277
1.07844
2.84222
0.74628
2.77855
0.406176
0.712156
1.08356
0.586507
0.336688
0.860183
1.185
0.792771
0.830266
1.07426
0.496522
1.07061
1.42906
1.59793
0.792757
1.99691
0.428412
0.560788
1.62114
0.837929
0.435323
0.501786
0.482934
2.33958
1.8378
1.34633
1.0837
0.460347
0.74831
1.08682
0.824342
0.810195
0.269022
0.949758
0.508966
0.862097
2.89755
1.66063
1.0321
1.39262
0.290117
1.56683
0.465609
1.63763
1.63788
1.66081
1.93177
1.56114
0.563592
0.994171
0.619395
0.915771
0.868928
0.219941
1.36378
0.385306
0.252714
0.534187
0.846746
0.848129
0.210037
0.723748
1.33388
2.63551
0.348817
0.434217
2.18274
1.3076
0.75192
2.73064
1.90563
0.498444
0.340044
0.53035
0.498754
0.989262
0.324872
0.138383
0.341151
1.01731
1.81271
3.19918
0.793954
0.40219
1.03524
2.04431
0.646644
0.51578
1.08168
0.559907
0.561004
1.46507
1.54475
0.282084
1.03717
1.56557
0.885673
1.0313
1.5828
2.12688
2.32074
2.18677
0.816052
0.581544
0.862559
1.47091
1.0814
0.790106
2.07715
0.734576
0.454335
1.064
2.06973
1.23114
1.23053
1.77153
1.44659
0.413194
0.954639
2.85442
1.91263
1.95119
1.09483
0.875825
0.317626
1.36823
0.990581
0.495569
0.790725
2.39854
0.883593
0.584177
0.382403
2.1264
2.57818
0.636967
1.05753
1.90909
3.63662
0.769143
1.63812
0.378923
1.86338
2.00636
2.14042
1.63025
2.8255
0.873748
0.431478
0.514243
1.35229
1.33593
0.301257
0.449355
0.473422
1.85865
1.89905
2.3747
0.315729
4.28274
1.19251
0.790714
1.0874
1.57965
1.20046
4.33418
0.689071
0.58817
0.563004
2.63906
0.242481
0.375243
0.966612
1.88554
1.15501
1.20748
1.7569
0.665266
0.556857
0.796133
0.925711
1.22122
0.836476
1.04333
3.8698
1.01716
0.270039
0.6259
1.15321
0.904885
0.381115
0.831323
2.33758
1.59183
3.13541
0.484435
1.21354
0.385525
0.354315
2.70498
0.683943
0.754105
1.50935
1.07314
0.491505
0.839167
0.486886
2.29043
2.09633
2.06471
0.5168
2.36154
1.24276
0.362601
3.06574
0.604131
0.624752
0.428642
0.823125
1.30228
0.355003
0.624221
0.994473
1.87623
0.626006
0.451068
3.97732
0.230335
0.34806
0.781937
0.620029
0.892313
0.454808
0.660382
1.80233
0.818046
1.04531
1.9383
2.1453
1.6682
0.896879
1.32149
0.507109
2.64289
1.34302
1.11074
0.713085
1.01966
0.895134
0.99942
1.60382
1.44174
1.85491
1.48677
0.947616
2.96871
1.98668
3.66652
0.477809
0.584905
1.61979
0.931989
1.77289
0.316158
1.12111
5.69172
2.10536
2.43928
0.492363
0.100701
0.344611
0.455496
1.21307
1.05821
0.507984
0.233945
1.65847
1.52483
1.33914
0.673323
2.68302
1.34372
2.04712
0.318817
0.366048
0.223678
0.448728
0.798151
1.32544
4.69861
0.532454
0.988389
0.657997
2.14169
0.268618
1.13425
