1.02105
2.88515
0.643882
3.07443
1.78603
0.919286
22.6205
3.75303
1.06842
4.50788
0.990271
2.1328
4.53821
8.45715
4.75615
2.81278
7.88461
3.14218
13.2866
2.40573
4.92881
1.67065
4.84241
2.52242
9.36326
9.76115
1.04005
7.22201
12.0461
2.97739
0.561862
11.5833
22.479
2.51924
7.44603
0.277886
0.304214
1.61254
2.4362
3.01327
19.5335
1.81011
3.73114
12.5195
1.22278
13.7947
11.1718
7.092
0.649454
1.95381
3.17912
1.03253
9.70456
3.63759
0.0847256
8.8193
0.0868468
13.9121
1.10476
1.65346
0.42981
0.465192
12.0541
0.718838
5.30602
5.06392
3.33835
0.614735
1.24627
7.48323
8.38146
2.56282
2.48542
0.360384
2.39627
7.42439
2.73138
3.08515
3.15966
4.17468
4.3297
4.43074
12.8201
3.33449
2.55583
11.7013
8.22654
5.67954
1.1952
1.30253
0.537142
2.4276
5.47087
8.90362
0.632583
15.0709
0.667453
1.9624
0.808088
0.34835
12.1287
9.95677
4.06844
1.5162
3.44777
0.69738
1.7677
7.95867
0.359719
2.57668
8.34912
0.799445
1.42464
2.80129
3.9233
0.75215
1.59238
2.8182
6.57148
0.376547
0.838507
0.0522557
0.423678
1.46833
25.0488
4.25515
0.903947
4.57858
0.549711
0.620658
7.66326
2.11016
2.66003
0.138072
2.80593
9.99669
10.2323
2.69829
33.5484
4.09375
6.68681
0.141963
4.29471
2.86039
8.18445
6.46635
0.649061
0.48301
8.26465
4.04577
3.78902
4.10643
0.447466
17.8918
5.14645
3.00854
6.93054
0.468156
1.6068
1.06196
1.24228
9.43917
5.08561
31.7759
0.365496
5.91093
3.37204
0.961087
5.63014
31.8043
2.20151
0.303102
1.79476
14.9923
6.81591
0.39788
0.9041
1.40079
12.0274
2.55678
0.278642
1.34648
2.22372
0.443636
10.519
27.9851
3.17658
1.54199
1.0964
11.8918
0.592396
1.07217
1.86562
9.55875
16.3282
0.607675
0.484758
1.1955
1.90793
21.1333
2.21617
2.5543
0.635166
0.288461
0.575132
4.13271
0.466174
2.2158
0.801336
1.05932
5.39984
0.851346
13.3057
7.73348
6.42079
2.08275
24.2538
5.00335
3.05812
1.57376
5.39381
0.643108
1.08334
0.106805
2.80031
3.95377
15.2541
4.15814
1.73906
5.95164
11.256
0.274273
1.59888
0.705508
2.74289
1.44821
0.28574
4.9696
15.605
13.27
0.163228
0.0881747
3.27901
0.728412
0.948972
0.576419
0.477791
0.54773
0.280688
0.858873
0.618867
0.232036
1.04259
1.50517
23.8014
26.0164
1.3145
4.62017
12.8581
0.0983746
0.665722
1.22794
0.307839
8.35612
0.220412
7.57589
14.6374
20.601
0.272185
2.21842
9.02019
10.8608
10.5728
0.270203
1.24145
2.48415
1.68915
4.64057
0.666391
8.22735
1.27083
1.19046
8.5047
0.127407
4.44144
0.422965
9.33906
8.38392
2.12711
8.64399
3.74334
0.762333
3.48144
0.857004
3.13062
0.0949933
1.12545
0.370215
11.8427
3.21851
0.605431
11.1761
1.24663
3.1332
0.725585
0.615908
36.3699
0.689664
4.72608
36.2207
0.505973
1.31047
0.274946
8.39201
1.78666
0.274831
1.07394
2.12359
3.831
6.56584
6.99822
1.01558
0.635905
9.49718
2.74778
13.5869
0.165272
8.89579
0.462843
10.5109
1.6474
5.92605
21.9011
28.8999
7.77275
7.91023
13.0052
6.54679
9.16721
0.157003
10.0457
3.33677
13.1812
2.20033
13.3494
0.90158
4.63709
0.552822
0.637312
9.95388
0.816131
0.491853
6.68239
1.96358
8.61904
8.654
1.83218
14.5714
7.66616
24.128
9.5807
0.330328
0.921685
1.50862
4.38138
1.23227
1.75975
2.92203
1.44632
0.58798
0.359954
1.60212
2.16973
3.98188
0.14395
0.871624
3.529
0.180652
0.932182
0.308887
0.153966
8.64738
2.53528
7.33926
0.619877
2.32354
0.491071
0.952045
2.59469
3.72929
19.7638
0.820122
0.523002
0.742611
0.458343
1.26289
2.66943
0.361681
0.128697
9.76924
7.29845
0.169637
27.2547
0.939787
1.43841
37.4188
1.18242
5.65426
1.62821
3.17182
1.21133
13.3276
7.51925
1.43439
6.64402
2.11175
2.94415
3.03729
7.38568
11.2281
0.213619
0.907185
0.23113
0.965073
12.2684
1.53034
2.22726
13.329
3.61471
3.65946
2.86788
1.5491
11.5618
0.355373
2.80682
4.95425
1.13083
4.96806
0.894007
0.63383
1.76582
4.55767
1.06978
1.78952
14.8409
3.59102
12.3149
2.90351
7.81549
1.49823
5.66117
1.94853
2.54616
19.0221
15.1946
4.96983
3.1204
2.07611
3.14199
2.73503
7.34945
1.16679
11.245
10.0772
2.55527
0.488291
5.36331
0.17565
15.0485
3.15887
12.6373
2.8253
0.680088
0.447148
0.738853
0.373548
1.59132
36.0037
9.67221
13.0163
10.5389
0.565229
1.62069
1.09717
2.88985
1.46755
1.71351
0.42093
0.439926
2.24923
2.53855
3.41351
12.2752
4.38787
0.203959
4.90472
13.2561
0.108191
15.9644
0.59796
0.682619
0.658209
1.01443
3.5045
0.564527
5.19413
1.42653
1.12058
8.27073
0.489571
0.364587
16.2645
22.1431
13.9849
7.59675
0.608868
2.46822
3.08814
7.01991
8.73945
1.85735
6.22005
1.35849
0.211252
1.26693
11.1176
0.186834
29.5072
0.674346
0.0865934
8.14723
0.365323
9.20878
3.41419
7.60881
0.722676
0.629969
19.2544
1.51053
1.91013
0.517142
8.37801
27.8767
13.8348
1.40468
2.50515
0.163787
0.210054
15.5726
0.638833
2.04485
0.68585
12.145
1.40493
1.63176
0.242854
1.24736
3.39094
0.183449
1.25272
11.6707
2.33437
8.79313
24.3283
0.607458
1.92692
0.114714
3.85103
9.80122
0.86129
5.71188
1.91138
0.836178
2.30472
0.346389
7.83942
2.48641
3.34063
0.253761
0.31527
0.383226
7.66907
2.94632
13.7002
0.629189
0.410522
1.96998
1.3779
1.13022
2.22058
0.0280595
14.8298
1.69893
1.42475
1.34923
3.85201
2.80688
0.168552
11.0585
0.487204
0.462017
38.4735
2.0095
0.941608
1.03176
1.10655
17.8083
1.44115
1.84372
9.20438
36.6435
9.72031
5.84248
34.6442
22.5475
0.343966
12.0595
0.219147
9.19907
4.85552
1.68236
7.29797
5.9079
9.95613
0.650363
3.15823
0.194376
5.06829
1.39856
2.94194
17.6798
0.94693
6.7261
1.03227
1.59031
21.4985
3.2461
1.01763
1.08897
1.18116
15.0793
1.10127
10.5959
1.38984
20.0852
9.06194
27.3118
2.31965
3.15943
2.67735
1.91103
7.48949
19.4765
0.426492
1.038
0.816914
0.313368
21.7187
0.376542
4.60057
2.9415
0.484407
1.02199
0.57004
1.51195
1.52465
0.349103
17.39
2.51086
0.703577
2.29319
15.6471
0.113782
21.1437
12.61
8.71252
1.63107
1.42322
0.853598
1.36788
5.23696
4.33292
2.04901
7.25431
11.3605
4.74089
0.743343
0.161053
15.5977
3.02878
18.7682
1.10128
4.67244
13.4263
0.47676
7.21525
15.0152
1.86253
4.76512
7.93979
1.08374
0.454875
0.507095
0.204222
0.27772
1.75293
1.31951
2.38422
0.454419
0.555702
2.23636
0.485745
11.7896
8.51856
2.37265
10.7492
0.942228
3.59388
25.5569
0.52155
2.43552
5.97753
3.81395
0.498593
0.21459
7.38567
0.617473
0.532202
6.39952
1.84725
1.11053
21.3206
1.25215
3.59045
1.55236
32.906
8.02054
2.6558
22.214
2.2142
7.39148
1.45906
0.894584
0.861532
38.3389
8.74781
6.34027
0.824628
3.58479
8.67317
1.07735
0.241605
3.24156
0.789723
0.23145
0.283422
1.39801
1.01137
3.03529
0.274364
12.7827
8.9234
2.98939
1.18746
0.610389
0.953169
0.966217
0.437212
0.90608
0.406272
1.77181
0.210325
1.62327
5.5948
1.05379
1.35205
0.454793
1.84196
1.42049
0.29473
0.260774
7.24413
2.95256
0.384574
2.01946
1.86132
7.06237
12.7641
10.5533
18.2911
0.835467
7.84425
1.04444
4.1598
8.58015
3.86643
1.12243
3.80537
13.1549
8.27546
12.6606
2.75166
0.392926
8.13908
1.8019
3.73529
2.4807
18.0872
1.97772
1.85043
14.5803
11.7731
0.73639
13.7631
3.93237
6.16596
3.15826
4.06427
18.9075
6.2022
0.749441
1.35033
1.79461
6.81909
0.655446
8.44152
9.9552
12.0298
4.01937
1.96661
0.174823
0.188552
0.527236
6.39417
1.09687
4.96012
21.5193
6.17709
16.3053
4.33026
1.54425
0.731119
1.70838
14.7062
0.494159
3.5083
4.69699
0.358499
19.5412
8.38629
8.13273
4.87769
0.672008
0.811915
3.31657
1.37523
2.70177
2.06324
2.01345
3.47282
15.7654
0.389273
16.1383
3.40843
5.37353
2.06481
5.3601
2.96102
3.2621
1.41538
9.24508
4.41774
3.65683
1.34162
11.7314
7.17878
30.9421
0.134613
0.760235
11.0793
21.9016
3.42148
0.588796
2.01377
20.1709
6.63409
11.7824
14.3744
0.369344
6.085
0.444748
6.51656
2.194
5.36465
0.59059
16.788
1.02688
0.879521
2.25484
5.44134
28.0821
0.314487
0.402759
4.36736
11.1131
2.42385
0.643899
5.34656
11.2259
5.06037
0.245836
0.741385
0.359298
3.04062
3.09783
0.913689
0.279341
13.9286
1.79571
3.49635
1.32497
0.896942
34.837
0.129609
2.9739
0.929589
4.3189
3.26213
1.45948
7.46989
1.00927
0.587982
0.707022
4.795
3.94767
2.16819
17.1102
11.8317
0.165178
5.57788
20.4269
0.279171
0.35936
10.2605
0.812608
2.59124
0.983062
1.60128
29.755
2.61348
0.694504
5.71112
0.667041
0.78817
0.680441
0.490461
1.79846
0.748208
0.510747
13.3085
0.540697
8.27598
1.72907
0.164162
4.43787
2.25732
0.672491
0.513752
6.91561
14.3087
16.0565
17.718
1.53446
5.41117
19.6557
1.22671
18.559
4.34126
12.1058
1.34602
0.223328
3.19902
0.305757
1.45714
3.86444
4.70545
0.416336
0.700355
9.62901
1.45832
1.238
1.72975
0.865462
0.533401
0.377772
2.06145
0.910855
8.04062
0.805602
26.2827
19.9406
1.78392
1.4779
7.34756
16.2392
20.9663
3.74108
1.28849
9.58281
0.551725
13.0742
1.26354
1.92163
10.0954
7.15794
2.63895
5.13862
2.06174
0.308256
1.73268
2.24022
16.8243
0.358793
1.95731
2.09869
19.6296
5.63401
8.51746
9.13751
10.1011
3.68055
1.49628
0.865871
0.341877
7.49942
0.0967425
0.16217
5.71028
0.950447
0.452603
0.859448
1.58441
7.02366
30.4462
1.9778
12.5786
0.189698
8.31392
1.95071
9.92014
4.51246
0.890603
5.60212
8.21548
14.1131
1.80449
1.17844
1.77208
0.238602
2.28794
4.661
10.085
0.581077
0.552883
2.42021
11.9646
3.54383
1.01094
0.826091
4.22665
0.17039
0.140114
9.78478
4.83248
0.697548
18.8765
0.97904
0.986289
0.389303
9.4704
1.0802
1.45776
1.45914
11.6561
0.840819
4.64701
9.31352
0.561697
0.571342
3.10566
1.04733
0.483343
16.492
1.81727
0.964003
30.2896
0.63572
7.91615
0.105155
2.2724
10.8091
6.58944
0.143083
1.80171
4.16448
3.90362
20.6381
5.63492
1.54319
1.77333
8.00869
11.3041
2.18436
30.2139
0.273705
7.84014
14.9589
0.905403
8.10937
1.5768
2.30914
10.8698
7.92319
2.19943
0.55359
8.52586
1.50275
1.49725
7.22237
18.8826
0.668848
1.35559
4.16174
0.761069
1.22306
11.2084
0.384313
0.932545
9.68272
10.3596
3.68477
1.3091
0.76191
0.95373
8.03559
2.05209
1.47146
0.277661
0.457289
3.37435
2.89254
5.13787
4.63673
1.08525
1.76077
15.5477
7.26205
1.23227
3.26028
11.5694
21.6079
25.6101
0.71889
0.639606
16.6119
0.534438
14.7197
0.974028
6.0775
11.6405
2.80055
2.14835
5.93229
3.42263
3.73133
2.26888
3.11188
1.33775
2.147
0.293419
0.097008
9.13155
1.66795
0.677312
19.3969
2.49904
3.19421
10.3756
0.821296
1.0122
6.84962
5.34193
14.0388
1.72818
0.438647
2.22087
16.2285
2.5935
17.1975
0.575213
2.66624
11.654
2.85071
2.07321
15.3626
0.176669
3.17888
0.302869
0.496952
0.611922
0.439535
1.76435
3.43568
1.1443
0.626374
6.12893
0.455248
0.260245
10.1506
1.26335
0.363715
1.25615
5.95264
1.56863
1.84405
0.44816
6.52632
1.48422
2.54797
0.482332
0.592709
10.1225
7.44592
0.0799831
2.6247
2.91191
2.7064
6.01907
0.658378
36.7274
39.8302
3.74958
1.57986
0.588148
1.83447
1.74822
9.34769
0.300224
2.02343
14.7388
2.55809
0.342676
0.750995
7.88441
0.48079
0.229311
1.31732
0.813657
1.56615
2.32956
0.518347
1.19491
2.45957
0.191117
11.8482
13.4345
11.5497
8.1871
7.46764
7.78256
0.149017
0.356454
0.375094
9.44943
4.17091
1.67954
5.06416
17.8794
1.66808
0.600173
18.4865
3.40264
5.18284
2.14519
2.61649
0.0687342
1.39851
22.1134
0.81176
0.999782
0.593507
1.86902
0.52092
1.21323
1.39307
2.85099
6.30296
0.307785
2.55594
4.54226
2.56737
11.4403
0.688429
14.3558
2.10584
0.4146
2.17149
0.594912
0.42396
2.79054
16.359
0.770386
0.510536
0.545198
0.199717
1.40798
4.58848
0.825245
2.10757
6.74061
11.5203
1.87278
4.24905
5.88065
1.02739
0.736479
0.732531
0.314011
2.20159
0.465956
0.611334
7.85457
20.4877
1.22747
1.60083
3.35779
3.5184
1.47579
2.86892
0.24682
0.822694
13.4674
12.3984
0.444285
1.15054
0.399111
2.38916
0.421558
3.2021
0.187653
7.34989
0.591816
3.52726
0.813016
7.0113
4.83448
9.45063
1.10333
1.43939
2.84628
5.84822
3.29325
5.40485
0.358134
5.01894
0.907952
9.2374
0.166496
6.78505
0.266795
0.674554
3.89162
0.461921
1.6372
9.63424
0.596443
4.93262
8.69254
0.83459
0.649213
3.85807
4.16917
4.39388
3.68789
7.45381
2.18802
6.90935
5.00023
0.760916
1.3394
0.76677
0.591358
1.14622
11.43
0.73388
7.67848
1.50595
22.3069
0.0400619
2.77408
0.695745
0.944392
7.47716
0.634677
1.79881
7.89281
0.309938
3.34356
1.64026
2.10544
0.757788
48.4446
4.09605
0.0681764
2.42455
0.376379
27.6714
8.19706
0.992281
7.59514
1.82834
0.125506
18.9355
5.75321
3.27126
0.777873
2.19307
28.7791
0.318341
0.130838
10.4672
0.24657
0.33632
12.814
6.6804
0.518629
5.99895
7.42785
5.49588
0.346342
0.456695
2.25508
0.615546
0.648984
9.12365
3.17041
0.269119
4.87179
2.68416
8.27924
2.67282
1.40247
0.162293
3.14728
0.170971
0.0380546
0.175482
0.996706
0.331836
9.60842
1.61747
1.38688
0.623409
3.08535
1.18849
2.5231
1.37828
1.82538
0.531357
2.0316
45.3514
5.75122
2.49344
1.93867
2.40663
6.60636
1.36133
6.99161
0.476485
0.657256
7.52517
1.66087
1.12116
44.6874
5.1555
1.37034
1.4679
1.19913
28.267
3.16093
6.37213
6.74276
0.591223
2.22668
15.4907
1.66008
14.0657
1.7224
0.442242
3.88864
1.25067
0.18077
4.83342
1.53012
17.3448
0.118482
4.98867
0.772211
0.325765
1.28952
0.73027
0.433808
0.461649
1.55218
8.43481
0.17771
3.22862
22.23
4.22492
0.24221
1.63019
0.169987
0.246658
1.58406
3.72447
0.910348
1.30786
8.84415
0.702667
2.06732
0.74276
0.0635225
16.4416
0.386605
3.66612
0.450632
0.205667
1.22755
1.50887
0.82872
3.44816
0.304177
24.4735
1.47031
0.0392464
1.54485
0.197273
4.55472
7.42969
0.955186
0.267936
2.5065
0.339155
5.17606
9.60104
36.982
11.2852
32.1414
10.5443
1.19174
6.77105
7.08342
7.04993
2.14133
1.02348
4.30324
33.8974
0.276144
0.653885
0.992345
10.4132
7.4251
2.69789
1.04244
0.458001
1.82063
0.443693
8.83606
0.442752
12.2887
2.13438
1.30723
22.0862
2.20174
3.77658
1.17751
0.921013
7.03095
22.7698
1.6731
1.04251
7.61065
5.88618
8.44277
14.2387
1.50013
1.12442
26.2954
0.521149
0.463703
0.634689
12.451
1.28726
6.01086
0.992579
1.88094
0.684325
1.24616
8.82151
0.118582
19.9323
0.472964
27.4017
22.538
19.472
0.894269
1.86741
13.6671
0.297891
7.4209
0.262084
1.19325
4.21626
0.939941
0.361922
6.2853
4.06165
0.258439
0.273539
7.647
0.358705
1.15817
2.61465
2.53402
16.9718
2.74201
0.0910437
1.77233
0.963427
1.46509
26.9351
0.313842
18.7405
0.5516
20.1434
0.237638
1.41809
0.928553
5.94525
1.68858
10.2424
14.1509
1.68886
4.00328
3.09776
2.35888
2.41745
2.59182
1.49535
2.95346
1.05947
2.87494
3.73205
0.768749
0.18043
0.618003
1.53898
0.121488
5.52987
1.92896
0.262953
11.1577
0.227326
0.759063
0.0856429
0.412106
2.66561
0.18549
1.08848
3.72291
13.98
1.45493
2.56606
0.468352
1.32181
7.30988
1.76695
14.0562
2.68233
3.16764
1.08532
2.32127
1.56809
4.22194
17.1778
1.28963
13.1762
1.85532
2.02662
0.23518
0.28772
0.0608748
3.54336
2.02195
0.238086
6.72346
4.73042
5.62722
0.614631
6.50047
11.2467
2.15809
2.07052
2.54078
0.333807
0.581226
20.1851
0.125745
6.09906
2.48095
1.56376
3.26423
13.1845
14.7603
0.33312
7.61046
0.913527
0.320053
1.42203
0.314581
0.329924
3.24923
2.37386
0.100483
12.8725
21.8826
0.304542
0.478137
1.26833
9.70329
4.81226
0.759103
15.8019
26.9264
8.32673
3.64635
0.984737
1.232
0.256907
5.60588
2.19752
2.44639
6.7341
1.69274
7.14449
10.4073
2.07819
5.89283
1.24819
1.35066
1.77417
13.4712
4.91439
1.24593
0.245137
0.128848
1.34059
2.3237
3.58683
3.6948
0.414063
0.319955
3.31106
37.214
6.31636
1.35391
0.579744
0.865172
1.74546
13.6382
0.803304
1.4968
0.584863
13.027
4.20199
0.404706
1.87748
6.22275
0.886059
1.46569
0.491462
0.529894
3.10691
0.291776
0.318033
4.15147
0.500135
0.0862762
0.314035
2.11422
1.18928
10.6882
1.04436
0.258622
0.985898
10.1906
28.3061
1.44597
3.37818
0.550731
2.36485
1.06682
6.46689
1.68713
0.76332
5.86037
6.84692
5.33563
0.837312
3.1218
0.840698
10.4584
6.77869
0.436578
1.63527
17.6783
1.70012
11.3805
4.72272
1.4244
1.76526
0.964638
0.239887
9.27668
2.99694
0.428016
7.89635
1.76067
12.7843
11.4773
0.86602
10.0358
16.3027
22.9801
1.38226
0.980312
9.99271
8.55606
1.06925
17.5479
1.09139
0.879906
8.86689
0.813055
10.6214
7.20581
0.79664
0.410607
1.25142
4.80616
1.92379
0.858702
0.365147
7.17424
2.51803
0.679397
3.79458
2.47605
0.927142
0.632496
0.0777781
20.8664
10.0832
2.41098
1.07731
1.54015
0.810149
4.70326
1.15091
0.525409
1.8719
2.47432
2.03041
4.20776
1.39564
0.767028
13.4849
2.66218
2.68573
1.4303
0.775862
7.09725
1.03661
1.39519
0.789826
3.8115
0.438929
5.14357
1.65583
0.588292
0.418565
5.36592
0.43263
12.2046
1.157
0.500414
1.76641
20.483
11.6661
0.60809
4.19637
0.539722
23.1276
0.487196
11.3721
1.55803
1.14514
8.35024
0.322034
16.8949
0.908105
3.09569
0.622916
14.7324
0.949428
1.24553
0.968802
0.707605
3.95448
5.0106
2.22522
3.85653
3.07887
3.12372
1.04386
0.351715
0.338352
0.714573
21.9303
1.84584
3.40559
1.47071
0.296532
0.737553
0.372482
19.8944
0.462233
6.72496
0.357493
8.43082
5.51531
0.652716
1.31228
2.23998
10.9437
1.31156
0.935995
0.52648
1.59536
1.55566
26.5362
0.238738
11.7826
0.67468
0.773854
21.282
7.64431
7.87407
0.468025
0.384857
6.49609
0.671561
3.36877
7.86947
3.39587
1.48447
2.48298
12.259
0.116169
0.936459
2.20682
11.4355
0.777958
0.299272
4.69318
2.28255
0.241418
1.69712
4.29142
1.8655
0.670927
4.03289
0.380986
3.24422
2.60926
3.92872
2.86965
11.1059
0.684365
6.94216
1.16767
4.06389
4.41701
24.5825
0.369915
2.92409
0.516884
7.56547
1.53083
2.77977
3.30451
1.68993
21.7959
4.68935
1.32961
11.1157
1.7109
0.92931
0.142652
0.897305
0.403779
4.99252
15.9369
1.19733
20.2998
2.24663
4.99517
16.9129
1.99203
2.15723
1.96784
0.798911
6.37768
0.833199
2.22346
2.52911
1.72529
0.658583
2.10695
25.3781
2.32424
0.35141
0.908797
2.02517
1.91503
0.448022
5.26477
1.57085
7.96139
7.95527
0.195378
11.3724
8.36858
1.12651
0.625442
0.699109
5.88991
1.07946
0.323242
0.900924
3.3089
4.53722
0.600882
11.303
1.38802
2.99592
0.644226
0.204365
0.673145
15.374
3.10122
14.6029
0.161451
0.0706262
3.52352
2.33571
20.7816
5.50048
10.7456
3.3393
21.9426
1.11328
0.658949
4.22359
21.4937
9.47937
14.8944
15.7145
3.60906
1.58843
0.33733
38.4996
1.20128
1.17816
1.86374
1.72026
8.54681
0.561106
6.10515
0.693899
1.31317
0.89237
3.06797
0.293811
0.135041
2.17548
1.04999
6.31339
9.19597
2.07757
3.08832
2.68363
4.61005
9.24603
15.1803
0.596763
1.61764
2.30252
0.223374
6.88684
16.4742
13.5962
0.180512
0.243434
4.59531
0.306626
6.64431
5.9555
11.1384
0.301502
0.751492
0.416493
0.59781
0.758257
1.26738
13.4379
16.5741
17.561
4.792
1.71738
0.871422
1.17499
0.973978
1.77398
2.48309
7.2767
25.3167
10.032
11.3715
1.45166
8.09896
6.76894
15.8968
3.15379
18.8554
0.467337
5.76093
0.339604
16.4874
2.65297
0.242235
1.15575
3.42651
30.1331
24.5918
1.37802
7.09286
0.614766
7.95533
0.238139
3.94573
4.06509
21.221
12.4635
1.20936
17.9922
0.932648
3.93082
0.598495
9.31754
13.9941
0.902662
0.235324
1.51544
31.6807
1.40373
0.15268
16.7647
0.645925
1.99419
1.08995
0.501592
0.204803
3.81855
0.976995
1.18373
1.365
5.52753
0.886257
20.8495
13.5089
2.36656
5.93397
0.754241
2.87145
3.28593
1.15969
1.65021
3.3386
27.0573
0.852673
0.0193769
0.278195
5.12007
1.16784
1.39127
0.687258
1.82846
0.162255
2.22325
2.61918
1.32913
4.51311
13.5612
0.846437
0.327915
0.875097
7.78945
5.84346
0.951255
12.1496
24.7225
9.9642
0.267034
1.45317
0.397532
0.615961
0.9546
4.78819
6.96235
1.2667
0.269415
2.24117
4.30112
0.325567
0.469892
14.1664
9.71568
1.26404
11.193
2.07528
20.667
10.3261
23.8094
1.72895
1.07349
16.2332
0.925247
0.634575
0.303184
2.42192
21.8626
10.0453
2.50899
0.396808
13.4954
2.69284
12.8898
1.39295
0.0926916
5.41965
1.49346
2.60312
3.95652
6.21852
0.422597
1.03773
10.0379
10.9797
0.920905
0.605551
10.6057
16.6705
2.25726
1.5823
0.133891
7.6843
0.461389
6.3874
6.96242
0.825583
0.835889
5.27346
3.12276
1.50372
3.08484
3.86678
3.00396
10.9583
4.3972
0.488166
0.861294
0.289847
2.1148
0.697327
1.40813
3.39084
4.38596
20.014
9.11654
1.73164
0.76854
0.809893
2.02531
23.7683
1.45185
0.887804
0.488662
17.8151
0.556576
4.3348
0.255901
0.733983
2.8236
0.753184
4.78545
12.8141
5.6734
13.9753
15.1668
13.5637
2.41903
2.73453
0.605964
12.4063
1.50145
0.624913
0.122042
0.66932
1.19677
0.672587
2.6378
8.21272
7.67879
2.58864
0.725657
1.09333
1.79174
12.3198
0.223903
1.39758
1.93069
21.7389
0.346624
0.119071
7.80858
1.14651
6.04978
0.967108
13.1774
7.69444
15.5742
1.25837
13.8933
13.1958
12.3832
1.27858
0.54889
13.6877
0.370272
0.949967
0.436765
0.577637
1.29279
2.32684
1.39636
3.35404
8.27063
1.24798
1.10076
17.2774
21.2415
1.61355
0.063875
0.344574
3.80351
10.4738
0.86718
0.152701
2.11793
1.82409
3.04841
0.443295
2.52618
0.177761
0.778413
1.85855
0.692886
0.429612
1.39731
0.511353
4.25274
6.80934
8.83364
0.710402
5.09313
9.94653
1.87087
9.09978
0.849833
3.65235
14.4179
2.17394
2.43357
1.90567
1.01231
1.69939
0.935099
16.334
0.377135
1.95978
25.8308
15.1943
9.98157
0.86484
2.19785
0.390444
1.29771
0.753366
2.0841
1.56155
3.40184
0.820953
0.923747
4.98741
0.907504
1.10059
8.01372
0.121612
1.40583
31.7127
2.2194
0.634883
0.350608
0.0516734
6.73134
0.755732
4.64737
3.83584
3.44974
3.28226
1.48037
6.64188
1.30766
13.8873
2.9954
3.77032
0.569073
1.23382
0.656139
0.364291
6.07646
7.80113
21.7281
0.277458
0.496391
8.02158
2.28402
7.32971
0.378265
0.762397
0.0917444
1.28638
0.339529
3.82037
1.17913
12.5551
1.34879
0.905126
2.0189
0.561765
0.304067
1.62043
9.21657
0.711384
0.532751
0.315155
0.62969
15.8055
10.4997
0.697573
6.36919
0.45606
0.633327
6.92394
1.5731
11.0661
2.00682
2.46539
1.18585
29.2738
0.593558
0.85306
21.0904
23.7586
7.29401
0.913187
1.61593
8.78796
6.31187
0.784463
8.46809
2.59745
0.545214
1.68222
5.22981
8.09355
0.232656
8.36752
24.8806
0.459274
11.1173
0.763022
28.5494
2.71353
2.18458
2.17298
1.52582
0.629786
2.57803
8.52811
6.82871
2.22627
0.45186
1.43863
31.2839
0.419289
3.19576
5.61776
1.79988
4.29054
0.231426
17.992
0.723883
0.229077
1.93494
1.03184
0.497315
0.909919
3.25223
1.15281
0.543427
4.35406
6.28931
1.89012
7.27614
0.0493106
0.491316
0.948955
0.760031
1.94213
3.54009
4.84426
26.4273
0.69484
3.83724
1.34241
0.921095
1.15001
18.811
0.258956
0.566236
0.12277
1.16988
0.397732
3.38068
0.846179
3.15788
0.358062
4.00827
2.04512
9.94203
2.43238
4.92759
1.18503
0.866493
0.706488
25.1416
21.7365
1.22998
24.2655
1.21957
1.2364
2.74914
2.21151
0.208295
0.670674
1.09218
0.951415
10.2266
3.89611
1.39406
8.69998
1.22341
2.39726
1.40054
12.5415
54.2663
8.70471
1.92322
6.10259
2.35361
10.0911
1.94022
0.750572
0.416029
4.8094
0.840786
0.0403011
8.22233
0.549315
1.95277
4.44933
0.232981
1.90817
1.789
11.0834
0.46829
3.01023
3.19869
1.1912
0.448656
4.23479
0.466736
0.934724
5.64799
1.03317
0.585011
0.491608
10.7756
2.32664
8.66732
2.76109
12.3298
0.191106
2.61528
0.321777
18.7445
0.324449
2.66499
28.1284
0.0726362
0.147839
1.05589
1.18225
0.460114
7.07214
0.832903
0.380768
1.33363
0.581011
22.8484
0.325702
2.56451
21.3218
1.13845
0.332158
0.82307
7.47451
3.97117
5.10062
1.02712
1.64422
18.4469
18.6562
0.444648
4.5498
0.232791
0.719334
6.0918
0.568207
1.02693
8.50253
0.50451
0.439607
0.0600707
0.428645
2.63809
1.37208
8.45923
1.44633
9.54895
27.7972
6.71677
0.832862
14.1578
13.7366
1.47303
0.410136
0.602669
6.98835
2.27369
1.11207
1.36178
15.0024
2.12772
13.7459
0.808996
0.0673879
8.451
2.16688
4.51069
0.655134
23.879
13.4193
42.4066
6.04496
2.74344
8.46628
0.11817
1.96344
2.48931
1.27855
0.450971
0.131471
4.83164
0.566594
1.61761
1.14931
14.6502
1.9728
1.44255
5.88157
0.621281
27.2495
0.358915
5.4729
4.79468
28.8717
2.5793
19.3347
0.541522
0.102855
1.89304
0.306643
0.523716
1.06006
2.63759
0.423297
24.7023
10.8274
16.0927
14.0493
1.93922
6.65512
0.92957
4.11519
0.0838004
0.802966
2.43594
1.46237
0.861595
0.860924
5.08546
4.07066
0.796849
0.423827
2.91911
2.16479
0.601415
2.72243
1.64127
0.144085
0.116398
7.65762
6.36007
38.5056
0.169223
0.764869
1.75629
2.36539
1.29462
29.1219
1.94697
15.361
0.434919
3.19738
19.8335
0.6592
6.20378
0.88649
0.566644
0.117896
1.11078
19.8111
1.43411
3.16171
1.82309
5.06862
8.02009
12.4
12.3332
14.8487
1.07805
1.08488
0.765369
0.209076
7.0331
1.86288
0.402888
5.4575
0.502692
0.904187
2.45783
2.0719
21.7919
2.9484
15.3145
1.7497
9.36157
0.899809
11.3883
0.697475
0.969898
0.514169
9.22993
6.22357
0.964062
5.50292
0.233328
0.356676
2.67833
1.8504
0.955085
29.7356
5.93663
6.32098
0.599092
13.4541
7.11504
1.55813
0.545572
1.56736
2.53052
15.6745
4.2636
4.35757
0.128398
4.66334
1.90656
3.78632
0.339038
4.63736
0.156546
1.58086
5.56695
0.400501
6.21201
0.501244
6.69142
5.33052
11.363
10.1081
1.66801
5.33114
3.69468
1.26621
1.01997
0.365399
1.01083
13.6226
26.6014
1.33366
0.714145
1.41768
0.229831
0.132748
0.539462
6.05331
7.90561
11.561
1.56578
0.66486
0.503493
0.164222
1.25189
0.792972
2.26137
11.5575
1.20237
3.61057
5.78569
0.254276
0.939462
2.07013
1.42259
9.35762
3.42497
28.2268
3.18148
10.5047
3.03832
16.4506
0.558392
0.375924
0.481971
22.5658
1.07087
0.411582
0.590338
1.55326
12.2289
20.3099
3.39102
1.87605
13.8571
25.2207
0.546015
0.563805
0.599378
0.762045
7.77349
13.2745
7.80603
5.19575
0.262857
7.29677
0.887113
4.9214
2.66939
0.367456
8.73344
1.30672
0.381245
0.829788
0.890369
2.03116
1.13112
3.15321
0.206142
0.636117
0.213347
2.7585
12.8712
1.00915
4.7779
0.748498
0.430296
12.0241
6.89597
0.508102
2.38181
12.3806
6.22655
7.91214
1.28838
16.3239
8.1331
0.458683
0.287465
22.0955
0.691879
2.3758
1.50571
4.65086
4.75763
1.52755
0.74704
0.766056
2.26565
1.31525
0.390359
6.5093
1.46863
1.14155
8.80567
1.78385
15.2697
1.76964
21.9509
6.13436
0.163298
2.18119
12.9812
3.21827
5.41644
5.50756
2.95093
1.2119
12.5064
0.376912
3.53331
4.07663
8.52663
0.572329
13.8738
6.51616
0.317078
0.51081
2.45978
6.72376
1.59418
1.14146
1.76746
0.993076
0.495332
0.440276
0.841189
18.183
1.06678
6.86077
2.80493
0.497248
0.424336
5.03028
5.3921
6.92444
13.5732
7.8158
1.63774
7.52691
0.306125
2.30783
4.51026
3.53823
1.22602
0.302156
4.98237
2.06677
3.39384
0.611485
4.49828
2.32949
1.01659
0.096557
0.52369
14.6747
4.74165
9.21082
2.46335
1.34407
1.22874
6.33991
0.309027
0.864224
1.55624
18.3979
10.5585
0.833077
6.76379
0.779808
8.18068
0.999092
0.976894
8.36296
3.25175
5.7696
0.75347
13.6631
7.5648
3.89564
8.67571
1.74523
1.40013
0.408911
10.0666
1.87485
2.57862
0.338699
0.238651
2.10881
1.6874
1.12863
4.87908
0.263332
0.888371
4.70806
1.46121
1.87662
30.392
19.5155
1.6937
1.92722
2.22908
1.25258
3.88976
8.37566
3.7059
0.0840716
2.13163
30.1207
0.471565
4.78532
2.97238
0.326668
3.742
0.725304
3.99206
8.25228
5.39561
10.6776
13.4036
0.0141616
0.296319
14.2943
1.10047
14.2129
6.81897
20.4954
10.259
3.74132
11.9235
8.95811
9.54829
1.64676
7.77083
6.77938
6.89922
4.19471
33.8785
4.77813
3.40486
1.04889
2.42352
1.12677
2.96843
13.9044
1.71568
4.45173
7.74398
2.27892
0.706013
1.15445
0.466992
0.699946
1.08583
8.44403
2.21785
0.551791
4.58956
14.4677
0.227486
10.8283
10.9328
0.773339
1.20988
5.6272
6.1158
7.83167
3.63827
1.90236
9.70427
9.15459
1.75099
6.09495
0.849136
2.37532
0.529205
0.804122
1.52801
13.1645
2.81259
0.813835
0.612253
1.47431
0.587264
0.810697
1.14502
2.15779
4.792
4.83863
0.812442
12.6671
24.2405
13.2071
1.825
33.3019
0.968585
0.33855
1.3464
9.50571
1.50226
13.0675
1.78326
3.48925
1.46059
14.9746
18.4024
0.954401
7.48201
5.87274
16.7015
0.106711
0.924514
0.107235
2.36532
0.518066
11.411
3.2937
1.36343
0.865328
22.1538
1.86885
14.7058
5.56727
22.7777
8.63188
0.826542
1.3199
12.1114
13.0168
5.60997
2.95753
5.51622
5.48308
0.298359
26.1392
12.3313
0.946945
0.967659
2.6191
11.7907
3.64339
0.0675892
21.1877
9.38812
2.59257
39.2333
0.644503
21.1966
0.354863
2.34717
0.866572
3.31095
2.25827
3.10551
32.7279
2.15478
12.2696
7.93082
0.891428
1.459
15.7986
0.102404
1.65683
0.184641
14.5192
0.12536
0.929659
4.31146
1.56195
0.900745
5.33733
0.531908
13.1517
2.14438
1.05064
2.05141
4.56341
0.869118
1.6896
37.6087
0.943238
7.09299
15.4725
2.70221
20.5675
4.08767
17.4269
2.86643
2.46712
5.55791
3.88268
0.41941
24.9004
9.25134
0.584937
24.1031
2.26051
7.43434
1.422
1.00453
18.7866
32.8133
4.55367
5.1421
0.956558
4.02739
1.86909
2.65911
2.64752
1.04964
2.75047
0.928507
5.093
4.94649
9.82006
4.16854
25.9308
2.4068
2.45762
1.1391
0.148142
0.213957
11.7548
1.80172
0.0249907
0.237826
4.64942
0.593612
19.4614
0.826318
1.00776
14.8487
0.239243
9.1216
4.49413
8.3709
2.16787
0.718249
0.628036
0.639932
14.8329
0.792587
14.0313
17.8869
0.458665
0.465893
10.1918
7.08291
16.8821
3.17167
2.93058
1.39178
0.491968
8.07127
0.209947
0.296724
1.82435
0.45801
12.3489
3.70168
1.17876
0.485804
2.84693
3.49359
1.62053
1.75237
0.211411
7.35907
18.8852
0.223957
0.392999
0.351453
0.459686
12.5261
0.306338
1.41213
14.2403
5.7075
0.904652
0.443798
0.424831
5.93319
2.04523
0.624489
0.392044
1.82539
1.35662
5.25131
0.278709
0.270471
1.44239
2.8908
24.6631
1.14758
0.927284
1.6501
7.11982
2.88756
0.314943
22.1689
4.32859
8.68293
0.830736
7.88543
0.80665
2.68297
0.572297
5.35894
12.6805
1.28915
11.3713
1.6635
15.8454
12.1203
8.40372
0.395828
4.35366
0.813751
1.43919
13.593
1.5222
7.21589
15.2854
7.64037
22.8535
4.00859
1.99684
0.867294
2.3961
1.30165
0.135261
2.59988
6.07771
7.82701
0.375765
9.097
1.42297
5.86331
1.10097
1.84581
4.99211
0.68439
1.64625
1.18995
4.81978
10.8933
2.6069
1.19574
15.0735
0.901861
7.23949
0.876865
0.393128
9.06808
1.60924
4.82959
13.3606
13.6079
16.2768
1.2056
6.90504
3.45394
1.40132
3.28116
0.776935
1.98352
13.6926
17.9234
42.3513
1.1578
1.53388
0.68616
0.976589
6.41606
6.45883
2.80161
0.775363
11.4205
14.1921
10.0691
15.4826
0.762366
2.28828
22.8117
1.54733
15.9383
0.614093
1.03221
4.12877
0.29159
0.303796
4.40993
1.28561
1.07394
0.216116
0.578278
0.322084
0.785698
2.08566
1.23896
0.172409
2.03817
0.765496
14.7834
3.78618
25.1385
8.48024
27.275
10.8168
0.0417854
0.245011
7.69604
2.25392
16.4066
7.78594
1.7758
16.9408
4.17322
0.432317
2.55605
0.251958
0.304536
7.34898
1.50514
3.63816
6.62096
2.94231
2.08198
8.0249
0.0943791
2.92455
25.6321
0.69023
14.5911
8.80572
4.68163
1.15063
4.51763
15.479
11.0024
1.58607
5.8464
4.25475
9.29577
0.620669
0.315495
2.25141
1.14494
0.685177
7.14745
0.967192
1.52867
1.98458
0.185353
3.64586
0.475709
0.419719
10.2633
10.3277
13.0898
1.99329
7.06915
21.1374
0.726347
1.94249
0.770392
2.98065
6.41153
0.366447
1.09808
2.39088
1.76121
22.4225
32.9422
0.567274
0.889866
12.7481
6.58261
3.29301
3.77599
0.751176
0.189877
5.98136
7.31484
0.489403
5.46635
9.51517
2.38177
1.12093
0.652236
0.252906
2.19771
0.844586
0.270931
13.0968
1.71974
0.814587
0.671126
12.6218
0.350131
35.3543
0.0414105
15.4342
0.473212
12.0004
10.3845
0.250851
5.89766
20.4569
2.03285
11.2535
14.7645
7.88638
20.8695
0.459302
0.477887
2.33184
18.5305
27.3001
1.51526
0.332773
8.15405
0.387606
0.552087
11.3997
1.61685
1.6318
3.81328
0.100302
0.976792
1.04386
0.269752
1.57215
0.899968
0.556377
9.47465
14.7472
0.174977
0.258806
0.984309
16.649
0.843177
3.99214
3.42994
4.60602
0.693549
1.55844
1.78078
2.34561
7.55018
3.80879
6.51655
22.5622
1.70473
45.0777
0.687695
0.737297
14.8205
4.02961
2.31367
0.694357
1.61874
6.15306
1.4285
4.35936
0.176082
7.65296
2.58863
32.7492
1.26093
1.6568
9.82289
19.8361
5.85027
2.48972
0.538102
3.05425
1.503
0.891939
1.21075
23.394
8.88117
4.43053
2.72223
19.5926
18.9968
2.07759
1.32822
6.43553
1.38565
0.34876
1.20449
0.701615
17.9827
1.45179
6.0711
0.8012
14.3779
0.849205
0.941217
0.342918
0.792746
0.45454
14.3611
11.5376
0.533398
7.57657
0.722895
3.02498
0.132492
6.29898
0.709096
1.7899
3.88125
2.18093
0.0578355
1.31128
1.09922
0.379505
5.71734
1.13063
4.57846
1.91578
1.8016
4.04563
6.41976
0.896847
6.61051
18.7735
0.508653
17.5522
1.62663
7.08589
0.0668134
3.58238
4.79767
16.4506
0.176618
1.35134
15.494
0.59196
3.60238
3.71628
0.383035
16.057
1.53192
1.44966
18.6567
0.26132
8.23747
10.6438
2.19397
0.785638
7.6782
0.168104
2.58102
0.0803233
13.8841
0.896975
0.767559
0.646154
11.8416
0.597255
1.3067
3.85943
2.53749
1.68987
0.426876
14.8772
8.30088
0.602178
7.37071
0.543655
18.5904
0.880213
0.233774
2.23836
6.78935
0.511907
16.4923
19.7853
0.192569
15.9142
0.21395
1.47154
0.828851
0.113742
5.51112
2.72631
1.79163
1.90541
8.4517
6.07404
0.714953
0.702898
0.80111
1.27516
0.900002
3.59651
1.10614
0.579875
9.3212
3.56764
1.85265
16.5533
3.0307
9.47192
0.538406
5.95091
3.04946
0.328986
4.44242
1.62011
8.78038
16.8624
1.58894
1.06243
5.19091
0.857575
13.1009
3.16548
1.1104
1.10415
7.36876
9.00296
17.5044
2.28495
5.40591
12.4054
1.18049
0.294153
1.31356
8.16035
3.54089
22.8086
0.183776
0.59157
1.9511
0.502626
1.14529
5.91361
1.55924
6.25586
19.9867
14.4448
10.6005
0.487888
1.31259
3.75276
1.00233
0.129839
6.16219
1.64413
3.15859
3.04925
2.29486
1.07696
4.15681
0.968763
2.18221
7.7095
0.73461
0.950678
1.77388
0.929081
1.38021
25.4034
34.0475
0.248596
0.867182
0.399388
0.897781
1.35488
2.07896
1.19232
4.72402
1.19048
3.40707
11.2999
3.80569
2.96253
0.705705
1.5636
4.99771
0.686076
8.47229
17.936
10.0402
7.26842
10.045
19.6989
1.09907
17.9002
0.415061
0.984641
7.01098
0.528377
12.8271
11.9156
7.69432
1.82764
0.93741
0.701435
2.04013
8.04568
0.412553
1.79886
0.995424
24.2738
4.6458
1.60375
2.1879
3.26115
7.15248
6.66525
0.974294
0.29071
8.36766
0.415981
4.03673
8.2296
9.9185
6.82422
4.6538
15.6884
5.29641
0.321135
4.37503
0.215736
0.666428
0.215386
2.20147
1.26536
0.844086
0.616439
0.413877
2.41003
8.27639
6.4545
1.06877
1.87154
2.69382
2.92987
1.08758
1.88424
0.160472
2.64375
0.950822
2.41649
11.9891
0.134285
1.48524
4.4715
0.474437
20.5213
2.84755
5.07065
0.917925
1.26719
0.118828
0.692085
6.33067
1.77805
0.268237
0.1134
0.0684279
0.588219
14.51
3.31108
0.609741
14.4417
0.865528
3.97196
9.13211
2.03807
1.42315
8.55962
13.7685
2.19804
0.927385
24.3048
21.1696
2.59073
1.25893
2.47
9.02784
11.9479
4.12985
10.4343
15.5596
2.26746
0.491033
0.348839
0.480262
1.18314
1.71663
6.08799
12.3041
0.296656
0.770532
0.323757
4.95712
0.382317
3.14554
0.773629
16.3409
5.66757
2.03771
1.07417
1.38149
4.65123
2.72669
1.00653
0.523653
0.247848
1.71663
8.15181
0.76379
17.0878
9.76413
0.67847
2.95902
1.21156
8.7688
12.7721
0.592316
1.26115
0.146041
1.00436
0.556533
6.13574
0.779997
0.21359
5.54491
1.10847
0.959636
4.27303
11.362
0.795495
1.98258
0.968403
2.12709
15.4955
4.72918
8.44697
8.35997
13.9951
0.696152
6.22977
12.9029
11.2182
0.963644
1.05242
6.05085
1.44332
7.19053
3.23268
0.42742
2.44547
10.22
4.4029
2.88307
1.81753
8.21484
0.740912
25.9026
4.03572
2.78205
0.127323
2.13238
13.3001
11.4106
0.531764
1.14152
1.30935
7.985
2.77635
0.370726
7.27371
2.09135
19.9801
15.3562
2.55078
2.38001
0.277183
0.31534
10.5295
12.9088
17.9153
3.40831
0.577881
2.21124
1.73958
1.27187
0.525052
0.227197
6.25359
6.19736
1.49813
2.91419
8.36152
1.00229
9.07635
2.04774
1.24872
5.915
3.38093
24.6577
19.0881
3.81657
4.04345
1.61616
0.224451
2.32254
0.814786
7.49701
2.73603
11.6036
31.8204
2.11616
1.118
0.797526
1.68679
4.32223
0.561249
0.26329
17.0561
1.03444
0.344482
4.02823
11.9063
1.11064
1.78325
40.4468
3.96998
0.214265
2.28911
5.40387
0.270225
4.50235
0.279931
0.387018
1.09462
12.5676
1.70287
1.53903
2.25385
0.286111
0.593609
0.910579
9.74391
0.482061
0.0329509
0.302018
4.34259
0.930329
4.54948
0.513531
8.4732
0.680546
0.542419
9.0643
4.01876
7.87737
0.810075
1.06566
1.52777
0.504483
0.695465
0.242956
1.63059
2.64096
1.70028
13.3132
2.16684
0.938604
1.6013
1.5958
7.18811
19.3528
2.33224
1.6106
3.4864
7.05054
12.7416
0.98318
3.12538
8.93712
6.00002
2.62625
0.488419
1.70154
0.329141
3.77411
10.1013
0.883516
0.94753
14.3737
2.93061
0.125825
15.0432
1.5384
0.237055
9.24993
6.41015
6.14965
2.01289
0.64839
0.100193
17.7802
2.92168
29.6284
23.1544
10.9827
3.37153
0.880402
11.5692
3.17802
1.47178
1.53711
0.193646
5.53839
23.7515
0.52494
12.6426
2.2844
0.125698
1.45611
1.55561
0.62902
6.60032
0.655309
0.429185
0.361482
1.88761
0.808522
0.309012
11.3065
8.90053
0.773689
7.85135
13.6257
38.7642
4.85157
7.05991
0.186922
17.1562
17.4841
6.46213
13.6591
0.77676
14.5572
7.94631
3.33417
0.930955
4.54876
0.378684
1.55673
1.63669
0.432001
1.04647
4.69276
0.144816
0.649629
0.269092
4.04556
5.09023
7.20265
1.52114
12.1152
0.919107
2.17652
0.366209
0.745583
1.30065
0.324537
8.80107
2.40797
21.248
1.23524
1.25981
5.07868
0.620287
0.481565
6.0283
3.78497
0.780978
0.813538
0.0238853
7.2794
5.47214
2.05526
0.70371
0.480111
1.08459
1.97966
1.56568
1.36636
2.54691
0.440759
1.45715
6.18501
3.77879
0.56621
24.8953
0.36283
0.586287
40.1065
11.153
1.85025
0.902345
0.184963
1.19907
6.55638
1.58904
0.955184
8.43158
8.82776
12.2162
3.22196
1.14265
12.8942
0.484032
0.402987
3.7068
1.46904
3.69403
1.08122
13.6285
1.16688
3.22981
1.1387
0.977074
2.69556
1.03941
12.7881
0.633079
0.874553
9.35527
9.31026
14.7922
2.60898
1.27408
22.2371
4.92733
0.77901
1.92362
1.13932
4.36316
0.0895984
0.599736
1.84964
30.6273
0.184889
0.431553
0.180771
0.145106
0.934625
2.69981
6.36998
15.2513
1.53343
0.749753
16.0566
9.93435
16.3207
0.250991
0.809683
6.67028
4.30061
0.0707609
2.72843
0.167561
1.05152
0.982612
0.501558
4.29016
10.2076
9.12236
13.1262
0.518915
2.12281
8.31322
0.53708
0.482351
1.60694
0.25559
0.628727
5.48112
0.70911
5.84458
0.230572
0.176034
0.399312
5.95585
0.606551
0.824019
6.03274
0.932702
7.21995
0.930107
2.05355
0.0903443
0.157506
1.06429
15.27
0.283431
0.472976
5.14989
0.676109
9.61081
1.20241
0.491414
1.37725
9.31199
0.81538
0.623656
0.945352
2.54398
0.216877
5.94965
0.84397
21.8806
2.5402
15.1633
12.5552
10.495
0.640764
18.163
2.56059
2.92707
0.65845
0.8186
0.659974
0.699214
14.4377
0.145181
4.53752
0.588227
14.0513
7.9001
3.02974
5.69045
4.68096
0.370217
0.265257
1.06083
7.28802
0.784481
12.8634
0.895201
0.211724
10.4782
24.9619
0.117405
0.514995
1.28083
9.07933
73.94
5.27011
0.898944
10.7785
1.39112
26.6375
0.322971
0.318474
2.44189
3.11223
0.174175
0.271796
1.95237
5.32325
4.81578
3.31637
0.553418
1.33426
3.53732
0.197426
9.57201
1.22334
0.149954
7.30569
1.23775
1.20295
3.4098
13.8591
15.8846
0.480771
14.0274
17.2771
12.214
0.722123
1.25837
3.08445
0.892672
0.137634
0.180544
1.25924
0.711977
0.291209
0.690729
0.895697
0.714316
1.1335
1.89107
1.48593
13.6186
22.8474
1.70332
0.327526
7.36532
12.7116
2.50831
2.33259
1.27943
9.23919
0.145302
11.8087
6.45582
0.583096
5.69228
0.610797
48.5385
2.84117
0.163371
1.12974
1.13363
0.439765
2.18851
28.0837
13.5904
4.9068
0.544484
0.527291
6.98905
1.29493
0.829416
4.85725
7.26959
3.21872
0.314683
0.133972
3.28676
0.957445
3.637
0.409251
4.67902
0.677454
7.93193
10.2674
1.14571
7.46774
17.6459
10.9337
1.17576
8.0701
1.91471
6.98471
0.904886
2.30982
20.0215
2.1048
2.82666
2.79612
1.3485
11.1904
0.752384
2.32434
8.98796
9.24043
0.89358
16.7111
5.62912
10.0987
0.75622
1.56928
0.236279
1.56067
28.9128
0.775928
1.80623
4.1702
1.64804
5.04139
17.656
2.6534
4.95988
0.272166
12.4897
11.7777
3.98155
10.2031
0.993182
0.204604
0.477481
0.415536
3.53768
6.77925
0.94943
3.15738
2.69919
0.355347
0.995028
33.6937
1.0472
2.60575
2.27568
0.846968
1.32803
0.76033
2.1873
0.297553
4.04309
5.77543
13.1619
2.25594
27.1354
1.11577
2.86324
4.08422
0.197426
0.498031
1.71211
1.15851
1.76701
0.257704
8.06921
2.50104
10.7733
5.32925
1.05017
1.72474
0.797974
0.469385
1.14479
12.0336
12.0438
0.458669
4.21659
0.365742
5.83638
2.11527
0.349615
1.44161
1.23458
16.6625
4.57012
11.605
0.696649
0.366334
17.9621
5.44208
12.1283
0.792925
0.96086
0.863563
9.22179
2.597
1.14436
19.9914
0.625625
4.97032
20.8647
1.05816
0.0122113
8.2077
11.2472
22.0762
0.449392
2.22611
0.537502
6.65365
2.18912
6.05515
1.71742
1.48551
1.87176
0.679106
2.77981
4.46898
4.41767
32.9989
0.940749
0.653849
0.529029
2.73106
1.61873
1.18902
11.331
3.39711
0.179905
0.734054
1.01587
21.3747
3.63168
1.46254
5.40212
5.93848
13.949
3.6904
11.2054
1.24924
0.209346
6.39443
20.3703
13.8987
0.827484
0.402857
2.79776
1.32224
0.13999
6.68196
1.06241
0.954799
0.544929
0.864461
11.5462
10.5758
0.92533
3.45205
1.14602
8.02122
12.7093
0.329946
0.239706
11.9611
0.305357
0.608874
0.37134
3.38285
0.882001
0.303582
4.16061
2.95363
9.92155
1.88445
1.70459
0.109213
9.24582
8.30171
24.4548
5.56557
0.738477
8.1271
0.498486
1.50119
2.72973
0.758605
0.380256
5.13862
3.49387
0.106061
2.98473
1.16997
10.8127
0.0788498
7.99912
0.333141
17.4908
2.52728
8.5838
0.412281
0.897972
0.82186
0.600134
3.59656
0.744433
4.34748
5.20868
5.10177
0.428758
2.4469
7.04488
0.885462
0.399533
2.0649
12.4578
28.082
35.3025
2.66652
19.006
0.645429
4.32251
0.244611
0.510029
0.427307
0.937011
13.3236
1.51645
0.538029
16.9241
21.087
0.759242
1.18976
2.36185
3.22597
0.16204
3.3866
1.47504
0.740013
12.6671
0.371108
4.30992
0.581988
2.31953
2.7688
3.12491
15.8043
9.52296
7.19308
24.792
3.99713
2.83894
12.8852
10.8407
0.456453
5.50065
1.09108
1.50852
0.574508
9.09916
1.37104
13.745
16.7163
20.5768
1.10693
2.49272
1.23938
0.929001
6.6912
1.05886
12.7711
16.9141
0.620494
0.640724
12.2851
3.56871
4.87465
1.85228
0.43099
8.50226
1.99975
0.434735
4.31
3.22766
26.4344
1.94762
10.5465
26.5382
10.2558
0.835731
0.472991
3.90902
2.70321
0.840496
21.271
13.5508
0.73364
0.382436
0.0940483
8.38018
19.5181
1.0049
9.01136
4.23151
13.3666
23.236
1.42043
0.424953
10.1705
0.802764
0.43626
5.73542
6.29487
1.04433
11.7251
0.457091
6.68392
2.18493
7.01712
24.8669
8.8151
12.9215
4.50447
3.44779
1.73747
7.31085
5.89529
5.5765
1.40873
0.313629
1.65329
0.361769
47.3586
12.4606
6.2746
1.43496
14.6837
0.221967
27.3108
10.2968
7.09735
3.89523
0.517682
1.32284
12.5339
8.62706
0.267281
3.28529
0.844699
2.25566
9.10758
2.06675
15.4087
0.451452
6.5207
1.00847
42.7509
0.456862
0.789228
0.61549
8.01609
4.07936
2.43998
2.45018
0.273796
0.815062
4.19879
1.32553
0.662256
1.78938
4.57784
9.81702
0.688484
0.156365
4.25957
1.59939
8.34879
0.502383
19.254
0.573004
0.47379
4.45866
5.68634
9.67438
0.605551
0.372171
2.00792
5.94322
1.83615
16.8416
5.41316
0.512185
4.82862
18.9218
19.8413
0.22178
1.298
0.895562
7.28712
2.18901
2.81353
0.121754
50.215
0.597611
0.689086
0.510175
1.85693
0.921279
10.9021
0.520779
1.14875
13.479
0.538518
0.242321
2.6786
14.6048
2.27182
3.48939
3.76918
26.316
9.39721
1.2337
8.40335
2.49705
29.1238
11.4535
1.70206
9.75969
2.75551
1.07084
8.82133
2.02191
0.616005
10.0416
0.618382
4.93134
2.53134
10.1198
12.9217
1.66637
2.58394
3.47842
1.19851
2.16784
1.12399
7.74752
1.07499
10.0484
1.41023
21.4293
1.1078
4.51597
9.55636
0.38369
1.26545
0.774896
2.70128
2.58416
2.57854
7.02304
17.7621
15.9122
0.257112
0.213183
0.387665
0.628668
0.186505
1.0263
7.30844
10.7405
28.1654
0.154248
0.345969
32.2893
0.643643
8.62327
1.03397
1.47048
1.02878
8.55984
0.425122
0.504721
3.58811
0.573999
1.12989
1.45179
6.89021
9.57765
13.1587
8.70857
0.86008
0.565217
7.26018
20.5587
4.52912
1.37481
1.23749
5.34313
3.38756
7.58876
2.56425
1.35529
6.99896
0.258948
16.8488
28.5949
1.29756
0.472846
0.974061
0.465966
3.58222
10.0607
0.37707
3.28946
5.30359
2.25737
4.66383
1.8883
0.622685
18.7627
1.53622
9.88671
6.35719
1.99254
2.24605
2.35593
23.2348
12.6246
5.43119
7.717
9.29713
1.11018
1.62519
0.758898
0.403117
13.606
7.95886
11.9818
2.89661
0.979239
1.83954
0.911685
8.812
0.984011
1.22582
2.78631
7.98447
27.907
11.0803
29.1136
0.149606
9.5201
4.63739
1.3197
5.21387
0.275514
0.493094
1.28277
15.6482
0.459858
0.380683
11.1988
1.14832
1.36013
3.86145
4.68915
1.21681
0.381271
0.175827
2.4606
2.37312
2.09904
10.4593
0.214795
7.33115
0.832054
3.04484
28.2208
0.864478
6.68492
3.48533
0.858436
0.93967
1.81992
5.24468
5.38385
4.2151
1.22578
0.586919
5.34108
1.66308
3.16379
1.53181
3.55847
2.12056
4.78588
3.17742
12.6185
1.30788
12.9715
0.268052
18.4707
0.776295
14.409
2.16577
29.9324
2.60545
2.82183
0.427608
12.5239
0.683166
0.332905
22.1046
0.175835
17.0337
1.71785
2.46182
1.32145
1.24086
29.3295
0.321726
1.12875
2.67519
0.189036
8.55983
1.89516
26.9771
1.13074
17.9577
4.18163
2.67737
0.690412
0.987729
17.6323
0.971614
1.31491
15.8915
15.6461
0.739374
11.803
0.333545
10.7555
7.16563
4.99865
8.48949
0.145648
0.667023
1.19939
6.17767
18.9939
2.31859
10.0983
0.362538
1.3218
21.137
2.84585
22.5756
0.456693
0.482126
12.7214
1.53415
14.8332
0.600434
12.1391
0.179492
20.896
13.0274
3.54449
6.81129
0.536221
7.6917
32.6955
4.70117
9.21632
1.18988
3.70366
9.59983
4.03979
9.52123
18.0142
10.9263
0.764064
4.59797
3.18557
16.021
4.37361
2.52721
17.4734
13.2259
1.37682
3.65052
2.54227
4.98846
2.89301
3.7903
3.44058
1.54102
0.977681
14.5392
9.73456
10.4636
1.05205
1.17572
0.922436
1.82474
1.27435
12.0049
1.89314
6.57944
6.42205
3.18996
9.27513
0.462809
0.439624
2.98819
33.7154
0.501756
0.116664
1.54736
3.47412
5.52481
6.35518
9.14883
18.8744
0.143321
6.41854
1.02249
1.2979
0.335009
8.22945
2.2041
2.61941
0.331906
4.74705
4.22755
1.24354
0.61143
2.99749
20.556
1.2938
1.82609
7.04761
2.16538
0.68484
0.673813
1.6916
1.3377
12.207
0.82472
1.15197
4.35935
0.25225
0.492664
0.2707
0.262216
1.72673
0.140845
0.322784
0.483454
3.72255
10.6003
1.06999
14.6377
1.25469
20.8659
7.03826
1.49397
13.3563
25.5269
5.1856
27.0906
7.68786
4.10548
2.75125
0.919104
1.27323
0.975807
1.07236
1.01753
3.36267
8.60402
0.399592
1.42835
0.267949
0.333774
28.8474
0.895845
0.857565
2.87658
2.65945
31.2091
0.331616
0.679188
5.14342
19.3305
4.64116
0.845974
5.00931
1.05597
0.340144
2.16018
0.63126
1.85368
0.503922
13.0832
1.22504
0.642863
10.7971
5.71941
1.441
2.05571
0.859671
1.04379
27.6207
0.329826
0.448586
4.70097
10.8701
3.09019
4.26573
8.68866
1.03929
4.25191
11.7283
0.672731
0.232543
1.19104
0.266391
15.3901
1.16586
2.50885
0.623941
28.6865
0.230302
5.43316
11.2219
3.24235
0.914162
4.08118
18.4407
9.57749
12.6604
4.67283
9.61164
1.13186
0.687903
0.887685
3.46483
0.617407
39.2882
9.49019
1.44274
5.61741
0.483942
15.5585
2.44189
0.526703
3.23137
1.31395
0.162919
0.767817
6.8998
10.48
1.98827
3.39189
1.76949
0.74766
5.97469
1.79608
0.684038
0.862713
0.673684
1.63247
4.27995
0.169995
5.41712
1.53097
2.53691
1.33985
0.426047
0.201173
2.85607
1.05583
0.89791
9.4778
0.118867
0.91057
0.183832
2.70888
4.45879
2.18651
16.0254
2.55526
1.14635
0.036631
0.328491
12.2809
7.95391
0.74284
4.99449
5.73187
1.56845
15.4689
16.5973
5.15526
2.2038
3.33271
0.701833
2.11001
0.576792
1.18233
0.564363
0.957785
0.12848
1.09415
1.38205
2.62935
3.05691
1.34225
0.752228
1.10051
6.74404
8.83466
7.61262
14.3523
0.637044
0.429444
19.7169
9.64503
16.0244
0.910737
0.350517
4.78536
5.51706
0.914
0.905757
0.450194
1.3334
0.294792
14.0314
0.991572
1.42268
10.4393
22.5133
0.214908
4.32275
3.91532
3.80544
3.2484
0.607685
0.992796
9.66404
0.399143
0.540568
6.66156
5.00131
0.940805
0.174127
15.272
0.891145
1.01543
7.39666
2.33535
0.298737
0.166011
21.1911
8.59599
0.44243
5.78711
7.37371
5.36114
1.64861
0.414126
5.49448
21.0007
3.56072
1.91496
1.30452
12.9581
13.2801
2.50539
0.0845612
25.4629
0.889997
5.44155
2.28754
1.07963
1.12656
3.4019
0.233559
1.03677
8.77372
4.52018
4.19465
3.10325
3.5845
1.04573
3.40152
15.526
4.0716
0.894401
0.46109
0.302214
5.17453
12.5642
1.15065
4.61682
0.634804
2.2219
8.77364
0.231727
4.09676
0.77822
4.77247
0.761788
0.426299
0.299094
9.67018
1.53681
0.793288
4.52542
0.41823
12.3366
2.92615
1.22716
12.128
7.00877
0.107191
2.47669
3.20749
0.793706
2.83092
1.64151
0.675093
21.8597
2.88108
17.8052
2.68337
22.8588
0.428077
5.63262
30.6064
1.7092
33.5852
1.35174
9.91503
0.671473
0.551329
20.9447
1.74517
0.28546
18.2172
19.967
9.65254
1.67279
11.5159
2.43037
4.75217
5.74071
0.816182
2.06954
3.54991
5.20984
4.8674
1.4403
5.70069
7.988
1.38689
0.448408
0.150742
6.19576
0.673839
0.959545
1.25391
0.793065
15.8191
8.06539
24.5594
0.320452
7.24015
0.136683
3.19768
0.912179
3.82743
0.480341
2.17873
0.171041
0.0663497
0.989892
15.5788
0.504214
2.43195
0.952677
0.505595
2.01672
10.0941
5.09659
21.8021
0.441199
0.299876
0.496779
2.82654
6.7994
1.41546
10.9501
8.6124
25.9752
4.84463
1.44908
7.53411
12.6584
1.33075
2.1271
10.4879
2.03756
4.09521
26.0821
1.20711
0.700281
1.49312
16.1837
17.4591
0.762568
13.2587
0.651518
14.7531
3.80751
0.295202
0.998275
1.48573
4.46193
26.9033
4.65049
0.700262
6.83013
0.655712
0.548303
0.377976
2.10274
9.05544
1.43734
1.15273
0.717459
15.3433
0.799178
0.909031
1.11513
7.92521
1.00912
0.594889
1.59424
1.29468
3.87388
0.525997
2.82317
15.6654
18.667
4.83569
0.360709
1.16522
1.91907
15.7841
1.23559
7.62792
0.0982604
4.16945
0.913457
1.22828
0.88828
33.5249
0.900021
0.893751
0.533289
16.128
2.47207
1.60435
1.83955
5.22389
3.03313
4.68664
0.620278
12.296
2.32754
3.18562
12.6684
0.522629
2.19562
0.704819
0.261622
0.443054
6.78996
4.02329
0.318643
1.61878
12.3362
0.380744
0.26533
0.427949
8.70412
8.39712
0.294392
1.60463
0.35031
0.862022
3.04058
1.00004
1.23957
9.76653
0.370212
1.22437
0.894352
2.32419
4.69952
1.41009
0.37601
1.51915
1.07614
11.9522
4.3265
19.169
0.435166
2.08979
0.767258
0.803331
16.3489
0.181584
0.493446
0.700583
1.43576
2.85598
0.228302
3.82649
1.45812
26.2165
1.18313
17.2424
2.06429
0.236447
0.698048
1.30938
4.52153
0.325699
1.0124
4.99645
1.13852
0.693604
13.3162
16.0933
0.230876
10.5345
1.68004
0.517414
3.36296
6.62096
0.144355
0.169441
0.610725
0.691532
2.44999
10.4355
23.4306
6.48048
5.65597
1.30318
2.25203
0.359255
5.05736
9.4635
6.79435
2.33471
5.42742
7.17231
0.269067
1.31681
2.48495
2.93444
17.2252
6.54509
10.9055
2.03075
2.47101
0.565
3.3721
0.661965
11.8784
4.21929
0.061509
0.573549
10.7053
1.81363
0.547639
5.79925
1.00997
1.04406
1.46317
2.56979
29.4073
0.858184
4.9766
2.62302
2.32824
2.27602
17.491
0.190473
1.46434
0.973555
2.89252
4.38476
11.9385
35.1689
0.185591
1.28502
0.342686
0.17987
0.268466
1.54113
15.0378
2.4083
4.48283
2.02945
2.04854
2.42397
0.756626
0.347111
3.02513
5.85514
47.847
10.4101
1.42099
0.240633
0.777873
22.2292
7.74273
0.286911
6.59136
1.54112
23.8108
11.0647
7.98365
0.993532
0.758264
1.04095
0.0844679
0.647243
0.87346
1.31206
1.2331
4.71979
5.30921
1.17989
2.3909
10.7618
0.357407
2.47289
5.48421
16.0787
11.2924
2.04942
7.01048
1.33448
7.62158
1.25139
2.50889
0.482332
6.38876
10.9643
7.41626
14.4191
1.08897
3.45958
2.34704
11.4617
0.036172
0.830011
0.60288
1.73913
15.0025
0.31573
0.711911
11.5723
0.82088
0.145358
14.6943
6.73424
1.57719
0.651655
15.1531
1.36246
0.820786
0.539122
8.53872
7.91035
0.901717
9.77139
11.0314
1.38277
0.526389
0.549777
4.59047
0.472674
3.08767
3.78994
6.46596
0.40441
2.81111
0.488164
21.7728
10.3102
0.844863
8.38432
3.18461
0.173441
0.340891
0.463463
2.21427
0.596901
0.450431
4.10879
2.25618
20.8772
0.491989
0.731518
3.72954
13.9936
45.4716
2.14135
1.7575
0.114553
6.28711
3.75159
0.701595
2.83287
1.83293
0.209256
1.89963
2.21614
0.411166
7.46188
0.264481
0.972588
0.590215
14.5398
4.59048
0.407937
3.26792
0.449254
2.10384
0.888837
2.49232
0.177466
0.280837
2.47831
0.201209
2.48972
0.187331
18.5756
0.139951
7.57035
5.83281
1.3917
3.25387
1.02365
0.751497
2.85452
17.5495
17.5144
1.66975
0.393961
13.3541
1.12578
22.0223
14.2778
24.4529
14.813
1.06674
0.395971
0.113044
5.46782
5.97873
1.47397
9.2687
9.21758
0.745779
2.41572
0.725697
1.71274
21.2713
0.413413
10.184
1.23078
1.77434
1.15146
2.52545
0.161295
0.93792
3.93709
6.92117
6.62805
14.8806
0.476172
3.66609
2.03471
4.28957
1.52461
5.765
1.06062
1.66664
0.442321
16.254
1.38768
3.39293
1.0971
9.96451
0.305818
5.6853
0.840276
0.547853
1.13882
1.69333
3.40522
0.0627641
4.81371
10.3218
20.5213
1.02445
0.0986559
0.291412
1.18957
0.315792
6.01336
0.17002
0.313614
0.672121
0.260879
3.14726
19.0008
3.26846
0.505208
0.320895
0.669875
2.09711
1.00637
4.4377
0.649958
2.0682
2.25013
0.108165
2.94675
1.09462
9.50813
5.55769
0.566852
1.10172
1.94442
38.3068
1.2769
3.28261
0.342339
18.1654
3.80393
3.13773
10.923
0.597984
6.42176
3.88821
4.25029
3.96222
22.149
2.2258
1.28375
0.70987
0.836044
3.7648
6.97478
1.34468
4.83562
16.1864
0.98162
8.52288
48.8904
1.0214
0.587954
0.455922
1.4864
1.18199
1.71057
11.5051
5.14156
8.86767
8.15432
0.093559
4.02316
6.21088
0.808075
27.9848
3.00828
0.637232
0.365302
0.655058
0.795235
1.19523
11.8358
4.17609
0.514352
18.8618
17.4261
8.06077
0.823972
0.988242
7.29567
0.607764
1.22482
0.224122
2.10805
1.11567
5.33732
13.5467
2.01041
21.1924
4.45131
0.745817
3.97797
6.8764
1.71012
0.220058
0.123043
0.226515
1.20145
16.5169
1.12407
0.736919
0.240547
4.36577
2.22918
14.1695
1.16025
1.06979
10.0244
7.00684
0.769585
1.30421
2.32957
2.96851
11.0617
1.46782
16.5789
8.98117
1.08756
0.533938
0.468705
0.89745
6.85936
18.9886
2.86737
5.864
1.16721
1.18161
9.11213
2.52715
3.35141
1.70754
4.59365
2.27767
10.7916
1.95886
0.699187
3.20378
1.61215
6.28848
0.408271
11.3793
0.699601
0.383062
4.59854
0.760411
0.581497
17.428
3.53333
0.600253
0.334255
8.03803
4.00831
2.22583
0.419107
7.07355
9.56163
1.40129
5.91599
6.95002
13.7099
22.4497
8.32263
11.3953
0.933654
0.776433
1.4363
14.5727
4.35989
4.3367
19.8381
1.50639
3.91512
5.85773
16.6104
9.32582
1.63541
1.69019
0.780905
4.45004
4.09494
3.66
3.94872
0.887439
9.34607
3.54816
1.00693
2.73811
12.6502
0.404198
2.84693
2.14119
0.475594
0.222748
7.45819
1.88018
5.78011
2.46265
8.80722
0.917514
2.71945
0.767522
0.935253
0.817781
14.0854
19.4956
3.44948
9.15261
0.80469
1.34435
3.0714
7.41128
7.5056
0.958388
0.65471
11.1834
0.880904
2.18784
1.3184
1.62251
2.3468
0.657837
31.7836
5.55665
24.6859
0.596275
1.34727
7.76926
1.02599
13.2337
4.65461
3.52565
1.61015
5.16404
33.7492
7.6889
0.410089
2.38947
1.18122
23.9329
0.409619
6.52208
18.5307
1.30701
6.14584
1.92814
0.762732
0.466398
0.903934
2.89507
17.1181
1.85281
4.80211
1.16237
2.27906
0.460277
29.9757
1.75289
2.21578
1.37085
2.59432
0.499387
0.67179
5.63153
5.1631
7.00852
1.23185
0.22107
2.47017
2.60443
8.46795
10.9579
14.7487
1.80754
1.13755
0.647372
2.60353
0.526415
0.380952
0.811624
19.5126
12.0491
6.16443
12.1112
0.773207
5.08256
13.6671
1.99119
11.9532
0.451637
1.50496
0.109713
1.87077
0.39561
20.6172
3.96881
11.2942
4.55156
2.77001
0.19002
18.4027
13.5972
1.94845
23.1954
2.64499
1.09653
3.2992
11.8599
2.19765
1.09223
0.226971
0.483097
6.73389
3.42651
1.00957
1.24672
0.916771
2.19855
5.98962
9.07004
10.3625
0.74201
0.372212
15.7516
23.3661
3.58113
0.376152
0.66615
3.63259
2.13603
1.09834
5.00664
1.29198
9.16359
1.14604
0.159985
3.06593
16.4758
0.129543
0.594696
9.16026
1.02227
0.308252
24.7569
0.603519
4.15088
6.50653
1.82152
0.316988
2.38656
1.15893
4.01586
0.0866854
14.9618
0.547867
1.3489
6.16195
0.200198
3.35574
0.821793
20.2588
1.31342
7.11806
15.5019
0.394193
9.56954
0.529534
2.85344
16.5849
1.67364
1.08465
6.98447
3.89589
6.9429
3.98456
0.977361
9.39789
1.16373
0.891852
27.2662
0.811316
2.07221
0.23967
12.0483
6.1964
1.47008
7.53943
0.647044
7.7294
3.85896
1.99144
1.24903
0.231269
0.733629
1.51958
4.76206
24.124
3.478
6.77877
1.17879
2.02638
8.25359
1.53552
1.14681
2.14345
22.3772
0.867772
0.914688
1.03938
7.86472
4.05165
0.957221
0.397408
3.91844
1.50921
0.46989
11.2514
0.657958
1.86799
0.704808
0.233647
41.4014
0.72807
6.59204
1.05004
0.687531
5.69731
0.258268
0.502505
18.4321
6.7997
0.979444
6.93904
5.4629
1.26565
10.5616
0.900144
0.444025
13.2557
5.7683
8.2921
2.1292
0.655572
0.701197
7.31986
1.325
27.2567
6.58878
0.826805
0.641287
5.22597
1.94623
1.39592
12.8413
14.4279
10.9556
3.86816
1.42797
0.484329
1.02215
5.73823
0.556785
11.3849
2.68967
1.62745
7.3508
12.7511
0.57905
13.7592
7.41701
0.572998
8.26385
0.282426
1.18488
0.401358
4.06702
1.12758
0.604594
1.30101
3.20072
27.6319
2.691
1.64943
26.3165
13.856
1.36851
1.27736
0.445324
6.51269
20.2524
0.347653
1.41409
19.072
0.252695
3.91078
3.22064
2.27928
13.7634
22.0952
5.79923
1.30562
0.557795
4.4568
4.86099
0.174375
3.07217
1.78227
4.52679
2.87178
21.4497
11.6175
4.76774
0.754276
9.6029
3.66425
17.0247
12.1286
1.0752
13.0288
14.8247
14.5435
1.35654
4.67699
1.30251
2.25344
6.8299
1.19469
0.406121
0.4312
12.2314
19.4316
5.52101
5.82265
11.7434
2.53118
2.57535
7.15838
13.3561
4.09739
1.92169
0.235238
14.3631
14.4029
2.67105
2.95635
1.28319
2.80557
0.191144
1.39216
14.1313
5.53856
1.66458
2.93858
0.343348
14.2734
0.974815
3.24419
2.09624
0.528238
1.21597
1.9158
7.38967
6.31401
9.80973
0.988159
23.5483
42.776
3.22059
2.00157
0.822496
0.182917
4.32528
1.21809
2.70293
0.294976
1.01861
8.52803
1.38768
7.99606
7.95583
0.974464
0.803251
1.41195
2.25054
0.443937
1.87462
0.370266
5.1645
1.4075
1.15219
0.681688
0.587496
0.329749
4.05683
4.16891
0.479071
0.893436
6.19969
0.527938
0.25916
0.0336473
0.363621
6.92408
14.9221
0.667657
11.1614
2.14561
0.936564
4.69338
2.37735
3.28149
1.13137
7.35414
3.50079
0.404156
0.126161
0.684477
1.64061
1.13764
0.798294
0.832493
0.130241
7.14402
4.20489
0.403112
4.02512
0.274583
0.744723
7.98707
1.73151
1.55158
3.66461
0.827392
1.51186
1.85146
12.0117
8.04521
13.1736
12.2882
12.0939
15.8109
8.46976
0.437875
3.63754
12.9685
1.64162
1.25994
10.4718
1.64573
17.2715
1.73936
0.569892
12.4902
3.04584
12.4684
7.49189
2.25766
21.1872
0.91868
1.78098
2.52061
20.7798
4.83446
1.41853
1.06154
1.25853
0.650308
26.9265
11.0498
0.830568
8.76661
3.18282
8.45035
0.60186
11.9702
4.42523
5.92186
1.1139
17.3594
25.3946
1.36228
0.326438
0.00830416
8.54216
1.12082
1.03595
17.991
0.954599
1.56881
12.4991
1.35175
0.98312
0.78035
1.7482
1.89802
3.27097
16.7529
0.943919
0.274609
0.169771
1.10145
1.25452
2.3057
1.2711
7.20195
3.52275
2.50134
1.63378
0.740277
2.7934
13.302
0.997745
5.24413
7.52795
16.5459
3.45069
0.341472
0.531071
14.7928
2.71613
1.12297
0.0936982
21.8168
10.5773
27.2113
12.4291
0.467787
7.19693
9.48055
9.26384
0.330762
0.244427
0.918205
1.43849
7.89535
3.99985
11.4185
7.62306
0.364788
0.653827
0.0660947
0.729127
8.04083
0.822701
2.84412
13.2274
1.0837
24.7135
7.5254
7.15669
7.52469
0.676334
0.349434
8.18055
3.36432
2.92934
0.582402
1.95044
1.28976
5.95487
3.09561
1.42255
1.83408
7.65463
1.26161
5.90661
7.46559
2.36854
0.98668
0.996788
0.216009
12.6499
0.351613
23.0891
18.7003
11.5351
52.3172
4.03306
0.490746
2.72514
3.50358
12.4
19.5584
0.145266
2.81169
2.68935
0.793112
0.685777
2.60026
6.45425
4.30884
4.85238
4.68154
9.66374
2.97573
4.13784
1.5719
0.720187
1.41839
20.7868
0.440033
11.6794
0.160876
21.9663
4.26773
6.26446
48.0581
3.87238
0.428048
5.43434
1.52713
0.276447
3.53861
0.992791
1.57985
0.625168
5.21463
5.67104
0.320794
0.616564
1.36689
0.410376
0.554568
13.4807
7.30292
0.871925
1.39796
0.979004
1.70446
1.02477
1.02339
12.9042
3.86928
1.12057
11.1347
0.208765
2.6212
3.79843
4.27849
0.955658
11.0504
1.11147
0.629095
0.349157
3.04798
13.458
0.346524
12.4412
30.6623
0.342758
3.69333
6.19777
1.32314
0.809839
8.00717
6.82949
0.735657
0.657818
0.109769
4.41891
3.07131
0.873245
7.80503
3.43858
1.34667
4.34508
1.24286
0.82522
2.66859
7.96822
24.5531
2.0696
24.2771
2.11413
0.475794
0.251609
0.465366
4.20532
0.120004
0.224167
2.08563
1.44585
7.78609
8.62135
7.44331
8.11809
5.36938
3.02644
9.83297
7.05621
3.57949
15.079
0.600385
9.94067
0.449887
1.874
1.97035
8.19216
5.22539
0.961648
0.376774
16.9262
5.50236
0.42579
13.6865
10.8398
3.95917
7.68631
1.3325
4.22327
17.5675
0.275787
2.19541
23.9565
0.775369
0.32755
1.41479
0.747983
3.11375
0.335119
0.291781
1.11065
11.1862
1.14534
11.103
20.5202
1.13233
11.8885
0.202695
1.89212
11.9016
0.346463
4.5068
0.989822
1.82522
0.854839
2.0016
0.149404
0.898764
8.33652
1.67909
4.23012
0.0809235
4.99983
7.49881
3.68887
10.3235
1.43606
11.388
2.36817
9.7514
0.674362
6.03017
17.8232
1.20092
5.06441
2.53386
10.4072
0.729066
4.53484
1.92436
10.9865
0.601713
5.8436
1.66508
3.93329
0.347799
3.68006
2.06919
6.12378
4.32073
13.2409
1.00866
1.75463
7.41376
0.0637443
20.0838
1.20838
0.788319
0.314606
3.53036
3.41359
0.0538739
19.5152
13.7749
0.601099
3.75124
0.137188
2.93922
0.186122
0.808038
0.94355
19.429
0.905411
0.232887
0.515831
7.0616
14.7492
0.267399
0.856897
0.641713
7.6227
0.549464
11.8759
9.24758
0.372994
0.754369
0.874689
0.592284
14.17
0.755142
0.562286
6.37168
9.29471
2.10099
8.27922
4.6267
2.30042
2.65078
7.90466
1.32259
0.789766
2.84298
0.122872
11.1849
2.64571
4.44065
1.76448
0.428265
6.80674
2.87279
1.47549
0.859566
5.56969
0.297615
3.71431
8.35167
0.543341
1.59845
5.5091
0.639301
0.501352
2.26277
2.22573
1.09548
8.63235
0.286673
8.40821
0.704696
8.71039
1.19608
1.00423
2.99828
16.3731
2.87778
4.76643
9.34307
6.30696
1.93967
0.95197
12.1425
2.72963
24.816
1.1062
6.01987
0.476171
28.2156
0.380545
0.532569
0.363042
0.836019
17.1305
1.92922
2.23655
9.81164
1.92957
0.63727
32.6527
0.523672
28.4876
28.9023
17.6568
13.1642
1.25817
7.22148
14.5333
8.76935
0.425419
0.683264
4.2448
0.506209
0.814355
0.302257
0.546353
0.489751
0.110614
0.118946
24.2663
5.99249
2.00721
1.15389
19.3641
1.14024
2.96692
8.69533
0.567925
7.48261
3.89272
0.76183
6.76404
0.537132
21.2208
2.87021
9.62841
4.46671
0.175407
23.4927
3.3028
0.37713
2.45709
6.14063
2.10386
1.35183
1.15813
11.0954
2.32651
6.85927
0.147133
3.90406
1.07766
0.229005
7.02887
1.728
2.98086
2.59241
3.47081
2.73258
2.73238
1.2686
0.619587
20.2041
1.01111
0.743385
1.9788
1.51996
22.0276
2.39081
0.535596
0.662731
1.80592
22.2697
0.863512
5.72054
0.737003
2.54899
0.414376
10.2691
7.19462
8.21978
6.40413
3.97744
1.03123
8.61458
0.519298
20.8829
9.98377
6.33103
13.3872
7.45407
3.85199
2.95673
0.473881
1.22113
1.81762
7.83029
1.53136
2.80022
27.514
7.21369
2.09762
21.4654
0.0606544
5.42498
3.16983
5.03319
1.06522
0.556493
0.372454
0.915475
6.62059
3.42353
2.06059
3.10124
4.7176
8.04684
2.09259
0.198489
0.708514
0.591105
15.2898
8.11189
13.7523
2.64159
0.558713
2.9698
8.11567
0.121013
0.780388
0.139142
25.1624
0.196022
1.8246
1.29048
8.01066
6.50261
16.4576
25.1288
7.76149
6.79863
16.4414
2.61852
1.61419
1.46584
0.258672
1.31847
6.5715
17.9471
0.996664
0.229045
10.5473
2.43333
0.48671
0.501064
1.37771
7.64046
1.09597
18.9922
0.897603
6.95982
0.869118
2.87753
1.16733
0.255902
0.517212
0.210426
0.249331
1.65416
7.22993
1.398
2.33406
0.647358
0.534089
7.78364
0.820826
1.4236
0.738049
0.450014
11.1883
8.72393
1.73613
3.19036
28.1482
12.244
0.0550611
0.899136
4.24206
2.76687
14.338
4.53312
0.28187
1.24816
0.158692
0.12853
0.781735
0.590316
4.50816
1.37002
0.448304
2.75376
0.33607
2.9008
2.48269
13.7617
1.5262
9.20812
0.0689137
0.41627
0.595608
8.24939
1.03425
5.56012
2.3376
1.80939
0.717611
6.23877
1.00323
1.20672
8.27077
4.65625
5.51048
9.65105
0.181496
14.7023
1.4744
1.76703
19.348
0.770454
1.16344
0.442286
6.47122
10.689
8.0497
1.24558
3.03389
23.9696
2.70943
1.24861
1.27971
1.63779
1.23088
10.7633
7.51955
1.42222
0.936843
1.10646
15.161
1.27412
10.9615
4.73971
1.16226
1.32771
0.264038
2.05204
0.871175
1.1718
14.7109
22.4189
2.16216
7.59926
7.11939
25.6044
4.74083
5.96616
22.7974
11.8293
0.618284
1.09675
6.22021
2.95107
0.245383
8.46039
7.40473
8.77285
1.48063
1.21631
0.6263
0.615773
13.858
10.2681
0.885517
0.643239
7.25947
0.992464
2.09823
6.52307
11.4465
0.957795
1.7794
0.807289
13.9162
0.719886
1.97253
9.33306
0.286068
35.8686
1.63517
15.7841
24.9999
6.55114
2.07111
1.3674
3.94732
1.25547
6.3103
2.01726
0.68821
0.418209
0.487804
4.33562
5.33896
0.199888
1.47001
0.864938
6.51565
1.44944
9.94521
0.78854
19.6496
0.250299
0.375098
0.622507
36.09
0.898061
9.86925
12.9143
17.6378
2.47956
0.965589
0.367935
3.56504
1.83632
0.585577
0.25964
11.5345
2.39349
4.42354
5.26603
2.05631
0.946378
3.10546
0.0769375
1.86477
0.757856
0.610552
2.71561
1.3502
0.221723
11.0012
0.364937
2.49584
0.343758
3.99979
0.340881
0.278233
1.15232
1.92708
4.42424
5.70455
0.406579
2.39546
1.05413
8.50538
0.658948
0.230422
9.81598
4.18327
2.1632
0.466595
11.4349
0.869477
1.42411
0.369909
2.83226
0.561143
2.39377
3.26277
12.0397
3.0342
2.72642
4.80685
6.75064
0.635938
1.55118
3.46437
1.03002
1.40994
0.832329
2.11503
2.74912
17.5667
0.144905
11.7508
6.17126
1.24591
7.10782
2.35035
7.60552
2.4392
5.41257
5.06399
0.569486
2.88398
16.7143
3.20842
26.8676
1.97556
3.03434
0.800943
3.24829
11.2884
11.4625
0.538268
17.3873
5.8855
2.27094
16.0854
2.22052
1.23743
0.758907
10.2424
9.61032
4.59189
12.9433
1.46242
0.402002
11.6438
0.20848
1.64825
7.62105
0.389159
0.469914
3.1271
8.84736
0.28332
1.24351
17.1583
0.393248
3.2206
1.45899
2.5189
0.236073
0.883005
1.05164
0.592018
0.985122
5.42115
10.9827
2.8953
0.809408
1.91138
8.15463
1.30293
1.61277
3.76222
1.90336
8.25874
1.39821
1.34402
8.57023
0.772148
0.492001
15.5271
12.7505
3.13245
11.7301
17.4885
12.8337
1.12576
7.00107
4.2382
0.208656
6.53191
5.16717
1.08778
1.52247
1.43618
0.679424
2.31308
6.0964
0.216348
2.30913
0.499104
16.0867
28.4888
4.95545
1.96561
0.590838
0.711049
10.8864
0.135587
22.286
1.87424
1.63679
0.801329
10.4903
2.39585
3.12623
4.05145
21.8583
0.305976
3.28982
40.3943
1.19401
6.71678
7.20613
0.412692
1.5327
10.626
0.211617
0.171799
6.31713
1.45078
5.67786
1.41563
7.33342
15.5092
4.82696
1.50135
0.444475
9.7041
10.4149
1.69602
0.420483
0.628036
9.37232
15.851
36.1472
0.389143
5.74379
5.85619
2.32224
2.06511
2.49932
0.709823
0.324981
2.48323
0.53876
13.2731
1.27108
2.16119
0.856712
40.8389
4.08267
1.78958
0.1282
0.338204
2.90761
1.33672
7.56506
0.650273
0.319709
35.0592
20.344
0.974053
2.80491
2.05858
13.6504
1.54612
9.87512
1.33079
0.226806
0.126157
6.45267
16.6131
1.19197
12.8967
20.8594
1.17993
0.916722
0.570291
0.736795
5.45619
2.17058
0.360335
16.7801
9.17605
20.0769
1.29314
1.81443
2.10697
11.2986
0.995042
3.19961
0.376237
2.90725
0.522058
7.17696
30.3092
2.26532
2.93358
8.91403
0.324699
9.21991
0.128367
0.500348
0.17891
1.82974
18.6829
12.5052
0.412238
0.0800366
2.0371
4.11605
11.7189
4.74442
0.241652
5.21466
0.452528
3.50645
7.7661
4.36284
1.28605
3.63599
0.765179
35.4072
0.127266
2.24776
1.34362
10.4335
3.65581
0.19849
16.2555
0.343298
2.33819
9.63697
0.947734
0.946824
1.29532
1.0723
0.453352
13.8804
10.1167
1.76672
5.6718
1.82091
11.3727
0.809033
3.61386
36.5297
1.76269
4.26956
1.31146
0.179434
0.578929
0.648177
1.08558
13.4116
14.2467
0.699234
20.5688
1.64409
7.44752
16.7266
1.4109
1.32138
0.883593
0.214065
2.68364
1.41723
1.65889
0.440649
2.31085
2.2877
1.15641
1.11033
0.322485
3.12914
0.889772
1.74685
0.618728
1.41681
1.39584
4.64533
7.52261
10.3948
6.51215
0.513578
0.772497
3.89048
0.953362
2.26846
2.92237
0.284257
4.74066
14.9407
0.84949
34.2546
3.12173
21.7117
1.69096
2.13426
0.304004
0.188877
0.345404
16.5276
0.127632
0.542015
1.59384
19.1797
1.52278
0.0844207
1.1552
0.436378
0.21755
0.345876
2.16756
1.28115
18.5912
0.43489
0.4194
5.19431
0.255579
1.75676
0.14783
0.984162
0.513924
1.05959
9.94286
10.9137
3.84897
0.801452
0.807091
2.42513
0.0767002
0.0294679
1.71091
1.31894
1.12212
12.0325
4.60913
1.77436
3.82906
15.0055
3.97839
14.9797
6.20885
0.237066
0.205096
0.809122
0.501598
0.414655
0.326824
23.8593
3.48323
0.646507
1.60421
1.8237
4.19069
3.65801
1.33737
2.64701
7.16913
6.64134
1.44597
17.0782
11.3263
5.37914
8.28366
1.41198
5.76819
3.14507
0.897385
24.4485
0.128421
0.499307
1.82455
5.08124
7.53877
3.46048
0.328331
0.949946
33.0743
1.44171
0.244516
0.504064
3.36127
2.45445
2.03414
1.38194
1.94172
0.996798
4.61689
3.61574
0.25338
16.3872
0.496732
13.3036
1.60526
6.71814
0.276043
1.19296
8.73187
1.28979
0.291528
0.531854
0.610167
14.7164
0.36135
0.201644
5.48304
0.316889
11.3928
1.17232
3.28441
2.68592
2.54691
7.05819
12.0234
1.47759
5.868
0.544145
0.344995
19.9509
0.160775
11.5261
1.50216
16.4843
17.6575
1.02422
1.52918
0.422271
4.57037
3.13858
2.11938
1.76764
0.901742
1.10095
8.4108
0.306224
15.7704
22.9581
1.09234
3.22946
0.996707
2.21383
3.39132
0.535998
2.96031
0.195546
0.29082
2.51538
3.89637
12.049
1.10187
0.082394
4.66574
3.87641
1.08767
0.355052
9.97869
2.04281
1.65092
0.289326
4.81024
0.212938
0.839225
2.67554
3.0788
1.09269
0.376861
2.03538
0.317651
1.35237
0.723449
0.340474
4.94224
25.2364
7.15732
1.09292
2.75909
1.43126
17.4785
0.170088
0.275365
2.54166
28.0537
7.77543
6.02092
14.3383
6.98259
4.07761
0.213048
16.3191
1.08213
6.32413
0.70356
1.59283
1.39717
1.34006
4.24575
0.743245
0.69217
6.24718
4.24404
0.917376
3.44274
2.00958
4.35933
1.72713
1.34775
1.07964
1.36389
4.86238
3.62107
1.62559
0.283863
7.53281
7.98274
3.09422
17.6759
0.32435
0.389575
0.653089
1.34615
14.3397
13.9504
0.507093
2.23566
0.800533
0.296247
0.676614
1.70549
8.42449
28.9983
0.898115
2.79976
0.880075
5.03259
29.3504
5.06216
1.14692
10.01
11.8306
1.91737
13.9953
1.29179
1.46396
0.505681
20.2831
17.4812
10.2413
0.286832
3.68779
2.60213
3.77098
5.8669
14.3562
0.186878
0.653841
7.67521
9.28791
0.223056
8.85893
13.5802
1.27126
2.45262
0.353259
0.658941
1.28975
1.42854
0.412857
1.99774
6.45114
33.5754
2.57659
0.319606
1.87748
1.81681
1.38255
1.13536
1.16743
0.451819
0.649752
1.94871
1.12647
13.4956
16.8547
14.9664
3.0238
4.07065
1.70406
6.04797
2.48867
4.83142
1.88288
4.40948
21.0335
1.46152
1.63332
2.62473
17.074
0.533264
1.33923
5.13858
3.57316
10.6503
16.4991
1.10401
0.819941
15.0336
1.30564
0.614221
20.256
1.95294
2.11646
1.92012
2.68983
4.04709
1.2822
2.09796
6.17176
0.433893
1.04276
13.1281
0.390362
1.27443
1.4745
0.883981
1.12457
1.60403
26.3903
4.87935
0.963915
7.94624
0.24401
3.8541
0.518276
0.397236
0.0879005
2.6886
1.80978
14.788
32.9627
0.975167
8.84647
1.16335
6.6049
10.0182
7.35726
1.22123
13.2814
26.4406
1.50855
1.42031
5.39645
1.64442
5.33324
3.13853
3.30579
1.08715
5.02669
5.90817
0.556791
14.8283
3.5559
1.03017
0.62852
0.779939
1.98096
3.88861
9.8433
10.1327
3.40567
12.4108
6.4604
3.11363
2.39401
1.71106
1.49999
0.631361
6.21409
1.40808
12.7134
0.376747
4.67611
2.13164
1.59793
9.69804
0.278905
0.31221
1.67465
3.69544
8.78643
0.377058
1.48021
0.745702
0.434292
0.346146
12.9763
0.449943
0.405222
20.0496
9.53691
2.49593
3.68187
6.46154
0.974462
0.526465
6.90761
0.743358
5.88097
0.0860794
14.1333
13.3273
4.94672
5.87653
8.31613
1.08524
1.03411
0.362404
0.595063
8.94636
0.619209
1.45385
2.95521
2.23908
5.89119
1.07171
1.04526
0.655216
8.8758
22.748
0.381686
1.95813
7.32946
2.36835
1.83553
1.85396
2.9511
10.3088
6.02648
9.01452
1.0999
6.34105
6.78196
15.9005
0.128169
2.02256
0.636328
9.32916
1.26194
2.0736
18.6916
0.344784
3.00813
1.37327
1.30716
0.410416
0.873612
1.17758
3.34968
2.91652
1.16854
8.09662
3.80536
11.2758
13.5367
0.074342
3.86222
0.220327
2.65021
9.02566
18.278
11.4562
1.7232
2.09754
10.6026
5.03266
8.21564
8.67929
24.0574
10.7422
0.375506
16.8563
1.03415
0.767962
1.34086
0.810272
1.66233
6.28484
0.758868
2.23925
1.3408
0.910646
2.25974
0.469361
2.09138
1.57612
0.858989
6.02332
0.40541
3.25865
6.03826
1.2324
6.57171
0.5852
0.638736
3.94691
0.546799
0.689436
1.27343
2.51819
12.9992
7.57786
19.5818
0.271812
25.9643
2.26242
1.63637
2.01274
5.82688
1.81065
0.267281
0.33438
3.04358
0.414575
2.51508
1.5818
0.437826
0.287596
0.539926
1.00423
2.94086
2.3678
0.352213
6.19396
0.815403
2.13338
5.20865
2.85742
1.49785
6.04945
0.221325
0.123643
7.14094
4.70417
0.406151
2.05668
15.9761
1.90673
13.7524
1.10612
2.66139
11.2931
12.6695
0.821906
0.928737
1.1866
0.422972
16.9433
1.12253
13.6022
2.48203
0.99644
12.1897
1.09675
5.10285
1.10973
4.13085
19.9108
16.6139
0.657838
4.20646
9.49446
1.04691
0.858872
4.28973
11.0406
0.663161
0.0656514
10.2923
0.852222
0.633965
20.4665
5.14905
0.125666
8.17413
0.585775
10.8338
7.65891
2.2455
7.79214
9.5046
5.17909
0.404919
0.76527
11.431
5.57131
1.52525
0.684718
1.24978
2.52208
0.943478
2.3833
3.64719
2.16882
0.350828
3.82452
5.25455
3.43744
11.9974
7.89787
0.0429662
7.11622
11.3484
8.08357
17.5188
0.825979
1.39467
0.303342
9.17262
3.07934
10.0032
2.87601
18.7281
1.81656
3.08015
0.419252
6.65021
20.833
16.3366
9.29957
2.62603
0.712027
8.36476
0.181677
3.87415
0.452203
13.8858
3.27114
0.182815
1.77127
2.59751
2.14764
0.340923
0.36693
0.179451
12.17
1.08785
1.37852
16.9954
3.51866
0.171152
0.664499
0.0828051
3.96856
14.6615
9.79609
0.222809
1.42579
13.0244
3.80821
19.5003
0.675163
0.726137
0.486602
3.51996
0.558003
0.741453
0.485997
13.216
24.4557
0.799966
15.0879
2.97452
7.68502
3.03935
1.29777
3.62534
13.2779
1.03716
0.925929
26.5986
4.7964
15.3885
0.508613
1.53025
28.6909
5.59363
6.3455
11.889
15.1043
0.1855
1.13451
15.4522
3.47712
3.39043
6.36993
2.33323
1.70799
1.8553
0.411909
0.791721
13.075
0.437704
4.5672
7.4769
1.38735
5.41947
20.8108
0.269619
4.47264
1.53461
1.0147
18.133
16.3572
3.95792
1.71574
1.89735
0.495536
0.379357
0.674873
9.9409
0.272793
9.14203
0.622001
1.71837
12.8543
2.80457
0.259891
0.0453245
1.74028
5.37981
5.57183
3.47928
16.7953
8.84348
3.20947
1.61031
6.84126
1.30471
11.0269
2.50065
0.112318
0.0838342
22.9998
0.219847
1.95921
0.737354
0.2672
0.360095
0.137242
1.1958
33.889
1.49938
1.9588
5.05
0.56175
0.607267
11.6643
0.41397
7.21611
0.344243
0.125249
3.66796
3.64179
7.38443
5.45717
0.49766
4.31772
0.359588
0.630879
6.83051
0.140264
1.62715
0.600177
2.89871
15.01
16.6571
1.86192
0.41846
4.73661
2.0407
0.329249
4.10896
2.02203
16.4682
3.89989
0.763045
0.343203
36.5442
2.37489
4.23729
0.939362
22.0851
6.1422
1.22228
1.03292
6.41008
4.73561
1.01758
0.989312
0.385386
10.768
4.69279
9.89002
0.181603
0.983875
1.47454
2.08691
7.9203
0.523994
3.87495
13.2192
4.9848
3.93661
0.627015
0.247298
11.7413
1.50031
2.03264
0.228153
12.5394
14.9306
7.06003
0.4941
0.846127
27.175
2.09706
0.113948
1.64361
0.103124
3.58946
1.59789
3.14941
1.51897
28.3989
2.33034
1.0595
9.65587
15.2326
1.08336
10.7252
1.25454
1.01254
0.216892
1.53833
11.2694
0.537336
11.1035
0.573088
0.980707
0.402007
1.33382
21.2937
0.414091
6.30943
0.793204
0.755013
0.117836
6.27104
0.284709
10.1712
0.686566
1.53287
0.256811
20.692
7.29626
0.634191
8.00356
5.54847
8.79101
0.423723
1.77369
23.7521
21.1967
0.179954
8.60342
5.90301
11.0188
0.439871
0.648858
1.40065
9.20786
0.988536
2.96568
0.796229
1.89708
1.44752
0.460767
11.545
1.12473
0.810315
1.21841
5.18124
3.51941
0.606611
2.05886
3.68458
2.286
23.0662
0.511018
2.55037
4.13549
14.7579
0.745925
0.456617
59.8807
15.2501
21.7414
1.98946
11.4841
14.1807
4.78282
2.85193
0.42284
9.46433
3.00612
0.584133
11.1259
1.3176
3.01522
0.18036
0.819237
5.92789
13.6571
8.08003
11.1064
2.7481
13.8962
0.486187
8.80704
2.41626
15.1671
0.391944
4.88149
4.25977
5.39494
1.47604
2.58166
0.661475
0.425947
1.74089
2.15817
0.561925
0.0948856
1.80127
0.941029
1.92033
2.9478
12.683
0.28343
13.2978
0.500236
2.98426
2.14946
0.189226
11.9445
0.0988245
13.4722
14.9989
1.52163
4.47653
1.37223
0.70454
5.81789
0.310975
0.0759237
0.720804
3.1953
1.72078
29.3996
17.8753
11.1467
0.20855
1.1929
0.52766
1.32051
0.11577
2.07812
1.03625
2.14077
0.555143
0.448455
0.0899293
21.9359
21.7175
3.31336
1.07604
4.68239
5.91818
2.04604
1.32125
0.211697
0.749941
1.28245
2.50762
5.30858
1.14024
10.0673
1.72253
0.946834
1.09885
2.10451
0.860131
1.28747
21.5428
6.63769
0.114366
1.09142
6.44652
2.26453
0.335148
18.2942
18.9193
2.34951
8.01226
0.355661
1.07376
6.40866
7.6937
0.66897
1.93902
0.88954
2.35355
13.4217
0.502545
0.389195
19.2227
4.73637
3.19096
13.4294
0.654691
0.469589
0.605631
5.98785
6.19038
0.518035
0.519342
0.676066
4.77252
0.342943
1.40331
1.92867
11.5514
0.897834
0.879976
3.77416
0.998061
3.88559
5.92664
14.0597
2.48802
2.68038
1.69483
14.6486
1.03783
1.87893
0.860747
1.01258
1.15971
6.43493
3.57225
0.840782
0.906722
3.88436
24.7836
0.514175
3.16312
2.0162
1.14261
6.39105
0.626046
0.292157
0.605091
14.0775
0.387205
2.65204
0.458646
2.4383
0.683298
0.824949
0.85442
0.875739
6.16208
0.903971
0.739621
17.4794
25.2445
0.874221
5.08113
0.837553
1.98184
1.03299
4.59719
0.568395
0.419693
0.381617
0.501743
2.25555
4.33304
3.39281
0.627481
4.31678
1.52811
0.539232
1.43222
1.15751
1.04895
2.82467
14.527
0.894473
0.28343
7.70933
2.03086
4.30013
4.13736
16.8837
27.3851
7.16914
18.6518
0.512442
0.0878441
8.27193
8.94721
0.112753
1.67089
0.472277
2.76053
0.306584
12.6544
1.33982
0.943114
0.548873
1.7699
0.743173
1.88666
9.94736
1.10782
11.4488
0.6914
0.474166
0.57806
9.70087
6.84693
11.2402
6.16118
2.15532
19.3147
4.51243
0.978752
4.84065
2.53215
25.0129
0.0692076
21.8726
3.87979
0.687233
7.913
2.9213
1.1432
23.8279
9.4806
5.21519
8.84739
2.70072
0.306038
29.0964
19.7695
7.65635
0.31323
2.38404
0.807125
3.37157
0.430069
2.36564
0.322763
47.4267
16.9137
5.32442
1.08775
3.4343
5.35175
0.913183
1.81415
2.69757
1.28914
6.2142
1.19353
0.192394
2.04234
0.694452
0.19697
5.90379
3.80714
10.4131
0.516732
23.9013
0.478274
14.6729
0.818849
2.03883
1.64762
0.204265
5.78456
5.02552
10.2471
1.39391
9.7783
7.41571
5.43576
1.49419
23.2545
1.28315
2.22024
9.84138
0.759951
1.06569
16.2779
1.40738
0.288809
2.95976
15.8215
3.03024
1.64538
1.26184
9.76004
0.462278
2.20965
0.923244
32.4266
4.74757
2.04394
7.53057
1.75772
1.64072
0.424138
0.302497
2.50516
16.8157
0.430663
1.07825
4.43774
3.97714
0.222381
14.1516
1.15489
19.1732
32.4283
3.66328
16.8894
4.49507
4.49977
7.484
1.16491
2.43538
9.19524
4.19035
0.295682
0.330426
0.883657
19.264
2.1027
1.71226
12.6097
0.979943
2.65557
0.561161
2.87483
12.3638
1.03078
0.559666
20.253
0.443158
1.18052
2.17758
5.05172
15.983
1.19838
11.034
18.0733
0.380358
11.7416
0.0698381
4.60318
0.28
3.72304
0.941476
0.0528502
2.45425
3.04557
0.436229
15.5627
7.62317
44.1231
0.635508
1.15077
1.13467
2.97885
26.5988
14.9736
0.518358
2.14725
6.99293
0.263819
0.43114
7.51332
26.4299
0.367358
16.1477
2.16983
3.13279
0.467517
2.01492
10.0225
8.41918
8.73027
20.0415
0.952693
3.99403
6.34029
11.4013
11.2526
8.62041
7.29757
2.70789
4.89479
0.682328
20.2889
17.5211
6.65822
0.163064
0.559862
12.4821
12.8459
40.0202
11.7686
1.00635
0.653492
0.310511
3.33663
2.3531
1.29828
0.39993
0.598401
1.01152
7.24094
13.8407
1.20035
9.70059
1.66226
1.04432
1.09186
13.1473
14.5627
23.9281
1.5216
1.31193
8.19413
0.560757
6.08618
3.31688
2.64039
2.72423
0.838665
5.57369
1.17752
12.5445
4.74543
3.5292
3.6571
0.510436
0.957961
0.776624
6.35543
0.832612
2.14469
17.1823
0.735137
1.32212
4.39968
0.711381
9.4356
1.72903
12.1446
13.701
2.30842
1.51657
0.590952
0.375178
2.12328
1.67983
1.26243
2.16991
0.502781
0.333341
1.19513
0.538931
12.8286
0.225959
7.02123
1.41312
0.239095
9.78734
1.55863
2.4851
13.1674
0.392403
1.0366
6.47132
0.10274
1.02295
0.802405
0.438197
7.94375
0.306035
4.7888
8.39934
0.032438
4.50996
14.1042
18.7881
0.118275
27.7665
1.72056
0.905574
0.30294
0.104698
0.0655596
3.71004
2.5655
2.15423
26.9453
15.7042
2.6249
0.43111
2.69472
2.36905
6.29604
1.64218
1.64296
0.365921
0.537929
37.413
0.0846785
2.17778
3.02337
2.24117
1.82843
3.61915
1.77192
4.17714
4.07325
5.88209
0.209215
0.648857
0.865634
12.3017
0.975477
1.09383
21.7202
11.1845
0.279869
1.71542
2.44305
0.733165
2.26607
0.671196
2.64186
0.700653
20.6429
4.05351
0.575927
6.99182
0.57085
8.79491
0.907188
1.39115
27.9331
1.38293
16.8342
10.1827
4.07198
8.55947
4.91839
17.8556
0.649458
0.507632
6.12241
1.13874
18.6816
12.3972
0.596588
8.27035
1.4487
12.9669
8.33791
0.666073
1.5343
6.2034
7.70036
8.43885
24.9034
8.6525
0.807677
0.743374
23.8495
0.508761
0.752861
4.758
5.43345
5.18326
0.327356
13.407
0.240125
5.669
3.17782
4.82967
7.31848
12.4744
1.90296
1.07685
11.0233
0.176236
0.55932
0.507998
2.04296
7.54608
2.60936
0.918233
6.76278
15.7016
0.654151
0.774115
1.53517
0.400091
9.7617
0.455278
21.3524
0.496919
0.134002
12.799
0.520364
4.63155
18.1333
1.6502
0.541573
1.8841
12.18
11.3984
2.12148
2.66434
14.9664
1.8504
49.5875
0.187556
0.360633
2.55234
2.54337
1.26827
5.41633
1.89497
4.50093
1.8646
0.681925
16.4277
1.63809
0.46354
2.72694
0.416878
0.789496
2.83942
6.19651
8.13526
0.999196
0.854437
2.2275
1.99665
1.42149
3.41354
4.76681
1.4675
1.0905
0.354223
6.29891
1.04272
8.62297
10.4829
2.06229
2.38099
0.101493
1.25288
7.44079
22.7106
0.418752
2.32847
0.159642
5.29946
3.61105
3.36398
14.351
9.55223
1.4482
0.281233
2.58777
0.515252
1.51416
2.46739
9.46186
40.61
2.11851
0.304788
1.30494
3.56832
2.09694
8.24623
0.474272
2.49627
1.36958
0.91797
0.242826
0.199431
0.049367
0.442096
2.4796
0.712015
5.67185
2.73153
22.1807
21.0109
1.16109
9.23426
1.51163
4.24072
14.1253
1.28389
0.756682
0.308751
1.23364
13.0479
0.488743
1.67776
6.81848
0.724351
8.64564
0.622508
2.63128
1.14741
1.81295
3.07499
2.67227
6.16163
0.654729
1.5946
2.7034
15.2119
3.40764
9.21676
0.281378
12.7005
7.99377
0.516471
1.2902
4.1049
1.59064
15.921
1.63298
6.81711
0.127696
1.27394
0.184584
8.59371
4.12306
0.878504
1.76546
1.42912
3.51939
10.8474
8.72814
0.164602
1.7964
0.798143
1.94579
0.291103
2.57267
1.13973
1.53992
0.166055
0.896873
1.64034
1.63344
5.55008
1.00593
0.182258
4.2812
8.86538
1.11247
0.471976
10.2556
11.014
6.24726
0.616782
1.60152
1.45485
1.18302
0.437726
0.137597
15.3416
1.5432
0.776336
3.96683
2.21628
5.1343
4.46763
1.23957
3.45758
5.18948
9.44272
8.97238
0.654707
0.90754
1.85948
2.23062
6.57795
1.51503
0.366222
7.40675
0.0728403
2.63407
9.18708
8.52502
24.8784
2.53005
1.308
26.7517
1.47367
1.14865
0.350029
3.08028
0.507187
0.0431104
0.978612
0.761577
2.64337
0.453762
13.0016
0.885584
0.610075
0.319658
1.22312
2.08113
2.4573
10.6434
10.0258
0.728792
0.759982
3.10573
6.86276
0.642077
0.784834
1.29997
1.85556
0.505126
14.9489
1.82665
6.40794
5.60313
3.31587
3.8381
14.5503
0.741523
1.00682
1.41071
6.10924
2.26798
1.08657
68.485
4.07099
14.8821
0.835524
0.705744
0.599136
1.43813
0.509413
1.05052
0.576825
2.6314
0.14642
8.12381
7.60407
5.62757
0.155653
0.72602
0.240283
9.25688
1.38556
3.42202
2.49141
1.55619
27.8656
0.780241
0.495093
3.4938
1.31384
9.22877
4.41753
1.78786
2.16624
0.410159
2.46417
3.43606
0.276143
0.304645
2.77014
0.802802
0.334491
1.3542
1.85697
0.989563
0.99921
29.0688
2.30142
0.697788
0.391334
1.16149
0.127676
0.458548
18.1836
2.02441
1.1466
0.552013
5.35941
1.30567
13.3449
0.795173
8.14211
18.6525
13.171
2.13052
10.0842
0.509881
1.69342
0.915327
0.354117
18.2783
12.6654
4.73005
9.40833
2.09666
0.829577
2.987
2.42151
1.93434
1.04034
7.57028
2.55441
0.489129
4.16524
2.13181
1.84226
0.358737
4.52087
1.16365
0.773692
1.58399
14.3197
0.883581
2.86255
0.830612
0.410857
8.74423
4.00315
5.09091
0.275494
5.17984
0.0244213
0.931502
18.4957
1.16735
19.9298
2.30102
0.802715
0.714025
2.2375
8.1775
1.83815
4.97301
1.68777
18.7125
15.2254
0.670552
1.50152
2.21586
0.883336
0.355152
0.976047
0.248599
0.604713
0.208829
1.57549
20.9883
5.37397
15.1622
1.27824
0.176439
2.68683
1.5047
0.629207
0.604466
1.46044
0.324435
0.845957
1.24394
0.535524
0.858987
20.7962
3.05906
1.48648
0.387521
4.8622
0.673486
2.4233
16.7692
4.46492
0.146397
6.01495
1.20817
0.512786
10.6048
0.351551
1.9365
2.18641
0.29645
11.9667
1.51774
20.2342
3.67338
2.25708
2.0997
17.9421
5.25845
11.5316
1.63345
1.26115
1.28009
0.708099
2.16872
24.2246
1.2303
2.73881
3.07324
1.30558
7.34961
1.4268
9.7458
1.68974
5.19343
0.603058
0.893706
3.54595
11.0632
8.4827
14.551
0.687656
8.32836
0.768322
0.183351
3.26648
0.986397
4.7017
1.50696
0.872955
1.21762
0.665217
0.687259
2.67059
4.0238
3.67305
0.300974
11.6998
3.90086
5.53869
0.442593
8.40052
4.71484
0.461447
2.26056
2.44318
1.57624
0.549392
1.35449
0.690426
0.553465
2.23139
0.746036
6.77352
14.7837
0.720675
2.48288
12.4818
8.93776
4.18024
17.1311
1.11739
1.87952
4.75233
12.798
1.4788
4.59616
0.350226
0.345702
3.74715
2.50836
29.6745
11.7061
3.55552
8.87722
8.18865
15.0787
29.7797
30.3545
1.86638
5.62711
34.6186
4.19194
26.3781
4.30377
0.750769
4.93358
1.47744
0.350341
0.88684
14.7366
1.08422
2.2993
2.20552
10.128
3.71971
0.187609
3.1893
0.637529
2.36192
7.83492
0.465412
3.15727
0.894214
0.144064
17.2879
13.1602
3.91446
2.41823
8.85581
4.62158
1.04803
7.15646
16.4032
1.86453
3.46486
19.3024
0.704322
12.5313
1.86032
0.563937
1.20553
2.5306
0.645403
0.456707
0.267274
3.0905
4.79617
0.569099
1.86512
0.830803
0.575383
16.3242
11.6883
0.211018
1.22702
1.79402
33.1092
0.582557
12.1852
0.561459
0.792187
3.46483
0.807985
0.326094
10.1902
2.01681
9.22991
48.0851
13.3626
2.36345
12.9035
5.57784
18.8905
0.363093
1.66997
3.42113
5.90623
0.549286
11.3161
3.61105
0.558368
0.581941
0.252181
2.44575
16.8341
1.33739
5.08655
0.619051
0.885269
0.478749
3.42821
0.189124
15.8261
11.1864
0.843465
1.4983
3.52309
0.92725
1.58776
1.12342
3.41411
2.4664
2.3756
0.333587
0.494379
4.35288
4.92203
0.331993
1.81696
0.18372
5.18195
3.12355
0.940851
9.86098
0.715197
0.265126
0.468958
1.11092
2.93277
11.1818
2.91745
4.88056
7.2875
1.54527
14.5032
1.31033
5.85061
0.869838
5.93434
8.82582
6.18838
4.15545
9.49235
3.75019
1.20334
