2.6948
0.762666
4.37266
1.91102
1.82495
1.045
3.55208
1.70245
2.83803
1.00235
1.46348
2.19687
1.27988
0.364019
2.46405
1.47496
3.28765
1.8077
3.95367
5.32315
1.99561
1.21271
4.22097
0.575638
1.36702
3.29257
3.72525
2.23468
1.31856
1.62154
1.02818
0.855642
5.06164
2.91392
2.48381
2.05647
2.11258
1.91921
0.393466
3.64981
2.02944
1.10357
0.72933
1.43467
4.76185
5.71947
0.96533
1.60611
5.50519
1.9053
8.24342
1.50682
1.79521
3.57002
2.85674
4.37857
1.3111
0.733184
4.05754
2.76643
6.83693
1.80313
0.836613
0.741433
2.91768
2.43185
2.22399
1.86355
0.938471
1.31666
3.41793
1.67053
8.86691
2.85938
0.966018
4.24568
1.5621
2.00475
1.22445
2.60761
7.74787
1.14633
2.28359
1.46779
1.34359
4.89892
1.18249
1.88863
2.97696
1.85106
0.830547
2.80644
2.32449
1.718
0.862544
1.31168
0.870464
2.96783
1.29072
1.14202
5.09785
2.23299
1.1878
1.26788
0.574592
0.648191
3.61653
2.11794
3.53851
3.43441
3.30158
2.10211
3.05279
1.78414
1.33091
4.81889
0.937264
1.22119
2.93698
3.29721
1.59226
3.20332
2.32969
4.83159
1.62629
0.888583
2.696
0.933637
1.30827
0.48121
1.88273
2.11798
2.04323
1.08939
5.29884
1.05908
0.851833
1.77741
8.90915
1.46267
1.61092
1.70828
1.20597
2.90124
2.46757
1.74753
2.60209
2.41125
2.09074
0.259444
6.50253
1.88568
1.44349
1.02197
1.20674
1.09396
0.650816
1.39019
2.23751
2.50007
4.5161
1.70881
2.40548
0.69068
3.33416
1.62955
3.77797
2.74885
1.33023
4.9444
4.7216
1.2672
5.0803
0.911594
1.85507
0.858653
1.49182
2.57222
1.44619
7.30689
1.68232
0.872127
7.66499
0.810567
1.38875
1.72532
15.7992
1.3908
2.06794
4.07172
1.65857
0.895349
5.24325
1.43514
2.33921
1.78193
0.730136
1.68536
1.62802
1.53332
6.48827
4.44778
4.18352
1.45588
2.881
3.77583
0.66748
2.55602
0.99274
3.22476
5.38096
2.46352
0.553592
0.648177
0.781449
3.50371
2.05461
1.97521
2.52046
0.877867
2.65775
4.67134
1.58626
3.94876
1.33548
2.76137
4.81553
1.49724
2.28781
2.43436
1.26671
8.83322
1.84586
6.82545
2.98434
3.43502
3.34061
3.97022
1.40645
0.681741
2.52903
4.81267
3.52828
2.04533
3.41417
1.19187
1.27362
3.41714
3.1307
1.95998
1.50105
1.59639
7.5788
1.21431
0.730997
3.9765
2.15628
4.40805
1.05414
1.49123
1.23943
3.09608
6.56356
11.0555
3.74797
1.53625
2.31682
0.875732
2.96082
1.40101
0.581814
3.08218
0.599881
2.14918
1.91933
1.95919
0.968067
2.7827
0.927611
1.63647
0.833664
2.70721
2.25394
2.23045
1.46888
2.55461
1.71599
3.8183
1.72241
3.38836
2.24153
1.87576
3.05126
4.6758
1.04441
3.33348
2.76969
1.39609
0.664395
0.614343
2.53233
3.1881
2.56994
0.568157
1.29455
4.43727
3.22509
2.00648
7.05725
2.12338
1.13181
4.03668
2.91443
0.845663
3.71324
1.59605
2.48004
1.18817
2.36638
3.19365
0.750529
0.646244
1.38547
4.03759
3.72247
0.601171
1.36735
1.5597
3.7992
1.07695
1.05
0.738168
1.59633
6.33847
1.16923
5.0834
1.28305
0.675751
1.34022
2.84408
0.656132
0.512395
2.08884
1.82943
4.41462
1.81575
2.85074
3.7328
5.99367
2.06151
2.18948
0.531512
1.11122
1.16846
0.828059
2.89945
2.98846
2.87131
4.00984
2.03427
1.63572
2.01397
1.69034
2.43142
1.01463
4.26137
3.90073
0.624647
4.4051
0.770726
1.25079
2.6465
2.16519
2.53843
3.37721
4.39648
0.978614
2.16667
1.69139
1.08249
0.935576
1.09622
0.620412
1.50773
1.24306
1.21912
0.866471
12.2717
1.3347
2.70249
1.46425
2.75433
2.51932
1.14402
1.11633
1.97678
1.21835
1.07148
1.14634
1.5234
0.494025
2.08127
3.82665
2.05969
0.874585
1.36811
8.67235
3.46403
2.16038
2.89082
3.1458
5.43691
2.38886
0.99823
5.35579
3.13518
1.17425
0.943382
3.86013
1.97778
4.2477
0.759111
2.56273
3.87002
0.742155
1.51243
2.09796
7.61876
2.70827
2.94155
0.69429
1.89217
8.57945
1.50012
3.20818
3.23101
2.2679
1.25703
2.25817
0.387341
1.81655
1.19559
3.89456
1.51977
2.35505
2.23132
4.30865
3.19552
1.52223
11.9761
1.78084
3.48493
1.21741
2.59887
2.30709
0.942334
1.04697
8.44386
0.692698
1.70425
6.62039
1.85125
2.35572
1.87704
6.70361
3.62974
1.7099
2.16497
1.73255
1.76287
2.0853
2.95095
3.26441
1.25824
2.71907
1.78115
1.52438
1.27663
3.53575
5.78956
3.68043
2.02472
2.11305
0.875218
3.29675
1.46209
16.3024
1.37881
0.886816
3.16815
1.82618
3.33208
1.13528
1.06904
2.26565
3.29772
6.47684
5.40809
0.616432
3.27778
2.74682
1.45477
1.17615
3.59397
2.84356
1.36345
1.98878
5.36481
0.705741
1.13114
0.579155
1.28274
6.96172
2.11916
0.737745
4.76747
1.2247
3.68455
2.33652
0.586277
1.67298
0.929612
0.799418
0.722061
2.99486
1.18782
1.35714
4.41418
5.12011
1.06025
2.54815
1.23058
1.4411
0.690952
1.81852
1.31934
1.14014
3.29542
1.92199
6.35547
3.52972
2.52885
1.27873
2.53568
3.36258
1.21952
5.12461
0.817232
2.19137
1.15456
3.74216
1.31868
2.80776
1.34653
1.2706
3.0902
1.35048
8.51047
1.71628
3.64236
1.17327
4.29248
7.50396
2.0126
3.78963
0.865741
5.72363
1.74526
4.04713
1.2773
4.93926
2.8364
1.66479
0.903346
1.07592
1.10563
1.69076
2.55092
3.4161
3.96774
1.8911
0.867554
2.4943
4.38577
1.75309
0.625499
3.19873
1.82965
2.94804
9.2224
4.45223
0.836159
4.63304
1.39332
2.12201
3.77184
4.04149
2.70156
1.50452
1.3814
1.86237
1.27174
4.90944
1.85635
0.537632
1.96921
1.70528
0.718874
1.76086
1.78229
4.87982
5.75301
3.84214
1.23782
4.13353
1.55684
0.92501
3.91114
3.73741
0.705853
2.26997
1.28364
0.513856
3.47467
1.00665
2.2923
2.19412
3.78931
2.42632
6.78305
0.745237
0.747272
3.35566
1.69907
5.25258
5.99683
2.70347
1.18552
3.02773
0.799046
3.48611
1.35472
4.39732
2.38601
3.04397
1.24138
0.549889
3.87839
1.68777
8.91407
2.48367
0.444868
1.29489
0.799752
1.14938
3.33912
4.77255
2.98539
1.90035
3.95963
1.11126
0.946628
0.917289
1.17547
2.37968
5.98876
1.64291
5.26818
2.49152
1.50042
0.757406
3.45517
0.895307
2.09886
0.806618
3.12655
2.45008
2.91291
1.44808
4.1171
1.38632
2.07568
5.97839
1.05016
1.97037
1.23035
3.03194
1.87438
2.0059
1.00645
1.08981
3.78714
3.74344
4.65715
1.40527
1.4487
5.751
3.5732
1.44848
1.67775
0.424112
5.59526
1.10631
0.94635
1.13533
2.15869
2.21925
1.15737
9.69881
0.706794
2.31432
1.81122
1.16167
2.30258
0.86191
1.48742
1.03492
4.57541
3.3355
3.80217
1.10559
1.53734
2.58102
3.19489
8.28076
4.38336
3.96632
0.807844
1.12751
7.04295
0.517773
2.37946
0.48196
1.3064
5.42598
11.1285
1.54375
0.856262
3.19628
2.85269
2.58663
2.09659
1.76687
2.7087
6.40722
2.66286
3.99473
2.96896
1.23495
8.00967
1.99113
3.38173
2.11007
5.04107
5.73948
6.0964
0.8497
2.98838
1.73172
2.40035
7.68288
2.30138
4.62323
1.45231
3.09805
4.95205
2.84549
2.16799
1.2229
8.36641
1.76374
3.42318
2.61223
0.932807
1.66607
1.13875
3.26003
1.27113
1.55278
0.80797
5.16587
1.57833
1.34443
2.57748
1.2881
0.900421
2.6808
3.74684
3.29339
4.67401
7.16013
1.36784
3.39104
1.8974
0.838734
1.40517
0.62832
4.60408
0.438343
1.71668
2.93245
3.02102
1.48093
7.53645
11.894
1.40454
1.5963
0.967025
9.40065
1.90374
1.57059
2.7551
1.87073
1.16327
0.754396
0.71529
3.8013
5.69229
3.90641
1.67661
8.91956
1.24032
1.22353
4.04472
4.58863
5.33858
0.574753
2.95675
11.6061
1.18851
5.56356
1.05345
1.92754
1.51069
2.27998
2.67385
1.20659
1.57654
2.33175
3.45828
0.777465
2.8906
3.25739
3.40776
0.821078
1.1351
2.16066
3.06046
1.54803
11.0771
4.07443
0.538931
1.48701
1.21788
1.46851
0.637673
1.30712
1.10719
2.57097
6.60525
0.766147
1.43878
7.22977
8.67542
1.08894
4.98225
3.18493
0.558756
1.25091
8.68982
3.53727
10.4081
1.6734
1.1178
0.746534
4.25989
1.34054
2.30459
2.06732
2.15492
2.72801
0.977812
2.72862
1.69125
3.48906
3.12073
5.49436
4.12973
3.98167
6.96474
1.30495
2.96365
1.292
1.00025
0.972016
2.42296
1.36819
1.50848
2.37081
1.60336
2.45935
1.96764
1.08463
1.52098
2.69565
1.94184
3.01528
2.99814
0.846821
1.43679
4.69925
2.23038
3.39029
2.45131
3.02391
2.10798
1.42839
1.43576
5.50275
3.19882
1.67896
1.45973
1.47955
1.40008
2.36472
1.54842
2.26008
0.68323
1.0248
3.36071
5.40676
4.59986
0.571006
3.70264
1.02383
0.883954
6.69858
3.788
0.838726
1.18305
0.643886
0.651128
1.36561
2.26048
5.25476
3.65871
5.5584
1.41016
3.07113
1.44487
0.922909
1.61407
1.83112
1.67824
0.869706
2.07311
0.809729
2.42301
0.801008
3.82345
5.91437
2.17055
1.50527
2.18026
1.86287
0.899801
1.38939
0.957512
1.25301
1.12723
5.25333
1.39536
3.43829
0.918457
1.86625
1.09953
1.31059
0.899443
3.94283
0.847669
1.26309
1.08888
2.01946
1.58271
0.518556
4.84967
2.61707
0.829095
7.94954
9.29368
0.778095
1.83034
1.88235
0.794885
3.3154
1.46753
0.774687
3.08921
9.02538
1.91403
1.06026
2.34123
0.952533
0.662776
0.878704
2.68836
5.79361
0.782641
3.82313
0.751126
4.24134
7.21626
7.68419
0.670458
1.62742
2.17797
1.91496
5.91029
2.73551
0.862917
1.94321
3.20307
5.45979
2.71785
1.72278
3.05126
3.02435
3.51479
2.25009
0.680027
7.69745
1.54386
3.1191
10.2955
2.5304
5.62057
2.65368
1.60507
1.7138
2.063
2.26296
5.86643
1.51276
3.97412
1.05023
2.78192
1.34214
1.0081
1.16059
0.637219
0.911364
2.92265
3.76634
1.96183
4.1667
3.93713
2.59526
0.615214
0.755395
0.842023
5.63365
0.670335
2.81176
0.610509
3.17815
3.00174
2.40972
1.4561
2.06307
3.22075
3.39111
1.28031
1.2642
1.44205
3.93417
6.63613
2.73914
2.67197
8.32035
0.908898
9.82689
1.96164
2.04234
1.11919
5.02067
1.86561
1.3585
2.07135
4.89363
0.585211
1.68416
0.754703
1.80714
1.53488
2.1606
2.01954
1.1994
1.7712
3.56702
0.597387
1.92599
2.4373
2.91973
1.55038
0.979382
0.522575
0.435482
0.85236
1.12432
11.1153
2.66611
0.864452
0.975535
1.28945
3.74058
3.67144
0.881244
0.700414
2.30284
2.35766
4.62444
0.876143
16.4477
2.33368
1.44339
0.688174
2.76536
0.483946
0.774442
0.781792
0.993818
0.989827
3.10109
2.05521
4.66588
1.16421
1.68709
3.1017
0.723776
3.82854
4.95037
1.16408
1.22897
1.02065
2.23323
0.225502
0.721634
1.78781
2.14823
1.67207
1.35964
1.40403
4.14668
1.34094
1.72915
6.153
1.84709
0.91755
2.46349
1.12892
3.33669
0.539841
1.67516
1.16343
2.09532
1.44593
1.25236
6.53835
0.813219
1.02289
3.08124
1.62252
4.99627
2.21146
4.22254
1.2205
2.06364
1.47292
1.20431
1.35552
0.669177
1.06054
4.50423
3.63571
3.91297
2.21502
1.66426
2.42691
1.22589
1.64632
7.66609
4.46814
1.58805
1.08039
4.42855
4.12401
1.63938
0.432618
2.47272
2.1744
1.94573
2.97702
0.945387
2.48509
1.31269
0.748987
1.43582
0.999728
1.29016
3.70296
5.55991
13.2008
2.08416
0.993169
3.29433
1.90906
0.919148
1.97857
2.18477
1.73497
3.62196
1.69947
1.91708
2.01444
1.54988
1.76615
0.381136
0.876987
3.73465
0.995639
0.78077
2.1098
1.69954
2.80843
1.28862
1.92527
1.33758
1.31191
5.61992
1.36443
1.96833
3.08444
0.651568
0.606647
1.25803
1.49396
1.74449
0.948342
0.861358
1.47081
0.460195
0.90369
1.50063
0.498391
0.76868
2.45598
1.06541
1.21978
5.27884
1.54209
4.53662
0.958852
2.26133
2.03916
1.71878
6.7009
5.15398
3.29027
1.31516
1.78224
2.03863
4.18058
3.12323
1.26614
4.94473
2.10686
1.01707
0.564488
5.03732
1.65728
2.58018
1.57232
2.52467
4.73667
1.27214
0.560031
2.23196
4.45142
3.61354
2.63521
5.10393
1.54256
2.22233
0.708281
4.2166
12.812
3.28952
0.71443
3.07555
3.09958
2.00321
1.38864
0.137467
2.18676
1.87407
3.46803
2.43702
7.00866
1.31279
2.62531
2.45452
2.75363
3.65976
1.03973
2.31651
1.29556
3.17871
2.67474
1.34993
1.09252
2.82735
2.67896
1.39439
0.929341
0.867897
0.618564
1.38607
5.82863
2.91033
1.1763
1.65193
1.16952
1.6863
8.52581
1.79238
2.04781
0.782568
1.19488
1.12263
2.38888
1.88925
0.748947
6.48038
0.854424
0.859919
1.92394
1.31795
6.16088
2.97574
1.91548
5.36767
2.06428
0.790762
2.84421
3.75554
4.98431
0.875466
2.62628
2.762
1.80406
2.5569
0.680399
1.03492
0.722096
1.55545
2.81198
1.30473
2.96457
3.76131
3.10627
2.41563
3.32402
1.49919
2.10179
2.05919
2.87902
1.07794
2.06147
3.46227
2.07135
2.04389
1.19944
2.01037
3.28829
1.18754
5.25748
5.07532
3.53408
2.79446
2.36992
3.26664
1.12584
1.07724
3.18532
5.27812
2.95682
2.3399
0.972332
1.05079
4.3333
0.930681
1.87426
2.38057
1.35285
0.651437
4.24826
1.58476
1.8843
0.773101
4.66786
1.66704
4.83796
2.80195
0.901748
0.918527
1.14883
3.74053
2.09798
0.987319
1.67608
0.937134
2.69618
2.77208
0.481574
1.3017
2.68553
2.0603
1.25122
3.28849
6.16705
1.12355
0.550576
2.19826
1.35878
7.03162
0.706012
1.01513
3.92707
2.80476
2.11127
2.6629
0.943372
2.49099
9.56625
1.37705
2.54105
2.01133
1.45891
3.25024
1.80029
1.03758
2.88323
2.41339
0.810397
1.39215
2.92278
2.57589
0.939061
1.07691
0.82064
3.32824
5.97454
5.10868
1.19024
1.87123
1.924
3.54388
0.923167
0.98477
1.52709
0.777504
2.34112
1.22166
2.76052
1.80285
1.56004
0.438576
1.02396
7.88002
0.787851
4.75161
0.506001
1.01229
1.07218
0.844908
0.784369
4.99592
3.21992
0.673462
4.18489
6.296
1.3723
3.39006
3.56055
1.06056
3.18576
4.35849
1.35159
4.18144
3.55211
2.2485
1.66795
4.9896
1.06117
1.75204
3.84782
1.17545
2.66814
2.26024
11.2897
5.14742
1.09333
2.37242
1.0484
3.11723
5.07619
2.1701
5.45488
3.75842
6.28713
4.0307
2.97397
0.731552
1.85691
2.4825
2.39275
2.12073
2.44655
2.92487
1.11134
1.47642
5.12245
3.38318
2.93384
1.3227
4.99776
3.27074
1.03189
3.11794
0.81711
2.98368
1.69622
2.12285
3.24843
0.801246
1.87031
4.02939
1.30735
4.65171
2.49398
2.28785
2.22879
1.50442
1.30212
3.71818
3.34108
1.60908
4.97607
0.96662
1.14133
4.84961
1.86506
2.90613
1.42946
11.9715
3.56283
6.07049
6.08227
0.642475
3.43479
4.68326
5.27282
2.77345
1.37953
2.46899
10.2021
0.911755
1.74399
7.49333
1.36857
6.13703
4.32516
0.624424
1.33402
6.18703
1.92274
1.79285
2.90606
9.02061
2.92427
9.83382
0.713535
0.904434
1.45094
1.95506
4.87312
0.600847
2.27592
2.05414
0.270722
2.02365
3.54217
0.517895
0.798343
2.90093
3.02116
1.15176
3.26999
6.67478
2.64704
6.47528
4.61245
0.602912
2.60311
3.85857
3.05433
2.73466
2.69886
1.00409
2.01082
2.16328
4.52496
5.53538
0.842009
6.40874
2.08886
1.36815
1.12394
0.471531
1.90083
2.50905
1.70998
0.487032
1.96812
5.47118
3.14054
1.22157
3.8807
9.98875
1.99191
3.46646
3.66838
1.9954
2.00417
2.50036
1.2268
0.766321
1.76871
1.38544
3.43647
3.78964
5.17735
3.71048
1.13279
2.41709
0.726827
4.30721
1.41287
1.41732
3.11091
6.84926
1.99756
3.72767
0.484309
1.62726
1.74295
0.892883
4.00988
1.03455
5.12423
0.607277
0.87229
1.75999
2.36622
1.18177
1.06779
6.82314
1.4535
2.08455
1.47114
0.174569
6.968
0.565677
6.97049
3.42914
1.28087
3.94865
1.36127
0.315398
1.24048
2.05736
1.70464
1.91448
1.927
1.24543
4.47403
3.48472
0.91691
0.717568
1.64105
1.05327
2.0071
2.12491
1.70617
0.909318
2.1522
0.94699
1.08202
3.36389
1.44418
3.55831
2.69654
1.95479
1.1909
5.67466
2.60578
0.897277
0.840423
0.940911
0.967866
0.853243
2.36543
0.775622
3.51257
0.715827
4.008
0.632871
0.387029
2.9424
1.52241
3.15659
0.820296
0.571136
1.94555
0.635353
2.37949
0.672215
8.5351
1.21215
1.40673
0.655616
2.46874
2.13584
1.1237
1.01125
2.90951
1.0892
0.643895
2.85207
1.54667
1.37337
2.52825
1.33107
0.560855
1.0858
1.68219
6.87516
1.01986
2.7582
4.70413
4.40957
6.29357
1.17728
0.646487
1.06843
0.976525
1.46033
3.69949
1.86091
1.41005
2.12903
5.63168
1.325
4.31529
2.10135
1.00002
3.11336
1.23037
6.72554
2.37103
1.98601
4.59475
1.84332
16.6147
0.891144
3.13055
1.06345
2.72931
1.93908
4.34395
1.39436
1.20207
1.48097
2.1325
0.829178
0.587675
1.86347
1.70446
1.44557
2.08007
0.986485
1.86813
2.02088
3.11549
1.06975
5.10978
1.77409
2.10216
1.19711
2.3524
2.64952
0.686808
0.658121
2.19251
3.25805
6.78242
1.01064
7.42775
0.974906
1.14566
1.19307
3.38082
1.17009
1.16078
5.46722
11.8306
3.98677
0.604001
4.0314
1.98428
1.14127
5.93454
0.993175
1.03559
1.72702
1.24105
2.89098
0.214566
0.660184
1.50426
1.03254
3.83673
8.55436
1.95315
0.621158
3.85787
1.17699
3.39667
6.93652
2.10355
1.46613
3.46189
4.09532
4.11353
0.991963
2.50261
1.24973
0.602524
0.647939
2.90825
2.69125
6.69997
1.34216
0.792923
1.89779
2.86326
1.18939
3.63411
1.28057
1.99959
2.4876
2.31202
1.43461
1.08399
0.888346
1.77966
0.515485
0.837988
0.553786
0.468705
0.783085
0.285372
1.66204
0.957342
1.43588
3.09582
4.50973
1.90501
1.3801
1.38545
2.32677
5.83461
1.52339
3.44086
4.04783
2.14117
1.05323
1.49515
0.741463
3.81096
2.21816
0.590807
0.644419
1.61075
0.863753
0.751462
1.93691
2.13996
3.39087
0.734794
3.70843
1.26383
3.99942
1.79316
9.29926
0.64488
1.51839
2.653
1.95849
7.63363
1.86622
0.341132
1.78893
1.00404
1.4139
2.57761
0.501835
2.21667
1.28565
1.04
0.371069
3.88808
1.90273
2.33411
2.48041
5.3525
0.813901
3.83124
3.22579
2.27324
1.94081
5.52135
1.65127
1.56513
2.58459
3.6871
1.10047
1.65962
2.34204
3.41114
1.7567
0.595279
2.16971
1.01363
4.57511
1.73905
2.36729
1.11845
1.23067
2.42101
1.69861
3.46056
0.530762
1.99458
1.66865
1.66357
7.23725
3.35693
0.773436
2.9716
1.16394
2.66307
0.708994
2.63806
0.686332
0.903871
2.92916
4.29235
1.79871
4.67545
0.61646
2.15529
1.96526
2.24494
5.75266
4.37754
3.6315
2.19149
0.582794
1.4545
1.70135
0.898074
2.85556
1.80973
1.88343
0.985404
0.546002
3.98971
3.23173
0.866444
2.47877
1.23443
3.56493
3.35554
1.93153
1.33282
2.8215
1.00019
5.13897
0.865201
1.4264
0.946358
1.75544
1.33766
2.72047
1.58971
0.934049
2.73181
10.1382
0.503972
1.34686
4.15177
1.94856
0.977705
3.10566
5.55174
0.747317
2.68253
4.79314
4.073
0.613377
2.65269
1.34398
0.907038
5.46554
2.8478
4.48734
1.02494
0.9966
5.25841
5.02396
0.906998
2.85564
5.01854
3.45068
4.55947
1.61695
3.82378
0.950046
0.773647
3.23324
2.19131
1.16966
3.11938
5.01022
4.80354
1.01844
7.52046
2.06577
6.12751
3.4711
2.24863
2.86292
1.22216
2.91252
4.44635
1.45788
6.01843
3.60237
2.60011
3.01376
2.52296
1.68972
4.8599
2.00349
6.06081
0.971794
1.97759
2.2317
2.26902
3.05916
1.2013
0.817414
0.948041
0.769801
2.58868
0.99642
3.45516
2.59283
2.74991
2.39434
0.950301
1.73553
3.63478
1.77221
5.64181
2.93813
6.20432
2.19324
3.20881
1.1494
5.26921
4.82344
3.77974
1.11589
3.46862
4.19013
1.5581
1.22988
1.2663
3.37774
1.4656
1.65217
3.08094
1.78918
4.64003
1.22038
2.09253
2.88225
2.92681
1.82117
0.591473
2.58466
0.968377
1.1488
2.36617
0.766002
1.96305
3.24046
0.832398
2.6742
0.394695
1.16205
3.67093
2.20703
2.95366
4.83021
0.639846
0.896469
1.64613
0.598588
0.425127
1.04559
2.16732
3.1802
1.85491
1.58623
1.28737
2.08273
1.93086
5.67193
1.22832
2.38513
1.01097
0.511082
0.737413
1.64217
2.81085
1.5518
1.42197
0.718776
1.85235
1.29847
2.35691
2.26349
5.69876
4.22696
1.45185
0.511164
0.802785
0.881836
1.66479
5.56712
2.53527
1.36784
2.50457
1.83528
1.94559
0.888424
1.66825
2.07956
1.57225
0.628401
4.68145
1.8654
8.44142
1.96027
5.38136
1.32048
1.90272
3.24235
1.31251
1.67835
0.450483
0.749584
6.45284
2.20595
1.40091
1.22603
0.784682
6.02111
3.11135
1.47721
5.08054
2.61167
2.61767
0.495408
3.75646
0.536833
2.36071
3.43515
1.22622
2.32934
2.97073
3.81798
3.10569
1.2084
2.14008
1.28996
1.33228
2.41555
1.08297
5.27909
8.37046
0.507342
1.80475
1.95617
1.20393
4.20173
3.55327
3.44767
5.16296
3.11842
2.72466
2.28472
4.89886
4.61619
1.12592
5.38257
1.4041
2.78939
2.34751
0.652488
1.4819
1.58131
7.65476
5.87074
1.71429
2.45373
0.710504
1.61624
2.22203
3.15661
3.10963
1.61996
1.85471
2.38145
2.14001
1.34291
2.47085
2.79313
1.2348
1.32963
0.771238
4.35021
1.57912
3.6107
2.40424
1.63299
2.35878
1.69902
1.68261
3.07331
1.25222
2.12341
1.44973
2.30535
0.724792
2.70471
1.38697
5.13536
3.38346
4.52586
2.28463
1.10828
0.767693
5.33741
1.2055
2.31779
0.630426
2.86899
4.08389
6.44966
2.54137
1.89662
1.33691
0.863291
2.62483
6.6759
1.2142
3.22728
4.67837
4.06149
6.78302
8.95956
1.39202
1.50429
0.919177
1.00669
4.30081
7.30636
0.618941
2.68995
0.859346
1.96682
0.794517
1.80138
1.85257
2.91867
1.27638
1.83737
6.85033
3.00782
4.22709
0.244392
0.978021
1.56026
3.45439
1.04732
1.92875
1.12869
5.22869
0.887917
1.14852
2.95519
2.16215
4.44076
3.13012
1.88542
1.50451
0.931306
3.45027
1.13451
1.3967
1.26552
3.98051
0.86726
1.09884
3.64742
5.21578
2.91009
3.44764
10.957
2.88755
6.62206
1.64938
0.682186
2.27066
3.95224
1.0598
1.36683
1.32241
0.79893
1.0372
0.921837
1.82991
3.9002
6.15884
5.82924
1.48273
0.585165
0.780292
3.97919
4.98053
5.11025
0.882137
0.861008
1.34056
0.903613
0.800651
1.77505
5.37874
1.46725
1.67133
5.16873
0.601155
0.771882
1.71111
2.02346
3.14946
0.841182
2.07317
1.7539
1.59711
2.04449
1.0643
3.52214
1.2931
1.95728
1.50323
2.48136
1.30339
2.0908
0.859234
3.0462
1.84545
9.00159
2.00683
0.740945
2.74915
3.37213
0.948235
3.1151
1.03433
1.73642
1.02422
2.22049
0.950027
0.695204
1.75944
1.72564
2.11452
1.40905
0.979814
2.67923
1.78623
1.36466
1.16735
1.27893
1.76157
2.21849
0.549237
3.49576
2.00831
2.08393
10.16
1.94302
1.47735
0.805905
1.71833
4.23705
1.19479
1.81142
1.13833
1.18682
2.30992
4.13134
1.96052
0.929386
0.717035
4.86614
1.1044
1.25513
5.85671
0.817625
9.67124
1.75128
2.37493
5.16142
1.30702
1.25835
4.59265
2.01811
1.25381
6.73721
1.85221
3.18748
3.8264
3.9216
2.7766
2.37465
1.60173
1.70261
2.33492
2.02856
2.17448
2.57085
4.3038
3.05145
0.922724
3.77398
2.48404
0.853273
3.78038
1.78922
0.743164
1.5213
2.11879
7.58443
2.51244
2.866
2.36786
0.828477
3.71202
1.40156
2.54361
1.56459
1.96514
4.39262
2.96789
2.62581
1.82554
1.80326
1.91239
0.871606
1.45963
0.908202
5.27588
3.27368
1.95737
0.735083
0.550853
0.506992
6.72565
5.51016
2.97509
1.62381
1.08215
1.77972
0.854674
2.74964
0.940536
1.01558
2.91062
2.12916
2.32099
0.583873
2.21936
1.57919
1.76402
2.46405
1.46494
1.9308
4.55866
2.93627
1.16889
3.48133
7.20247
0.399709
8.5709
3.19193
5.73961
2.2634
2.34204
1.3797
1.77855
1.53403
1.4991
2.74267
1.52935
1.24682
0.59699
3.03224
1.68313
1.94731
3.94421
0.952804
4.85933
6.63102
2.05741
1.51061
2.74801
1.22329
3.42315
1.00833
0.93811
2.07563
1.30437
1.93426
1.61402
3.60634
1.55851
0.907315
1.53704
6.81685
2.55526
0.719735
4.71912
0.652949
3.07888
1.05897
2.78847
0.769805
4.33105
2.55343
1.90662
1.16215
2.63834
2.99754
0.964391
2.04584
1.64157
2.8097
3.70715
6.71391
1.60545
0.734379
3.02725
0.831779
1.59074
1.16917
4.61049
1.03296
1.59294
1.47712
1.72683
1.64732
1.60854
3.14051
2.04282
2.00844
0.969821
0.856096
2.17691
3.40018
1.60821
3.94926
1.77313
1.30432
0.707375
1.43784
3.44003
1.15284
1.74105
1.57029
2.53676
1.16828
4.28018
3.9842
2.07315
4.12884
2.68175
6.26763
1.26232
1.09716
1.77582
2.80242
0.558443
1.42059
10.251
1.30639
2.55314
2.6553
1.93019
0.884385
1.76971
1.14462
0.537043
2.45918
0.924977
1.84528
1.8452
1.76832
4.33186
1.83074
0.990099
2.00473
4.17037
1.73456
3.35876
1.53373
0.894814
3.60828
2.09842
0.842629
1.9934
2.07548
0.879033
1.13346
0.858288
2.37031
1.65111
1.28498
0.750184
0.772865
2.06692
1.14604
1.98435
3.29439
2.06613
1.88877
6.2509
1.45676
3.07566
0.94398
1.73126
3.39514
0.725166
1.36535
1.18362
1.98826
5.09497
3.14603
1.84079
1.36908
2.27654
7.27525
1.5866
2.09528
1.80116
8.13339
1.63086
1.28297
2.2387
3.14402
1.5223
3.84357
1.71301
5.10081
1.47645
0.62263
0.901569
1.74048
6.63487
1.25863
3.05267
1.76534
1.64761
5.28383
2.17658
2.07876
1.46555
5.61825
1.84937
1.53963
0.887314
3.6785
1.62949
3.07286
2.56226
2.4188
2.10728
1.91115
1.87655
1.0779
2.0024
1.65219
2.48747
0.915695
2.03735
2.03771
0.53937
0.592598
5.15843
4.23036
2.25239
2.24656
9.87826
5.86152
4.50387
1.31818
12.8024
0.25301
3.78323
1.42078
4.08746
2.62891
2.1135
1.49586
2.03164
1.55023
0.486817
2.62538
2.7129
1.19911
5.16592
8.72694
1.41963
2.59022
2.21648
3.25114
7.44365
3.53249
0.772191
5.63442
1.36901
2.2582
4.81435
1.53749
4.69744
0.935096
4.10502
2.7198
1.66566
1.2053
2.09399
2.06464
0.917415
1.87645
0.815463
1.06568
1.1418
1.77798
1.76437
1.90311
2.04861
3.696
0.67531
1.79878
1.38266
2.93608
1.40617
2.44341
6.10045
2.11069
2.61481
4.99451
1.64256
2.20742
0.583942
1.13544
1.99628
1.25421
2.18409
0.671874
1.82005
1.47741
4.30904
1.36803
0.979481
6.56012
1.53634
1.88662
1.51521
0.707487
0.140363
3.84009
3.54709
0.956859
0.786498
0.536137
2.02252
3.68657
0.990171
2.35831
7.67449
9.00932
3.70543
1.52964
1.01618
3.17316
0.838803
0.841008
0.944038
0.637473
1.7114
1.66883
0.986243
1.49903
1.43926
0.791112
2.21243
11.5452
2.19539
1.99935
13.0078
4.89019
2.54327
1.23184
7.03508
1.47661
4.66165
1.04363
1.08035
3.10395
2.19003
1.30257
2.40159
2.54881
1.0078
6.21803
3.14235
6.37127
2.74497
2.08371
5.30346
1.50553
0.894599
4.1968
1.28488
4.06424
0.996939
0.932687
0.664554
1.81342
1.98318
1.82785
1.81302
2.85414
1.19297
3.79281
2.24202
4.87081
1.10818
0.740703
1.21781
2.56076
4.54038
0.829634
7.52539
0.533016
0.95869
1.29569
0.748909
2.09688
0.974098
1.29753
2.28847
1.89942
1.67829
1.62817
1.42536
4.58632
1.91264
3.09646
1.7762
0.803927
1.75634
2.09488
0.648432
1.44835
4.46521
1.22815
2.53561
2.43664
2.01676
7.00923
1.39387
3.98554
1.4502
0.897295
2.58977
4.16458
1.12238
1.0367
4.57225
2.00382
1.84115
2.33549
1.06233
1.33553
0.681904
1.34997
2.55222
0.840192
0.614438
2.32113
4.47844
5.98992
5.05362
3.87855
0.742018
2.22622
0.780675
2.8097
0.744862
0.754454
1.73525
3.22798
1.16575
0.479483
5.60793
0.902004
0.772317
1.05792
0.501281
1.44982
0.971366
1.31343
2.95785
2.51065
0.636944
1.4001
4.21694
0.827042
1.6012
0.857768
1.34052
5.27762
1.56681
5.04753
1.30982
2.70027
1.33419
1.41807
1.81857
1.04845
1.49609
0.678133
1.20577
1.74786
1.17468
4.47768
1.44445
0.857357
1.96881
1.5671
2.05232
2.13314
4.55374
2.37348
3.14337
1.39227
0.776635
3.79132
2.06169
3.99412
8.50219
2.36521
1.03305
2.3216
1.36673
1.31524
5.23107
3.69007
1.04562
1.10119
0.505854
1.11329
2.70096
1.35681
4.03764
4.21687
0.685734
6.05037
7.9217
9.68867
1.30945
3.87715
4.59707
1.30716
0.535125
0.990948
4.17477
5.27421
0.753417
2.37365
5.37187
3.17784
1.30186
0.864999
3.22307
1.18301
1.12854
1.52218
2.18558
1.03342
1.95346
0.644513
1.20798
1.04701
1.16207
3.50623
1.73755
1.16373
4.17314
1.24048
2.12691
1.0593
1.53159
0.91488
2.45262
1.07562
1.41796
0.529757
1.02161
2.17458
1.38704
2.0668
0.799067
3.16694
2.46856
2.96735
1.47865
0.997787
3.61419
1.47762
5.6617
1.85369
4.59803
1.10864
1.68128
4.30588
1.01849
0.927485
1.31659
3.43821
2.29323
3.79995
1.08361
3.06623
2.21671
0.87221
7.75789
1.02229
0.778132
3.39806
2.23047
1.53085
1.50057
2.02934
2.45012
1.00279
3.41808
2.1448
1.62435
2.6041
3.24683
2.89418
4.57226
2.95618
5.03748
2.73152
2.20481
1.50006
11.4898
3.09179
5.96815
1.76685
2.13897
1.24387
2.15151
3.25316
2.68958
1.58356
3.40822
0.832298
7.03497
1.239
2.33183
2.08206
3.53351
2.6066
8.89027
0.777098
2.99143
2.05458
2.38384
1.42135
1.59497
1.01589
3.29105
1.97137
3.03918
2.12396
1.32737
4.4753
1.41544
2.1042
0.803588
1.61212
0.8229
0.943223
4.06409
1.02752
4.68886
2.14231
1.52746
0.855776
1.32568
1.21481
2.42008
2.4445
1.1728
5.05056
2.93985
2.78614
0.844075
1.03094
4.05291
0.998141
2.29791
1.02552
6.77311
0.590123
6.17427
0.933648
3.85838
0.892356
1.73054
2.31255
1.33099
0.938966
1.64021
2.04884
1.2321
3.01126
1.68899
2.26121
1.10403
2.38877
2.48076
3.66563
4.27451
1.99256
3.49521
1.89099
2.0589
0.918483
1.09932
1.32714
0.782061
1.09517
0.888742
1.7567
5.75674
2.46925
6.43358
4.98604
2.83104
1.27232
2.15848
0.717968
2.06958
1.58184
1.45252
5.87157
3.63542
3.67935
1.03354
4.10575
1.2794
2.98163
4.16787
0.83106
5.34077
1.32618
2.529
3.24131
1.72138
2.29573
1.46063
2.62281
2.47003
3.31671
4.21702
1.87903
2.55191
1.93997
1.90076
0.654689
1.99227
2.18793
1.11284
3.70074
2.22934
2.44171
3.39906
2.90578
1.07176
7.52296
3.08928
2.74306
2.30072
1.02767
2.72651
1.16776
1.7804
1.25512
2.20494
0.404261
1.17497
3.73907
0.980701
1.76525
0.763532
8.60512
0.8119
1.06875
1.57235
2.94851
1.57428
4.83324
2.84178
4.15359
13.3122
1.89935
3.65939
1.1417
5.68832
1.13781
1.66507
6.58431
3.84847
0.493958
1.67118
4.06081
1.68977
2.04295
3.02512
2.19811
3.64048
2.0768
1.12855
3.69459
3.19744
1.08638
2.54342
1.0028
5.71175
1.5229
1.3388
2.33898
6.73195
1.29484
3.00089
0.743647
2.40302
2.68245
2.83778
4.04697
2.43582
0.797728
2.74842
2.99213
1.06965
0.824727
4.81091
0.831132
4.85017
6.40715
1.30379
2.64237
1.69654
1.05996
0.886961
1.01651
2.15473
3.23814
3.10621
3.55079
1.10504
2.09199
1.08367
2.54596
1.43868
1.52634
1.84868
2.56598
2.52436
0.701597
1.30303
0.835014
1.56052
1.21096
3.63789
6.51189
1.89187
2.15242
3.54111
1.94375
2.12815
2.36437
2.10674
2.94641
0.847749
2.49271
4.26921
1.0946
2.63115
4.64713
5.75328
11.6535
1.85033
0.896589
1.98666
0.719939
1.21497
8.93352
0.406521
0.330755
1.20179
4.4811
1.08906
2.59814
0.690641
12.216
9.21367
3.52649
0.423663
1.55441
1.7757
1.42872
1.91855
2.33289
0.874043
0.915901
0.535066
1.67293
1.6145
1.84115
3.30407
1.11568
1.13368
2.07395
0.66751
1.87982
0.803612
1.38551
1.72869
5.74746
0.0997323
1.41675
2.47921
1.56425
1.56863
1.59636
1.52794
1.25274
1.42915
2.01237
4.1931
3.44124
1.10325
1.94624
1.40289
0.715444
1.07781
1.65229
2.70929
8.351
8.10425
0.61188
1.8574
0.87367
1.26553
0.927128
3.33206
1.99745
1.61071
7.64834
0.868079
4.16566
1.78207
4.69869
2.03662
1.99913
1.69435
2.41064
7.05288
0.57341
2.21099
0.751469
3.3227
4.08267
9.16629
1.95396
2.64211
2.21428
1.12797
1.53089
6.11931
4.69342
1.5755
1.18345
1.05955
0.56393
1.28015
1.15341
1.7512
2.32768
1.27783
1.49722
0.876847
1.05123
1.93844
2.01866
0.71379
0.997409
2.3572
4.58291
1.92027
0.953531
1.73615
4.381
4.71517
4.53111
1.80162
1.72528
0.629921
1.19731
1.24399
6.21791
0.928736
1.88561
4.51305
1.21988
1.87152
1.79235
2.8922
3.94153
5.03594
1.13449
1.25321
9.25683
0.603048
0.578027
1.78495
0.821569
1.15097
3.61615
0.812024
1.52544
1.73086
0.968886
1.36909
5.02105
1.13978
1.68159
3.74146
1.51461
1.15682
1.11347
0.937536
1.16461
2.78064
0.709859
1.95692
2.03118
3.54564
1.35066
1.57029
5.55004
3.32251
0.538507
4.45849
2.81935
3.89562
1.98122
3.36611
6.61549
1.84797
5.15166
2.02111
0.992985
1.42512
1.59923
0.804166
3.42208
1.7982
1.02127
4.34142
2.62077
2.36059
0.877047
0.765033
0.447232
2.02751
3.10089
0.647239
2.41986
0.498848
2.97277
0.765258
1.15061
1.16163
3.20394
2.55667
2.49082
2.1522
3.98137
1.61136
1.34477
2.85586
0.626645
1.93186
4.96336
3.17621
1.07623
4.88828
2.01808
3.96956
1.35682
2.10291
0.50534
2.72557
4.68117
3.36658
3.03778
3.5127
2.18002
2.13459
1.88537
2.04732
2.56928
1.52274
1.2571
5.28849
4.23164
2.84132
1.89038
3.44828
1.81737
0.967702
1.62243
1.46316
4.1429
4.40542
2.08601
3.14232
2.45637
1.82005
2.23452
3.54708
0.759442
1.04189
2.78797
1.09126
3.6579
1.41263
1.35229
0.835568
1.36301
1.1121
0.745288
5.46794
2.81333
3.10495
1.60523
0.508568
1.33821
1.16488
1.49648
0.758544
0.707903
0.830991
2.19312
1.67888
2.61913
0.636384
5.19847
2.27943
1.96154
3.30619
12.9069
0.969279
4.17396
2.5853
0.924067
2.78279
4.29978
1.66772
0.667221
1.04197
3.52357
1.28968
3.76619
1.7142
0.560949
1.5009
1.83667
3.39804
1.03022
2.63013
0.810899
0.927816
3.29269
1.86177
3.15897
1.34684
3.29269
9.2222
1.94204
7.647
4.28959
2.44413
1.13206
1.14264
1.82936
0.436135
6.09462
4.84819
1.40516
4.60301
2.17215
4.19458
1.84141
1.94609
2.02208
1.47694
2.64706
1.18149
1.96343
1.77863
1.81384
1.87392
2.03717
1.07634
1.39997
0.870478
3.38401
4.37682
9.68284
5.02143
0.607666
1.8595
2.21873
0.66832
1.97678
1.11624
0.986294
1.29256
1.34326
2.80288
1.27003
2.50987
9.4683
1.24938
1.0114
0.5239
3.71353
1.48754
2.46445
1.97054
1.41906
2.45055
1.03531
2.51398
9.03558
0.433621
4.37915
7.87693
1.2562
2.22544
1.3945
2.99642
1.09756
2.83361
2.61065
2.72215
0.693371
1.68454
3.1965
1.27945
1.00614
2.19356
2.07698
2.68041
1.87879
3.32839
2.20894
3.34119
0.931175
1.81253
0.732761
3.67709
4.10383
0.736164
1.14929
1.18292
1.39957
5.07218
3.98478
1.09877
4.00116
0.858887
1.32092
0.402189
0.700682
1.01615
3.56042
2.25478
2.25386
1.4153
1.87183
3.51458
1.47931
2.4322
0.540839
0.934076
2.55918
2.00158
1.19823
0.782902
7.38724
0.650679
0.515692
2.89698
1.95778
0.997629
0.554353
6.91766
1.01308
1.0187
2.15575
1.09714
1.68362
1.16707
6.90405
0.859585
1.80087
0.964112
4.84481
3.19643
2.91395
1.14312
2.51879
9.00935
0.817669
1.55721
3.73981
1.45467
4.58416
1.03337
1.14324
1.21615
1.70544
4.09439
0.833885
5.1049
1.74387
0.804042
1.1352
3.703
1.71087
8.12091
0.949209
3.67113
4.28097
0.810762
1.58696
2.34193
1.55445
1.71366
2.17935
1.64785
1.37545
3.42583
1.05805
2.98709
0.560205
6.00373
3.59405
2.59586
1.62277
3.05783
1.19975
6.01293
4.28065
5.68196
1.64836
2.08741
3.40589
1.5395
1.58654
10.5157
5.67475
2.10588
1.05164
16.1612
0.503346
1.59335
2.12534
1.51627
0.627225
0.826284
5.0132
3.48073
0.767596
0.734506
2.26256
3.18682
2.59618
0.726565
4.52605
11.2244
3.9518
2.11179
2.26271
2.51387
0.760266
1.1724
4.24457
1.58571
2.26634
1.198
2.06034
4.13903
0.928563
1.9111
3.8572
1.72796
4.51018
2.36019
1.62089
1.91937
1.49787
3.52876
3.04742
5.41832
7.11089
2.03135
1.05054
4.57372
1.82816
1.56482
1.86877
0.199455
6.39595
1.48405
1.66315
1.30735
1.83748
3.73275
4.10233
4.25115
1.73563
8.51995
1.39005
0.928861
4.21501
0.969708
1.08781
3.40827
1.18621
1.91445
2.38245
2.69502
4.44362
1.48181
6.34204
7.00708
1.0125
0.852815
1.37552
3.53578
4.67954
2.32075
1.15677
1.50867
4.50011
2.57905
1.57892
1.60273
1.57704
2.4578
4.55191
4.56953
1.70702
1.25247
3.08314
1.78318
1.43982
7.41856
4.49496
2.61615
1.5503
1.1982
1.8879
8.40697
1.0313
3.41271
5.33941
1.5277
1.47862
2.80603
3.89322
5.92768
3.10487
1.50865
1.38745
8.93896
1.32779
4.49891
2.14327
1.40455
1.23143
3.04695
6.08353
2.25258
1.37596
1.84461
0.85416
2.42741
0.696529
4.1082
0.331882
1.11552
1.59391
9.40321
1.19898
1.77054
2.72313
1.95669
4.22133
1.87036
2.07023
1.44302
1.44996
4.46997
1.43379
3.74454
1.29836
0.958235
1.79565
1.92601
5.08018
0.801886
0.990633
1.44604
1.57437
6.82258
4.81849
5.10205
0.519368
2.9262
1.46891
1.01897
1.34416
2.64052
1.03896
3.50138
1.16184
1.06059
4.08256
1.66144
1.24954
2.08142
2.09648
4.63232
1.26727
2.71041
1.23569
2.20804
6.68668
4.52471
1.8916
7.85105
2.6031
3.48899
0.839082
2.45014
0.579872
0.456458
3.73368
1.79159
2.78489
6.13678
6.69999
0.671685
1.20689
0.781194
4.71452
0.562653
1.69356
1.54357
1.69575
1.2732
1.21203
1.22865
2.6843
0.701845
2.14721
4.71449
1.5188
1.249
0.882534
1.11414
2.8987
1.06949
3.47788
3.6462
3.66783
0.747025
3.24731
1.27157
2.75353
0.976833
0.663147
1.97631
1.62101
0.330473
0.675882
2.53599
2.47432
2.96235
7.68266
2.24576
3.56986
1.13917
1.39948
2.22705
2.51642
6.99532
3.43413
3.30515
1.29784
0.704951
3.24594
1.31152
1.74608
2.25951
2.60769
4.18974
0.57405
2.0855
1.75871
4.71169
1.59454
0.755815
1.5731
4.5403
2.61236
1.34292
5.62566
2.76118
2.39542
0.967534
5.79104
1.76229
2.31848
1.43681
1.84285
0.938026
1.73208
5.3407
5.66257
0.517061
1.42452
1.84309
1.27992
2.40026
4.20551
8.95251
0.501905
1.95757
0.671325
1.4493
2.55093
2.62928
6.71023
1.96211
0.690099
3.00162
2.15069
4.63377
2.86019
1.50182
5.30204
4.07546
0.753411
1.05358
1.74152
1.13113
2.48644
3.78204
1.48813
3.07592
2.47527
1.33163
3.54083
1.98304
1.85339
2.5408
1.04736
0.637571
2.06421
1.68459
2.36704
1.22466
2.48052
2.41277
3.58809
9.38177
1.26938
2.33185
6.38291
4.10334
1.50044
7.77044
1.02213
3.23485
2.82148
4.98503
5.30705
5.24601
1.8701
0.566329
3.72142
0.476811
1.06384
1.23919
0.459691
0.674624
0.677382
1.44896
7.93729
2.95569
0.738496
1.14622
1.10437
8.48785
3.45999
1.36651
4.55902
6.41959
3.66411
2.91641
4.46572
4.31302
0.970404
1.64009
3.81812
1.29049
2.27198
1.32979
2.76292
10.7912
6.98919
7.88925
2.71842
0.874592
2.57932
3.50924
0.739118
1.58037
5.55099
2.55403
0.698833
2.62146
1.46051
5.74307
0.727682
2.29137
2.01846
4.34865
1.87049
6.022
3.64089
4.95908
3.85357
2.48492
2.07314
5.24066
0.971823
2.52014
0.928216
1.84249
2.86443
1.33402
3.91205
5.34663
4.75232
2.63246
3.30689
1.24867
5.97521
0.612605
1.25175
1.34049
0.411527
1.95754
6.65954
2.73364
1.35614
1.59033
0.780852
1.9913
1.70176
1.3108
1.55405
3.07597
1.24611
2.91738
2.00448
3.35504
3.12723
1.26187
6.33141
0.599332
2.46663
2.09096
5.5144
2.06172
3.44607
1.31832
0.645537
0.519311
3.1331
3.68433
0.646089
2.53102
0.807592
2.30239
1.30043
1.3186
0.780847
0.628978
7.23876
4.17101
2.83517
0.792788
4.16873
1.81356
1.3662
4.75689
1.58728
5.77624
2.92835
0.972179
1.94019
1.17985
3.16983
4.09606
1.43091
2.98141
2.817
1.63926
2.99963
1.10154
0.63969
5.38766
1.32819
4.19456
1.50255
1.07742
4.74189
1.48317
3.02973
4.18383
2.12078
3.77344
1.32089
2.02373
0.687891
1.20207
3.70516
3.27721
4.5536
1.51775
1.80018
0.699481
2.8807
0.505624
1.22947
2.12531
1.30111
2.6948
5.0777
3.42465
2.87882
3.09923
1.79913
1.88138
1.45075
2.76711
1.55526
1.04682
4.02599
9.04197
0.643004
4.12043
3.22536
0.671447
5.14688
5.02255
1.83338
6.99158
4.7569
1.32852
1.12353
1.72225
1.93362
5.89436
2.02678
6.21064
2.25037
1.32482
5.28174
1.21067
2.86564
1.895
3.51019
3.73871
1.44617
1.20674
2.57892
0.940507
1.23308
1.27505
3.71793
1.64529
2.50366
4.32275
3.20655
3.0923
4.26205
6.1424
1.71626
4.59199
1.49901
1.6891
0.69422
4.35441
0.859001
2.1982
11.1514
1.93407
1.69024
1.91009
1.67445
1.50582
1.79227
2.91273
3.16532
1.62595
2.7207
1.67723
1.27673
3.81294
1.65578
0.655807
2.17798
2.57795
1.07317
0.801706
0.776901
1.54216
1.77211
1.38278
5.61874
4.60037
3.88201
1.33372
1.21811
0.987309
0.793262
2.31972
1.34835
0.299284
2.92686
0.852596
6.33288
4.08916
0.987928
1.09715
3.02079
0.967522
10.5367
1.46999
2.41366
3.81789
1.76465
0.957348
2.17775
1.0587
1.68889
7.20812
1.63937
2.93292
2.41655
5.85871
2.54791
3.33293
2.42006
1.56193
2.78345
6.08596
1.59593
6.66371
0.91881
1.4775
2.02372
3.32162
1.74233
1.4459
1.30906
3.35986
1.44986
5.34707
2.05847
2.77504
5.43022
1.0756
3.75271
5.26695
1.23927
2.83809
1.48126
1.52974
4.16136
0.968713
2.01931
1.99844
1.09524
5.85371
2.63822
3.61611
0.840193
2.73442
5.15136
0.803965
2.21498
1.40534
11.5019
5.27475
1.07133
1.8211
1.5077
1.53989
2.87646
4.90095
3.0025
1.07665
0.953348
6.09699
1.41068
3.81262
1.44408
2.73439
1.94043
1.17859
2.3266
2.1639
2.21024
0.816951
1.23572
2.5957
1.6174
1.04914
1.99664
5.97285
2.43049
0.870537
3.03149
2.54777
0.700443
1.5772
1.39482
8.06461
0.616989
1.95144
4.0259
7.57185
3.37339
5.06093
2.55582
0.878878
1.17009
1.50568
2.4718
4.81923
0.924546
1.52144
2.29595
1.9408
1.93499
1.09354
8.00547
0.862451
1.66709
2.31418
6.66578
5.49782
0.929355
1.15755
4.35048
2.26579
1.68774
2.33288
1.78369
3.51317
0.445781
1.59683
3.97289
1.09747
2.45418
0.705703
2.70233
4.53576
3.32586
3.37406
1.59036
3.33432
0.974471
3.61918
3.26632
0.451651
1.2473
2.69623
1.91945
4.63364
3.02731
2.01342
3.03416
3.49012
1.5855
1.8792
2.558
3.69038
2.67863
4.29959
1.18444
4.4736
1.5321
10.469
5.32116
6.22166
1.12591
0.762782
0.687187
1.51421
2.18334
4.05494
2.28909
3.9085
1.54733
0.88233
3.29054
3.35217
1.01002
1.8855
2.44018
1.67818
1.21717
0.794009
3.19511
3.52277
0.75576
1.16463
2.67557
4.67888
3.8757
1.23252
2.13403
1.23082
4.03867
2.47385
2.91733
1.67743
3.03364
3.89583
0.852754
1.72117
4.15746
5.81213
4.74572
1.09295
2.48034
2.57607
3.72158
1.64888
1.0722
2.23248
3.75578
0.534042
1.81488
1.01769
2.39978
2.11884
1.68837
7.60475
0.949898
0.879627
1.54573
0.622407
0.553835
0.79059
5.64953
3.48708
2.15832
3.1614
2.46456
2.32472
1.80089
2.42142
1.93411
0.894174
7.00397
1.12803
2.03846
2.55361
1.56726
0.935287
1.2157
3.43077
3.74659
2.81088
3.77072
0.894997
2.44962
2.1336
1.16999
1.61586
1.36734
1.09321
0.496545
8.30814
2.73742
0.593451
4.34169
1.23765
3.79208
1.0679
1.21507
1.40823
2.08077
3.26706
3.32655
1.69008
0.860938
1.38578
2.14625
1.92851
1.52348
1.35311
3.89359
2.77065
1.20625
2.34876
0.830449
1.73405
2.51463
1.11034
0.958966
1.26582
0.53398
1.38244
1.32351
3.17351
5.05019
2.25755
2.17201
1.52395
1.59525
3.27212
0.783779
0.700852
1.12412
0.674035
3.58811
2.32651
7.23597
0.523452
2.79549
4.57727
3.11776
3.24909
1.38515
0.591824
2.38132
2.94872
0.62273
1.4494
0.949085
1.69065
0.915038
7.67118
4.38013
6.73698
4.85612
0.553478
4.19863
5.36498
1.0324
4.13569
2.83028
1.05674
3.31602
2.20012
2.93766
8.28474
4.42073
1.60191
1.21892
3.48563
1.70373
1.80451
7.74869
0.828142
5.13224
2.35053
2.54701
2.08785
6.96573
1.46838
1.90067
2.0409
0.207449
3.88515
3.0578
3.16207
4.79498
1.41816
5.87901
4.73524
0.696587
3.81542
5.36802
2.99764
1.1267
3.68573
2.90594
0.935483
1.39636
1.23536
4.6968
2.59905
2.27201
1.43948
7.77695
3.41448
0.897509
1.58485
3.79852
1.07087
1.38071
2.21184
2.26144
3.5124
4.98823
0.684883
0.555951
2.88307
5.44588
5.25208
5.68994
6.35504
4.18339
3.98753
1.94033
3.48784
1.24639
1.76976
1.76433
2.30045
4.01426
2.76925
1.38432
5.06823
1.77958
0.911749
6.19836
4.0781
0.95825
0.929948
2.35008
1.49432
1.72913
5.99423
1.05529
4.11464
2.06873
2.30985
5.75806
0.798847
2.64499
2.8435
1.14883
2.12469
3.47168
0.587789
1.50501
2.75424
2.45479
0.813528
0.766167
3.61034
4.75343
0.610568
1.9394
1.15997
1.0417
0.812687
1.67533
2.11708
1.06601
0.975498
0.645371
1.56266
1.58065
2.02644
2.43363
1.52939
1.88481
4.52397
1.57646
4.49277
1.42508
4.35257
0.999586
1.89489
1.62453
1.67852
1.93787
1.62102
1.71295
1.51907
1.24493
1.18081
2.62356
0.626067
3.38641
1.69496
1.65826
1.44062
0.743439
1.11382
2.12443
1.54936
4.28724
0.816975
1.57797
0.99051
3.28158
2.06944
3.96972
2.25053
1.88861
0.731252
3.33018
7.91467
1.14115
3.47819
2.31722
1.4325
1.20982
1.78709
1.83295
0.740614
5.9039
3.39698
0.909846
1.19005
2.52542
2.23044
0.739614
4.4052
3.2488
2.48391
0.789954
1.92726
2.13803
2.90989
3.33502
2.40421
1.45632
0.737787
1.40384
1.28603
2.21375
2.19134
2.201
0.802235
2.09507
0.681399
3.22132
2.85999
3.44658
1.44387
2.0565
1.32251
2.20021
2.24846
1.95233
0.82841
5.02049
3.06502
2.08397
3.78712
2.85838
4.90884
2.38987
3.74606
3.90033
1.32231
6.87172
2.31319
1.68813
6.91925
1.26691
0.524088
2.02802
9.45756
0.836247
2.00082
8.1097
3.51704
1.89705
1.62053
4.67497
1.50548
3.89315
0.530078
4.9209
6.60463
0.54343
1.45943
4.87699
2.91254
4.62043
1.38751
2.26476
1.59803
2.1044
2.81954
3.9264
1.96949
2.55501
3.72204
3.37719
1.59437
0.971831
1.31007
1.11029
2.64682
1.29122
1.47926
0.922734
1.35405
2.48932
8.12747
2.49609
0.583856
4.435
0.49105
6.90258
2.94461
1.65566
1.81525
1.18358
1.04081
5.9539
9.90583
1.238
1.97657
1.15784
4.26141
3.45948
3.34151
12.0661
12.219
0.423407
3.08873
1.42408
0.819089
1.16087
1.28434
2.02819
1.1994
1.58839
4.44672
1.09644
4.06014
1.93052
5.81837
4.28669
1.51061
1.81734
6.31373
1.86291
0.812678
2.97652
2.27228
6.64228
0.472217
1.18891
1.17349
1.44761
1.15624
1.88689
1.44575
1.74108
0.649767
3.13689
8.20508
0.638058
9.39445
0.666303
0.695141
2.76245
5.34984
3.05229
0.625988
1.35568
2.30901
1.0465
0.931701
2.05844
4.75822
1.01727
0.957087
1.44886
2.37622
1.7407
5.081
3.25619
2.85534
3.2848
1.29622
3.88416
1.1681
0.86174
2.6022
0.57531
5.94512
2.26717
3.75536
1.55478
2.85349
1.19499
4.71586
3.16902
0.830927
8.53495
2.29427
0.986675
1.87945
2.10469
2.42252
1.28151
2.36638
1.359
3.48697
1.13215
0.698766
1.53174
3.01707
0.934314
2.038
5.65405
1.08157
1.07363
1.24322
2.88505
5.51881
0.761676
5.99979
1.03161
0.916411
3.49357
1.38722
0.99901
3.34046
1.0086
1.16162
1.06653
2.45728
2.01849
3.38806
3.04579
1.20467
3.79369
1.13339
3.84295
1.60743
6.33766
6.00676
4.73649
1.2993
2.0916
2.80002
2.96202
7.94181
2.25676
0.67566
3.38692
1.99996
3.91807
2.77675
11.327
2.95403
1.30659
0.823483
1.57302
11.5984
5.73556
0.783673
0.87253
1.13453
2.13072
1.32753
2.39981
5.56375
1.81522
2.72284
4.74947
0.807201
12.2244
0.797246
0.907567
4.40431
0.947914
0.88787
1.19015
2.20392
1.72151
2.29564
4.68963
0.7744
1.00903
1.77659
2.05499
5.87228
0.615329
1.09873
0.849813
0.765195
1.73069
0.431083
1.87073
2.83054
1.34551
1.39529
1.8242
2.58356
3.39979
1.02449
3.41467
1.8465
1.08249
2.80113
3.26193
0.902551
3.66444
1.30369
4.89642
1.17866
1.23078
1.10761
3.61277
1.89957
1.51738
1.06173
1.15593
3.13306
2.57371
1.3169
0.993789
1.25749
2.77975
1.76403
1.79845
0.936456
1.01124
0.658194
2.06524
3.39016
2.78915
0.290809
1.35814
4.22144
0.943898
1.3773
1.4108
0.519945
0.907947
6.09104
1.82366
4.27358
1.21288
4.29953
0.708683
1.76911
1.88913
0.842702
1.24826
2.20525
1.76932
2.69817
7.6486
4.67087
4.63045
1.86618
1.54802
6.11272
4.25029
2.45736
4.64703
3.0996
2.70637
2.0229
1.5703
1.24404
2.45275
2.80652
3.81782
2.51186
1.2374
2.53994
2.82186
2.53651
1.45132
0.858402
6.41995
1.09846
5.70031
1.09179
2.62257
0.781158
1.74524
0.805713
0.636554
1.20081
9.5626
1.83974
0.54102
5.6917
1.41573
2.01148
2.52814
0.423554
3.2539
1.34668
0.720241
3.06373
1.03893
1.35198
10.4802
1.88553
4.25539
2.58761
2.29226
1.42791
3.08954
3.71968
1.6369
2.60453
2.94237
1.00896
1.53129
1.92196
1.12778
1.10878
1.32556
1.60999
1.79273
3.27979
3.07527
1.52977
4.38092
4.80304
1.14355
0.683176
1.74069
3.74215
2.01295
3.24924
1.53175
1.29429
1.06112
1.55325
2.02148
2.36164
1.44992
0.621858
3.55296
1.03617
1.91827
2.27468
0.688776
1.93092
1.22564
0.916442
1.62332
1.27804
2.92396
3.53315
1.31439
2.80219
1.42591
3.37627
5.13585
1.30093
0.392679
1.29509
0.68767
6.32764
2.5603
1.56739
0.523125
3.19452
0.441304
2.24171
5.25356
1.30539
5.18873
0.897056
0.98794
1.5583
0.371071
3.44685
2.33948
1.37562
0.511332
2.18842
3.94748
4.72369
2.44732
7.68497
1.94352
5.51443
2.00163
3.38025
2.88262
1.99867
2.05041
2.60033
2.60537
3.13071
2.41798
0.678765
1.51538
0.730559
1.09069
2.74531
0.68152
3.57764
3.57162
5.37095
5.07333
3.87304
3.98588
1.58672
4.71852
0.878017
1.96066
1.69416
2.99242
1.46347
2.29142
3.06614
3.01
1.56816
10.893
4.87667
3.09019
0.87973
3.55135
1.50319
0.98103
4.47782
5.21426
2.15075
0.929551
4.00036
4.88668
2.78961
1.68359
7.64623
2.22882
1.81776
3.64827
1.3399
1.58871
0.945118
1.0654
0.758497
1.07894
1.981
5.14658
0.746878
8.66943
0.962409
3.78335
1.71543
2.4397
2.64422
1.1125
1.49843
1.11171
2.21701
1.2403
10.112
1.62373
1.64457
1.01006
2.71772
1.88394
1.74679
1.51266
1.75583
2.61888
1.74005
3.67071
2.8441
1.8107
1.15211
4.63635
2.00369
1.19379
2.09542
1.36677
1.5501
1.21805
1.51228
2.71869
2.21748
1.11399
3.62569
1.69485
0.963705
14.2581
2.49891
2.15047
7.09146
5.3604
2.69128
0.646235
1.57234
1.36238
1.7323
0.853938
11.0546
1.6305
0.862008
1.20965
1.5041
0.632592
0.577826
1.38917
2.03437
2.5814
2.82987
2.74261
2.96533
1.90929
2.8101
0.976337
1.0489
2.68705
3.56805
6.73268
1.39129
4.19578
4.56912
1.19334
5.70703
1.02236
3.58022
5.36422
4.13933
3.6813
4.56853
1.2594
2.09524
0.864884
2.92347
0.38968
3.5264
1.15207
1.28407
1.36733
2.40353
2.88775
0.803087
0.688115
3.1363
12.0123
2.51707
2.82021
3.74834
0.676993
1.47298
4.6236
1.05213
6.21639
2.1296
1.72867
2.09622
2.48254
1.35149
1.17598
0.116163
1.18435
1.89268
1.23227
1.56195
0.918449
1.24984
1.01704
4.98042
2.04827
2.60309
1.37991
3.73211
0.683546
1.21057
0.790591
1.86098
1.65925
1.77049
3.89333
1.11001
2.7683
1.39893
8.94687
2.64146
1.39889
5.65443
1.6212
1.01931
2.63663
2.46252
0.820476
2.10448
1.48842
1.24221
2.05511
7.71117
1.53904
0.661391
2.54515
0.866095
2.99992
1.2499
4.43752
3.70306
6.77219
3.18421
1.12424
2.55208
2.33826
1.98842
1.06206
0.527444
1.47839
1.64899
2.09303
1.76358
3.58268
2.19272
4.09073
2.54415
1.23852
1.4984
1.8104
1.89285
1.61601
1.20129
0.655054
2.92925
3.01262
3.12096
1.60891
2.67072
2.13862
1.58965
0.778573
5.99847
2.77454
0.414149
3.30044
1.15254
2.38614
2.46459
1.43024
1.32281
0.826832
3.97026
8.14929
0.801813
12.1493
3.7156
3.24172
1.32612
2.93884
0.597193
4.60705
7.32816
1.45253
1.01332
3.95957
1.81723
0.961583
1.35465
3.65739
1.45097
1.30524
3.31315
4.30326
2.27873
1.69328
4.28614
0.62433
3.88892
0.533411
2.13183
3.24641
7.4137
2.79534
0.61274
1.91691
1.68222
1.57437
1.91266
0.610753
1.54779
6.41174
3.57141
6.61148
2.18919
2.73381
1.05447
2.16612
2.04551
6.56648
1.90423
0.910462
0.79681
1.75492
1.83591
3.95225
2.90297
3.72479
3.60484
2.37199
1.61905
5.73561
3.44539
1.2415
1.38751
0.851772
1.45223
5.41657
3.35109
0.888579
4.33918
0.493115
1.55235
1.53665
5.84515
3.2989
6.27097
4.95884
6.5241
0.889939
4.30807
3.13335
1.05702
1.17098
2.57
2.2004
4.90696
0.950623
3.62797
4.96624
0.81124
2.85155
1.70408
1.56668
3.34502
1.44593
1.00731
1.7951
5.09982
13.9998
4.88646
0.569147
1.51941
6.91469
3.64285
2.31509
1.92277
2.61654
4.15108
0.616187
0.692809
0.915739
0.76853
2.02519
1.67009
7.39931
5.32918
0.618491
2.64339
2.90451
0.974987
1.86924
0.867203
0.910808
1.54587
8.91834
1.23425
2.99886
2.33647
1.19779
1.00646
2.08128
3.67274
4.51863
3.48999
1.71795
2.16626
2.60462
1.57243
0.707404
0.980808
1.39259
2.4885
2.78374
4.16433
0.693248
2.03703
1.41801
1.33409
4.99913
3.62532
3.3386
1.85097
7.23924
1.74105
8.29925
1.35469
2.55012
0.866464
0.796973
0.664629
2.22955
1.14531
5.42571
2.3609
1.58281
9.22011
3.15301
3.91646
0.962752
2.18217
0.467316
4.8934
0.680324
7.44607
0.704926
1.35447
2.91279
1.92387
1.49443
0.917601
1.96312
1.23978
1.70994
4.6145
5.82054
1.77333
0.723926
0.855478
2.09688
3.32666
2.82192
2.13175
2.65787
2.4839
3.14824
2.06074
2.29165
3.13206
2.9345
0.815331
6.28485
3.96492
0.374654
2.32324
3.31877
3.07049
0.824148
1.55919
3.02878
1.80429
5.43233
1.31973
3.0763
11.5305
1.78509
2.87434
1.24006
2.08279
3.31274
2.88621
0.88402
0.341393
0.816982
3.66596
8.77913
2.21623
1.83825
2.00131
0.756411
1.30193
0.998428
9.54081
0.932418
2.8911
6.00849
2.29838
2.72142
2.66137
2.6652
2.30918
3.89624
1.25791
1.61065
1.48226
1.94974
0.891867
5.07296
4.61932
1.47483
1.94827
1.11712
1.81111
2.31174
6.29911
0.875142
1.92
0.947404
3.8348
3.67086
4.45119
1.97431
1.30369
3.18343
0.462279
3.27304
2.06598
3.73388
1.55104
3.70521
1.0078
3.32114
2.294
2.16922
1.96019
5.7878
0.580085
0.389204
0.654109
1.96879
6.41256
3.21391
4.01064
3.29547
4.2061
1.08692
3.02296
2.37948
3.49302
1.46683
3.14305
5.86767
1.68507
6.26035
2.33943
0.753186
3.43587
1.14875
1.65741
7.14078
2.05914
2.02595
3.25787
0.766693
1.9178
1.43527
2.49765
1.02578
1.21509
1.64616
1.57385
3.73459
2.31789
0.614108
7.30428
0.872802
4.72298
1.81678
3.38554
0.632012
0.967164
1.45451
1.85686
5.29704
1.09727
4.35212
1.28793
2.69066
2.84926
1.35436
1.606
0.610048
2.88377
3.77315
2.76931
0.930841
2.61999
1.61304
6.72548
0.895712
1.14747
2.30435
0.764682
1.90734
2.34031
1.55542
1.9732
9.72812
2.00253
1.2291
2.9522
2.23528
1.18078
5.87835
0.911965
0.581696
0.835784
2.64304
0.72198
4.47086
1.3154
1.33082
6.59243
2.96528
4.5379
1.11227
1.05954
1.75623
2.89442
0.543313
1.76175
2.83341
2.68126
4.1346
2.98735
0.82408
1.46373
2.00061
0.662557
4.47822
0.983396
1.5458
1.13677
8.8569
0.91988
1.41285
1.23769
0.693248
1.54804
3.13718
2.0222
3.33309
2.94281
6.45848
1.29894
1.4043
1.61378
1.22053
0.415152
3.11406
1.48339
1.9384
2.33702
1.69525
0.97757
1.67313
5.04835
0.896498
1.0759
0.982756
1.18058
1.56613
4.43993
5.09223
2.03457
2.49786
3.26551
2.11024
6.44074
1.83228
2.43073
0.926101
2.07991
6.60568
1.72262
2.42548
5.18455
1.94405
0.908769
2.311
4.02319
2.23402
3.18067
1.24044
0.791767
2.07717
3.11031
1.32621
0.741042
1.38825
3.63568
2.79437
3.10776
0.959965
0.806156
1.77925
2.4463
4.12774
0.735711
3.25809
1.97663
4.03997
2.98107
4.74429
2.05959
3.24746
1.95857
1.79702
4.17318
3.75051
1.75433
3.63324
2.28437
2.12018
0.371438
1.10691
1.50987
0.624159
1.02653
2.39419
1.46835
2.41499
3.58496
2.89209
1.1963
2.03453
2.82899
2.81288
0.943332
1.70108
2.7895
0.983738
2.18601
5.2462
0.989928
2.9853
3.30308
2.68326
1.80304
0.802189
5.71932
0.917056
5.33136
0.659615
5.9391
1.16557
1.33938
3.877
3.02953
2.43327
0.578393
1.49768
0.556086
2.49015
0.972176
2.36604
0.752531
1.0158
2.00026
0.780262
2.68316
3.45531
1.62779
2.13693
2.41306
5.71565
3.85791
0.442861
1.77208
5.8807
1.80857
1.40177
2.90663
2.057
1.54911
2.38535
0.666298
1.78296
3.42042
2.94796
4.46291
1.23158
1.88379
2.07788
1.49629
1.23324
3.96827
2.81968
2.21572
7.56606
3.38051
1.35456
3.30928
3.72271
0.687007
4.90812
2.39263
1.16109
1.58978
1.62342
2.33116
0.970811
1.19503
1.02147
1.62591
3.42456
3.38841
2.18171
0.53494
1.5595
1.21842
0.36931
2.51817
1.12311
2.76402
1.87343
1.55911
1.56489
3.77253
0.90714
1.71364
2.05606
1.84659
0.774804
8.75942
1.64595
1.86868
2.04117
3.14531
3.38302
4.26442
1.0268
4.24101
1.72613
2.63255
3.39955
1.9693
1.1459
2.7182
3.62307
3.10778
3.47952
0.606151
10.3474
4.8396
2.09984
0.739852
2.89788
0.904067
5.29814
2.27912
3.57408
2.36566
1.90195
1.19533
3.13578
1.23933
1.76541
1.57659
3.3397
2.43525
6.85477
2.5302
2.56447
6.35962
4.59952
2.41647
0.716726
1.49108
0.939335
3.10476
2.27969
0.923484
4.09452
2.41888
1.19287
4.05847
2.73196
3.00441
0.957463
1.26366
1.41303
2.9803
5.72212
1.10926
0.707677
1.12011
0.742933
0.540126
9.23282
8.93559
3.38446
4.0259
1.51074
0.609844
1.63862
1.16105
7.35758
1.59429
3.41172
3.63459
2.01449
8.84459
1.54713
4.36038
1.2215
1.24108
1.18515
1.7644
2.62486
1.17562
0.744436
1.21711
1.0251
2.57924
1.17189
4.22034
4.05598
7.24298
2.84046
2.89498
3.60805
2.22823
2.26199
3.86001
1.74646
1.40702
2.80805
4.46321
2.80044
4.10986
2.19519
0.986519
1.58575
2.00972
1.70462
1.20804
2.06538
2.9894
4.37785
0.90673
5.05566
0.932839
1.0631
2.91827
3.9313
1.96587
6.95363
2.41299
2.82477
0.460466
8.19055
5.57386
1.91184
1.73519
0.978349
1.7563
1.42975
3.71428
5.36318
1.1994
1.59073
3.79551
2.32884
6.65277
2.94377
2.01409
1.33041
2.29238
1.29478
1.43475
1.52304
3.49781
5.13339
3.7637
0.373168
1.28796
8.41267
1.76938
3.07044
5.72556
1.0503
0.804314
0.596613
3.35986
0.689049
5.04687
2.78924
5.67712
1.32054
6.87238
4.28777
2.39838
2.36998
1.08761
3.46851
1.0722
3.66256
7.27618
2.85998
3.4744
1.37936
2.43307
0.817096
0.782471
3.30821
2.20457
3.18418
4.13858
1.49435
1.15556
2.98715
3.35262
1.93686
2.15787
2.58341
2.75762
6.50084
0.851516
2.32986
1.30047
1.62445
0.435668
2.02592
2.28924
1.18234
5.05086
1.49429
1.45992
1.92453
1.57119
3.92438
2.65805
4.70052
3.46756
2.40077
0.960535
1.37051
0.553644
1.64074
2.74118
0.858405
12.1415
0.966744
2.43386
1.18146
5.25232
3.89115
3.32903
2.93862
2.44305
2.78106
2.4022
1.45923
4.87623
1.64631
10.1596
1.18209
2.55754
0.947285
5.07669
6.53739
1.80916
2.82334
6.52436
1.29136
4.10704
0.658796
3.33791
0.647001
1.87027
5.00939
2.19145
2.65982
2.22103
0.498073
2.42845
1.5095
1.00849
2.18466
1.26539
4.69001
2.04192
1.65935
1.52747
1.81837
2.14347
0.740629
2.32427
0.730405
0.45579
3.01437
5.60382
2.68662
1.9707
2.53265
10.7683
0.725227
1.06174
0.685187
10.0563
0.67642
1.84748
0.809332
2.19469
5.06174
0.825064
0.814511
1.16891
0.781794
2.07499
6.62814
1.69692
6.04252
3.97827
4.31204
0.875867
2.87904
6.18118
1.89087
1.83086
1.5174
2.69552
0.771047
2.75695
1.19926
3.94145
4.07804
1.72005
0.784521
0.589537
0.663994
5.44957
3.43959
1.983
4.95959
2.03263
0.607932
0.900238
3.40133
1.32906
3.20767
1.61169
1.57689
0.83744
1.56461
3.93787
1.25545
0.608794
2.45414
2.10815
0.871935
1.81791
1.65598
1.01951
4.66459
0.740085
3.44751
1.72149
1.46022
1.05155
2.00929
3.13785
1.29163
0.658527
0.7439
1.54833
2.14811
10.2814
4.16599
3.57508
1.06268
2.41014
2.7195
0.867083
2.40533
1.20285
1.44163
2.45205
1.80079
1.08373
2.76903
5.80946
2.60028
3.92306
6.25092
2.34475
1.55687
1.45726
2.04258
7.08949
2.94695
1.0725
3.19246
0.85687
1.50735
6.191
0.945129
4.11877
7.2881
1.18996
3.55081
2.69643
0.716273
1.18824
1.0574
2.02249
7.63336
2.62791
1.16128
0.612324
2.78508
3.19672
1.02999
6.1593
2.31528
1.68375
1.86452
1.53
3.15232
1.6242
1.60101
0.71906
4.00132
1.45982
2.14626
1.58787
3.43963
1.89792
0.656818
4.86202
3.98558
1.36926
1.55371
1.68931
0.497537
4.31125
8.55347
0.804306
2.45394
1.43263
3.00456
7.60588
1.67141
1.00668
0.275393
1.49685
3.11038
2.93197
5.76607
2.10404
3.98017
1.13364
2.4252
1.74089
5.42595
2.11989
2.92486
0.830168
0.41705
1.83401
12.8185
4.03439
2.45476
1.7535
6.39743
1.50005
6.74176
0.833037
6.53232
1.54778
1.87333
0.672039
3.26937
2.52045
0.488309
4.00242
4.25052
1.39598
2.47137
6.31048
1.97179
12.4004
1.57697
2.64099
1.52211
1.57397
3.09748
2.92791
3.49447
4.07018
1.11803
2.48552
0.886982
2.00079
2.66159
0.741225
1.79526
1.76742
0.786705
0.842168
2.9941
4.68164
0.532094
1.63763
6.37852
3.72474
0.479395
0.665335
5.1094
1.46965
9.81193
2.81318
1.25337
0.601348
1.358
1.10917
1.92309
1.61044
2.51495
2.40137
5.4729
1.41621
0.700322
2.37828
2.52536
0.770236
0.876619
2.06314
2.57266
6.03162
3.1632
1.23241
1.27952
6.44915
2.27534
0.693091
1.11814
3.72155
3.32181
1.52002
2.64141
10.3632
1.1028
2.97796
2.57304
1.74397
3.107
1.89105
1.59841
2.51622
0.787661
1.2754
1.75568
1.51925
2.36615
0.706852
0.925653
3.72516
4.49588
0.947797
1.05207
1.45609
1.09506
1.82806
1.89814
2.39107
3.50648
1.52333
4.83826
1.00595
5.52696
3.03463
1.91555
0.999006
0.840117
1.64741
1.55772
3.08166
2.53947
5.99477
1.08659
2.66256
0.839244
1.42104
0.911575
1.27951
6.84845
4.73087
3.12553
2.60446
3.01089
1.61966
1.8512
1.59634
3.47131
1.26118
3.7476
7.06085
2.33115
4.57066
2.78134
0.837285
2.58497
0.664958
2.1169
1.52933
1.31681
1.50143
3.55938
0.36461
1.27118
1.71147
1.49633
1.81648
3.3666
0.644234
2.21489
1.73948
5.74776
1.61116
2.62032
6.06462
3.99536
2.86657
1.03818
3.06387
3.39763
1.03361
0.908306
5.28939
3.60696
3.61818
3.00712
1.31425
0.648118
0.827917
2.73524
3.08422
1.53978
3.52008
0.815901
5.63959
7.89759
3.69406
2.49794
2.60572
3.73668
2.2216
5.12809
6.15755
0.914296
2.07119
1.28345
1.45889
2.09542
1.69327
7.53871
5.57049
4.89165
5.75516
3.5532
1.87482
1.73139
6.8495
0.55003
1.27364
4.00504
1.00287
2.57963
0.685886
1.45285
6.73521
3.84071
4.39186
1.43418
4.26867
3.03474
1.82958
0.882604
7.1317
2.72575
6.00698
2.30299
3.19549
1.23689
6.1013
1.71434
1.53328
1.18582
3.79385
7.19913
2.76642
1.17589
3.73472
0.813922
2.70617
2.92609
1.55878
3.06177
2.40993
1.37661
6.36623
2.63169
0.634276
2.32005
2.98856
1.01868
2.06793
1.43211
3.6825
3.67816
2.82318
1.83971
0.783306
3.47796
4.35846
3.36455
1.87956
2.75171
1.72932
1.2977
4.09005
1.85618
5.18286
1.86997
4.17164
1.34971
7.82157
1.24232
2.47036
5.97413
1.30546
0.56554
1.38179
5.68998
2.07568
1.73024
12.2464
4.20176
4.722
2.32382
8.95347
1.91856
1.66542
0.939611
3.15338
1.78007
1.07298
3.34505
7.57146
5.30333
2.47331
4.13197
3.00204
0.851896
1.02417
1.01821
1.29838
4.54315
1.4251
8.53126
1.51763
2.871
1.26434
1.27612
0.875571
1.31759
1.11066
4.13531
2.54141
2.78613
1.9161
6.34635
2.8091
1.14158
0.826469
4.93209
4.75925
2.06067
3.24428
1.25816
3.86224
1.87767
1.53096
3.91147
5.55409
2.24557
1.07435
3.34772
0.905705
12.1473
1.44642
3.47743
8.43981
4.50168
2.88667
0.895321
0.794362
1.60748
9.28535
1.03813
3.09902
0.96787
1.30498
0.652404
2.50957
2.67427
2.85039
7.07123
4.38427
3.7154
3.16128
1.55078
0.880144
0.822216
1.53587
2.84851
2.09749
4.52011
1.94709
6.89513
2.64548
1.47173
11.5221
2.89284
3.34985
3.156
0.80873
2.81372
0.7341
1.36637
1.67784
0.761777
1.76839
3.56327
1.43436
11.931
0.906381
1.09708
0.999329
2.16738
0.859955
3.44346
0.840457
0.515935
4.18132
0.837699
3.68506
7.03814
1.02716
5.47949
1.82523
2.00035
1.99421
2.07072
4.2097
0.522825
2.687
1.8742
5.36021
1.85005
5.53326
0.474449
0.406783
1.21528
0.584878
0.724874
4.59774
2.0381
4.36632
1.46216
2.08353
6.54888
4.55836
4.61949
1.43698
1.80568
1.67115
1.11241
2.88755
6.02392
3.55812
1.41011
2.3111
1.76179
0.922096
1.27842
2.82021
5.95164
1.76546
1.53716
1.52772
0.732839
0.51731
2.44883
3.31964
3.29053
0.826254
7.49497
2.50382
1.1082
3.52775
1.81701
2.97188
7.25773
4.34582
2.22313
1.01321
3.41324
0.630295
0.980445
7.62004
4.42953
0.494136
1.33842
2.31838
3.50065
1.2731
5.41718
1.77783
7.04715
2.81599
1.57642
1.37099
0.554007
1.39225
0.907479
1.84044
0.897894
1.88788
7.34792
2.04753
1.61861
0.60371
1.71699
2.13737
2.32736
1.85469
2.14833
8.47817
7.79762
3.05689
2.51494
7.19988
0.501976
6.00316
3.19292
1.50993
3.1696
2.81665
1.02802
2.7927
6.3972
7.45453
1.83027
1.1551
2.34623
6.46429
1.5296
3.19146
3.32746
4.74639
0.88729
1.26837
1.58447
1.78642
0.961281
4.06334
2.05099
2.72239
3.46887
1.19425
1.60175
4.68813
1.79564
3.65351
0.550143
2.85317
1.57714
0.50354
1.11802
2.56529
10.912
2.23793
5.36477
1.28365
2.23368
2.54343
7.03636
1.20781
1.27708
2.1949
1.69437
0.905062
1.56532
1.99972
4.67387
1.26674
2.94012
0.945371
4.93221
4.65491
2.27858
5.08034
0.811995
3.82701
5.86721
2.08712
1.40302
0.356676
1.80251
2.59663
0.950448
3.10013
1.65797
0.575416
3.77108
0.698715
1.95332
0.740034
6.39238
2.3734
0.82741
2.43643
1.67901
0.805885
9.29702
3.19015
2.80144
4.72177
1.63087
0.805337
5.43257
1.11893
2.41145
4.68517
4.82742
4.36269
2.64321
2.80472
1.27722
11.044
0.717558
3.93099
5.16588
2.52033
2.35496
2.62902
0.731955
1.60668
1.77511
5.83331
2.1031
6.36012
1.48868
4.00318
1.11723
1.04706
1.51447
1.40131
3.24258
0.523507
1.29488
2.91354
1.87547
5.55575
7.1912
5.52781
1.88737
3.06297
1.76008
1.22979
2.19395
8.00384
1.10171
1.58252
1.71569
1.86093
0.881608
1.30284
2.30729
2.11472
1.985
2.55615
1.07714
2.27321
1.64101
1.43768
2.06557
0.622235
0.780199
0.516954
8.71268
0.647382
1.34723
4.49584
5.76733
2.29542
4.36155
0.640468
4.54531
0.708332
0.895031
3.01971
8.57268
0.960784
1.69752
0.777153
1.5514
9.43913
4.11877
1.1959
3.73952
1.19262
1.68024
3.04754
2.21248
4.6587
3.49556
3.43002
5.29502
2.66322
4.97684
0.624752
1.1992
2.58754
0.452086
2.35283
3.70078
0.807662
3.52149
3.86356
1.1893
1.19953
5.34609
3.65275
2.09483
1.77493
8.04192
4.78779
2.29911
3.25423
8.58709
1.96906
3.03298
0.980505
2.26968
1.3342
1.24678
0.899807
4.39075
2.68577
0.550428
4.16876
0.825549
1.52325
10.2449
1.73763
2.34707
6.84334
0.975046
0.653115
2.60573
1.59394
1.17272
4.33884
1.30502
2.9247
1.31879
0.745185
2.06562
1.30227
1.56126
1.59564
1.5533
2.45844
1.95644
1.6338
4.79333
1.01347
2.10621
2.81742
1.39009
1.19426
1.27087
2.91468
1.82388
2.92675
1.28313
3.14235
0.442577
0.898625
2.20777
8.04147
3.99781
1.02931
2.30008
1.03359
0.865842
2.23618
2.68075
3.607
8.14125
1.30849
1.38681
2.95423
2.77079
3.604
7.20715
1.72928
0.697719
2.34812
1.11283
3.25253
3.69459
11.3987
7.3956
3.76782
2.97807
1.18936
5.43982
1.6878
3.70224
4.83092
3.33756
2.83177
1.47871
2.08269
0.736377
0.966242
3.93635
7.78042
4.1522
7.00098
2.11397
0.909067
4.28909
1.18708
1.16323
2.24983
8.43165
2.24673
0.660792
2.35802
2.27224
2.52977
2.35985
5.56685
2.94469
4.48643
2.31826
4.27827
1.23243
1.60557
2.55673
1.23655
0.300739
2.45267
1.37698
3.32564
0.978621
1.72012
4.2471
3.7265
2.97855
4.79691
1.52864
1.42838
7.99915
0.988295
0.91755
2.72297
1.1567
1.78129
0.907086
1.84592
0.911139
0.959337
1.79989
6.49921
1.36508
1.5031
2.48638
5.6298
2.24367
3.23606
2.34417
0.882907
2.50215
7.67768
0.99442
9.66187
1.09243
4.43368
3.73544
2.02819
0.943462
5.67726
7.92332
1.59916
7.76671
1.49718
1.35763
6.82184
4.38269
8.28787
1.36415
0.463551
1.90434
2.11285
1.05421
0.910141
0.669008
4.87456
0.539524
4.03948
0.68308
3.26855
3.74838
1.61514
2.42942
3.80007
0.827021
5.79306
0.864301
2.12833
2.41151
1.11091
0.813781
1.71688
1.25757
1.10646
5.25658
0.687685
5.36339
3.94577
1.43019
1.77182
5.18181
0.714168
1.764
2.2103
1.61514
4.24519
1.69455
1.51125
4.80694
1.966
2.93636
3.16916
1.51605
8.42669
1.4649
0.88585
2.4997
2.88739
4.42151
2.56959
1.97763
0.849341
3.70751
1.7023
1.9685
0.889769
0.7636
1.32318
5.52401
1.76262
0.895262
1.50784
2.57225
2.20679
0.771201
1.10432
2.09847
0.821017
1.20874
2.61666
5.59277
1.72281
0.746921
0.979516
4.21199
4.10197
2.52141
2.13529
1.52275
4.94643
3.76789
2.0052
12.5677
2.35818
1.67538
2.70971
3.63954
7.37815
4.02975
1.54843
1.45167
1.80736
1.8255
3.69551
1.50587
0.873874
0.647544
4.07538
1.19397
2.94863
2.92705
1.15268
1.69647
1.11055
1.947
1.33166
1.66441
0.841227
1.34743
4.89644
3.71082
1.30258
3.00156
2.10576
1.54725
4.29984
0.579273
1.81018
5.81225
8.26684
6.3626
8.09172
3.27556
1.68658
3.37784
3.07745
0.513842
1.23147
1.62403
2.33907
0.685467
0.815036
2.33364
0.515604
2.54417
1.93792
6.75514
1.71936
5.95913
1.358
1.49414
1.62268
4.60577
0.8593
1.21213
5.89354
1.27485
1.92957
0.253502
1.5902
2.4214
1.89855
2.76848
1.31248
5.24955
2.66163
1.2104
8.46229
4.91
2.2641
0.944904
2.56857
1.32277
1.8893
1.32587
1.33782
1.81817
8.58437
0.443375
3.85103
0.67428
3.87342
1.7107
0.806453
2.52613
0.463558
2.49328
7.92924
6.18789
4.55625
1.22436
3.15192
4.56514
1.13107
2.85611
2.24235
0.923484
1.90732
3.70733
1.83652
5.75745
6.07918
4.69212
2.67837
5.44445
1.59555
2.10162
14.8194
0.816574
2.21474
2.59767
1.49741
2.20402
0.583187
5.19507
1.34625
9.53342
3.66864
0.663486
3.87096
2.59906
1.76083
1.85291
3.57475
2.23279
2.42841
8.51754
3.69682
2.7872
3.96735
1.75334
1.01113
4.39477
3.81884
2.75025
4.5032
1.1054
1.05146
1.88591
2.76192
3.02206
2.03994
1.96253
2.01588
1.40512
4.26142
0.88368
1.02302
0.718459
0.970418
1.82005
3.48206
1.34157
1.99937
1.73698
3.0355
2.839
6.37643
1.33005
1.2973
5.13299
3.85186
3.72719
5.65914
3.16319
0.710035
1.97486
2.39299
4.9482
0.815323
3.69199
1.04567
1.03024
1.47498
2.00769
1.55599
1.64171
2.54547
1.70052
5.72219
0.575528
4.2251
1.95465
2.72686
4.38729
2.83923
4.55582
4.11889
5.6827
0.925713
0.50969
2.11913
0.771293
2.43044
1.12238
1.80915
3.63002
18.5935
0.913417
2.28357
7.73257
0.626847
9.5188
4.59979
2.6858
2.74781
0.57368
2.39676
4.67887
1.47433
1.76039
1.51178
1.42252
6.93481
1.31131
5.44877
1.9469
3.85041
1.89529
2.51016
0.956421
3.2581
3.88394
2.63402
2.92786
0.697669
2.61779
1.43624
0.739131
3.88438
1.51619
3.07939
1.53396
4.86814
1.87633
3.29665
1.55
1.5199
7.21562
7.99461
1.78516
8.66056
4.82197
1.87449
1.52961
1.78299
2.52736
3.20515
2.01617
1.18885
4.56513
0.738118
1.58337
1.11042
5.14404
3.1449
1.81307
0.620188
1.24607
0.456507
5.19974
7.72831
4.44476
4.89806
3.31321
3.05852
6.616
1.33781
2.11477
1.18852
1.4051
1.1897
3.36316
1.38652
5.29934
1.27156
1.51544
2.69939
3.2393
0.799753
1.64912
1.34344
1.2178
2.70244
0.675586
4.77214
2.77984
2.94022
1.82175
2.04335
2.48817
1.44243
3.5378
1.38763
4.56115
2.23465
0.631828
1.21658
1.59269
1.20619
0.955114
1.1951
5.04559
2.25775
1.37369
1.64822
1.80099
2.9074
1.30993
2.90072
2.12893
2.70103
2.4626
3.97484
0.688868
3.34538
2.00087
2.98147
0.625701
3.48337
1.13109
1.81373
1.08319
2.82064
1.71547
1.42937
5.30661
1.02245
3.85114
2.5673
3.5956
4.74654
0.512266
1.7129
6.24178
1.0454
2.69503
1.20783
0.587668
1.28622
0.655231
5.40344
2.45058
3.17207
2.16267
0.770458
20.549
0.954286
1.50629
9.35243
1.23124
0.926347
2.01737
2.23462
0.754082
0.967574
2.70286
0.744189
1.19511
0.713915
1.57066
1.83786
2.2021
1.42557
2.81552
1.58458
0.820514
2.18841
6.23928
1.03966
1.48778
0.620166
3.20811
1.35916
2.40203
1.37016
5.68133
0.971844
1.57794
1.81588
3.32626
1.46452
0.986334
1.31281
0.733533
1.07231
1.15701
3.16867
0.644477
1.9165
0.992086
1.57048
2.81492
1.42866
8.70263
4.83532
1.37343
4.15982
0.989148
4.07669
2.14851
1.61769
1.2018
1.2313
1.01535
3.48164
3.2055
1.53747
3.16546
0.824231
1.66076
3.80835
1.46358
1.42051
0.776488
4.41609
6.37805
0.905036
1.17972
2.30172
2.05903
0.99942
1.11348
1.40905
1.80113
2.34185
2.34797
5.36128
5.17165
3.83815
1.51463
0.686942
3.07414
1.36465
1.75501
1.6249
0.595979
1.61126
2.05256
1.48018
2.22846
1.7793
1.00194
0.570236
3.87219
7.14371
1.36058
1.53059
1.50728
1.04188
1.01991
4.14088
2.3566
0.96058
1.65879
0.540377
1.07666
1.15289
0.702491
4.20516
2.93899
1.52951
1.49367
2.21576
4.38105
3.3793
0.355291
1.18921
3.20813
1.55455
1.1259
5.67903
3.11144
3.55224
1.87775
2.78011
6.41874
5.35884
2.45116
1.0855
0.736305
3.05082
1.89823
1.49885
1.72773
1.0098
1.29245
1.90017
6.58066
2.77982
2.00206
2.02408
1.17311
2.1035
0.707908
0.849667
2.25118
4.59999
4.50441
2.58918
2.43567
0.997697
4.7206
2.95448
5.23096
5.93542
3.05201
1.68733
1.39162
1.42519
4.81154
0.734979
3.0412
1.2717
3.71864
3.25685
1.22652
1.01089
3.38154
1.42366
1.28687
5.62818
0.967766
4.1484
4.44182
3.10611
2.15762
2.86529
3.32935
3.98121
0.948165
1.50474
5.06692
0.465479
9.66153
2.02313
1.43235
0.7242
3.41617
2.13156
1.46543
0.886978
2.52161
6.10295
4.08522
2.44308
7.11741
4.40797
3.34556
1.41748
2.11108
2.51186
4.41752
3.47881
2.3094
7.97838
2.70118
1.79839
1.36433
1.24251
1.82705
3.70315
4.84826
2.77357
2.90761
7.13718
1.11276
0.0964876
1.30488
4.46966
1.28083
1.50828
4.21249
2.4321
2.12954
5.78082
1.42268
4.61593
2.22578
1.78275
0.780528
1.349
3.40044
0.512584
1.22614
2.82776
9.24541
0.865264
5.10074
0.646407
2.40462
1.54784
4.20068
1.69579
3.43109
2.16907
7.05427
2.67319
0.583272
2.13385
5.91353
3.57899
2.62336
2.64636
1.87998
1.99556
3.42535
0.84942
7.86691
0.855336
0.712159
2.80844
1.32687
0.579865
9.11298
4.95554
0.581715
5.21908
6.52822
1.6334
1.20703
0.46329
2.97485
3.25088
0.842864
1.67743
1.69437
1.69106
3.4109
4.64949
0.61665
2.95237
2.08443
1.09632
3.14055
3.91958
1.58983
4.91662
1.43997
2.01588
4.28558
15.1126
0.868398
1.44609
2.20691
0.798143
7.38755
2.80318
1.71683
1.7769
0.946883
2.44198
3.44608
2.17605
0.710206
3.79519
5.87614
3.1618
1.28398
6.04603
3.46936
1.57624
3.92661
0.926581
0.460282
2.78561
0.671325
2.37097
0.66819
0.740088
1.1642
1.46051
0.407793
1.83623
2.88129
1.02432
6.65771
3.44784
6.58962
1.10362
4.74058
4.67983
1.16306
1.68357
3.69876
4.05424
2.30286
3.9233
3.21014
3.9263
1.71688
1.88644
3.83611
2.16955
1.30368
1.83017
1.44049
3.57791
0.648776
1.01469
7.19206
2.08857
1.46931
6.01023
0.608597
1.54952
2.87617
1.87665
1.07142
4.69681
1.01062
0.9074
0.426562
1.15205
1.08446
1.79599
2.29497
4.70804
5.79934
2.65306
1.78895
5.33377
1.78009
1.07529
13.0938
3.19633
3.73077
1.31498
1.66884
1.55202
1.07779
0.991775
2.61824
0.798977
4.24724
1.52487
1.70518
3.5085
2.56552
4.33369
0.858363
4.99186
2.05833
3.7511
1.9581
2.18262
3.4806
0.603605
0.761283
1.43362
2.45862
2.76262
3.80644
2.62197
3.68771
1.38308
2.8427
2.93462
2.71568
2.44753
1.23892
1.32167
2.27618
1.78242
1.44058
1.26974
1.17277
1.72137
1.08707
5.22878
1.01525
2.31005
2.38283
0.76099
4.21014
1.40847
2.46484
1.80798
4.44683
0.648993
1.14036
3.5787
3.09925
2.98837
1.53644
6.56689
1.8404
4.03429
0.842605
0.575927
1.52074
3.49813
5.45924
1.1167
2.46475
2.19652
5.26021
2.96486
0.767894
3.10003
1.83556
2.97876
1.02111
1.87661
2.67154
3.96429
1.7598
1.77682
2.00258
1.00314
0.783043
1.78672
2.49981
0.508266
1.44745
3.09513
1.85281
1.61446
2.46801
2.22652
2.82296
7.38859
9.23356
1.63415
2.03798
3.17821
1.37413
1.85021
2.76652
7.19539
0.93795
0.498378
0.906741
1.54673
0.92232
3.01619
8.55104
0.396844
2.84129
2.39749
2.5843
2.36407
1.26534
3.83412
0.837019
1.78881
4.20555
3.87764
1.81928
1.49858
1.16048
0.732435
1.06927
0.984742
0.970653
1.18666
1.06453
1.45354
1.35669
0.984257
2.44038
6.85361
1.61707
2.72129
2.17983
5.25413
4.36151
1.53666
1.53904
1.53786
2.69606
1.45741
1.67855
3.34606
1.29074
2.56702
0.873206
2.53928
1.30881
6.84063
2.68419
2.86171
1.61003
1.34305
4.36487
2.73423
8.00179
0.611604
1.85165
2.27095
1.17087
0.527639
2.58423
0.792727
1.71846
2.05267
2.36543
3.24855
8.81951
1.9215
6.43435
1.17917
1.75125
1.10948
6.32815
2.17384
1.34621
4.05089
2.10015
2.94166
2.7968
0.472519
10.7929
0.650361
9.85245
5.38254
3.98456
1.6371
9.32082
4.76608
2.79932
2.70915
1.48827
1.2586
3.04754
2.76158
2.00792
0.669068
4.2306
2.50187
2.38557
3.77349
1.13208
3.41612
1.40735
1.83518
1.56976
1.50238
2.35463
2.45479
2.57122
1.70183
0.808402
1.21702
1.54132
6.49464
3.38662
1.95622
10.4304
1.08836
1.10393
3.22553
2.83575
5.09501
0.901112
2.07324
5.03445
1.06869
0.798517
5.40684
0.560621
1.31103
0.974954
3.63952
2.10822
3.44161
1.77416
1.36251
8.23663
1.44315
0.77015
1.99841
2.87288
0.964304
4.08484
1.90518
8.10343
0.912706
1.85331
1.66083
1.30735
4.01547
2.90304
1.21139
2.7375
3.79579
2.35331
0.890055
1.17533
2.49351
1.35528
3.81008
1.73789
0.513299
0.537455
2.50427
1.97174
1.20674
1.47286
1.37968
1.21729
9.87273
2.21641
10.0461
2.54827
2.26995
5.08774
1.59891
3.87335
1.79676
1.70611
0.850086
3.40649
7.03557
1.73562
2.43394
0.563824
1.45177
0.815191
0.745751
7.72891
1.15091
3.86134
1.4024
1.78592
1.80178
2.97376
1.27503
3.77774
0.474992
1.54494
2.78158
1.59743
2.71803
3.85853
2.671
2.42983
1.07934
2.78143
2.78915
1.82101
2.24407
8.57408
2.38853
8.89975
1.71046
2.06211
1.0373
2.895
1.16367
0.690188
6.68046
0.576958
4.50957
2.1545
2.89488
2.42755
4.75297
4.39034
1.8045
1.40546
5.67272
2.00209
1.51794
2.02338
2.48641
3.09129
1.26816
1.78498
2.01563
2.09331
1.17795
0.95772
4.72593
1.1278
1.18029
5.40119
1.73608
0.603515
0.769905
0.733307
3.60377
0.803174
2.56712
4.15171
2.59659
1.31921
2.2185
2.16201
0.984599
0.907222
1.04175
2.1243
0.97123
2.1877
0.541047
1.90183
0.963405
2.42411
2.38712
1.41733
3.10485
2.15088
2.704
2.81308
6.83596
4.81075
0.500014
4.11987
0.903852
3.26227
2.25709
4.38293
0.528446
1.93408
3.37667
6.41614
2.47481
2.0361
3.85467
1.05806
0.955101
2.46852
0.452554
1.58558
1.69853
1.44752
3.10473
3.22837
0.867266
3.04604
1.94523
3.8369
1.0471
2.95507
6.30679
5.17569
4.73648
2.65407
0.953599
7.03874
3.68299
1.68143
3.05773
5.85046
0.600753
3.84595
2.35345
2.56988
1.76415
0.556222
2.7848
2.18676
1.44063
1.22999
2.3873
3.65658
1.16433
3.34688
2.48569
1.05084
4.83688
0.824332
7.69036
0.873327
3.24218
2.51018
2.0588
2.62563
1.16923
7.46273
1.65463
2.31742
0.528123
1.433
3.39196
2.34876
0.595441
0.969195
1.64573
1.873
0.70665
6.33703
3.43315
1.85102
1.06488
0.620664
2.04413
1.20553
1.19353
7.39513
3.06477
1.36059
0.564085
1.82152
2.07198
8.97195
3.43943
1.27159
2.53836
5.07488
0.669022
5.22237
2.30174
2.0654
1.54772
1.84245
1.47066
0.547375
2.00716
1.53972
1.17711
4.82726
1.41926
2.80097
1.48742
0.908361
5.25905
0.953316
1.06903
1.26285
2.52751
1.80168
1.02481
1.52081
7.04709
4.46003
1.96914
3.59425
3.65445
4.02073
2.61426
0.554969
0.508791
2.06294
0.763864
2.13442
3.67508
0.860021
1.92841
1.24352
1.40257
3.68624
1.65475
1.27019
1.30148
2.66734
0.887494
5.09408
5.89756
1.08328
1.87596
2.98632
1.3481
3.67962
1.40338
0.351817
4.62535
3.67437
1.70436
1.54683
1.4749
0.813445
0.882583
1.81374
10.1172
1.2186
2.31833
2.05899
4.87117
4.72633
0.997901
1.75425
3.79777
2.10928
3.01687
1.67342
0.718795
1.78129
4.92278
1.22595
4.07828
4.77209
1.55876
0.895285
2.15342
0.911446
3.23578
2.05831
3.88799
0.747556
1.63273
2.37408
2.92556
1.69594
1.70863
1.6372
3.59351
2.47487
3.37476
12.1454
3.49374
4.27113
0.560511
1.4547
3.54707
2.46228
4.90522
1.03909
1.44453
4.96569
2.26868
0.675936
2.24882
1.7828
4.92704
1.37619
2.00289
3.10964
3.55925
0.772447
3.00724
1.06698
1.3957
0.68726
3.34957
6.96112
0.390553
3.66771
2.39514
1.38526
1.55981
0.638668
1.77671
7.65491
1.52391
0.203108
1.68525
4.01541
6.09661
2.03858
1.2196
1.05374
1.63328
4.85841
1.73873
1.47031
1.08342
5.5233
1.58518
0.735085
2.11815
0.754917
1.13489
5.42221
0.788021
1.13343
1.88027
1.36304
7.20774
1.09004
0.978174
2.88908
4.24896
1.71977
2.09022
1.46216
0.410987
6.09602
0.753476
2.0557
3.99429
3.70746
4.00118
2.67627
0.921385
1.24238
2.92543
7.9253
0.573456
5.54915
1.2083
0.817056
2.16172
2.83914
1.52914
3.68663
2.22578
1.51828
0.634266
0.701473
1.00363
3.58738
1.68228
3.80652
1.02423
2.57089
0.711772
3.65901
2.1506
0.987838
4.56437
1.93462
1.80346
3.27991
2.45927
1.87811
1.79313
1.00692
1.04099
2.80368
2.21602
4.79259
1.64203
0.923725
1.58419
8.33027
1.93328
1.0537
1.73078
2.51093
2.7602
2.36715
1.83513
7.09893
2.96602
1.45651
1.9772
5.64591
1.44693
1.59419
2.00671
4.03437
0.824918
1.25874
2.99342
2.12024
1.88696
1.28751
1.76973
1.96836
1.65525
1.00408
8.22401
2.39096
1.2154
0.66971
1.7266
2.16408
1.6914
3.31352
1.88882
1.21828
3.82627
2.7002
0.453995
3.82736
6.73295
2.81897
0.899617
2.63977
2.27974
4.66922
6.54341
7.59079
11.1362
1.61182
1.20828
1.00615
2.19766
2.99869
2.59942
0.656147
1.49693
1.36763
0.771903
1.54926
7.531
2.7251
5.40462
1.65266
6.41694
1.27108
3.59212
0.846735
1.60398
6.94792
5.19334
0.561337
6.32485
1.00487
0.744243
3.1586
1.51579
8.04209
1.32104
2.83383
6.0107
4.67864
3.7528
0.531683
0.168217
2.67369
5.76459
3.78066
4.37789
1.62867
0.517201
7.20683
3.05115
2.68195
4.40605
2.10994
2.88016
1.17612
6.83722
4.4571
2.66208
1.96612
1.93476
1.31909
6.3623
1.75452
2.50655
5.84872
5.03939
1.91942
6.88295
1.29146
2.94393
2.45646
1.10172
3.39325
4.20021
1.51901
0.973257
4.4018
4.31942
0.932144
6.26885
1.18668
2.04936
2.4604
0.958977
3.44779
4.19891
3.70339
0.832313
3.81346
0.700865
3.4689
4.86463
4.51933
1.0561
5.81953
2.86333
1.2555
4.57199
2.07211
1.50355
0.563197
1.54338
3.90038
3.05449
1.52853
3.75261
1.68928
4.10262
2.66378
5.17151
6.27563
1.33902
7.18977
1.15622
4.97115
1.33584
1.77343
2.52657
7.01931
1.46802
1.86415
1.19123
1.04478
5.99465
3.07457
0.705968
1.80565
1.24061
4.68201
4.35397
1.10567
4.06019
5.53053
4.23657
1.52071
6.03945
3.18991
0.545648
3.53036
1.83977
2.82533
2.65859
1.22983
5.42741
1.99252
1.56453
0.931653
2.47126
1.10001
4.29056
1.02551
4.81484
1.94519
10.1363
1.28214
1.95405
6.60243
1.22118
4.97743
5.44837
4.65131
0.812838
4.72535
0.437408
1.31916
2.62648
4.21601
1.3484
1.01417
2.63276
1.02179
1.87672
4.26985
0.708998
0.794471
1.76489
6.30376
1.84442
1.89437
9.66956
0.772558
1.93607
1.11812
1.91887
5.8854
1.81424
3.64357
7.71795
3.89697
2.57119
2.34743
3.82037
0.908495
1.01604
2.431
3.87445
7.04982
2.99846
4.05975
11.53
1.94797
2.43391
3.82379
3.2195
0.535636
1.54589
0.732345
2.94763
4.00704
6.87064
2.602
1.26034
2.24012
1.37072
7.17741
1.53735
1.19372
0.877635
4.36164
1.11735
5.27723
5.71902
0.859587
0.140679
1.1947
0.963667
2.48495
0.769945
1.80013
3.71799
0.75193
5.3715
2.91668
3.73567
1.07898
1.02846
1.02432
3.90919
1.71647
2.41879
2.2102
3.05953
0.504114
5.50277
2.10666
1.31013
0.968055
0.664878
0.261422
2.66599
0.940652
1.06615
1.04329
2.78097
0.787695
2.46521
2.65038
3.50362
1.8838
3.00267
2.87208
2.59576
3.03627
2.71082
1.91151
0.633997
3.43556
1.30417
0.681755
0.90227
0.721138
0.822342
1.63601
2.86723
1.13757
5.37181
1.99893
1.03885
1.62305
3.86255
2.2309
4.42367
3.11781
3.21794
5.11268
4.91317
0.862508
1.8941
3.17069
3.6287
1.00512
3.64273
1.2748
1.53223
1.49336
1.35542
2.68199
0.959572
1.41889
4.47875
0.735087
1.7509
1.29491
0.932325
1.67953
1.0606
1.20919
3.84161
2.2559
1.97161
1.51844
1.14319
3.18659
3.00933
2.38063
1.96341
1.1281
6.11132
0.907716
7.77956
1.03272
4.59288
2.5516
3.78896
0.493611
0.966155
2.67951
0.490685
1.8527
1.90028
0.895699
0.715694
1.38922
1.00378
1.76409
6.3956
4.64362
1.21441
1.40554
3.04603
9.62448
1.46043
2.03244
1.22923
0.676078
1.63217
0.497942
1.90638
3.5362
2.42678
1.97535
5.70881
1.14697
2.46851
0.926233
5.45748
2.51226
2.88243
1.84226
6.00375
0.970936
3.23822
1.86774
1.66324
2.1735
1.36191
1.37937
3.48445
1.42899
1.90701
4.68664
2.82433
6.81865
1.09958
2.06151
3.49868
1.05055
2.48214
5.17171
4.07129
2.38015
1.10933
0.877976
1.44205
1.22174
1.04977
1.01715
0.509856
4.37588
2.08544
1.64024
1.96854
0.703876
1.32013
4.09348
1.1878
2.93217
2.98535
3.09982
4.02109
0.882621
2.35911
6.02351
1.65743
8.13484
3.55103
1.04729
0.671973
1.72964
1.52378
2.24963
2.20596
4.38863
1.12882
1.21267
2.85955
1.99885
2.03977
0.839333
3.64121
2.9343
1.82283
2.74757
9.54758
2.30325
7.2272
3.16442
0.68315
2.90067
0.880669
2.34334
1.89372
6.24415
1.9387
3.38562
0.924515
3.83991
3.64055
1.17477
1.19835
1.26154
3.04867
1.26232
1.4301
2.71423
1.31286
1.3831
2.54906
3.49918
1.26685
1.49288
4.5515
0.489084
3.8591
6.3525
4.15848
0.978476
1.89296
1.08451
6.01961
1.2334
2.23072
0.796422
5.92397
1.73667
8.02641
1.09243
1.3859
2.73897
4.19378
1.31675
3.42903
3.1559
1.91051
1.44653
0.923441
2.18415
1.57277
1.71872
4.28636
0.48253
1.68141
2.20925
1.36803
3.12923
3.65795
1.39506
2.02893
1.25902
4.47292
3.21228
1.34112
0.672174
3.27194
1.3378
2.21758
0.951747
1.4595
4.30392
0.700769
3.12453
2.31055
1.35498
2.85335
1.30433
1.54147
0.911435
3.45262
2.15439
1.51954
4.45211
1.44672
1.70751
7.79944
2.4216
5.7675
0.821719
2.40477
0.803875
4.13719
1.35285
1.94343
0.575392
2.46099
6.52932
2.03981
6.32526
1.41282
1.05331
4.36063
2.60447
1.8294
4.62327
0.982294
6.3242
1.93905
0.954639
1.32976
4.54569
1.26081
1.74365
1.95046
2.24431
2.30083
1.82175
3.44112
0.920054
0.701127
0.621204
3.55628
3.31941
1.32032
6.16086
3.78589
2.96582
0.363176
3.985
0.762514
3.80921
1.92489
1.12905
2.2933
1.4556
1.9015
1.96657
3.63525
2.61491
2.28575
0.443952
1.58862
3.12781
1.07762
4.02033
2.97171
0.626501
0.739153
1.12726
4.71839
10.8524
0.866892
1.68882
5.778
3.04143
3.42102
2.78321
3.28238
5.21786
0.962103
1.04686
1.29717
1.84896
2.31965
9.04915
4.07042
1.35051
2.38937
1.76566
0.785391
2.05589
1.85702
1.98546
2.40849
1.67172
5.43786
1.03809
4.63586
1.09978
1.42106
2.76337
0.877128
3.54975
2.42972
3.95359
1.45417
2.09266
6.9044
0.919812
1.87853
2.90328
1.28656
4.45178
2.07435
3.21624
1.30404
1.72149
2.03232
1.75933
1.18019
6.12144
2.7835
3.14985
1.89384
11.8065
9.0345
3.45665
0.721665
1.03306
1.56301
1.08694
4.28868
3.24173
1.47953
4.09544
0.574501
1.70405
2.90812
1.34219
2.47858
3.91873
1.6855
0.601952
2.82174
0.620035
1.0179
0.985777
0.715387
4.43297
3.36716
3.09965
3.25474
6.04013
1.8774
5.3892
3.07433
1.01558
2.92857
4.87701
0.764954
3.52713
2.75609
1.26928
1.38146
2.18147
4.11021
1.06369
1.71302
2.21511
0.912216
1.78239
0.761415
1.69781
0.652359
6.52385
4.16064
0.868611
3.62806
0.92023
3.5277
2.03147
1.28117
9.39624
2.45768
1.77738
4.27496
4.56152
1.11732
1.42903
1.74919
3.7134
2.93838
3.86732
1.9642
0.803
0.768638
4.21792
5.09858
4.47556
3.19708
2.25255
1.41901
1.64851
0.698536
5.37509
2.2706
1.16027
1.61396
2.15706
1.8359
0.821148
6.49603
6.00244
1.16259
6.08592
1.03052
1.88831
1.05111
3.62025
2.63041
1.52979
2.2143
1.3952
5.60448
1.67957
2.40317
1.39719
3.27663
3.63416
14.0892
5.1
2.85415
1.81771
5.38378
1.48434
0.945747
2.39426
0.662809
0.774062
2.59671
9.41781
1.47546
2.68323
2.81351
2.16372
1.66926
3.05232
0.88453
5.55172
0.552481
1.04902
0.418324
2.21547
1.29274
1.83141
0.95084
3.34264
2.81274
1.47873
1.06098
1.15161
1.23106
3.24413
0.905559
7.58688
1.62886
2.79656
2.63158
1.0069
0.948719
2.28124
1.02955
3.06903
2.09662
1.44754
0.832144
2.84946
0.853291
3.7335
3.1935
1.68043
2.51259
1.37269
2.2982
1.21702
1.70506
2.48197
1.0164
4.76615
1.03246
4.09592
0.891024
0.599221
1.89173
2.15429
2.1228
1.01205
2.06341
2.10752
1.70692
2.00623
2.01172
4.32152
4.30832
2.70476
5.87179
5.99868
7.15393
1.99227
3.12067
1.27102
1.70337
3.39017
2.72123
2.7046
0.938797
2.70239
1.54205
2.08009
1.35421
3.53759
1.7874
2.80366
3.79344
9.5179
1.15188
3.52009
5.15321
2.14797
4.29622
2.29031
2.5443
1.64418
3.58559
2.12851
1.67621
0.768372
6.10127
4.01281
5.84737
1.32704
2.43507
4.95889
1.60888
0.666323
0.966008
8.42291
0.706857
1.30881
2.65299
0.625479
5.67033
2.11601
2.07283
2.30353
1.0932
1.77895
2.31699
4.58798
1.38779
1.04081
5.34371
1.40309
4.64608
0.572601
4.08618
2.24162
0.998621
5.33365
14.0035
4.15594
2.58346
7.17999
1.848
1.4364
2.73106
0.886385
2.26453
2.05053
2.57934
0.716138
3.69368
1.63245
1.77601
2.10279
1.50823
0.735207
1.39278
0.926634
0.759413
4.31823
0.817859
1.04677
2.85626
3.23781
7.55885
2.07981
2.77325
3.11728
2.89348
0.807261
1.1158
0.668712
0.617701
4.307
1.59636
3.59402
1.51391
3.2648
0.966147
1.41206
2.33795
0.496931
0.67976
1.0831
1.33468
0.868866
1.99886
5.26862
0.773533
1.22265
6.07454
0.679706
2.95687
7.86784
1.30971
1.98147
2.32719
0.944203
1.37531
4.27313
2.32675
2.16556
4.15301
2.94263
1.242
