23.0949
23.1354
20.6477
24.027
10.9096
6.36945
17.4487
11.909
10.5059
19.6428
19.5636
12.7259
14.496
8.93039
17.3272
14.3938
22.9984
22.6753
22.2689
11.6277
32.7221
15.9589
13.3791
16.421
14.9049
16.5942
16.1121
30.2953
16.1258
10.9845
16.0107
13.5923
15.747
13.0398
27.0293
13.869
21.0174
13.7859
9.63689
23.3984
21.6513
17.247
19.0505
21.4074
17.9805
15.761
16.2711
21.0059
10.1491
10.3795
18.482
29.9366
15.2359
6.07188
16.5606
9.04967
12.3939
9.0581
20.588
75.7735
16.7284
11.562
13.8624
18.6447
25.7649
28.6295
29.7227
24.2491
33.8121
17.0739
12.7937
19.9706
17.2538
14.9388
16.9801
20.6235
29.6698
15.1698
19.2864
14.673
21.2905
23.0989
28.7907
11.9569
30.1461
17.0942
14.6859
14.7116
29.382
12.9334
10.5641
12.0851
16.9821
18.7315
24.378
32.2986
33.38
12.2558
12.9704
16.9068
17.4427
19.5374
7.52212
32.6242
21.6086
27.3093
15.7384
29.5141
14.1668
15.1747
14.091
27.8808
22.3739
16.0831
13.5452
11.2075
22.7032
15.887
18.1021
12.9151
13.3528
16.2751
38.4766
29.3234
15.7755
21.594
24.9163
11.0242
16.4935
20.6752
20.4516
19.7019
10.1048
26.7341
13.7821
14.892
18.7216
20.848
15.3251
15.8108
21.5567
12.3142
27.3211
20.5331
22.5605
12.6559
8.50507
20.7134
16.952
30.7158
38.1054
15.1527
37.8178
22.3356
25.0441
17.9307
22.372
12.0604
33.4442
12.0747
20.4529
16.6023
13.9279
29.6119
50.0421
21.9012
20.2382
10.9618
26.5843
20.6809
10.0843
18.0439
14.0557
11.4206
17.6545
23.04
10.7809
9.74092
14.4587
32.7831
31.1247
14.9097
7.72911
11.6181
15.5729
14.9215
31.1133
28.1524
8.86799
18.2078
12.7897
21.9943
43.2813
13.8092
21.4505
20.3029
13.2322
9.9679
18.4141
20.0284
12.613
12.9902
16.3601
16.5759
15.4118
16.6604
21.1884
9.93683
14.2311
12.9913
46.3088
8.70058
25.2891
14.5556
15.4197
18.1325
29.0594
9.11524
15.6287
27.8389
34.0646
14.6079
19.075
11.6781
17.8492
29.6866
15.355
15.7787
29.141
18.688
13.5652
31.7178
21.1835
13.8449
14.7812
16.8434
12.3301
12.0764
9.52665
12.4921
7.78832
28.0526
13.0322
26.8195
12.1328
20.5013
13.1206
15.7493
27.9181
22.4756
11.0575
18.7224
25.563
13.0291
18.2483
19.3653
11.1613
15.4145
13.0975
12.8928
10.2915
24.919
15.7322
10.6546
17.633
26.984
28.7703
26.7339
16.8282
12.6434
27.6176
19
10.7566
26.698
7.40381
19.8818
22.2311
21.6134
8.02301
8.9368
17.9489
16.5515
4.93963
13.843
15.7053
11.7416
9.8453
20.6436
24.4818
8.2828
9.35304
15.8318
32.3924
18.6544
13.1867
9.61329
22.3986
7.95309
9.18486
8.67528
14.7296
34.4391
20.7651
44.0426
17.3737
11.4636
12.3482
8.34998
16.3552
19.7791
18.5818
16.7106
23.0224
11.0186
23.8458
8.59734
11.1315
22.144
13.606
11.5676
13.5223
16.9436
9.38746
19.3214
13.7431
11.9197
19.3919
7.49591
17.0245
12.0327
12.9003
36.3022
22.2459
22.2935
17.7704
17.2865
12.1341
12.2804
19.1663
17.7391
26.3057
27.1141
11.3075
11.0362
14.3809
11.9596
17.3115
21.0536
25.3649
16.1884
14.0006
17.3385
11.9004
18.9782
19.3029
9.12497
25.8334
20.6057
39.4348
33.8502
24.2845
16.7488
17.4616
29.8581
18.2421
11.3319
23.1285
12.5723
23.8353
26.0344
15.0448
18.6346
11.6582
9.63093
16.2143
29.7822
29.2695
19.3249
12.5181
20.8183
17.6672
12.2147
14.2694
35.266
29.3623
12.7208
32.9184
14.8451
26.716
24.4084
31.4628
22.878
11.4952
5.50513
18.4752
17.324
17.9622
16.193
15.51
12.4083
30.7105
19.7983
21.5574
12.8582
10.2351
33.2129
30.0167
19.5995
10.0323
16.4415
10.204
9.21741
17.1374
20.7259
12.6228
34.8224
16.3328
20.73
13.3806
18.6248
16.9819
13.1382
10.5514
13.7892
9.64995
19.2074
17.8636
24.0683
8.82847
17.9618
14.9752
16.3295
25.9979
8.87238
20.7348
8.63063
17.3752
7.77477
31.9359
6.43462
26.1
8.40942
11.9733
23.331
13.033
11.2044
35.6031
14.0789
25.9369
15.9973
12.9895
10.2004
23.7395
15.2684
16.9549
27.4899
19.7777
18.864
26.4325
22.3021
17.7972
15.242
10.6705
10.8474
20.6685
34.9377
16.6046
19.2435
20.824
9.69888
23.7856
19.0121
9.1617
15.6449
25.4271
13.6332
16.2021
16.49
20.5976
11.5286
15.298
17.0252
21.2372
19.8646
11.5473
12.3597
10.5333
14.0063
19.6934
13.3648
17.3084
9.65682
19.7322
18.3804
13.3516
23.3052
20.7864
27.6416
12.9694
14.4109
11.5249
14.5305
15.8788
22.6735
19.3325
22.5878
11.5896
31.8597
17.0939
13.0084
18.9828
21.3449
21.8084
17.1275
28.1676
15.3778
12.9457
10.2467
21.1661
26.4456
14.2243
21.9514
10.1664
6.51256
24.0355
11.4906
14.5657
23.5107
17.6185
11.4628
14.5203
16.7288
23.0716
22.9016
8.27039
7.38905
13.4124
10.5642
12.0261
26.399
21.5753
14.4709
15.2168
11.6722
19.0666
21.091
18.2618
35.7518
18.0125
17.597
21.583
22.1278
12.7756
26.3398
21.752
12.4851
10.7674
12.9209
15.6244
10.9055
16.3258
12.594
27.3761
15.7821
17.4004
14.4283
9.04567
12.2051
22.9832
10.138
22.191
18.2163
26.5086
15.6301
18.6397
16.9776
12.455
18.3056
17.5818
15.658
5.65791
7.44657
16.5247
18.3125
15.3061
18.0441
10.6987
11.665
13.6688
15.7433
7.88838
14.164
17.4943
24.4549
10.4929
13.3186
21.7886
13.3975
15.4383
12.1883
11.5238
17.1212
13.9402
14.3829
10.4702
31.741
10.8416
12.9436
9.40082
20.9019
34.2461
33.4255
15.0643
20.5126
9.22957
19.1413
14.2972
41.5872
16.3108
19.7641
10.9009
17.2495
19.666
16.0591
21.7003
32.1449
9.54082
17.8884
22.1863
23.9173
16.4307
46.1147
21.0043
18.4986
21.5808
10.2117
15.2718
21.1524
17.994
11.7064
29.089
13.5536
9.90579
16.9578
15.813
17.0222
16.8573
17.2657
29.9993
8.32042
20.4922
15.4117
19.7861
19.0583
8.25904
16.0919
16.3466
17.6711
16.7227
10.5898
8.0958
21.4949
35.0147
15.3329
16.3469
10.1685
18.8951
39.4027
12.6003
13.9544
19.0999
40.6537
31.7839
9.62764
14.8046
8.89792
13.9943
11.1622
11.1033
9.7086
7.03306
7.85608
22.5086
31.6933
26.1831
27.4633
15.0601
18.2016
12.1946
28.3417
9.71117
11.9778
10.9706
22.585
23.4797
7.68109
14.6871
11.9084
29.7079
12.6641
21.3363
32.3397
14.1538
30.8343
8.8587
20.5889
8.91742
17.7433
16.4036
24.8022
11.4082
13.5655
8.77338
13.2108
24.1146
17.7083
23.0266
39.5023
6.60287
20.44
15.9559
11.9567
24.6654
10.005
15.8635
10.4683
17.1827
22.9794
10.907
11.9516
18.9641
5.65081
23.719
23.1056
9.79563
13.9809
12.8218
15.0696
21.0921
14.0467
23.0639
9.93168
12.803
7.80828
13.5671
29.2502
12.1989
26.5636
24.1673
20.6845
17.0245
13.5741
25.9026
36.7676
15.6976
22.1642
15.5774
34.5642
35.2055
10.3367
15.7387
17.7651
12.2129
11.0601
19.5793
23.494
23.9524
24.6082
8.77777
28.4045
28.9029
16.5212
12.7697
9.63795
44.0372
15.6189
18.7
27.7755
12.3509
16.2501
15.4919
18.4505
15.1214
18.471
25.1153
13.6344
8.9785
11.3537
19.212
27.9043
38.4999
23.3107
23.1271
21.0999
16.2612
18.4957
33.3199
19.0421
19.0363
10.8688
26.063
9.77237
15.1256
10.9424
9.10521
17.7703
16.8654
25.5509
18.3418
14.7888
19.1663
11.3906
25.345
20.8977
12.5154
30.0029
20.7731
15.7141
9.19386
8.68853
8.39292
11.0139
14.5664
21.1814
12.4657
10.8132
16.5867
20.7856
21.3602
35.7951
14.9961
8.74686
11.6256
26.3993
14.2471
26.6893
16.5804
8.84634
11.6714
10.6827
12.0009
13.85
14.0676
11.5492
9.32693
37.8749
13.1016
9.4272
17.0121
20.5789
21.0878
15.2476
12.9104
6.47504
19.5362
18.3032
15.0096
12.4255
6.38114
21.1198
14.5774
12.6028
23.5833
17.2043
30.271
26.2461
12.4244
23.0663
18.6648
25.7339
10.202
30.7218
7.86337
11.698
14.5224
23.214
17.1668
19.3314
26.655
16.0868
18.5685
16.7435
29.6624
28.3881
14.3342
26.6132
19.9253
9.94746
17.4342
12.7145
16.059
21.7718
6.49442
20.2996
32.2188
11.6848
48.3238
32.2703
23.9205
7.79686
20.9775
22.6355
19.6087
21.2065
10.6196
21.7358
31.5671
12.5754
12.308
30.7208
19.2549
15.8838
25.0874
16.7748
11.2143
28.3921
8.85201
13.2031
18.8745
22.0829
36.0575
13.879
24.6905
17.6386
25.6793
24.125
13.5582
17.1201
10.0628
13.532
8.55413
14.1668
17.4864
18.2466
19.3763
20.9767
14.8377
20.2974
28.2156
13.2178
15.7583
24.4907
17.3012
24.0173
13.4803
13.2394
22.8378
8.87406
28.9235
17.0932
18.3659
13.693
10.993
17.5196
19.7632
20.2243
18.602
19.7797
12.835
17.3361
12.1566
21.5572
18.14
32.6731
26.8884
12.5918
22.802
12.2447
19.2542
26.1643
26.786
28.7773
15.025
23.339
14.4388
18.734
19.9798
11.6825
17.3318
14.5075
29.9045
22.2134
19.0029
9.03118
21.9188
30.1711
13.2783
20.2
17.6424
22.4665
25.5153
18.1188
10.6056
18.5285
17.2978
25.2369
13.5585
31.0343
21.186
19.1303
20.4242
21.0621
14.369
16.1451
13.6578
10.8409
17.4832
21.1104
13.9063
12.4678
12.4198
14.1283
18.0876
31.9326
8.86063
13.6749
8.23936
19.8422
19.5947
13.9005
27.4627
13.0321
19.7328
19.6903
17.202
9.50856
13.8868
9.90087
11.3526
15.5386
10.9043
10.5653
9.01592
23.635
12.5103
21.0486
6.45864
14.5372
10.7345
30.5118
21.7641
14.9267
35.7315
12.2301
6.16369
8.36734
8.86684
7.45763
9.45987
13.8033
12.8867
30.2405
17.4813
24.0492
19.0253
13.5116
10.2299
7.71589
13.6164
17.7168
10.948
29.1216
38.6241
48.594
9.94148
13.6731
21.5421
24.97
16.5384
17.9565
23.5615
11.2443
16.5809
17.4933
15.0639
32.8586
22.8568
17.4674
22.9233
9.96307
13.3612
21.6627
16.1049
18.8997
17.3495
15.0049
24.2653
18.34
7.93889
27.8573
11.7136
14.8616
13.142
20.7076
12.4143
29.0092
18.7923
12.8387
26.1689
22.0864
8.32347
20.6776
17.997
8.98847
28.4881
14.5416
16.0304
16.1554
10.3605
13.2779
17.3798
36.7098
14.4653
10.5334
29.365
24.4849
12.5845
29.9642
17.0652
16.445
22.7465
8.25793
8.70663
6.42751
10.1831
7.66743
33.4935
15.9612
31.3165
26.0642
29.2257
18.7293
18.9594
28.1179
10.5214
10.3129
23.4805
18.8741
13.7949
14.0762
11.7646
9.98439
11.9944
11.3034
13.9425
5.52118
28.3516
18.9344
14.8556
16.755
20.3262
17.0784
29.9849
31.3981
43.1611
18.7624
20.7618
15.6916
16.1249
9.22509
16.4142
19.3263
23.1653
16.0422
13.9007
9.89738
17.8273
37.2926
35.1969
12.8255
10.5107
11.6536
13.5329
15.5532
16.8849
12.6302
13.6493
16.4383
6.32022
11.8476
19.4081
13.7634
20.2259
15.8364
41.0479
13.9469
11.5774
13.5255
23.4003
50.8152
19.7708
18.4937
15.204
26.5352
13.697
8.9914
20.8688
9.8487
28.2304
18.0047
17.7496
29.622
16.4113
14.3834
11.9456
23.9614
28.3893
13.6095
18.2877
20.1814
18.0016
14.0502
20.2532
16.7537
13.6724
16.2186
29.6021
9.56831
20.9769
15.3015
19.0691
28.9838
16.1411
7.55815
16.5918
17.9109
9.34122
34.9709
14.7824
19.0927
19.1443
17.268
21.6855
17.9593
16.8557
14.6054
8.74014
25.1503
14.6638
14.1771
28.3279
29.054
20.7074
15.3482
17.4041
25.7772
18.2866
28.1239
29.2136
15.238
15.5532
18.4774
16.9641
14.167
20.883
13.8069
30.7225
14.9634
19.0025
12.1267
25.591
25.2976
17.6492
14.3276
16.4961
16.4604
28.2304
25.4773
26.5832
7.17602
14.6897
15.9776
24.8245
11.2908
19.4554
16.2792
13.7781
18.8188
22.7551
25.5208
30.4301
13.8871
13.6219
31.6286
14.9697
19.9127
21.8282
12.5254
19.4806
23.9804
6.12687
33.9596
13.4921
18.7465
12.2991
7.66615
16.3544
14.9903
30.0838
20.8794
8.11111
15.0854
15.041
18.0858
15.5802
18.5432
10.5582
29.2681
33.5172
13.1792
14.6611
32.2271
21.4332
17.0447
23.791
23.8781
17.4071
8.35632
20.5232
14.757
15.3237
10.5512
23.7104
18.5507
13.3402
49.9597
16.3319
14.9834
9.51584
15.5798
27.9459
35.9862
23.5821
32.4798
15.2473
23.2126
19.335
27.6591
16.6111
11.5463
21.3534
15.855
23.6611
10.8759
18.6557
14.4549
27.2612
32.8174
28.6469
23.2455
17.6284
40.1428
18.4122
14.9047
19.8472
31.6984
29.633
14.3991
16.4544
8.62922
14.2294
31.5817
18.288
22.7855
32.551
11.6528
26.5137
14.8071
18.2181
23.7094
18.6967
13.0112
23.2394
21.8581
7.76152
16.9315
18.3873
11.8529
15.3874
10.6602
13.1302
21.058
15.1075
14.4854
8.00425
25.8882
24.0572
13.8489
22.3371
22.8993
18.5563
18.9734
26.3774
32.0349
14.5824
23.1011
9.7088
8.44601
15.9005
12.0009
22.1108
16.2594
7.51443
15.0282
13.3108
43.1017
21.1434
18.3595
5.40362
42.8469
8.31561
13.1488
18.8413
19.2924
8.51785
34.2061
9.33906
35.5101
16.8855
14.7995
20.7911
14.6964
15.931
25.6261
16.061
13.2289
12.2408
14.0294
21.2726
14.0567
15.2162
28.6494
15.4196
24.2308
16.6943
14.9382
15.1516
11.7327
38.9634
19.7443
22.7326
15.5129
13.3352
34.6853
13.6449
6.59833
10.4393
13.0937
18.3905
25.3638
9.84403
17.8068
15.2233
8.77965
10.5835
22.6927
7.09979
10.9808
15.7571
26.184
15.0264
8.16571
17.4162
13.3619
22.9256
12.1219
16.5031
11.1914
9.72866
12.7203
15.4459
11.7068
16.2296
7.12272
4.5182
11.9157
16.592
12.9498
34.7621
13.9231
8.21329
22.1195
5.93216
17.7958
20.1628
20.8384
29.3643
44.6749
9.41228
23.9054
15.8172
19.0258
19.2482
13.5972
13.0346
11.8893
18.0242
6.1308
6.2708
13.4191
18.6114
19.2253
12.1329
47.1385
30.1751
14.826
10.5214
22.135
6.13409
32.8673
7.86224
14.4962
27.5196
10.1385
8.94869
25.7577
18.9004
17.589
10.5138
22.1235
24.6765
7.78481
19.5552
16.6247
11.6034
41.1371
11.6698
7.70004
17.7463
10.5419
14.0412
27.6137
13.169
11.1791
11.7832
21.8041
31.7706
26.3088
15.4442
9.07529
12.3582
23.0343
14.4711
25.3689
26.0107
18.2668
20.8373
12.1169
12.3006
12.2128
16.8715
19.1648
31.1019
14.5898
20.7907
21.3175
19.7428
19.7867
16.9095
14.3603
28.3131
19.4711
24.8309
14.2912
13.5986
18.7632
18.5788
27.2163
10.925
16.6484
24.2201
22.2117
8.40617
15.421
24.6112
28.6241
16.8696
22.8427
21.485
14.987
10.3165
48.569
14.4423
5.71108
18.5282
35.9729
17.3166
19.2477
14.9542
30.1595
13.5254
6.55013
12.4892
28.9224
25.8414
9.20113
23.0995
21.2603
12.6226
20.8296
13.3153
21.9907
10.0546
13.8528
27.9698
8.54214
13.1644
15.1347
20.7148
18.3684
14.3719
25.4114
19.4315
8.89975
20.8143
25.8968
19.0816
25.4608
16.1147
8.94803
18.8811
25.3679
22.8911
13.3379
13.4957
19.4974
27.3931
26.0578
21.2131
21.487
13.5604
13.5987
16.3268
17.5639
18.0326
16.4843
19.3294
24.2795
13.4394
19.2019
12.5522
35.2523
7.77477
29.8625
25.0416
26.6786
23.454
17.9294
25.6326
11.5413
33.6021
16.0267
14.2439
17.7273
13.449
29.8347
22.2287
17.231
15.416
14.7227
19.4884
14.1576
23.5516
13.4197
23.7291
14.7669
19.1033
19.8511
9.69283
16.2591
15.2156
13.332
11.8524
15.5615
10.19
18.7359
8.17336
25.6128
8.78925
22.3647
12.7961
18.4158
27.5995
17.7514
10.116
13.3676
9.2082
10.8611
16.815
14.7191
25.0668
8.14047
8.5232
18.3038
42.575
36.5328
36.5206
15.4088
16.9308
6.77657
10.2074
23.5368
10.5903
13.0835
11.0436
21.9403
11.7397
10.473
24.0165
30.6249
17.4675
9.26408
11.1123
15.8288
25.2543
14.8119
33.4061
17.715
11.8243
44.085
6.88663
13.2023
30.4866
22.34
21.7211
19.336
21.2189
12.4739
19.177
5.46435
15.6742
20.6318
18.3117
9.41485
6.68765
6.28637
24.9813
9.35859
15.9262
13.6763
15.7685
10.9458
23.3097
15.3635
7.45998
20.052
23.6184
8.94188
12.4922
7.46052
42.8373
8.73627
12.959
16.4502
17.3588
16.0627
11.0863
17.5365
13.5878
11.1846
26.0706
14.7629
13.5662
26.6932
27.413
23.0768
14.3611
23.9959
17.9957
15.6503
11.7829
34.9473
16.2459
16.8837
7.4158
19.8705
17.3957
28.0305
15.5488
20.2586
6.50512
15.8266
12.5743
8.00355
12.9404
17.5658
18.8365
22.7828
26.6867
16.7011
17.2699
20.7096
26.2018
29.8907
32.7687
20.2096
32.1097
16.3109
23.6279
12.4603
8.83775
12.5884
13.3567
44.4459
32.802
16.2797
15.1676
19.0682
19.973
16.9868
19.4077
10.9601
18.3875
7.13369
33.085
17.9019
12.5951
12.3526
21.5054
10.6965
37.5307
36.4928
17.3264
14.1653
7.56621
17.7798
20.2699
27.0903
12.707
6.77577
8.5394
9.37516
9.79543
11.1719
17.464
38.5044
12.5231
21.5053
19.0391
27.8104
15.3575
29.3816
10.0683
32.1634
56.4301
18.4814
13.3007
29.247
12.5184
13.8759
16.9825
12.5734
9.33752
9.32721
29.7242
14.5573
11.9646
17.9487
16.682
45.1403
26.1447
17.8068
14.4425
23.6302
15.3544
22.1403
15.1036
22.3307
8.67696
12.2872
12.4578
12.5166
17.8488
17.5532
30.363
13.2289
16.7514
19.1334
23.7513
22.4121
12.3933
14.3498
15.5328
10.7378
14.2415
24.317
25.8203
19.338
10.6949
34.9468
11.7533
14.0014
15.2938
15.7314
14.6446
30.1763
18.4041
11.0619
13.9871
43.4483
9.6225
23.0839
30.5806
15.9178
13.3235
24.3182
19.4461
37.2472
14.7528
13.9006
28.1587
7.01938
17.5565
11.4706
18.8327
23.5623
20.0611
10.0375
18.2308
17.8723
19.1989
17.7647
24.9926
19.4331
16.2065
15.0463
31.2857
12.0246
18.9661
9.53642
12.3848
13.2304
18.4095
23.0316
24.5253
21.0465
18.1139
9.84291
19.9825
12.7021
20.0416
19.1699
11.2612
12.7945
29.5446
10.3679
18.3129
10.869
18.6832
21.8538
11.907
6.8992
8.52976
30.3429
30.7116
16.6878
22.0463
14.268
10.2689
12.3408
19.653
18.444
13.0014
29.8637
25.7155
15.8889
8.89484
18.6752
7.50022
22.944
18.328
19.4316
29.2731
11.1767
32.9131
17.7391
18.2036
32.2625
18.0281
13.8687
18.6631
17.2865
27.2749
26.8993
13.2804
12.7349
19.6544
9.25296
12.6124
13.7758
10.6959
9.66386
17.5573
8.8151
19.6366
9.94893
24.2214
17.2787
15.2382
11.674
10.3124
20.1143
14.9548
17.7371
14.1955
15.069
21.8414
20.369
7.78765
11.2642
14.107
9.32614
27.4109
10.9238
16.5779
10.8033
21.9443
15.2093
7.67446
14.9569
11.7024
24.5183
13.5419
11.7832
18.564
9.86799
12.0732
24.8664
12.0652
6.94537
21.1227
13.8775
11.5435
19.034
9.12014
29.765
15.2132
17.44
17.3528
14.4277
10.0011
13.2648
18.0201
40.3598
28.2113
8.54507
29.0179
7.0857
20.8136
10.5683
14.2305
13.9965
7.8597
18.2596
23.4102
10.8817
30.001
8.67031
29.6898
20.2758
20.398
19.6124
11.5602
14.0036
35.4798
11.0773
33.3865
20.8092
26.6906
7.74003
12.7703
20.5008
11.1923
12.7388
21.4565
23.9285
23.0943
27.6218
12.4696
25.0016
34.7896
18.8088
13.8903
14.1615
14.1623
8.47762
12.8542
50.8625
29.2688
16.8771
14.0638
20.302
11.5942
6.78705
21.1205
11.4549
14.8376
22.8351
11.5101
26.8121
15.3757
12.7864
24.6438
19.7867
15.6015
11.1321
18.1484
17.4017
11.3674
23.7066
35.9528
13.0746
12.835
11.7132
6.54542
18.0634
13.9848
18.3492
14.6528
17.5891
30.1619
10.9343
15.9945
19.6405
13.0797
27.1477
24.1504
18.4175
17.0589
16.6466
21.4388
10.6428
13.1335
21.8919
9.11839
13.5882
34.4321
10.6776
18.1029
17.9183
11.2094
23.3579
15.2584
16.5413
10.5708
12.8674
21.2057
8.61646
13.3639
14.9345
38.317
14.0499
18.5298
12.4239
26.2289
10.9043
12.6303
22.1549
11.3162
18.2295
10.6767
11.9917
9.09967
16.9217
15.0718
21.7103
14.1947
10.2565
21.4997
14.3283
26.8732
17.1082
14.7401
10.1188
10.4834
10.4546
13.6357
20.8932
13.0907
22.5935
16.0905
33.42
12.055
26.9862
8.24163
15.5784
15.6618
24.9433
10.7373
17.7548
19.5961
15.7034
13.708
28.0774
12.0976
13.8314
22.7971
8.4295
12.423
24.1183
20.453
9.34434
18.0191
30.9082
12.1136
13.0183
28.883
20.3207
9.87737
10.8277
21.579
13.2806
24.0508
16.8053
13.3731
8.99961
8.09239
7.6368
21.7212
18.6241
17.5413
13.9308
23.0485
16.5564
10.2598
16.5281
18.5592
8.57199
12.8469
20.0099
30.031
12.365
17.67
14.7315
41.6766
9.02867
18.8835
15.2004
9.75344
37.4851
11.8752
6.50111
30.2862
9.24524
26.0493
29.6261
13.6809
7.97773
15.7619
28.6514
17.1906
8.64908
15.9624
16.8166
26.3679
14.6495
10.4235
19.4251
22.146
16.7376
21.1211
12.6587
16.3848
16.8609
14.619
10.2378
24.4055
10.7309
22.9347
19.5956
13.7868
17.2971
20.2109
22.8753
24.3498
9.0392
15.9892
37.9351
24.8221
22.0806
15.9038
27.8788
21.7836
16.735
19.2696
30.109
44.3452
27.7455
29.0114
28.3104
15.8512
20.2077
20.4426
13.8987
13.297
14.5533
7.09226
13.707
16.4285
18.2371
26.8412
8.78212
11.1953
20.9213
15.8567
23.5515
18.0833
33.384
39.8936
21.9815
38.0576
19.3953
17.9384
22.1777
11.4729
19.6827
16.5964
26.4659
29.4233
15.1686
19.3664
14.243
31.4518
10.4166
9.7436
32.3343
16.3481
50.9403
26.8287
12.7778
18.8405
18.2951
15.1561
10.5537
16.0955
17.0708
7.82158
14.1526
29.666
21.3125
22.1766
12.4128
13.507
18.6426
20.4907
14.4316
22.5761
10.2045
18.176
10.636
11.4156
18.472
30.3503
19.9599
16.4687
13.1697
23.997
9.41428
12.7713
23.5683
19.5053
22.6564
15.0858
6.68498
12.4958
15.9366
22.6106
18.8071
16.1794
13.1558
11.0996
19.4149
21.8561
26.4239
21.1237
21.0867
14.3784
26.5498
10.8464
21.8761
15.8225
24.3605
20.084
16.5675
16.7933
7.84319
28.7632
26.8761
15.7273
32.6785
7.16197
9.22288
15.964
20.9704
11.068
11.4304
23.4057
17.1545
14.3911
4.43657
10.8372
19.1858
14.1736
19.8781
12.6529
7.23591
11.1309
39.157
9.336
18.0884
10.3377
12.5928
10.2174
6.37988
22.3279
32.8241
15.1893
17.3412
12.0991
19.8694
13.2962
13.8646
14.8264
26.8488
25.4503
27.0122
16.8273
13.0888
11.9248
21.3546
8.17537
24.7051
22.7373
23.6118
9.42568
13.4613
10.7681
14.4462
15.1944
14.8468
10.0517
16.0109
12.4366
22.7598
14.5758
9.97185
12.1539
23.7677
17.2782
10.4547
17.6413
25.2779
13.6161
13.3809
21.7565
20.033
23.0515
14.5638
19.4914
20.7822
18.5549
14.5614
37.8501
32.6078
16.7946
17.8565
8.92709
16.0903
15.5313
15.9035
22.1693
17.0522
13.8899
14.2203
11.2088
25.299
21.1619
20.1958
19.6806
11.8339
19.8817
17.7661
15.5117
11.7177
17.7453
8.87266
45.3707
17.191
7.40736
19.2869
17.1151
7.73323
18.0564
11.9637
21.12
11.8222
19.0789
28.6147
10.044
7.97722
30.2633
12.4084
17.1472
9.44836
22.9012
14.0071
17.5848
24.428
13.0758
12.4825
15.6544
22.4704
27.5443
9.89873
27.1086
16.1437
13.4661
17.4906
16.808
22.5243
14.779
25.2093
35.2839
8.6705
27.0061
15.1723
22.9185
16.343
13.5718
14.4447
22.4366
12.4182
6.91429
8.1992
16.946
7.1554
13.9476
18.1132
20.9608
20.3512
26.7901
22.8437
8.20774
25.849
9.35312
22.6053
5.85568
38.4011
17.7662
20.0069
25.6461
21.5425
19.4155
18.1995
16.6063
16.5417
15.0939
11.4274
29.2803
14.5253
10.5583
8.46825
25.7183
15.0213
8.28898
16.3505
50.0758
19.6211
6.957
17.046
14.1456
18.6057
14.9987
11.1393
20.8809
18.9705
13.0479
26.3509
22.0941
20.1119
18.7527
25.2866
16.8545
9.08375
14.7219
13.8041
10.1898
10.0777
6.94859
26.358
16.4324
6.92051
20.5177
12.7208
19.3109
14.4091
9.30322
8.36829
31.731
30.9731
24.5766
18.0801
15.1544
22.0103
14.6985
10.2435
25.5297
25.7409
17.4287
15.0857
33.4405
29.9831
11.4092
10.264
22.056
16.9429
15.3302
4.68534
10.6447
12.4078
14.9077
14.2855
30.3174
12.073
16.9272
11.3176
13.8356
15.1001
24.4763
13.3808
15.0823
22.4417
13.5071
12.9148
14.1445
7.33001
17.0186
17.193
14.4839
22.5503
29.0413
10.8565
10.022
16.6832
17.9392
12.6366
13.5728
14.5031
37.6922
11.4159
35.1939
33.9159
14.684
22.6096
22.1797
8.40445
28.4819
13.353
15.2951
21.1112
12.1546
11.9556
15.2737
14.9053
10.4239
20.7531
20.0368
25.2879
18.7652
22.875
22.431
31.4877
17.5385
21.4874
18.4028
7.90802
6.59974
14.5538
11.6947
16.749
10.6175
17.8229
16.0748
7.2376
19.0872
23.0919
24.0511
40.8332
23.889
9.76467
22.8714
7.83447
14.3418
14.9999
16.9141
12.6642
8.6595
20.6969
15.1198
26.1944
29.2524
21.7399
11.5576
14.7772
19.8184
22.7449
14.8466
17.3928
26.0565
29.945
21.1906
18.2695
19.2181
6.37808
11.8287
24.5207
26.006
15.896
42.2953
41.3617
20.3771
21.262
13.6997
15.4682
12.3492
8.50355
6.82483
10.5466
13.2336
12.2958
19.4198
28.7651
15.5011
7.41314
20.6513
20.0361
24.1531
19.1721
10.5891
21.5784
25.0955
11.3253
38.0839
13.4308
19.9514
24.3347
13.2692
15.0498
16.629
10.8024
13.0499
19.2778
16.8343
16.4874
33.9701
9.87656
7.33124
24.7822
39.2586
20.3543
11.8823
8.10332
17.9381
10.5145
25.4585
18.1656
17.3056
19.0738
16.3883
28.2426
10.278
20.9262
14.1962
36.1314
11.0222
20.4501
13.3932
27.0401
30.4142
21.4227
9.69138
12.7649
23.1623
18.6226
19.0869
19.6665
54.08
8.14701
23.1002
24.3515
11.2097
14.1303
26.0109
14.779
8.64969
13.3135
34.6297
21.4651
21.1302
22.6468
12.5932
13.3475
8.693
9.7244
10.3104
25.0239
36.0687
23.9507
13.8827
22.0259
22.7253
17.172
22.9299
17.3304
14.9362
35.5551
8.20649
16.4246
33.2858
13.0196
13.9995
9.92114
11.4609
15.8876
11.2723
9.7243
9.32185
15.3017
26.652
15.3625
13.5448
15.6345
12.6058
26.1506
36.5834
36.725
13.197
16.318
16.8588
17.6603
17.772
13.0939
20.9368
18.3306
22.6198
18.5675
18.6414
23.9041
22.7767
18.6933
13.9941
9.59411
12.2651
21.5558
16.6908
28.9686
15.768
13.8471
24.2837
10.9951
19.1207
14.2314
13.2069
18.4128
58.6467
31.2405
11.8132
29.3957
18.3524
16.709
13.0367
12.3795
17.9106
7.61913
11.2742
10.1133
34.7395
21.0926
21.4331
33.7589
13.8614
17.6441
19.6181
17.1345
10.9742
20.5131
17.9498
9.4716
17.3486
28.5528
14.9727
15.902
12.0051
12.4076
18.9209
37.258
13.6413
10.9761
19.0626
18.9192
15.37
28.5973
17.8489
16.4051
27.0358
39.657
25.2551
41.595
24.9299
18.0308
17.4874
11.7255
24.9613
17.3234
17.3634
32.2302
23.7034
10.3421
11.1282
22.0829
14.1755
6.75688
19.4648
10.0411
9.69656
16.3225
13.9814
14.5628
15.0746
18.2409
16.7179
26.2306
18.6434
15.6546
36.0861
14.1994
7.73485
7.64131
15.7657
15.7583
21.7274
20.5663
18.4797
10.0614
18.4442
16.9146
30.6513
23.7772
12.7322
33.2771
16.1406
17.9969
31.2393
15.0798
19.8958
18.7809
22.5807
13.2196
17.3921
5.82629
27.7664
22.6991
11.3676
13.1308
14.9583
21.4978
15.8648
39.2583
24.3482
13.0359
39.5026
19.8979
24.3979
12.4004
20.0605
13.6103
13.7871
20.9432
29.9645
9.52599
7.04855
37.1144
16.3806
29.8891
21.1894
18.1028
13.0239
18.0685
13.8935
14.0399
30.4706
24.9818
21.2144
13.4636
15.3693
15.9658
5.07832
15.934
18.1545
8.9603
10.4115
17.4885
6.95921
13.155
16.4471
30.8203
6.73076
30.4773
11.8795
10.8641
10.6065
21.5376
19.8998
16.7681
19.805
28.6693
10.9189
7.62
9.53644
15.9924
10.0135
10.2126
17.8351
14.1982
8.65268
17.5808
20.0508
10.4927
37.077
19.7727
7.50781
25.4096
11.5386
21.5109
18.9602
16.715
11.5384
34.3193
17.1713
21.6778
9.87405
26.9562
18.7532
5.91432
10.0726
23.0533
30.0063
20.4262
15.7438
22.9993
19.6987
13.0451
16.0749
10.8812
25.0483
22.5948
16.664
13.2533
6.98371
10.1149
19.598
27.1365
36.9909
12.11
12.1947
11.3052
10.2467
18.6141
13.5445
20.6313
25.3325
16.6042
16.9568
18.8424
23.7373
19.0944
35.9397
40.8734
23.6971
13.6058
8.16439
13.2925
26.5241
19.1118
14.6013
19.8008
9.57015
27.1776
11.3972
17.2715
7.5097
13.3324
14.9852
20.5871
12.7913
16.5552
10.3866
45.6654
41.0205
10.56
12.1552
41.5276
14.6327
14.0337
30.8166
17.1039
12.7714
14.5698
29.5481
11.3835
13.4841
15.6695
30.4767
12.697
19.9877
7.22464
13.719
24.8183
9.32605
30.3201
10.7091
15.2015
19.4876
16.9458
28.0692
46.4475
15.172
17.9964
10.1014
16.7863
40.172
17.8315
16.3446
17.3318
12.8005
25.7784
11.0783
26.7794
8.96906
12.8256
15.6133
16.3086
27.5563
17.8782
25.7952
32.9145
37.0229
14.3015
21.6436
21.2615
14.4696
7.76916
8.96813
40.6932
12.7312
20.0819
16.9891
24.6565
14.4065
15.5136
33.987
7.01066
20.619
16.7906
13.7068
13.365
18.2874
13.7739
11.7754
13.1592
17.2615
10.039
14.8804
10.4753
12.0031
29.683
20.9596
25.6034
12.5021
12.674
5.89914
12.756
28.0142
18.8018
35.4136
21.0646
13.5391
23.0145
15.0402
19.8654
18.3009
26.6489
23.4139
16.145
21.689
12.269
15.9492
27.7826
19.4242
18.2481
32.3016
31.6971
9.5972
10.6698
35.4161
13.1829
15.0703
27.1912
24.3259
16.8227
25.7892
10.525
24.4843
24.8908
20.7631
22.6998
19.6128
14.6459
15.7698
16.7577
15.8342
34.5142
27.1047
15.9245
17.7383
12.6826
19.1297
21.6642
12.3372
13.8139
8.19004
9.77241
15.2446
29.1562
18.9691
18.65
9.96619
24.449
19.6449
7.59996
9.36611
19.2272
11.0468
13.6489
10.8876
18.4823
23.0665
13.1765
14.471
17.8202
24.3398
10.8583
22.8124
9.89278
15.4913
33.4972
22.1702
19.0574
18.6318
22.1717
15.6837
21.8379
16.9142
34.9221
28.1207
16.4013
17.9648
14.9437
21.725
10.9646
11.1949
8.88024
14.7629
16.0124
11.7129
14.4706
44.009
11.8143
10.4311
19.8627
8.60631
17.6649
16.3423
30.9295
13.4131
18.3583
15.5634
22.6967
9.08065
10.1228
24.1629
13.3052
14.7184
19.9781
24.6955
22.0239
9.9147
14.6902
25.2891
16.8628
25.4776
22.7517
10.5292
18.0248
25.8855
16.5295
13.807
9.73154
50.3097
15.7836
13.8508
22.4228
12.3431
18.0609
23.1247
16.1485
17.0615
18.9013
13.562
14.7751
16.9907
27.8282
12.5079
21.8865
20.7533
12.1131
23.694
13.6388
32.101
12.875
22.5217
13.9123
28.271
8.45703
20.5696
6.59934
13.7749
16.5529
15.3394
27.4532
15.3059
11.0767
13.3714
28.8764
10.8616
8.1446
18.4539
18.8112
19.3017
19.8862
12.5176
13.6056
11.6128
15.1366
19.9033
21.0445
18.1392
9.69733
8.17776
11.2445
14.535
17.2334
18.8659
8.44658
18.7923
18.4276
28.7435
21.4528
38.9817
17.0641
15.8822
12.4337
27.3284
17.4541
14.5655
12.659
8.94849
8.05821
20.108
31.1491
12.928
14.0282
12.8333
16.0415
17.6885
15.4284
15.2139
11.1349
19.3348
25.0445
17.5597
22.0783
14.5786
12.221
12.9588
19.1449
11.9504
20.2931
20.2339
10.3555
48.3845
32.6706
30.3392
21.5943
26.586
22.2453
8.5776
16.9999
21.5755
14.1323
8.67426
24.1209
26.9504
8.68629
8.02888
12.4285
16.5048
17.1634
22.4269
19.598
57.1458
20.9536
15.7246
16.6381
14.1091
20.6214
14.7255
16.8626
18.5183
8.24889
17.932
21.049
15.4511
14.6348
6.58777
12.3104
18.878
13.1824
9.73618
15.4043
22.9836
16.8123
15.5998
17.6796
12.916
16.7966
13.5048
36.464
11.1431
23.7933
9.60772
17.5704
20.8351
11.6298
19.7899
16.5917
12.628
14.9244
21.7612
9.53643
28.0754
29.3136
28.3429
13.113
24.2061
28.011
11.5305
12.3711
13.7643
15.3299
14.1466
10.6771
16.0796
10.1264
6.72733
13.7847
9.85622
26.6313
20.6107
41.8732
10.7891
10.0074
17.3076
9.75271
14.926
19.2474
12.9355
21.2919
13.0035
15.4191
26.7357
11.177
16.0014
10.8534
7.14895
18.046
24.0462
15.9593
30.7614
14.774
14.5369
6.35612
21.8232
26.3447
14.8635
35.3658
11.5346
20.5824
22.9035
14.6029
14.0499
18.9328
25.648
32.4877
17.0072
15.7312
8.86303
23.2675
13.8203
26.3198
26.4684
11.8382
9.65942
16.2265
28.7175
17.7113
15.689
21.7681
22.6411
31.2272
16.8452
15.6256
24.9005
9.98554
27.688
12.7886
12.196
18.8122
10.9085
8.153
7.70234
13.982
26.852
22.4608
18.9196
30.4649
12.763
23.5896
11.3973
18.2251
19.6098
8.44681
5.85467
14.8477
16.4744
14.6054
8.60875
36.6039
12.6476
16.9686
16.8133
12.735
12.6042
23.2909
14.6976
14.4369
17.0763
22.1423
15.7201
39.6017
11.9088
9.75963
27.9984
30.771
9.1221
12.028
11.4324
34.4849
20.4083
16.5007
16.9714
26.9169
12.3554
27.5648
14.1231
22.77
22.7953
11.9713
9.02481
13.7847
30.7499
13.65
13.6944
13.753
24.3692
10.4082
9.80026
25.824
15.6762
18.3304
22.1498
19.6305
27.6883
19.5026
8.50717
17.0804
12.4963
24.0971
14.6532
18.9436
11.4526
15.7915
15.2275
18.8293
34.0237
21.7795
19.7265
13.4628
17.4049
25.9044
23.0383
13.7487
11.4698
10.7134
13.626
12.6391
13.9686
25.0408
18.4044
12.3815
13.6865
26.9601
23.2191
21.2446
9.63437
16.6179
18.3641
17.6632
24.4457
17.0689
30.2325
13.4343
25.368
19.3399
22.166
15.0549
35.9272
10.2049
15.4443
37.0118
8.38504
14.5521
12.1201
17.3142
30.6789
11.3345
27.9737
21.1544
16.1024
25.1256
18.024
12.9913
18.0719
13.3492
14.1537
18.0454
22.7563
13.8687
15.7045
35.3719
17.5286
13.8105
32.635
14.9981
25.8689
11.8846
15.5556
11.8062
23.1538
15.1792
13.7677
22.2513
26.3125
28.7783
21.4138
24.7849
18.995
19.0769
8.43872
26.1052
6.68256
20.3044
6.02611
13.8016
19.2622
26.5858
22.7977
3.6922
42.4124
13.2286
14.3252
14.8102
29.7017
19.0956
12.7841
30.4846
7.80393
22.6245
6.21572
38.6675
10.4514
20.8682
17.6851
19.6008
8.94922
11.7244
26.8107
12.1931
17.5275
34.3546
12.3153
21.7377
21.2347
28.6721
26.788
11.5025
16.9652
16.1653
19.8375
12.6155
8.29826
27.7598
13.5722
13.2598
13.3772
27.2474
13.2988
18.4744
15.6559
22.7142
20.8396
13.1794
15.5469
24.0836
9.79377
25.3942
21.8378
23.7686
21.8872
20.86
12.9386
21.3372
11.9663
15.1549
16.3638
11.2403
13.4689
29.9245
13.2828
25.8971
13.3449
30.11
16.9796
16.3168
11.6014
26.3416
18.7534
12.795
7.56447
9.65551
19.2281
18.6327
12.8857
12.1426
25.4191
17.0241
26.3677
15.8654
26.4288
21.3647
24.2972
10.9686
17.4584
9.83867
30.9749
11.5222
10.3847
23.1919
15.0641
18.9911
11.4033
9.98412
16.0227
20.1392
10.7593
21.327
26.9178
25.4492
23.4633
28.3988
16.7737
19.0952
24.6226
14.822
18.0939
16.7944
11.9504
38.2977
12.7793
20.7915
18.0713
18.6209
27.5639
19.8397
6.72307
22.2469
25.899
14.0338
10.6255
16.8488
13.839
20.1281
15.6761
56.8298
7.51626
14.1712
19.6539
15.9657
25.9288
12.2412
12.8058
12.5645
15.0408
14.936
11.9765
15.5428
20.3465
25.7244
12.7274
10.3254
24.0672
13.2137
16.1076
9.60185
14.004
24.8148
27.7944
22.1295
10.1122
8.51408
19.8931
10.5898
8.61599
14.0353
12.3787
9.50766
24.0568
12.1428
17.2173
9.55982
64.572
34.543
17.4285
11.3749
10.8274
16.2464
19.9162
18.0117
17.6997
32.8287
25.7064
10.0723
21.3132
14.7417
37.6008
17.0963
8.68624
10.2147
26.9104
21.9791
12.5937
8.37312
14.9953
13.9292
18.3173
10.6022
26.7727
18.2859
17.4454
17.579
42.0859
9.00363
46.0389
22.1427
29.7337
17.5221
10.6142
15.1526
13.7474
12.9899
16.7132
38.1903
22.6315
10.8931
6.88315
19.9897
15.9874
21.4185
17.3333
10.5287
14.2462
21.5951
7.26527
23.8943
19.7355
10.9056
15.9031
15.0963
12.8521
15.0283
31.2273
11.2483
17.0599
9.85171
41.5653
11.585
10.4248
7.67552
29.6664
28.521
15.8948
17.5191
11.7691
15.7718
12.5852
13.5116
17.6257
12.8946
13.1569
16.3125
13.8915
23.8243
19.565
19.9734
21.8374
20.4888
22.2405
18.918
22.996
22.1341
18.1007
19.1485
15.1615
21.5964
14.0497
21.4078
13.1519
35.8337
6.78817
18.0933
11.3904
18.2858
15.0216
10.3978
27.5249
13.1126
9.94446
10.7563
14.1012
29.6703
20.5777
23.3968
16.1685
25.3918
32.79
17.2456
19.6267
39.013
20.9118
29.8504
12.2284
17.9316
18.2657
13.2183
24.2978
21.3503
16.8411
14.741
19.048
10.1794
16.1033
17.09
23.3914
25.4373
8.94825
13.0108
14.0165
24.5967
11.8525
16.8181
38.9208
12.5606
22.6355
6.42882
26.614
16.9793
21.7198
17.693
9.48265
30.5889
16.9107
18.0547
19.6591
22.7921
28.6955
14.5783
21.4007
16.4532
17.9045
10.3846
23.7368
20.1729
10.4579
10.4099
16.0376
10.1977
13.1159
9.7864
15.3673
12.4705
11.4221
10.4497
22.5055
10.6319
21.7921
16.1343
6.44269
22.159
33.3531
20.4656
19.8195
9.75176
39.345
23.8035
12.4121
13.7502
29.7511
15.5229
18.5067
31.715
11.9668
11.1509
16.2014
20.7084
17.9486
10.0546
17.4147
14.0625
30.5276
13.1863
8.33192
30.0102
12.6911
11.2434
15.0271
8.55548
23.3796
7.32872
21.1829
15.8999
29.0817
20.4912
18.9987
13.8131
25.2198
29.1911
7.71877
13.6782
11.6675
35.4144
20.621
12.6386
33.8028
12.451
21.779
17.4663
22.2877
14.5649
19.4108
44.4752
14.6263
17.3102
25.2651
7.38848
24.7306
13.2749
9.86455
19.6608
17.3389
15.4541
14.415
10.4946
14.4077
12.6479
9.21561
17.0862
10.9302
18.4578
21.6349
21.3379
21.6522
25.9322
17.8988
12.1978
17.8887
14.9149
9.94349
18.9474
29.932
18.3041
11.0869
15.5924
14.0152
10.3474
18.9434
14.4584
10.9169
33.735
19.0572
24.7672
14.6721
15.3699
13.0037
35.1766
10.9247
12.2321
23.0424
18.8838
32.844
23.6523
24.2955
32.8143
11.2952
6.27567
10.9003
25.5848
15.5871
13.7632
18.1727
31.3734
23.5259
27.4141
19.6241
17.6636
10.9579
13.6009
25.1469
24.4031
20.0524
14.2108
17.3715
12.704
21.9629
10.0865
13.8105
18.4715
12.2797
32.4029
11.3167
22.5049
12.5668
16.088
19.629
15.3711
7.25048
29.9224
26.7792
16.9582
17.8697
31.9243
11.8569
9.60562
40.3723
8.06327
16.0309
13.976
21.6974
16.4412
24.7936
32.2891
32.3084
18.5647
5.00944
18.3937
28.5515
22.9129
12.9434
19.2669
7.17336
14.235
16.9921
22.8188
7.30251
8.50556
10.6432
27.4613
17.8709
19.9525
31.9374
10.5546
10.4828
11.9905
21.8675
27.5235
12.2135
11.3173
14.652
17.1423
11.502
10.3799
7.98324
15.8751
15.855
12.9158
26.8945
17.0053
12.5867
10.6138
9.1368
14.8824
24.2423
9.64966
21.3401
19.4546
16.8413
22.5353
10.3494
16.7154
15.4751
13.2863
13.3324
21.1001
28.2227
14.8844
12.962
12.4518
12.2312
7.00202
19.9098
11.7513
22.9498
21.2491
8.02284
7.42559
19.7921
10.2325
9.62401
12.3062
29.2598
11.6605
17.5726
12.9782
32.9102
20.7018
27.5457
14.4619
27.7186
13.4656
18.593
9.30966
19.8208
14.6634
13.0516
49.7473
17.2486
29.839
17.4645
15.6603
14.5201
30.3428
38.4981
11.876
16.0578
23.7204
34.8165
16.568
20.7005
17.6314
19.0597
13.7892
24.8729
22.6385
18.1217
19.8305
14.3294
18.7936
12.5291
18.2733
26.8641
26.3886
14.9029
16.0388
13.8853
17.6849
18.0128
12.1845
17.8804
14.2219
25.7665
7.80888
11.436
15.0747
18.0291
24.1177
6.97673
26.4286
23.6244
27.5668
13.938
11.1556
18.9693
24.3637
9.06278
24.2124
12.6578
11.5005
15.637
28.0912
16.6859
22.7215
12.354
10.9494
8.48624
10.62
12.7548
14.9576
15.2007
10.0516
12.9345
12.5627
22.1679
20.8161
20.0273
6.73093
18.0281
18.4795
31.8558
30.5004
10.9246
18.0393
8.14081
7.24797
13.7714
11.4137
10.7203
13.9481
20.5019
23.0949
12.9283
17.4892
11.4382
19.7119
20.8657
28.1671
13.5998
16.7496
23.6062
17.3551
20.9407
7.56479
36.795
15.0784
9.30491
13.5139
21.1593
24.9826
16.4122
13.6942
14.5494
8.07426
13.0118
25.0235
28.3402
13.3748
9.16888
19.3084
22.143
29.6277
35.6169
19.2815
16.0726
17.8249
10.4321
21.3577
19.8606
14.4289
24.884
18.9687
8.71714
33.5153
31.2919
46.3786
12.8836
15.4307
28.986
18.1846
24.6253
21.5101
10.3861
28.2464
37.4333
15.2528
20.6054
12.7219
15.8186
21.4994
13.6064
18.8152
17.5684
9.72018
17.0058
33.3886
42.2057
8.72811
14.4971
12.9316
18.0237
17.8153
17.8723
19.2152
9.02027
17.278
11.31
12.0508
24.0328
16.5421
24.864
15.0086
18.2624
19.2457
15.8425
19.2039
21.3471
35.0118
43.3605
21.1743
7.51998
19.0272
13.3202
10.9257
18.7213
30.2096
8.40169
14.2092
17.7179
10.4682
17.969
20.5737
12.8984
37.3766
24.4541
24.4224
7.95808
12.4444
39.4669
25.0057
18.4383
20.9082
13.2343
10.0916
23.5202
17.1801
25.3299
18.1566
6.54327
8.33221
18.8122
20.147
10.9254
6.27907
33.1954
12.074
27.3426
19.198
26.854
15.7549
27.9166
32.3774
14.776
20.4585
16.0878
12.1835
10.9573
6.91053
16.8506
11.5544
38.7653
18.1945
33.3021
18.5382
12.3404
7.00509
19.902
20.5628
33.4695
12.0203
29.6205
13.4112
12.1444
24.147
21.8849
37.4653
17.7824
23.3691
8.8805
19.1415
12.0811
5.53006
7.75629
10.9962
10.1599
9.39554
18.516
11.0575
43.8867
33.9773
24.0573
7.77514
12.2823
18.8098
13.664
11.1809
37.2501
24.7855
7.41601
10.7409
12.6636
10.9266
42.3555
8.04555
35.213
21.2237
19.5507
8.42021
16.9289
18.7626
16.3602
17.9346
28.689
11.0387
16.1694
5.84449
37.6931
9.50437
13.6665
24.1661
16.8
4.95026
24.436
20.7636
25.5134
6.33225
34.6175
28.6138
17.7099
14.168
19.5998
10.0679
9.92464
17.2034
14.8753
26.3367
27.5681
35.1913
11.4228
29.9001
20.042
16.7019
13.8149
12.9531
24.5825
23.9075
29.5956
10.3786
22.5628
14.5247
12.7742
22.509
15.3143
17.4718
10.7241
11.3144
13.8501
12.6515
11.7273
11.4244
23.7591
7.03289
9.63727
25.7454
40.7688
22.1805
6.28497
15.5051
10.9775
17.8612
15.1795
5.7989
16.6242
12.7378
22.7223
15.1681
21.5806
27.5668
17.6358
16.146
11.4231
16.8918
8.89752
11.6761
8.74877
22.8979
17.0531
32.2516
13.2279
22.9333
15.1712
43.1275
36.5011
16.5149
17.4326
24.7336
26.6773
15.4403
14.2982
20.2167
17.3459
20.314
15.7434
13.8979
20.1609
10.5264
31.0566
16.5248
13.8239
18.2172
16.2227
14.6164
15.8219
31.7171
13.7983
21.0209
17.8338
15.3045
12.4498
44.2748
28.2468
18.456
19.0509
29.2023
22.4703
16.9895
9.63458
19.9336
19.0488
12.7397
11.8847
20.5928
9.17649
29.9493
16.5804
24.0278
7.28325
22.7793
23.0466
17.8916
46.773
32.7858
17.1824
16.2673
15.1179
14.137
26.2991
7.49436
11.829
18.6737
15.5278
14.6934
8.49765
12.2508
29.8624
29.5293
17.0314
11.6537
21.9673
12.2081
19.4986
14.5888
9.07111
17.9978
26.2566
32.7364
17.3095
24.1844
21.2455
34.827
7.30561
10.5046
17.884
7.89314
14.899
22.6747
14.859
25.5621
10.7317
22.7965
17.7989
11.0279
11.7855
13.0925
17.6985
19.0021
24.439
17.8164
19.1849
32.9111
11.6776
15.9682
17.3296
11.5576
12.3996
10.1345
15.7385
13.385
17.7725
8.93366
33.5998
7.04154
16.7704
30.5735
16.0216
31.2453
26.7122
10.3025
32.8803
12.7335
13.4641
9.4928
14.2751
17.0858
9.06007
59.6653
18.6788
8.68639
10.5268
19.5151
8.84769
30.5347
8.64763
27.3977
28.0173
7.35635
20.091
30.5413
27.7131
28.6487
21.7457
19.3198
13.6108
11.6361
21.0773
23.8329
9.09449
7.69704
20.676
21.8983
20.6175
13.2048
11.1252
10.9693
19.0411
26.9791
25.1094
31.3845
29.9751
16.4158
11.3745
14.7821
14.2316
16.4865
19.4537
23.8802
18.1127
13.8436
15.2396
19.441
20.849
17.9473
11.6199
23.3982
19.5098
15.3859
7.31829
6.31872
10.5871
17.8969
13.5081
17.1902
12.1653
24.356
23.6207
30.6762
9.0714
8.61883
37.447
17.0724
9.09593
14.655
29.2486
11.1197
11.9247
23.8271
9.36087
12.6521
6.90048
10.3042
41.6076
15.0042
22.314
10.214
23.4286
19.0857
17.121
15.1842
13.3073
27.3781
11.3413
13.4542
19.6252
19.5003
10.6003
28.7782
9.37216
24.4769
7.21743
17.3067
10.0643
18.1601
22.5473
10.5641
26.8932
16.849
21.5024
11.8264
16.7216
11.4683
23.4618
17.4992
21.9388
7.60196
8.16967
20.7761
20.719
21.7394
18.6222
19.3053
25.3567
6.79644
9.44952
26.7923
15.4132
9.33842
24.8185
6.78595
12.1546
8.75187
10.6497
10.7361
27.7578
17.7548
29.5481
25.367
12.2325
12.749
8.30668
11.2132
12.8505
14.4875
22.9791
14.4771
14.9933
29.0974
14.5446
14.1154
13.2107
12.6478
24.8982
17.4437
11.5572
18.21
30.8126
26.6172
19.5948
17.2349
9.62281
26.5831
34.366
13.468
27.4662
13.8569
11.5016
18.5625
15.3773
17.8018
21.9022
13.3936
13.0305
18.5659
24.1327
27.5196
28.0652
21.8029
15.6119
14.743
34.3609
15.0527
32.1171
13.383
18.6228
21.8343
17.4695
11.5562
9.37262
12.8299
38.4939
27.6086
12.4026
18.7558
20.7209
21.6013
29.9734
18.8282
27.2305
11.4317
11.0951
13.4372
21.407
24.8673
15.0291
11.5993
6.68999
17.5685
14.8226
14.8588
8.77524
23.8513
14.283
14.8466
28.561
14.7094
13.1627
15.5988
28.1903
31.1773
20.986
23.568
28.4231
28.9881
29.7399
5.56957
17.4103
21.2392
14.0777
17.2886
22.5423
12.6046
30.6437
28.4332
9.87972
16.9599
24.3919
11.6486
8.21691
23.0379
34.4406
13.3173
25.2359
17.7531
23.1858
12.7098
19.5356
10.6368
15.6467
37.0525
16.1214
35.9728
10.2721
12.6894
11.9749
13.6428
11.7758
20.5763
8.98428
8.13859
13.1212
19.5896
29.1904
12.3299
12.4814
34.2813
20.0987
17.0485
11.3816
28.7054
14.1043
17.2156
32.149
7.35585
27.6738
14.3186
13.1182
13.2059
29.395
17.1664
14.3438
18.9705
27.3237
17.2592
16.4854
6.30332
16.2614
33.0322
21.8346
18.7095
14.3631
23.7148
8.34975
16.6065
12.9191
23.4934
20.1473
14.1987
16.5477
16.9178
11.4945
23.6413
25.6207
15.2029
21.6315
24.1317
10.6805
50.6218
17.7016
11.1073
31.7628
11.5999
33.4489
8.9221
23.2072
12.7383
6.54414
30.4194
28.6221
14.0794
21.1639
12.2594
18.4718
8.09778
13.425
10.79
18.5514
13.809
10.7224
15.502
11.7443
9.07095
12.6678
15.3873
21.1623
19.0022
18.6231
17.9713
20.9752
18.6993
16.9073
16.4591
14.0031
29.2568
24.5345
11.1825
11.678
9.65743
20.8707
17.5421
18.0453
10.3041
24.7081
22.6359
6.26082
11.1626
20.8844
17.3843
24.1252
16.7466
16.454
19.6668
10.8436
19.5918
12.909
17.7239
19.0016
22.3716
15.0354
8.34073
9.7326
21.1519
20.8169
27.0994
15.5142
18.5303
8.70741
16.9043
7.17277
30.1577
10.0106
17.4056
22.4367
41.7387
23.9285
8.6821
26.8645
12.5139
50.3894
19.9356
16.791
11.5993
19.1146
14.0855
31.9706
18.8271
21.3025
22.9302
19.8281
9.92997
32.1218
15.2606
26.4193
13.4758
17.0128
7.20399
10.9046
25.3323
14.3879
15.4502
24.6171
14.4189
16.242
14.3589
10.4097
19.2454
18.472
15.7299
27.8777
9.93328
16.6978
14.5669
19.3715
13.2088
22.4698
11.1921
29.2923
15.0162
13.027
5.05661
29.912
5.46487
16.2038
16.0484
30.3857
15.6964
9.49467
11.2629
15.9286
22.8163
9.83857
24.8798
16.554
14.2768
12.9971
10.7807
18.1757
13.8878
7.37163
5.6705
13.1102
15.3098
26.8532
29.4836
24.8808
22.2539
12.5682
15.1675
17.2786
21.3326
24.1896
17.0483
14.582
18.2535
15.8208
15.3283
20.0026
16.2899
15.2438
24.635
10.8683
16.0127
16.3758
19.0045
14.3423
17.1861
27.8771
22.9814
13.3501
56.6148
13.1934
11.4669
17.8468
13.5168
23.5319
8.23124
18.0384
16.8755
12.1194
13.6062
20.6953
21.7702
12.3993
12.4488
15.0265
21.0112
20.3077
19.0049
13.5814
21.7135
13.9616
16.9046
24.5118
11.7121
8.252
19.737
30.2529
13.3956
16.4022
36.0685
9.30409
14.4893
20.9391
21.5381
11.1391
34.6096
21.7992
17.195
23.8228
31.8839
33.3956
14.3375
14.8885
13.6071
22.276
16.0007
18.2059
13.1114
16.4505
12.489
28.2439
35.5916
15.5217
25.5227
22.6726
18.959
18.5989
10.3372
14.5162
34.6377
23.1313
25.6013
18.374
28.0824
8.26763
17.3145
15.1832
12.1954
20.0883
12.385
37.9206
29.4663
11.7552
10.2811
17.1093
12.628
21.4166
18.9344
16.0795
19.4496
10.5152
12.5606
31.3454
18.7181
27.4236
12.4311
16.5523
17.5618
16.4281
10.8759
19.4522
29.8426
11.9857
19.8098
14.7014
11.7649
9.44734
24.8
10.5849
12.6867
18.3542
11.3351
22.1794
36.7376
15.0334
14.5679
16.7345
20.8101
11.2957
24.9087
16.173
20.3818
17.8577
16.1906
13.9235
14.0091
19.9233
14.1054
22.2556
22.4894
18.4988
15.188
27.9697
18.9712
16.4764
16.782
15.6057
18.3661
22.2337
17.7229
14.576
9.73966
14.1488
20.5041
20.945
16.7245
16.5925
11.2998
21.6431
10.4368
35.8614
11.2208
13.7455
13.5272
19.3749
17.8791
23.6775
17.0307
20.0411
17.2119
26.6811
10.2679
31.7244
28.6212
21.7038
24.3001
26.3479
40.6491
63.5041
15.9871
12.8457
11.1167
20.7216
36.9306
19.6346
23.7542
12.0788
8.97375
11.217
30.5849
10.7893
12.5308
5.85311
8.25874
23.1993
6.09137
22.9264
12.07
12.4636
24.7803
18.3193
15.3836
19.4533
11.9593
12.6337
14.4261
14.6439
17.9673
28.2783
18.5792
29.0461
13.1678
15.3097
15.2667
14.3568
21.487
20.8124
21.7626
17.3316
45.6915
26.7814
19.6884
26.345
14.2329
14.3959
16.5809
14.8774
34.2601
25.3089
9.99929
14.6164
29.1177
18.5114
24.9304
10.1323
17.3768
13.03
8.16147
17.7797
14.2989
20.3177
12.7431
16.859
19.8026
19.3579
15.2731
8.13359
11.9947
53.4599
9.16981
28.6986
10.5838
12.202
22.5697
14.9509
18.1738
12.5033
26.7122
19.1759
31.1397
55.0117
21.4173
31.9003
33.248
14.1497
10.7031
11.4988
10.5461
24.3221
9.42014
14.7759
21.5101
19.7988
12.061
12.1507
8.06143
11.7161
18.0522
24.0808
27.5787
24.511
13.3439
17.5279
29.8183
20.2724
41.7416
21.3783
16.5611
17.7539
24.5708
18.1953
29.2024
28.1969
13.3517
27.8112
19.3301
12.2132
17.4716
8.3635
25.2492
13.1292
27.4544
13.4146
21.2447
13.4333
14.4824
23.8835
6.00612
15.4063
17.4318
16.9533
26.0705
16.4192
16.5892
22.5268
23.2399
36.0793
26.086
37.3775
19.1763
33.891
14.2248
8.35201
10.0524
15.3378
20.8886
25.6349
20.4529
10.2484
14.5531
17.4156
21.2274
24.6937
9.87303
11.9034
12.8966
24.4272
21.2325
10.3551
24.0249
25.219
23.0414
20.1476
10.6304
16.3931
10.1532
9.25729
16.3078
26.4687
17.1768
15.7249
17.6987
15.1908
27.7235
13.4128
14.5538
13.8639
12.1951
22.9621
10.3696
16.2643
12.8205
10.2189
11.0801
14.8027
14.4211
14.3174
16.1412
19.059
19.5515
10.6666
13.5315
10.9883
10.3516
20.0534
16.6123
13.9887
27.1344
13.3106
14.684
46.2379
14.5586
41.4647
13.1823
10.7573
11.7735
13.7961
17.0778
20.4252
22.8798
20.2656
22.431
13.3143
10.7738
20.6102
25.4795
22.4291
27.4303
16.9312
18.1306
18.2886
21.028
15.6175
35.4712
13.0488
11.3108
25.254
21.7604
14.4925
14.7738
29.6719
20.3059
16.3059
15.9498
11.0485
13.7905
12.7582
23.4043
26.0624
14.8504
16.4502
13.595
17.1424
18.3317
40.4156
14.6763
27.7335
11.7632
9.06758
20.003
10.05
23.2827
25.117
11.3389
14.1195
7.87109
15.3201
23.4323
20.8774
26.3761
12.8711
10.0999
34.6799
7.12027
17.4276
29.4948
18.8906
18.1212
28.7941
9.07561
18.8134
15.2647
32.5131
13.8879
8.40645
16.3751
18.0547
14.2598
14.3645
15.5706
15.7935
23.4271
37.3332
13.3371
24.7215
18.3577
24.9796
8.69265
17.9165
29.2159
25.0559
24.4561
19.5055
19.8598
26.1236
9.33138
14.6165
31.3277
10.1066
22.7396
13.8848
12.3854
24.3696
24.6391
15.7967
16.07
20.8726
26.4053
14.0348
19.8748
17.048
16.1265
14.7752
13.567
16.0015
23.8465
15.9568
20.2757
31.7749
7.1108
40.3954
13.6279
16.6831
22.1296
32.2924
15.6917
12.1693
18.6616
15.6159
15.6552
17.6448
13.0647
36.3475
15.8201
11.6082
30.0369
13.9641
18.1558
9.62262
10.3577
17.2728
8.24087
17.0812
9.4152
37.5917
31.7115
8.81507
15.7368
51.1171
15.9459
24.5301
23.3817
16.913
15.8887
17.1864
17.9054
14.2258
15.2395
14.6246
10.09
13.6628
15.7376
10.7955
36.0333
36.2162
20.4493
12.5967
19.2814
19.803
23.8138
19.7368
15.3682
22.7836
15.3587
20.7565
12.1881
19.1204
25.3777
18.6382
24.9497
9.66197
13.5161
25.68
34.4783
10.395
26.2805
38.3792
30.7062
20.4146
11.0161
21.5638
11.8615
11.6374
19.2792
10.0122
15.2789
17.9569
14.3821
8.52402
15.527
32.7817
13.2114
6.84793
15.8613
10.9851
16.8753
26.1144
21.8748
21.8021
14.788
12.1558
35.1687
41.9641
17.19
17.7508
12.9094
36.8407
16.6153
17.0847
7.10604
23.877
15.7206
22.7636
14.8561
19.0278
22.2354
21.0207
20.8875
5.93133
5.87673
8.51712
19.347
7.29504
25.828
13.8556
15.0014
15.1181
16.8408
12.6891
16.278
6.23204
24.0652
10.4091
23.3008
14.5684
15.6105
13.48
39.203
18.6928
17.7389
15.3648
27.8891
14.7049
14.9852
11.9127
20.7825
41.3806
37.1048
11.951
18.0224
23.1232
25.1487
9.78748
19.646
15.5365
16.1998
23.0514
19.2372
7.71753
11.7863
10.2696
7.35607
15.2299
18.144
31.4559
13.8917
12.0973
9.69653
16.6773
13.0815
9.30446
11.2141
13.8228
15.4137
10.5564
11.6377
9.41658
14.1087
18.1743
34.793
6.86099
11.4249
14.7359
19.6731
13.3261
21.3458
34.567
27.089
14.6234
31.6197
15.1993
26.6625
17.0122
24.5619
33.1397
16.1938
10.3315
12.6389
22.4181
11.5681
19.9621
12.1195
9.1822
7.01533
8.38412
19.4532
15.7518
19.7516
9.04864
8.23164
24.2103
12.1278
20.2556
26.5746
12.7974
24.7064
17.3736
21.812
12.6502
30.9808
13.2862
24.6849
8.86396
26.8074
12.0295
10.5654
10.4506
8.90008
11.3267
10.2465
18.1946
20.5497
9.1712
22.7801
18.8487
15.9375
39.2531
8.44222
29.0682
16.4126
17.5205
20.8529
42.5035
22.508
15.6515
18.2972
10.0548
26.0614
12.7196
39.9856
12.3207
10.288
14.5877
18.8476
13.4389
10.186
16.4118
21.8086
6.42743
19.6197
31.231
25.6925
7.97734
25.5582
20.0013
22.5848
26.3188
9.84141
15.6313
17.3086
23.4592
5.88101
11.561
8.30355
16.8401
11.2815
12.2327
16.262
25.402
12.9018
18.5292
13.9236
31.5401
23.5344
14.8864
13.2043
14.1847
10.9422
15.3829
17.6138
16.5274
13.5877
19.4701
17.1541
25.8118
31.1951
14.9336
15.085
13.7994
23.9193
20.223
27.5544
27.8002
11.6237
35.4908
8.01668
20.2506
21.1111
21.9031
16.1396
8.92045
14.4722
8.79344
10.2102
13.7342
15.4855
21.7638
9.55956
31.2688
16.9205
8.72007
25.205
26.5334
8.83752
20.4495
15.1441
10.4824
9.86195
11.4694
30.9592
16.9072
25.5865
10.2936
22.7925
9.05749
29.3543
18.0644
23.1575
24.5786
9.97696
17.5173
16.2125
11.3684
34.4574
10.9907
6.36888
19.5549
15.208
13.2982
18.0663
12.0327
14.7458
41.7862
17.9139
11.3067
19.8436
21.758
13.7744
45.9725
17.3751
27.8553
14.0146
11.7909
11.7062
16.9038
24.166
19.4038
21.219
14.5229
10.5975
18.1352
12.5228
15.6694
24.5557
8.07459
19.7546
15.5445
17.1867
15.8624
19.192
30.5367
9.35687
19.3326
14.3242
10.2774
23.4779
25.0058
19.5409
10.0532
20.3663
15.6736
29.5453
18.7192
21.5636
10.7736
12.0849
20.9295
12.2568
38.5512
10.6003
17.0277
16.9233
11.5378
20.9551
13.3875
10.5351
27.2498
17.2457
25.0484
28.3847
23.5881
8.81757
13.8182
18.808
19.2081
17.917
15.1473
16.8227
19.2474
12.7774
17.9834
24.2551
19.6343
17.384
21.3127
15.5914
17.937
19.8282
17.1763
18.854
9.76146
57.0664
10.974
9.52853
12.2423
21.8
11.4542
13.6031
9.58053
23.2104
18.1572
23.1211
35.8916
13.8786
11.7009
14.0869
7.84427
28.9921
18.7874
12.8178
18.1805
20.7722
25.5751
13.505
21.9073
24.1523
14.8745
19.7104
13.3925
17.4608
19.7794
18.3855
11.2878
21.3164
9.33039
6.22834
9.00957
21.5265
14.3649
53.9631
17.3511
22.9433
6.20589
16.0795
11.3965
12.5882
13.8764
17.3302
24.6669
15.942
20.4327
19.1647
14.7666
23.4755
8.94382
50.4619
9.36774
12.5312
20.2728
31.8926
21.0242
20.0033
27.4571
21.8637
11.6261
20.6392
21.744
35.0089
11.7577
6.69162
12.5154
16.6573
17.4981
8.9471
8.24765
34.1418
17.9668
15.9557
26.3561
12.0828
13.2392
28.2703
17.0387
13.4446
10.7931
11.9347
33.0683
14.7511
17.7166
23.1237
11.8665
16.4616
10.0957
9.60398
6.90881
15.5271
17.6059
15.3506
8.26319
10.0249
14.5597
7.17522
20.5786
32.4057
23.6758
18.4293
20.5243
7.24824
18.9212
19.0269
15.5949
26.0941
33.9916
12.5328
20.1809
10.296
27.7595
13.0354
40.0078
13.5309
11.4077
14.8994
29.1685
11.5357
8.81044
19.3001
16.83
19.524
23.0335
22.0321
16.3282
23.6871
14.0438
13.463
15.8561
26.9149
12.963
22.5423
18.6111
11.4456
28.4291
7.74838
16.2168
20.1461
9.56984
6.27588
25.6299
13.9953
29.7832
9.6976
13.6039
18.9977
14.2737
15.6973
8.68545
12.6597
24.7163
27.5315
7.50607
10.6432
25.3338
5.82821
10.5977
17.9117
25.6047
13.8411
14.1937
5.65188
27.0163
26.8271
8.60102
12.6315
11.9312
24.8047
11.3669
11.8589
20.2298
39.0266
17.5417
18.8717
13.915
13.6011
14.6369
29.5753
15.2238
14.8483
23.6917
21.6446
19.7265
18.8405
22.9625
15.3173
25.5866
23.2013
27.1105
12.3611
19.0674
11.7564
12.9441
15.2654
13.572
22.5352
15.0618
12.3167
16.0904
20.5466
23.4
15.2696
10.9476
27.5276
38.2657
16.2704
10.297
25.9241
20.4977
9.14589
15.9922
9.70235
14.813
11.9334
19.2305
11.8132
14.116
43.948
20.5882
17.002
19.6187
14.993
14.1824
19.4752
8.70366
12.8516
10.3529
37.3289
12.5562
14.0078
7.31822
16.8969
33.424
31.5077
20.0777
16.2039
13.4645
14.8752
18.0163
18.56
8.68611
30.3
14.6231
14.0369
22.0869
13.2099
16.7341
9.50538
29.7304
7.6755
23.4975
17.0654
31.4489
12.1962
19.7925
19.083
15.4729
31.0691
16.5092
12.0546
24.8752
27.0058
9.95773
15.251
17.7615
10.7774
24.1881
32.0997
12.8554
15.2002
13.9445
11.2931
15.692
14.2986
10.7989
14.135
31.0103
12.249
13.8425
13.1504
15.8476
24.9513
10.4087
12.9971
19.1095
12.0906
9.64904
32.5739
23.3409
10.3043
12.4139
20.951
10.1415
16.9085
26.6859
16.9754
20.3651
23.0823
11.6549
27.9633
10.0599
21.7409
12.2079
20.4214
17.7635
19.8292
25.0153
23.5576
10.2134
15.3648
6.96567
8.39111
23.7787
16.0705
14.4364
20.4629
43.5621
13.1194
25.3831
34.6257
11.5358
9.4357
12.054
16.2063
23.8429
23.0675
13.7754
27.1868
13.8196
21.443
11.7618
15.7162
22.9102
16.4697
19.9131
32.2516
20.3826
15.5664
30.9805
12.0824
28.4208
13.653
19.5668
19.0249
20.5038
26.3221
8.92945
21.5602
33.5439
9.08967
18.0365
7.89553
12.797
19.8739
29.4023
8.51072
7.48226
38.9694
9.16067
26.3005
21.9304
18.8159
18.767
18.7525
43.7269
16.8326
11.8821
15.0092
10.9944
12.4086
18.7982
20.1208
37.8701
19.1974
17.3192
24.3903
27.8695
21.5462
27.8529
15.4488
27.2155
17.2639
28.2119
10.0197
16.7388
30.0898
13.8484
41.7221
9.09281
14.5856
40.4382
8.23673
15.6411
15.3681
24.3003
21.1522
13.3334
20.7681
27.5287
15.3874
34.4783
16.0562
20.8647
20.2932
13.6771
29.35
16.6231
32.5874
19.7562
25.2261
7.9525
11.1799
32.5608
7.68641
28.3367
14.4697
17.2347
16.1249
28.7901
9.87363
16.9053
18.4352
7.83445
18.9064
23.1499
23.8883
13.0791
29.1959
19.4471
20.9231
20.8141
17.9217
15.4768
22.6424
17.6237
37.5226
18.2487
16.7605
16.6362
19.6297
10.2868
20.1496
9.41978
20.8189
6.10579
21.2098
16.3076
11.5708
12.2961
11.8897
20.2857
26.1425
15.8031
10.5313
12.6984
15.9712
15.1783
11.5305
14.3376
15.355
7.43192
15.7038
18.0173
14.8345
15.6662
12.7521
22.212
24.3827
14.63
10.7562
31.1052
17.6344
34.2326
18.0599
24.6967
25.9891
16.7934
14.8736
8.97075
26.549
8.78731
10.7598
16.2882
20.7234
24.9811
22.6238
12.1796
39.4343
15.9989
10.8522
25.6252
18.444
6.16553
19.2268
39.5705
17.3491
15.9444
19.5306
11.8587
19.0069
9.10397
16.8595
23.8948
16.8023
17.1808
28.5793
17.7534
20.9874
11.4556
26.811
15.5973
17.1375
33.4573
22.3049
17.6771
21.2062
10.6788
9.84083
12.58
17.136
8.7721
24.3562
17.7547
18.2072
33.0417
27.4445
8.13035
9.20001
12.5229
10.3599
34.9882
20.6572
15.0239
11.9197
39.0307
13.8959
29.1748
11.1022
17.2023
18.2425
13.5136
15.9492
13.8146
25.884
25.1004
31.3638
10.4015
17.5915
14.5627
35.9325
18.5924
23.4758
15.1566
25.3347
16.3443
19.9663
14.4919
18.6352
15.4553
20.8902
7.10727
14.1097
21.6919
10.8696
15.3471
40.7861
20.921
15.4229
15.3654
11.256
14.866
22.8109
13.4369
12.41
19.1635
27.5348
13.7207
8.14071
17.8408
10.4379
12.3725
14.8168
21.9591
20.8297
12.308
24.5529
14.2173
23.1747
20.296
31.0998
16.2694
14.8009
21.2685
20.8816
16.8139
27.2341
16.8329
26.3725
17.116
30.8262
24.3924
17.5318
13.1459
16.6102
13.5982
16.4564
15.8241
12.7117
16.5897
19.6572
8.58288
13.7239
17.6554
18.4232
9.02815
15.3187
13.8482
12.685
11.4505
17.4576
8.87657
18.4522
16.246
10.0093
18.0458
26.1339
17.5017
20.3383
26.2582
35.0288
25.0712
11.2468
9.08014
14.0834
10.6
17.5679
21.6778
27.1687
14.031
23.1801
9.90473
25.3142
18.1906
8.84438
23.0125
27.8889
8.06326
18.2579
15.3026
13.9072
16.0823
13.7095
24.4034
10.6657
12.6531
16.4205
17.3557
9.8701
12.4857
20.5736
20.4891
11.4089
16.6744
24.2962
11.5958
13.0641
20.2689
9.35751
24.8895
9.68844
21.7508
23.5208
23.0482
16.1863
20.7405
7.82381
16.8486
11.2787
18.5663
17.4007
24.281
10.1618
37.2225
19.037
25.1629
23.4233
19.0906
14.1396
20.4875
23.8719
13.285
19.5907
16.8329
15.4696
13.347
26.2543
12.1032
11.6823
27.5282
8.4089
10.4931
9.86315
19.3347
20.732
13.7898
15.7117
6.9432
31.814
22.0629
14.7277
24.9254
10.4556
12.5659
26.7705
45.7663
7.24471
15.9395
20.8667
34.8123
30.7798
24.9292
30.3018
23.7558
5.91762
23.5771
10.5741
14.5819
25.0443
16.9334
12.3654
30.0661
35.277
14.9157
17.7097
22.6127
33.1732
22.8466
20.265
23.0677
9.95013
9.34314
24.1919
23.4787
12.2995
37.8448
12.0059
21.218
11.8134
18.2904
16.0685
27.8677
15.5971
34.4581
16.8141
10.7465
13.118
11.8976
16.1455
11.8899
12.1353
40.4079
28.7911
38.6576
14.4387
17.538
11.3504
23.0598
24.5722
16.5233
32.1481
14.7403
31.0203
15.0924
11.5385
7.61443
9.97658
23.6216
25.9093
15.0905
11.2302
26.2693
21.6918
11.9525
21.4578
16.5666
17.0312
22.5506
22.5545
28.2597
12.486
13.7777
12.1318
18.004
15.2615
7.41419
36.172
16.7385
18.3973
21.2446
13.8698
24.9648
17.8673
15.2082
31.3154
22.6102
30.0681
19.6128
21.4871
10.1832
5.4124
20.1961
13.326
40.9941
16.4508
17.8231
16.393
16.6925
21.602
21.502
22.1211
12.8267
14.0315
27.6419
15.1875
11.7355
26.3575
16.9869
44.6672
8.14606
21.8697
13.1755
19.705
21.6009
13.863
19.5939
12.7603
36.6779
13.9608
25.3055
15.4392
21.952
20.5209
10.965
20.058
27.417
24.1225
21.8968
17.0235
11.8903
8.5401
48.9506
9.97026
27.3327
20.5092
22.7395
13.8375
14.5355
8.09715
12.5856
14.8131
17.6746
9.58093
13.4867
20.2319
22.5207
16.5841
17.8067
16.7791
14.1737
14.0598
26.7925
18.0062
36.9678
19.155
10.3787
27.5869
16.1672
17.2209
13.2001
16.0273
49.6874
19.7096
4.93705
24.9057
11.5034
17.666
18.0611
20.6281
12.7211
25.9162
30.3813
12.2019
14.4052
15.1816
10.085
20.9042
13.3679
16.2954
12.1048
24.9076
7.17944
21.5471
6.86815
12.6451
18.9489
7.43873
17.6855
8.47912
10.3055
24.0359
13.0757
17.6233
20.8877
35.8827
14.7869
20.6405
23.3013
12.1673
12.1064
23.0925
11.3654
22.2537
13.3392
10.0806
33.625
20.8934
9.40291
12.6526
17.0783
23.781
13.2563
37.5374
19.2258
13.7634
15.8684
13.8425
14.981
48.6044
8.3322
24.2833
30.1812
9.30517
10.3356
21.6392
9.62024
17.068
11.2439
22.5496
21.1647
47.157
13.872
35.2368
24.9141
16.4437
17.1877
36.667
21.0437
12.08
17.7306
8.16553
24.2904
24.2338
15.8512
22.6249
17.1559
20.7425
8.5463
19.9625
14.0376
16.0669
35.4867
18.0346
20.972
14.1794
14.4781
22.2988
15.3559
33.4287
16.2889
28.6124
11.8503
10.2359
15.2738
18.866
9.23039
15.5746
9.09985
15.6057
10.4266
35.7134
10.9317
19.8059
21.5967
22.3307
12.4192
18.3049
16.9059
31.3947
13.7964
17.6908
16.6382
8.42779
9.57206
7.89827
23.4271
17.8446
13.5024
17.4899
14.3365
8.54824
14.9576
23.765
17.266
22.1389
13.3711
5.79297
33.2941
8.54486
8.41311
13.0288
29.4517
22.3663
12.6816
25.4135
9.73006
14.68
11.8558
22.6579
15.2604
15.4057
18.765
15.0095
15.256
19.2673
15.4915
9.31559
25.4377
12.2019
12.4034
14.2858
7.61707
27.1804
32.643
8.12615
10.6972
16.9846
11.5319
18.5153
5.71595
24.2568
10.6727
18.6233
13.6582
13.4084
8.85872
16.934
23.9751
32.6876
22.9612
12.763
14.3549
7.53504
10.8344
26.2748
20.7955
28.2593
15.1063
26.7064
17.5565
14.3646
29.1238
10.6095
26.7139
9.25076
14.2429
12.2758
32.0916
7.00506
12.3195
26.9157
10.6293
14.2229
9.61006
12.7032
8.10187
26.4002
13.9323
13.4142
25.014
14.8555
18.8151
10.2335
13.1977
9.41557
14.3064
27.9897
11.0978
8.89051
7.16252
22.9517
23.229
12.6341
16.4887
20.8125
17.7448
34.7443
19.4463
15.1626
20.4074
9.91798
18.6052
13.3417
16.3335
24.528
8.4683
9.14662
12.5736
21.0361
21.5028
24.5549
14.931
24.3598
34.4879
11.4613
26.4376
16.4273
18.8913
20.5526
10.6476
15.5308
18.3196
43.4796
13.0092
19.2467
25.0456
30.1603
14.6815
12.481
17.1781
7.18504
10.4745
10.5152
19.4937
10.1123
22.1555
19.464
17.3651
20.5509
6.43997
28.9037
24.3021
17.7534
12.3711
12.3056
22.937
6.54277
10.9712
16.7525
32.8232
36.0092
10.1152
17.0754
51.2019
24.1365
20.0534
24.2668
23.9508
11.7312
13.1101
28.8015
17.2803
19.894
26.3719
14.1741
17.1685
16.2801
15.2789
15.3619
16.7106
10.8382
23.3002
17.1256
11.6248
24.7893
36.4777
11.1017
9.30212
17.5107
16.6383
16.6664
17.1418
26.2428
13.1937
16.4788
10.489
18.5527
5.98285
19.3826
16.9114
15.3418
13.3571
23.7997
6.46137
14.2728
11.8715
22.9354
17.9442
24.1394
8.54215
15.2629
22.5816
11.3976
28.4059
11.2352
22.0366
22.8148
22.0119
16.5626
22.077
14.9104
27.3257
18.3419
15.6873
19.0878
20.7301
6.08111
19.7968
11.6111
13.804
9.70204
24.8174
12.6807
8.98608
9.74135
22.5709
14.4674
23.8525
32.0998
16.8476
15.4655
10.2621
8.99185
16.1041
17.3922
8.88826
10.1311
24.0073
24.2677
14.0775
19.5297
17.2095
22.5229
14.495
15.066
13.7772
29.1164
16.6142
30.4136
13.2471
11.8595
18.6029
21.7239
17.6299
11.3804
24.6622
42.0924
25.7892
15.4457
13.3808
18.7972
16.6797
57.1575
10.7752
11.4314
23.8548
25.8003
24.9618
11.6803
18.3835
16.8656
22.0438
31.5068
15.1929
15.0455
17.5231
30.1328
12.9664
14.1257
19.8066
44.6757
30.1592
53.6632
9.94316
15.9896
17.8818
22.468
9.73174
18.07
16.5459
25.449
8.48676
13.1714
48.3393
7.65636
12.7677
10.6869
29.3457
13.9852
17.4607
19.5788
21.2434
21.5443
18.8666
11.7055
16.3981
9.29498
16.4613
8.96897
18.4113
28.8967
25.4266
13.3802
29.6275
19.9233
24.6229
18.6832
25.0986
47.4164
21.4337
13.101
38.9942
12.6188
11.7077
24.4541
14.6748
17.407
13.6215
22.5965
15.1937
15.7929
36.4672
7.10658
14.0353
18.5478
19.4527
15.5701
16.144
37.3629
18.7637
9.49605
19.2487
17.657
27.7397
25.8366
9.01424
19.4445
15.3627
15.0024
27.2956
25.1407
16.8832
9.72568
8.61095
19.5515
21.0579
30.0029
18.3143
9.52805
11.0019
12.1859
24.5098
8.04158
25.914
60.8577
17.9236
30.8922
31.5849
13.8159
20.9019
8.70123
14.5491
8.5519
10.6529
5.15138
21.0733
8.03473
11.3992
13.1011
17.7218
10.0652
14.7286
7.49115
7.57563
15.2075
17.6875
27.5047
13.6537
13.1106
8.53794
13.9437
37.6937
33.6981
65.1063
21.4773
12.2069
21.8496
21.2039
10.6465
34.928
18.5772
19.759
35.0013
17.169
15.1185
17.5457
17.2384
18.4897
16.4399
26.3223
28.2428
25.0644
20.417
20.5935
10.2038
14.9746
14.7838
32.4461
8.09544
38.727
9.71309
21.1442
15.7092
18.072
18.782
11.6604
18.6955
22.8011
14.6012
25.7391
15.1102
23.5318
16.7172
9.49855
15.375
7.83312
17.5991
18.6864
14.7533
17.5635
26.4757
27.4703
24.4999
27.7987
12.1442
9.73374
13.7559
14.2246
20.4307
8.22627
23.4506
10.4161
10.5658
24.0972
14.0755
22.8482
19.7389
10.1465
8.22845
19.8133
21.324
14.8533
9.7997
11.1813
34.1829
26.9924
25.1864
22.5245
22.0644
28.6553
26.6475
11.2069
17.0216
24.4986
10.1398
23.4627
11.701
17.9708
13.7886
29.8699
15.3537
13.4561
30.8737
19.4365
11.0791
10.7624
35.2647
10.1813
6.77868
8.7016
21.4278
32.5122
5.35691
27.4952
19.1297
17.453
11.2069
13.0675
13.0796
37.0127
25.0973
7.46457
21.9769
8.07415
21.7079
25.9955
20.0656
19.1393
13.9431
21.5272
12.8011
11.8175
21.7474
39.519
8.11502
20.6883
32.1541
24.4877
11.3818
24.0907
22.6638
7.62992
26.1708
4.28968
29.843
11.9018
9.04965
27.0319
18.6334
32.8203
11.7021
24.7563
12.7508
15.9232
18.8048
20.5448
13.1421
9.78098
17.7896
13.0659
9.99677
9.53419
9.14343
31.8401
8.98736
12.504
20.3448
19.2958
31.4027
31.3451
18.1678
21.9001
14.1825
15.8918
11.1483
19.5601
27.4573
39.6268
20.2071
17.5313
24.7999
27.0956
15.4732
15.811
23.9667
12.8332
9.34635
29.5399
32.2587
11.7468
26.2701
23.0164
21.4476
6.42288
12.0261
37.6997
16.6999
18.3743
22.0048
17.5237
22.4218
19.9386
13.8701
11.6537
16.4555
52.9525
25.6752
19.7273
11.7869
13.0086
20.6614
16.5666
24.5128
24.9219
15.9991
26.5393
14.9755
21.9173
15.2067
23.2766
20.8197
10.0101
10.8168
10.3106
19.9373
9.5157
33.6401
20.7795
33.4564
6.85328
17.9635
17.214
5.46343
34.6607
16.7354
16.7815
18.556
16.0089
19.05
12.6427
12.5511
21.8122
35.317
9.37022
15.1113
11.1468
26.6455
18.6258
21.0927
14.8726
17.7816
17.5914
10.0789
22.8122
28.9658
18.6218
17.1664
16.3015
12.2114
55.6149
16.3033
11.638
14.2483
24.7734
26.8547
11.5183
15.4478
8.86858
23.1313
16.226
11.5387
19.8107
21.8721
26.5504
9.01862
12.5815
21.2572
11.4664
8.58845
15.257
7.17061
18.3109
23.2366
8.63246
30.7389
9.82592
22.0764
10.6498
10.7331
15.068
26.1627
17.5831
18.5637
13.6662
9.91718
18.7771
18.8553
33.5303
22.3096
12.178
8.95694
36.8742
16.9839
48.2599
12.2385
13.9968
10.8814
43.0942
9.02197
12.5521
20.3172
23.1524
19.2779
14.188
25.5957
12.9396
15.4938
28.6467
33.274
17.3502
9.01376
19.741
24.6682
27.0188
26.2653
24.5112
10.707
21.1011
15.475
24.366
37.7379
13.1158
8.90587
28.5805
16.5741
17.6283
32.112
24.2141
21.2926
23.3732
15.7131
11.9426
12.6484
20.8208
20.7075
18.1825
29.0282
16.6
16.0794
15.9236
11.5987
21.5546
12.1674
10.8083
7.63238
26.2448
20.5392
21.0946
28.9421
19.9572
20.9968
22.0882
15.1818
34.015
13.1113
14.6737
26.6629
12.7887
13.2176
24.299
13.0733
14.1048
32.9131
13.9328
7.5835
7.7866
16.1666
9.87937
10.9136
14.3744
27.4132
11.7582
20.8785
28.2915
26.3304
7.9673
25.2634
22.76
15.0686
23.2971
12.6605
12.4591
23.3502
11.9811
14.0501
20.0726
7.26717
13.2636
17.0312
8.97885
32.7666
15.7225
13.8927
8.22459
19.6068
17.096
24.5349
17.7258
7.37478
12.096
12.2071
13.4178
19.3515
18.129
16.3351
26.9301
16.4439
13.5392
13.4457
24.8388
33.3776
12.1211
18.5042
19.6453
18.8595
26.3184
10.3459
17.3023
10.0908
18.009
21.8675
18.7654
26.9488
10.0475
15.9144
17.4486
35.4016
27.7535
11.9688
21.3898
22.1472
13.8072
13.7855
27.915
8.03346
12.7444
17.8301
19.736
14.7316
7.02623
11.421
9.34415
22.7143
15.1347
24.8935
20.5042
29.9833
26.2731
15.1268
28.548
30.3486
12.4399
14.5214
14.6011
14.263
10.726
29.7557
13.2352
17.4363
12.9997
13.3772
29.3865
24.015
8.26201
38.4519
36.1371
13.3276
13.9183
25.5464
12.7366
11.3449
9.19895
14.3043
16.8481
15.3015
20.2913
18.7046
10.3815
7.66928
38.6468
16.191
24.2937
21.8429
8.5704
8.57254
26.8729
10.1277
26.1183
22.2384
13.4645
14.0591
23.0405
19.8297
17.0639
49.0593
11.9459
19.489
15.4134
21.2895
23.4581
13.5055
17.5612
13.3105
17.934
16.1758
13.4377
16.0226
18.4533
16.0357
16.5592
13.9834
26.8297
17.7002
11.5605
18.3197
14.6886
20.8261
40.478
21.4042
26.8533
15.9087
11.5569
32.2418
20.8346
16.3932
10.3973
26.9197
14.0894
26.4302
25.9085
33.3913
14.0692
16.7811
21.4077
23.9219
9.29713
19.9293
21.8888
12.735
24.7482
19.5368
13.5825
17.5172
13.0834
14.595
20.9217
13.7181
15.5916
8.7182
15.3196
14.1154
19.3541
8.92058
21.0727
17.5626
14.752
17.6582
18.2878
26.994
20.0421
14.0652
19.4311
23.5776
11.9328
15.7605
12.9209
22.3047
14.8428
6.77483
14.868
23.3336
14.3451
30.275
28.5336
21.0323
11.3315
15.7657
21.6322
32.9559
24.6161
5.90673
27.0136
15.0732
21.4903
14.1105
33.9863
28.9656
11.5048
10.8089
19.9423
23.1454
18.9967
15.5475
13.0492
11.2928
8.12187
20.5443
8.90287
11.2016
8.38258
13.3222
25.3702
12.6851
13.2073
24.5725
22.5388
12.9384
18.4527
25.4405
20.4781
17.8359
13.0308
30.3279
38.4841
28.242
24.2899
25.0251
24.4962
12.1793
20.5399
15.2003
20.2553
15.2934
18.2894
17.4983
10.3846
22.033
13.2345
31.1977
13.419
10.4126
12.9217
30.364
27.8037
5.8072
20.9364
8.63717
8.63442
10.6899
36.8072
17.2258
14.4887
14.1939
8.02331
21.7118
8.92489
16.8991
14.223
19.6248
9.88966
8.91864
12.4236
17.2421
25.1673
18.7335
13.6856
11.5468
23.5225
18.0922
10.8816
20.402
10.4359
10.2604
22.0659
13.6032
15.5236
31.5764
15.9999
14.0146
13.787
24.1942
23.8027
8.86952
25.0371
19.6573
22.7521
12.021
20.0166
11.0609
13.0079
17.4112
18.9838
15.6436
24.2613
19.9873
19.2392
17.3198
14.2197
25.7072
17.7636
20.0229
19.1983
27.1343
6.88035
14.0943
20.5303
29.1996
21.5859
8.03794
12.3376
8.01104
17.7618
13.1637
14.8865
12.5059
9.94791
38.1654
11.7623
9.95935
25.9998
11.078
9.98713
11.9164
20.5952
13.3957
17.3964
16.0785
9.69872
20.132
20.269
31.0915
14.0625
22.5525
35.3146
17.1306
11.7382
43.4732
16.5836
20.5575
24.3127
21.7637
45.864
39.8351
18.8205
22.262
12.0109
33.3966
38.0579
26.8752
18.9884
14.2687
18.6008
10.5385
15.0415
9.98563
14.9527
18.271
15.4502
15.5506
11.7294
16.426
8.98946
20.3824
18.8039
23.0853
16.8725
16.7997
14.069
14.373
20.7952
16.0448
10.9072
11.1245
17.5274
19.7494
19.2435
18.0953
37.8875
22.8915
13.1326
19.2855
7.5413
29.4413
13.0482
16.8406
27.148
16.0978
16.4514
27.5259
24.9769
20.3807
37.7276
15.6222
20.9492
6.17126
14.9696
37.7398
14.9259
20.6258
18.5843
19.2344
51.9525
16.9704
13.9804
20.2769
30.9797
21.9548
32.1636
17.7267
34.4902
12.6016
14.8796
12.4689
12.7072
12.4423
20.7029
7.5062
13.1935
16.0387
11.4256
12.5495
15.8534
41.986
19.2355
21.7461
8.45608
17.1291
29.661
27.3718
18.6507
12.3838
19.2252
11.0457
21.8676
36.5972
9.9807
12.1398
16.5756
19.7406
28.6202
15.2926
27.2362
26.8129
12.9532
13.2133
17.7354
14.5673
13.6886
8.41402
11.6592
25.3095
12.8958
19.469
30.5507
9.22465
15.9951
11.1623
26.4956
20.0558
17.9749
14.6408
16.0191
15.7001
11.9153
37.8712
17.9944
22.3467
10.0013
10.6403
14.9448
35.2902
26.1252
12.7775
28.678
29.9738
14.6074
28.587
10.837
27.9496
17.7782
18.4723
23.3327
17.0576
17.0965
16.9488
19.8423
17.1338
27.0216
18.6374
15.4278
8.37093
11.7943
16.0334
9.2456
19.1684
15.1778
22.0263
19.3006
8.49519
17.827
16.1709
12.0262
15.8185
16.0244
7.85373
16.5463
12.3693
15.2733
22.3478
27.176
29.5469
17.6527
20.2337
14.0186
19.5983
28.7306
17.802
20.2018
27.389
19.6
8.87459
19.6305
20.0886
17.009
7.899
10.7843
17.6249
36.8682
27.8544
13.7452
11.8187
19.0029
24.1318
16.9661
21.2201
10.7237
27.8802
7.69991
10.7174
19.4888
18.1246
13.295
25.698
10.815
15.9005
30.6683
11.2177
15.3507
11.157
11.4409
9.60825
13.9913
19.0677
14.3304
25.1285
18.2205
23.1258
14.8626
9.43007
12.527
9.53413
11.6564
24.7146
16.3318
26.7984
22.6977
7.21058
19.8031
10.0174
11.8533
9.26533
16.7782
17.3724
17.6989
33.2963
23.5343
11.5475
25.0737
30.8315
21.7563
34.6011
15.3969
10.6243
19.8191
12.2046
24.9353
8.07192
13.4644
7.93131
16.4143
13.2292
16.6709
15.5478
16.9368
29.5726
31.8451
9.72976
23.1588
11.6306
16.2292
16.6676
35.0414
10.5151
23.364
18.166
14.261
13.5127
13.5391
16.4872
30.5584
14.7789
9.95781
17.2987
16.29
25.1777
21.6616
23.984
30.2407
16.1443
24.2026
13.3353
26.6737
18.0236
12.5107
34.7903
23.986
13.5971
12.8154
19.5433
19.7483
13.4434
16.376
19.5185
17.9867
8.47486
22.8237
9.93397
24.2112
25.8953
21.1137
17.4094
20.45
27.8462
18.42
19.5169
16.4115
18.2654
7.68793
20.5268
11.4478
12.6359
39.5826
17.6596
12.912
12.261
24.155
12.5355
10.9985
17.9657
12.6402
17.7357
13.246
14.8554
16.9533
24.1477
18.9529
25.1521
11.7247
26.8844
29.4763
13.0577
42.7447
18.4409
13.7135
20.9716
12.6167
24.7726
14.3165
14.3865
12.2482
21.5121
12.682
11.0266
18.3433
20.807
15.8694
24.635
13.3368
10.9421
45.7986
14.3537
11.4968
13.2382
19.7691
20.4162
25.1921
25.6014
37.1746
13.96
12.5069
29.1689
31.0052
29.2757
12.7602
12.5713
17.0262
29.3926
11.0313
14.1756
24.9716
25.4689
12.4006
14.001
10.3116
34.4491
11.9704
20.5147
20.6431
11.955
26.1845
14.4748
19.7083
12.5742
16.841
20.3539
28.2016
13.5165
14.2312
34.4762
11.5175
16.6042
15.1644
15.4481
35.7675
12.8219
20.39
13.7637
6.95937
14.8533
25.8079
15.8664
14.5586
11.2306
19.953
23.9817
12.9879
17.5832
23.7253
16.6265
10.8218
9.17504
15.4713
34.287
4.9545
13.7804
14.4929
20.4457
15.6698
31.8602
22.4129
11.1514
13.6358
17.693
18.3305
11.1646
16.7151
13.2632
22.6442
23.9523
16.1552
21.4126
34.6035
14.2927
30.789
14.1528
8.33416
12.3497
11.8776
14.0486
16.0587
7.30887
20.9008
47.4276
33.3838
35.1457
30.4319
27.4385
22.5974
8.57775
29.9364
9.89
13.2147
27.9354
9.65133
9.92754
26.2267
17.029
9.67423
15.4557
19.717
10.7
35.3743
20.4668
7.94325
17.3325
31.9417
14.8538
12.1157
15.7644
10.2956
17.4998
13.353
20.6906
42.4176
14.3752
14.565
17.9678
36.4983
19.4698
10.619
12.4172
12.406
18.0312
16.4637
15.3272
13.1651
45.454
15.8898
11.9828
18.438
19.5351
10.8522
33.0172
43.7272
31.7314
14.2897
9.95258
21.4344
12.9868
22.6626
12.5733
15.5349
20.719
19.9845
20.881
31.5978
23.0972
17.3439
15.33
16.2459
26.7978
18.831
20.0959
29.1249
9.55989
35.7042
22.2062
30.6362
33.169
12.5059
22.8298
14.9979
27.2336
14.0055
8.07389
10.4731
12.3163
17.8382
13.1303
28.4235
12.4703
18.926
38.1403
19.0307
19.3097
16.8278
17.7968
11.4366
27.2694
22.2339
28.8721
30.4959
8.86961
13.9988
28.8334
8.40474
26.5116
12.647
10.8698
15.2031
17.1783
19.7362
11.8621
18.9076
5.84407
10.5148
16.182
23.0908
11.2841
13.5773
11.9551
17.8615
11.4208
18.6376
32.8738
22.4933
20.637
19.8846
30.262
11.6872
16.8404
13.3099
25.7989
11.0333
21.9388
13.8458
13.485
5.57376
18.7984
11.7002
25.5892
10.4373
29.997
13.2494
19.8959
30.9086
16.2316
16.0055
13.302
20.961
13.3085
15.8049
16.8989
11.9665
36.0192
12.5473
11.601
26.3151
32.5843
19.2493
20.1064
17.4818
25.7708
8.88412
30.9621
13.0216
15.9818
8.40234
15.4345
17.4063
9.37849
12.595
14.381
43.1609
7.63194
13.682
15.7874
10.1054
15.6948
26.4889
21.6095
21.6872
22.4277
19.524
8.01425
16.1087
13.6682
23.6401
12.1842
18.5228
12.9615
21.205
16.0601
10.218
29.4368
19.0096
21.8205
7.48416
12.5769
19.8731
31.0424
21.6516
12.9467
14.2873
23.4576
20.0806
24.4619
17.6422
16.0491
19.5611
21.4803
11.0264
15.7677
24.3861
26.6171
12.0083
12.6345
12.4178
21.8276
31.2939
12.0467
10.1081
16.4564
18.8186
21.0967
22.1409
8.95554
36.1738
17.9012
16.4654
14.6654
6.91947
22.0515
30.0585
16.1817
11.06
17.8756
14.3159
23.9845
29.0991
12.5079
31.8133
18.4475
23.2519
34.104
6.09678
25.8351
23.9074
11.4217
22.5807
11.6411
31.1613
59.0353
29.3644
19.0006
22.621
16.3807
10.4228
23.0012
17.1756
19.4155
9.24678
39.5719
23.3791
20.9263
13.4907
16.8549
21.5344
33.2963
10.9585
10.7271
22.1157
20.1942
19.9841
10.6706
15.6813
11.9186
45.4957
26.5175
7.72381
20.4312
9.17655
11.0591
19.7365
16.3688
13.7366
11.9534
13.6969
21.8279
25.0851
13.338
27.1488
17.3483
18.1261
28.5351
15.0103
10.1261
10.5125
11.253
19.3727
14.7106
62.7399
22.8922
12.3989
11.452
20.0839
33.9593
12.0578
14.2497
14.7693
19.8319
11.527
11.0524
27.8636
33.5596
8.03365
20.4086
13.0539
12.1432
14.1471
14.5326
25.6019
9.21703
16.4477
26.8968
14.0089
48.9695
12.1203
19.3593
9.8699
11.1685
21.1067
31.5562
16.8721
20.5147
10.1091
15.6006
26.203
12.8373
39.3967
12.4749
20.539
21.9596
19.7583
18.3702
27.0121
14.5451
12.5442
22.2923
24.4902
30.7283
10.437
11.7382
29.6147
28.5689
18.9149
22.8483
20.196
50.4289
24.8983
12.4533
19.8661
12.455
30.7197
19.0639
24.3856
24.3584
20.2308
13.3436
16.9915
9.38207
7.35309
23.6087
18.6712
12.0528
21.6518
18.0861
12.8341
41.0842
12.81
25.9567
22.3282
10.5113
33.1413
11.0822
14.5381
14.9493
27.6857
16.8224
16.0044
24.9085
15.5128
13.2211
19.5079
28.0842
13.4348
17.647
17.2144
19.6419
14.0599
20.0706
20.809
30.441
16.5218
20.6943
16.5753
27.6366
20.6095
15.74
7.66598
24.2295
9.16876
18.4186
15.5238
18.2307
16.179
9.58211
18.1322
25.5931
19.5847
22.5018
20.964
13.5482
16.9444
21.7986
16.6315
14.3102
20.6164
9.64029
13.9349
22.7585
9.16006
15.9264
10.6229
9.79292
12.9349
23.9227
19.6909
21.0889
24.2249
19.7886
10.5015
16.7246
41.7783
24.8352
15.4317
11.9006
17.0894
14.8015
13.6177
11.5105
15.7481
26.3713
25.4882
21.5103
24.5637
16.5998
16.5962
18.9292
14.5686
28.2634
17.5258
15.9534
14.6769
17.1416
14.9424
12.8971
13.1023
12.7601
12.1478
19.861
16.456
13.3638
34.4849
24.082
12.4658
21.8328
10.7916
16.3705
21.5266
33.3087
29.833
20.5715
26.8826
14.3404
16.2607
10.8349
12.3491
19.2074
32.1551
13.242
15.5132
14.4988
8.215
11.5979
18.2122
16.2937
17.8437
14.2222
20.104
12.2445
25.8866
11.4568
11.1459
31.9709
24.7833
15.6286
9.61825
13.4473
14.9277
17.3398
17.7519
15.0077
14.7438
11.0344
21.782
20.972
17.5746
15.1244
17.4485
10.0123
25.7834
43.4915
10.7937
26.5693
18.8848
11.8205
26.6622
23.374
24.226
24.5698
7.85812
5.79988
39.8727
17.8671
15.2326
33.4205
23.6637
16.9426
24.1551
17.4819
27.44
9.96838
24.0449
26.4649
13.9569
65.5965
22.6744
11.5863
9.34697
21.5095
20.8517
5.66721
18.4282
12.1251
18.2989
23.6277
11.3634
22.7536
41.3271
13.3415
9.96449
15.8919
11.1953
8.91777
12.4562
14.904
20.3427
18.6703
11.7949
6.61742
12.665
17.1362
24.4221
15.5089
8.33593
16.6754
22.7223
11.1925
23.3186
28.9031
9.33894
15.8004
19.88
21.0314
12.2071
17.5976
13.3564
15.3395
11.28
27.6772
10.024
13.8138
15.4688
18.7753
32.0076
11.5795
16.4068
18.4186
15.8607
6.99085
14.8595
28.0683
23.008
18.6418
21.7787
30.8156
12.6355
13.4485
25.3767
16.7977
25.4227
23.6385
25.088
11.09
16.618
9.49276
14.3597
16.3899
28.1246
19.7392
29.2853
15.4696
13.7779
29.7627
11.112
21.1149
15.5602
32.8563
10.2441
15.777
24.1128
24.9547
17.002
12.7006
22.2772
17.8825
27.6622
14.0983
11.2095
26.0285
21.5255
7.24257
27.9147
14.0044
15.3202
12.8771
22.3489
14.7144
10.1397
13.2578
13.5069
20.8087
5.23992
18.7883
27.7387
28.6648
19.0169
16.0773
21.9173
23.5601
28.0942
18.4847
21.3584
19.2868
14.6012
21.6266
22.1959
29.165
15.4101
12.5318
36.0056
22.8896
25.0914
21.2869
45.7109
12.7416
12.0113
12.0242
9.20906
32.1517
25.1847
12.2558
14.5974
42.3383
25.4385
14.665
12.1314
22.719
15.4619
19.1387
25.1577
7.76
17.9296
16.9088
20.9102
16.3994
33.4001
21.3271
18.84
8.66542
13.2845
28.0632
7.75452
20.7403
16.8794
13.664
27.4071
11.9697
11.3158
18.5439
11.7975
23.527
23.5782
18.0431
32.8481
8.83905
17.612
27.1074
11.0944
25.3078
15.7387
24.2787
24.1448
17.7878
13.8626
24.4991
38.4338
23.8985
12.6895
21.8923
36.6961
17.7463
17.6415
27.578
32.3235
19.0109
18.4344
21.8823
15.6663
11.4686
24.6796
8.22336
17.6702
13.9773
8.583
10.7609
10.3596
17.4473
18.4074
11.5713
11.2109
16.3429
13.6684
16.0395
17.5523
32.7924
14.6501
17.3294
14.998
21.8905
17.5542
29.2655
15.7898
24.2178
7.37202
16.0441
24.1288
13.3852
15.145
23.493
12.6681
13.3774
24.4101
7.54959
11.7471
10.8737
35.7758
14.7983
18.9235
18.2298
26.3341
19.9896
13.4302
28.8244
14.3739
27.6638
17.334
25.4733
20.5967
17.4866
14.2915
17.4418
27.6399
16.9937
8.00362
25.6636
8.4065
16.1551
13.1078
8.85658
15.3938
22.7864
12.9284
11.197
14.8196
37.6803
21.8864
29.8122
9.86116
24.3674
16.6274
10.455
15.4853
32.9332
9.5981
13.9172
11.3514
14.0027
14.8636
11.7031
8.7967
18.4436
15.6864
7.20761
28.3163
18.4427
26.3117
18.6919
13.9948
23.3847
7.31754
23.9489
33.7488
18.6053
7.77696
25.2322
16.6259
28.4729
13.9609
26.381
17.5519
10.3193
17.3468
22.3028
8.3892
38.4563
16.4483
16.1085
14.8668
13.0806
20.027
14.2339
17.0921
18.9468
9.28579
31.1006
13.543
6.52911
15.6585
16.6198
17.6446
9.71523
23.4161
18.7352
35.5435
13.6834
20.9327
32.6759
8.54504
26.8687
25.1079
6.64999
13.9166
14.586
16.243
14.4072
15.3216
22.0791
29.7708
18.8802
20.0318
26.6337
37.7222
13.7231
16.1779
13.2074
9.90154
21.8375
22.9207
29.5319
16.3548
7.23464
16.6552
28.1121
11.093
25.2956
18.0999
33.6918
28.4542
8.81016
14.8402
22.1322
11.6821
21.1761
11.1788
17.5932
15.3602
17.0472
17.0831
18.9716
6.87896
9.28233
12.8106
20.1973
17.1488
21.1498
35.0793
19.9093
20.3028
17.9579
17.7609
17.7037
16.8032
12.3309
11.9687
20.6846
27.9757
13.6219
25.6479
21.4254
28.31
36.1265
22.9569
18.2722
21.7283
10.3825
19.2355
6.33113
20.9909
11.3535
12.2525
29.677
45.6141
22.0258
36.7862
31.0882
20.3421
19.6398
11.1626
11.7634
8.71865
12.5046
17.0235
15.8208
11.1183
17.2182
7.31745
8.31005
20.6036
26.2493
14.5956
9.87788
13.6995
18.3947
16.8401
12.9118
16.8306
26.4328
21.8506
9.26024
23.0002
23.4396
13.4921
14.0288
15.7401
22.5281
11.817
18.4614
15.5854
11.9929
28.1241
23.3477
13.0178
12.5042
19.8929
12.8537
19.7113
14.9113
13.1559
14.8967
23.1565
21.0535
32.9859
26.4175
23.5286
25.7277
18.4582
33.9083
19.3901
11.7376
27.4041
11.7981
20.074
29.9689
12.8618
19.3395
6.65825
30.9468
26.7908
33.208
14.9723
14.0128
13.7053
16.1247
18.8081
23.7858
18.4935
17.2312
20.1941
12.9386
21.6153
28.0894
13.504
11.1422
19.7623
20.2697
25.3235
14.229
35.3703
23.058
23.2278
26.6453
23.7478
17.2479
11.8111
23.6866
31.3796
12.4385
22.5161
16.5382
27.469
12.4303
20.9877
22.8235
13.6805
12.6516
16.9126
16.7527
13.2634
15.8149
12.311
9.26414
5.8675
6.88134
20.3098
9.61145
13.3753
7.74219
20.1062
17.759
10.5985
25.6701
16.5533
8.55871
23.7827
25.6674
30.6566
16.5556
8.49872
10.177
10.5402
36.0593
13.1412
20.6043
8.23393
17.9899
5.82396
24.6681
18.4551
11.6461
15.059
16.8184
16.098
17.4966
24.9525
14.1005
7.73617
23.6783
9.32573
12.9914
10.295
16.8093
15.9929
33.7279
17.5176
16.4032
7.55732
29.2067
9.83057
26.4607
12.0149
36.2536
9.72064
29.1496
20.5191
17.1988
22.8677
12.5462
33.9693
19.45
12.9447
23.4693
17.2448
20.7801
16.4049
20.107
10.6604
15.8423
30.2871
12.0333
19.1064
12.1555
9.41168
11.4211
13.4027
9.72287
15.8392
17.225
11.4716
25.3819
24.8736
22.7952
21.0514
24.5681
12.0448
29.7758
31.311
19.2233
15.1356
14.0084
23.5119
17.765
19.8424
9.54094
19.0072
17.1936
13.3145
18.8415
13.3294
20.6897
14.0269
24.6058
18.3183
24.9056
15.1913
17.7647
17.9614
19.3893
27.3075
18.4252
13.7911
19.4467
16.0685
7.87542
13.894
5.08931
28.7701
22.5416
25.0738
25.5746
20.186
11.9526
9.20417
14.2391
20.8811
10.8013
25.192
8.02985
17.6111
13.6105
17.0689
14.2366
32.657
10.67
15.7328
12.7371
13.837
7.01322
24.9148
14.9643
42.5729
14.7657
18.5931
32.2495
16.8579
10.0161
6.91148
9.58855
13.3491
14.1787
15.7383
17.1396
12.0901
9.58786
31.3225
19.7738
14.6565
18.0104
22.3502
20.4597
21.3863
8.44998
14.4696
18.6851
16.7389
12.7683
15.1771
18.2092
14.3288
16.6872
16.5231
13.2029
13.6088
22.9281
23.6433
39.0828
29.8545
11.0358
12.6464
9.30462
8.4999
12.7534
26.2912
19.4254
17.5997
12.8
26.5888
20.2281
11.7661
26.4909
17.3828
11.6932
9.19053
24.3811
9.90967
16.5116
24.0857
12.4145
35.2614
15.9832
15.4472
14.7232
14.5567
16.5468
20.22
22.3577
12.7941
14.6423
19.6646
13.7703
19.4581
22.9441
8.37063
24.3185
13.7048
11.7362
12.9581
12.8064
21.4282
10.3813
13.2762
11.833
17.6138
15.1595
19.3151
22.0764
15.9438
10.2765
12.5146
19.0022
34.2417
22.2817
18.1404
15.0823
21.7606
32.1703
29.1485
25.2113
14.0459
22.9805
26.6526
27.1195
21.2767
20.4475
14.6697
17.8451
19.6847
20.4282
17.1763
19.3254
