0.0499699
0.0632342
0.0442359
0.130123
0.0909455
0.0425106
0.118394
0.0325991
0.0989686
0.0443425
0.0632381
0.098968
0.0834191
0.0560035
0.141461
0.0850418
0.117807
0.0649615
0.0834397
0.0530504
0.0635841
0.0546276
0.0550496
0.0745402
0.0747568
0.107983
0.0623911
0.074215
0.0833383
0.0962292
0.0751659
0.178123
0.117557
0.0414723
0.0990916
0.0987961
0.0512475
0.107165
0.0504268
0.0368218
0.0545011
0.04862
0.0493413
0.0817691
0.0712901
0.106695
0.0511181
0.112919
0.0383899
0.0818017
0.541077
0.0657086
0.0842023
0.0732567
0.0678668
0.0713665
0.128151
0.442328
0.0302637
0.0744874
0.0978927
0.0900316
0.0743873
0.0976474
0.054118
0.0372762
0.0267459
0.0859699
0.152608
0.126413
0.111711
0.052157
0.0381213
0.0970198
0.0840775
0.0284327
0.0849724
0.0586972
0.0794767
0.0279127
0.0562058
0.0840605
0.105649
0.0560104
0.0849995
0.0682501
0.0436225
0.0621247
1.64987
0.0367748
0.0768796
0.054325
0.0487996
0.0489369
0.0757475
5.80711
0.109701
0.0627712
0.0690599
0.0756092
2.00512
0.0692983
0.0628244
0.0633042
0.0557377
0.103718
0.0605583
0.0851702
0.0490762
0.04198
0.110748
0.0551646
0.0387609
0.0959291
0.0901134
0.115479
0.047982
0.105022
0.0408607
0.0833033
0.0716415
0.0736426
0.0339766
0.095734
0.0700717
0.0521734
0.0900479
0.043583
0.0515178
0.0689832
0.0842194
0.0707774
0.0425153
0.0848746
0.0622251
0.062938
0.522362
1.86502
0.0641921
0.0851024
0.0578509
0.121591
0.0976029
0.0642813
0.0752117
0.0398451
0.0701762
0.0337221
0.0622153
0.0639228
0.0548155
0.0622069
0.0657866
0.0561411
0.0277813
0.0554044
0.0616675
0.0493075
0.0877765
0.069342
0.082778
0.134037
0.0563241
0.105084
0.0447345
0.0370556
0.072277
0.0883968
0.0588685
0.0894175
0.0788744
0.120612
0.064869
0.0612853
0.0387213
0.049066
0.089029
0.0348128
0.0780419
0.0804449
0.0537332
0.144864
0.0462344
0.0435018
0.084037
0.0829213
0.0409435
0.0429504
0.0637763
0.0392501
0.0841004
0.102471
0.0567487
0.113776
0.0491407
0.0541318
0.0940224
0.0613846
0.0368711
0.0659486
0.0462917
0.0565724
0.449602
0.103476
0.108705
0.158812
0.117398
0.0680657
0.0592775
0.060333
0.0455644
0.0404651
0.0549913
0.0592103
0.0271546
0.0431968
0.0823121
0.0657948
0.0923009
0.0752506
0.0634696
0.0543613
0.142577
0.074243
0.118967
0.124469
0.0346151
0.0855455
0.0411365
0.123733
0.0344603
0.0395627
0.0904463
0.0622982
1.27439
0.0555792
0.0798704
0.0350076
0.0460654
0.0646172
1.91306
0.0561224
0.0599088
0.0800917
0.0859885
0.074307
0.0783182
0.0626751
0.0405982
0.174132
0.0795656
0.0659868
0.0963305
0.0307592
0.0596458
0.0317496
0.0981001
0.104846
0.0789236
0.0638933
0.165137
0.0673438
0.0688833
0.0573166
0.0735992
0.20405
0.0607579
5.43142
0.0541792
0.0601353
0.0926937
0.331186
0.140558
0.0712033
0.0535868
0.0318278
0.0758491
0.0649881
0.105331
1.75989
0.051964
0.0788089
0.0956646
0.0854265
0.0714996
0.0506206
0.0476433
0.0722511
0.0809456
0.0577439
0.063156
0.0429756
0.105581
0.119132
0.0701424
0.114036
0.0687435
0.111585
0.0830995
0.111152
0.0411792
0.16263
0.0411389
0.0846996
0.0856
0.0657649
0.0710355
0.0509137
0.0754322
0.0357404
0.0849423
0.0572683
0.162028
0.0478048
0.0675919
0.0974057
0.0706978
0.0814703
0.0434
0.0716602
0.0994164
0.101186
0.0988782
0.062518
0.0611812
0.0765947
0.057731
0.0733401
0.101456
0.638857
0.110564
0.0232862
0.0808348
0.0611101
1.30026
0.0390846
0.035246
0.0520735
0.0419399
0.0925537
0.0668038
0.0735854
0.0438969
0.0343508
0.0595982
0.0399672
0.0814051
0.058935
0.0277454
6.02121
0.0999186
0.989541
0.037567
0.0389232
0.0507049
0.0511909
0.104466
0.0917388
0.110908
0.0578522
9.37028
0.0984143
0.0590391
0.0492788
0.0431135
0.0853506
0.0799278
0.0916285
0.0675497
0.108185
0.089603
0.0201734
0.0696562
0.050231
0.0537334
0.04849
0.0493743
0.0622393
0.0887599
0.114096
0.042341
0.0406278
0.061834
2.34514
0.0997311
0.056809
0.0353612
0.825729
0.0332505
0.04668
0.0684625
0.069981
0.0775444
0.0758132
0.107421
0.0831274
0.145869
0.0791362
0.077707
0.0459806
0.0524796
0.032503
0.0867606
0.0801633
0.0754126
0.0541738
0.0362276
0.0604534
0.0905307
0.0973335
0.123368
0.0479358
0.0603316
0.0528292
0.175758
0.0432136
0.0951462
0.161678
0.106832
0.122259
0.110633
0.19434
0.0765644
0.0902012
0.139058
0.0802377
0.134708
0.0692274
0.0863232
0.0610399
0.0518626
0.0343667
0.101073
0.0859673
0.0460544
0.048836
0.116846
0.0557691
0.0861622
0.149771
0.090675
0.0590213
0.0729517
0.100711
0.0333437
0.0504178
0.100398
0.0642309
0.11012
0.19799
2.74034
0.0774384
0.100761
0.0545987
0.561309
0.0736844
0.0538085
0.0250554
0.0540499
0.26492
0.0622355
0.0795749
0.0867829
0.040695
0.0787314
0.0820816
0.0673962
0.0439549
0.0707126
0.0775855
0.0959172
0.0487656
0.0573218
0.04006
0.0397131
0.0675431
0.0920157
0.0504664
0.0878884
0.0870591
0.0647353
0.0621802
0.0583247
0.0602481
0.0306854
0.0802063
0.0508054
0.0709909
0.0672782
0.0434802
0.0466897
0.0929443
0.0510442
0.09494
0.0619698
0.0815623
0.0332957
0.135001
0.121077
0.0843503
0.0804378
0.124875
0.0935828
0.0632903
0.066534
0.0408304
0.133471
0.0377678
0.0662905
0.0773492
0.0652592
0.0498924
0.034095
0.0539091
1.103
0.0646333
0.0317988
0.142064
0.0228806
0.0404047
0.083562
0.102773
0.0577254
0.138398
0.100626
0.0214935
0.0740449
0.122957
0.0472817
0.0587527
0.0526518
0.0608355
0.0894216
0.0694035
0.0960769
0.0366179
0.0741923
0.126029
0.105768
0.123725
0.0657063
0.137897
0.089936
0.103336
0.0504992
0.0554112
0.0642054
0.095526
0.0915084
0.0523901
0.081265
2.23859
0.0282708
0.0854084
0.0650318
0.0688652
0.0535411
0.0648288
0.100531
2.5031
0.0567005
0.057937
0.108439
0.0576129
0.129277
0.0655383
2.02425
0.733296
0.0446255
0.0419503
0.0733747
0.224276
0.079385
0.0883368
0.0773247
0.147007
0.0866824
0.0806105
0.0542461
0.0530091
0.0721594
0.0517467
0.055565
0.0565998
0.0278631
0.0734414
0.090707
0.0807456
0.688918
0.10553
0.0459236
0.0317445
0.119302
0.0338722
0.0898348
0.0650007
3.71387
0.0774528
0.10548
0.0644837
0.0831097
0.0703257
0.0425591
0.0693211
0.063
0.122124
0.0413406
0.0795532
0.0704092
0.0748533
0.0574458
0.0550719
0.0932954
0.0818661
0.0381692
0.0712256
0.0559235
3.06354
0.104615
0.0350625
0.112789
0.104086
0.0627189
0.0596884
0.184984
0.107946
0.0342012
0.0281693
0.0581588
0.0622482
0.0531237
0.0717562
0.0603111
0.0287026
2.3752
0.0522471
0.0712021
0.115072
0.0282771
0.0467646
0.0709843
0.03057
0.107612
0.0900593
0.0489968
0.058829
0.0782255
0.0723368
0.0428311
0.0790507
0.120982
0.117643
0.0581832
0.0857251
0.0999337
0.0567049
0.161253
0.0470394
0.121922
0.0354497
0.0378736
0.053401
0.0774235
0.114371
0.0286922
0.0698045
0.0528075
0.0403886
0.0495881
0.0714057
0.151067
1.11462
0.0405776
0.0971039
0.064665
0.0448747
0.0390514
0.0493232
0.0570934
0.0791739
0.0635931
0.0671932
0.118826
0.0755484
0.0673845
0.102086
0.131516
0.0773044
0.0362211
0.0365086
0.0571709
0.0918227
0.0599988
0.0811003
0.0742827
0.0853051
0.0453949
0.0507872
0.064365
0.0465341
0.0943197
0.0453737
0.0564284
0.075377
0.0838652
0.0498948
0.10354
1.72374
0.0538237
0.0611962
0.112735
0.0409767
0.0563874
0.0277742
0.074832
0.0438733
0.0537348
0.111603
0.0518071
0.0307222
0.142584
0.0584262
0.0426073
0.134788
0.118629
0.0464966
0.0903855
0.0306706
0.0747027
0.0774651
0.108963
0.048193
0.0637734
0.0432941
0.0584506
0.09353
0.0694262
0.0542184
0.0358413
0.0312012
0.0690269
0.075751
0.0607848
0.0788569
0.0379238
0.107787
0.0686613
0.0349843
0.0586116
0.041272
0.074154
0.0702822
0.117779
0.0279783
0.061804
0.15408
0.135017
0.0367148
0.101105
0.0778006
0.0732398
0.133428
0.0663438
0.0465537
5.23703
0.043031
0.0717761
0.0418443
0.0911619
0.0436036
3.07887
0.0393787
0.052132
0.0282278
0.0961366
0.118362
0.175462
0.0930883
0.0325523
0.0331452
0.129561
0.0387235
0.0565402
0.10896
0.103016
0.135959
0.0819718
0.0626417
0.0237673
0.062629
0.340431
0.0982019
0.0776359
0.0669497
0.0488243
0.0400319
0.0479867
0.0932438
0.0349253
0.0870799
0.0510249
0.0785621
0.0777483
0.061749
0.0685393
0.0608752
0.0551696
0.1652
0.0336829
0.0539593
0.0424578
0.0638275
0.073282
0.0387745
0.075159
0.0947024
0.687649
0.152465
0.0406847
0.0747889
0.0668049
0.0535133
0.0620591
0.0686013
0.0658344
0.0543541
0.0825555
0.0855878
0.150529
1.74429
0.0764733
0.0642771
0.0939228
1.13244
0.0422422
0.0830339
0.0974256
0.0595294
0.0620252
0.0985978
0.126496
0.0735218
0.0689371
0.0384702
0.0417152
0.077599
0.0855865
0.0390649
0.073346
0.0441646
0.0728088
0.139133
0.0438186
0.0748481
0.0883114
0.0440598
0.0871367
0.0906345
0.0826611
0.068047
0.0205991
0.569594
0.059953
0.0494768
0.117463
0.0544747
0.0478797
0.0540628
0.0629861
0.0581267
0.0693257
3.95632
0.112441
0.119084
0.0349169
0.0799284
0.0688913
0.929281
0.0580803
0.0332911
0.0503373
0.0992496
0.10876
0.0391934
0.0425729
0.087969
0.134708
0.0885057
0.0969675
0.106401
0.101801
0.052441
0.105996
0.0247014
0.0553698
0.0389099
0.029913
0.0438896
0.0736432
1.38839
0.0840332
0.0539775
0.110262
0.064715
0.0898747
0.0654704
0.118706
7.7004
0.0819706
0.0571095
0.101742
0.0505403
0.0473983
0.0632865
0.0431938
0.152736
0.124782
0.0358459
0.0234987
0.123666
0.067115
0.0843288
0.1243
0.104074
0.0954482
0.0568625
0.122021
0.0728452
0.108899
0.0705391
0.0993696
0.112346
0.0557562
0.0886338
0.0458612
0.0492501
0.0360526
0.0828565
0.0625523
0.051708
0.055032
0.0366787
0.0675348
0.0411752
0.0617202
0.0616036
0.0684499
0.122847
1.04922
0.0432942
0.115419
0.0835263
1.73206
0.0680106
0.0552545
0.0692173
0.0607107
0.0700966
0.0528676
0.0611175
0.121067
0.148992
0.084086
0.0611699
2.08835
0.116163
0.0459608
0.0634314
0.0914611
1.14589
0.0876242
0.0458945
0.102518
0.0902246
0.0671974
5.38278
0.0473171
0.0632704
0.649041
0.0682662
0.0831717
0.0804217
0.109437
0.0603742
0.0738882
0.115591
0.079996
0.0818205
0.0689309
1.94525
0.0438792
0.051207
0.119565
0.101804
0.0883529
0.0958686
0.0475041
0.0705499
0.0888474
0.0740023
0.0553446
0.0551984
0.130139
0.0280191
0.107462
0.0718325
0.612928
0.0389243
0.0828855
0.0549457
0.0467064
0.0585772
0.0658596
0.0343822
0.151124
0.975346
0.095508
0.0340014
0.0528008
0.0753638
0.0522132
0.083082
0.0877649
0.0789409
0.0479267
0.037188
0.0827853
0.123937
0.0767404
0.0875023
0.0637047
0.186055
0.10314
0.106029
0.125585
0.0596822
0.10252
0.050746
0.0741687
0.116336
0.0795769
0.0766761
0.0418805
0.0817886
0.0715469
0.0641192
0.0208313
0.119091
0.0522693
0.047386
0.0967481
0.120036
0.020099
11.1628
0.0262756
6.84452
0.0746385
0.0794055
0.0808273
0.100578
0.0825807
0.0465354
0.0340833
0.0695069
0.0832507
0.0399529
0.0580986
0.0406659
0.0678397
0.18668
0.0481845
0.0849443
0.0418091
0.107943
0.0934501
0.102122
0.356148
0.045557
0.0521958
0.0287866
0.0458525
2.2791
0.0600864
0.113647
0.538191
0.0926215
2.26866
0.0731571
0.710843
0.0765343
0.0807896
0.0982601
0.0566991
0.0668022
0.0888627
1.1504
0.0702069
0.110892
0.0750696
0.0370354
0.0379387
0.100409
0.68178
0.0696795
0.0705081
1.19826
0.0890794
0.0462125
1.0376
0.0609245
0.0774931
0.0672589
0.0522211
0.0796076
0.0544602
0.118421
0.473798
0.084238
0.0705026
0.154678
0.139123
0.0618191
0.0686663
0.0986434
0.0654025
0.0627105
0.0474531
0.0970968
0.0601011
0.064807
0.0656793
0.859756
0.0583895
0.0790428
0.122721
0.0375995
0.0573803
0.0873616
0.0496957
0.0475993
0.119726
0.0753189
0.0369626
0.0466085
0.0966178
0.116882
0.0344236
0.0590403
0.0304099
0.0651649
0.0684966
0.0811882
0.0533825
0.0810293
0.0644179
0.0950264
0.0596932
0.0485454
0.119579
0.0779737
0.0593769
0.0358609
0.0962318
0.0873589
0.0453728
0.0306431
0.107179
0.046954
0.0371746
0.0405816
0.118964
0.0439417
0.112767
0.0690263
0.133781
0.0463621
0.0756343
0.0864686
0.0484175
0.0865506
0.121674
0.0329215
0.0674872
0.10683
0.0515644
0.0843328
0.101414
0.101862
0.0462695
0.0730456
0.0528192
0.0560865
0.0975701
0.0387269
0.0616039
0.0310516
0.0922666
0.0695651
0.0830862
0.145406
0.0620701
0.0397648
0.0765409
0.857307
0.0928493
0.0927123
0.0615449
0.102535
0.136048
0.0810253
1.23916
0.0658654
0.316885
0.116165
0.0667919
0.0453379
0.0539407
0.0840555
0.08813
0.0554247
0.0708512
0.48596
0.086331
0.0990222
0.0482468
0.0517109
0.0681823
0.0656158
0.061046
0.0412198
0.0476189
0.0813216
0.0377524
1.06474
0.0673095
0.079074
0.139871
0.0779012
0.0660342
0.0404782
0.0901444
0.0895926
0.0439583
0.0451208
0.101063
0.128685
0.0705459
0.0461952
0.0801398
0.0595352
0.0311983
0.110011
0.0709766
0.0544598
0.0997316
0.107881
0.11928
0.0987703
0.043186
0.0288167
0.0530236
0.0380936
0.102322
0.0768083
0.0363707
0.0532056
0.0522433
0.0622293
0.050576
0.0647892
0.0426563
0.060552
0.05354
0.0466732
0.0994636
0.107588
0.0588998
0.0303393
0.0333045
0.123552
0.0831951
0.0489648
0.0507304
0.0228034
0.0162355
0.0775263
0.076022
0.108353
0.130148
0.0665379
0.139744
0.0767704
0.0927019
0.0648277
0.155051
0.083991
0.0783485
0.103045
0.0778125
0.0616187
0.0737362
0.042414
0.085746
0.0767096
0.0579037
0.0333719
0.096388
0.0630446
0.041884
0.0627856
0.0613454
0.0981526
0.109355
0.0578659
0.0458817
0.0670895
0.0388118
0.075158
0.108062
0.124458
0.127131
0.0553601
0.0589239
0.0735044
0.0736
0.11943
0.0610166
0.0395903
0.0512804
0.0472915
0.0502013
0.0340645
0.10245
0.0808076
0.120386
0.0936766
0.117228
0.0779835
0.0887998
0.0742514
0.0213628
0.0809442
0.073109
0.141348
0.0967394
0.132729
0.0371835
0.0443477
0.0624633
0.0563157
0.0718147
0.0879045
0.0871848
0.0739939
0.0389574
0.0805424
0.0700986
0.0534853
0.0447795
0.0435268
0.0447961
0.121014
0.0665936
0.0502309
0.0766458
0.0639458
0.0423968
0.0459658
0.0487033
0.181522
0.0546615
0.0598229
0.093819
0.0855372
0.0214725
0.10114
0.0439789
0.0575175
0.0695684
0.0590184
0.0530472
0.0622585
0.158526
0.125218
0.0762427
0.130676
0.05287
0.0459788
0.0766943
0.117828
0.0567311
0.0785604
0.0805916
0.0489141
0.807858
0.127737
0.0922053
0.0481452
0.0483764
0.0402832
0.0359488
3.47332
0.0409206
0.104956
0.0825615
0.0680963
0.0491165
0.0936349
0.0644827
0.0770613
0.0831678
0.0983424
0.0636594
0.0574589
0.065044
0.0489727
0.0512815
0.0466049
0.0614408
0.0519246
0.12177
0.0882528
0.0839996
0.0948321
0.0256135
0.145857
0.0501156
0.122013
0.0290306
0.116512
0.0676523
0.0682101
0.0453327
0.0751617
0.075979
0.49764
0.0469466
0.0596934
0.063291
0.0747308
0.073712
0.0766582
0.040798
0.0436726
0.0508005
0.186644
0.0900034
0.120648
0.039306
0.0504359
0.0780132
0.0756683
0.109864
0.0424888
0.0610373
0.0933845
0.0664434
0.0646651
0.0446252
0.344577
0.0725083
0.0993891
0.0444795
0.0840771
0.0598379
0.0409205
0.0560599
0.0224473
0.0991624
0.55236
0.0547892
0.0638268
0.0237839
0.0687009
0.0554933
0.259481
0.076961
0.135774
0.0992444
0.100423
0.0843269
0.0852561
0.0814499
0.0856578
0.0346563
0.0511476
0.071021
0.0881661
0.0939106
0.048614
0.0834981
0.0630342
1.00373
0.0371344
0.035003
0.102881
3.00643
0.12967
0.114829
0.147204
0.16857
0.0737844
0.0769579
0.0636132
0.0526874
0.0208524
0.129899
0.0558835
0.0478315
0.100141
0.0671
0.0890109
3.74941
0.064312
0.112205
0.13709
0.0584723
0.0802192
0.0536768
0.0670399
0.735087
0.130923
0.0916541
0.102613
0.0490082
0.0880483
0.0839438
0.0808665
0.0308846
0.0755932
0.038227
0.126581
0.0941043
0.0573142
0.128758
0.0814541
0.13216
0.0329472
0.0610188
0.0790239
0.0676807
0.113312
0.055787
0.116074
0.0486814
0.0514088
0.0379487
0.114092
0.0796178
1.51153
0.0421675
0.0761011
0.0556626
0.0718792
0.0414356
0.0810286
0.0641954
0.0599712
0.0519106
0.0490206
0.0879786
0.063319
0.0328501
0.0925834
0.0784216
0.0656263
0.0472423
0.0343846
0.15201
0.0509068
0.0663347
0.0781747
0.0985461
0.0863727
0.053957
4.59573
0.0870768
0.0814608
0.909084
0.0434087
2.46302
0.0871575
0.0505109
0.110179
0.0911751
0.066726
0.837397
0.0348082
0.0648971
0.0810877
0.0510552
0.0641411
0.108943
0.0795763
0.0388579
0.0265992
0.0413978
0.157544
0.144839
0.098865
0.0694831
0.0453894
0.125814
0.0607262
0.0769616
0.0582919
0.0691474
0.0308303
0.0530022
0.142374
0.106439
0.0696139
0.0532386
0.0225257
0.0551767
0.103285
0.133147
0.0899196
0.0756923
0.0699433
0.101311
0.0349039
0.0689655
0.0598973
0.107501
0.0350569
0.142822
0.0650442
0.0485453
0.0732346
0.115809
0.0625065
0.060974
0.0561178
0.0590105
0.0326758
0.0928977
0.0819535
0.0689178
0.0770411
0.116044
0.173854
0.058452
1.06269
0.0494886
0.0572711
0.0746388
0.102106
0.0646603
0.0534982
0.0596401
0.0313781
0.0791398
0.069631
0.113955
0.0660302
0.0431873
0.0340886
0.115737
0.326016
0.0554512
0.0700424
0.0408714
0.0475385
0.0685807
0.103536
0.0470996
0.047687
0.125024
0.0989809
0.114519
1.33518
0.0601388
0.1088
0.097703
0.0708309
0.0619463
0.133122
0.0507005
0.0261097
0.0327829
0.0862345
0.143699
0.0868197
0.0614413
0.0409719
0.0628833
0.0622575
0.122697
0.0684611
0.0468572
0.0670679
0.154128
0.0413993
0.0703725
0.105625
0.091027
0.0437941
0.0314376
0.058095
0.082935
0.149083
1.62081
0.109644
0.0690005
0.0635984
0.0776658
0.0266343
0.0728351
0.049543
0.0552174
0.0671278
0.0666255
0.0671389
0.0294911
0.0379188
0.0894712
0.130526
0.14363
0.101758
0.0546258
0.0353064
0.0355168
0.122818
0.118702
0.0712907
0.0555402
0.117796
0.113286
0.477732
0.879624
0.0602828
0.0985689
0.0772505
0.059142
0.0970118
0.0712559
0.120344
0.0547315
0.0807484
0.0521672
0.105277
0.0657917
0.0390936
0.0771886
0.175719
0.0829037
0.0456784
0.0297419
0.0836928
0.116468
0.0854049
0.0744845
0.100741
0.0535268
0.100092
0.110967
0.0953569
0.103871
1.21451
0.152245
0.0994727
0.0701546
0.0361463
0.0665431
0.107939
0.0537961
0.0420941
0.101177
0.0745258
0.0695367
0.0576765
0.0577879
0.046267
0.0939641
0.0269679
0.047056
0.0341513
0.0812137
0.048903
0.0709891
0.0714408
0.11899
0.0804966
0.0326467
0.0373363
0.058321
0.0922474
0.133819
0.094232
0.0593029
0.0355508
0.0594031
0.049639
0.0946227
0.052428
0.434544
0.0548473
0.060392
0.109605
0.0773836
0.0692329
0.100657
0.0708649
0.0852613
0.0702806
0.159397
0.032309
0.088339
0.151924
0.13635
0.100485
0.0874399
0.111455
0.0477297
0.0903017
0.102988
0.0347207
0.0705067
0.0976342
0.653178
0.0329864
0.0805753
0.150049
0.08946
0.0987593
0.0453188
0.098262
0.0635001
0.0760054
0.0499135
0.0566704
0.0644164
0.0528007
0.0594342
0.125969
0.0899147
0.076148
0.143389
1.19231
0.0526777
0.0895382
0.072132
0.0585006
0.0641464
0.10241
0.0626084
0.0616005
0.0232848
0.0766581
0.0599994
1.21687
0.107367
6.25778
0.0990804
0.0507808
0.0632613
0.110459
0.103525
0.0452374
0.0632101
0.0509534
0.104722
0.037939
0.0487604
0.0288525
0.0685497
0.116985
2.39479
0.0340071
0.0976759
0.0532431
0.0648359
0.0628634
0.185189
0.0663788
0.0703726
0.0719807
0.0704876
0.0645276
0.113552
0.130121
0.043892
0.115965
0.0850527
0.0464949
0.101666
0.0610406
0.0740676
0.054338
0.0777751
0.0600776
0.0788568
0.078822
0.0878671
0.0988594
0.108625
0.0406213
0.032819
0.111173
0.0593929
0.0247368
0.076425
0.0930643
0.0657964
0.0458642
0.162648
0.0638786
0.102437
0.0747544
0.134916
0.0637036
0.0681557
0.137094
0.0745308
0.0525373
0.110972
0.15577
0.0641956
0.072253
0.0682565
0.0808615
0.122427
0.0341172
0.0509542
0.162914
0.0580114
0.0961549
0.0796739
0.0614992
0.0554809
0.120824
0.112128
0.0720908
0.0584812
0.0790359
0.0825188
0.057789
0.962203
0.0357826
0.0954132
0.0507556
0.0845938
0.111519
0.169582
0.0719284
0.0460179
0.044547
0.0458641
0.0681746
0.0748667
0.0981179
0.124489
0.061767
0.0567799
0.119383
0.0505215
0.0778411
0.0657769
0.133646
0.185231
0.0359482
0.0487399
0.0658114
0.0943149
0.0557122
0.0548239
0.0745871
0.0719786
0.0474696
0.0417726
0.0627477
0.0552871
0.0737315
0.0538866
0.0907999
0.0663518
0.0971722
0.0915684
0.179447
0.12375
0.0498106
0.0368345
0.0503877
0.0605264
0.0476685
0.0453126
0.090414
0.0634963
0.065021
0.0569332
0.0879008
0.208805
0.0906987
0.0812301
0.0954132
0.039035
0.0693671
0.0516964
0.0427212
0.0536258
0.117093
0.0568496
0.128205
0.040583
0.0950219
0.0655982
0.0520562
0.102413
0.0541423
0.0356328
0.0200013
0.0731893
0.115528
0.0282848
0.131307
0.168666
0.082182
0.0664454
0.0663428
0.0739843
0.0275912
0.0506703
0.0366995
0.0532885
0.0680851
0.0338355
0.0925807
0.0470222
0.116348
0.0728919
0.125721
0.0834608
0.126682
0.136283
0.0961203
0.092231
0.055711
0.06608
0.0498917
0.0571249
0.0359388
0.0414546
0.0509535
0.112851
0.0526206
0.0537584
0.106593
0.0759634
0.603876
0.134844
0.0683144
0.065081
0.0388738
1.55075
0.0843959
0.0757381
0.0373643
1.71587
0.0744658
0.0349689
0.0721707
0.0758341
0.0527072
0.0867573
0.0549716
0.0427819
0.0261713
0.127518
0.0399913
1.35998
0.0527309
0.0348714
0.0471148
0.0449971
0.0791376
0.0560988
1.56957
0.0573137
0.116889
0.0735884
0.0394898
0.0971507
0.0584272
0.0412711
0.048957
0.0261647
0.15442
0.045017
0.0683658
1.14408
0.531067
0.0214714
0.071972
0.0826452
0.0376169
0.0983555
0.0315208
0.047781
0.0348718
0.0615981
0.0620962
0.05764
2.74286
0.0927408
0.104323
0.073023
0.0560986
0.125416
0.0737053
0.0541107
0.0812049
0.0396858
1.79765
0.065994
0.0830023
0.0682223
0.0436453
0.0302319
0.140569
0.0603331
0.0297116
0.106965
0.0436266
0.060166
0.10161
0.0297149
0.0889325
0.0631931
0.0632131
0.045055
0.0915068
0.0909345
0.041908
0.0736859
0.113181
0.0596024
0.0986701
0.115386
0.0340602
0.082483
0.0652357
0.0188522
0.100805
0.0392986
0.0341558
0.0686168
0.0477246
0.0214643
0.0591055
0.500661
0.0894303
0.0968612
0.0679298
0.0365241
0.0454084
0.0623124
0.111313
0.0633437
0.513784
0.0507836
0.118767
0.0736321
0.028508
0.304715
0.112999
0.0570162
0.0916204
0.094283
0.0694764
0.0546339
0.0866895
0.111692
0.050134
0.0353554
0.0411001
0.113356
0.167939
0.0599495
1.81759
0.105079
0.048465
0.0395215
0.0363204
0.0364224
0.079639
0.0410319
0.0850699
0.0632957
0.0669016
0.0690076
0.0285063
0.799276
0.0552992
0.147005
0.0609182
0.690279
0.06252
0.062435
0.0464142
0.124288
0.0835193
0.100314
0.0506465
0.0631369
0.430368
0.0448626
0.116216
0.0495527
0.0304643
0.0197982
0.0799082
0.0377873
0.0763677
0.0705036
0.0734123
0.103575
3.21911
0.0792
0.0665137
0.043315
0.0516041
0.0505916
0.0412347
0.182571
0.0584518
0.0580674
0.0963306
0.0788589
0.10497
0.0609096
0.610175
0.0907453
0.0756784
0.0183158
0.0589829
0.0664478
0.0908679
0.0849109
0.0530276
0.0519951
0.0866141
0.0662384
0.0544001
0.102724
0.0859692
0.0483544
3.02461
0.0355026
0.1653
0.148588
0.0716893
0.0268117
0.055712
0.0258477
0.0847952
0.0716293
0.0987912
0.0364926
4.77654
0.077467
0.0728826
0.098019
0.045224
0.0877513
0.107139
0.0401864
0.0444478
0.0852911
0.101399
0.555263
0.0543809
0.0419841
0.0627889
0.0450714
0.0928961
0.111474
0.0656304
0.239228
0.0640467
0.0751635
0.0796638
0.0912349
0.0674098
0.0397679
0.113359
0.0431988
0.07731
0.0628069
0.124417
0.0689934
0.0342462
0.152946
0.0879494
0.0476173
0.0667632
0.0239182
0.0468885
0.0977783
0.107586
0.065779
3.05564
0.0433743
0.141763
0.061145
0.0515881
0.0595129
0.0776388
0.0411777
0.0671029
0.0346265
0.0550548
0.0473437
0.060877
0.594032
0.0386362
0.0649077
0.116401
0.104537
0.0448933
0.0839121
0.0533526
0.0731457
0.0962367
0.0490432
0.084318
0.11085
0.0943333
0.0425603
0.0939572
0.120595
0.0827801
0.0574976
0.0627246
0.0636047
0.0563838
0.0871061
0.0367816
0.0408602
0.12399
0.064754
0.0478358
0.0488992
0.0687127
0.0465581
0.140611
0.0810097
0.104064
0.0481276
0.0602326
0.0599495
0.0826677
0.08994
0.110001
1.19396
0.0492033
0.0698844
0.110932
0.0384173
0.0673605
0.0442668
0.054928
0.108889
0.0318832
0.0957226
0.0527947
0.0610503
0.0314048
0.369152
0.0973822
0.0660151
0.0921148
0.0386205
0.0251436
0.100487
0.0789336
0.0903837
0.0479405
0.108151
0.0459978
0.0466949
0.0239031
1.5665
0.0701319
0.077626
0.0494659
0.0588148
0.0494255
0.0453031
0.0716292
0.0889973
0.101405
0.037032
0.0520292
0.0247226
0.0284796
0.0445394
3.58937
0.0807635
0.138476
0.0351023
0.0999656
0.0606199
0.0918028
0.0580124
0.0602419
0.0333521
0.0666661
0.0335026
0.0501727
0.0629106
1.75996
0.117283
0.0871708
0.0893551
0.0440528
0.182953
0.118982
0.0976681
0.0755945
3.58224
0.0653376
0.080466
0.0493225
0.0339681
0.123124
0.0722415
0.0399237
0.0541899
0.0326309
0.0582344
0.0610381
0.113122
0.365864
0.0701027
0.104686
0.0687304
0.0444289
8.38679
0.0917549
0.044299
0.0612317
0.0812177
4.94578
0.055053
0.0719326
0.123541
2.76742
0.0642873
0.0233552
0.0389843
0.102536
0.0928596
0.0384502
0.0987771
0.0316214
0.0963524
0.0666875
0.0998316
0.0422578
0.041871
0.0399548
0.0934336
0.0555025
0.123493
0.0458811
0.0844139
0.0620411
0.0570793
0.116447
0.0878729
0.09897
0.0386328
0.0798717
0.12167
0.0355209
0.0422609
0.0881851
0.050864
0.0718007
0.736844
0.126889
0.0790079
0.0846683
0.0460148
0.057299
0.0825593
0.12487
0.0646493
0.0266748
0.0500131
0.064677
0.0501058
0.0616192
0.0793981
0.0780362
0.0920133
0.101981
0.14105
0.129513
0.0912383
0.0798696
0.0814919
0.0505496
0.0976634
0.073564
0.0342931
0.036951
0.554944
0.491566
0.0723207
0.0614714
0.205893
0.0425198
0.0922719
0.0463904
0.083376
0.0556137
0.0534823
0.0584398
0.0360959
0.0531004
0.033854
0.0848132
0.0276811
0.0516422
0.120611
0.106349
0.0727237
0.19158
0.0438777
0.051948
0.0669335
0.0557972
0.0473469
3.22297
0.0509883
0.0940438
0.0433704
0.105928
0.0490977
0.0349618
0.0672468
0.0609613
0.0864466
0.0369083
0.0758057
0.0905259
0.0792406
0.0447005
0.0719439
0.0768683
0.0648782
0.101698
0.0623218
0.050682
0.110788
0.0719023
0.0481122
0.0608087
0.0714357
0.0390184
0.0436978
0.0923274
0.0517431
0.115957
0.0855318
0.103152
0.0611557
0.078841
0.043695
0.0690629
0.0777216
0.112438
0.103397
0.0816811
0.0959879
3.09882
0.0485747
0.0872661
0.0347846
0.404149
0.143537
0.0321442
0.0308658
1.58666
0.0628199
0.0451249
0.0463738
0.0777905
0.0548599
0.0478514
0.0771846
0.0504098
0.0865235
0.0712948
0.0486727
0.0417187
0.0788268
2.10033
0.0507055
0.150487
0.0381368
0.0583621
0.627006
0.0540728
0.103148
0.157339
0.0552762
0.0291156
0.0463955
0.0744086
0.0948629
0.12625
0.046573
0.0742866
0.0343973
0.0635971
0.0648066
0.0742186
0.0493793
0.0497864
0.0621608
0.0835026
0.0514779
0.070961
0.0458747
0.0985288
0.0886419
0.0758124
0.0771863
0.0674214
0.0365287
0.0556239
0.0588959
1.62985
0.0415666
0.051047
0.0366196
0.0778283
0.0729254
0.0653956
0.0660304
0.0559605
0.0423211
0.0777662
0.927105
0.0761722
0.0382558
0.0449135
0.046457
0.0752795
0.0755934
0.488782
0.0665349
0.0545073
3.23089
0.0335228
0.0796099
4.01137
0.0671977
0.056737
0.105071
0.0996317
0.498823
0.0604129
0.05833
0.0609602
0.102669
0.0773693
0.0588835
0.029308
0.0670247
0.0428921
0.111655
0.0870072
0.0439774
0.0465871
0.0732145
0.0490422
0.0923806
0.0574545
0.0679214
0.0550694
0.098777
0.0841316
0.0380196
0.0456785
0.0429829
0.0683912
0.111777
0.0217897
0.0511907
0.181395
0.0796256
0.0877134
0.0765566
0.0287554
0.0797609
0.114219
0.0370046
0.0409059
0.0855014
0.0518213
0.0944013
0.0480572
0.0661596
0.0544354
0.0368034
0.0269165
0.0347127
0.0538804
1.65361
0.107029
0.11919
0.0714859
0.0686128
0.079567
0.0510136
0.0415434
0.6562
1.09685
0.0517829
0.0429594
0.0785818
0.0589853
1.44158
0.149461
0.0560472
0.087336
0.0567428
0.0680393
0.0681668
0.0403792
0.0712683
0.136167
0.064929
0.0573005
1.76233
0.0768835
0.0285063
0.0840351
0.054198
0.0505699
0.0187563
0.0579698
0.0540057
0.0653773
0.0544673
0.0881252
0.0378379
0.0643757
0.105624
0.0487435
0.0615276
0.122054
0.0576639
0.153296
0.0841124
0.0893771
0.070995
0.00610362
0.0986028
0.0403167
0.0872495
0.073078
0.0649138
0.0681948
0.0569185
0.0830316
0.0572915
0.0596887
0.0642674
0.0839442
2.82424
0.0959507
0.0717502
0.0596291
0.0411536
0.0784515
0.0441379
0.0788317
0.05379
0.041024
0.0674095
0.0359433
0.0801157
0.0611146
0.0541023
0.0464612
0.139104
0.0245761
0.0664648
0.105453
0.0343923
0.0521139
0.0666792
0.0816292
0.0413876
0.043793
0.0737182
0.0848986
0.0572726
0.183746
0.0602995
0.107825
0.0713768
0.0875832
0.0284362
0.058732
0.089879
0.0620499
0.106404
0.0971904
3.03549
0.0574283
0.0318178
0.0821857
0.0673083
2.00169
0.0668741
0.137317
0.0555877
0.0179225
0.0931407
0.0611788
0.0781704
0.120364
0.047776
0.062115
0.0732019
0.0775601
0.0664859
0.0556158
0.0480057
0.0555399
0.0840624
1.26787
0.0815398
0.056034
0.0795631
0.120349
0.0725913
0.0437146
0.0669118
0.0709109
0.0676425
0.0852406
0.0782017
0.0765413
0.0922592
0.0380983
0.0672675
0.0865687
0.0712698
0.0727409
0.0504555
0.090669
0.110631
0.0360904
0.0650471
0.0625559
0.0493093
0.0680792
0.0298042
0.111403
0.0594713
0.0580958
0.069824
0.0558774
0.100465
4.6741
0.790518
0.0310665
0.0349785
0.0623503
0.0796883
0.0762345
0.0570781
0.0480289
0.0934496
0.0291075
0.0467728
0.0370615
0.059079
0.108027
0.0746076
0.102755
0.0423462
0.0534148
0.0690028
0.0705012
0.0379758
0.0564365
0.033336
0.0802457
0.029577
0.0296866
0.0642784
0.0803988
0.0855946
0.057111
0.0315982
0.124994
0.0374233
0.0611251
0.0891891
0.08173
0.054066
0.155146
0.0214514
0.136079
0.124208
0.0551944
0.0282004
0.0624239
4.89781
0.0664737
0.120678
0.0867812
0.0860436
0.0670415
0.0329718
0.0646966
4.98831
0.0672196
0.0563973
0.046757
0.105221
0.21463
0.0481787
0.0599555
0.0590425
0.0514898
0.130643
0.0991042
0.0478551
0.130093
0.0445497
0.0778587
0.0564298
0.0819317
0.116345
0.121178
0.0722206
0.0373369
0.0545516
0.0565176
0.0469478
0.0671615
0.0434241
0.0948309
0.0783526
0.0680663
0.0657383
0.0779965
1.01796
0.112851
0.0607191
0.0630373
0.045146
0.0676989
0.0838122
0.0690738
0.0573142
0.166859
0.0723225
0.0668272
0.987977
0.100949
0.0607287
0.0438213
0.080587
0.143521
0.0583211
0.0386807
0.155756
0.0295435
0.0875545
0.366234
1.24298
0.0455068
0.105144
0.0540893
0.0581057
0.0556054
0.193727
0.0364279
0.0324936
0.0938736
0.110761
2.62454
0.0612335
0.0951729
0.0732511
0.0643316
0.0762086
0.0739868
0.0361405
0.066013
0.0571065
0.0701381
0.0396983
0.643614
0.0704625
0.053293
0.0672311
0.0680631
0.0226943
0.0394423
0.0652895
2.89002
0.126653
0.0771707
0.0477826
0.137803
0.051243
0.507819
0.0543348
0.0507078
0.0408892
0.066642
1.29493
0.0661695
0.0683615
0.0514212
0.0385884
0.0913817
0.0743471
0.037442
0.0644141
1.91475
0.0485762
0.0918442
0.126598
1.39133
0.0859628
0.0853466
3.23191
0.0564094
0.123966
0.0991673
0.0455972
0.0436692
0.0877364
0.109991
0.0511132
0.0922859
0.073416
0.0874519
0.0399932
0.0563409
0.0601984
0.11924
0.062545
0.0949572
0.0614903
0.0700593
0.0327599
0.0116539
0.0614032
0.0326405
0.261766
0.050625
0.0165317
3.49969
0.0989901
0.111441
0.048089
0.0916587
0.0440832
0.0616336
0.0667857
1.47164
0.0586692
0.0941776
0.042074
0.0489991
0.0525944
0.0782078
1.53805
0.0869997
0.0367551
0.0602006
0.0859231
0.0666586
0.0411896
0.0424404
0.10719
0.0872647
0.0307557
0.677052
0.0441069
0.0581662
0.0773956
0.0670425
4.96956
0.0356982
0.0778549
0.0347421
0.0278271
0.0815216
0.0725641
0.0693424
0.141405
0.0582986
0.0390642
0.0402415
0.111001
0.0708544
0.0592323
0.0709523
0.486178
0.0579702
0.14285
0.095538
0.0790318
0.0680419
0.1064
0.890093
0.0365506
0.029652
2.70805
0.113429
0.082949
0.118233
0.130605
0.068605
0.0806104
0.0447106
0.0527592
0.0720591
0.0918398
0.0675065
0.0284343
4.22946
0.0575467
0.0795051
0.0401831
0.0625281
0.081955
0.0408781
0.0832419
0.0397653
0.0381945
0.0507855
0.138865
0.0398944
0.0819531
0.0704213
0.0559776
0.0929808
0.0467211
0.0900907
0.0540191
0.114368
0.0628582
0.161306
0.070105
0.0769486
0.0638034
0.0645126
0.0951865
0.0617738
0.154104
0.0613387
0.0516934
0.0487006
0.0517613
0.0522562
0.035988
0.0977358
0.0417507
0.129672
0.0354773
0.0734663
0.111015
0.218342
0.144313
0.0761672
0.0594058
0.122445
0.110638
0.0676686
0.056525
0.0643239
0.129503
0.144689
0.0872816
0.0784942
0.0589607
0.0728022
0.052724
0.0508335
0.104153
0.123044
0.0780174
0.0432207
0.0678118
0.041438
0.509152
0.0498561
0.0574988
0.059567
0.0852527
0.0722836
0.0675454
0.103228
0.0861807
0.0830389
0.0421554
0.0911627
0.0610238
0.060948
0.0773887
0.0947202
0.124092
1.17546
0.0520136
0.110979
0.0443755
0.127947
0.0206581
0.0794064
0.0393591
0.106685
0.179974
0.043553
0.10807
0.0855678
0.0660436
0.0809231
0.0728265
0.0516797
0.046781
0.0744966
0.0685148
0.064504
0.0739221
0.0965607
0.0989789
1.66149
0.0795625
0.0613363
0.0744413
0.0819565
0.0910591
0.115655
6.30793
0.0908716
0.0798024
0.0795737
0.217234
0.0572781
0.0621482
0.0364535
0.0575291
0.107364
0.0766425
0.066283
0.0982772
0.059784
0.0613337
0.110529
0.120445
0.0897003
0.0488259
0.0509066
0.0597756
0.0492801
0.0453569
0.0589302
0.0561898
0.090705
0.0765689
0.966836
0.113581
0.0617723
0.0722994
0.0697695
0.158036
0.0558499
0.0147684
0.0566059
0.0479275
0.0672404
1.66734
0.0238967
0.0518335
0.0546813
0.0598859
0.0557668
0.0261508
0.0367394
0.0494298
0.0771943
0.0554387
0.125408
0.0840367
0.053346
0.104514
0.0794188
0.0497278
0.0422937
0.0516583
0.0892049
0.227507
0.0427324
0.115254
0.0580075
0.0873814
0.0832661
0.034262
0.0893421
0.109512
0.0441847
0.889758
0.058103
0.0400696
0.0698596
0.0694182
0.0889502
0.0535661
0.0657912
0.0689593
0.0679629
0.0891721
0.0390605
0.0419905
0.0482368
0.122698
0.0715554
0.0641064
0.0402574
0.0571724
0.0622761
0.0980037
0.0426998
0.0651176
0.0504452
0.0592271
0.122843
0.059738
0.0555219
0.0623829
0.155349
0.0962625
0.0597864
0.0754917
0.0420575
0.110267
0.0840443
0.0653993
0.0727264
1.42387
0.0438238
0.0716644
0.107152
0.0426666
0.0524733
0.042102
0.0790969
0.0446625
0.050001
0.0572096
0.0792971
0.0795562
0.0476669
1.08225
0.0755519
0.0879959
0.0358728
0.0168975
0.120712
0.0920961
0.0574704
0.0502834
0.0439459
0.114579
0.0808083
0.0881351
0.0429436
0.054871
0.049522
0.0597767
0.0867528
0.0631299
0.0589229
0.0638154
0.0515319
0.0572264
0.127904
0.0773519
0.206891
0.106666
0.0491576
0.072387
0.0557477
0.0372062
0.0575305
0.0791504
0.0625796
0.0500181
0.0607855
0.0986756
0.0511772
0.055915
0.0782881
0.055072
0.0804834
8.7692
0.0429291
0.112866
0.0602723
0.0666313
0.0564298
0.0537924
0.0880266
0.0486078
1.32969
0.0175649
0.0631784
0.0333553
0.0609268
0.0349904
0.0539819
0.0783603
0.040884
0.0698711
0.0865134
0.0538994
0.0205391
0.0541722
0.0760203
0.0584789
0.049969
0.0420511
0.0567079
3.50156
0.0847832
0.0967081
0.110896
0.0770489
0.0573317
0.0483157
0.0932231
0.0740806
0.043928
0.061742
0.120397
0.0704816
0.101059
0.0283634
0.176695
0.0814322
0.0604309
0.0451817
0.0555665
0.0513022
0.748862
0.0486109
0.092887
0.0689886
0.0987693
0.0923177
0.0500957
0.184193
7.17134
0.170739
0.0423733
0.059734
0.0417473
0.0686549
0.055146
0.0271938
0.0546511
0.0641239
0.0307115
0.124248
0.0666571
0.129614
0.0739048
0.0410625
0.0480772
0.0511401
1.05653
0.0580031
0.100437
0.0961042
0.0346301
0.0446958
0.0491694
0.0392936
0.103296
0.0513129
0.0655736
0.0740631
0.0701205
0.687072
0.0565504
0.0423995
0.0841267
0.103348
0.0992297
0.0540182
0.0716713
0.0278942
0.0884733
0.185219
0.0584634
0.0893174
0.0840039
0.0537882
0.0721981
0.124287
0.078489
0.041739
0.626802
0.0548446
0.0734985
0.0440148
0.0528331
0.0668344
0.0562075
0.0468288
0.0898355
0.0772962
0.027267
0.0681002
0.0350122
0.0753335
0.0833358
0.0505394
1.47157
0.0756649
0.111443
0.044129
0.0722757
0.027898
0.0222927
0.0534293
1.70974
0.0872525
0.0721176
0.158744
0.0880103
0.124823
0.0543328
0.064145
0.0434066
0.0634705
0.0936873
0.120666
0.0805535
0.0341352
0.0667
0.081804
0.0830122
0.0775264
0.060781
0.0810161
0.0446949
0.0669908
0.0329287
0.0308426
0.022572
0.0732021
0.106617
0.155252
0.0512855
0.060003
0.0872224
0.0591181
0.107993
0.07953
0.0374216
0.0464867
0.0899084
3.16481
0.0432815
0.0432771
0.0242905
0.153441
2.97063
0.0561394
0.0332792
0.0986684
0.0646314
0.0509464
0.0475595
4.58537
0.0354718
0.0764691
0.0474044
0.0400219
0.0329292
0.0600576
0.0490591
0.0388625
0.0950197
0.0978731
0.0769008
0.168123
0.0476628
0.0582253
0.061431
1.28061
0.0554227
0.100721
0.0296632
0.129537
0.11795
0.0570831
0.0822093
0.0735847
0.0394898
0.0712584
0.0929177
0.0540002
0.0515559
0.0358834
0.121742
0.123391
0.0470522
0.0856985
0.0315996
0.0403847
0.0488045
0.086628
0.0536384
0.0424713
0.0754213
0.118512
0.125331
0.114367
0.0662387
0.0745037
0.0709105
0.052387
0.0819537
0.0494671
0.0838316
0.048741
0.0917817
0.0972612
0.0669487
0.12256
0.0386303
0.104863
0.0270394
0.0570419
0.0513083
0.0691824
0.0916508
0.0671281
0.0671289
0.0759027
0.0646325
0.0458937
0.0495738
0.108803
0.037741
0.116711
0.0741396
0.0910636
0.0488611
0.0377224
0.0557234
0.0521957
0.12199
0.0582044
0.0535581
0.0804654
0.102771
0.632262
0.115136
0.0735764
0.0496665
0.0753385
0.0253268
0.0731528
0.0715887
0.0972897
0.0431201
0.0915465
0.0814821
0.086745
0.0464222
0.0874777
0.0514571
0.0600673
0.0498702
0.09092
0.0299225
0.0691712
0.0475915
0.117191
0.0324273
0.078592
0.0982627
0.0458166
0.0810776
0.0564531
0.109551
0.0902784
0.0726715
2.64677
0.104724
0.0836625
0.171716
0.0435875
0.0674376
0.0588392
0.0378476
0.060138
0.0787246
0.0547652
0.0979977
1.33629
0.0906723
0.162504
0.0758928
0.0659899
0.126289
0.0873884
0.0462553
0.0521962
0.076086
3.22093
0.0934896
0.123198
0.056836
0.0392873
0.0834368
0.0833824
0.0770723
0.0438791
0.0301273
0.0655498
0.045137
0.0820327
0.0770116
0.077474
0.0550692
0.0473874
0.0766534
0.0652081
0.0481471
0.0619843
0.116545
0.0806572
0.0608813
0.0330867
0.0363601
0.101464
0.120031
0.158043
0.0580348
0.186988
0.0996862
0.0754213
0.0409399
0.108606
0.0783339
0.106283
0.0560515
0.0468466
0.068098
0.0719901
0.073965
0.0765606
0.0723657
0.0874659
0.972969
0.0341872
0.0663366
0.04706
0.045818
0.0452526
0.0665069
0.13255
0.0504674
0.041562
0.06021
0.121714
0.034177
0.0518508
0.030318
0.0739468
0.0607447
0.0488392
0.0542944
0.0379285
0.029727
0.0978159
0.0820684
0.0761336
0.0580643
0.640727
0.0357545
0.0833574
1.2699
0.0836638
0.0582114
0.055688
0.0338674
0.0749323
0.0695083
0.0810382
0.0872498
0.761125
0.0711928
0.0725761
0.104623
0.116902
0.0605448
0.0448592
0.0970109
0.0696318
0.0264667
0.0546888
0.0698766
0.0789573
0.129665
0.0934263
0.0369337
0.0858644
0.0394847
0.0553257
0.0511106
0.0633041
0.0689854
0.0198726
0.177696
0.0603087
0.077697
0.0863158
0.0823786
0.048935
0.11196
0.914736
0.0338146
0.0795696
0.0621023
0.0753947
0.0663334
0.0398417
0.0426015
8.90893
0.0646922
0.0738924
0.0299897
0.132379
0.0461473
0.747354
0.0403222
0.0363162
0.0497305
0.0800294
0.0381025
0.0266139
0.0756093
0.0844723
0.0693199
0.0932449
0.0419226
0.0735369
0.0735615
0.103618
0.0824165
0.0268704
0.0927574
4.43163
0.0966338
6.4299
0.0990492
0.0916308
0.117266
0.0762627
0.0574125
0.0757509
0.0665151
0.0583425
0.0772811
0.0465045
0.0438814
0.0448392
0.0534141
0.193572
0.0557212
0.0489892
0.0941577
0.0416896
0.0467579
0.130684
0.078806
0.107491
0.104
1.23479
0.0785417
0.0675654
0.0826746
1.10941
0.0724763
0.0524676
0.154613
0.0568887
0.039659
0.0566886
0.079097
0.045035
0.0268405
0.100949
0.0402258
0.0608837
0.0421813
0.0711289
0.081883
0.0501496
0.129959
0.094837
0.113863
1.8901
0.0952944
0.0456007
0.0530177
0.0859595
0.0831042
0.0785183
0.04996
0.0589813
0.067309
0.0412873
0.0427074
0.0412164
0.109036
0.0350366
0.0983936
0.102717
0.0445161
0.150908
0.0622307
0.167843
0.073741
0.0591943
0.0811629
0.0215717
0.141557
0.0735199
0.0456761
0.0791904
0.0944563
0.0478959
0.0636087
0.0604215
0.0527321
0.126634
0.10757
0.0454933
0.534064
0.0356748
0.0660734
0.0753105
0.0802158
0.0399242
0.0547936
0.0357962
0.123877
0.0334812
0.120787
0.0820342
0.061116
0.0819416
0.0854311
0.0600782
0.0815826
0.0703606
0.0522687
0.0593294
1.57835
0.0977178
0.09761
0.104492
0.0733686
0.0409212
0.0636073
0.0620588
0.0601433
0.132474
0.0542327
0.0507057
0.0881528
0.0373397
0.0925911
0.0669928
0.083259
0.106181
0.0190394
0.0801228
0.0646319
0.0433313
0.0628954
0.0311784
0.0900651
0.126099
0.0336544
0.0608321
0.0764003
0.0511167
0.0395347
0.0437499
0.0684623
0.0261403
0.0846502
1.06077
0.0539382
0.0976074
0.0424587
0.0899867
0.0306146
0.092945
0.064872
0.0658086
0.0788166
0.0554604
0.0690258
0.0659078
0.0900475
0.0503771
0.0797605
0.0597472
1.23331
0.0658401
0.0219279
0.114164
0.0695029
0.065089
0.0922379
0.100815
0.097778
0.0300032
0.119282
0.0664006
0.143295
0.105871
0.0511346
0.102854
0.0646907
0.077154
1.14339
0.13215
0.0661887
0.0516612
0.0476941
0.0453486
0.0621128
0.0990496
0.0686832
0.0323653
0.0956604
0.114621
0.051649
0.034887
0.0738333
0.0752906
0.073579
0.125524
0.0920611
0.0958974
0.120653
0.0819361
0.0785898
0.0557425
0.0520998
0.0909096
0.118456
0.0458613
0.0560586
0.0535642
0.0913519
0.121197
0.0529407
0.0717143
0.0954764
1.53996
0.0911945
0.102802
0.0629442
0.108298
0.0563678
0.614318
0.0342579
0.0640291
0.120755
0.0777486
0.0496363
0.101698
0.0597224
0.0490017
0.626613
0.0520409
0.0550644
0.0738738
0.0958823
0.0487155
0.13928
0.0792269
0.0625779
0.0810659
0.105888
0.0411047
0.0914189
0.131942
0.0944052
0.0766351
2.73421
0.091984
0.0615166
0.074286
0.170229
0.0716073
0.950176
0.0553737
2.52778
0.0698138
0.0423827
0.0998454
0.044001
0.0499699
0.134333
0.0667102
0.130532
0.0882786
0.0823312
0.650379
0.0837065
0.052071
0.0436198
0.0782121
3.61693
0.0582707
0.0628303
0.0700883
0.0565947
0.14862
0.0318443
0.100948
0.0632849
0.0952516
1.07651
0.0766278
0.0654193
0.0434712
0.0469041
0.0828071
0.0327057
0.0491422
0.0375477
0.155949
0.0624628
0.093208
0.0493527
0.0729083
0.034925
0.073186
0.0807738
0.0561709
0.032867
0.0588669
0.0897378
0.0706035
0.0453275
0.0621611
0.0643895
0.0971541
0.0815237
0.0406443
0.163912
0.528315
0.0955258
0.0903338
0.0512193
0.0315513
0.0393024
0.0495612
0.0435335
0.0578655
0.106242
0.0311672
0.323742
0.0719884
0.203831
0.0693081
0.0759176
0.0560912
0.0381863
0.0634519
0.142396
0.0685426
0.0441831
0.0613595
0.0492129
0.0744032
0.130079
0.0918368
0.0283217
0.0469123
0.072161
0.0531982
0.0548601
0.0981583
0.0542253
0.0880244
0.0332708
0.076089
0.0978781
0.0401806
0.0727058
0.0587928
0.0590719
0.0986933
0.0797615
0.0499687
0.091158
0.0540647
0.0381795
0.0851816
0.0448375
0.0742601
0.0784645
0.111142
0.0514897
0.0671233
0.0533849
0.0486198
0.0425869
0.480914
0.0817175
0.073646
0.0634296
0.0431334
0.0393547
0.040256
0.0166031
0.105777
0.0795331
0.0669657
0.0688326
0.0630943
0.15464
0.0907549
0.0783879
4.38378
0.107264
0.143028
0.0711899
0.068607
0.0441253
0.0828282
0.0711607
0.0648251
0.0449537
0.0171526
0.067493
0.0619249
0.0917492
0.0631209
0.070217
0.0439486
0.0988205
0.0655303
0.0749224
0.156626
0.0270757
0.0674966
0.0865843
2.76442
0.0571257
0.0944923
0.0852179
0.0811064
0.103814
0.083823
1.7762
0.0436892
0.0470155
0.0692261
0.0508044
0.0280049
0.0999537
0.082759
0.0545987
0.0678482
0.0672532
0.103786
0.0879731
0.126068
0.0613042
0.0429102
0.0535904
0.0690739
0.0506484
0.0289808
0.0388253
0.09234
0.097126
0.0610615
0.0617423
0.0451771
0.0230741
0.0841935
2.02104
0.0891872
0.084268
0.0859962
0.0695377
0.0578254
0.0563039
0.0575138
0.065466
0.0484319
0.0736993
0.452994
0.0474684
0.0561366
0.10709
0.0778441
0.071252
0.121174
0.100712
0.0926578
0.117367
0.0548313
0.0433886
0.0367143
0.272825
0.0789655
0.0373327
0.094138
0.0513877
0.0801475
0.0530968
0.100301
0.0703818
0.0588019
0.139761
0.042871
0.0554887
0.0462234
0.0602291
0.11684
0.0764963
0.116616
0.112024
0.0864655
0.0603427
0.090629
0.0625448
0.0292313
0.0714486
0.0544321
0.0620199
0.0876454
0.126129
0.0956698
0.0625228
0.0814632
0.100894
0.18261
0.0584555
0.0351568
0.988956
0.0415198
0.0607844
0.0699999
0.0433843
0.0502576
0.0309345
0.0758151
0.102083
0.154952
0.0611493
0.080779
0.0359002
0.0542154
0.820392
0.103159
0.08027
0.142713
0.0685777
0.0516245
0.096185
0.04778
0.0609769
0.05136
0.0610283
0.0475695
0.0518615
0.158159
0.0749057
2.69105
0.255165
0.0536469
0.0754974
0.0895917
0.0767218
0.0899001
0.0967132
0.0601923
0.0920431
0.113086
0.0686572
0.0667704
0.0838286
0.0423437
0.026914
0.0484215
0.048824
0.0542224
0.0837035
0.063563
0.121217
0.0540261
0.0989874
0.0695036
0.0427045
0.04616
0.0393721
1.24535
0.0551156
0.109273
0.0392999
0.0640292
0.0823013
0.110284
0.0749115
0.126139
0.0279983
0.0573641
0.0508951
0.0481479
0.108009
0.0787867
0.106547
0.0688205
0.0535557
0.124501
0.102452
0.117203
0.0577343
0.0714858
0.0410318
0.103176
0.0216033
0.0799537
0.0492825
0.0974605
0.0561962
0.092963
0.0749629
0.0835181
0.0665662
0.0737969
0.141054
0.0649578
0.104845
0.0522799
0.0489362
0.0889768
0.120341
0.11247
0.0514646
0.0700347
0.0853356
0.0614848
0.11356
0.0850346
0.0784931
0.0702347
0.050711
0.317533
0.0704616
0.0633701
0.104176
0.0688226
0.0751354
0.0604994
0.0754278
0.0611813
0.065388
0.0778203
0.0639684
0.0486777
0.0313938
0.0445107
0.0699649
0.0767235
0.0254851
1.29124
0.0374791
0.076814
3.39319
0.0468458
0.0649225
0.0392893
0.110576
0.0764682
0.0708278
1.94344
0.138393
0.0110055
0.0374772
0.0230469
0.0444236
0.120248
0.0693607
0.0533194
0.0616448
0.0408055
0.0970766
0.0899491
0.0441721
0.0790223
0.0880692
1.46078
0.0520686
0.0802659
0.0821362
0.0482285
0.0734628
0.10396
0.0712368
0.0711872
0.0431865
0.071613
0.064796
0.0598705
0.108858
0.0691555
0.109876
0.0316505
0.0606133
0.0326798
0.0432063
0.0492435
0.0961267
0.0876236
0.0497828
0.0329226
0.035749
0.112912
0.0452856
0.0700983
0.0481939
0.0821636
0.133535
1.94545
0.0466365
0.0488033
0.0511578
0.0946902
0.0448758
0.0480256
0.105673
0.0532423
0.0966598
0.0529995
0.912283
0.0784003
0.0481151
0.0870302
0.0436165
0.0487476
0.0608482
0.133767
0.108426
0.100845
0.0919539
2.54608
0.0941968
0.18682
0.102412
0.081688
0.0926803
0.0604622
0.0961596
0.0507903
0.0502458
0.0550975
0.132336
0.0947935
0.0810807
0.0809673
0.0587827
0.133244
0.0665462
0.0772731
0.0777847
0.092187
0.0572122
0.0608089
0.0652833
0.0678099
0.0622872
0.0719009
0.0621157
0.0378499
0.0942392
0.493393
0.0477154
0.0431779
2.57918
0.0277086
0.0379723
0.0750607
0.0324049
0.0607403
0.0333768
0.0953382
0.0725853
0.0539602
0.0767941
0.133424
0.0770351
0.0917736
0.0869669
0.368394
0.0445476
1.40361
0.0515688
0.109451
0.0655512
0.0853883
0.0804255
0.10148
0.0389587
0.0902901
0.0333779
0.0650922
0.0672786
0.0617864
0.0619606
0.0429435
0.0746641
0.0660257
0.0467999
0.0584306
0.0709808
0.0231303
0.0701407
0.108069
0.0559901
0.0571671
0.133887
0.076943
0.0388694
0.0646914
0.115384
0.134079
0.0552271
0.101118
0.112489
0.0945059
0.0610437
0.0287293
0.0648404
0.0568356
0.0865853
0.0301868
0.0797845
0.0775746
0.045423
0.148915
0.0422438
0.0954898
0.474724
0.0503082
0.055694
0.0543874
0.0583667
0.134669
0.129164
0.0447713
0.0218472
0.867843
0.0509629
0.101994
0.0505657
0.0667096
0.0979591
0.0497453
0.0419636
0.0517989
0.0487047
0.127926
0.101642
0.0566087
0.0392148
0.0896936
0.0360757
0.0446019
0.0911893
0.431997
0.0548268
0.0615264
0.0636041
0.0791031
0.0531464
0.0970821
0.110807
0.0468128
0.0638198
0.055758
0.0755617
0.192827
0.034534
0.0748393
0.0770396
0.0567905
0.0596392
0.0696016
0.0828623
0.118247
0.0456822
0.036124
0.0965125
0.0581365
0.0705717
0.0765476
1.24031
0.101356
0.0622198
0.549369
0.0391161
0.0458431
0.0827441
0.103385
0.0343586
0.103354
1.13967
0.0448508
0.0244602
0.0746264
0.0783985
0.0783049
0.0459046
0.122785
0.0711202
0.054532
0.0616713
0.0404047
0.0799306
0.0835724
0.0769996
0.0840759
0.168707
0.0932638
0.0642379
0.0533503
0.0406465
0.0506804
0.109127
0.0856066
0.0421657
0.0650506
0.0668719
0.0546353
0.0466444
1.56293
0.126271
0.0683955
0.0573117
0.107074
0.114063
0.0521065
1.44279
0.072561
0.0887146
0.0483747
0.0358859
0.0629919
0.0609706
0.0855128
0.0673109
0.0383594
0.0880849
0.0817309
0.046142
0.103478
0.115835
0.143149
0.112195
0.0387256
0.0692858
0.713031
0.113498
0.08131
0.0910352
0.114093
0.0863062
0.0484878
3.15645
0.0606034
0.0538319
0.0791365
0.100798
0.0609362
0.0341511
0.0480216
0.0621407
0.0460247
0.0773772
0.0733836
0.0807356
0.0619661
0.093534
0.0636915
0.0818404
0.0580757
0.0746857
0.0744497
0.100709
0.0836316
0.0891846
0.136204
0.0852502
0.166027
0.0554383
0.0599293
0.0644339
0.0478993
0.0373196
0.0353231
0.129076
0.0945363
0.0464217
0.0480301
0.0600162
0.134813
0.0910035
0.0713947
0.0551095
0.0445756
0.0494719
1.03101
0.123085
0.0447817
0.0570515
0.045173
0.0714446
0.105017
0.0588731
0.13586
0.0876541
0.944466
0.0499799
0.121223
1.63655
0.0514052
0.0633838
0.122795
0.0364707
0.0650725
0.0732572
0.0917889
0.0664141
0.0376696
1.31597
0.0669484
0.718587
1.13407
0.0709466
0.0600167
0.0353554
0.0312684
0.0941649
0.0715869
0.0578532
0.126688
0.109733
0.0687434
0.0559033
0.0541178
7.19545
0.0681314
0.0710406
0.0549911
0.0694445
0.0826859
0.0591676
0.0433488
0.0388829
0.0892367
0.0673454
0.0415688
0.0663712
0.0947334
0.070882
0.0753184
0.048489
0.104029
0.120935
0.0519639
0.082705
0.091538
0.0595137
0.0424749
0.0314288
0.0742071
0.0556092
0.0534308
1.36096
0.110726
0.0707263
0.0491033
0.0783312
0.0875322
0.0950603
0.0617788
0.0643322
0.0837644
0.0502155
0.0622582
0.0334887
0.0642246
0.0563454
0.0650515
0.063996
0.103271
0.0496599
0.0394149
0.0574447
0.19174
0.0514381
0.0724765
0.0752304
0.0618046
0.0515874
0.953639
0.0840077
0.127142
0.0566649
0.103815
0.0769365
0.0657169
0.0696551
0.0775334
0.0321232
0.0748253
0.0684618
0.109911
0.0365516
0.0542662
0.110195
0.0246518
0.0608705
0.0611713
0.0788963
0.0992923
0.0648812
0.0868293
0.0523137
0.095381
0.611679
0.066105
0.0749601
0.034682
0.0887476
0.0965328
0.0302505
0.0695384
0.092797
0.0642105
0.0550233
0.0468059
0.0745061
0.0340131
0.0422224
0.0559705
0.0562553
0.0555688
0.0404092
0.3996
0.0448834
0.15122
0.102191
0.0617689
0.0369422
0.036433
0.0326962
0.0827397
0.103451
0.0356205
0.0458427
0.0791792
0.0399881
0.0486297
0.0462797
0.0910285
0.117058
0.0542427
0.104052
0.115869
0.0427223
0.040205
0.0630285
0.0803739
1.32757
0.0873278
0.0529194
0.0753335
0.0696335
0.0681227
0.0744115
0.12049
0.0871572
0.0780104
0.0475786
0.0405744
0.108883
0.0656264
0.0990478
0.0897691
0.0927498
0.759423
0.0557411
0.0653929
0.0796606
0.0628327
0.0900745
0.0521851
0.0880454
0.0340252
0.0488356
0.0388963
0.041732
0.0626877
1.90438
0.082461
0.0580865
0.0619748
0.0931197
0.0700855
0.0758037
0.0881749
0.0892356
0.827915
0.0314396
0.0622152
0.0410404
0.0899249
0.0776247
0.0410244
0.097353
0.0661804
0.0955432
0.0915976
0.0833552
0.0631792
0.0813442
0.0496391
1.88072
0.0689866
0.109288
0.0744931
0.09867
0.0534474
0.0880379
0.0750179
0.106915
0.0851788
4.74981
0.0502012
0.129259
2.99016
0.0479668
0.136468
0.0297366
0.0555514
0.03723
0.0473867
0.0576402
0.0546391
0.0742096
0.0628827
0.0726111
0.0704276
0.116729
0.0601196
0.066708
2.5825
0.0931365
0.0831903
0.0666115
0.114961
0.104913
0.0750545
0.0688908
0.0552385
0.0739771
0.0662312
0.067145
0.0593651
0.045645
0.0692579
0.0867423
0.0456412
0.045056
0.0585531
0.0665257
0.0802932
0.0940716
0.0631505
0.0625485
0.0803504
0.0510726
0.154357
0.0437302
0.073476
0.0317962
0.024336
0.0911996
0.0685649
0.0636922
0.043415
0.0618313
0.139016
0.0529248
0.0528315
2.89841
0.0331064
0.0537761
0.072224
0.116388
0.0824837
0.080274
0.0712341
0.0380776
0.0858053
0.125349
0.111921
0.109314
0.0716385
0.0534483
0.454365
0.118124
0.0576099
0.0828703
0.0502171
0.0571682
0.0504507
0.0563814
0.0406924
0.0817734
0.0794478
0.13957
0.0648513
0.740727
0.0467761
0.0484839
0.0742091
0.151506
0.0688729
0.0691838
0.0384486
0.107246
0.0800326
0.316028
0.0926283
0.0241091
0.0567353
0.077436
0.0777979
0.0573757
0.184837
0.0569508
0.0379654
0.0824769
0.0495434
0.115248
0.053701
0.110097
0.0531419
0.0770036
0.134044
0.0562781
0.060884
0.0407063
0.072993
0.0568018
0.0316707
0.0718467
1.03624
0.0774984
0.0975904
0.0974974
0.035687
0.103355
0.697931
0.0485369
0.034608
0.0952986
0.108421
0.0584438
0.056462
0.0922476
0.0744153
0.219143
0.0810382
0.078477
0.0694706
0.508165
0.0543288
0.0745971
0.459107
0.0802617
0.0751989
0.0463301
0.0846864
0.0646349
0.0353796
0.021415
0.101359
0.102142
0.0879266
0.0397815
0.531304
0.0441065
0.0432377
0.0597169
0.0773512
0.113495
2.08256
0.057215
0.126481
0.140232
0.0926221
0.104672
0.057787
0.0834871
0.0739268
0.118765
0.0617535
0.0540978
0.0832148
0.0831988
8.22502
0.127983
0.0222818
0.0539573
0.38871
0.170709
0.0906187
0.117894
0.035562
0.0653158
0.0475452
0.0301734
0.0583463
0.100189
4.70528
0.0615288
0.0681106
0.0570665
0.0531181
0.0412013
0.0938417
0.0516537
0.0322475
0.0636423
0.0657819
0.0997908
0.0379058
0.0690916
0.0640685
0.0535298
0.072158
0.0376319
0.108531
0.0634588
0.0459602
0.0337322
0.0697241
0.13941
0.100989
0.0515169
0.054714
0.173201
0.0871148
0.0225407
0.0992667
0.0299097
0.145374
0.0430703
0.0529576
0.054349
0.0870495
0.0266814
0.0344926
0.0424021
0.0904745
0.0570922
0.0520612
0.0425713
0.0183582
0.0833851
0.0380708
0.114527
0.0777128
0.112779
0.112697
0.103152
0.100215
0.0494481
0.0764614
0.0282597
0.125068
0.199006
0.0622657
0.0531163
0.0812383
0.102626
1.02396
0.107579
0.0290035
0.0610871
0.0363118
0.050838
0.0711006
0.114513
0.051011
0.0561947
3.88255
0.0773244
0.0792541
0.109382
0.0333447
0.0584126
0.0546901
0.0275917
0.0376278
0.107534
0.0430911
0.134416
0.0753708
0.0591967
0.151987
0.087335
0.0297174
0.0963726
0.056832
0.0421117
0.0740112
0.106594
0.0549213
0.0790042
0.0800811
0.0613426
0.0679863
0.775796
0.0678192
0.145539
0.0380916
0.0671246
0.0678852
0.060651
0.0243649
0.0939948
0.216184
0.147561
0.0821954
0.113055
0.0380152
0.0803835
0.034911
0.0250325
0.0661972
0.0792127
0.0778349
0.0473525
0.0464006
0.076978
0.121762
0.0484056
0.0537419
0.0633632
0.1332
0.194252
0.0732305
0.0964667
0.0360191
0.103955
0.101943
0.0375909
0.0903267
0.0399347
0.0805004
0.0815194
0.053354
6.00922
0.0317826
0.0829519
0.0453974
0.0614729
0.0805255
0.0882346
0.0722918
0.15771
0.0596889
0.035767
0.0617543
0.148008
0.0899345
0.0687298
0.146302
0.0446547
0.059136
0.0430489
0.0574828
0.029621
0.0482308
0.129378
0.142698
0.0945217
0.0690838
0.0437968
0.125109
0.101423
0.0271295
0.0337843
0.0517103
0.115078
0.0904141
0.0540342
0.0528166
0.0675668
0.724692
0.028968
0.103452
1.97659
1.7431
0.0198994
0.0934767
0.058465
0.674577
0.897717
0.0799774
0.0595413
0.0768047
0.0768104
0.0610234
0.0899791
0.0689688
0.0292683
0.0269508
0.047875
0.118301
0.0551665
0.0409612
0.0567104
0.135979
0.11805
0.0702976
0.0901401
0.144768
0.0567507
0.0580643
0.0561763
0.0665131
0.130124
0.42437
0.0737937
0.0760478
0.0579224
0.0914146
0.568606
0.0835636
0.080441
0.0797463
0.876288
0.0674477
0.0223253
0.0780182
0.0676011
0.065749
0.047419
1.83707
0.0755937
0.0530168
0.04663
3.48559
0.0283889
0.0280877
0.041194
0.138
0.0783185
0.0529867
0.0716895
0.0941138
0.0907072
0.0517395
0.0548517
0.102332
0.0706226
0.12889
0.0471162
0.0687769
0.0579633
0.0516557
0.0485043
0.0834789
0.0763328
0.0671116
0.0605234
0.141845
0.067324
0.100137
0.094952
0.0774032
0.104227
0.0350705
0.0261834
0.0403753
0.0583414
0.101435
0.080738
0.0905556
0.0578729
0.0663845
0.0442194
0.0384241
0.0556168
0.061862
0.0751088
0.0528314
0.104302
0.0738315
0.110389
0.0736651
0.100029
0.0930112
0.180559
0.0906655
0.0420456
0.562106
0.112913
0.0729608
0.0408273
0.0666302
0.108765
0.0530109
0.0700633
0.108197
0.0656234
0.0742482
0.107598
0.0951776
0.0422234
0.042432
0.0732996
0.054316
2.24637
0.0271562
0.0636996
0.110083
0.0762852
0.530372
0.0522303
0.0856314
0.0705689
0.0708348
0.0832495
0.0280165
0.0356888
0.102626
0.0600403
0.0365605
0.0655687
0.0631951
0.0428035
0.0860685
0.0930886
0.0419327
0.0802004
0.0817186
0.0910439
0.0580127
0.901224
0.0707667
0.223597
0.0582171
0.0669168
0.0530388
0.0873838
0.13269
0.0865905
0.0460895
0.726781
0.0420358
0.0442297
0.0673107
0.0947593
0.0298761
0.0914002
0.0705208
0.0826906
0.0886107
0.10208
0.0965717
0.087407
0.108058
0.0899812
0.0505463
0.0421762
0.0390727
0.0724513
1.38402
0.0486763
0.0712893
0.0562701
0.0671096
0.14677
0.0825196
0.0312828
0.0345434
0.0931606
0.0649378
0.0657983
0.0604406
0.0378833
0.044218
0.0807931
0.137227
0.0546497
0.0907554
0.0833698
0.082118
0.0525208
0.100596
0.059055
0.069471
0.110307
0.089789
0.220777
0.0777698
0.0565566
0.0553628
0.0374907
0.109827
0.0321388
0.10199
0.0430834
0.0619536
0.0991572
0.063623
0.0716055
0.0694769
0.0650499
0.0459513
0.0287973
0.0648569
0.0717535
0.0477122
0.0590713
0.0910674
0.0597705
0.0872764
0.0860962
0.0581877
0.0830427
0.0887078
0.125539
0.0390945
0.0379826
0.0276182
0.123582
0.0942167
0.112296
0.10034
0.0666495
0.0879877
0.0758383
0.0653481
0.0579718
0.0782867
0.0422086
0.0945339
0.0939304
0.0867208
0.164631
0.10051
0.0388158
0.112484
0.12298
0.035561
0.0489278
0.0459528
0.0314985
0.0601062
0.0704008
0.057067
0.0684613
0.0486214
0.0837098
0.0570536
0.0693526
0.0881365
0.0554734
0.0681105
0.0683462
0.106412
0.0754704
0.126751
0.072734
0.136339
0.107991
0.0772955
0.158835
0.0698839
6.34352
0.0747139
0.0899021
0.0602242
0.100006
0.0803968
0.0398489
0.063309
0.111376
0.0652951
0.0697141
0.147759
0.0414882
0.0502543
0.0566222
0.0572108
0.0682771
0.0695062
0.0436197
0.0785646
0.927278
0.0600299
0.0810575
0.034761
1.95765
0.0412611
0.107764
0.0344369
0.0638901
0.0682695
0.113194
0.0703026
0.0506169
0.0748218
0.0623248
0.0525446
0.0515352
0.0891563
0.0643983
0.0663265
0.0830066
0.0326323
0.0410476
0.0859163
0.0739675
0.130614
0.0642103
0.0924577
0.0960601
0.0361625
0.0318775
0.07802
0.12217
0.0294763
0.0541743
0.0584439
0.0873693
0.0540887
0.0362497
0.0761876
0.0625943
0.080966
0.129478
0.0376259
0.0636206
0.050102
0.0969346
0.0799948
0.0919146
0.529183
0.120723
0.0531144
1.28766
0.107572
0.0646685
0.0745899
0.0961229
0.0770642
0.0798576
0.0876843
0.0527696
0.0790933
0.0531006
0.072005
0.0787355
0.0911205
0.0736134
0.0259441
0.0958405
0.0697156
0.0677829
0.0623421
0.0557795
0.151859
0.803955
0.0980662
0.106371
0.0725925
0.0684458
0.0728948
0.0467459
0.683548
0.0450594
0.109915
0.132006
1.07812
0.0870293
0.0629622
0.101509
0.122318
0.117384
0.070766
0.048462
0.0348253
0.155568
0.0934551
0.0203804
0.0356209
0.0807097
0.0811628
0.0848704
0.0554643
0.116008
0.116262
0.0203621
0.0781304
0.0575967
0.0666173
0.0596558
0.0582568
0.0717277
0.0695589
0.0638271
0.0761626
0.0867694
0.071225
0.0639637
0.108594
0.108923
0.0919872
0.0552098
0.161691
0.186042
0.0237477
0.049495
0.0513506
0.0902438
0.0527307
0.0508002
0.0821101
0.0732971
0.0558696
0.0617493
0.0492474
0.113929
0.0751509
0.065884
0.0666671
0.0490063
0.0605044
0.0329935
0.0578442
0.0442768
0.0175228
1.77689
0.117758
0.0708259
0.166849
0.0849983
0.523679
1.44644
0.0424987
0.0583046
0.0619383
0.0361258
0.0685372
0.0693232
0.898719
0.0983627
0.0159042
0.077043
0.128743
0.10119
0.0344721
0.187388
0.0843123
0.0774366
0.0999163
0.0650153
0.0935415
0.0597631
0.113413
0.0501152
0.0845144
0.0348326
0.0740423
0.0651744
0.0939036
0.0875003
0.0605352
0.0504087
0.051105
0.0470212
0.0273513
0.0503423
0.0959592
0.107658
0.0490721
0.0789218
0.0880957
0.0469544
0.128192
0.0594578
0.0944945
0.060529
0.0539885
0.884951
0.0410562
0.0785293
0.117098
0.0919721
0.0403446
0.0524469
0.075049
0.106366
0.0407012
0.0913934
1.33805
0.101802
0.0773855
0.165984
0.0410407
0.0949442
0.0578201
0.19795
0.138195
0.0831234
0.0753396
0.16236
0.141787
0.0898757
0.0464173
0.0855201
0.0915533
0.0593412
0.0454439
0.0728221
0.0619047
0.0948071
0.0211996
0.114645
0.0790174
0.116748
0.0840554
0.865939
0.0591795
0.0417754
2.43651
0.0888887
0.0854745
0.0689439
0.106086
0.0951085
0.0769154
0.0592012
0.135771
0.0703965
0.1029
0.0657781
0.056054
0.0858678
0.10755
0.105851
0.0385896
0.179764
0.060767
0.079304
0.082748
0.123771
0.0850841
0.0501265
0.0701282
0.0884161
0.0684364
0.0935739
0.092948
0.0483421
0.0819183
0.0961423
0.0561434
0.067812
0.0480188
0.0494048
0.0925595
0.0773475
0.047129
0.117951
0.133413
0.0667782
0.0567558
0.0517115
0.0588847
0.0734667
1.58699
0.0514683
0.110284
0.112622
0.0349918
0.0332775
0.0246648
0.0546929
0.0590356
0.134832
0.0625807
0.0929824
0.10839
0.053613
0.0475814
0.115818
0.0812595
0.0429012
0.101811
3.52542
0.0893109
0.0650426
0.0976363
0.0615727
0.0411508
0.0742573
0.0939545
0.0898085
0.055847
0.100207
0.0967717
0.0729689
0.0431879
0.0742757
0.0910867
0.0765668
0.147086
0.0524201
0.831621
0.0449802
0.0714892
0.0532821
0.0499263
0.0462999
0.0885624
0.0467912
0.0595979
0.0749526
0.0609289
0.0818092
0.0540371
0.102413
0.0644194
0.0567135
0.0656578
0.14983
0.136287
0.0696539
0.0632173
0.0681912
0.0454387
0.0294391
0.142604
0.0803604
0.109027
0.0840651
0.0604128
0.0783062
0.103537
0.0520423
0.062714
0.0829012
0.0592546
0.0760227
0.0502327
0.0511537
0.0586195
0.0739457
0.0502516
0.0449222
0.277378
0.040981
0.120181
0.449211
0.0597556
0.118355
0.0617976
0.0833101
0.122826
0.0841077
0.0568663
0.0919241
0.0285344
0.11902
1.52752
0.0814655
0.0533768
0.0494494
0.0764855
0.0589641
0.067195
0.0630363
0.056035
0.0939905
0.0676978
0.0983129
0.0665267
0.118977
0.0499739
0.0497766
0.0462522
0.0687219
0.0527432
0.121405
0.0690405
0.257382
0.0492596
0.0802576
0.0617196
0.0781513
0.072181
0.0500316
0.0335121
0.0517773
0.0566669
0.068042
0.14338
0.0625345
0.0642657
0.0707392
0.0806199
0.0941896
0.0759068
0.110218
0.0327054
0.0753114
0.159218
0.0792526
0.125956
0.0556056
0.196501
0.0717162
0.0372831
0.0487941
0.0429746
0.0869377
0.0371111
0.0432959
0.531837
0.118715
0.087028
0.0364298
0.0534207
0.0941656
0.0354426
0.10457
0.200484
0.0403127
0.0622288
0.0575131
0.0342368
0.0444014
0.772162
0.0678046
0.0712771
0.941281
0.0880475
0.0391595
0.0800062
0.0860763
0.0600367
0.0430356
0.0339047
0.0995345
0.0496408
0.0443788
0.0724526
0.0564419
0.0603614
0.14055
0.0362727
0.069659
0.110469
0.0170876
0.0846373
0.0407105
0.0668219
1.35092
0.0622874
0.0690688
0.0868021
0.802067
0.0728218
0.0796543
0.13777
0.0697492
0.113648
0.0792998
0.0586305
1.98721
0.0739401
0.0428416
0.0894514
0.0528049
0.0542828
0.120968
0.114583
1.96783
0.165684
0.0951838
0.0494284
0.0470205
0.091554
0.0620006
0.0648257
0.0747635
0.0639173
0.12692
0.0343293
0.0498745
0.0837454
0.0726956
0.0353473
0.0486504
0.0717669
0.0293598
0.117104
0.0666034
0.0943408
0.0380367
0.0550352
0.0340119
0.152643
0.0659271
0.0500014
0.11507
1.6591
1.04364
0.0689633
0.0417848
0.0570952
0.0663092
0.17781
0.0610693
0.945379
0.150746
0.0456505
0.0701877
0.0918417
0.0616067
0.107407
0.109917
0.147503
0.0714436
0.0914315
0.0782562
0.0751136
0.0561313
0.0591794
0.0691053
0.0655964
0.0461699
0.0663482
0.11638
0.0787895
0.0563502
0.0614519
0.107168
0.153142
0.102224
0.0229211
0.0784819
0.0431486
0.0533698
0.114912
0.087762
0.0401943
0.172767
0.0976314
0.0367594
2.49625
0.033757
0.0400819
0.0827441
0.0743559
0.120134
0.0476082
0.102272
0.0596894
0.0931956
0.0664312
0.628105
0.0840767
0.0578106
0.0424441
0.12156
0.0611867
0.0979135
0.108139
0.0405722
0.0947399
0.111159
0.163456
0.047452
0.0562914
0.0569625
0.102594
0.0675685
0.0784296
0.0545016
0.0313686
0.0432685
0.0566151
0.161502
0.134724
0.0435593
0.169671
0.0766192
0.074265
0.0873274
0.0411969
0.10998
0.0476958
0.580165
0.0814982
0.0575633
0.0773196
0.069035
0.0559093
0.0835369
0.064269
0.0384428
0.0812569
0.0401197
0.063987
0.047396
0.0888649
0.0521147
0.0581713
0.0596047
0.106594
0.0227618
0.0473291
0.0839022
0.0858534
0.0542924
0.0856255
0.0576513
0.0510495
0.0607759
0.0575044
0.0903642
0.0489012
0.0775725
0.32391
0.0997795
0.0440535
0.0847058
0.052515
0.073886
0.0341598
0.0907637
0.0892485
0.0296994
0.113977
0.0305601
0.0752185
0.0310423
0.0492612
0.095864
0.0726573
0.0794245
0.0773633
0.0718176
0.0623084
0.0405829
0.0573657
0.0769607
0.0505773
0.0459607
0.0699476
0.0754225
0.0509996
0.0721361
0.0867865
0.077325
0.070332
0.0978241
0.162258
0.0975872
0.163516
0.115111
0.0350301
0.0665596
0.0313097
0.0856041
0.0531766
0.0725143
0.039359
0.0705948
0.0957204
0.0740255
0.0357246
0.0552516
0.0302497
0.0268021
0.045575
0.0454556
0.0618926
0.0572989
0.0550435
0.0771752
0.0419554
0.096003
0.0510903
0.1039
0.0984924
0.0481338
0.0547738
0.0679763
0.0415361
0.103272
0.053043
0.0584269
0.0853703
0.0351218
0.147505
0.0306947
0.0564692
0.0709557
0.0711188
0.0591375
0.0262904
0.0332057
0.0442057
0.0320642
0.0563979
0.0339788
0.086684
0.078609
0.101264
0.0345845
0.0547654
0.0593292
0.0434687
0.0252999
0.0586208
0.0683081
0.0561599
0.0646183
0.0574715
0.0395666
0.0613948
0.0244556
0.0668271
0.0752132
0.0954624
0.0953868
0.0733508
0.0752106
0.0317609
0.0804855
0.0866164
0.0902454
0.0737528
0.0645552
0.0658834
0.0474981
0.869809
0.0791883
0.103424
0.0537193
0.126469
0.0373694
0.0443513
0.0585516
0.121633
0.0500674
0.128431
0.0762355
0.02724
0.0807491
0.090408
0.055636
0.0865388
0.0383754
0.0701346
0.0699738
0.0579176
0.0358209
0.100766
0.0329368
0.13439
0.0629805
0.0472613
0.0756649
0.166381
0.0920063
0.0514353
0.0600107
0.0524367
0.0389109
0.116641
0.0729342
0.0717015
0.0626255
0.0646225
0.0828117
0.0360763
0.0932604
0.0700413
0.0433413
0.0834458
0.0569221
0.15453
0.0907298
0.0454241
0.0951349
0.176334
0.10939
0.0694906
0.0315396
0.0745693
0.0986942
0.0675387
0.103855
0.0957094
0.0539101
0.0286443
0.064878
1.0126
0.131798
0.0704926
0.0672917
0.0564757
0.0435469
0.0567302
0.0657512
0.0626611
0.0857976
0.0834955
5.09709
0.0793126
0.0882111
0.0548263
0.0485731
0.0761563
0.0496345
0.0709425
0.0815822
0.0672074
0.0687317
0.0810323
0.0762424
0.130911
0.0625152
0.0557398
0.0427023
0.0695902
0.0320342
0.0698313
0.0891912
0.0645448
0.0778114
0.0803011
0.0588882
0.0846402
0.0406958
0.0831821
0.121328
0.0439369
0.116012
0.0348481
0.0397423
0.0477073
0.0675406
0.069988
0.123251
0.0926969
0.0372751
1.22757
0.0773695
0.0821949
0.726021
0.0608405
0.0787894
0.0585882
0.127814
0.0477115
0.648091
0.0363595
0.0424822
0.0521618
1.12625
0.0611233
0.0720401
0.0608386
0.0425636
0.1133
0.0486505
0.0416321
0.063646
0.0957176
0.270275
0.0743727
0.0486402
0.0903577
0.0615356
0.135473
0.0465516
0.088551
0.0751248
0.0952553
0.0585817
0.0750981
0.0610935
0.0612991
0.0849514
0.0709563
0.0964374
0.0745411
0.0791059
0.0481337
0.0589906
0.0757947
0.0251734
0.038799
2.00176
0.0525281
0.0542184
0.0346504
0.137166
0.0445732
0.0496257
0.0985934
0.0213991
0.0561263
0.0403046
0.0671097
0.0894709
0.0766249
0.0702045
4.28016
0.0799284
0.0680949
0.949149
0.113983
0.0718566
0.0701468
0.108624
0.0697287
0.100275
0.0554065
0.0777419
0.0809049
0.0905052
0.119064
0.128159
0.0569392
0.0984363
0.07788
0.179195
0.0928367
0.0412685
0.244263
0.106195
0.0169214
0.140765
0.0724643
0.0502861
0.0874195
0.094758
0.0480016
0.169749
0.916545
0.0362788
0.0678821
0.107033
0.0934998
0.0736838
0.0534867
0.0442668
1.03939
0.0884766
0.0442683
0.0636058
0.0419362
0.0906241
0.495785
0.0563848
0.0447282
0.103151
0.14823
0.0496216
0.0782638
0.0676147
2.73034
0.0823081
0.915655
0.0929758
0.0327033
0.0699814
0.13476
0.0827524
0.0384237
0.0602654
0.0748526
0.0621793
0.0543187
0.0757222
0.327356
0.0858432
0.040974
0.0698955
0.0512153
0.185227
0.0582334
0.0794398
0.144969
0.0583276
0.0634583
0.083903
0.0709691
0.0403085
0.118287
0.0709774
0.0639166
0.0784708
0.0715404
0.0454211
0.0340783
0.0878219
0.0711246
0.0455762
9.25624
0.0714543
0.118763
0.475553
0.135418
0.0397978
0.0385154
0.0775534
0.0927323
0.0559627
0.0305992
0.0478939
0.0402285
0.0908159
0.0807791
0.0549138
0.141323
0.103458
0.0797904
0.0582665
0.0488631
0.0292222
0.158169
0.079697
0.0473401
0.049064
0.0819388
0.0651665
0.0815712
0.0287106
0.0655794
0.092808
0.0932096
0.0762662
0.0739696
0.0341648
0.0923559
0.145834
0.091131
0.0701412
0.0515888
0.0724743
0.0503648
0.155784
0.0494168
0.0580564
0.0987232
0.154342
0.0617283
0.125606
0.0628846
0.0428677
0.0430249
0.117004
0.098008
0.0687593
0.0919201
0.0609539
6.43238
0.0733013
0.0655165
0.057404
0.0588898
0.0692906
0.0614162
0.0459987
0.0894481
0.042405
0.0586297
0.0774437
0.0501586
0.0927184
2.75161
0.0457326
0.0656052
0.0742889
0.0789717
0.0911119
0.0859462
0.0622953
0.0642202
0.0459395
0.114452
0.0411756
0.0849202
0.0477484
0.0840963
0.0786024
0.075542
0.054033
0.0591804
0.154142
4.66054
0.0507395
0.0765002
0.0327791
0.0572912
0.0791016
0.0412926
0.0661269
0.101738
0.0536754
2.49729
0.104579
0.0731564
0.114302
0.0814277
0.0934237
0.108603
0.0839712
0.0580407
0.0596273
0.053827
1.34339
0.0460445
0.0453916
0.0669145
0.0638049
0.0911088
1.40819
0.114403
0.0387657
0.10544
0.0562548
0.05063
0.119151
0.0453923
0.0879589
0.0530185
0.107179
0.129562
0.0899265
0.0658373
0.0314562
0.0409276
0.079233
0.0934232
0.0750398
0.12073
0.0442621
0.0642308
0.0613983
0.0667117
0.102298
0.0808353
0.0502292
0.0787864
0.0967945
0.075602
0.0761217
0.108647
0.0730119
0.0725946
1.51818
0.0401899
0.0399261
0.0735617
0.054463
0.0837801
0.222455
0.0926067
0.0575743
0.0677301
0.103927
0.0445625
0.0600095
0.0852729
0.0968239
0.0618398
0.0649994
0.0815076
0.0587929
0.0568493
0.0962463
0.0476474
0.0606107
0.0620755
0.0799225
0.0654759
0.131257
0.0851466
0.0920643
0.0641779
0.0488771
0.0807036
0.0448543
0.0414206
0.0480367
0.0399261
0.0651871
0.042459
0.0317789
0.0659153
0.142428
0.0377853
0.432269
0.061987
0.0474111
1.79328
0.0406082
0.0881347
0.0685992
0.0439142
0.0570525
0.0143511
0.0279746
0.0996481
0.0467814
0.0696402
1.76017
0.055248
0.0335467
1.00323
0.0865196
0.0855822
0.0461451
0.0429287
0.061831
0.0595295
0.144487
0.0573863
0.0578619
0.0360307
0.0653181
0.0333436
2.17959
0.0499351
0.0443021
0.0463188
0.0370038
0.0642378
0.0980491
0.117289
0.153528
0.0832426
0.033291
0.033139
0.0914871
0.0505452
0.0617216
0.12697
0.0995428
0.0367706
0.0791752
0.0534204
0.628012
0.0657487
0.100763
0.0615513
0.0213007
0.087542
0.116694
0.0720468
0.0760831
0.0353039
0.0812841
0.0943034
0.0633451
0.0880048
0.117569
0.0553146
0.121085
0.0608128
0.0803475
0.0564466
0.0391964
0.0317497
0.0544452
0.112683
0.0548844
0.0316631
0.0781245
0.090386
0.0693604
0.0535334
0.0549271
0.0377092
0.127034
0.0799679
0.0595339
0.0602727
0.0574775
0.0574691
0.0726106
0.0560019
0.0790118
0.0993895
0.040976
1.33526
0.0515051
0.139036
0.0935529
0.0433738
0.036665
0.0792053
0.0470516
0.0393586
0.073017
0.0697333
1.75105
0.0555137
0.107463
0.0144482
0.0983663
0.112369
0.0572424
0.106575
0.0880436
0.0607497
0.109253
0.630032
0.656809
0.0735395
0.072204
0.0875502
0.03427
0.719611
0.0417619
0.126169
0.034663
0.0397777
0.0458865
0.0556974
0.0407426
0.109337
0.0689617
0.0652023
0.0524988
0.0739682
0.0858205
0.128495
0.0722867
0.0569852
0.029898
0.101161
3.23194
0.0729086
0.0646715
0.0273505
0.0773515
0.0807225
0.0645216
0.113714
0.0460266
0.0883868
0.0659236
0.102324
0.0669753
0.0971778
0.103575
0.0526296
0.0201675
0.069101
0.0539341
1.21824
0.0683477
0.0521383
0.0636104
0.114692
0.0646631
0.0961043
0.0665572
0.0582023
0.056671
0.0489037
0.0906904
0.0523921
0.0548056
0.0463672
0.0322807
0.0517328
0.0553204
0.0582327
0.0581768
0.0213007
0.0680483
0.0576
0.171807
0.079532
0.0854674
0.0276599
0.0872242
0.0770331
0.0509518
0.0581968
0.0949351
0.0307135
0.0848652
0.047791
0.10923
1.84035
0.0527402
0.0662018
0.0801075
0.032447
0.0338279
0.0510556
0.0615386
0.0973732
0.0642899
0.0601317
0.0566307
0.0606854
0.0883745
1.20714
0.0459904
0.0575053
0.0665562
0.0239009
0.551417
0.0788119
0.120524
0.0700511
0.0576802
0.0389927
0.115452
0.0284992
0.0872953
0.0776321
0.101335
0.0596967
0.171219
0.0781233
0.0273236
0.0558647
0.0483572
0.997147
0.0764817
0.0652396
0.0299243
0.0610496
0.0733512
0.0962178
0.0505371
0.239559
0.0499012
0.0693422
0.0553396
0.0392758
2.40482
0.105933
0.113733
0.0403468
0.0596102
0.0766048
0.0675039
0.0515748
0.0604336
0.0976531
0.0550104
0.0869803
0.0839483
0.0767712
0.15338
0.0406076
0.0478417
0.0668651
0.0445805
0.0598513
0.0846755
0.0414754
0.0459241
0.100102
0.106485
0.0905201
0.101213
0.652794
0.132226
0.0682791
0.0734442
0.0723694
0.0657774
0.116212
0.112946
0.146448
0.0381263
0.0393019
0.0500633
0.0848899
0.0618715
0.0457567
0.0407291
0.0307603
0.0356764
0.0856805
0.19275
0.160054
0.0565599
0.0555023
0.0336584
0.0686089
0.0658198
0.133141
2.3477
1.50719
0.0932565
0.0638009
0.0556283
0.0904347
0.0623153
0.0911486
0.0345042
0.0625505
0.0595029
0.0391982
0.0546465
0.0867356
0.0957887
0.037545
0.0979394
0.0927802
0.0558838
0.0371136
0.0639109
0.0560104
0.0603724
0.0669507
0.0684884
0.0516256
0.0615179
0.0628337
0.0729282
0.0708445
0.0597467
0.0594838
0.0788245
0.0480251
0.032677
0.0573559
0.0727859
0.059671
0.0915929
0.0352183
0.0291452
0.0907654
0.05744
0.0344105
0.0822501
0.0831828
0.0842548
0.0422003
0.0328458
0.0477926
0.0597097
0.0714536
0.065779
0.0629437
0.0409309
0.0465111
0.0529492
0.0697971
0.0615464
0.0897218
0.0487373
0.0492018
0.0959236
0.103105
0.0796883
0.072573
0.0507467
0.123152
0.106349
0.0597996
0.0406207
0.0411146
0.101531
0.0347523
0.109
0.0295345
0.0527205
0.108273
0.0926362
0.124165
0.0702038
0.0859052
0.0606523
0.0993813
0.0666444
0.0926423
0.040296
0.0645321
0.0262094
0.0353399
0.0562034
0.0487355
0.0440523
0.100467
0.0649595
0.0785622
0.0447392
0.0539937
0.102073
0.129841
0.0712901
0.0763795
0.115536
0.09143
0.0548982
0.059862
0.0833108
0.0442592
0.0691195
0.0582945
0.09856
0.073587
0.101424
0.0448266
0.0663892
0.0709235
0.0296651
0.0908701
0.0623136
0.0769124
2.29863
0.0980766
0.0429398
0.088709
0.0475648
0.107288
0.111812
0.0959156
0.0783084
0.0794136
0.0519501
0.0662407
0.0477043
0.0512532
0.0912181
0.081294
0.0505392
0.0516431
0.0993831
0.0426553
0.167633
0.10413
0.0902709
0.11748
0.0919887
0.123311
0.0562476
0.0659294
0.102334
0.204617
0.0355599
0.0369622
0.0543926
0.0493606
0.0546063
0.0704054
0.0717533
0.0655107
0.0635453
0.103928
0.0816612
0.0512858
0.05869
0.0822759
0.100163
0.0598659
0.127835
0.0576599
0.0353367
0.695908
0.0510817
0.0642196
0.0715249
0.212065
0.0534731
0.059839
0.0465346
0.122536
0.0485132
0.107594
0.0394611
0.0899748
1.22704
0.040208
0.0951017
0.0446513
0.112029
0.0797363
0.068805
0.0590735
0.0676403
0.0364989
0.0626972
0.0617091
0.0378126
0.0742207
0.0485105
0.16452
0.0635749
0.0653241
0.0872275
0.0834117
0.079918
0.0549223
0.142868
0.0637496
0.0390623
0.134598
0.0374172
0.0835971
0.0710035
0.0351266
0.0622598
0.0350812
0.0348612
0.0740678
0.0842587
0.0439438
0.0633112
0.0371892
0.0857208
0.0771064
0.0761978
4.3444
0.0770566
0.0534389
0.109237
0.0993103
0.0825283
0.161101
0.0974536
1.42464
0.118363
0.10779
0.115056
0.0707925
0.499207
0.0806448
0.071744
1.11893
0.0910263
0.0482422
0.106529
0.0750723
0.0556986
0.121709
1.30796
0.0724201
0.0825807
0.0526305
0.0753122
0.0741992
0.086112
0.255487
0.0695872
0.065525
0.0980498
0.038426
0.0859091
0.0690801
0.0281159
0.0313687
0.0547467
0.0608774
0.047206
0.0363219
0.131702
0.0938109
0.0717937
0.0871499
0.101017
0.0904966
0.0847184
0.0709031
0.0776448
0.0909971
0.0464372
0.0908913
0.755852
0.0704484
0.0676111
0.0772082
0.0355873
0.139034
0.0565873
0.064952
0.139023
0.0500733
0.0643811
0.0228224
0.0836139
0.0761604
0.0671126
0.14155
0.0742216
0.0518105
0.0676831
0.0526757
0.0350002
0.0420961
0.145745
0.0967144
0.0982961
0.120936
0.0856821
0.0567407
0.0474503
0.14242
0.0615964
0.102258
0.0437848
0.0476553
0.0547548
0.0357022
0.0846542
0.0686083
1.83174
0.0631328
0.103301
0.0788894
0.117876
0.0522141
0.0980168
0.0722507
0.0865818
0.033353
0.0537694
0.0372796
0.0533718
0.0753152
0.0529322
0.0744877
0.0810776
0.0621198
0.0594219
0.0927475
0.0909697
0.0836908
0.0578052
0.0423461
0.0979085
0.0602507
0.079903
0.0616791
0.0582925
0.0528352
0.0563604
0.0661801
0.0500335
0.0289099
0.0410055
0.0488476
0.0440925
0.06987
0.0618473
0.0405629
0.0571127
0.13842
0.0344579
0.0534651
0.0477365
0.0596209
0.094421
0.0251678
0.0410139
0.052635
0.0576259
0.0403911
0.0736873
0.11898
0.13104
0.0712804
0.0499102
0.0773986
0.0903269
0.0335554
0.0436344
0.0877028
0.0871868
0.0437593
0.0708753
0.0865078
0.123385
0.0456282
0.031716
0.0873723
0.0748923
0.0475341
0.0575378
0.106345
0.12069
0.0543356
0.0482775
0.107526
0.0799941
0.0530447
0.0898031
0.0355672
0.118482
0.0277481
0.0542408
0.103299
0.0724945
0.0481064
0.151879
0.0679266
0.0456078
0.156524
0.114568
0.0365913
0.0901867
0.0512723
0.0841514
0.0578878
0.0835234
0.0974405
0.0508729
0.0327294
0.0351791
0.0308473
0.0691787
0.0815049
1.00413
0.0641973
0.0461846
0.0725581
0.0777973
0.158235
0.0608108
0.0396949
0.0819175
0.0403053
0.110167
0.0541585
0.0542545
0.0245949
0.0675815
0.0593287
0.0787956
0.124507
0.0853335
0.095715
0.0665041
0.0368337
0.0568762
0.0973414
0.119524
0.0908579
0.0593901
0.0519145
0.289727
0.128163
0.125833
0.0276288
0.119457
0.0591061
0.164397
0.063286
0.0773584
0.462883
0.0975728
0.0630098
1.39992
0.0690829
3.20301
0.102559
0.0774013
0.0457418
0.0373277
1.27506
0.415441
0.0791629
0.0859205
6.4262
0.0848443
0.0597625
0.046045
0.0755255
0.0982642
0.0705484
0.0391533
0.106116
0.0798681
0.0732861
0.0706216
0.0691831
0.115545
0.091152
0.112001
0.0727039
0.0345594
0.131049
0.116444
4.00454
0.0704529
0.0667404
0.0514986
0.0593498
0.0662773
0.0366212
0.0971338
0.0575779
0.0286502
0.0393012
0.0524245
0.0588006
0.0933603
0.082628
0.125268
0.0621678
2.31705
0.0476152
0.0446703
0.0460628
0.0687546
0.0953806
0.0319627
0.0487122
0.0993823
0.0422776
0.0826743
0.0611917
0.0764318
0.157399
0.0509504
0.0388234
0.0818408
0.0560281
0.0862117
0.882503
0.0663022
0.0906331
0.0478378
0.114234
0.0518382
0.0882509
0.0795629
0.104444
0.0551524
0.064302
0.0644924
0.0547803
0.0816057
0.0670561
0.0748788
0.0670455
0.171173
0.054222
0.110738
0.0258057
0.0392592
0.0708726
0.0407647
0.0736863
0.0264585
0.054752
0.100837
0.0876033
0.0424264
0.0638723
0.0778203
0.0976728
0.125555
0.0803137
0.0878184
0.0732877
0.0471337
1.05671
0.118689
0.062847
0.0626485
0.0367038
0.0368397
0.0311478
0.0383537
0.063721
0.108258
0.0831239
0.149129
0.0695477
0.0567672
0.083185
0.0363207
0.0976854
0.0471037
0.0777319
0.0395008
0.0813612
0.0819441
0.0524545
0.0738946
0.0445594
0.775913
0.033767
0.0474804
0.0387218
0.102181
0.0579206
0.0788764
0.0766451
0.0747711
0.804947
0.0382092
0.031144
0.068511
0.0454441
0.853955
0.0746432
0.10201
0.0293891
0.176096
0.0790307
0.117734
0.0345984
0.0879044
0.0314256
0.0644506
0.0647448
0.0523208
0.0855601
0.102432
0.0697342
0.0745155
0.0371042
0.0283366
0.0585664
0.727139
0.0851479
0.0591365
0.0566436
0.0688146
0.0827792
0.0498102
0.0719659
0.0547896
0.0552329
0.034321
0.114058
0.0518752
0.0862151
0.0487361
0.101006
0.0755344
0.0568034
0.0776356
0.0541867
0.0774031
0.0488132
0.114591
0.0762612
0.0747896
0.12763
0.118375
0.0849818
0.106892
0.074655
0.0648375
0.0959251
1.30076
0.043944
0.0553279
0.139705
0.0373392
0.0862738
0.10613
0.0666729
0.0775507
0.0620322
0.0634506
0.0495981
1.50414
0.0866519
0.0860308
0.115539
0.121716
0.0646969
0.104323
0.0543729
0.0696003
0.0573824
0.101969
0.0335266
0.0597913
0.0464449
0.0898588
0.0964785
0.0674746
0.0938699
0.0631808
0.0568397
0.157374
0.173872
0.150137
0.111877
0.0751281
0.113415
0.0699667
1.57215
0.0564926
0.155776
0.0530315
0.0577843
0.211363
0.0360064
0.427107
0.0495156
0.133671
0.0701357
0.0568839
0.0920935
0.0692801
0.0821407
0.0822165
0.0722805
0.0717112
0.0701162
0.0957128
0.0295127
0.145656
0.0962676
0.0562537
0.944916
0.0729193
0.0845014
0.0848905
0.0905238
0.0852771
0.0714506
0.0679126
0.0679661
0.0581092
0.0748969
0.0572864
0.0680901
0.0625039
0.0734424
0.0261561
0.0662016
0.0695438
0.0658875
0.0467067
0.196049
0.0527874
0.0758046
0.0649133
0.0369831
0.0191687
0.0698044
0.0751813
0.0440759
0.0705193
0.0393501
0.0391331
0.0973622
0.0570791
0.0689948
0.0651241
0.0818477
0.0520278
0.0430375
0.0702438
0.0865588
0.0599595
0.0902755
0.067328
0.131749
7.67233
0.129863
0.0631094
0.0484778
0.0342133
0.087753
0.046247
0.0541256
0.0919445
0.0729587
0.0559944
0.0478081
0.0663034
0.0400552
0.0566416
0.0762995
0.0479671
4.15467
0.0771218
0.0370591
0.0823802
0.0436852
0.0548831
0.0652051
0.085827
0.0974445
0.0413711
0.0788192
0.0219637
0.0918505
0.0466712
0.0996108
0.0866983
0.102511
0.16278
0.128097
0.0596656
0.0619585
0.0659168
0.115323
0.044738
0.0462627
0.0501826
0.0265464
0.0563475
0.0243076
0.100893
0.0739011
0.630015
0.0541455
0.0525479
0.0539119
0.0648369
0.0873084
0.129638
0.0329484
0.388965
0.0787844
0.0626114
0.0366419
0.0851674
0.121141
0.0396375
0.039594
0.0545599
0.0676036
0.0708366
0.0912524
0.137169
0.0545786
0.0866672
0.0815366
0.0642217
0.0718642
0.888883
0.049725
0.0616888
0.0727795
0.0236794
0.0818878
0.0499212
0.0522851
0.0797005
0.0496594
0.0671658
0.0410662
0.0336132
0.0809301
0.085487
0.0351491
0.100168
0.0573125
0.0461804
0.0521575
0.0434633
0.0853286
0.0362264
0.0511073
0.060052
0.02693
0.0685913
0.0761419
0.106105
0.0656683
0.0697736
0.139761
0.0837093
0.115841
0.0290692
0.0502142
0.702729
0.0264851
0.0785014
0.0507611
0.0399711
0.0825172
0.0356832
0.0363557
0.122231
0.106281
0.0557591
0.543038
0.0555822
0.110615
0.0576087
0.0707242
0.0508589
0.0541724
0.0234283
0.0465208
0.0590203
0.0466982
0.112821
0.0722193
0.0638146
0.0680878
0.0638337
0.120272
0.0671968
0.0775324
0.917612
0.0551033
2.19543
0.0393741
0.0723488
0.090171
0.0564523
0.134375
0.0352538
0.0708994
0.0624666
0.0518387
0.0454038
0.0596624
0.0829203
0.0351671
0.0472697
0.0306383
0.0768957
0.0345254
0.0738681
0.0767537
0.0562506
0.063934
0.0600795
0.099629
0.0596152
0.0494171
0.0946918
0.0988053
0.0388842
0.0891759
0.0554483
0.0599627
0.0605888
0.103278
0.0810654
0.153702
0.0765671
4.81959
0.0721508
0.0984128
0.0997656
0.0445169
0.0898291
0.0670921
0.212432
0.0635256
0.0609772
0.0671522
0.0686798
0.0513026
0.0942273
0.0660357
0.0670491
0.0775734
0.0383455
0.745531
1.35699
0.125274
0.0774795
0.0550461
0.0632715
0.0762662
0.0521206
0.0627502
0.704949
0.0681351
0.187835
0.0515862
0.102999
0.113428
0.058125
0.0874802
0.0366202
0.0437128
0.148119
0.0745202
0.0641063
0.0659876
0.0704877
0.114039
0.0375072
0.105304
0.0266143
0.118404
0.0771557
0.0705669
0.0584904
0.0699359
0.04991
0.0371479
0.102442
0.0942368
0.0516516
0.0748138
0.0980484
0.0871588
0.0436383
0.127398
2.7423
0.130227
0.069521
0.0418143
0.076059
0.0577352
0.0444723
0.0660304
0.0324426
0.0376195
0.111964
0.130606
0.0668185
0.0988401
0.062873
0.0911591
0.0834467
0.0862665
0.0712636
0.048606
0.0849599
0.108342
0.0929153
0.0464387
0.073308
2.8716
0.161075
0.0668115
0.0887343
0.0404556
0.0631974
0.109609
0.0693013
0.0987159
0.0806228
0.0872397
0.0748179
0.10481
0.04803
0.0481825
0.0924905
0.132275
0.0720132
0.0713143
0.0434617
0.0700237
0.0803339
0.0560833
0.0365648
0.0803335
0.0424437
0.0728322
0.0959139
0.138656
0.0480827
0.0432601
0.0657551
0.576524
0.114605
0.0799469
0.0469473
0.0805522
0.0767976
1.90742
0.130839
0.0773911
0.0781864
0.0705104
0.0416829
0.035091
0.0563424
0.051329
0.0542826
0.0795212
0.101886
0.143304
0.0711004
0.0537055
0.0870518
0.134567
0.0467449
0.0398306
0.0775198
0.138396
0.0422261
0.0877035
0.0621722
0.058066
1.37126
0.0420374
0.100861
0.0543269
0.0402208
0.0575948
0.0700206
0.0903716
0.100506
0.0526473
0.0701281
0.0891083
0.0664534
0.0730247
0.0613253
0.0647767
0.100775
0.0429711
0.0747528
0.0539398
0.0323747
0.0737465
0.0645245
0.0813599
0.0656765
0.0546509
0.0971881
0.060977
0.0480719
0.0350077
1.27854
0.0658313
0.0882329
0.0216737
0.0839057
0.0891722
0.0879212
0.0538191
0.0968971
0.027515
0.0572541
0.0358803
0.069863
0.0738521
0.0386216
0.0547731
0.0633109
0.0642212
0.0490235
0.0437141
0.0909128
0.0538078
0.0564371
0.0406737
0.0703959
0.0730553
0.0594063
0.0240861
0.11215
0.0861822
0.0591815
0.066797
0.0371912
0.0987989
0.069807
0.052307
0.0808695
0.0698111
0.102943
0.0412479
0.0421889
0.0666361
0.123752
0.0390485
0.0388258
0.100813
0.0943871
0.0684299
0.0630558
0.0573895
0.0366713
0.0460382
0.0534513
0.0242984
0.0627341
0.0828727
0.0797521
0.0525284
0.0730523
0.080993
0.0583831
0.0588451
0.0600902
0.0661976
0.0619319
0.0541472
0.0649031
0.0674441
0.0840538
0.068987
0.110213
0.0630633
0.062852
0.0572228
0.104363
0.0698569
0.0457654
0.0647807
0.0520204
0.0441515
0.0970476
0.0961443
0.125811
0.0632592
0.0390288
0.0575
0.0411761
0.0549812
0.0807676
0.0923484
0.059466
0.181595
0.578705
0.0597498
0.0843276
0.0753161
0.0988913
0.0608105
0.0587852
0.0355797
0.0522066
0.0887101
0.0870562
0.123225
0.0915075
0.0894296
0.0574218
0.109356
0.0498965
0.0839596
3.29349
0.0751028
0.0515161
0.0607369
0.0687808
0.113827
0.0713175
0.145327
0.0360451
0.0513251
0.102897
0.510732
0.0993462
0.567188
0.0539811
0.0420014
0.0433077
0.0745793
0.0505247
0.102999
0.135098
0.067845
0.0808191
0.07678
0.0712181
0.0900042
0.0515381
0.0291622
0.0518595
0.0461628
0.0596192
0.0335283
0.0704668
0.105694
0.0666749
0.104255
1.15847
0.0725225
0.0913214
0.0598464
0.0501363
0.0299316
0.0850178
0.0561095
0.0460887
0.0962129
0.0543065
0.0644585
0.153796
0.116764
0.0686604
0.0507627
0.0574478
0.0656625
1.01453
0.0589457
0.04035
0.0537277
0.0712902
0.0384135
0.02958
0.0832967
0.0492046
0.0557899
0.0537514
0.0906357
0.0652811
0.108462
0.101509
0.189119
0.0512958
0.0859054
0.0538827
0.0917514
0.0330974
0.0666044
0.0894052
0.0914237
0.0409549
0.0784359
0.073142
0.0883156
0.108053
0.0449862
0.203906
0.0549106
0.0658948
0.131716
0.090737
0.0390132
0.0515732
0.0473945
0.122247
0.0625933
0.176992
0.117461
0.0408707
0.091602
0.0476982
0.0708036
0.0699029
0.0724165
0.115702
0.0466747
0.106027
0.0487175
0.0796142
0.0861401
0.0734043
0.0966904
0.169698
0.0631982
0.0580564
0.0518999
0.0623799
0.0872357
0.0955407
0.0391833
0.0877155
0.0387449
0.071913
0.0744972
0.0741302
0.0386658
0.35642
0.0370669
2.91244
0.0259405
0.111208
0.0696474
0.0556556
0.105619
0.0390634
0.0176923
0.165879
0.0571558
0.0762015
0.0271697
0.0764764
0.0929759
0.0907382
0.0839541
0.0524199
0.0975508
0.0612375
0.038573
0.0282225
0.0355364
0.024303
0.066011
0.0590595
0.0579307
0.0362698
0.0587448
0.049619
0.0407968
0.0899804
0.0651561
0.0434715
0.0391642
0.0574707
0.0511459
0.0985551
0.0603445
0.573007
0.0866319
0.0458138
0.184788
0.0729923
0.114694
0.0835616
1.573
0.0531236
0.183758
0.0525967
0.100734
0.0573182
0.0493865
0.0492944
0.0580053
0.0513223
0.033478
0.0373845
0.019882
0.0308549
0.0391916
0.112452
0.0796879
0.0851356
0.0818504
0.0554843
0.137961
0.0509886
0.0943296
0.0604092
0.762356
0.0728125
0.0629438
0.0569098
0.111228
0.04492
0.0658679
0.0401034
0.0443411
0.0642697
0.123056
0.0750149
0.0860737
0.0955854
0.116165
0.0644411
0.0681028
0.0886485
0.061314
0.0957092
0.0555959
0.0653366
0.109333
0.0947365
0.0927665
0.0786971
0.0532871
0.0729029
0.0331126
0.067556
0.0607073
0.0621341
0.147048
0.0659294
0.122987
0.0899002
0.0617084
0.046092
0.0460211
0.148218
0.0605554
0.0614638
0.0993821
0.0446322
0.107421
0.0712226
0.0597321
0.0558409
0.12352
0.0408052
0.212745
0.031683
0.0765091
0.0525871
0.0865166
0.231864
0.0698577
0.0346325
0.0468862
0.125537
0.0512805
0.053333
0.0434309
0.0622647
0.0636187
0.0771435
0.0902308
0.0625208
0.037458
0.0333908
0.0578178
0.0477306
0.0501783
0.0777863
0.500396
0.160929
0.102621
1.00772
0.0446958
0.0311638
0.0858843
0.0713339
0.0776638
0.0784508
0.0475734
0.104528
0.132823
0.133688
0.0932649
0.0735416
0.106517
0.0665269
0.082643
0.0831691
0.0549171
0.048745
0.102652
0.0794579
0.0793171
0.112462
0.0600543
0.0962829
0.0900596
0.0622089
0.0423634
0.0869881
0.0679597
0.0468445
0.0951958
0.0932146
0.0791684
0.0910613
0.0725852
0.0366951
0.0336014
0.0408589
0.0389775
1.79738
0.12213
0.077933
0.0371419
3.36482
0.0674327
0.0376785
0.0783621
0.0484845
0.0393588
0.0332422
0.0633115
0.045827
0.0261093
0.124192
0.0848396
2.57994
0.081613
0.045217
0.0624292
0.0977129
0.331786
0.10142
0.0470467
2.02958
0.0441171
0.0959263
0.0742554
0.047819
0.0836183
0.0419239
0.0912796
0.0482799
0.057337
0.839705
0.0705651
0.0585564
0.116486
0.0772806
2.93631
0.0719909
0.112708
0.0918062
0.0948222
0.0806219
0.114706
0.0377775
0.0645622
0.0644591
0.0750817
0.0469712
0.047809
0.0625503
0.0695315
0.0370572
0.105759
1.09067
0.0468678
0.0501171
0.0624197
0.0747844
0.0740485
1.11686
0.0285507
1.91577
0.046135
0.0542076
0.0523618
0.0779167
0.0922984
0.0959263
0.143456
0.0373094
0.0383909
0.0619676
1.24347
0.0510078
0.0998076
0.0889308
0.0503167
0.0746695
0.0276659
0.949764
0.0801822
0.0539053
0.0313835
0.111168
0.0516713
0.0487271
0.0547804
0.106558
0.0493325
0.0435395
0.093913
0.100185
0.0697282
0.0740763
0.0501047
0.0654524
0.0787124
0.0453956
0.0861384
0.0525458
0.0632113
0.103859
0.0538136
0.091507
0.132041
0.0415294
0.0750485
0.0473248
0.100527
0.0399849
0.133623
0.0573573
0.0539289
0.0835754
0.0923826
0.0611722
0.086805
0.0762614
0.0784382
0.0686773
0.0815474
0.0259694
0.0569121
0.0263954
0.0411004
0.0614214
0.0692885
0.117745
0.0967078
0.0985717
0.0595342
0.0505059
0.0403028
0.0752088
0.0678312
0.0903477
0.0760522
0.0832649
0.0462023
0.0766354
0.0901155
0.0490675
0.0534206
0.0912802
0.0873477
0.0676696
0.0394599
0.0548917
0.0821219
0.0531427
0.0699758
0.162219
0.063792
0.0541917
0.0492644
0.0596662
0.0818709
0.520125
0.0978357
0.0315555
0.0375648
0.138498
0.0591384
0.099283
0.0845813
0.0453337
2.41354
0.0541922
0.065663
0.062946
0.0555363
0.110532
0.0573884
0.0565021
0.149215
0.0680588
0.0870705
0.054527
0.0456806
0.114818
0.0682507
0.0649334
0.0864976
0.064422
0.0660161
0.0644523
0.145837
0.0877948
1.31408
0.0844891
0.0859393
0.0510895
0.0628478
0.0398017
0.102779
0.0619928
0.0757072
0.12902
0.0642293
0.120132
0.0385668
0.0537351
0.054618
0.0471751
0.0770774
0.113998
0.0572781
0.0503545
0.0296542
0.0824557
0.0651445
0.0533198
0.0660468
2.33234
0.104086
0.0467551
0.0714114
0.473928
0.0916908
0.0615488
0.0491825
0.188199
0.0525447
0.162213
0.0763452
0.18125
0.0539907
0.0738973
0.107094
0.0542399
0.118946
0.0402331
0.0797181
2.35795
0.0547898
0.065978
0.646048
0.0707514
0.0500624
0.0788647
0.0987058
0.0747104
0.0730131
0.0646067
0.0363066
0.033529
0.0804375
0.0952211
2.51423
0.0494305
0.070015
0.129731
0.0564034
0.0400802
0.275139
0.0698573
0.0475511
0.0596377
0.199988
0.0418205
0.160193
0.0617026
0.037475
0.113138
0.0751289
0.0894402
0.0600795
0.0355916
0.0699265
2.81387
0.072797
0.138083
0.0635332
0.0712845
0.0944975
0.0950281
0.28459
0.0959256
0.151515
0.100286
0.132416
0.032202
0.0580876
0.0944307
0.0809966
0.0516825
0.828251
0.0375309
0.109943
0.100316
0.0554092
0.0548555
0.0469628
0.0804319
0.0421232
0.0826791
0.0691518
0.0432973
0.0912766
0.0601612
0.0425048
0.0598012
0.0499138
0.0418821
0.0787439
0.0904394
0.0554217
0.0994494
0.0517387
0.0518957
0.0405271
0.0656829
0.0444604
0.0466946
0.0447293
0.0808085
0.060925
0.050824
0.0548296
0.0728333
0.0684529
0.0427814
0.0480307
0.0857521
0.0334598
0.037921
0.0532417
0.0687384
0.026687
0.0807845
0.0925547
0.0714487
2.26896
0.116842
0.11933
0.126007
0.0302328
0.0564236
0.0580413
0.0495844
0.0664834
0.103472
0.0608136
0.0556211
0.0689884
0.111468
0.0380898
0.0676444
0.123076
4.76687
0.0773995
0.0465014
0.0365677
0.0614098
5.71019
0.0477543
1.09577
0.077493
0.0487483
0.0873875
0.0600936
0.0967418
0.0749599
0.05148
0.0526985
0.0664169
0.0577237
0.17942
0.0624459
0.0590623
0.0480339
0.0340735
0.0538731
0.105626
0.144478
0.0732833
0.798822
0.0244115
0.0602706
0.0284518
0.0338003
0.108502
0.0566095
0.0829032
0.0621708
0.0568267
0.0968686
0.0291567
0.0680276
0.0774519
0.0912252
0.0299635
0.0677432
0.0642951
0.076746
0.0510423
3.58684
0.0889236
0.0651711
0.0460713
0.10276
0.0839699
0.0710691
0.0601366
0.0516343
0.10481
0.0322686
0.0578781
0.0494927
0.093859
0.0662883
0.0851646
0.0395342
0.0797017
0.0791172
0.0445818
0.0580332
0.0644773
0.0524155
0.0648165
0.0830451
0.0405831
0.0694265
0.115311
0.0418941
0.121309
0.0635976
0.0433889
0.0520488
0.124862
0.0379005
0.0875636
0.0546585
0.0704316
0.0498755
0.0890054
0.054039
0.0619603
0.0560297
0.143443
0.0717715
0.0482603
0.0759581
0.122304
0.052866
1.1189
0.0977226
0.171951
0.0731487
0.0721368
0.0832727
0.110544
0.0865381
0.0645185
0.0509761
0.0664273
0.0954518
0.037231
0.0989989
0.125848
0.0445243
0.107634
0.0380014
0.0677556
0.0541401
0.0606173
0.0788143
0.0626269
0.0299712
0.0553102
0.0728746
0.0553692
0.0776436
0.0395316
0.0452344
0.0806795
0.0963411
0.173516
0.0575378
0.0665632
0.0449366
0.0507093
0.0954512
0.0612445
0.0975342
0.0859769
0.163018
0.101985
0.0571024
0.0542642
0.0682002
0.0364072
0.0721675
0.0741713
0.0492018
0.0645805
0.0482606
0.0793472
0.101829
0.0529529
0.0395854
0.0374123
0.0974903
0.0941026
0.0719654
0.0551757
0.0511958
0.0689422
0.0999672
0.160572
0.0971388
0.049164
0.0384715
0.118039
0.0514689
0.0896001
0.0812492
0.0894257
0.0743249
0.0830641
0.0701825
0.101616
0.0500542
0.0388173
0.0463387
0.0927467
0.0322733
1.01098
0.0555715
0.0764856
0.0353459
0.140305
0.126702
0.0812313
0.0311225
4.74211
0.0851524
0.0828138
0.0661117
0.0604167
0.0829122
0.100349
0.0347921
0.024257
0.0477617
0.0751217
0.031751
0.0781538
0.0475397
0.0575784
0.0834188
0.0756362
0.0410683
0.0645703
0.863925
0.0830561
0.111648
0.128983
0.0643806
0.0787886
0.242708
0.0623185
0.555223
0.0752622
0.233439
0.0807885
0.0315408
0.0415751
2.88508
0.124806
0.0379491
0.0343076
0.0620307
0.0642697
0.0529845
0.104053
0.0540445
0.195826
0.15078
1.64932
0.0442673
0.0469422
0.0751404
0.0973563
0.0837571
0.0582296
0.886613
0.073267
0.0609734
0.0476637
0.0690298
0.0532702
0.0650491
0.0974379
0.052229
0.0462657
0.0749397
0.0915441
0.0432071
0.05828
0.0709234
0.524098
0.0680925
0.09939
0.0387739
0.0388829
0.0342433
0.0658738
0.103185
0.0966746
0.0520788
0.0559487
0.58511
0.0506629
0.0710049
0.067343
0.261135
0.663574
0.0844876
0.0898629
0.110781
0.0476562
0.0878978
0.134948
0.0286799
0.0226517
0.0498295
0.0414615
0.0647978
0.0443475
0.0328104
0.0718555
0.113938
0.0485046
0.0719432
0.0791537
0.0501771
0.118027
0.0942528
0.0408574
0.150952
0.0943049
0.129678
0.0703833
0.0807239
0.042021
0.545274
0.0466076
0.0783584
0.0878935
0.0521733
0.0987816
0.0564617
0.0928594
0.0965252
0.214242
0.0910021
0.0527298
0.0604311
0.157963
0.0396692
0.0590722
0.100443
0.0393178
0.0503297
0.0222391
0.0816902
0.0491227
0.0397203
0.119183
0.0882888
0.0593153
0.0741069
0.0385417
0.147819
0.0924055
0.04248
0.904318
0.0423455
0.0663725
0.0294047
0.115314
0.0526157
0.125511
0.0685136
0.0451615
0.0872986
0.0708125
0.0801094
0.042716
0.0425938
0.0589954
0.0529251
0.0429093
0.0819455
0.102835
0.0990514
0.0986529
0.062152
0.0641256
0.0405797
0.0618542
0.156634
0.0936425
0.10182
0.0597837
0.0616022
0.0545093
0.0523216
0.0623433
0.0872997
0.0236089
0.0368246
0.0539813
0.0859523
0.0583912
0.0523491
0.0470827
0.0480584
0.536497
0.0870714
0.0691356
0.0812699
0.061941
0.107905
0.0735498
0.032548
0.0767323
0.804897
0.0380091
0.0968514
2.18917
0.0691416
0.0349344
0.124844
0.045536
0.0625387
0.0798275
0.0687222
0.0507751
0.0551445
0.124445
0.019829
0.134308
0.096897
0.0973649
0.063819
5.29928
0.142461
0.0671089
0.0574901
0.041318
0.0611212
2.54259
0.0328433
0.0849195
0.0592318
0.0573786
0.0449329
0.169856
0.0334913
0.0344777
0.120153
0.0317523
0.0570458
0.127442
0.0748536
0.0674718
0.0621413
0.0555094
1.53971
1.31478
0.034389
0.0267829
0.0599906
0.0711464
0.0804629
0.0616643
0.207437
0.0847527
0.0516957
0.0866371
0.0994703
0.0430703
0.348298
0.0606928
0.0557185
0.0755204
0.111856
0.0514324
0.0459824
0.0724752
0.119181
0.0419194
0.0791516
0.147099
0.0976998
0.136159
0.0752487
0.115314
0.136526
0.079554
0.0450131
0.598129
0.0674361
0.0581084
0.0552306
0.0511396
0.0642083
0.166871
0.066401
0.0476342
0.0726959
0.0477144
0.0913852
0.0761373
0.0475731
0.0486575
0.0988743
0.0474602
0.093785
0.0819542
0.150264
0.107865
0.928939
0.068453
0.0672975
0.0999926
0.0822206
0.10301
0.0460157
0.110199
1.93539
0.0613543
0.0992484
0.132469
0.0771185
0.0800434
0.0455536
0.0502301
0.119904
0.0536107
0.0587945
0.0261975
0.131914
0.0273417
0.125319
0.0925981
0.111581
0.0646381
0.0586582
0.0535854
0.106643
0.116544
0.113458
0.047919
0.0829673
0.0400822
0.035426
0.059179
0.0769092
0.0708943
0.0689528
0.135605
0.456625
0.984526
0.102113
0.060878
2.83774
0.0466136
0.0835692
0.0545151
0.0542224
0.113326
0.0791775
0.0484382
0.0485833
0.0356622
0.0389295
0.108808
0.0494349
0.0665142
0.0792521
0.0674083
3.32158
0.0471677
0.0767788
0.104138
0.0753449
0.0883756
0.047671
0.0554358
0.0402598
0.0655398
0.0529673
0.195987
0.0813745
0.05963
0.0341395
0.103919
3.25002
0.0573152
0.039898
0.0616426
0.0444214
0.0865573
0.134077
0.0881734
0.129727
0.0612192
0.0443332
0.0577513
0.0595758
0.0669614
0.0619219
2.51788
0.0756304
0.0774958
0.0451172
0.0749573
0.0984071
0.0509414
0.0749854
0.0550828
0.0548171
0.0371151
0.0263341
0.0561656
0.0659398
0.0445192
0.124892
0.0615855
0.0583146
0.216087
0.0357973
0.0776404
0.0383531
0.072482
0.040571
0.0611275
0.110692
0.048033
0.108396
0.07866
0.0784599
0.0347971
0.0382679
0.0968517
0.0366567
0.0710461
0.0657332
0.065389
0.145023
0.117084
0.0414461
0.0448926
0.0495111
0.079857
0.0560096
0.182938
0.0349708
0.121959
0.118344
0.0727969
0.0941061
0.0733819
0.0473855
0.051096
0.0526511
0.0545673
0.0845665
0.167821
0.0461097
0.755447
0.752335
0.0880076
0.065368
0.072233
0.0775627
0.103557
0.0530111
0.0585618
0.0873842
0.0516204
0.0461602
0.0671578
0.0739955
0.107918
0.0637887
0.0956825
0.0712616
0.0731061
0.0231583
0.0548174
0.0668929
0.0584404
0.0590373
0.0970987
0.071995
0.0351007
0.0428759
0.436125
0.0417887
0.178778
0.0850151
0.0675127
0.0609819
0.070876
0.0363657
0.0428975
0.0455151
0.0700155
0.072442
0.100491
0.0699069
0.0420881
0.109703
0.0567386
0.0614609
0.108214
0.0819316
0.0460011
0.0675871
0.0473026
0.0830284
0.0750465
0.066243
0.0429944
0.136567
0.0481952
0.077979
0.0994277
0.0435169
0.0507177
0.046171
0.0494855
0.08131
0.0533626
0.098162
0.100665
0.0590606
0.0835858
0.0367739
0.0621589
0.119414
0.0413861
0.0587469
0.0723841
0.111573
0.156157
0.0522734
0.044797
0.0443816
0.0412659
0.0703697
0.059183
0.0359552
0.0484458
0.0348017
0.0766766
0.0532013
0.0906399
0.0898767
0.0561367
0.0522657
0.0510912
0.051445
0.0619704
0.0417446
0.0994809
0.0514087
0.0373754
0.064471
0.0927314
0.0642329
0.054847
0.0753587
0.144758
0.103764
0.0706108
0.0472407
4.45449
0.0807348
0.0381786
0.0696349
0.0703288
0.0540983
1.20259
0.0808452
0.115575
0.0661189
0.0637094
0.0963816
0.109348
0.053946
0.0772541
0.119125
0.0773238
0.0716243
3.67578
0.103646
0.0806631
0.161797
0.075287
0.0438555
0.0760055
0.0363158
0.0531381
0.381244
0.0717979
0.0278693
0.852873
0.10643
0.0948533
0.0931205
0.0576372
0.0870944
0.0370534
0.114714
0.0410001
0.0848853
0.0518509
0.0330369
0.0604771
0.116781
0.0720507
0.110488
0.0715931
0.09411
0.745339
0.0499184
0.049261
0.0966027
0.109645
0.0421631
0.0422721
0.0418304
0.0663719
0.0663955
0.0539953
0.0600784
0.0792115
0.0681545
0.0328844
0.0514956
0.0452925
0.0509336
0.0643967
0.165545
0.065447
0.100339
0.106214
0.0538235
0.030015
0.115561
0.216368
0.148309
0.0532985
0.0738383
0.110091
0.0802394
0.0556491
0.0513258
0.0575238
0.0857006
0.0891774
0.0423368
0.0305349
0.0518548
0.0675073
0.0835895
0.116214
0.142773
0.130461
0.0703215
0.0528521
0.059591
0.0802778
0.0506697
0.099287
0.0316779
0.0666706
0.114326
0.104547
0.0690848
0.0202344
0.148901
0.138378
0.130923
0.0491674
0.0576224
1.9754
0.110082
0.046797
0.045403
0.0465905
0.063577
0.0762988
0.0386672
0.0686197
0.0870984
0.387213
