0.678787
1.69615
0.0952723
0.346381
1.44668
1.02269
0.180363
1.18958
1.4572
1.50575
1.3427
1.81498
1.11744
0.200527
0.0941572
0.185633
0.652018
0.828735
2.12348
1.3236
0.284451
0.134107
1.5302
2.05007
1.7205
1.60934
0.313046
0.129015
1.28401
0.376698
0.881994
0.0906664
0.0816581
0.821155
0.919206
1.13055
1.54679
2.27274
0.0659725
1.41195
2.97975
1.77252
1.5374
1.85801
0.132981
1.34544
1.05809
1.00626
0.0353122
0.187365
1.72934
1.13713
0.0539712
0.128253
1.56552
0.111801
1.81792
0.248227
0.206745
1.36265
1.1277
1.12706
1.20969
0.132965
0.120069
0.0966211
0.0813566
1.39616
2.07927
1.2765
1.43386
0.822207
1.78345
1.09572
0.906501
0.991419
1.20259
0.877823
0.8366
0.195872
1.00403
1.3942
1.41493
0.184889
0.397828
2.08876
0.216051
0.160464
1.74098
0.13593
0.113928
2.60374
1.30449
0.157608
0.110336
0.0853047
0.222982
0.848745
0.217026
1.05813
0.201459
0.254288
0.932744
1.38052
1.64579
0.0917064
0.161336
0.505383
1.18937
0.136976
0.137038
0.152871
1.48494
0.829368
1.4085
1.82851
1.96541
0.154125
0.219384
0.131295
0.0926418
<<<<<<< HEAD
=======
0.222882
0.0877405
0.187369
1.72664
0.233661
1.17416
0.248798
1.18979
0.81501
0.145121
0.173821
0.131707
1.06765
1.39496
0.256658
1.08533
1.29133
0.444758
0.166314
1.09561
0.504519
1.1547
1.39668
0.250054
1.72729
1.72064
0.111038
2.18828
0.137949
1.40395
0.228832
1.73386
0.638566
0.0872015
0.160163
1.3753
0.950051
1.96686
1.69142
0.141567
0.161958
1.22993
1.52317
1.1935
0.291964
1.43961
1.76517
0.210713
0.761767
0.159186
0.310402
0.224202
1.56621
1.76511
1.33353
1.09611
0.177793
0.48108
0.328759
1.38866
1.9431
0.157093
1.52816
1.17134
1.2727
0.280355
2.2469
1.03252
1.3839
1.28772
1.49608
0.112098
1.23275
1.24513
1.57016
2.01909
0.164923
1.63288
1.16567
0.585434
0.365349
0.276987
0.15983
1.17802
0.884177
1.29731
0.951844
1.28525
0.211451
0.271495
2.44675
0.380491
0.247847
0.135262
0.181533
1.64868
1.22005
0.0816646
1.49879
1.90502
2.59385
1.47778
1.33971
0.183193
0.125319
1.6948
0.142706
0.172263
1.68247
0.0871743
1.61915
1.46778
1.46379
0.183178
0.937865
1.62583
0.157661
0.317284
0.690688
1.35523
0.113131
1.33215
1.27066
>>>>>>> master
