0.193755
1.3578
0.171522
0.504546
0.352636
0.164832
1.87311
2.33102
1.59537
0.245202
0.383743
0.323452
1.85379
0.329745
0.323532
0.2057
0.246543
0.211815
0.213451
0.289025
0.289865
0.418698
0.241918
0.287764
0.323139
0.69066
1.53206
0.160807
0.384222
0.383076
0.198709
0.415527
0.195527
1.38057
0.211325
0.188521
0.191318
0.317055
0.413702
0.198208
0.437837
1.40101
0.317181
1.30592
0.254781
0.326489
0.284049
0.263149
0.27672
1.97907
0.28882
0.379573
0.288432
0.378622
0.209839
0.144536
0.103706
0.333343
0.591729
0.490158
0.433153
0.202236
0.147813
0.376188
0.326005
4.80442
0.329475
0.227595
0.308166
0.10823
0.217935
0.32594
0.409648
0.217177
0.32958
0.169144
0.240885
1.49131
0.142592
0.298096
0.210642
1.45065
0.18975
0.293706
0.768986
1.38712
0.243391
0.267776
0.29317
1.97928
0.2687
0.245458
0.21612
1.66763
0.234811
0.330243
0.19029
0.162775
0.429421
0.213898
0.150293
0.371959
0.349409
0.447762
0.186047
0.407215
0.158435
0.323004
0.285545
0.371203
0.271699
0.202299
0.349156
0.199757
0.267478
0.326556
0.274435
0.16485
0.329096
0.241274
0.244038
1.72543
0.32998
0.224314
0.471463
0.378449
0.291629
0.154497
0.272104
0.130756
0.241236
0.212544
0.241203
0.255084
0.217684
1.06079
0.214827
0.239112
1.36021
0.340348
0.26887
1.73402
0.218393
0.407456
0.173455
0.143681
1.49576
0.342753
0.228259
0.305831
0.467665
0.251526
0.23763
0.15014
0.190251
0.345205
0.134985
0.302603
0.31192
0.208347
0.561703
0.179271
0.168676
0.325848
0.321522
1.23584
0.166537
0.247289
0.15219
0.326094
0.397325
0.22004
0.441161
0.19054
0.209893
0.364566
0.142965
0.255712
0.179493
2.02279
1.40881
0.615785
1.24811
0.263921
0.229845
1.92309
0.176673
0.156901
2.34813
1.70497
0.167493
0.31916
0.255116
0.357891
0.29178
1.12968
0.210783
0.552833
0.461287
0.482619
0.331697
0.159504
0.479769
0.133618
0.153402
0.3507
0.241558
2.19724
0.215505
0.13574
0.178616
0.250549
0.217611
0.232293
1.31583
0.288121
1.28525
0.243019
0.157417
0.675186
0.308511
0.25586
0.373516
0.231273
0.123107
0.380377
0.406532
0.306021
0.640309
0.904977
0.267091
0.222242
1.24646
0.791193
0.235585
0.816947
0.210077
0.359414
2.27215
0.20778
0.12341
2.74025
1.23189
0.251987
0.408413
2.42621
0.201487
0.305577
0.370934
1.20374
0.277235
0.196278
0.184734
0.280149
0.313862
0.223898
1.42974
0.461926
0.271973
0.442167
0.266549
0.432665
0.322213
0.430984
0.15967
1.46902
1.67676
1.04015
0.331909
0.275436
0.197415
0.292484
1.65947
1.62304
0.222054
0.628255
0.262083
0.377685
0.98634
1.22142
1.85613
0.277858
0.385481
0.392342
0.24241
1.51355
0.223848
0.957728
0.393388
2.02599
0.428704
0.0902907
0.313432
1.02492
1.39806
0.151548
0.136664
0.201912
0.162619
0.358872
0.285323
0.133193
0.315643
0.228517
0.107581
0.387428
1.54768
0.145664
0.196605
0.19849
3.54021
0.355712
0.43004
3.07379
0.381596
0.228921
0.191076
0.16717
0.330942
1.8938
0.309915
0.26192
0.419479
0.34743
0.078221
0.270088
0.194768
0.208348
0.188017
1.14455
1.2718
0.344161
0.164175
0.157532
0.239758
2.0308
0.386701
0.220274
0.137111
1.53965
0.180999
0.265459
1.56208
0.300674
0.416518
0.322321
1.86099
3.07835
0.178287
0.203487
0.126029
0.336409
0.310828
0.292408
0.210056
0.14047
0.234404
0.351027
0.377405
1.826
1.23683
0.233932
0.204842
1.30418
0.167558
0.368924
0.626896
0.414236
0.47405
0.753543
0.296874
2.00162
0.539189
0.311117
0.522324
0.268425
0.334713
0.236679
0.133255
1.36119
0.178573
1.98513
0.189359
1.92965
0.216241
0.334089
0.580729
0.351587
0.228852
0.282866
0.390499
1.69787
0.195492
0.389287
1.66356
0.767695
0.300263
1.45344
0.390696
2.36114
0.285707
1.21274
0.208639
0.209575
0.241315
2.9326
0.336495
0.157792
0.305276
0.318266
0.261325
0.274184
0.300833
0.371913
0.222262
1.2119
0.356785
1.35514
2.12029
1.45243
2.15096
0.251007
0.226151
0.233609
0.118981
0.310995
0.196995
0.275263
1.10434
0.181037
3.05289
0.197921
0.368124
0.316253
0.129102
1.48215
2.34176
0.46947
0.327063
0.311893
0.484197
0.362862
0.245404
0.257981
2.81661
0.158318
0.517524
0.146442
0.257037
0.299917
0.253039
0.193455
0.132201
0.209029
0.250612
0.123298
0.916913
0.088718
0.156667
0.324007
0.398494
0.223827
0.536632
0.390173
0.0833398
0.287105
0.476759
0.183332
0.235886
0.346727
0.372532
0.141984
0.287676
0.488668
1.13425
0.479738
1.25868
0.534689
0.348722
0.400679
0.195807
0.214853
0.248952
0.370397
0.354818
0.3151
1.24871
0.109618
0.331166
0.252157
0.267021
0.207602
0.25137
0.389803
0.219853
0.224647
0.420466
0.223391
0.501263
0.173033
0.16266
0.284506
0.947152
0.342521
0.299822
0.336106
0.210336
1.05043
0.983361
0.200645
0.21545
0.219462
0.108037
0.284765
0.351711
0.313086
2.14823
1.86205
0.123087
0.462587
0.131337
0.348329
0.252036
0.300319
1.14357
0.250032
0.322253
0.272684
1.22737
0.244279
0.473528
2.44643
2.25405
0.308463
0.273008
0.290239
0.222743
1.16483
0.361748
0.147999
0.276173
0.21684
1.21502
0.135953
0.243189
2.11792
0.717265
0.418554
0.502006
0.225507
0.241364
0.205984
3.151
0.233853
0.8273
1.24346
1.59448
0.446185
0.109643
0.181327
0.275237
0.118533
0.3492
0.228106
0.303315
0.306514
0.456155
1.49745
1.20575
0.625249
0.182392
0.472744
0.137454
1.73323
0.207059
0.300205
0.443468
1.39501
0.270663
0.204758
0.156604
0.192275
1.71385
1.45329
0.157337
1.59823
0.250735
0.173999
0.151419
0.306992
1.60459
0.260538
0.460739
0.261279
1.47572
2.15456
0.14156
0.221677
0.356037
0.91743
0.314462
0.918787
0.330766
0.196925
1.52667
0.175934
0.218798
0.29227
0.325182
0.193464
0.40147
1.72355
0.208698
2.44647
0.437125
0.158885
0.218639
2.17769
0.290157
0.170116
0.208353
0.432733
0.200879
0.119123
0.552862
2.03212
0.165207
5.77213
0.180288
0.350464
0.118924
0.289655
0.300366
0.422497
0.186866
1.00885
0.16787
0.226639
0.362657
0.269196
0.210229
1.05264
0.120981
0.267648
0.29372
0.825607
0.147047
0.417938
0.26623
0.135649
0.227263
0.16003
1.99171
1.32873
0.45668
0.108484
0.239641
0.52352
0.142359
0.392027
3.80424
0.283983
0.517359
0.257244
0.180509
0.16685
0.278307
0.162249
0.353475
0.586139
0.152689
0.202139
0.109452
0.372764
1.47341
0.680344
0.12622
0.128518
2.74886
0.150148
0.219231
0.422485
0.39944
0.527173
0.24289
1.5716
2.42707
1.47551
0.24284
0.380772
0.301028
0.259593
1.73142
0.155221
0.186066
0.361547
0.135421
0.337647
0.197846
0.30462
0.301464
0.265757
1.85123
0.640555
0.923981
0.209224
0.247487
1.23888
0.150346
1.33159
1.43033
1.51241
0.591176
0.289989
0.259032
0.207495
0.24063
1.73215
0.255269
2.12582
0.210755
0.320104
0.331861
0.583666
1.40496
0.296521
0.249231
0.36418
3.42661
0.163792
0.321959
0.377762
0.230822
0.240499
0.382307
0.490482
3.13707
0.2673
0.149166
0.161748
0.300885
0.331857
0.151472
0.284395
0.282312
0.539479
0.169904
0.290219
0.342422
0.337867
0.35143
0.320514
0.263848
2.18263
1.06086
0.191843
0.455454
0.211222
0.185651
0.209625
3.22627
0.961958
0.268806
1.52878
0.461739
0.135388
0.267122
0.129084
0.19518
0.42171
0.15197
0.522321
0.375986
2.46102
0.394729
0.203337
0.410992
0.0957781
0.214693
2.43276
2.93069
0.285547
4.12501
0.325834
0.209294
1.04377
0.348484
0.253858
1.87062
0.317836
0.221439
0.394497
0.183784
0.24539
0.167481
0.592225
0.0911149
0.479509
0.260234
0.403541
1.86337
0.220481
1.61257
2.6189
1.47953
0.273511
0.3853
0.435614
0.343672
0.177824
0.190964
0.139792
0.321271
0.242543
0.200495
0.213383
0.14222
0.261862
0.159654
0.239317
0.476331
1.74009
0.323868
0.263707
0.214246
0.268386
0.235402
1.43716
0.23698
0.469429
0.577709
0.326038
0.237183
1.21904
0.17821
0.934005
1.01665
0.339758
0.177953
0.397508
0.349841
0.260554
1.26743
0.183469
1.71087
1.72912
0.322493
0.31183
0.234097
0.286497
1.45489
0.31018
1.84609
0.267275
1.09152
1.39578
0.170139
1.82603
0.463605
0.39474
0.342583
0.371725
0.184195
0.273553
1.11282
0.286939
0.214595
0.214029
0.504605
2.95005
1.30342
0.416678
0.278526
0.321384
0.213049
0.227129
0.255367
0.133315
0.585976
1.90117
0.370327
0.131838
0.204732
0.292219
0.202453
1.56556
0.306089
0.185833
0.144194
0.320995
0.297556
0.339285
0.247011
0.721417
1.50145
0.41112
0.486948
0.231414
0.397514
2.18919
0.287585
0.451086
0.308555
0.297307
0.162389
0.31713
0.277419
0.248618
0.0807721
0.461768
0.202671
0.183736
0.375135
0.465431
0.0779328
2.3123
0.101882
1.81244
0.30789
0.389987
0.132156
0.269509
0.3228
0.154915
0.225274
0.263044
0.72384
0.186832
0.329367
0.162112
0.418543
0.39597
1.24824
0.111618
0.177791
0.232981
1.2801
1.45591
1.97387
1.2484
1.54832
0.296757
0.313257
0.380998
0.259021
0.34456
1.7506
0.272223
0.429978
1.87235
1.26587
0.147105
0.38933
0.273391
0.3454
0.901075
0.236231
0.300475
0.260792
0.211166
0.459172
2.98896
1.19595
0.27337
0.599756
0.539441
0.266249
0.253594
0.243156
0.183996
0.376487
0.233038
0.251285
1.23207
0.226402
0.306484
0.475844
0.14579
0.222489
0.338739
0.192692
0.184563
1.71248
0.292044
2.1875
0.180722
0.37463
0.133475
0.228925
0.117913
0.252673
0.265592
0.314803
0.314186
0.249777
0.368459
0.231457
0.188232
0.46366
0.892053
0.373133
0.338729
1.27888
0.118817
1.32287
0.182061
0.144142
0.157353
0.461275
0.170381
0.437248
0.267645
1.43543
0.179766
1.5915
0.335277
0.187736
1.59956
0.471785
0.127651
0.261678
0.414226
0.199938
0.326996
0.393226
0.394963
0.179407
0.28323
0.204803
0.217472
0.378322
0.150161
1.55935
0.357758
0.269735
0.322162
0.563801
0.240673
1.45722
2.62901
0.360018
0.359486
0.238637
0.397573
0.527516
0.314171
1.09978
0.450424
0.258982
0.175795
1.1476
0.214906
0.274721
0.334743
1.09696
0.187074
0.200506
1.11395
0.254421
0.31532
0.146383
1.2277
0.260989
0.306605
0.542343
0.256044
0.156952
0.34953
0.34739
0.170446
0.174953
0.391865
0.498968
0.273538
0.179119
0.310737
1.59766
0.12097
0.426562
0.211165
0.386703
0.418304
1.23344
1.59608
1.30558
0.167451
0.111735
0.205596
0.147706
0.396748
0.29782
0.141025
0.206301
0.24129
1.85941
0.251216
0.165397
0.234787
0.180973
0.385664
0.417166
0.117639
0.129136
0.479066
0.196704
0.0884189
0.0629523
0.300604
0.294771
0.420132
0.504643
0.257997
0.541848
0.297673
0.359446
0.251366
0.601202
0.303792
1.15921
0.301713
0.285908
0.164458
0.332475
0.297437
0.224518
0.373739
0.244452
0.162403
0.243448
0.237863
0.380581
1.47076
0.15049
0.291421
0.492943
0.214655
0.228474
1.25531
0.285009
0.285379
2.32072
1.11046
1.14516
0.153509
0.198837
0.18337
0.194653
0.132083
0.313327
1.48746
0.466789
0.363225
0.454546
0.302376
0.587453
0.287905
0.283476
0.548068
0.375101
0.514651
0.171955
3.30013
1.1242
0.278457
0.340845
0.338054
0.286907
0.151055
0.312298
0.207386
0.168773
1.09544
1.3603
0.258213
0.247946
0.17823
1.30819
1.46243
0.703841
0.211947
0.23196
2.10499
1.56611
0.0832583
0.392165
1.5026
0.22884
0.205688
0.241404
1.33891
2.07522
0.295627
0.969799
2.35477
0.205
1.779
0.297378
0.456871
1.58739
0.304613
0.312489
2.20778
0.495293
0.357521
0.18668
0.156196
0.139389
1.64261
1.95221
0.406962
0.320127
0.264039
0.190446
0.363064
0.250028
0.298801
0.322478
0.381317
0.246835
0.222793
2.96814
0.189889
0.198841
0.180708
0.238233
0.201335
0.472155
0.325704
0.367706
0.0993147
0.565552
0.19432
0.473097
0.112564
0.45177
0.262318
0.264481
0.291435
0.294604
0.182033
0.231458
4.82899
1.27262
0.285814
0.158192
0.169338
0.196976
0.723702
0.348983
1.14283
0.152407
0.302492
1.10809
0.42599
0.164748
0.236668
0.25763
0.250735
0.173032
1.67376
0.281147
0.172467
0.326004
0.232018
0.158667
0.217369
0.0870382
0.384496
2.33043
0.212442
0.247485
0.0922207
0.266384
1.00612
0.298412
0.526454
1.125
0.326973
0.330575
0.315817
0.332133
0.134378
0.198322
0.27538
1.39517
0.188498
0.323759
0.244411
0.143986
0.135722
0.398914
1.53108
0.502787
0.445243
0.570776
0.2984
0.0808539
2.78662
0.216685
0.185464
2.76546
0.260176
0.345135
1.93665
0.249366
0.435068
0.226723
0.208129
0.259943
1.39429
0.507647
0.355384
1.38609
0.341402
0.325487
1.83423
0.119753
0.293108
0.148223
0.490812
1.51042
0.222233
0.499252
2.36024
0.512443
1.38968
0.236597
0.306411
0.262428
1.8954
1.92769
0.216311
0.450071
0.188759
0.199335
0.147144
0.442385
0.308713
1.21201
0.163502
0.295077
0.215828
0.160664
0.248914
0.232535
0.20128
0.190074
0.245516
0.127374
3.08295
0.254462
0.183179
0.133324
1.19734
2.94814
2.08546
0.303118
0.382107
0.334905
0.209215
0.337635
0.315859
0.168315
0.195853
0.427212
0.981375
0.258726
0.134967
0.251635
0.314413
3.38827
0.197964
0.248703
0.422422
0.308552
0.150669
0.103137
1.32005
0.610867
1.9281
0.383343
0.269417
0.175995
0.487837
0.235462
0.861998
0.268115
0.119543
0.205513
0.552045
0.412711
0.269924
0.20643
0.0873421
0.795145
1.21155
0.516269
0.348658
0.293493
1.15962
0.135338
0.26741
0.232248
0.135931
0.553783
0.252205
0.188231
0.283963
0.449044
0.242365
0.236423
0.217593
0.126698
0.360205
0.267225
0.298722
0.449954
0.674108
0.226644
0.191889
0.222065
0.39591
0.250717
0.207436
0.231251
0.121667
0.30686
0.441855
1.41977
0.167456
0.132177
0.215009
0.158476
1.13999
0.265918
0.401455
1.8895
0.484772
0.383793
0.444042
0.233185
1.64838
0.378837
2.25004
0.274643
0.516173
0.196588
0.101239
0.127114
0.334369
0.557186
0.336638
0.238235
1.67298
2.99171
0.475752
0.265454
0.181686
0.260052
0.597621
0.160523
0.272865
0.409555
1.69585
1.32083
0.121897
0.22526
0.321575
0.578061
1.2735
0.246599
0.301144
0.103273
0.859053
0.214102
0.260284
0.258336
1.69319
0.147028
0.346919
0.506107
0.556917
0.211808
0.136899
0.137714
0.476218
0.460261
0.276426
1.59073
0.456748
0.439259
2.08537
0.873433
0.233743
1.74894
1.26015
0.376157
1.75283
1.53985
1.47389
0.202275
0.408205
0.255104
0.151583
0.299294
0.68134
2.09791
0.177115
0.115322
0.324514
1.56824
0.331152
1.36536
0.207547
1.30692
0.402755
0.3857
0.27202
0.140155
0.258017
0.418529
2.67056
0.163217
0.392309
1.84001
0.269624
1.5473
0.224069
0.179397
0.36434
1.34526
0.104566
0.13242
0.314901
0.189618
0.275256
0.277007
0.461378
0.126585
0.144769
0.226136
0.357684
0.518877
0.365379
0.229943
0.137846
0.230332
0.192472
0.366894
0.203286
0.212667
0.234166
1.34744
0.30005
0.268446
0.390292
0.330596
0.272509
0.618054
0.125276
0.342529
0.589075
1.48207
0.389625
0.339043
0.432161
0.185069
2.68304
1.49909
0.273385
2.36154
0.127903
0.312426
0.581804
0.346876
0.175721
0.381005
0.246218
0.193537
0.219736
1.64522
0.488436
0.348639
0.295259
0.555981
1.18341
0.204255
0.347179
0.279687
0.248724
2.86037
0.24276
0.238852
0.0902853
0.297237
0.232644
2.33705
0.416311
2.57877
1.44913
0.1969
0.245292
1.51657
0.245093
1.90056
0.406053
0.147106
0.189065
0.111874
1.86147
0.13186
1.27122
0.378733
0.206447
1.94122
0.251397
0.243749
0.718058
0.25738
0.272866
2.7039
0.250202
0.440291
0.504537
0.170189
1.45043
0.449646
0.329787
0.180281
0.236681
0.287193
0.210692
0.301568
1.44273
0.305762
0.305628
0.3407
0.383321
0.421185
0.157507
0.127254
0.431068
0.230292
0.0959153
0.296333
0.360851
0.255122
1.96819
0.247685
0.397192
0.289856
0.523128
0.247007
0.26427
0.288989
0.20371
0.430288
0.60399
0.280157
0.264661
0.313536
0.474702
0.132287
0.197572
0.631689
0.224936
0.372835
0.308931
0.238459
0.215124
0.43477
0.279528
0.226757
0.306457
0.319962
0.224073
0.138745
0.196802
0.432409
0.657543
0.278898
1.18785
0.264343
1.46204
0.380446
1.76124
2.67993
0.220161
0.195894
0.301824
0.255046
0.518204
1.57469
0.718222
1.43249
0.188986
1.81553
0.216021
0.212576
0.289207
0.184061
0.161971
0.243301
0.214372
0.285889
0.208942
0.352071
1.35572
0.355051
0.695795
3.34552
0.195375
0.234688
0.184832
0.175697
0.350575
0.246203
1.62567
0.220755
2.9684
0.809629
0.351679
0.314965
0.369959
1.16575
0.20045
0.165649
0.207931
1.2369
0.454021
0.220431
0.497105
0.157358
0.368442
0.254353
0.201845
2.32827
0.209934
0.138164
0.870829
0.0775538
0.851661
0.509136
2.12202
0.257638
0.25724
0.28687
0.106983
0.1423
0.206623
0.263996
0.131195
1.86947
0.182326
0.487477
0.323614
0.491204
0.528431
0.372701
0.35762
0.193452
0.221498
0.437574
0.204033
2.22332
0.413308
0.294544
0.522848
0.264885
0.252348
1.33591
0.29367
0.144878
0.288737
0.13559
1.69272
0.294042
0.204369
0.213149
0.165884
0.101478
0.494445
0.155064
0.204461
0.135212
2.85207
0.182685
0.174474
0.306851
0.21752
2.12288
0.453228
0.285335
0.376696
0.226548
0.160026
0.189828
0.101452
0.598754
0.265084
0.0832541
0.279067
0.145857
0.381368
0.12222
0.135213
0.238843
1.17625
1.04922
0.359597
0.404508
1.76236
0.217519
0.486293
0.285788
0.209811
0.314867
1.68613
0.321837
0.264528
0.117223
0.115205
0.414752
0.23329
0.393987
0.115218
0.34483
0.245028
0.245105
0.174698
0.354812
0.352593
0.162496
0.438852
0.231105
0.382587
0.447403
0.132066
0.252947
2.11755
0.152378
0.132437
0.266058
0.185049
0.0832266
0.229178
3.93712
0.346761
0.375573
0.263394
1.14758
0.176068
2.0608
1.97593
0.460513
0.285504
0.110538
0.438147
0.221077
0.355253
0.365577
0.21184
1.67601
0.433079
0.194392
0.137088
0.159363
2.06365
0.651172
0.232451
3.6079
1.34987
0.14083
0.141226
0.308796
0.159099
4.4849
2.38424
0.259407
1.36156
1.15268
0.570001
0.236207
0.242418
0.242088
0.179968
0.481919
0.323841
0.388962
1.12715
0.450622
0.192138
0.0767665
0.309839
0.146518
0.296111
0.273374
0.284652
0.401605
1.50786
1.46417
0.257903
0.167952
0.200092
0.196166
0.159885
0.70791
0.226643
0.225153
0.373516
0.305771
0.407015
1.85165
0.351859
3.82601
1.00772
0.228703
0.257647
1.68283
0.329237
0.205611
0.335841
0.256835
0.210933
0.398305
0.33334
5.70071
1.17717
2.76679
0.881489
0.103961
0.21602
1.25227
0.100223
0.328788
1.12327
1.50055
1.8818
1.91534
0.282598
0.380063
0.175354
0.340251
0.415426
0.869558
0.172344
0.330711
0.39317
0.210859
0.162791
0.24346
0.174762
0.360199
1.8746
0.927592
0.248337
0.291442
1.69437
0.353758
0.154198
0.439543
0.167501
0.299765
0.48242
0.132788
0.593041
0.341018
0.184633
0.25887
0.181807
2.40257
0.41716
0.255054
2.40224
2.10332
0.168181
0.549676
0.237086
1.62982
0.230758
0.30104
0.159664
0.260187
0.134262
0.213472
0.183572
1.61659
0.14981
0.251676
1.13302
1.4421
0.174071
0.325364
0.206872
1.20473
0.373152
0.326938
0.429813
1.1767
1.5856
0.320975
4.6781
0.243211
0.246623
0.218625
0.337749
0.142619
0.158433
0.480764
0.25108
1.26721
0.266429
0.180526
0.545212
1.07982
0.233548
0.23245
1.59158
0.348737
2.68407
0.190783
1.86058
0.148961
0.261186
0.171642
0.21298
0.42221
0.123625
2.09489
0.204708
0.96897
0.12177
0.35717
0.149749
0.097493
0.389632
0.30606
1.26718
0.185886
2.21904
0.178354
0.181057
0.0926827
0.271932
0.30099
1.35608
0.228051
0.191645
0.17566
0.277738
1.35541
0.39319
0.143589
0.20174
0.0958606
1.84916
0.172699
1.29631
0.313156
1.83667
0.136107
0.38761
0.23505
2.15434
0.233584
0.129321
0.258494
0.99253
1.46432
0.243932
0.337999
1.45379
0.170812
0.70939
0.461344
0.378702
1.75617
1.66476
0.312002
0.191245
2.2336
0.131709
0.477407
0.154802
0.210118
0.126524
1.49543
0.225801
1.98228
0.438625
0.271819
0.405913
0.266498
0.17227
1.22997
1.93792
0.355774
0.171767
0.314917
1.60302
1.02421
2.10882
0.278914
0.479022
1.29263
0.24927
0.0905583
0.151159
0.360058
0.149088
0.383002
0.12261
1.84986
0.373601
0.258577
0.387091
0.163852
0.154923
2.06289
0.215208
0.478837
1.07286
0.32731
0.240561
0.221322
0.451516
2.09154
2.23506
0.13773
0.163864
0.341932
0.197222
0.278403
0.492006
0.306348
1.48942
0.17842
0.222174
0.320119
0.484176
0.250674
0.10343
0.193923
0.250781
1.50221
0.238925
0.307861
0.356776
1.8063
1.60229
0.353771
0.30969
0.196003
0.28524
0.13297
0.143275
1.20317
0.280419
0.238352
0.179876
0.323285
0.215639
0.207375
0.13996
0.883969
0.131267
0.20024
0.467661
0.412363
0.281982
0.742842
0.170133
0.201425
0.259531
0.21635
1.42319
1.528
0.197704
0.364649
1.93499
0.410729
0.190373
0.135562
2.74363
0.335191
0.14311
0.293932
0.351009
0.307251
0.173323
0.278958
0.298052
0.251561
0.394328
0.196517
0.429572
3.00557
0.186552
0.235782
0.276988
3.00364
0.169436
0.200631
0.449617
0.331645
0.399967
0.237128
0.305701
0.169425
0.267787
0.301361
0.435971
0.400917
0.316714
0.372187
3.94016
0.188346
0.338369
0.134875
3.42353
0.124637
0.83956
0.243581
0.174969
1.02214
0.301628
0.212716
0.185541
0.299279
0.195461
3.04696
0.188725
0.161762
0.305646
0.196608
0.583506
0.147873
0.226296
1.34489
0.399951
0.610071
0.21433
0.112894
1.29279
1.34683
0.367825
0.180584
1.11642
0.133373
0.246594
0.251284
0.287778
0.191465
1.94942
0.241025
0.323777
0.199602
0.177876
0.343704
0.293958
1.42007
0.261422
0.141638
0.215678
0.228365
1.84957
0.161172
0.197932
0.14199
1.42864
4.63495
0.253567
0.256029
0.164098
0.301534
2.76043
0.295353
0.148334
0.174149
0.180134
0.291892
0.293109
0.257985
0.211349
0.129983
0.308683
0.970528
0.97313
0.407407
0.386316
0.234248
0.226171
0.23637
1.78259
0.299995
0.228317
0.11364
0.259884
0.166312
0.432937
0.337365
0.17052
0.283885
0.190158
0.3582
0.222777
0.263361
0.968105
0.213528
0.383002
0.326215
0.147419
1.51541
0.166664
1.31257
1.7735
0.0844882
0.198489
0.703347
0.308744
0.340104
0.442879
0.143483
0.15861
0.331527
0.200934
0.366035
0.186339
0.25653
1.21921
1.24845
0.208918
2.04112
0.414999
1.28581
0.277182
0.266042
0.308516
1.02817
0.161082
1.49348
0.200785
0.166573
0.304696
0.228712
1.66341
0.579527
0.21732
0.220017
1.6477
1.89787
0.156568
0.527981
0.222179
0.298111
0.110531
0.325841
0.210149
1.61376
0.224775
0.209404
0.253497
0.211194
0.3417
0.146714
1.79456
0.409552
0.23857
0.473258
0.223588
0.346554
2.33388
0.275279
0.382326
0.156326
0.338305
1.2758
0.251699
0.264421
2.01903
0.32195
0.222144
0.231439
1.05602
0.325489
1.72124
0.278207
0.231208
0.159571
0.304191
0.171142
0.305665
0.208568
0.159068
1.3232
0.139368
0.310644
2.29898
0.18015
0.539368
0.0952924
0.257713
0.408888
0.133354
0.202069
0.258545
5.54727
0.160478
0.169805
0.285838
0.329189
0.222071
0.712466
0.233808
2.00755
0.339598
0.11026
0.22773
2.76217
0.240595
1.54541
3.05768
0.222675
0.123372
0.31867
0.260984
0.707737
0.2593
0.966057
0.0694933
0.361147
0.237217
0.303101
0.466705
0.240847
0.283836
0.300735
0.215647
0.215352
0.325947
1.06331
0.316166
0.217268
0.308501
0.466646
0.281468
0.169501
0.259446
0.274953
0.26228
0.330515
5.52952
0.296784
2.51608
0.147724
0.260826
0.335665
0.276344
0.282049
0.195638
0.985688
2.29487
0.139939
0.252216
0.242557
0.191194
4.14638
2.11118
0.230596
0.225263
2.49718
0.135627
0.24176
0.308987
0.295595
0.221317
0.186229
0.362345
0.112863
0.181359
0.143704
0.229075
0.418869
0.289286
0.398426
1.97022
0.267554
0.273364
0.147249
0.218829
0.934498
0.311148
0.115108
0.249236
1.98955
0.221445
0.12252
0.145107
0.237009
0.316903
0.209638
0.60157
0.0831767
0.527638
0.48161
1.29775
0.214013
0.109345
0.242045
1.4366
0.467921
0.336489
0.333629
0.259949
0.250857
0.26064
0.218677
0.181298
0.832216
2.60449
1.36471
0.228934
0.199649
0.50656
0.185555
0.504429
0.172739
0.301893
0.218803
1.23217
2.0494
1.08243
0.280031
0.144772
0.219144
1.51871
0.260415
0.168374
0.367701
0.303807
0.263923
0.254896
4.07501
1.36156
0.437571
0.235435
0.244423
0.262498
0.324977
0.26783
0.280426
0.259118
0.391422
0.312471
0.556495
0.226137
0.114553
1.98331
0.17645
0.209728
0.225302
0.215607
0.751164
0.141247
0.125992
1.38377
0.429469
1.27748
0.284027
0.249442
0.295494
0.286879
0.140133
0.255962
1.57759
0.271956
1.1813
0.273214
0.206641
0.260684
0.263911
0.152935
2.09465
0.491091
0.299225
0.185274
0.534323
0.198692
1.14228
0.158545
0.2584
2.56648
0.256568
0.265068
0.199382
0.149624
0.354327
1.41426
0.288276
0.145179
0.249762
1.17703
1.14927
0.35612
0.490877
1.38767
0.333316
0.330926
0.218724
1.67818
1.64696
0.1768
0.169325
0.426482
0.198189
0.357833
0.284666
1.43616
0.155071
0.218458
0.233416
0.462346
0.242515
0.368191
0.271651
0.127025
0.0451872
0.238087
2.21657
0.126562
1.88518
0.0641005
1.10575
1.4291
1.4309
0.186462
0.17093
0.238981
0.258958
2.83974
2.50074
0.227486
0.365168
1.80212
0.189991
0.203932
0.303246
1.38871
1.54472
0.142516
0.233424
0.333162
0.258465
0.15971
0.16456
0.415624
1.39932
0.119253
0.171022
0.225536
0.300097
0.259953
0.138418
0.301878
1.33049
0.316095
1.72126
0.281363
2.45806
3.73481
0.156034
0.430399
1.89677
0.22967
0.275113
0.224776
0.553894
1.60284
0.306441
0.263828
1.10948
1.63353
0.114974
1.85691
0.439814
0.32163
0.458442
0.506414
0.266012
0.312562
0.173363
0.20457
0.279405
1.65713
0.261752
0.110252
0.223134
0.308276
0.242449
0.317776
0.158502
0.322765
0.154188
0.148097
0.196918
0.538441
0.154688
0.317768
0.360528
0.181158
0.349321
0.209456
0.443455
0.243729
0.625456
1.13297
1.33994
0.239524
0.237837
0.200438
2.03197
0.200701
1.42296
0.139541
0.378965
0.161886
0.502794
0.137561
0.284861
0.430455
1.40237
1.45252
0.559564
0.295334
0.230342
0.474773
2.01556
0.219172
0.249412
0.502139
0.561021
0.304357
1.5603
1.3765
0.204434
0.197104
1.8904
0.477094
0.302508
0.782595
0.262936
0.160673
1.34089
0.222948
0.230968
0.768043
0.280275
0.261903
0.40026
0.334161
0.321979
1.56864
0.163455
0.353478
0.236616
0.236322
0.30007
0.367272
2.15416
1.27867
0.20168
1.2699
0.0801006
0.307894
1.96226
0.413665
0.69784
1.89498
0.168874
0.331784
0.25608
0.313774
0.282381
0.200385
0.181391
0.288856
0.25011
1.3212
0.374408
2.37042
2.55741
0.237828
0.288642
0.317782
0.353076
0.448446
0.352349
0.309429
3.57996
0.84231
0.240976
0.141346
0.223066
0.416299
0.297177
0.257009
0.381064
0.231809
0.237818
0.428568
0.467017
0.347807
0.189319
0.197387
0.231776
0.191081
0.175869
0.228498
0.217873
0.351703
0.296891
0.440404
0.239518
0.986756
0.270527
0.216555
0.0572635
0.219486
0.185836
0.092658
0.200981
0.212024
1.1352
0.101398
2.28029
0.191661
0.299316
0.21496
0.486261
3.14573
1.16092
0.405246
0.307942
0.192817
0.163991
0.200302
0.345887
0.882143
2.75425
1.32508
3.58914
0.322859
0.132849
0.346419
0.424625
0.171324
1.81506
0.225291
0.155368
0.270876
0.269165
1.46465
0.344899
0.255102
0.267386
0.263522
0.151455
0.162815
0.187035
0.277452
0.156096
0.221683
0.241472
0.380004
0.165566
0.25249
0.195598
0.476315
0.23163
0.215283
0.241886
0.602357
0.373252
0.231818
0.292715
0.427553
0.325877
0.253582
0.281992
1.21807
0.169924
0.277874
0.415475
1.51079
0.306693
0.173176
0.193876
1.61574
0.308474
0.184825
0.292948
0.341199
0.139095
0.0655189
0.357097
0.222838
0.194971
0.170398
1.83211
0.444274
0.31333
0.341739
0.212759
0.192019
0.231781
0.336379
0.244783
0.22847
0.962553
0.199812
0.495939
0.299928
1.90305
0.413591
1.15517
0.280676
0.216158
0.144265
0.223071
0.242649
0.193942
0.382609
0.216807
0.303557
0.213539
1.24377
1.32779
0.166455
0.43763
0.233702
0.258359
0.218803
0.952872
0.970047
0.341318
0.188474
2.62155
0.0681069
1.5442
1.00133
0.23624
0.135673
0.303838
1.3499
0.270921
0.335451
0.208992
0.21005
0.294764
0.226748
0.193752
0.163051
0.219882
0.847907
0.328742
0.429992
1.00932
0.361467
0.287243
0.170328
0.239401
0.273288
0.391852
0.109978
1.44185
1.78227
0.234317
0.175189
0.215456
0.198921
1.71827
0.188486
1.23559
0.360164
1.66399
2.80279
0.194243
0.714198
0.662032
0.1643
0.231615
0.161873
0.266205
0.105443
0.211907
0.119082
0.481764
0.258459
0.50257
0.159218
2.16956
0.198293
0.224903
0.38944
0.372638
0.134276
0.173305
0.190651
0.152359
0.198963
0.254258
0.287175
0.271888
2.21628
1.60186
0.219271
0.164402
0.326196
2.42463
0.384757
0.209452
0.277901
3.83961
0.34305
0.718176
0.32572
2.4348
0.208561
0.279944
0.481915
0.304337
0.16184
1.33847
0.284986
0.170665
1.19234
0.217941
0.181576
0.348332
0.299712
0.105726
0.292101
0.32313
0.195964
1.13834
1.13475
0.432114
0.171108
1.64295
0.108173
0.0864385
0.207169
1.64194
0.338316
0.279632
1.10059
0.615519
0.483996
0.210672
0.248718
0.168306
1.96115
0.363267
0.467876
1.2764
0.258625
0.321875
0.300604
0.314135
0.173302
0.259753
0.127679
0.119591
0.0875217
0.283837
0.413401
0.601979
0.198857
1.45267
0.229227
0.418735
0.308373
0.348615
1.37428
0.167822
0.167804
0.0941851
0.594957
2.09819
0.129038
0.382581
1.3685
0.197541
1.85816
0.13754
0.296505
0.183808
0.155182
1.44375
0.150687
0.368433
0.379497
0.298178
0.651887
0.18481
0.225765
0.238195
0.214898
1.56076
0.476124
0.50227
0.457345
1.02195
0.318762
0.28532
2.67482
0.2763
0.360283
0.209383
2.73391
0.478442
0.182442
0.332291
0.122525
0.156589
0.335895
0.20798
1.23544
0.292442
0.459524
0.485965
0.91613
0.256837
0.288883
0.203127
0.317771
0.191806
0.325052
0.18899
0.355878
0.25959
0.475219
0.149787
0.406601
1.23559
0.221177
0.198945
1.32873
0.35537
0.260285
0.294308
0.250609
0.17795
0.192219
0.421876
0.146338
0.452539
0.287472
0.189456
1.35928
0.146266
0.216064
0.473009
0.207669
0.312
0.398488
0.446434
0.285288
0.192579
0.292121
0.0982032
0.283646
0.277581
1.62886
0.377235
1.21518
0.354966
0.336349
1.61681
0.232907
0.193369
0.352537
0.116023
0.268207
1.60533
0.454403
0.304736
0.381008
0.314374
0.218894
0.424779
0.350049
0.281779
0.40606
0.324396
1.57308
0.169008
0.261485
1.33894
0.233182
0.212349
0.37998
0.351576
0.630101
0.29427
0.255872
1.66161
0.179352
0.295019
2.13219
0.362501
2.70547
0.220378
0.152334
0.32331
0.298843
0.170139
0.116817
0.254165
0.175016
0.318077
0.298608
0.300401
0.213528
1.7049
3.23582
0.297219
0.252841
1.6066
0.186687
0.24034
0.451896
0.312744
0.236064
0.128292
0.140984
0.393419
0.465412
1.91637
1.00882
0.725036
0.386527
1.0845
0.158742
2.58702
0.303735
2.80806
1.66648
0.264046
0.279137
0.286795
0.280594
0.339144
0.132559
0.182472
0.177656
0.175464
0.257877
0.513953
0.195685
0.233461
0.471938
0.132519
1.08041
0.286724
1.95571
4.86674
0.210523
0.147066
2.70811
0.379275
0.318215
0.295204
1.37977
1.2677
0.323214
0.324401
0.225711
0.215927
0.131319
0.290546
0.314221
0.338306
1.395
0.276046
0.28141
0.405668
0.453279
1.50953
0.173939
0.376154
0.269993
0.102623
0.212052
0.270942
0.306152
0.502768
0.362255
0.143208
0.332934
0.1531
0.214522
0.245458
0.267487
0.0770547
0.689006
0.233844
0.301265
0.334684
0.319418
0.189742
0.434117
0.131114
0.308526
0.240798
0.292339
0.257204
0.154484
0.165185
1.82414
0.25084
0.286513
0.116283
1.40561
0.178933
3.00664
0.192827
1.39213
1.93863
1.28345
0.293171
0.327536
0.268784
0.361551
0.162552
0.285135
0.28523
0.401774
0.319565
0.104188
1.79494
1.74634
0.374692
0.384057
1.08795
0.454694
0.295704
0.222614
0.299653
0.180318
1.13091
1.34415
1.2862
0.750566
1.5947
0.189953
1.62053
0.161649
0.181301
0.50672
0.305566
0.41679
0.403254
1.44773
0.304541
0.261981
0.320566
0.281023
0.599504
0.220582
0.153776
0.219807
0.306694
1.43569
0.174621
0.104072
0.391425
0.155973
0.236073
0.163556
1.9585
0.317497
2.72504
0.503907
0.367725
0.441497
0.369498
0.176814
0.205573
1.27277
0.322232
0.30445
0.260987
2.40737
0.422782
0.381515
0.398281
1.34727
1.39096
2.17481
0.650799
0.229522
1.78402
0.0836429
0.285069
2.08042
0.307056
1.58108
0.185713
0.246639
1.48131
0.204465
0.491014
0.417098
0.176398
0.138327
0.256196
1.46787
0.292012
0.154804
0.212459
0.138798
0.480325
0.129822
0.468343
0.318083
0.236974
0.317724
0.331254
0.232949
0.316332
0.272819
0.202669
0.230046
1.45288
0.378895
0.405161
0.284482
0.158669
0.246634
0.240629
0.233202
0.513659
0.210284
0.196608
0.341807
0.144783
0.259761
0.322832
0.411709
0.310671
0.168014
0.243873
0.120892
0.349222
0.488941
0.130493
0.235873
0.296237
0.198202
0.153293
0.169638
0.265458
0.101358
1.23943
0.209142
0.378467
0.164631
0.348918
0.118706
0.360389
0.251537
0.255169
0.305607
0.215044
0.255553
0.349154
0.195334
0.309266
1.38772
1.69804
0.255291
2.12006
0.442663
0.269493
1.60823
0.252379
1.90948
0.390906
0.379129
1.28611
0.410508
0.933891
0.39881
0.250834
0.29916
3.35108
0.512402
0.256643
0.184931
0.240839
0.384059
0.266315
0.125494
0.370917
0.444438
0.200266
0.135272
0.286284
0.291935
0.486714
1.26351
0.371837
0.467825
0.317702
0.216138
0.202014
0.352497
0.459304
0.177825
0.217364
0.207692
0.354212
0.469932
0.205275
0.278068
0.370204
0.353601
0.244062
0.419918
0.132833
0.248269
0.468219
0.192462
0.394328
1.01731
0.190001
2.585
0.201786
0.213509
1.54831
2.00077
2.79887
0.54005
0.307197
0.242642
0.314328
0.410575
0.159381
0.511598
0.36605
0.297148
0.774698
0.238527
0.288039
1.18331
2.58728
0.270699
0.387145
4.12123
0.193755
1.0419
0.506129
0.319234
1.23009
0.324567
0.201902
0.169133
1.20735
1.47045
0.225941
0.271763
0.219443
0.576266
0.245384
0.369332
0.29712
0.168557
0.181868
4.39327
0.126814
0.145589
0.604683
0.361408
0.191362
0.282698
0.13542
0.283774
0.217799
0.228253
0.347953
0.273761
0.175755
0.241026
0.249666
0.376709
0.316103
0.635559
2.82728
0.122338
0.152393
1.98796
1.61578
1.46042
0.22437
1.51054
0.411948
0.120849
0.279131
1.68955
0.98968
0.268738
0.294366
0.21749
0.148065
0.246031
0.552133
0.171317
0.237918
0.19082
0.288494
0.504375
0.356092
0.109816
0.1819
0.2798
1.35867
0.380603
0.210256
0.341309
0.129006
0.29503
0.379516
0.155798
0.281912
0.227966
0.229048
2.36143
0.309271
0.193751
1.61785
0.35346
0.330287
0.173855
0.287939
0.304241
2.67737
0.199648
0.260267
2.80661
1.19494
3.67562
0.165128
0.316855
1.46848
0.167247
0.152596
0.15609
0.0643775
0.410144
1.14065
0.266894
0.244645
1.61784
0.351897
5.37148
2.20917
0.415908
0.554584
0.276035
0.266019
1.10709
0.321161
0.275921
0.251356
2.40187
1.38172
0.355752
0.170408
0.383171
0.25409
0.290507
0.607306
0.104984
2.36466
0.261714
0.335726
0.698033
0.366388
0.314485
0.402533
0.325019
1.09636
0.169402
0.1823
0.26842
0.196991
0.108588
0.387564
1.1695
0.211703
0.263077
0.26077
1.76114
1.65743
1.83925
0.207794
0.196386
0.150543
0.358043
0.3766
1.72299
0.239402
0.175172
0.0894685
0.326455
1.74196
0.345818
0.326744
0.333445
0.269628
0.224215
0.218315
0.223006
1.37658
0.187792
0.285765
3.52072
0.184056
0.217666
1.80659
0.415235
0.301836
0.276275
1.51973
0.390504
0.359275
0.455085
0.212605
0.168237
1.93384
1.05786
1.88061
0.144755
0.365015
0.199253
1.62644
0.20588
1.30708
0.708435
1.00014
0.541915
0.16623
0.215154
0.179229
2.68204
0.45217
0.434366
0.335265
0.233975
0.351409
0.242514
0.113343
1.06971
1.32655
0.240478
0.33984
1.35888
0.315869
1.76521
0.708059
0.226658
1.32218
2.6556
0.271421
0.16822
0.194871
0.945416
0.293969
0.395819
0.600817
0.237103
0.313216
1.34632
1.74357
2.38207
0.399995
1.2163
0.553361
0.265906
0.185264
1.70548
0.199145
0.236633
0.184448
0.20109
0.613254
2.63465
0.989387
0.208013
0.292737
0.347387
0.297484
0.348582
0.375
0.356892
0.438485
0.266214
1.52271
0.32504
1.7875
0.104357
1.18485
0.189312
0.210244
0.324555
0.246462
0.470012
0.209483
0.383818
0.269496
1.16846
0.178983
0.152663
1.09278
0.213707
0.423699
1.54893
4.30793
1.6347
1.82082
0.108562
0.222426
0.197343
0.18669
0.974023
0.305491
0.413129
1.56065
0.482745
0.397251
0.454446
0.277182
0.40006
0.0837657
1.40368
0.377897
0.360458
0.290664
0.323837
0.258107
0.286143
0.546927
0.25187
0.40653
0.202712
0.189747
0.345002
0.466617
1.13755
1.61933
1.22337
1.14176
0.330884
0.440323
0.272331
0.196629
0.273211
0.245714
0.403938
2.18993
0.291333
0.234583
0.292467
0.237227
0.253538
1.81649
0.188745
0.121728
3.31109
0.271285
2.18258
1.69607
0.145323
0.297842
1.22501
1.08251
1.64811
0.428751
0.897186
0.274631
0.53661
0.0426731
0.145316
0.0893629
0.17225
0.466253
0.268942
0.239024
0.376409
0.348772
0.171275
0.341483
1.31516
0.311226
0.318478
0.187003
0.284848
0.403097
0.276217
0.276024
0.167453
0.277675
0.251242
0.232144
0.422089
1.98494
2.30345
0.122723
0.126714
0.16753
0.372725
0.339755
0.19303
1.93462
0.138615
0.43781
0.175592
0.271802
0.186869
0.318584
0.517773
1.66631
0.18083
3.96678
2.35121
0.367155
0.99704
0.186216
0.409742
0.206444
0.374793
1.6658
1.25067
0.303993
1.19951
2.91212
2.41476
3.02888
1.3657
0.518672
0.420417
0.391022
0.356546
0.365242
0.724384
0.397095
0.31674
0.359362
0.234438
0.372853
1.29441
0.194825
0.213637
0.513124
0.367556
2.87237
0.313946
0.516645
1.34655
0.299622
0.301605
0.35745
3.05106
0.235783
0.262929
0.241515
0.278792
0.24085
0.146761
1.16173
0.365407
0.185014
0.107438
0.147235
0.125648
0.235517
0.369668
0.281445
0.209227
0.297765
1.95897
0.298699
0.355847
1.43731
0.172731
1.09819
0.424388
0.254171
1.98587
0.331088
0.393482
0.15106
0.350094
1.93578
1.44534
0.239573
1.76663
0.289506
0.275224
1.52028
0.271966
0.217098
1.25089
0.519137
0.150714
0.250837
0.519885
0.392078
0.436168
0.366441
0.236693
0.111396
0.220377
0.335729
0.117047
0.30936
0.176125
0.577409
0.163798
0.370256
1.97315
2.10735
0.21595
0.226313
0.52217
1.56021
0.0847111
1.44363
0.197606
1.13701
0.196066
0.258662
0.37983
0.192884
0.162712
0.200847
0.18885
0.496025
0.394111
0.219497
0.152053
0.347781
0.139881
1.75849
0.353581
0.212588
0.238565
0.246621
0.306718
0.37643
0.429646
1.20023
0.292986
0.133904
2.1586
0.220202
0.231247
0.321294
0.458497
0.17713
0.140069
0.374222
0.225421
0.273637
0.296809
0.393003
1.29619
0.15167
0.177754
0.320835
0.400868
0.133224
0.400747
0.173906
0.0948431
0.28936
0.303986
0.303623
0.177992
0.476093
0.211444
0.870728
1.36952
0.309926
0.324047
2.21163
0.325999
0.654152
0.361625
0.249079
1.97668
0.157604
0.423133
0.331935
0.163495
0.25223
0.211845
0.180861
1.61335
0.489607
0.2652
0.415173
1.09011
1.22636
1.85748
0.18757
0.244247
0.23641
0.331571
0.260994
0.148736
0.316907
0.178913
1.82157
0.401231
0.449143
0.55505
0.435031
0.150156
0.268652
0.440083
0.315275
0.986277
1.98027
0.334647
0.188008
5.51903
0.20873
0.306847
0.390838
0.236277
0.132419
0.186201
0.240947
1.35613
3.01355
1.21132
0.313047
0.24027
0.362672
0.24696
0.317331
0.225185
0.289589
0.288674
1.77897
0.345808
0.528124
2.04072
1.05523
0.214959
0.232372
0.249839
0.185727
0.144705
0.500483
0.366559
1.45407
0.186234
0.522728
0.352861
1.81072
0.213684
0.191824
1.33011
0.477256
0.173638
0.221214
1.38134
0.175156
0.277022
0.407199
0.228277
0.526791
0.339873
3.26086
0.193794
0.19932
0.245767
2.62082
0.141413
0.252315
1.38928
0.284051
0.257517
0.146062
0.259588
0.275091
0.232711
0.137088
0.121241
0.365119
0.277574
0.491223
0.425483
0.266548
0.209839
3.2166
0.264175
0.275456
1.1223
0.269267
0.32061
0.168082
0.34601
0.261128
0.161181
2.73644
0.367323
0.274841
0.292043
0.188013
0.403368
0.468918
0.201487
1.39464
0.354933
0.230761
0.164694
0.121863
0.287734
0.215621
2.31712
0.429333
0.274237
0.190395
0.303724
0.339401
0.368591
0.249444
0.324791
0.194708
1.55072
0.129851
2.58631
0.218476
0.252233
0.248141
0.400428
0.192553
0.152829
0.743459
0.199448
0.281023
0.291702
0.239644
0.200027
0.325735
0.219715
0.402535
0.298317
0.254813
0.270083
0.300631
0.124556
0.290131
0.265457
0.426173
0.210414
0.427275
1.31446
0.237188
0.305916
0.385
0.202843
1.78393
0.134477
0.344113
0.3743
0.117294
0.269631
0.359815
0.248972
0.21335
0.288893
0.131884
0.163715
0.217022
2.15522
1.65503
0.215465
0.156684
2.94648
0.174033
0.586348
0.239505
1.15761
0.307013
0.155052
0.188559
0.179447
0.352958
0.453884
1.31519
0.403455
0.449275
0.165653
0.155892
4.8592
0.311645
0.338608
1.43881
0.292101
0.27
0.264142
0.288526
0.467194
0.337947
0.302481
0.184483
0.157325
0.422187
0.254462
0.348074
1.57966
0.359632
0.216133
0.253557
0.308879
0.24363
0.202345
0.341391
0.131931
0.189357
0.150818
0.161813
0.243068
1.64644
0.225227
0.240304
0.361066
0.293924
0.341893
0.346006
1.03817
0.121905
3.26093
0.159132
0.348679
0.300985
0.15907
3.47623
0.377481
2.36855
0.370463
0.355164
0.323205
0.244973
0.315407
1.58458
1.06361
0.267491
1.32391
0.288843
0.207239
0.341362
0.290877
0.414557
1.76688
1.30448
0.501196
0.185988
0.529146
0.115302
0.215397
0.144357
0.223496
0.21186
0.287743
1.23183
0.281545
0.273079
0.452608
0.23311
0.258656
1.01024
0.322566
0.258282
0.445753
0.406792
2.11716
0.291019
0.26712
0.214184
0.286842
2.02227
1.23356
0.230185
0.176986
3.13964
0.336338
0.176971
0.174702
0.227036
0.257949
1.16861
0.364757
0.244862
0.311554
0.198031
0.983618
1.81008
0.123288
0.0943614
0.353621
2.90736
1.45604
0.168339
0.539027
0.205213
0.204851
1.79007
0.208514
0.280044
0.451288
0.319826
0.622553
0.276206
0.147643
0.332705
0.486032
0.433967
2.54928
0.277774
1.40395
0.45802
0.223379
0.321325
2.82005
0.221666
1.21985
0.218616
2.1446
0.317071
0.541173
0.88764
1.02249
0.181372
0.187993
0.287741
0.587455
0.267051
1.9344
0.149082
0.415841
0.359161
1.63574
1.83106
0.300254
0.301657
2.89705
0.222471
1.52905
0.464239
0.147209
0.319799
0.192102
0.446866
0.208222
0.426896
1.19936
0.298577
0.218215
0.236074
1.05707
0.283026
0.998899
0.122801
0.278581
0.300495
0.378401
0.37804
0.138374
0.400752
0.188199
2.25583
1.49231
0.420396
0.226612
0.958085
0.849715
0.314221
0.30429
0.269368
0.210657
0.289246
0.291579
0.179642
0.328366
0.250618
1.82751
0.393012
1.34815
0.396049
0.34093
1.29248
0.17102
1.15693
0.231549
1.19542
0.440072
1.48212
0.221848
0.543741
0.359137
0.405861
0.224066
0.323716
2.38204
0.286647
0.460504
0.239445
2.54992
3.27452
0.322598
1.15835
0.496247
1.36428
0.209216
0.661913
0.351369
0.457128
0.13789
0.253258
0.184354
0.116996
0.226234
0.388477
0.238574
0.264095
0.221272
1.17322
0.159756
0.363865
0.200284
0.125038
0.246769
0.255065
0.386933
0.146978
0.248422
0.207559
0.145916
0.420822
0.246058
0.178208
0.130795
1.02272
0.270351
2.14392
1.29291
1.32137
0.199754
0.671577
0.337782
0.0874003
4.39496
0.563678
0.167002
0.20534
1.47135
0.337529
0.103455
0.133743
0.164412
0.35081
0.221371
0.201864
1.29617
0.0711827
0.323321
0.147617
0.301327
2.40094
0.436976
1.41266
0.388576
0.191732
0.296475
0.109575
0.484946
0.771635
0.241432
0.205955
0.314997
0.397924
1.73927
0.417131
0.112459
0.236862
0.140797
0.197121
0.275689
0.444016
0.197792
0.775186
0.299821
0.307303
0.896159
0.226491
0.212057
0.416957
0.167083
0.52119
0.292246
0.229532
0.589322
0.338636
0.115227
0.373679
0.220363
0.163285
0.286974
0.413311
0.212954
0.306334
0.263613
2.1865
0.262965
0.564319
0.147698
0.260272
0.263221
0.235171
0.0944734
0.364459
0.838241
0.318708
0.438365
5.27487
0.311682
0.135365
0.256676
0.307142
0.3018
1.2513
0.179916
1.33239
0.298477
0.472126
0.18769
0.208381
0.245687
0.516473
0.753202
0.283947
0.374044
0.139662
0.403081
0.39528
0.145756
1.19575
0.154845
1.32742
1.87746
1.4609
0.206877
0.123235
0.321641
0.176026
0.238358
0.342124
1.27418
0.280307
0.611509
0.23144
1.34964
0.239449
0.573891
0.348716
0.266496
1.59131
0.988759
0.229296
1.55661
0.222886
0.114854
2.74773
0.501654
0.553304
0.366502
0.267868
0.16982
0.485102
0.393261
0.130997
0.200504
0.446209
0.350575
1.32063
0.204793
0.261986
1.63528
1.82662
1.97605
0.0771587
0.362451
1.14423
0.310108
0.230868
0.297806
0.297828
1.94416
0.348889
0.113486
0.1045
0.185633
1.73531
0.213905
0.219891
0.527251
0.45773
0.272575
0.349513
0.561331
0.220047
0.225141
0.21782
0.257901
0.50455
1.13762
0.286131
0.294871
0.224591
0.354455
0.324013
1.29756
0.309211
1.01249
1.2735
0.086565
0.302511
0.262119
5.5944
0.29311
2.75431
0.180805
3.78589
0.108908
0.159727
0.303675
0.205453
1.28741
0.277972
0.364921
0.351712
0.200617
0.212684
1.03845
0.396787
0.273835
0.499765
0.18269
0.266678
0.973292
0.200292
0.188073
0.323685
0.295976
0.260221
1.91394
0.549994
0.261045
0.388276
1.41649
0.368171
0.300126
0.404133
1.33367
0.101525
0.156553
0.313057
0.351124
0.224399
0.257402
0.171458
1.81323
0.215651
0.239866
0.29123
0.204851
0.404424
0.286277
0.428027
0.285632
0.387857
0.360645
2.02073
0.163029
1.67483
2.36909
2.31467
2.53671
0.258355
0.421729
0.205547
0.419527
0.254451
1.44754
0.893746
0.163719
0.164528
0.284215
0.210607
1.07403
0.888836
1.5731
0.295791
0.20252
0.332031
2.38952
0.274658
0.322795
0.108632
0.138381
0.397928
2.80219
0.141761
0.254239
0.245035
0.165968
0.333726
0.162591
0.310972
1.94439
0.224941
1.56176
0.274394
2.89052
0.225733
0.259466
0.338825
0.33575
3.5501
1.26116
0.162991
0.171498
0.260993
0.115843
0.354399
0.27344
1.04327
0.343583
0.395808
0.374451
0.338915
0.418987
0.348897
0.19599
1.28506
0.163536
1.56172
0.280926
0.188739
0.27642
0.218184
0.81258
0.56909
0.319965
0.13394
0.361225
0.251793
0.255129
0.234355
1.23728
0.171453
0.31327
0.532088
0.351899
0.323261
0.318408
0.203646
0.228982
1.21606
1.01386
2.31402
0.301548
0.219295
1.30798
0.145368
1.27705
0.124616
1.43091
0.167053
0.240221
0.384476
0.277646
0.269392
0.252227
0.178174
0.11166
0.251479
0.27822
0.185001
0.229045
0.231757
0.338409
0.333833
0.225619
0.321993
1.71109
0.151587
0.107088
6.52676
0.435423
0.389061
0.25843
1.12319
0.294058
0.253384
1.28163
0.224782
0.303552
0.163661
0.366549
0.36421
0.638347
1.69929
0.150506
0.436149
0.476846
0.189715
0.178179
0.122134
0.233058
1.95805
0.221274
0.265455
0.188527
0.32458
1.13957
0.268911
0.341744
0.215095
0.265008
0.412607
0.491471
0.282022
0.528648
0.418729
0.299709
0.615874
1.38036
1.38756
1.33351
0.34859
0.233516
0.387769
0.311734
0.154512
0.245477
0.431855
0.253178
2.36462
0.572926
0.160868
1.27246
0.219549
1.10956
0.26474
0.269506
0.169133
0.304629
0.232762
0.314296
0.134784
2.32787
0.159987
0.417848
0.133527
0.24773
0.264711
0.438904
0.272594
0.290117
0.241661
0.203738
0.199825
0.345698
1.22822
0.257177
0.321853
0.12653
0.159159
0.333135
0.286804
0.248972
1.19533
0.372467
1.27126
0.123603
0.302518
0.473709
0.114293
0.226613
0.338769
0.209726
0.827061
0.242706
1.21746
0.502043
1.30043
0.246685
0.194267
0.375858
0.356394
0.468097
0.205948
0.417103
0.250748
0.289218
0.372711
0.309643
1.37017
1.61205
1.24541
0.205895
0.279195
0.305292
0.353314
1.80303
5.27944
0.371616
1.72664
0.270318
0.262824
0.241728
0.216282
0.588824
0.942746
0.380246
0.281473
0.265394
0.282645
0.181255
1.42473
1.72798
1.2247
0.511844
0.337451
0.244132
0.474281
0.45515
2.81443
0.187908
0.135033
0.603205
1.14505
0.362367
1.12057
0.312947
1.04387
1.51795
0.314704
0.32908
0.21506
0.449814
0.4508
0.078953
0.302946
0.223328
0.258305
0.231312
2.57931
1.96363
2.38607
0.247486
0.295316
1.46627
0.421068
0.422341
0.356675
0.626946
0.721366
1.66066
1.38192
0.349915
0.20446
0.196975
0.318377
0.284205
0.216631
0.239429
0.190954
0.441753
1.76257
0.255461
0.190019
0.12793
0.224287
0.171681
0.0679436
0.4566
1.38231
3.91579
1.1754
0.164786
0.226073
0.240162
0.140076
2.51109
0.268797
2.11265
0.381395
0.0616676
3.20171
0.499193
0.392358
0.726587
0.326916
0.300256
1.20472
0.362702
0.231728
0.439751
0.194319
0.3277
0.135061
0.287095
0.25271
0.364106
0.339277
0.234722
0.195457
0.198156
0.182322
0.106053
1.54791
0.417439
0.190274
0.306015
2.54551
3.45353
0.497058
0.230544
0.366397
0.234698
0.209337
0.159193
0.304493
0.45404
4.17251
0.156434
2.60141
0.290998
0.157816
0.354372
4.16844
0.394729
0.368141
0.224194
0.76754
0.535844
0.322306
0.292125
0.629543
2.78879
0.17998
5.81199
0.331599
0.354992
0.230092
0.176206
0.282363
1.7517
0.367609
0.444528
0.306385
0.452684
0.32592
1.4398
0.229465
1.22389
0.267326
0.411342
0.368777
0.298235
0.229549
0.526444
0.272958
0.39899
0.255051
0.217346
0.417018
0.697025
1.95759
0.307497
0.320851
0.479916
0.329908
0.194363
0.271918
3.3871
0.265358
0.362827
0.3604
0.187444
0.317633
0.372786
0.217693
0.262937
0.18619
0.191564
0.358894
1.67801
0.29991
0.457349
0.517301
0.258928
0.220067
0.200508
0.228322
0.284863
1.04916
0.199565
0.427619
0.436687
0.129031
1.80529
0.212068
0.228907
0.522805
0.242653
0.360534
0.420276
0.207881
0.184494
0.449078
0.315079
0.394768
0.346298
0.252199
0.378579
0.238744
0.15956
0.287928
2.10799
0.348227
0.388546
0.282933
0.167459
0.288
0.353183
0.203256
1.34963
1.69832
0.277195
0.206598
0.193586
1.59463
0.343396
0.18143
0.231087
3.79655
0.290624
0.236248
0.31721
0.209526
0.3971
0.249783
0.219903
0.254584
0.580958
0.528444
1.30305
0.245121
0.264407
0.176186
0.114148
0.552939
0.311593
0.422747
3.55003
0.325957
0.234247
0.303628
0.40146
0.201791
0.321444
0.229756
0.294774
0.194774
0.198345
0.227293
1.23891
0.174183
2.09667
0.465996
0.231699
0.458914
1.64162
1.07121
0.476251
0.326122
0.220496
0.110641
1.85238
1.63053
3.33617
0.191737
0.296568
0.22863
1.37829
2.64105
0.217273
0.364443
0.262494
0.381202
0.461327
0.193771
1.86074
1.48484
0.266465
0.470741
0.2677
0.997982
0.191001
0.311194
0.239314
0.303027
0.279877
0.193995
0.129941
0.200763
0.219723
0.555949
0.242474
0.249187
0.274287
0.312599
0.294324
0.427362
0.126813
0.292015
0.617356
0.307297
0.215607
0.761922
0.278075
0.144563
0.189196
0.166631
0.337096
0.143896
1.83212
0.460312
0.337446
0.974385
0.207135
1.03806
0.241288
0.223004
1.25738
0.262908
0.276373
1.22095
0.341399
0.310219
0.333756
0.232789
0.166868
0.131463
0.385939
0.172076
0.280931
2.81112
1.26385
0.234048
0.544972
0.140645
0.270099
0.0662562
0.157852
0.259098
2.29341
0.26781
0.282362
0.308855
0.440663
0.30748
0.346843
0.204748
2.78489
0.469045
0.44429
1.31139
0.64243
0.191656
0.182319
0.354995
0.240404
0.251358
0.289891
2.2254
0.13311
1.36726
0.324718
0.281873
0.188639
0.278272
0.113841
0.454064
0.258251
0.365801
2.03144
0.213396
0.591863
0.255628
0.193878
0.446177
2.67178
0.267401
0.162018
0.221383
0.25711
0.689448
0.236792
1.30565
0.584508
0.177007
1.68385
0.238876
0.416464
0.426195
0.571933
0.277018
0.217646
0.229465
0.179021
2.20596
0.305502
0.218495
0.238276
0.415539
0.593798
1.05292
0.396369
0.0888751
0.304309
0.167306
0.206938
0.445564
0.340292
0.155851
0.37856
0.142532
0.130891
0.155415
0.320835
0.288311
0.184598
0.396553
0.231442
1.3612
0.257583
0.326002
0.224157
0.164575
0.471342
0.237248
0.379654
0.419303
0.157316
0.367348
1.52618
0.63379
0.183992
0.218266
0.220869
0.261993
0.211327
0.12163
0.167771
0.219522
0.626215
0.522386
0.168899
0.657888
0.297086
0.287958
0.426442
0.184938
0.223198
0.299802
2.23395
0.216785
0.323909
0.249199
0.315069
0.248106
0.344568
0.202072
0.225556
0.231113
0.413313
1.51254
0.183516
0.325326
0.332891
0.210516
1.67327
0.22354
3.55976
1.48987
0.350382
0.189611
0.300783
0.386889
0.170815
0.328442
0.286489
0.132453
0.351931
0.346056
0.115158
0.441941
0.118495
0.291655
0.120365
0.191007
0.371707
0.281724
0.307964
2.13341
0.278468
0.241597
0.157358
0.29841
0.19611
0.17821
0.271218
0.292446
0.197748
0.279703
0.336509
0.299823
0.272708
0.379307
0.629147
0.378388
0.634024
0.446336
1.21706
1.03074
0.258081
0.121402
0.331925
0.206189
0.28117
0.152612
0.273727
0.37115
0.28703
0.214235
0.117291
0.103924
0.176714
1.04542
0.176251
0.222173
1.931
0.299242
0.162679
0.982997
0.402868
0.381899
0.186636
1.65158
1.37146
0.263574
0.161054
2.05653
0.205671
1.79154
0.331018
0.136183
0.119017
0.218956
0.275127
0.275759
0.229302
0.10194
0.128753
0.171405
0.906595
0.21868
0.131751
0.336112
0.304802
0.392643
1.36202
0.21235
0.230045
0.168547
0.098099
0.264861
0.217757
0.250554
0.222842
0.153417
0.238055
0.813092
0.259118
0.37015
1.3582
0.369857
0.284413
0.291624
0.123151
0.312078
2.28557
1.5422
1.12786
0.184171
2.02294
0.401021
0.208294
0.490376
0.144898
0.171969
0.22703
2.95027
0.194133
0.497983
0.295599
0.105622
1.7113
1.72745
0.215725
0.335549
0.148798
0.271943
0.224572
0.390715
0.127711
0.521088
1.93735
0.293386
0.645132
0.356749
0.199437
0.232688
3.50793
0.150875
0.45227
0.282798
0.278018
0.242827
0.25057
0.321097
0.139884
0.323556
0.220712
0.59918
0.351799
0.36888
1.6239
0.424155
0.269446
0.122293
0.289138
0.382681
0.261877
1.92252
0.209033
1.20353
2.12049
2.47152
0.511041
0.26092
0.16885
0.219968
1.68061
0.242965
0.332675
0.30753
3.20465
1.96232
0.295292
0.192455
0.275075
0.31633
0.260593
0.266503
0.314198
0.295625
0.507598
0.242399
0.216128
1.27058
0.269832
0.124211
0.270767
0.345833
0.250269
0.301709
0.311363
0.228336
0.328187
0.157796
0.322534
0.470443
0.170363
0.44983
0.135121
0.154098
0.184982
1.49517
0.271374
0.477899
0.359427
0.144532
3.80884
0.299996
2.64624
1.95802
0.235906
0.305501
0.227172
0.495593
0.140982
0.164722
2.20052
0.279331
0.235898
0.165038
1.24391
0.246784
0.371139
1.04798
0.1886
0.350356
0.2386
0.525288
0.343351
0.291292
0.227147
0.291188
0.236886
0.237683
0.329394
0.37393
0.289029
0.306728
0.228733
0.293889
0.0976083
1.76236
0.203675
0.210229
0.531852
0.17283
0.38229
0.0829736
0.217626
0.156279
0.260214
0.346918
0.297109
0.272214
0.309918
0.264034
3.75286
0.27862
2.13882
0.421181
0.270369
0.388809
0.214835
0.30144
1.47295
0.350928
0.461664
0.496928
0.381681
0.889985
0.301975
0.694817
0.359969
0.160016
0.411763
0.0656117
0.545808
1.9806
0.338964
0.367418
0.658192
1.0653
0.263209
0.415016
0.285705
0.207391
1.86259
0.343063
1.62477
0.162605
0.35139
2.80062
1.26288
0.218629
0.173431
0.399962
0.574752
0.192405
1.35102
0.262172
0.319145
1.9905
0.360508
0.126805
0.271349
0.522525
0.148985
0.233675
0.290236
0.241096
0.210618
0.293608
0.87438
0.332852
3.47168
0.158874
0.880363
1.87073
0.225797
0.308023
0.562108
4.07893
0.246056
0.325329
0.275178
0.45865
0.275211
0.247833
0.304266
0.277394
0.176117
1.76951
0.275781
0.176719
1.38046
0.460497
0.862148
0.525074
0.154314
0.149341
0.300709
1.26688
0.216992
1.48549
0.352133
0.313216
0.547971
0.401151
0.309383
0.225925
0.189464
0.113307
1.89456
0.309021
0.183558
0.190243
0.317713
0.252679
0.316288
0.111323
1.29251
0.359858
0.361415
0.295718
1.6914
0.132472
0.358104
1.5373
0.353355
0.271968
0.200032
0.281015
0.195287
0.604045
0.191611
0.22511
0.598451
0.239348
1.80365
0.166217
0.166826
0.38002
0.26661
0.356415
0.236345
1.43524
0.284222
0.254036
0.22258
0.228342
1.15972
0.26867
0.238138
0.34683
0.227333
0.300283
0.35951
1.30912
0.25438
0.288051
0.306208
0.353281
1.43276
1.8158
0.24901
1.35023
0.443781
0.159656
0.329273
3.75468
0.326079
0.304776
0.29291
0.229468
0.597676
1.31178
0.196739
0.127099
0.222143
0.306712
0.16011
0.256403
0.394483
1.01983
1.7428
0.405498
0.28366
0.4432
1.53246
1.53754
0.225049
0.231201
1.80016
0.208711
1.33648
0.176003
0.259457
1.29581
0.353269
1.31395
0.443592
0.150312
0.408838
1.61892
0.196315
0.462002
0.176006
0.341055
0.205576
0.502369
0.348684
0.25528
0.121969
0.307221
0.362243
0.290962
0.468122
0.171624
0.249051
0.238068
0.258671
0.396653
1.28418
0.194761
0.305489
1.59189
0.293142
0.421272
0.283099
1.32476
1.32315
1.49427
0.154811
0.285231
0.324852
0.862557
0.359077
3.0054
0.26262
0.40297
0.172788
0.232683
0.330641
1.21584
0.23978
0.252031
0.316041
0.22043
0.373189
0.18475
0.235014
1.56195
2.17559
0.309895
0.253879
1.32704
1.33687
0.248846
0.189518
1.30295
1.26489
0.160606
0.186259
0.154811
0.252759
0.164632
0.123221
0.255583
0.552257
0.14651
1.65204
0.240351
0.183834
0.157456
0.265989
1.31253
0.221218
0.0556457
0.10847
0.181392
0.270026
1.81273
1.63719
0.130075
0.796355
0.335474
0.33184
0.178925
0.239746
1.21253
0.56024
0.222512
2.39093
0.139707
0.253267
0.129288
1.45747
0.19362
0.171779
0.179598
0.14348
0.249078
2.32121
0.454779
0.595296
1.04065
0.128494
3.03695
0.195986
0.239322
0.492318
0.385971
0.142576
0.306997
0.207134
1.29829
1.57664
2.50488
0.238661
0.0825923
0.339439
0.452475
0.279357
0.295008
0.136889
2.05139
0.365656
0.245617
0.341233
0.455868
0.214479
0.4695
0.235798
0.311543
2.52994
0.151982
0.123108
0.211108
2.19729
0.212811
0.122772
0.350466
0.268941
0.207573
0.212977
0.146215
0.310071
0.230839
0.233704
0.222866
0.222833
0.281543
3.32305
1.02893
0.385377
1.13502
0.158882
1.81776
0.199708
0.539103
0.362746
0.168179
0.142166
0.307114
0.18244
0.15261
0.283119
0.270387
1.13351
1.22612
0.215251
0.416681
0.056022
0.38141
0.435703
1.25575
2.06358
0.235553
0.423623
0.285145
0.279967
0.339471
0.13288
2.08156
0.161929
0.489212
1.90915
0.154236
0.177922
0.215963
0.157977
1.51211
0.267395
0.203561
0.286807
0.332764
0.49823
0.280287
0.220957
0.115928
0.392247
2.58963
0.282699
0.25076
0.10605
0.299926
0.312997
0.250179
0.440919
0.255615
0.259693
0.376801
0.401607
0.204068
0.0781984
0.267935
0.209126
1.6293
0.914616
0.246646
0.44471
0.250727
0.372639
1.26884
0.225676
0.219738
0.189621
0.351646
1.20589
0.125166
0.200591
0.214502
0.225794
0.225577
0.0825924
0.666173
1.77518
0.331395
0.10725
1.56419
0.197563
0.225655
0.368105
0.11909
0.32906
2.66024
0.204497
0.256693
0.125811
1.31382
0.197965
1.56396
0.24928
0.233157
0.219582
0.235304
0.342667
1.46254
0.178325
0.222973
0.258068
0.983757
1.42127
0.467323
0.223652
0.151192
0.447658
0.110504
1.32629
0.301014
0.392921
0.23147
0.302918
0.105946
0.216612
0.187502
1.14555
0.296553
0.252963
0.11603
2.73
0.284415
0.373079
1.50198
0.928877
0.26887
0.15229
0.410748
0.440992
0.156442
0.231135
0.779631
0.261742
0.199978
0.234328
1.15585
0.378644
0.325504
0.297676
0.594722
0.157454
0.185503
0.259266
0.172858
0.23207
0.328324
0.160818
0.178068
1.27653
0.412888
0.350986
0.392446
2.62135
0.512698
0.264748
0.284776
0.280608
0.255048
0.450604
0.43794
0.567842
0.152391
0.194117
0.967974
0.239903
0.177419
0.157925
0.138333
0.332221
1.68718
0.215207
0.130509
1.36377
0.255212
0.516248
1.87856
0.361596
0.215695
0.350655
0.241624
0.353423
0.133788
0.242536
0.230719
0.898798
0.211889
0.371415
0.379754
0.35975
0.216686
0.143906
0.247811
0.217177
0.23409
2.11783
0.200175
0.238532
1.76498
1.23984
0.274695
0.231664
0.230645
0.305637
0.186214
0.126703
0.222394
0.282223
0.231371
0.355146
0.136557
1.50703
0.351937
0.22272
0.133425
0.322536
0.326693
0.163629
0.127358
0.185313
0.231521
0.277057
0.255054
0.24406
0.158707
1.53019
0.205307
0.270634
0.188976
0.190777
0.399783
0.308987
0.281397
2.0051
0.412363
0.157504
0.159419
0.393679
0.13475
0.422641
0.114518
0.20442
0.419823
0.359191
0.481443
1.26519
1.34989
0.235176
0.385345
0.25022
1.01767
0.137028
2.99496
0.17081
2.97562
2.1629
0.30462
2.04802
5.84247
0.276423
0.447983
0.354515
0.212865
0.232111
1.21018
0.226033
0.285329
0.393266
0.173813
1.5176
0.25742
0.115025
0.352344
0.241617
0.298223
1.92173
0.343964
0.18443
0.416003
2.09468
0.307922
0.201434
0.256844
0.184971
1.23854
0.353693
0.315213
0.195963
0.200243
0.385352
0.165393
0.403758
0.455522
0.356681
0.478132
2.53386
0.396793
0.793389
2.12224
0.137881
0.143319
0.210904
3.90898
0.278219
0.254014
0.853882
0.402976
0.316636
2.83258
0.388377
0.232126
0.495673
0.223573
0.137016
1.1036
0.198066
1.54172
1.09263
0.207339
0.232022
0.180435
0.475126
0.188107
0.417188
0.153008
0.348872
0.934317
0.155904
0.368751
0.173133
0.798111
0.434388
0.266787
0.229054
0.141522
0.243105
0.239274
0.287786
0.188097
0.802706
0.246508
0.25329
0.338219
0.323424
0.309877
1.19822
2.06916
0.247185
0.595588
0.145083
0.324143
0.136201
1.42223
0.241409
0.136025
1.70735
0.287194
0.326708
0.17039
0.144199
1.8267
0.298975
0.295452
1.93262
0.298782
0.207206
0.423561
0.38507
1.64056
0.624658
0.37787
0.507374
1.88495
0.417951
0.446124
0.274494
0.312696
0.278183
0.352949
0.961986
0.413059
0.291088
0.215968
2.61006
0.320202
0.204072
0.292018
3.04426
0.990634
0.26982
0.254069
0.380182
0.148995
0.333108
0.109018
0.12163
1.29599
0.236049
0.183038
0.140836
0.510667
0.278376
1.73828
1.43581
0.391686
0.274922
0.352836
0.180058
1.89759
1.42384
0.27316
0.262158
0.29937
1.91117
0.137988
0.539097
0.219414
0.251848
2.11353
0.0884925
0.324208
0.295307
0.260225
0.548853
0.28779
0.200892
0.262437
0.204247
0.135711
0.163225
0.565119
0.375004
1.9552
0.468922
0.332227
0.220009
0.183986
0.552226
0.238836
0.396498
0.169773
0.184781
0.212309
0.138433
0.328242
4.11289
0.266025
1.06259
0.244794
0.400544
0.305889
0.457056
0.202457
0.380054
0.280148
0.335716
0.129324
0.14455
0.206946
0.29203
1.14524
0.205241
0.288821
0.314374
0.240866
0.230405
0.359623
0.35273
0.324506
0.224136
0.239157
0.226026
0.204865
0.218534
0.256609
1.13481
1.98392
0.112096
0.158996
0.170966
0.270917
0.239809
0.15728
1.74232
0.536714
0.133608
0.207308
0.185095
0.366112
0.0975867
0.159029
0.204089
0.223441
0.156614
0.461336
0.508099
0.276386
0.193524
0.300108
0.350237
0.130109
0.16919
0.340062
0.338062
0.169674
0.274815
0.335429
0.47842
0.17692
1.83831
0.82506
2.13809
0.18431
0.223099
0.412348
0.467969
1.53008
0.187193
0.416925
0.310173
0.850199
0.13791
0.107591
1.12868
0.400537
0.281093
0.18653
0.588901
0.263381
0.176842
0.606911
0.444229
0.14188
0.349694
0.198805
0.326292
0.224457
0.323857
0.197257
0.126906
0.136405
0.119609
1.30097
1.7127
1.56374
0.248921
1.94998
0.28134
0.301654
0.613547
0.23579
0.153915
0.31763
0.156281
1.68892
0.209996
0.210369
0.0953652
0.262043
1.37446
0.305525
0.48277
0.330875
0.371129
2.0884
1.7627
0.14282
0.220534
0.352296
0.230282
0.201295
2.09076
0.496943
0.107129
0.22918
2.37297
0.245388
2.31813
2.77312
0.378333
0.244317
0.267865
2.32096
0.397667
0.177361
0.144736
0.333152
0.948444
0.328979
0.231726
0.178537
0.292846
0.381014
0.151814
0.41146
0.284163
0.273831
0.268253
0.448019
0.353436
0.434279
0.281905
0.508135
0.451505
2.23839
0.273177
0.258782
0.199683
0.230125
0.256986
0.141997
0.11109
0.152388
0.203273
0.227996
0.361999
0.485719
0.184625
0.937693
0.173207
0.178606
0.369833
0.188879
0.385349
1.20614
0.29636
0.610307
0.197557
1.53199
0.317333
0.217246
0.257083
0.351425
0.185488
0.442934
1.46829
1.24846
0.3085
0.404977
0.21385
3.07997
0.250065
0.212408
0.316421
0.260006
0.290338
0.259965
0.663713
0.210243
0.10006
0.152225
0.274804
0.158063
1.50264
0.102591
1.11908
0.390991
0.164506
0.247661
0.301744
2.15501
0.486834
0.311411
1.5056
0.284169
0.182758
2.06561
0.460208
0.242916
0.142317
0.142844
2.2198
0.148714
0.419764
0.322308
0.578237
0.269667
1.38532
0.322545
0.140832
0.378769
0.182642
1.4665
0.153162
1.60614
2.32295
0.172776
2.00953
0.184102
2.02059
0.224584
0.990318
0.297187
0.28992
1.413
0.120759
0.673154
0.176207
1.93309
0.289425
1.37261
0.395538
2.34419
0.306437
0.456505
0.134153
0.340844
0.121851
0.251044
1.34801
1.78566
2.08177
0.27039
0.288929
2.5787
1.17213
1.85531
1.75105
0.330156
0.229298
0.219632
0.266824
1.95071
0.193136
0.279044
0.214162
0.133078
0.442253
1.10867
0.334294
0.188971
0.391644
0.220252
0.301028
0.210106
0.300126
0.18927
0.289992
0.494876
0.45899
0.414468
0.28947
0.251404
0.371944
1.9602
0.17039
0.541699
0.14478
0.334522
0.411514
0.25852
0.240526
0.192314
1.25454
1.34783
0.333579
0.447997
0.471948
0.250858
0.404508
0.210828
0.269871
1.40773
0.395381
1.10323
0.231837
1.95676
0.348422
0.261629
0.363975
0.220393
0.61021
0.674177
1.32552
0.433797
0.291305
0.439758
0.271292
1.90313
0.219047
0.604012
0.224055
0.819547
0.139613
1.15856
0.191994
1.14064
0.271947
1.38257
0.220564
0.357087
0.268629
0.318496
0.318789
0.280263
0.278056
1.60883
0.371121
0.716338
0.114434
0.564774
0.373272
0.21812
1.48936
0.28274
0.327649
1.71063
0.351001
0.277045
0.263327
0.263535
0.225315
0.290408
0.222124
0.264015
0.242355
0.284769
0.101419
0.256693
1.40212
0.255475
1.72319
0.251697
0.1434
0.270662
0.291511
0.170902
0.273434
0.152578
2.22861
0.377516
1.50831
0.267523
0.252515
0.31736
0.201735
0.166875
0.272366
0.335627
0.232489
0.350038
0.26106
0.510848
2.31401
0.503535
0.244703
0.18797
1.94135
0.340257
1.39857
0.356509
0.217115
1.31902
0.257088
0.155312
0.219624
0.295847
2.78918
0.299035
2.32767
0.319424
1.59863
0.212806
1.03361
0.305617
0.0851629
0.356145
0.180965
0.386235
0.397481
0.496689
0.983704
0.24024
0.255588
0.447156
0.173469
0.19458
0.102932
0.0942511
0.391208
0.286547
0.209946
0.203752
0.20904
0.251401
0.338533
0.502665
0.127755
0.242772
0.142077
0.330231
0.469717
0.153692
0.153523
1.15099
0.262129
1.11737
0.353826
0.531863
0.336047
0.316153
0.249016
0.278649
1.06766
0.4894
0.239195
0.0918153
0.317515
1.21959
0.309034
1.24029
1.4419
0.159232
0.130333
0.313802
0.976152
0.222226
0.179062
0.202238
0.168526
0.330857
0.140466
0.198166
0.232848
0.104419
0.265959
0.295236
0.411415
0.254625
0.270543
0.541914
0.324578
0.194702
2.04773
1.05706
0.304385
0.196823
0.154986
1.99876
0.13836
0.140967
0.473945
0.412097
0.216203
0.215517
1.35927
0.223374
1.73673
0.197202
0.21005
0.0908419
1.44451
0.18107
0.437458
0.280026
1.67564
0.264006
1.40667
0.466347
0.260552
1.9221
0.152671
0.280528
0.349633
0.218891
1.62986
1.36333
0.274908
0.24221
0.8762
1.32556
0.176051
0.231337
0.321519
0.136358
0.183285
0.118798
0.298158
0.13387
0.286419
0.297608
0.218109
0.2479
0.232955
0.231154
0.191612
0.383112
1.7768
0.345774
0.214997
0.314326
0.595972
0.296884
1.82067
0.38159
0.386835
0.172611
0.348307
0.260146
0.823693
0.246317
0.260379
0.266302
0.198923
0.256049
0.259979
0.936887
1.58014
1.71568
2.72463
2.97691
0.300422
0.213438
0.245331
0.295718
0.202095
0.24331
1.67608
0.26419
0.728318
0.200022
0.399372
0.439809
0.225376
1.44527
0.141993
0.169494
0.574321
0.288948
1.36606
0.255863
0.273312
0.442181
0.145432
0.103195
0.459106
0.299167
0.226793
0.271172
0.193523
0.144039
1.18521
0.365398
0.200276
0.290086
2.13728
0.337953
0.169205
0.493977
0.504948
0.269564
2.4413
0.294914
0.223865
1.74505
0.172439
0.256029
0.125794
0.145867
0.506417
0.259085
0.383247
0.243786
0.353464
2.21154
0.334493
0.27632
0.188467
1.61667
0.360274
0.180063
0.938665
1.49183
0.624559
0.259057
2.02449
0.156864
0.245044
0.425001
0.268712
0.382765
0.31261
0.338267
0.290102
0.406393
0.186234
0.186825
0.358626
0.512887
0.279227
0.276517
0.16852
0.271513
0.31149
0.21746
0.141778
0.311489
0.164573
0.282403
0.3719
2.55177
0.186438
0.167738
0.254962
0.974655
1.66469
1.24863
0.182035
0.312336
1.86882
0.50732
0.300079
0.303163
0.2734
0.161623
0.218464
0.199025
0.210477
0.308339
2.6833
1.39778
1.74902
0.20824
0.337538
1.56617
0.181251
0.154441
1.14132
1.7217
0.163729
0.225147
3.35219
0.162998
1.50056
0.21065
0.155954
0.223321
0.271501
0.350411
0.389707
1.08559
0.271917
0.283149
0.237785
0.251168
0.166618
0.289849
0.209148
1.35096
0.25019
0.315468
1.7638
2.53623
1.00354
0.376841
0.236435
0.186396
0.13574
2.04177
0.255257
1.25714
0.0840386
2.53596
0.340909
1.15895
0.106688
0.221999
0.139124
0.27089
0.286357
0.149753
0.21238
0.249014
0.352509
0.15771
0.283268
0.230344
0.434855
0.334167
0.229473
0.259001
0.144207
0.383087
1.66924
0.202817
0.313567
0.270688
0.399154
0.159936
0.163585
1.48198
0.479841
0.151408
0.150545
0.36598
0.265333
0.244495
0.222524
0.142191
0.17851
0.207254
0.0942158
0.243248
1.32939
1.63164
1.10677
1.40878
1.01633
0.226377
0.228169
2.69146
0.256677
0.240137
0.209953
0.251658
0.261511
0.325914
0.267493
0.427345
0.221878
0.270866
0.177453
0.201706
0.171195
0.376296
0.372794
0.487825
0.151332
0.222953
0.159658
0.213186
0.313172
0.230576
0.704125
0.231676
0.326975
1.67152
3.57069
0.235789
0.227936
0.137958
0.202428
0.343968
0.935171
0.477798
1.35904
0.346758
0.22265
0.42402
0.193471
0.325548
1.71578
0.291207
0.199751
1.98849
0.266694
0.441356
0.276529
0.563496
2.97292
0.398978
0.992612
1.55551
0.209308
4.83875
0.289177
1.19606
0.399373
1.58206
1.70464
0.276144
0.348986
0.199836
0.113075
0.201082
1.07708
0.23117
0.130004
0.273231
0.258528
0.404242
2.84377
0.281202
0.354093
0.232051
0.116058
0.329651
1.52657
0.178706
0.37306
0.21057
0.249934
1.44989
0.266227
0.196829
0.222751
0.254602
1.80144
0.156455
0.208326
0.276424
0.148946
0.114695
0.835498
1.44027
1.45546
0.216322
0.208418
0.351435
0.253124
0.420554
0.393594
0.733298
0.355761
0.128333
0.346663
0.35449
0.1588
0.30413
0.342439
0.418968
0.174431
0.790633
0.212913
0.255503
0.510723
0.151271
0.199972
0.183769
1.91233
1.47494
0.158474
0.355181
0.184947
3.10039
0.280791
0.886131
0.188899
0.308699
0.334003
1.79548
0.657994
0.245047
0.201239
0.241874
0.338251
0.370453
0.151931
0.150231
0.278838
0.288859
0.287435
0.149924
0.143725
1.48253
0.100583
0.431204
1.1566
0.215801
0.409532
0.965916
0.221618
0.295467
0.105349
0.296533
0.325527
0.203255
0.378248
0.237445
0.149565
0.109431
1.54432
0.0942335
0.255954
0.229
0.224623
0.140634
0.227779
0.192395
0.158187
0.348894
0.252639
0.168558
0.151857
0.222839
0.198315
0.382142
0.233982
0.33591
0.17764
2.23865
0.283023
0.444717
1.29607
1.5196
1.61285
0.205984
0.712512
0.20394
0.222248
0.191493
0.224912
0.198999
1.2252
0.144956
0.0770912
0.119638
0.308985
0.330108
0.31737
0.215137
0.534936
0.197705
0.365758
0.282326
0.244061
0.220664
0.431279
0.174175
0.155498
0.249202
0.477142
0.333746
1.20676
0.450423
0.249867
0.264065
0.343729
0.237741
1.38835
1.71782
2.05187
0.253339
0.423933
0.367335
0.359696
1.7192
0.206618
1.0228
1.1582
0.261944
0.235389
0.240921
1.88234
0.255637
0.476876
0.348583
0.239271
0.178719
1.58321
0.2348
0.238322
0.385348
0.885457
0.416518
0.276161
0.231608
0.21652
0.15822
0.824906
0.122849
0.29666
0.203903
0.335463
0.270869
0.134286
0.181799
0.486764
0.198837
0.206796
0.241428
3.50975
0.299119
0.349865
1.38983
0.129471
0.224185
0.185073
1.53713
0.301612
2.72499
0.173305
0.120836
0.333011
0.276593
0.301137
0.304188
0.184463
0.405303
1.63646
0.518366
0.361629
0.285153
2.39666
0.257954
0.320443
0.322483
0.212938
0.189006
0.398028
0.308093
0.436064
0.373331
0.349201
0.241211
0.164262
0.337291
1.0929
1.12357
0.361434
0.306971
0.353085
0.281445
0.142283
0.130288
0.158428
0.151133
0.473551
0.30218
0.144015
1.5027
0.261466
0.146096
0.303844
0.187996
1.37561
0.152612
0.128895
0.245486
0.177691
0.101237
0.481546
0.328961
2.27626
0.31645
0.175326
1.22349
1.42589
0.935455
0.393252
0.182421
3.34135
0.371949
2.44942
0.185415
0.324225
0.162557
0.353931
1.43656
1.34185
0.273612
2.19062
0.451667
0.299651
1.83384
0.27914
0.437019
0.355973
1.75228
0.312607
0.444767
0.14648
0.250336
0.249936
0.291125
0.182128
0.185376
0.242535
0.143687
5.21803
1.37143
0.194326
1.57674
0.287119
0.110704
1.75271
1.06268
1.54107
0.210187
0.20303
0.302118
0.371948
1.45719
0.148858
1.09773
0.386998
1.42532
0.344824
0.1951
0.310902
0.209015
0.121688
1.53752
0.200352
0.188936
1.66621
0.413173
1.19556
0.168822
0.388463
0.270367
0.287226
0.194278
0.305203
0.333997
0.203743
1.02942
2.07565
1.74879
0.354813
0.511979
0.161028
0.290996
0.183499
0.155039
0.518114
0.222399
0.209106
0.324059
0.76507
0.336581
0.30414
1.34586
0.100695
0.102347
0.159364
0.238158
0.268662
0.456547
0.374979
0.382206
0.23084
0.291618
0.263011
0.350318
0.322855
0.179147
2.03025
1.28232
0.207135
1.56127
1.38014
0.153003
0.212839
0.318423
0.206058
0.271327
2.48825
0.24735
0.210125
0.231352
0.317449
2.08782
0.379352
0.145655
0.537018
0.229306
0.384964
0.175779
1.40978
0.210127
0.254604
1.69255
0.215339
1.32811
0.22252
0.219084
0.578573
0.263894
0.337611
0.211425
0.177124
0.445201
0.264638
0.335389
0.249793
0.24991
0.340419
1.32506
0.333224
0.198096
0.243689
0.154329
0.398518
0.240373
0.29355
0.500268
0.249045
0.465807
0.149541
0.208355
2.99914
0.182919
0.298863
0.442019
0.222093
0.195247
1.67913
0.319717
0.252594
2.03754
0.206744
0.256093
1.41406
0.403587
1.32979
0.18129
0.276893
0.355526
0.238652
0.190702
0.729731
1.5527
0.203739
0.628971
0.296024
0.702786
3.49037
0.286532
0.415251
0.210312
0.461205
0.156001
0.309102
0.212444
0.255826
4.06354
0.382726
0.289685
0.283104
0.250509
0.140777
0.130007
2.55541
0.369214
0.191664
0.271479
2.78133
0.184377
0.231242
0.775443
0.162156
0.621139
0.239248
0.145307
0.438685
1.29762
0.346799
0.232955
0.138004
0.271136
0.535407
0.246346
0.276401
0.366408
0.368466
1.10348
0.587491
0.388851
1.19645
0.513434
1.1907
0.225231
0.36615
0.314059
0.200396
1.63587
0.426299
0.38897
0.214846
0.212699
0.31187
0.16333
0.320583
0.268132
1.85429
0.353919
0.233271
0.16481
0.162395
0.350674
0.385609
0.200614
0.201223
0.157142
0.254682
0.172393
0.173435
0.31333
0.236233
0.197067
1.48154
0.265422
0.165882
0.147037
1.81627
0.206441
0.266529
0.103477
0.313237
0.277038
1.16096
1.20455
0.225052
0.19226
0.669176
0.257786
0.401206
0.235801
0.215667
0.432209
0.765041
0.477221
0.300112
1.40275
0.790642
1.31007
1.9612
0.185164
0.33884
0.23301
1.97889
1.27948
0.19961
1.73109
0.257527
0.22382
1.33748
0.24213
0.22901
1.40229
1.83891
0.20889
0.409557
0.560204
0.284152
3.09873
0.094654
0.233696
0.11032
0.131059
0.420711
0.2195
0.321452
2.20619
0.220342
0.375602
1.49902
0.263773
0.300315
1.69573
0.116182
0.2493
0.297578
0.197913
0.344796
0.252697
0.178639
0.398446
2.40124
0.275566
0.233176
0.12512
0.224419
2.96697
0.363933
1.05274
0.309039
0.306772
0.22502
1.03769
0.203238
0.251322
0.322002
0.157359
2.0282
0.162442
3.96415
0.246596
1.81926
0.201816
2.14936
0.339523
0.211935
0.273094
0.193389
0.345113
0.209533
1.4167
0.217252
0.556192
0.27829
0.187127
1.14215
0.474227
0.204985
2.92
0.378913
0.666729
0.28363
0.279706
1.26304
0.335546
0.250167
0.197657
1.30212
0.370109
1.08418
0.48797
1.36283
0.417346
1.37327
0.262718
0.209925
1.49454
0.631744
0.305598
1.11646
0.116212
0.214462
0.282567
0.214691
0.301059
1.38465
0.175394
0.373557
0.672798
0.223099
1.90955
0.174239
0.196622
3.39396
0.237472
0.378183
0.33337
0.632091
0.395439
1.84332
0.264442
0.141167
0.279825
0.287595
1.35012
0.190777
1.2765
0.307664
0.394836
0.15349
0.145064
0.378013
0.364877
0.279041
0.213941
0.198509
1.70103
0.267319
0.387617
0.37665
0.99936
2.57776
0.457689
0.199568
0.347419
0.346743
0.322076
0.272129
0.394011
0.194082
0.150512
0.179675
0.35962
0.125138
0.215475
0.296568
0.137052
1.27504
0.49128
0.314969
1.86503
0.330173
0.321106
0.256344
0.234262
0.321487
0.389098
0.134904
1.83697
0.29128
0.123112
1.59278
1.68747
0.223257
0.323451
0.293275
0.15924
0.250368
0.322045
0.43291
3.05777
0.500125
0.249632
0.305498
0.941086
2.50351
0.291825
0.161205
1.21764
0.483927
0.147145
0.133026
0.24052
0.249202
2.13453
0.40346
0.209554
0.759303
0.584641
0.918731
1.61502
0.377493
0.324763
0.225782
0.284089
0.184813
0.267659
0.206552
0.37781
0.202515
0.179392
0.290574
0.354957
0.167533
0.225977
1.32825
1.48909
0.264025
0.385379
1.01161
0.150766
1.51194
1.54704
0.400095
0.216938
1.08278
0.275317
0.261119
3.29453
5.46181
0.429548
0.184784
0.340819
0.523252
0.111204
0.193211
0.160765
1.86465
1.37924
0.25125
0.171955
0.12722
1.44011
0.441789
0.188074
3.0475
0.278956
0.306914
0.194559
0.457642
0.36546
0.158422
0.585307
0.365662
0.502817
0.313002
0.180718
0.30383
0.202299
0.38302
1.19201
0.360057
2.01577
0.352855
0.234318
0.612493
0.153815
0.229049
0.389461
0.152453
0.19515
0.0862306
0.316749
0.19047
0.154013
0.342334
0.229992
0.287345
0.149443
0.57316
0.358297
0.164714
0.164192
0.114015
0.447123
2.6886
0.265657
0.175111
1.7542
0.274571
0.310619
0.165629
0.165155
0.228751
2.91373
0.166378
0.317739
0.398738
1.09403
0.382521
0.240991
0.248643
0.157345
0.239836
0.607337
2.04894
0.231808
1.61989
2.4987
0.211357
0.202874
1.07668
1.19612
0.0915421
0.142785
0.209309
0.333275
1.57194
0.18256
0.186344
0.337614
1.80716
1.31047
0.240172
0.418397
1.27254
1.76002
0.126203
0.147378
0.375536
1.30431
0.268092
0.484074
0.24249
0.309526
0.196877
0.915641
1.49902
0.520771
0.375712
0.377527
0.247454
0.552385
0.222914
0.160208
0.236994
0.32927
0.229668
0.222482
1.46666
0.658608
0.129861
0.133685
0.465887
0.123118
0.221192
0.494148
0.29024
0.261618
0.240949
1.93105
1.93655
0.133341
1.30091
0.23261
0.275866
0.2391
0.328624
0.200447
0.33593
0.38569
0.167002
1.62589
0.235333
0.216045
0.292826
1.73847
0.178294
0.281018
0.16254
0.306906
0.570366
1.55006
0.527947
0.291772
0.447123
1.38428
0.529371
0.308466
0.174536
0.261479
2.06725
0.214153
0.198291
1.2305
0.647033
0.257466
0.184699
0.281874
0.18501
0.354341
0.383379
0.184024
0.363646
0.317773
0.418241
1.23886
0.265423
0.260942
0.318805
0.399416
1.21571
0.427288
1.78172
0.237898
0.513639
0.299023
0.310363
0.194764
0.464919
0.207872
0.227972
2.49467
0.511488
0.106016
0.485918
0.359044
0.432648
0.25063
0.227444
0.207774
0.413502
0.451894
0.439925
0.185803
0.321701
0.155416
0.137362
0.229463
0.298211
0.274888
0.267361
1.52525
1.90954
0.395935
0.236051
2.53741
0.785466
0.324035
0.211379
0.307006
0.187816
0.188379
0.138278
0.150947
0.421895
0.191681
0.257905
0.261372
2.25822
0.297705
0.403787
0.292145
0.342671
0.184841
2.46888
0.254127
0.759929
0.315525
0.231212
0.132374
0.402938
0.222236
0.154702
0.239015
0.172241
1.12226
0.335621
0.519876
0.50301
0.237374
0.171899
0.223927
0.231002
0.259639
0.240099
0.293252
0.174939
0.381568
1.878
0.290752
0.21358
0.21255
0.143912
0.102109
0.217779
0.255678
0.17262
0.48426
0.238794
0.226112
0.837865
0.138802
0.301046
0.148712
0.281045
0.157312
0.237018
0.186245
0.420297
0.304999
0.304224
1.07735
0.148382
0.375537
0.142134
0.275477
0.254877
0.253542
0.562316
0.453988
0.160705
0.174068
0.191976
0.309641
0.709332
0.135597
0.472889
0.458873
0.282266
0.364891
0.284534
0.204152
0.211582
1.68631
0.327902
0.650714
1.41503
0.178788
0.341244
0.280079
0.300745
0.401537
0.205547
0.338827
0.200155
0.178983
0.260401
0.286913
0.418447
1.39756
0.247337
0.371003
0.276313
0.283465
0.0897948
0.212551
0.259373
0.226599
0.228914
0.376494
0.279156
0.162033
0.693201
0.329641
0.261777
0.236454
1.25592
0.176482
0.271481
0.28089
0.389647
0.27106
0.425366
0.22
0.238311
0.419594
0.317685
0.910373
0.183413
0.321938
0.290988
0.166708
1.53172
0.302359
0.385525
1.20132
1.74509
0.315275
1.32026
0.390324
0.324099
0.142589
0.241017
0.463023
0.160472
0.227788
0.280665
0.432618
0.60549
0.202687
0.173698
2.44211
0.272854
0.229479
0.139414
0.187846
0.297309
0.206285
0.351451
0.348492
1.76975
0.199475
0.240287
0.161862
0.199334
0.942147
0.249982
0.249059
3.2548
0.292199
0.561289
0.402338
0.273789
0.183173
0.313044
0.148035
0.270005
0.272696
0.209763
1.72479
0.988506
0.448135
0.256372
2.05358
0.373714
0.299548
0.4619
0.299819
0.401881
0.312766
0.627359
0.291921
0.956536
0.294707
0.140812
0.20604
0.278392
0.108061
0.367788
2.65343
0.223485
0.143672
0.444797
0.158975
2.83657
1.48786
0.201049
0.631206
0.234496
0.452812
0.279372
1.53191
1.6857
0.191007
0.374571
0.425143
0.163485
0.163908
0.257353
0.257445
0.209363
0.23295
0.307138
1.62273
0.127507
0.199671
0.175619
0.197492
0.249694
0.641892
0.389058
0.411838
0.208698
0.116381
0.838954
0.575059
0.206662
0.286304
0.42687
0.311123
0.215776
1.44296
0.332299
0.34578
0.164158
1.15833
0.261755
0.324113
0.450613
0.553595
0.505855
0.272667
0.204931
0.231061
3.06184
0.311272
0.196469
0.122829
0.443293
0.267872
2.42693
0.577353
0.536554
0.507648
0.190644
0.223427
1.01642
1.69874
0.426835
0.181452
0.176047
0.180652
0.246516
0.295844
0.14993
0.266069
0.337719
0.389005
0.199817
0.152366
0.260208
0.617131
0.227175
0.184599
2.92325
0.201889
1.53859
1.49482
0.364126
1.51224
0.206034
1.68481
0.225718
0.317972
0.141772
0.246467
0.243361
0.214135
0.183989
0.139668
1.2544
0.189234
0.115634
0.164212
0.36573
0.171261
0.209797
2.87588
0.228473
0.297285
0.325891
0.152426
1.7261
0.268776
1.02949
0.275739
0.275446
1.89559
0.388794
0.207907
0.350401
0.332058
0.116532
0.455014
1.26809
3.12746
0.375615
0.501561
0.338037
0.156782
1.54452
0.267073
0.51968
0.272958
0.217449
0.53955
0.290277
0.270554
0.176046
2.69482
3.11955
1.55628
0.301439
0.230455
0.156933
0.564052
0.231479
0.184125
4.77767
1.235
0.413259
0.303445
0.30311
0.157535
2.21354
0.0825221
0.379802
0.183663
0.216417
0.29095
0.396051
1.22065
0.352839
0.15675
0.689108
0.38822
0.145716
0.104313
0.271132
0.244502
2.48805
0.151808
0.588048
0.186103
0.304533
0.281033
0.257031
0.221871
0.226034
1.14766
0.479255
0.353216
0.29793
0.370568
0.249635
1.45058
0.258045
0.423116
0.348906
0.205969
0.128326
0.996592
0.537938
1.07502
0.151317
0.134369
0.506446
0.202781
1.77044
0.238342
1.95727
0.179599
0.353857
0.383582
0.132425
0.439485
3.4876
1.16916
0.350476
0.163591
0.265715
0.336943
1.25003
0.195256
0.194333
1.07005
0.318286
0.642057
0.269208
2.55033
0.245477
0.168633
1.82285
1.9
0.225614
0.194897
2.88557
0.249792
1.59445
0.256556
0.36622
0.240044
0.552876
0.383731
2.44987
0.362817
0.46596
1.29792
0.166551
1.53856
0.63984
0.116419
0.429705
0.280857
0.291215
0.291067
0.347058
0.097915
1.50323
1.64788
0.277663
0.288217
0.264308
0.233468
0.166252
1.21543
0.27632
0.397472
2.98193
0.264577
0.210033
0.267368
1.26992
0.347858
0.225597
0.235566
0.276479
0.171813
0.414947
0.228264
0.317131
0.447508
0.499761
0.30645
0.260908
0.415563
1.57374
0.255345
0.432229
1.24778
0.152112
0.263613
0.256595
0.190738
0.166387
2.85878
0.186338
0.421871
0.416206
1.67202
0.360833
0.190425
0.311331
0.228951
0.337871
0.577715
0.355595
0.29668
0.539659
0.382956
0.439729
0.216117
0.490254
0.127908
1.53935
0.374573
0.477728
0.173692
0.262358
2.05181
1.08808
0.225177
0.101336
0.237483
0.293547
0.280758
1.18267
0.179815
0.191399
0.201751
0.224491
0.248851
0.240061
0.370961
0.439423
0.120136
0.297548
0.305797
1.60275
0.32748
0.398036
0.2305
1.44135
0.353185
0.151788
0.114463
1.34503
0.213034
0.154432
0.245817
0.569548
0.253446
1.32496
2.78503
0.248362
0.218623
2.36807
0.159391
0.199394
0.413442
1.18319
2.55683
0.235525
0.153067
0.446535
0.197345
0.889017
0.194876
0.294805
0.166123
0.486515
0.464103
0.283786
0.197026
0.293181
0.134472
0.13812
0.243411
1.30941
0.244549
0.35572
0.304493
0.422547
0.499808
0.219761
0.677025
0.194045
0.142277
0.262746
0.255291
0.176752
1.5645
0.22883
2.65836
1.56552
0.196559
0.119222
0.202617
0.291705
1.59119
0.123042
0.114449
0.259316
0.337273
2.22423
0.960127
1.23826
0.27943
1.26152
2.85285
0.606102
1.22452
0.357381
0.578831
1.19508
0.443547
0.0929526
0.328196
0.194089
0.280032
0.196969
0.382526
0.317011
0.217188
1.17324
0.413318
0.2167
0.306167
0.2609
0.560572
0.340406
0.353044
0.400874
0.172989
0.305424
0.123052
0.15355
1.49275
0.178861
1.31959
0.222256
1.43349
0.145052
0.218164
0.265504
0.229542
0.474071
0.209018
1.23194
0.200028
0.207287
0.171159
1.40661
1.39183
1.47182
3.23626
0.43251
0.248502
0.435681
0.311315
0.451918
0.980878
0.35027
1.69216
0.0732843
0.237692
0.565426
0.391736
0.316072
0.133479
0.247885
0.228834
0.193734
1.75795
0.238535
0.233936
0.478652
1.82912
0.440371
0.280962
0.464076
0.240714
0.226956
0.432897
0.154039
0.229978
0.167249
0.189867
1.51105
0.200384
3.95473
1.14463
0.200402
0.120149
0.454168
0.552059
0.226089
0.339205
0.427934
0.207824
0.263566
0.264225
1.83752
2.14587
0.535958
0.116137
0.268565
0.315345
1.84058
2.40264
0.511859
0.484181
0.233872
0.263818
0.198291
0.210157
0.118476
0.298889
0.324602
0.297605
3.58272
0.655608
0.319017
0.241462
0.413321
1.95662
2.5732
0.268686
0.211008
0.374176
0.271003
0.336261
0.140756
0.157244
1.07741
0.247789
1.17902
0.519588
0.18435
0.194672
1.27801
0.188255
0.525761
0.354199
2.04026
2.06102
0.162405
3.33557
0.4423
1.29751
0.615589
1.28247
0.189545
2.11704
0.112589
0.262429
0.200105
2.20436
0.363236
0.306192
0.203994
0.114421
0.219367
0.166322
0.339296
0.98524
0.192894
0.290243
0.2697
1.40412
0.207392
1.32018
0.351583
0.333643
0.27655
0.261487
0.172993
0.488636
0.345906
0.201866
0.103106
0.270974
0.220682
0.289686
0.240855
1.285
1.41975
0.151504
0.387026
0.206153
0.197044
0.357466
0.269286
0.428642
0.43924
0.391041
0.246738
0.324525
0.28537
0.158167
0.507081
0.158471
1.07806
0.218357
1.57639
0.213105
0.217016
5.21174
0.435492
0.138386
1.78615
0.503939
0.379703
1.05745
0.432603
0.130943
0.255586
0.167885
0.245595
1.50806
0.262522
0.357872
0.288511
0.179431
0.314893
0.225769
0.28799
0.631575
0.180025
0.154423
0.223707
0.171667
0.486415
0.844448
0.123178
0.11537
0.43254
0.255241
0.280564
0.315992
0.322202
0.195605
0.27407
0.402026
0.388819
0.319088
0.370674
0.366697
0.271925
0.630877
0.099422
0.252157
0.322625
1.41653
0.236692
0.372196
0.282008
0.183593
2.83552
0.463983
1.46225
0.288462
0.332226
1.0744
0.167127
0.532692
1.58846
0.0680101
1.36283
0.401726
1.74925
0.217218
0.121265
0.402957
0.19508
0.404311
0.277707
0.285739
0.417449
1.44662
0.181041
0.269275
0.105562
0.354043
0.237757
0.194222
2.58774
0.218092
0.179676
0.875983
0.349027
0.139077
0.316407
0.445084
1.23381
0.104328
0.19312
0.278934
0.156067
0.312407
0.289249
0.158841
1.13918
1.74627
0.420551
0.549461
0.242121
0.461691
1.0964
0.26777
0.184099
2.49937
1.59201
1.04991
1.15519
0.295965
0.236268
0.243521
0.156094
1.92805
0.297483
0.252011
0.94877
0.266896
0.206276
1.70017
0.304492
0.161424
0.338349
0.152512
1.17109
0.423256
0.259925
0.160765
0.285717
0.234789
0.162566
0.361099
0.280584
0.215719
0.173588
0.268161
0.150039
1.55802
0.426599
0.0908423
0.243951
0.336467
0.650047
0.206938
0.325888
1.09799
0.355132
0.242277
0.275657
2.01305
0.307907
3.29713
0.334685
0.523464
0.181432
1.50391
0.23439
0.52269
1.48662
0.25403
0.197822
1.27236
0.132622
0.358668
0.166575
0.290002
0.151764
0.227276
0.261253
1.14581
0.137819
1.32188
0.986715
0.165325
0.208723
0.234324
0.317892
0.622549
0.330885
0.287037
0.268651
0.21797
0.318362
0.250525
0.471193
0.131989
0.374499
0.326137
0.570685
2.48548
0.155111
0.142749
0.358628
0.235434
0.464057
0.32528
0.253258
0.221931
0.391009
0.244757
0.167834
0.198508
0.398053
0.434431
0.274525
0.291863
1.39287
4.02434
0.256139
0.208281
3.42128
0.591084
0.461757
0.160972
0.540034
0.247013
0.312594
0.242481
0.252267
0.130137
0.804228
0.306887
0.226909
0.257556
0.550845
1.3598
0.381767
0.223145
1.41191
0.423261
0.210533
1.52142
0.460053
1.32971
1.52817
0.382551
0.168242
0.966476
0.400739
1.38333
0.466609
0.319357
0.219479
0.296689
0.348089
0.162126
0.258919
0.293207
2.25438
1.25818
0.209386
0.342574
0.421329
1.55689
0.327343
0.838953
0.260998
1.57263
1.55392
0.601586
0.362761
0.325275
0.466533
0.677393
0.403989
0.27367
0.474386
0.247058
0.201823
1.63819
0.189495
0.180857
0.130619
0.381254
0.246053
0.405156
0.260778
0.269543
0.463486
0.331485
0.399078
2.03293
0.183336
0.12334
0.326883
0.364058
0.272146
0.234494
0.153612
0.215688
0.228138
0.374058
0.269496
0.727535
1.09494
0.306851
0.31788
0.214311
0.148263
0.178629
0.227792
0.813011
0.334668
2.54893
0.151959
0.188148
0.517719
1.76517
0.270165
0.172719
0.225395
0.297195
0.529916
0.714444
0.198246
0.176913
0.224366
0.886055
0.148176
0.297094
0.31429
0.284837
0.326204
1.20298
1.74802
0.297235
0.389631
0.233625
0.390925
0.323142
0.343087
0.268046
0.139717
1.66844
0.212162
0.265856
0.109619
0.409884
1.37598
0.320118
0.163661
0.224794
0.411412
0.192974
0.416491
0.217029
3.25287
0.244382
0.173803
0.0909947
0.284386
1.63729
0.287432
0.255154
0.202904
0.302457
0.567343
0.188085
0.299388
1.32389
0.823303
0.124882
0.230972
0.244774
1.5969
0.156647
0.421974
0.259781
0.17861
0.342164
0.224843
0.182258
0.222401
0.373089
1.93353
5.35344
0.15391
0.246728
0.250307
0.152362
0.193418
1.91337
0.202747
0.158341
0.287402
0.504743
1.37015
0.405496
0.259797
0.312582
0.0696228
0.227497
0.638025
0.226907
0.132924
0.188285
0.244573
1.33855
0.169538
3.49225
0.261321
2.47278
0.195887
0.324245
0.330862
0.1394
0.198726
0.385881
0.496132
0.203753
0.11222
0.253028
0.267839
0.420375
0.293854
0.145991
0.249264
0.135629
2.16028
0.240842
0.363215
0.213795
0.0820286
0.202431
0.295768
0.484343
0.143873
2.10526
0.110367
0.220526
0.126594
2.00565
0.408369
0.263458
0.16239
0.178245
1.54135
0.43298
0.297928
0.206938
1.89919
0.286303
0.285142
0.274822
1.28486
0.238213
0.143558
0.129459
0.170113
0.228572
0.33239
0.268868
2.27279
0.266279
0.213885
1.14629
0.393757
0.163006
2.80451
0.242358
0.247463
0.196722
0.220205
0.310047
0.124497
0.117362
0.294517
0.1278
0.188205
0.15014
1.74131
0.430452
0.0908392
1.0744
1.48932
0.236439
0.127987
0.273915
0.501594
0.325298
0.551045
0.284011
0.190996
0.43359
0.178139
2.68963
0.275153
0.197274
1.40159
2.07751
0.124383
0.248582
0.31639
0.383374
0.231535
0.164707
0.878335
1.35576
0.598329
1.39123
0.283875
0.45735
2.34119
0.201472
0.254216
0.202564
0.197463
0.305604
1.68423
1.07528
0.144812
0.385955
0.301155
0.252335
0.43108
0.335392
2.9366
0.381003
0.140028
1.19406
0.336349
0.365678
1.32164
2.73863
0.230747
0.177514
0.45818
0.13495
0.201773
0.146229
0.157312
0.168505
0.256434
0.30025
2.60714
0.466339
0.460772
0.383168
0.294942
0.37773
0.874042
0.303449
0.267781
0.107757
2.51955
0.211757
0.399814
0.393574
0.511419
0.243653
0.190904
0.360292
0.319441
0.339905
0.251402
1.49613
0.181237
0.420503
0.277054
0.279885
0.217597
0.311049
0.304804
0.249613
0.256143
2.09895
0.307711
0.239691
0.768748
1.82699
0.420329
0.216316
0.293234
0.247713
0.326405
0.284673
0.183878
0.308704
0.170916
0.14702
0.17817
0.336276
0.49042
0.249231
0.156899
0.264912
0.1371
0.599006
1.0684
1.40139
0.196892
0.324065
1.52374
3.14462
1.72743
0.171071
1.3368
0.303426
0.491053
0.234679
0.331485
1.17829
0.266451
0.24204
0.272647
0.357262
0.270657
0.678254
0.476921
2.05996
0.286485
0.327397
0.268962
0.253974
0.365272
0.291135
0.349257
0.315334
0.216883
0.184
0.174081
0.383327
0.316861
0.398679
0.295941
0.61254
0.205657
1.23033
0.219996
0.25244
0.374578
2.0285
1.18648
0.256631
0.806019
1.24459
0.334351
0.293583
0.301745
0.2022
1.89878
0.232832
1.48622
0.193113
0.166895
0.180063
2.11127
0.296713
0.135119
0.312295
1.48393
2.1952
1.5153
0.695901
0.155883
1.42034
6.59646
0.239986
1.53974
0.194946
0.308869
0.262322
0.247004
0.340006
0.240934
0.178292
0.392331
0.304582
0.51857
1.06454
0.26227
0.921062
0.151647
0.507237
1.07289
0.199516
1.22597
0.359164
0.23161
0.256397
0.268792
0.374443
0.282961
0.289596
0.131988
0.263589
1.93441
0.197547
0.418639
0.201583
0.25833
0.306427
0.192564
0.296381
0.233028
0.697457
0.390143
0.253175
0.132287
0.299316
0.281502
0.503396
0.19836
0.372511
0.154399
1.31537
2.17063
0.268107
0.347782
0.402524
1.27727
0.328829
0.223703
0.25798
0.127196
0.166565
0.407495
1.27288
0.259968
1.38609
1.775
0.272146
0.241582
0.128284
0.279485
1.61276
0.274522
0.179467
0.333626
0.169601
0.144081
0.358712
0.13206
0.402218
0.26759
0.170679
0.942879
0.227021
1.46108
0.294225
0.328314
0.174992
0.529342
0.253252
0.313591
0.172292
0.168349
1.58856
0.188577
0.183748
0.287513
0.274149
0.447379
0.275362
2.17951
1.14725
0.20348
0.291678
0.286374
1.6754
0.266945
0.251011
0.111062
1.2574
0.334614
0.26238
0.303806
0.310524
0.287887
0.731555
0.16878
0.174948
0.221211
0.350503
1.15278
0.281455
1.87142
0.134092
0.136437
0.2897
0.174529
0.267051
2.25291
0.152042
0.204048
0.237588
0.240914
0.198716
0.182636
0.198042
0.509425
0.544957
0.151308
0.316689
0.171765
0.371082
0.317378
0.202632
0.529702
0.31026
0.208021
0.361642
0.295215
0.249334
0.38587
0.091778
0.414173
1.25195
1.28151
0.0550565
0.162396
0.149587
0.367747
1.04207
1.83324
0.26011
0.230407
0.378998
0.9149
