5.53433
14.2806
4.18084
11.2787
20.1693
6.6035
5.71767
6.98564
4.40727
3.99918
3.93916
8.59742
13.4437
1.21702
2.62753
16.7499
18.424
2.06897
21.6899
4.91542
7.44546
2.31748
16.2506
14.2728
28.2157
17.6068
8.18816
21.0867
10.8426
3.22597
9.59871
13.7369
5.70152
10.1434
5.49026
5.12354
13.9955
11.0728
1.03341
5.6748
4.23632
5.01947
8.08845
57.7144
8.90791
2.71764
3.11497
2.75827
5.40522
7.19344
8.36457
6.20488
1.59681
15.6458
15.6346
5.73722
3.42124
9.61799
12.6723
11.7549
11.9929
5.0316
14.6631
5.9172
1.81441
15.7838
4.19697
25.8416
8.77352
12.719
29.6028
1.77304
3.72621
16.1084
6.83068
1.53339
12.1334
8.35936
1.85291
6.80565
2.32866
10.9404
21.5245
3.69587
14.4932
25.0918
10.1251
4.60514
2.68965
5.64022
14.1681
25.9146
4.01752
1.00741
2.13554
21.4944
5.5992
12.3048
1.37623
1.42826
5.09442
7.86144
3.5905
7.16186
5.97782
10.0587
2.25053
3.72626
7.62892
3.95809
2.90972
12.4598
3.14524
3.18345
2.95018
14.8376
3.42105
5.22063
6.85132
7.73453
3.32829
10.5607
4.95558
7.29944
6.57179
9.6615
4.38659
4.43588
3.49921
9.3447
14.2311
3.52516
3.4884
9.71337
5.85522
5.70496
4.20027
9.36075
6.34733
19.2507
8.49478
16.5703
15.1095
8.45162
3.29753
5.78648
18.0933
3.70225
4.38932
0.999272
6.31962
7.55357
2.15264
6.74819
0.0952723
6.48791
7.21252
26.5811
1.91906
6.30618
16.889
22.336
2.48377
14.9495
7.86593
14.4218
1.92722
4.26165
0.723921
7.15134
6.48603
2.73711
15.4218
4.72177
4.26471
2.82942
5.91132
2.25294
7.98888
6.76397
3.05388
2.85989
5.68854
4.24529
11.6331
33.3489
3.28164
3.86468
3.74589
6.41404
0.346381
3.22918
6.56966
3.98669
26.2695
6.03619
1.33663
5.7436
7.24715
13.312
5.64742
19.8319
18.1211
6.10702
3.42631
2.64804
8.63578
13.4752
13.2297
6.79735
4.79138
4.40999
18.5686
18.1722
6.22691
4.70115
12.773
26.5242
7.9028
5.05382
7.84177
13.3989
9.27798
3.84124
4.44183
16.9969
5.15847
2.72188
28.2661
6.63178
7.11905
3.91701
12.5062
11.2481
21.6163
10.3158
5.11435
16.6844
11.8868
25.7645
7.49403
6.78367
2.49254
4.14835
22.6092
5.98755
0.972988
2.03032
2.57282
2.02779
13.7925
16.4272
14.2198
5.88044
7.07656
36.5958
13.519
2.4247
5.97286
5.69818
10.0661
4.13505
10.5611
9.08724
8.09237
3.58432
13.2301
1.70406
3.30803
13.7693
7.20333
13.6342
25.2041
7.71052
15.5824
12.9468
3.18506
2.16295
6.42996
11.2899
6.07551
3.5053
20.8718
4.36345
3.60697
12.559
12.3813
5.78592
6.77164
5.09338
14.3224
11.1456
12.281
6.38559
11.5357
7.17384
8.33585
11.2797
11.7781
11.8802
6.29239
1.0291
6.74358
29.2179
2.11682
3.58735
6.872
5.71679
9.26794
7.10828
6.87797
10.6906
5.3215
7.8915
6.84196
11.7966
6.53858
2.20012
3.32022
5.14867
6.89645
2.13377
12.6385
1.46727
6.04196
0.180363
2.73807
39.3207
9.7198
46.3187
26.0223
1.24921
7.77073
10.8116
7.20438
2.18807
2.88392
8.36749
9.16045
18.9109
20.2195
13.8614
23.2818
5.3377
2.84432
9.74673
17.4936
18.0282
5.99743
11.5095
7.38126
10.6308
23.5063
6.81765
1.05309
28.2474
9.41543
2.14317
2.37972
3.7018
7.5105
2.66693
19.0199
1.59795
6.29206
14.0173
9.203
4.55573
7.82295
6.51977
3.32855
25.5721
4.50116
2.00145
11.5088
7.60115
5.93492
5.94245
3.16793
2.55669
5.01677
13.1196
10.8798
4.08872
8.61929
8.71399
5.81139
1.91123
1.82754
5.7717
12.2947
7.8586
10.6188
10.7469
0.977251
14.5711
6.55951
6.68254
14.357
23.3303
7.8526
5.04416
6.0996
27.2705
13.4359
7.68838
8.74958
6.00133
2.83301
4.68916
0.856449
7.73607
5.92841
36.8984
1.95339
19.6361
18.9701
4.03419
8.77092
32.9071
7.57078
11.0792
7.26494
13.8743
2.02296
1.66515
12.9349
18.8602
11.5465
5.70881
11.9524
6.3792
5.21238
5.43929
22.6813
5.77253
4.45782
6.10447
16.5221
6.00994
3.59976
9.9237
9.87063
5.17876
16.4641
4.99638
5.09324
6.99111
6.75125
0.78989
1.52207
2.29572
5.95223
2.49095
17.9219
2.3581
19.3584
9.72031
7.90474
6.85288
18.472
23.6895
10.5715
3.88958
2.22274
16.1373
2.99247
6.72281
22.2952
1.5928
8.59526
2.41956
15.0843
10.2205
7.75214
4.15061
10.335
5.1987
2.30188
9.75213
38.0037
15.0567
8.77661
6.4694
2.88372
2.17549
32.7008
6.57245
10.0458
11.8971
5.90809
5.94325
7.33553
11.7884
23.0038
2.44775
0.613614
9.5281
5.94315
19.3941
9.25282
25.0645
5.71323
3.66458
6.51566
10.4927
4.2879
7.41966
6.90836
22.2179
35.4277
5.78394
4.00852
16.0137
5.03399
4.97722
16.6878
29.447
4.88476
2.34015
7.5932
5.46616
5.31546
19.3073
2.9629
7.91108
15.2646
18.0031
4.95412
2.18622
4.35191
3.65638
11.8003
5.36362
5.18156
9.14979
10.5243
9.53413
3.16651
5.72783
22.9557
7.35139
0.743987
8.60662
6.93843
16.5433
3.51226
7.45208
10.4074
18.8963
6.53254
13.527
21.5205
14.8518
29.5592
13.5847
30.8645
8.1464
3.34039
10.6088
8.5899
22.0302
4.44357
14.3416
2.36841
7.15205
3.69437
9.49364
6.09308
4.5366
9.30279
3.91884
20.3147
15.9634
12.959
2.53284
4.26114
2.57217
10.4225
10.0049
8.56496
6.66117
1.58806
5.96575
7.69776
3.09252
34.0955
4.77093
10.3294
11.7139
4.0507
2.68669
4.40704
8.36626
4.88428
6.05318
1.26917
9.92458
2.46246
1.63225
3.33109
11.4362
5.57514
12.6289
15.8349
8.1304
3.19283
9.6621
3.57225
5.00024
9.0274
7.14557
8.93696
2.37883
2.7377
8.07354
9.75933
2.09229
5.22856
11.0094
13.1248
4.43223
2.36446
25.8397
6.72209
10.582
14.5778
15.256
4.26331
14.413
21.6951
17.1173
13.1776
16.9922
20.9219
16.8405
11.3312
12.5414
4.94322
9.9362
2.12594
2.7035
6.09565
3.09037
25.2565
6.58243
16.0812
7.36997
32.9801
5.08516
2.11991
20.1409
21.2464
8.43923
3.69658
3.49102
10.488
26.8744
4.2186
2.42239
9.06099
2.2539
19.8628
26.1427
2.6337
14.229
31.3971
13.2064
13.3459
9.92841
7.41155
2.79466
9.08453
7.59573
9.6808
13.9287
4.35373
3.19979
6.88883
27.0085
8.58121
2.87194
8.64
6.98235
8.60574
4.59563
9.3597
16.4529
2.16595
5.53469
5.15633
8.0962
12.2573
6.20642
7.58311
14.0515
4.80601
2.03805
12.24
0.799656
2.93025
3.48066
3.38406
4.66711
22.9575
3.26328
7.53168
28.6675
35.0035
8.08726
4.23215
7.3696
11.4493
10.2853
22.8789
24.3744
11.6264
12.2456
8.07359
4.74627
8.07634
11.6741
6.39574
4.6796
2.89446
1.30312
15.1817
22.0876
26.1987
3.33706
10.0563
6.9153
15.417
11.9632
2.68337
1.221
3.5885
19.0492
3.90496
19.2724
1.88503
5.2775
4.44693
2.34405
4.08621
7.70335
0.200527
5.46651
12.2114
3.05373
6.91346
4.52806
7.76617
8.02364
5.05874
2.45158
11.5527
6.50832
21.5252
3.77618
6.27578
4.52355
5.11005
8.50541
2.63175
3.64345
3.98762
11.4861
18.8516
1.67188
31.6979
19.863
5.84332
7.19826
9.08611
6.87263
4.12683
14.706
2.87418
5.35085
3.70149
41.7323
10.184
2.04102
2.36071
5.23316
5.14626
3.27925
7.28068
14.3907
7.97585
2.94053
14.838
6.00518
4.72875
4.1371
10.677
3.46366
8.57277
42.9347
6.22769
10.7738
0.911729
4.11749
18.3142
25.6174
10.2213
8.82891
4.67137
3.8494
11.6102
8.87757
3.10264
7.05719
3.72566
9.10132
7.52282
6.10575
0.0941572
24.9038
1.4412
5.40404
2.98936
13.854
7.07504
6.01556
1.98438
5.1463
28.9152
17.081
6.16551
14.557
1.92643
13.755
5.0237
6.62713
4.51379
9.01426
14.5197
2.27406
3.96455
0.185633
0.876202
13.1503
18.406
10.846
3.31217
5.22987
2.61164
3.6762
8.28495
7.02613
5.66555
25.9235
9.18186
13.7958
9.03037
10.4141
3.98631
12.671
1.37886
17.1885
1.48962
14.1223
7.53422
22.2027
21.1236
7.90591
4.63716
8.53699
21.83
23.9525
4.40373
3.36095
9.81246
3.97445
10.4957
4.84095
8.90058
9.31311
6.00934
4.26681
7.95703
33.4644
3.23604
14.301
16.2714
6.78304
14.2214
8.80444
0.944177
16.0244
23.2091
11.3677
19.9465
3.09491
8.44182
4.59918
8.37202
4.7952
19.2474
2.21413
27.7173
5.65636
19.9663
5.2751
4.73554
25.7393
5.06585
4.29678
5.16245
8.48462
2.092
4.19836
24.0454
2.49943
5.90418
3.59466
4.25717
4.00387
9.0153
6.99523
8.53821
4.27047
5.12233
41.8944
3.07486
3.44734
4.40014
10.2528
2.50847
3.26826
9.42823
3.25729
9.72582
4.89717
7.38371
3.29656
16.3773
5.14916
6.21977
7.13285
9.18183
1.59143
6.7538
4.26533
12.0379
5.22725
7.45672
2.50097
9.15158
36.8666
20.7026
18.8379
2.9302
4.62386
5.47579
5.01496
4.62831
3.37225
2.32322
4.73731
7.26256
2.42616
5.55129
5.54324
3.93198
2.83884
11.7203
2.88301
3.72794
77.3104
7.91716
4.00168
8.87934
1.909
14.0738
28.7345
12.0263
18.4477
4.9883
10.8113
16.7443
4.13838
15.0352
26.2951
4.55136
3.11843
12.0434
4.1919
7.03246
6.13997
4.84375
8.32665
7.06756
10.4712
5.36157
4.99105
1.19155
5.2303
5.34113
8.43228
7.62031
2.23448
2.43837
5.75061
7.94635
1.7657
16.1254
35.8607
8.90008
1.78676
8.55422
7.68724
2.05567
4.14598
5.83597
1.94484
5.8822
6.88797
9.94746
4.57951
9.28888
8.66524
1.54197
9.3499
8.83546
6.8109
5.92444
3.84679
3.29714
5.16052
9.02874
3.50097
6.33109
2.22411
2.07735
20.3013
3.0351
4.8535
3.38933
17.0416
9.10261
4.52136
17.6106
8.27357
8.63908
2.21593
14.5322
18.239
3.39533
11.2502
9.07575
36.9808
23.6018
5.07694
17.0276
12.1609
9.77281
28.1175
12.5715
5.07569
3.04152
5.27286
8.32798
8.33502
3.08331
6.14582
6.97372
6.74367
10.7109
4.06814
44.7571
6.66608
9.7556
14.1559
20.2116
2.44959
9.70603
23.0803
34.9842
2.59962
9.78538
7.59756
16.9268
2.63771
5.24798
7.85776
9.49961
19.6169
22.8375
6.45179
13.0449
19.5131
6.56572
14.046
14.1602
2.09681
10.4779
6.17135
8.21256
7.85008
18.2778
13.2044
2.64436
12.9516
7.66717
7.6672
0.603696
3.14476
2.74495
4.16003
14.6389
6.43088
5.91122
4.10826
35.9585
16.1274
5.84829
16.7335
13.1868
8.9038
3.74561
26.6879
5.82512
5.83311
4.96576
3.55295
12.6816
14.7274
14.3458
6.50201
2.75268
13.8221
9.67797
4.05251
10.0351
21.3046
9.47501
11.584
1.94818
29.5412
2.75245
11.5573
12.2284
2.09915
10.0939
4.94184
26.2472
4.11158
3.80128
2.52575
22.0929
3.83433
4.25802
1.20285
4.52097
17.0785
10.5555
8.41747
30.3491
9.15778
6.68382
8.23676
7.09438
20.3087
7.25204
14.9332
2.82591
7.78853
10.8655
0.470282
1.27664
8.33345
15.7774
2.1991
2.35398
8.14862
13.105
1.68994
1.83528
10.9784
6.17603
1.91468
11.5712
7.78435
2.77649
6.31795
2.71032
9.09994
7.56128
1.15789
9.00808
1.9184
11.8019
8.09916
2.70185
11.88
7.31593
12.9847
23.2919
4.58566
21.9502
1.50519
2.35758
6.43689
3.83481
11.8533
3.4859
5.21067
6.21147
0.975019
6.06633
14.3037
8.73653
11.479
12.5605
3.88452
2.92192
4.78467
3.53935
2.97865
49.7091
28.2599
2.16596
5.07403
3.43094
32.6029
10.3023
19.3174
2.5584
3.1149
1.20407
0.284451
1.56323
11.9311
15.0904
5.77042
5.51162
5.6836
2.75055
9.03406
8.60545
40.701
7.56627
5.23735
3.76843
3.83725
2.71103
20.1227
4.64106
18.3754
7.87049
9.83678
0.134107
8.56744
3.67732
3.66271
3.67319
2.23285
15.0199
9.91452
8.15403
11.047
3.11813
9.51031
1.67508
30.608
9.74732
8.27065
4.70972
6.1545
11.206
3.3207
3.70743
13.4507
3.38037
2.95819
3.88593
20.4668
1.95896
6.34872
10.1819
6.24946
1.99695
8.35383
5.80272
6.72697
12.3965
1.55721
3.5176
7.58832
5.37619
5.30246
1.31781
3.92607
6.93523
12.0784
9.18105
8.03763
3.37385
1.75706
5.81206
17.0091
18.2732
5.65574
1.08918
5.14382
22.2548
9.92687
1.62762
2.70454
4.33686
3.01577
6.04626
5.02777
9.1606
3.06325
5.3082
9.80942
7.11963
9.65124
8.43035
16.7809
2.3197
4.08378
3.02274
7.72765
5.07886
15.2491
2.74957
11.234
1.1805
7.42872
2.18148
13.4768
4.3235
16.9805
34.4407
13.5703
7.04888
17.0248
10.9716
2.59457
4.76014
7.56179
16.8449
2.45072
4.06979
5.62343
10.7949
4.16643
15.2891
9.02672
3.35342
2.00499
11.9219
6.29486
9.66537
4.16248
9.49698
4.56639
3.30098
2.92475
1.87003
26.3204
9.15196
5.98167
7.7243
20.5339
18.5335
4.99903
8.2909
4.21208
7.89989
5.26904
10.497
1.06903
4.39676
3.50962
17.3804
1.16497
3.83494
15.1099
29.8174
6.19017
2.59991
5.96176
7.04415
26.9702
11.9092
4.55052
5.18875
2.42787
3.47393
2.99984
4.89484
2.83106
4.47467
15.3079
3.21147
2.52338
7.41642
5.75974
2.20308
4.77762
14.9551
1.98812
5.8774
8.93167
4.34626
13.0455
21.2543
25.6492
9.75023
3.98691
18.4569
3.58403
19.5593
6.78909
12.2481
8.28119
3.18286
3.81988
2.81895
4.52033
2.28118
1.10015
11.6272
5.57041
7.96693
26.7125
2.87059
3.01009
8.8635
24.1768
18.4502
14.7784
10.3222
3.80685
5.13101
20.185
5.90492
4.1475
9.8782
1.57786
7.89624
3.74886
23.7523
11.7503
3.06505
16.8867
13.2307
1.64962
2.94402
2.19432
1.87475
1.35951
4.90992
1.65901
4.36181
13.7428
3.97259
5.29737
3.72323
5.46986
8.2197
4.16064
8.46023
9.77688
8.43081
10.745
2.70325
22.1986
13.648
10.6142
6.3689
9.39839
14.52
4.30131
4.48447
19.059
2.69678
14.0932
21.7771
3.32498
16.3206
11.4346
1.20743
9.86295
9.87358
2.40277
19.6623
2.53375
3.94379
34.4082
31.2323
4.87732
5.7387
4.18927
2.55062
9.83762
11.8534
14.0137
14.2535
14.9986
4.2886
8.0389
7.18122
2.05536
1.78756
6.25753
6.11039
5.70577
11.3077
16.0521
0.616975
3.02765
11.7732
22.3071
19.7358
9.74605
4.66451
1.92422
8.81728
2.20031
8.60852
7.30884
20.4147
11.5717
3.94375
3.29144
12.3427
18.5392
10.1181
3.2084
8.22897
8.79732
8.00583
5.82152
11.3244
3.32014
6.62957
2.09108
10.1429
7.68696
16.3546
6.13968
9.51067
12.7135
6.27947
5.68974
1.55157
27.5507
4.72783
3.75533
3.43702
5.39759
9.42314
8.57928
5.49887
2.86915
7.17557
8.81341
3.91818
4.96851
25.5227
2.16526
20.579
11.5404
2.32016
45.1863
10.9443
21.0331
3.24641
8.77809
5.09207
2.43028
5.04875
7.78827
11.502
24.3471
7.68346
2.01189
7.52689
4.02317
1.80396
6.05252
31.1108
10.2821
35.3119
10.9106
23.2615
3.08408
7.20404
29.6105
2.98022
10.5043
7.52004
9.2814
23.7365
6.22602
8.90806
4.20456
5.02308
7.04567
4.48626
0.313046
0.829774
16.4362
12.9329
2.94377
7.06059
6.25531
2.62794
3.97906
40.1021
13.8215
5.25687
9.63673
0.508286
4.70811
7.07851
19.0895
11.1234
8.21006
2.41033
17.1921
3.42491
3.04678
11.6888
3.06032
2.38171
1.90249
24.7072
13.884
1.21772
7.8877
3.38337
20.684
14.3033
12.3809
2.93118
2.78442
11.9828
3.4085
3.1601
8.36659
6.52629
3.10884
3.71041
7.64218
26.2258
15.17
21.1274
1.93584
7.96471
4.55863
6.19986
19.6108
8.12557
4.64782
9.72288
0.129015
5.40646
10.6158
5.87858
5.01168
2.10507
3.79417
18.7185
10.5702
7.98499
4.28445
10.7455
1.76625
3.69918
11.7824
7.63435
5.32268
24.9682
9.77702
2.37816
8.28714
11.6519
1.49322
2.67446
0.376698
22.6764
8.44455
3.82406
0.917713
2.98007
3.50997
8.08867
6.6726
1.53308
3.61295
7.91418
12.7724
15.3089
6.63846
16.1382
2.91689
8.64401
2.36244
2.0734
7.65862
6.34999
10.1475
5.29636
1.75765
13.6491
1.22076
5.55992
33.3324
3.26033
3.94186
4.75014
4.81889
12.7482
2.14042
12.339
2.1532
13.1029
5.00252
17.0807
10.8644
4.63435
15.1992
7.90548
8.09524
2.02763
8.65864
13.3742
4.60663
4.11367
19.8884
1.03702
1.04401
3.37799
8.08383
6.66691
10.5369
6.54122
5.41442
3.03144
10.1185
11.6688
28.7648
7.13769
4.88524
15.9428
8.71128
12.3359
10.9375
3.74739
8.09406
1.37855
9.73477
2.99612
4.01455
7.37317
12.9053
20.6794
8.30205
6.67601
11.2175
23.2071
21.4387
8.69659
7.46117
11.515
2.31831
1.90944
1.77227
16.9336
4.81815
6.28689
1.70144
3.76547
5.50213
7.30941
3.57641
20.3437
18.9146
3.15903
17.7338
2.34881
10.0874
2.35985
3.75527
21.3543
2.37296
2.62049
9.43506
12.2798
9.44474
16.74
2.30276
7.32696
13.3629
1.89081
3.8309
3.03495
13.5932
0.0906664
5.26013
13.6098
1.26357
4.3462
3.05119
5.66716
4.91887
4.07597
30.701
11.4203
2.03358
11.613
7.04687
13.8248
2.74616
13.5298
6.1881
11.3161
3.96133
8.1613
31.0744
2.51361
9.75587
6.15072
15.6919
12.873
5.138
6.31894
13.2796
14.3749
1.20884
12.0719
8.23188
5.09228
1.46486
2.92379
9.85888
5.12415
2.50994
5.46852
5.81224
2.85084
0.909869
11.4714
3.29274
12.1941
7.07057
18.3257
5.35091
14.1682
1.18054
23.2184
12.739
5.28822
4.17292
14.1833
16.6279
12.8596
13.997
3.35625
12.1648
6.55094
5.05212
8.1816
7.27824
6.99056
6.96256
0.0816581
9.25366
6.25789
4.49421
8.05843
12.1304
1.69255
3.91753
4.62234
13.3424
2.15326
14.6698
10.2114
22.2692
1.12565
12.5561
2.12741
4.63819
5.31381
2.59327
1.456
7.18988
4.96305
8.95465
3.27037
26.7066
16.5534
24.8741
3.68205
3.51946
11.352
11.2283
1.57026
1.82307
4.82158
1.70866
18.1028
4.24276
7.37882
8.26745
1.81307
7.34362
9.97708
2.75263
3.16746
4.74
17.5754
5.55871
5.1827
15.408
9.42906
20.1039
10.3039
3.05153
14.1316
11.7405
12.2328
23.8299
4.54618
11.3732
5.3229
2.48563
17.2682
3.88846
17.5597
1.2894
6.15639
20.259
2.88824
8.09253
4.2929
31.8354
4.92198
3.29796
10.7639
12.8114
16.8827
12.0769
5.96331
2.82102
5.81223
2.70671
17.4828
3.97889
11.6914
7.88454
10.561
3.85106
2.26737
5.77965
5.21872
36.6021
9.08022
1.4399
3.14982
2.67098
3.61622
2.70371
4.72686
2.60622
3.0465
14.5442
6.40188
2.79189
31.3114
14.5742
4.75291
7.79494
2.09893
11.3556
6.54609
12.698
7.15646
1.40717
8.17127
4.68573
1.84509
7.14526
11.9625
14.695
10.1775
1.44542
3.81472
2.24659
5.47482
2.7705
4.73167
11.606
10.0961
23.6159
2.56141
4.13853
3.88216
5.13661
6.17328
15.163
11.9301
1.74042
19.6079
3.27015
3.71084
4.10242
6.22439
8.36609
11.8187
4.87615
13.6443
10.8851
10.492
11.7154
11.4324
9.77924
17.4429
5.59376
2.67305
8.01617
13.0854
18.1786
1.26753
2.2028
7.74273
14.9927
2.01508
7.03268
14.8611
4.71479
20.8624
6.60782
3.58943
29.5439
7.86052
13.3923
7.13235
2.62629
15.782
7.64805
7.88657
13.6801
3.92169
3.32063
3.11438
18.9984
1.74531
23.1266
2.62549
5.11118
7.54116
4.78697
5.29927
16.2549
13.0153
12.0431
3.40504
3.36237
19.4369
2.22645
1.7956
9.21913
6.5274
15.9219
4.91182
6.49506
14.1519
6.58888
11.5745
11.457
2.36176
7.94387
3.26802
16.0944
15.9897
9.13483
1.47881
2.96286
8.34586
15.2725
12.8653
4.17803
4.38938
6.07752
6.97596
3.66185
5.06636
5.54601
16.7417
2.12039
16.9952
1.20133
3.19353
31.4741
1.58582
17.9528
9.36668
2.75306
4.08327
3.04769
2.10439
4.04081
5.0457
2.31936
0.827552
3.57978
4.98288
2.04527
3.53694
7.59495
26.3467
3.83544
15.2904
2.46133
4.88763
5.94925
12.249
4.41639
3.43073
8.69378
1.92676
13.2536
4.41522
4.10203
13.5355
0.0659725
6.0922
18.3876
7.59581
49.192
6.69577
8.49654
6.17087
10.2125
32.7739
3.90317
1.45127
4.36611
13.4104
8.75403
15.5868
7.1182
6.8507
7.99353
10.4043
16.64
7.12351
3.73052
18.3134
44.1097
15.7938
21.4832
14.8692
11.9894
1.56723
5.95316
2.47253
16.9316
3.06829
12.0679
3.3585
9.31918
4.82811
4.67646
9.70769
7.51298
9.8341
12.7324
30.6742
3.21784
8.85179
2.78258
1.50666
6.62563
5.35297
5.35663
6.5664
17.7627
3.25061
3.15635
12.1704
6.64402
6.5471
9.04827
5.54994
36.2805
6.69619
3.88802
3.82483
7.52354
9.02479
8.54943
5.99589
2.7754
20.9152
5.44723
20.5385
4.03076
5.81865
8.92245
7.47894
1.14082
21.0706
11.9523
15.3204
10.7746
13.396
4.73258
1.64243
2.8277
13.2357
9.49895
1.22416
2.6883
2.02891
27.0976
4.65533
19.8163
4.43258
3.90493
18.5857
8.66364
5.34181
9.90864
4.47607
2.97226
8.34001
12.6613
5.6087
18.6349
21.5603
5.98928
7.59801
12.2219
15.375
4.04651
12.0289
2.98558
18.4568
3.17444
4.09775
25.1947
30.5587
4.3212
14.9429
6.94015
11.7405
12.0836
2.15745
6.3585
3.23766
0.902026
16.4052
2.95202
6.26942
1.14622
4.99615
5.39617
6.944
9.49311
5.56333
15.9604
8.82063
11.0743
3.95822
3.0682
15.6514
2.74462
19.8435
3.76294
21.7205
14.8507
5.11544
4.99295
7.6377
7.41993
2.53096
7.25249
30.8786
53.1253
2.56823
25.0579
5.46759
2.75943
4.44979
7.13007
3.951
18.1687
3.36939
3.39142
7.86245
3.82453
35.432
1.95744
13.8698
10.0934
10.0621
12.2186
4.83394
10.0102
3.76558
11.9876
14.675
8.87373
3.35571
21.1647
4.29822
19.7162
3.93723
3.22593
2.74531
12.0716
15.1881
3.31535
13.3444
10.5544
15.282
2.3881
4.57129
7.38592
4.10593
2.86781
34.4123
3.14195
2.7639
13.8131
9.53442
11.1076
6.17132
11.3107
8.61496
2.55293
6.01852
3.41429
4.03974
15.844
10.7339
4.92695
7.36761
24.4927
7.74453
15.5778
10.5319
5.80986
7.11661
3.50478
2.27425
6.21468
3.40315
8.51367
19.9614
5.06711
4.36299
19.4396
22.0031
11.9201
14.8287
16.2481
9.87967
23.4444
4.07584
11.6774
8.13111
3.15786
3.78075
10.6852
13.6222
14.5731
13.9603
2.01231
2.83101
1.32009
13.8095
7.79914
29.6974
13.8443
16.4898
20.692
4.47558
15.5115
18.2972
6.13294
9.30412
16.7243
7.524
3.26071
14.2578
13.8753
6.77282
3.75229
8.13282
14.6319
5.35361
5.32337
1.74611
9.82431
16.0584
9.57013
8.1982
3.23114
3.06542
6.24475
9.11321
11.4305
9.59261
3.08111
2.05223
6.96211
14.6351
3.93326
4.28209
3.26594
4.72392
14.3037
14.3407
1.82153
10.9682
6.56147
6.36322
8.22416
1.41512
5.2354
12.1563
20.3044
6.62323
4.91429
8.87529
7.40704
19.6374
3.97606
10.3151
6.19855
1.71576
12.6391
2.05302
13.1318
4.75319
6.29441
4.63222
3.26167
4.70571
2.93642
5.93357
7.27071
9.02734
8.75372
12.5403
8.24827
14.7628
2.9695
9.63584
2.10945
12.2955
3.12931
2.54511
14.8594
2.92349
2.84499
9.20953
9.89853
11.2517
9.308
3.81371
2.79596
3.24824
8.62664
18.5659
8.43014
3.55077
3.24949
14.9831
3.59864
14.7203
9.26395
28.7264
5.20546
7.79139
4.102
2.41385
13.0418
3.10053
5.04807
1.94623
18.6031
2.28533
4.78832
6.74736
3.67695
3.33571
5.40817
8.74089
3.40478
3.60866
16.4026
13.8555
6.33133
15.7399
3.76323
14.0768
17.3885
19.2867
14.9021
2.46403
8.99966
7.11401
11.8328
6.89602
6.54338
14.2673
15.3384
5.89681
6.01849
2.9512
2.90676
3.69767
3.78855
1.89891
41.9945
3.50303
12.1358
16.1618
3.15884
4.01771
19.3594
14.6301
3.22095
4.24239
8.65727
2.34752
10.3126
5.20035
3.1201
30.0359
15.4839
9.82728
3.74612
7.64963
1.85437
1.55173
16.9565
11.8558
19.5958
14.636
5.33532
2.26014
4.58004
24.9296
17.6907
21.7905
28.4267
17.0982
6.36001
2.64507
1.75458
1.70409
8.36123
14.1052
14.4257
8.93161
4.06327
12.5084
1.29464
4.29858
2.5436
2.74303
3.19181
6.8376
16.2241
10.3198
15.3772
17.2824
4.27064
9.75533
3.61375
5.26023
12.5465
16.826
29.7698
6.64249
9.20914
1.38651
1.88997
28.5772
6.21722
4.98512
23.6224
6.32635
5.80213
2.78809
6.07606
3.19949
16.3976
14.3313
21.0297
15.0039
12.2861
4.23144
13.6786
4.61706
7.55847
16.7325
6.64971
3.96311
14.2895
3.17814
12.6258
6.2662
45.3056
4.10188
3.38187
7.15739
11.9805
12.025
15.1325
15.0357
5.09375
5.48555
6.62567
17.487
17.6053
3.65903
6.62808
4.00031
35.5932
3.72
3.14116
5.95226
13.7306
10.9951
6.32786
37.8116
4.9916
4.88984
5.58649
2.14613
12.0564
3.85935
5.64036
3.51941
4.93276
2.91962
10.3757
20.1021
4.34391
4.57082
6.77127
11.8329
3.97903
9.26638
9.39146
4.53084
13.9094
9.37011
4.95065
2.5778
25.2459
39.0364
9.26461
12.0517
20.1834
13.3676
3.94574
7.73448
5.88345
17.3659
29.052
2.76422
2.24597
26.2834
6.0902
17.1508
10.7532
8.64485
11.3845
5.27733
4.67016
14.9202
17.3063
14.3304
4.20975
2.54374
3.81752
5.31611
6.64705
1.14007
1.48133
6.4444
12.7441
7.46749
3.62278
10.0211
1.86021
25.3629
4.89479
10.9283
0.821516
3.96048
7.76935
5.80751
4.79625
9.6998
16.339
18.3531
15.1125
8.22918
5.49241
5.29579
2.76785
18.7252
8.73515
5.1733
25.6499
3.8013
16.8128
9.2528
23.0447
9.30413
15.6806
4.67795
7.2162
7.81529
20.499
11.632
4.41412
7.90311
18.5014
2.05916
3.61891
8.48373
10.4517
2.75261
10.3338
1.72095
3.98434
50.8423
3.33607
4.29994
23.8079
1.70158
2.23324
2.21021
10.7542
10.096
9.85505
2.2314
2.43623
1.18163
14.323
12.6807
2.05995
1.12845
11.5478
4.58382
22.2384
0.420649
4.57864
0.792873
5.29703
5.22551
4.28977
4.15069
14.6675
4.8483
13.1742
6.23802
6.76299
4.10971
7.4642
3.96411
4.51447
29.8175
15.2631
6.29014
3.81639
10.5527
4.50049
2.81373
2.54436
2.74787
4.83944
13.9872
11.7901
4.94366
4.67768
4.70324
2.26866
1.86036
5.75644
5.83714
1.55575
12.7955
3.41631
6.72949
2.56924
13.0749
8.20851
2.44987
6.60163
5.99725
25.4501
2.00474
15.3485
0.931194
6.01845
3.14789
18.3367
3.44131
1.87261
2.63646
9.44471
12.9145
5.64572
0.844997
10.7265
18.9985
7.16051
6.9404
3.94768
7.83751
3.41052
28.5687
7.54976
6.3198
21.5396
1.69966
4.01385
6.92383
2.37895
8.31137
0.592465
1.3182
33.3812
8.18601
4.25029
1.8327
1.09187
6.8828
5.22856
5.00338
11.0158
0.760971
18.5333
10.4506
13.0116
2.45927
3.18755
4.40916
8.67863
15.4021
15.5288
8.57437
3.59393
2.75764
21.4257
1.77486
3.64122
6.01744
8.05563
6.6675
3.59776
2.17009
3.94896
5.55675
5.02661
33.506
4.72694
19.508
3.0621
19.853
8.01057
4.2365
9.86982
23.0081
1.35157
4.1443
1.16054
9.29286
3.09837
17.7442
4.55915
11.71
7.41072
1.84853
4.23071
0.427934
2.01155
9.27599
12.6577
33.0624
4.48273
3.36419
6.41582
19.8558
7.13524
2.13251
6.3521
5.04468
6.39038
4.56522
8.57048
4.24139
21.8067
16.2647
6.85906
4.53665
5.1198
7.67921
29.1062
4.81524
35.9076
6.58254
20.0329
19.5375
13.7778
4.8823
3.04448
9.44795
10.9783
0.753038
9.81933
2.06784
10.4307
13.2759
9.2999
18.4523
32.8134
9.39658
3.59366
3.8533
22.6214
1.91401
4.1975
9.51321
8.25951
4.53203
2.31567
10.4863
18.0405
3.97836
6.10221
6.48614
6.55502
12.0947
6.1499
7.04322
3.11899
4.70279
14.4272
11.2814
4.20894
3.66058
5.28379
7.96904
7.84813
31.4065
8.84402
21.4851
6.21525
13.1353
7.72353
24.6724
1.75359
15.0053
12.7179
4.17714
10.7977
11.4653
6.9786
2.01373
11.9478
4.33236
8.01856
4.63128
6.27244
4.28034
11.9674
2.97467
1.48647
33.1463
8.47255
3.63552
0.132981
6.43497
5.63932
3.02701
15.2813
35.5436
2.95145
10.5309
5.6687
4.50134
10.986
16.2548
5.86603
19.9421
26.4313
12.9089
13.0872
15.339
10.6625
2.44388
7.53674
13.9626
10.0859
10.818
11.7396
3.91019
3.66015
3.96828
3.81244
5.86313
2.90962
4.13615
5.62315
5.45852
3.08502
4.27828
4.34957
17.9349
28.7971
1.97052
5.59103
18.2329
3.16326
14.1777
3.60758
1.97272
13.7241
6.63725
3.45229
7.66639
2.88795
7.05634
1.40364
1.42741
16.0726
6.07421
8.97867
2.36231
8.12574
12.3175
3.17739
15.6097
10.6993
3.43012
2.35056
6.02858
9.09449
4.56175
4.08723
2.51675
4.35269
28.7841
1.53907
20.7168
11.1418
3.31219
6.45586
13.4678
10.7999
19.661
2.21049
3.27666
18.1425
6.08801
19.2333
10.6596
6.76251
4.75063
2.7903
4.16875
6.254
5.29443
6.40455
2.11491
14.0557
29.4352
14.0394
9.77553
1.55532
7.35123
6.58269
6.64376
4.85897
6.53826
7.54115
34.0845
6.79323
25.9702
15.278
10.9522
2.52083
2.98384
3.13601
10.8485
2.35634
6.99224
6.63758
26.1391
9.38372
3.27578
14.6185
0.856617
2.97468
8.17354
9.21189
11.1591
2.12195
16.1647
6.44347
5.73208
2.9626
6.55307
3.73865
4.48124
13.1508
3.36939
9.91235
3.23045
8.47094
10.0802
9.64976
9.7172
13.4939
8.81043
16.1255
15.6025
4.64843
4.14683
31.1987
4.79562
6.14831
5.90136
8.26166
7.25382
24.8852
4.27009
3.10469
12.9405
17.9145
8.74783
7.06443
7.93018
32.3339
2.83035
5.12062
17.1266
21.2813
4.45498
4.18882
6.65008
10.6963
7.81785
3.52441
6.19305
2.19239
5.51525
12.492
18.8844
3.28732
25.7915
2.41807
19.6577
9.62454
7.53041
3.68197
1.95169
2.82151
6.86793
18.5633
11.2906
24.6053
5.75705
3.64447
11.5871
1.42117
4.56166
1.52969
12.6981
5.58549
5.25041
10.4654
10.082
7.20787
11.9614
2.83732
16.6871
2.79763
9.17022
14.1114
4.26461
1.91585
8.82554
4.6943
4.01561
9.39551
7.05246
5.0091
3.73795
1.8308
4.05019
4.69009
9.98265
8.4514
2.05664
6.20043
3.44943
7.76966
34.2864
13.0759
3.26177
6.51404
15.9883
6.48349
6.33287
3.67546
2.79843
8.54789
2.06455
4.09974
2.86266
19.4902
10.8427
5.55385
8.40337
1.9365
8.90159
9.2011
14.6065
26.5675
1.79536
3.67862
4.9646
14.251
4.61766
6.50596
10.7478
5.2046
8.23756
19.8599
9.29483
9.54468
15.5795
3.72279
19.2875
6.74561
5.32291
11.7341
5.90564
9.49709
5.59206
11.8747
6.46816
12.3465
10.4141
18.2968
3.713
2.41381
10.0392
2.00039
4.36391
15.9443
24.5542
10.3355
15.3098
1.01353
4.63902
19.2907
4.45792
4.63083
12.7834
13.0824
2.76613
10.8712
17.9673
3.76623
30.4504
15.5438
2.9078
22.0438
3.96905
3.33441
7.48071
4.67319
2.24305
4.49736
2.82548
2.55403
6.76616
12.4764
4.72431
4.83812
10.1927
5.00258
19.3617
11.2216
3.15001
6.30683
6.18254
11.3187
4.32227
1.55087
14.4824
5.28815
7.89647
5.83153
6.75352
4.09239
21.9463
3.26237
2.2044
4.42191
5.12377
4.00076
8.29888
10.0035
11.8162
15.3822
8.44117
6.4659
23.0409
11.6422
3.96334
2.07857
7.28111
2.48868
3.58221
4.60479
8.23016
2.12639
6.44583
30.099
0.892916
9.99971
7.17202
4.83385
44.0531
1.54132
24.2665
16.6691
5.81311
8.63475
2.96132
4.15968
3.05754
10.8656
4.67137
2.2202
18.1916
13.8383
8.51385
21.0264
43.7277
2.4886
9.44049
2.2514
12.3954
2.16203
29.8695
8.45885
26.464
6.08786
0.873402
5.56826
17.3749
9.26855
17.0983
8.55626
18.9915
4.18392
7.79237
3.90014
12.3735
19.2759
6.33723
0.810429
6.2248
18.2481
7.46113
8.45329
51.8116
1.5144
6.55965
2.63338
1.82389
1.38895
5.4893
21.2607
9.84505
29.4125
2.08849
7.33155
7.25036
6.2038
9.5757
5.90804
1.03624
13.7974
5.6136
17.2772
13.45
15.6592
20.922
20.7242
4.67125
4.67346
7.84204
12.7259
10.3323
8.26053
5.27297
4.89202
25.9605
4.35173
3.71045
35.7893
2.82355
3.94688
4.86859
3.56824
8.85524
18.4723
10.8128
19.1871
2.2971
5.49681
11.7603
16.1877
6.90537
13.3286
4.9257
7.99823
4.14929
2.8504
2.92668
27.7393
8.40235
11.3663
13.1354
6.90736
2.9521
8.0861
10.0817
6.13794
12.8862
6.86219
5.66815
7.82775
4.9357
8.0197
26.188
8.83868
8.46631
4.40857
12.6149
4.78451
9.96008
11.6434
0.0353122
23.3376
1.57712
28.0693
12.1287
3.49556
4.1113
2.32611
9.79685
3.20876
9.18958
3.67219
4.37213
9.35828
5.96806
6.67746
1.86274
10.0373
6.78443
2.18877
6.74092
11.8437
3.77639
1.79376
42.0622
1.31959
34.4146
19.3225
4.91793
7.65007
13.429
7.1186
2.8073
3.10593
15.9442
7.70894
4.56631
36.6945
2.82528
5.66805
12.2192
5.04912
7.18813
1.1248
7.2184
12.9251
6.45925
6.2558
5.36503
3.2734
6.6542
28.5005
22.6938
4.98611
6.45962
8.50556
7.16145
3.54455
7.9042
10.2338
10.5823
13.6481
7.03961
8.90854
6.81241
4.95051
7.63155
3.19886
2.48102
6.7056
7.53916
2.15595
4.93522
8.62743
3.74939
6.20863
5.81852
4.33848
10.3139
11.8171
3.16802
2.39518
8.67202
17.6689
25.6243
6.9566
14.8331
5.28256
5.40156
12.0107
37.8423
13.8182
7.09091
2.87467
19.1552
9.67286
8.52954
2.80567
2.60925
32.7115
3.55976
0.88559
10.7591
8.2959
4.78757
2.41118
5.70961
15.6842
5.70603
21.3349
10.8661
24.0981
7.92948
7.40019
21.8621
14.1579
28.0679
6.54342
25.3373
2.17466
2.81541
4.07809
1.65659
9.0238
10.7365
2.01512
4.05871
9.44312
2.39348
19.0768
13.4672
8.98168
2.05413
28.7143
4.3226
13.4347
17.7761
10.0522
13.5257
5.53083
11.3447
9.99913
2.83022
2.6601
10.6333
8.05635
3.52184
2.97754
4.23009
5.36983
0.187365
4.13181
1.29715
1.92218
9.67699
24.6527
34.9029
4.60753
9.36106
34.3791
2.31754
29.0782
14.5374
8.65486
4.37464
3.32596
7.39235
4.11521
31.8602
10.8098
4.35953
15.7568
4.88298
9.59679
11.9172
5.47917
3.28272
1.41266
7.96033
2.5834
17.2864
1.87182
3.5588
1.7821
10.8594
1.49016
5.30708
17.1102
5.62127
1.41791
2.94064
9.78943
14.5724
6.50331
5.77314
4.50182
2.44253
6.7443
2.10895
18.3342
2.49112
11.7358
4.89634
5.52454
6.90621
17.3501
9.95195
7.78476
28.5131
18.2434
2.90038
4.59576
6.28166
5.12822
3.20866
3.57872
5.51738
13.3615
2.78424
4.70964
2.50374
14.0858
2.20503
17.4746
10.0205
7.95833
3.20578
9.19148
4.96586
10.2549
4.38409
7.82684
13.549
13.1427
2.6214
29.2343
2.32948
3.39859
9.13617
13.9485
4.06251
6.53323
8.1619
13.4581
4.24098
8.06264
30.4972
20.76
7.67971
8.6325
7.50798
6.07503
13.0522
11.8191
4.17487
4.64941
23.9727
2.55346
2.80196
5.33048
8.56627
5.97272
9.95966
7.02052
11.3843
7.60894
2.59702
28.7857
0.738227
8.21253
0.860331
10.5234
6.80782
35.0262
3.87754
4.21486
7.67498
11.4275
12.9076
3.98277
7.09017
7.51399
9.65692
39.2296
4.99096
11.1957
6.8195
9.02701
3.84866
4.23628
15.8252
10.9963
7.13894
4.8067
15.8512
5.1892
9.18269
0.0539712
1.58174
2.54194
20.1467
5.77387
4.42469
16.5845
3.80006
9.95104
2.88136
4.23957
5.71502
4.19475
3.54492
13.1287
12.7261
3.47412
12.2839
11.9967
13.7016
16.301
17.1659
8.43389
15.6175
6.2429
3.21658
3.55129
3.17957
1.97492
1.65221
4.50327
4.10557
4.70626
10.7726
11.7545
7.03805
3.80705
13.8158
15.1804
3.29944
3.70419
6.03458
5.46157
9.91501
3.07685
2.70989
15.7949
11.2039
25.7182
12.3919
19.1269
3.4312
13.9112
16.8027
5.92479
5.06455
6.8176
19.5896
3.3724
21.3897
3.98332
10.6698
1.86975
8.98251
11.768
0.128253
3.38412
1.9705
22.2132
1.51475
4.32875
9.17835
5.71828
3.82647
13.5659
1.52081
5.47614
5.26052
2.09452
5.88872
17.0504
4.41701
5.69825
12.0003
8.54934
12.9222
10.4022
4.31117
9.13217
5.6676
7.55415
2.86557
3.01326
4.84061
5.4223
17.9951
11.18
17.3048
12.0454
7.31868
12.8914
3.90807
12.0997
8.44046
14.9362
10.6998
6.492
3.07515
4.87388
0.997254
2.61279
2.40583
15.954
2.03669
10.0669
2.99154
6.43042
4.67881
2.08739
17.2567
1.743
4.25779
4.35414
4.05274
2.47938
11.8021
16.7315
15.2234
17.1065
7.19157
1.60495
8.24604
14.5591
2.90638
6.63395
6.88483
4.15382
5.22932
6.04454
2.24153
5.28624
11.9557
3.42567
3.4152
9.20198
2.96637
3.26043
10.8966
10.3824
6.8341
2.24425
3.87923
6.13356
2.51883
2.73097
1.91404
2.45979
4.29775
29.5104
2.43266
12.4306
1.62725
27.9675
3.30502
1.5483
11.5529
13.9513
5.36419
11.8111
17.0668
3.90488
2.46666
11.5311
4.59743
8.85522
15.7287
2.43123
5.68744
33.7033
3.54184
2.75027
2.32916
6.53597
5.42528
10.1848
5.91493
6.31241
10.9
7.2381
5.55961
40.3056
7.65884
8.34853
7.59169
6.54966
3.61856
24.836
12.5777
9.22781
3.77788
17.8209
7.71242
4.56006
20.0643
13.5053
7.49718
3.02942
10.2113
16.3426
23.1953
11.5657
3.80758
8.57428
2.23698
18.493
16.0019
4.60079
30.4583
1.33702
3.05488
16.119
13.7479
6.77476
4.18065
4.60915
48.744
9.46283
2.0021
5.41499
2.4063
1.10464
5.07956
13.3741
3.39326
29.3312
13.5033
7.38214
9.93051
7.62259
5.35697
3.43591
35.5608
21.9542
5.17612
3.74438
2.43807
7.25326
3.80376
16.7575
10.3486
2.42336
4.37693
11.7667
6.60399
8.25283
12.2464
17.5208
1.55278
2.81339
11.8962
15.2894
19.6561
4.85279
18.1763
12.1023
2.84386
24.2018
1.54592
8.75648
3.79118
5.01859
11.6042
11.991
3.11524
20.9875
1.45237
1.4928
4.40632
18.5504
2.73842
3.82745
26.4
6.51327
10.1897
2.43315
1.58593
9.05773
24.7538
11.9552
2.62279
5.81739
8.23124
16.2216
5.13286
28.4025
4.98582
3.82718
9.88349
2.99229
4.59803
9.53486
6.00065
4.82469
6.5137
26.0026
5.05944
19.0515
1.46536
12.7733
5.92613
1.98294
7.84491
4.84183
9.7996
13.3545
5.45125
2.72737
17.0591
4.58337
8.18589
5.69412
12.7305
12.035
7.93974
3.08754
8.04685
4.70814
1.84969
16.2198
2.76523
2.32404
9.35658
19.75
8.44802
2.20803
2.57819
9.5026
37.9433
2.94241
0.111801
3.28489
11.7707
41.6451
27.4426
15.4318
20.3979
10.2032
1.70755
11.7475
18.0657
4.09032
12.4277
4.05732
5.30698
10.2591
1.75074
7.17616
2.99918
13.2692
9.59618
7.05963
2.23826
4.37423
2.11774
4.7977
16.6253
3.24625
3.95345
11.5428
15.7735
10.0091
2.61739
4.79323
5.61697
10.8233
19.3427
2.28327
11.8991
5.21022
2.03424
6.07406
14.6516
2.79383
11.5456
2.76301
9.97738
20.7374
18.431
3.84806
10.3163
1.43057
2.8297
3.80733
18.041
5.59841
10.053
4.39551
6.44672
18.1347
8.92943
5.76389
1.32789
12.4342
4.08446
7.56843
1.94416
16.8349
2.93355
3.71165
6.04473
18.1969
3.06046
5.39443
3.94214
9.47956
2.67607
3.7753
2.59423
6.38418
1.731
11.4375
4.06921
3.20231
10.7591
6.08255
14.0431
2.66933
10.6838
9.67011
12.4197
1.80875
10.2767
7.19066
2.86304
5.24769
5.5205
18.6361
1.23516
6.25973
12.859
13.8979
15.2307
3.53259
4.92243
7.01509
18.5587
2.14068
39.2829
13.8569
2.98216
5.8423
16.9034
3.26208
15.464
3.29416
4.47787
8.11801
4.88555
17.9077
4.16153
5.24367
4.95261
6.53223
3.28934
1.5372
5.16357
7.78082
8.93644
4.1203
7.06076
8.57742
33.4014
5.01664
11.0276
7.94174
7.52412
33.1585
14.7791
17.5086
5.21885
2.65597
8.01179
12.7185
5.52259
2.93819
3.13415
5.98921
1.01112
6.15783
9.40465
4.51647
6.94737
2.84388
5.0577
3.74766
17.8092
7.94804
12.4818
5.60741
26.0425
5.3556
13.4682
6.00414
2.98199
26.6863
7.18271
2.27482
9.87923
9.42301
11.5657
5.1484
9.17177
25.6089
11.1317
2.1129
11.7384
12.1357
3.1718
15.477
17.6941
0.795224
11.3847
2.91115
4.45972
10.8844
3.69575
10.3572
11.1437
6.95839
11.8022
5.0911
7.56734
5.07454
2.13388
1.52991
13.0763
6.40553
11.0223
6.20861
5.8319
4.97148
17.6521
11.2015
12.854
7.08757
7.39607
5.38764
4.66239
3.72475
4.04481
22.4615
9.12292
6.42222
7.60074
13.547
8.84917
4.89204
5.66777
22.8436
12.7723
4.49359
3.4894
17.7108
1.76606
12.5533
2.55688
1.30808
6.31873
4.36714
1.2737
7.26099
3.26769
6.36366
3.98825
5.76644
6.19852
3.58801
14.6453
3.26365
11.5459
6.90141
9.92193
22.9242
5.27155
3.2852
2.96201
15.1393
17.3712
2.13456
26.7366
3.55237
26.5944
5.53433
2.12843
7.4093
6.04666
7.14979
6.10089
7.13797
8.5296
17.4885
6.4172
12.3844
12.4313
1.93585
4.46737
12.9075
8.43902
19.5369
2.88045
8.05755
13.9589
5.8725
37.7032
5.06372
10.1446
25.676
1.60751
8.68221
8.1962
11.7596
8.27641
8.81164
7.4933
4.75468
32.6033
2.76489
2.18195
9.41066
1.87669
14.0301
16.8644
31.9957
4.99012
5.46481
3.31004
4.20034
2.47298
5.3448
5.8244
27.1803
3.1682
1.82496
35.0139
3.86654
5.19766
3.6183
11.8884
18.4626
17.4461
6.71713
6.3104
3.401
11.0376
7.97705
10.634
4.04375
5.74996
1.28908
3.71822
2.8241
5.62992
2.55825
9.45129
14.4058
2.88328
14.4158
13.7808
42.4247
1.76213
6.26687
3.94642
1.18152
3.15331
6.1814
2.53791
1.13337
4.5007
4.48226
17.4475
6.22679
7.88641
11.9364
19.7619
0.998337
7.57985
10.0031
3.65619
2.38003
3.61846
2.38299
3.36856
14.2317
16.1186
3.35895
5.65829
5.94787
11.7226
3.02669
4.18789
25.295
2.85199
13.6292
12.3136
4.50754
6.7206
4.20021
3.23094
10.2874
4.43781
5.83834
18.6818
12.6941
9.42585
4.65249
3.33726
6.49815
11.5137
8.20342
6.9472
26.8863
7.80093
4.71062
17.7082
2.03797
4.99546
1.68591
7.31339
9.17918
3.92153
16.4053
4.0089
15.0138
5.7119
7.63115
3.00338
17.7503
9.80246
5.76567
8.2823
1.14666
34.7101
6.84267
10.4251
3.31939
12.515
3.16579
5.69396
1.99443
2.85553
21.4409
1.89968
4.67622
25.2688
2.60927
0.248227
10.0164
3.36704
8.778
5.37791
28.7911
5.00025
2.07136
1.61685
12.5657
8.63795
5.62585
10.6663
7.54801
3.25496
4.24665
6.80377
9.00236
7.22799
19.4848
6.48233
6.85348
23.8671
3.41731
18.9196
4.3129
16.0222
15.9313
15.323
2.71957
2.31449
3.86722
6.74246
4.77692
5.8364
7.60505
3.97134
16.3186
9.28311
26.7147
11.7062
2.02613
9.48286
6.4863
4.80358
4.73041
6.87729
19.7334
20.7128
11.5804
13.8008
18.2826
1.10462
16.5576
2.25167
4.01164
21.4737
15.5451
7.65236
26.3983
17.0538
6.2891
3.42496
9.05167
4.29337
23.633
13.8497
9.34521
5.42748
7.23976
9.16946
10.3166
7.27047
2.20042
14.2594
2.68332
8.43506
5.37288
13.9888
0.206745
7.68866
14.3539
7.90722
5.89488
6.23884
20.4709
5.17237
3.11279
21.7663
12.7917
8.31362
1.29956
1.60406
5.01229
4.4406
3.18298
9.92796
7.91259
9.88879
7.0324
5.3481
6.93599
4.89622
4.96994
7.12334
2.12282
2.37309
9.29279
7.41576
16.3012
10.9333
23.2847
1.46563
2.16377
2.84704
2.54836
3.90002
6.67606
7.80681
19.1306
4.03327
4.26825
3.32294
5.82122
1.34294
4.45722
4.02601
7.80885
11.1322
0.617042
7.95153
8.96105
4.4143
7.21608
2.4759
5.40312
9.9693
2.91415
17.3975
24.4676
23.4136
3.44429
12.7025
5.60836
1.39894
24.5123
34.7083
4.12972
1.89562
3.64314
15.3602
2.01987
13.7507
5.0157
3.15159
6.01536
4.81383
21.1908
8.72535
21.0749
10.1993
37.2957
3.39912
4.65643
15.7357
11.9111
17.1359
8.29871
11.7488
3.26552
11.3309
11.5466
29.538
8.44603
10.6928
13.9275
6.28158
4.00865
3.74232
16.2014
10.9424
9.84839
25.0035
3.30617
3.54851
9.97367
8.60088
9.5755
4.87712
7.14447
6.0741
6.4291
8.77225
26.1028
23.5135
0.953673
12.9357
8.26571
7.90644
10.6782
6.124
6.56902
10.2844
9.84625
22.1034
18.8039
32.7859
6.74168
6.05289
17.6971
11.7996
4.26167
8.10045
3.41536
8.6833
2.14885
6.77027
10.8026
13.2257
24.7063
2.98872
8.52938
11.3911
11.0652
12.1329
18.3482
6.12734
12.5193
7.78701
4.05804
7.54614
7.44863
11.6229
2.60553
13.8113
47.7212
5.79738
10.078
14.1242
4.93946
3.48571
3.67348
1.17238
10.3019
11.6205
27.8833
3.76844
10.6543
6.02308
3.52109
1.74124
13.8977
11.0227
15.9683
18.8967
7.72152
1.93523
10.7542
20.8186
4.31022
2.05866
6.79073
6.67194
5.10716
38.1776
3.4367
7.22148
8.97232
13.5294
27.4724
1.2841
6.99838
16.315
1.98864
6.57103
3.88218
11.5127
9.17828
4.73167
6.46698
1.18061
5.55912
3.86687
6.23368
13.1589
6.02439
4.7966
8.31568
3.59568
6.86186
9.27664
2.9546
8.11441
3.69158
1.4094
3.55303
5.70103
11.0259
5.10904
1.42171
11.0712
10.3712
4.38222
6.3637
6.14051
19.3093
9.20245
13.5062
17.9386
1.94655
2.13853
2.75707
17.2912
8.37684
1.0744
13.1249
9.57622
4.47582
8.55754
11.0637
6.01961
7.34032
6.85094
18.5138
17.8201
11.4486
6.66192
14.8058
37.8617
5.5904
2.53552
3.50278
2.71773
6.05213
2.3728
6.82287
22.0679
10.6213
16.422
2.30952
22.2133
9.0419
4.9689
11.2095
11.0749
6.43767
13.4953
4.93345
7.7124
10.1043
12.1486
9.63601
1.66808
14.7844
3.27851
2.19191
14.2108
2.10714
1.67759
1.64564
1.90586
12.6109
6.45788
10.5876
9.67686
7.14893
6.24937
1.67128
7.14679
17.2611
5.94032
6.03345
4.51567
2.69589
3.84032
8.12016
4.98335
4.98305
5.72418
3.42148
5.59124
16.6598
14.2858
5.818
6.64843
6.189
23.0476
8.96636
9.15428
5.9881
14.0786
6.71228
16.3014
14.6878
2.70063
5.61429
24.1683
3.69078
19.2755
3.76138
1.42625
2.27502
9.71075
5.24235
16.2213
13.6295
2.83913
4.22806
13.2937
1.41009
18.9713
3.18945
11.4302
4.15381
11.4993
7.16651
7.81454
14.7525
0.809384
18.23
1.43286
4.29502
9.75867
9.39566
6.3083
21.208
3.44721
2.36409
11.2937
10.9691
4.99444
1.32059
17.1682
0.936697
5.02532
14.4428
17.1353
7.21366
7.68155
4.47994
6.47447
16.567
13.837
6.5783
6.4603
1.9835
4.02813
3.48058
2.85835
15.0516
13.8607
2.47416
3.45099
5.72861
3.60692
2.24174
2.87479
20.6223
31.0301
2.96509
21.4509
21.1638
22.4369
8.80011
3.1563
7.60912
7.52073
9.48847
1.84729
5.93143
15.0072
5.83658
4.21767
9.95848
1.99426
3.41415
7.19501
18.8834
3.26949
3.51215
33.1745
3.61533
2.52708
3.12465
1.05952
1.53453
5.1092
3.39873
5.42451
2.82239
4.3793
2.61768
9.30254
4.63938
4.92652
3.7836
4.47632
13.3477
4.59789
18.1506
5.96314
4.23772
3.6693
13.7682
11.1056
5.04512
4.03784
5.81233
22.5438
16.6237
4.94011
3.62785
6.87582
10.3343
2.57266
34.4309
6.8415
37.7683
3.26582
14.258
11.2579
1.40259
3.05484
13.3801
4.43641
5.81711
4.77195
7.02734
8.10239
1.18798
2.9487
11.9147
0.599232
8.55926
1.01325
2.29512
7.34496
1.75445
4.14872
1.55283
16.3733
8.51209
5.28214
7.10164
5.04565
10.5574
3.00246
3.0167
3.68597
3.58202
4.38697
6.92276
5.17593
8.51196
5.07518
4.89956
3.06018
8.25509
6.33589
29.7325
7.74224
2.20718
12.3073
22.3518
10.6851
21.2658
5.18064
23.075
13.8539
6.3883
12.7259
1.22627
18.4399
5.24813
4.23862
22.4668
6.55796
19.0829
3.43338
12.8328
14.01
18.4168
42.7764
8.50742
2.32525
3.25218
3.24603
6.66314
15.0157
5.61337
5.35351
15.636
6.11913
0.918205
2.28054
23.8575
4.87918
3.34555
17.8779
6.30996
10.6313
7.70742
6.48968
20.9295
20.5788
6.57193
1.44646
9.51646
8.90734
4.69394
7.25013
15.2135
7.66972
3.21057
5.31406
3.82941
8.70884
6.53112
22.9363
4.54466
12.3067
14.3516
2.27428
24.2152
2.67904
2.8368
6.96459
26.3738
14.9782
3.77419
8.42626
7.96384
3.53873
5.35278
16.2969
4.30539
16.9027
15.4753
3.41961
12.1197
3.28836
2.35946
3.32697
3.81126
10.8769
3.8637
6.8814
3.04385
6.17413
15.4544
1.65802
11.1961
3.21196
4.13056
4.59415
0.994701
9.22333
0.132965
8.68195
3.69788
8.37626
7.33477
4.16366
15.6403
12.6458
17.2158
4.57511
6.36323
18.7671
0.120069
7.07996
1.47212
2.20086
10.6238
6.8308
5.66551
8.4104
1.46555
6.59217
4.99412
4.06143
21.3809
2.79152
4.8524
14.6472
14.7689
11.6457
1.64908
8.354
5.14754
2.89001
22.3738
1.25964
16.9952
6.1845
15.8772
6.68466
1.39073
8.87724
5.56398
5.84443
17.4582
17.2905
1.42839
17.6284
5.54322
5.57349
4.07194
7.97428
1.78168
9.81131
5.97592
13.893
5.19494
12.2297
6.40821
11.5583
15.5516
11.9315
5.10143
9.62642
11.2361
6.26513
13.8052
1.9814
7.82673
5.30128
2.83153
19.6955
1.55242
0.596606
18.1396
2.38786
0.0966211
2.91698
3.22101
5.40813
5.77108
30.8782
4.73132
3.75746
4.78278
3.62464
11.6193
1.29351
10.362
4.25402
10.7479
14.978
3.48327
27.4756
19.89
5.22981
16.4434
8.5869
15.4912
3.80066
36.5825
4.36301
2.26548
27.0891
5.75575
6.75022
2.13783
33.8611
10.1539
46.3999
11.5483
8.6486
9.00998
0.66689
13.6167
42.1199
2.41966
12.5296
4.0086
20.6183
10.0694
6.4105
2.32869
2.32642
17.081
35.5882
43.2793
16.2011
0.0813566
29.5473
8.69319
20.9256
10.142
10.4757
4.57111
11.7098
3.1698
10.7754
5.48321
11.4167
11.4438
2.11712
2.31786
3.47853
6.07532
17.7505
6.70128
9.82131
11.4511
7.1567
0.988612
6.61792
3.58514
1.1251
1.68658
6.26529
4.00938
12.3218
11.4525
8.46159
4.14635
4.51458
4.0785
4.24114
37.9831
12.5462
17.2594
5.99887
9.25988
12.0691
7.00481
5.05264
5.49488
3.69899
8.31913
10.8261
3.82731
4.25915
2.5707
9.34168
9.63572
15.3438
10.688
7.48071
3.87529
8.21025
12.4844
5.953
7.85148
11.4843
5.36962
6.37907
3.57699
2.35134
2.87509
3.56565
2.91179
1.18821
6.3954
13.0471
9.58786
19.5678
6.96831
6.56835
6.15467
11.4792
37.9374
4.87015
8.43216
7.954
6.65141
8.93823
16.5656
1.0967
1.90917
10.3251
4.90483
8.82978
6.24229
3.10462
5.40044
7.73927
8.85389
12.0131
4.87985
6.51966
14.2992
23.6399
2.4521
1.10723
3.22314
9.23956
15.9142
2.5936
4.55063
3.75405
8.39569
37.1509
16.7514
8.09027
8.11005
11.8323
15.4564
3.18
3.64529
18.4493
3.12703
6.14716
2.17381
6.9002
8.04705
16.3545
55.2702
4.72276
6.49122
1.18409
7.51823
2.43723
8.2948
4.97665
21.9412
12.581
7.34031
7.12198
9.99328
5.66487
13.9713
7.61836
9.45826
4.2649
5.15052
1.33659
3.54143
1.52939
18.1797
1.65121
10.9679
12.1221
15.0328
3.91245
18.8113
6.69827
12.6836
4.27823
13.7112
13.7435
7.22956
4.29724
7.05859
42.0105
8.81863
6.15931
12.3857
20.0501
10.4385
4.585
12.1075
2.14803
25.4618
3.04794
7.95712
9.59658
12.8025
12.0824
9.95574
18.2788
13.7707
10.9366
9.61361
5.29571
12.2076
17.0412
9.86991
28.388
38.8427
6.04966
7.87904
3.98475
9.70627
5.8498
21.5047
5.30959
10.0522
1.0928
8.69656
2.75965
11.7768
3.99779
7.78251
2.21404
19.0399
4.80923
10.5842
13.9578
5.88557
10.0239
3.87362
2.01685
6.9779
16.2195
7.14697
19.4873
1.92493
12.4211
8.85305
2.6516
2.44245
14.2634
19.4139
17.619
4.03816
26.5421
11.9908
2.72094
6.7796
7.0024
15.9174
5.14823
33.9171
7.7601
1.54459
11.6456
12.0645
4.70012
7.63473
4.26714
11.9043
11.7187
2.6358
8.80157
3.23368
15.1703
3.55638
1.99692
27.5651
11.6362
8.80704
3.69668
11.6519
8.74037
22.7693
4.41806
7.11808
7.19062
13.298
10.046
2.76191
1.06315
9.26953
2.38822
4.85461
3.70092
3.35249
22.5017
8.85528
13.1104
3.75703
14.0085
11.594
1.02149
16.377
34.1525
2.62682
29.0288
16.8113
14.9679
6.86416
4.35545
35.0586
7.6869
6.09953
4.32823
20.6954
10.3008
3.85486
3.27056
22.5576
1.11107
11.9985
3.57832
4.66203
11.9251
8.71161
11.2858
2.61603
3.12512
3.5116
6.92011
12.6916
8.36907
7.68855
15.5956
0.927889
1.78143
4.66891
9.18935
6.39812
4.38986
3.19076
13.7068
21.2795
3.17201
5.66229
7.13561
1.65296
6.80252
5.78185
1.56058
8.82549
5.76046
6.12635
11.6232
3.31705
23.505
8.95252
3.9352
16.3769
3.23525
33.8629
10.8634
8.49338
6.39322
18.1455
7.24213
1.58844
28.6606
4.98185
25.774
10.1155
1.94253
28.5943
5.01131
13.2263
7.7916
35.3863
7.59687
2.39184
23.6083
1.51872
1.51551
3.18928
8.11177
9.55162
2.78597
3.55467
9.97547
3.65005
1.60006
7.05681
12.9065
1.04491
4.74958
3.00114
7.64764
15.2141
11.1436
2.24676
9.79562
5.59728
8.10973
9.97806
9.48551
12.0044
4.79616
15.8335
8.74849
4.34991
20.5838
2.67691
3.57469
2.98536
8.24994
3.26283
5.64681
6.45757
13.3903
4.86073
15.129
6.1672
4.72587
6.08776
1.53891
16.2713
1.87397
2.05028
27.8416
7.97564
17.2498
3.37766
3.84371
21.261
16.7228
11.892
7.01296
12.9286
9.73296
2.56047
2.45554
1.05802
5.17619
4.31231
6.24645
10.5917
6.54401
5.27794
5.25357
2.15778
2.49631
9.72347
8.53153
26.1507
1.48745
1.68547
35.8078
3.8538
6.57441
5.80255
6.12367
26.9436
8.89453
4.5673
15.2837
9.61581
17.5227
9.77407
8.18126
2.38984
1.28934
5.93641
5.58696
4.78244
5.34871
7.4462
20.8659
26.6772
4.51092
20.1874
2.94745
2.29617
3.5872
10.0979
28.4434
3.71447
4.81899
32.555
8.80115
1.49365
3.91419
15.8188
3.69757
9.82694
6.0668
10.4084
6.78104
16.4104
3.05101
4.68533
3.10703
1.77644
4.85251
26.5394
2.57943
7.23035
7.69709
2.1821
22.2567
15.8046
67.8252
19.6664
17.8162
5.96013
3.94444
8.12851
12.2208
5.31988
8.04362
7.19298
6.31617
15.1721
5.16237
13.2286
5.01491
14.9252
5.59799
8.67224
10.3242
9.08325
7.45871
9.50356
7.62387
7.84969
8.77211
7.14604
4.47969
6.20408
2.00865
7.1944
9.16948
5.65307
26.3729
12.0943
4.67048
1.73763
11.1766
23.9513
6.88095
10.9324
10.6086
1.77257
2.30331
3.16467
2.15271
7.97411
4.8174
12.721
6.41374
26.3856
6.85701
14.143
14.5552
8.89028
10.0404
20.8742
7.87346
7.40547
3.82238
6.81202
8.0564
8.67193
2.65818
7.14336
7.21544
5.98475
25.3073
2.49219
5.61938
15.3147
16.0682
2.51503
1.7014
3.87472
2.23219
4.60406
20.8658
1.32405
29.5654
9.91246
12.2968
5.27776
11.5486
1.79976
2.49084
6.61306
9.71673
5.73729
1.86035
7.15621
12.9173
13.3474
9.43359
4.33873
9.29071
7.23165
6.83242
21.2968
6.66255
11.5573
6.10229
20.9274
2.50026
2.47055
1.9745
12.6674
1.39751
5.59178
2.34227
12.4315
5.08052
2.18797
8.58398
10.3507
7.37578
16.2738
13.3744
33.7301
1.34546
5.30309
21.8816
6.705
10.0608
5.22443
5.34394
3.68916
2.73045
3.37168
4.31484
5.3065
3.04742
1.74399
5.52347
8.935
8.32663
6.88162
1.78345
6.02926
9.16737
2.68437
16.1255
5.23891
3.00091
4.8877
11.7697
27.0537
16.857
2.16385
2.67451
1.79296
14.4357
7.94373
7.37305
10.5101
6.87838
9.50702
5.25941
1.82014
4.18116
9.40599
12.9119
6.19315
10.003
22.1507
10.1944
14.2419
1.01667
5.47464
1.99092
5.82082
4.63896
8.48478
6.46055
7.9504
8.76284
4.35932
4.30422
2.09935
12.9165
1.50639
35.3063
6.54887
10.8155
14.8742
7.48508
12.8037
19.7167
16.9525
4.73555
5.61126
9.02189
7.89151
2.64619
11.2741
2.91181
1.26272
18.8869
4.76361
8.37623
3.375
4.55036
9.27377
5.1656
3.61969
11.0037
8.10776
6.32699
10.2415
5.22384
12.9513
1.98955
19.26
11.2427
12.1848
9.5297
11.8034
3.74867
5.15575
7.1965
3.08809
1.80143
1.69179
0.966737
21.6298
2.00374
2.58304
30.0108
2.99825
10.9995
5.38699
10.3239
2.65607
9.74411
8.23458
2.52204
3.07338
3.06727
6.01488
12.8832
3.33238
2.54553
7.53523
8.44311
17.9243
1.13823
9.43706
9.92583
1.69571
1.57482
14.2336
14.1501
10.0635
3.12295
15.6399
1.99201
10.8686
4.22307
17.6941
9.84916
8.05532
7.37634
10.7134
6.18117
4.42863
5.29567
9.32163
41.958
24.0481
2.84208
5.96349
4.38499
1.76588
6.92631
4.87009
4.60673
1.33024
6.92611
8.9853
5.18801
1.80085
8.02941
6.64657
2.46312
8.64829
5.58334
14.1311
3.37575
3.77765
4.60302
1.94938
2.17455
8.53212
6.78772
10.4277
2.59688
6.72736
12.7447
6.65533
9.20296
7.74877
3.76551
11.8646
2.99096
0.947514
1.29537
2.28518
1.40583
23.8542
6.52359
13.2885
9.46588
13.3731
2.26783
9.45306
1.46531
9.48836
4.35385
3.2733
4.59294
3.60779
4.32516
14.1945
3.17647
6.95589
13.8277
15.3966
4.80531
8.3087
1.70586
6.75598
8.36849
3.07794
8.66285
12.138
25.4342
5.36421
12.9121
5.00029
3.87333
7.63692
4.01068
18.1631
3.94984
8.35105
11.7898
9.65824
4.28048
6.48551
4.12226
15.2884
6.19146
2.70757
11.5896
7.27981
4.54062
33.5812
1.64397
2.56088
7.42258
32.5095
13.8068
14.3222
4.32527
13.1966
0.828409
6.88803
19.3828
6.10016
3.68124
4.24743
21.5375
4.48648
2.38674
7.27949
5.2621
23.6767
6.17886
10.3423
2.08195
5.10164
5.70176
13.3753
12.6092
4.57139
6.08916
4.47774
2.52262
2.39179
15.1487
5.10726
3.89709
4.32164
9.64596
14.9025
26.0103
10.7401
3.28777
7.83413
24.4056
12.1573
2.36469
11.0528
10.5232
1.85831
10.5782
9.31115
26.6014
14.1384
9.76129
6.25127
16.9634
1.97575
23.3298
3.9347
5.16266
3.44521
19.9076
2.00686
2.08117
1.71363
18.0568
2.12712
3.08069
6.10634
16.3225
8.88981
5.66991
4.94047
4.14832
9.46396
6.50859
18.3126
1.15388
23.2224
11.3173
11.2757
5.61824
7.53306
13.3235
6.26623
6.0018
1.22873
2.10014
25.7254
4.93361
1.80351
12.3031
1.5671
1.99535
19.8795
2.25678
27.3102
2.75584
1.08163
11.1641
33.6008
6.34439
3.16416
13.2845
35.5507
20.2084
25.497
19.2072
1.90385
2.7597
7.11583
6.81203
5.41553
14.1712
4.00346
2.81707
7.61982
17.2878
11.1204
11.4458
6.93376
18.3655
3.45826
7.78431
3.75979
25.4054
1.0478
15.5401
3.98129
5.92606
18.7223
6.39187
8.78684
1.77962
1.5703
15.9609
11.2936
6.9379
22.7626
8.91482
3.91388
11.7558
8.38477
8.44623
3.7107
4.84479
4.27689
1.03148
5.90401
1.82213
10.1403
23.8383
23.1054
7.13128
14.2202
5.49561
2.72213
3.97273
2.69571
2.4253
10.0589
11.55
15.2417
8.47671
11.077
6.78571
13.3043
3.70502
2.33188
30.3224
4.56296
11.6014
4.79495
9.20285
8.7858
4.66979
3.52497
19.5196
12.0499
20.5143
15.8001
6.23873
15.5632
9.04559
11.6909
7.38925
0.195872
5.51144
10.1934
1.88351
3.70669
8.39819
5.89485
18.3351
6.23364
2.49854
1.26734
3.6014
16.3647
7.58312
3.91393
2.66312
3.69801
7.26635
12.5389
19.7813
11.032
2.60643
15.1739
4.46513
27.1249
13.7729
1.99084
3.3222
2.52283
7.55253
21.4995
2.46222
2.58487
1.44434
5.37328
6.70743
9.65406
4.14851
5.86386
9.82571
2.49014
1.30811
6.62948
3.59055
4.56989
9.24165
6.63556
2.39227
3.94945
9.77448
6.80557
14.8812
17.318
4.17541
4.84719
6.73877
6.19202
16.0056
3.2567
5.88365
5.75184
3.03801
6.27511
5.67479
2.06575
6.67142
11.4906
6.04114
6.03451
11.6409
3.40901
1.06668
5.34412
10.1672
6.47289
4.68045
6.29168
4.43604
6.33996
15.6126
15.4319
4.93099
5.68895
9.70956
17.8981
13.7868
5.04876
3.65083
9.78101
3.7518
7.67692
1.35166
31.6214
11.0076
15.5797
19.8575
20.7834
3.79818
14.7376
12.5594
3.00768
4.7977
5.66618
3.98191
18.7495
3.66214
11.7573
5.51241
3.8739
10.0729
4.70703
3.21912
3.76976
6.6193
5.09373
4.24872
3.3988
6.91121
15.849
2.44394
5.66805
8.55635
8.19089
3.6285
25.9684
2.59501
8.89368
3.15299
11.9476
4.5501
3.98159
2.57086
16.3975
21.1331
2.69342
5.72643
4.14623
8.49378
2.33531
5.64244
16.7607
3.2221
2.70551
5.91308
4.06223
6.53237
4.35442
5.86149
9.19185
18.4283
18.5824
6.65261
6.53727
0.61221
3.02887
17.568
2.75815
25.15
7.39704
10.8201
5.99331
5.65776
3.70397
17.3075
5.20374
14.9224
1.50975
3.85316
13.315
25.6122
6.16716
12.2969
16.3104
7.92119
8.54352
2.1172
3.11675
15.584
3.13732
4.85642
14.1028
7.77999
12.7786
3.92824
19.9418
3.62826
1.83498
6.59462
3.88329
3.55264
12.0425
3.73728
14.438
4.28315
2.93351
4.03757
3.86406
21.9777
25.1119
7.1207
15.7802
11.9636
19.0607
3.91759
6.4224
2.75255
4.47691
7.82692
4.14616
9.71287
4.90095
12.9549
45.7257
9.32649
4.96134
5.84019
1.60775
4.70533
17.4987
18.1099
2.78379
0.591739
14.5792
4.42301
5.33208
5.83273
15.6136
12.9663
11.2772
2.36671
5.07077
29.6515
7.88883
5.12303
2.22921
4.33053
9.09611
19.4265
7.10822
11.1887
3.60894
2.47663
3.34578
7.39209
19.7868
4.6683
2.22479
9.34142
5.72591
6.00034
4.37254
4.55859
8.65928
8.4212
1.7591
16.7716
0.637507
5.53487
2.74944
7.45686
24.378
2.99222
4.88915
25.1054
1.3492
1.92942
7.18148
32.0658
14.8116
3.45599
4.95567
4.47533
17.931
2.35407
14.7535
11.3728
20.4203
7.90237
3.23137
24.0777
12.2207
3.30093
4.74501
20.7597
9.26068
3.82082
10.4245
17.6806
3.59824
14.7455
7.0077
2.23728
11.3343
18.2666
6.14007
2.44777
13.567
2.29141
6.21696
9.80262
11.0742
20.2206
1.67844
4.56741
23.4478
6.9086
2.54553
9.40638
12.7469
25.1593
37.599
6.2822
4.98
2.46353
4.25803
3.96833
3.80529
9.2859
8.70688
6.06696
2.11799
19.1032
2.60784
13.9611
4.07232
3.26523
5.74855
22.0888
2.59875
4.19752
1.80439
1.48634
31.6956
4.36787
1.04492
7.01412
5.82045
8.85346
3.43412
22.3876
3.30973
2.90562
16.9293
36.7169
0.824863
17.8185
8.68379
2.70942
9.81282
3.95979
26.81
4.49518
8.22918
3.03533
12.4587
5.54873
13.7886
3.64661
1.16691
14.1595
2.32666
5.11537
4.1721
7.27262
3.07193
4.08898
2.82751
8.90351
6.64414
0.84059
2.79461
13.5984
11.6044
5.8709
1.4773
4.82598
8.76655
10.8494
6.43282
10.6202
2.03527
18.707
15.1973
19.4843
13.0485
3.55097
2.9442
3.85467
27.2825
10.3903
17.4986
4.03081
13.4234
6.11955
7.09419
7.85328
5.43699
21.1595
14.123
1.81927
1.56636
8.74792
9.65447
9.02665
5.398
23.4451
2.08739
8.62617
7.53467
4.14354
14.0204
14.2412
17.8886
10.6639
18.1874
2.30739
1.52043
6.10242
0.184889
10.1196
8.21597
4.90435
1.95849
24.8353
14.2206
4.48949
10.251
14.1057
9.54476
4.83729
8.90463
4.53189
11.7394
5.5973
1.68512
1.48399
5.16571
6.68719
15.7552
1.76611
5.76807
22.6576
2.81385
4.48332
20.6607
9.19938
9.52723
7.47578
2.97762
12.8553
9.21742
12.2298
6.90753
3.44188
3.99985
6.39964
5.28879
10.7976
14.6846
22.8713
2.29968
13.902
5.81046
7.09014
3.95321
6.76884
1.00487
3.55705
4.54802
19.1688
18.7638
27.5467
8.50178
14.8837
4.53715
15.4922
3.99247
8.20491
21.9359
1.15233
4.46653
4.17176
10.6803
9.26279
2.69186
5.51192
4.56892
8.53681
15.3171
8.80932
6.77091
9.74067
4.09919
17.2279
9.09266
2.99492
20.3624
4.06091
0.781302
2.97664
3.22581
20.8426
13.7793
1.55852
4.00136
2.51916
9.52884
5.79545
3.19319
17.6969
5.57821
0.818912
8.93468
18.228
24.0621
6.618
23.2673
23.8356
28.1463
12.8509
3.84987
11.5522
7.17313
11.2037
4.06826
17.9424
9.08117
9.18885
5.34262
18.3318
3.93613
5.20151
19.6068
11.3242
17.6179
20.9512
4.78307
0.397828
3.68305
5.32912
2.20849
3.16167
4.03418
2.84409
16.8741
8.08818
1.61931
2.92839
12.0634
5.73582
8.28706
6.88851
2.72387
13.6993
12.8386
5.70609
2.30451
32.6545
3.93353
12.1999
5.71048
7.5484
4.58887
2.09319
3.84524
1.47312
18.2651
5.95878
5.36461
2.90513
37.2388
12.4164
3.36435
12.4264
6.36633
3.67634
37.173
4.97592
5.07916
3.68187
3.67612
4.75775
18.6092
17.4342
5.1663
6.10051
18.0418
3.18846
4.46328
30.1442
3.1701
2.92055
12.4732
8.91826
5.71248
54.6112
2.17602
3.16929
6.40905
9.241
2.22455
13.1511
22.1725
4.28242
5.07932
4.0822
6.96911
15.2874
5.52304
12.196
14.8626
12.7527
2.25301
5.41236
12.5676
5.2505
5.29324
10.9384
4.37364
28.4071
6.35034
20.4761
13.9843
4.9662
10.1249
9.67855
5.15556
3.87004
13.1175
2.32068
11.5467
4.49172
10.7254
11.486
1.05181
7.03107
8.33916
8.97328
3.70706
8.92587
4.30579
1.06274
4.76861
4.53151
22.0189
5.86287
6.38309
4.92454
19.8826
2.80025
0.216051
3.2076
16.3001
8.09379
13.437
7.14715
14.6249
10.7748
11.4463
37.3998
6.21648
2.51901
8.46532
2.80665
3.64745
2.84698
4.01164
10.3526
9.65805
8.44706
6.94219
31.0913
3.83003
2.23961
21.7054
9.2321
4.45008
7.90558
32.2541
5.8397
7.16011
2.14268
0.160464
4.04152
27.715
13.5915
15.2527
10.5665
8.44891
5.59209
11.33
5.76023
5.37012
4.79649
7.17613
3.30326
9.39008
3.82351
3.27527
3.60045
14.1359
1.03587
6.95978
8.45574
11.3776
10.3959
5.07327
0.904089
4.72943
11.3777
8.83755
25.7123
3.95013
1.42903
10.315
9.71909
25.5246
39.3383
12.8088
44.7767
15.6973
3.60351
7.18224
5.01318
12.144
9.51537
10.347
12.4572
22.2218
11.3441
3.81157
3.21782
3.24971
9.44509
3.10778
3.84408
9.79907
13.7697
11.6798
3.03579
5.21822
2.34436
22.2066
9.18924
31.8824
12.6547
2.57915
14.3735
2.7783
16.1578
0.840995
4.56058
0.967026
4.02142
6.77525
10.0783
7.8516
12.593
20.9977
2.08955
11.6539
5.0783
3.03974
4.67182
5.68366
7.60843
12.6663
6.48497
4.46945
11.2493
5.59652
5.6471
11.715
31.8589
1.4844
6.48913
7.99849
3.93351
3.03583
10.1646
2.12133
3.14526
9.00179
2.45312
1.52953
7.56699
5.33138
3.68423
6.80389
11.5008
8.79734
9.70234
7.7483
16.6526
3.20184
5.22155
13.6689
1.82205
4.15281
15.18
17.6073
21.4415
9.01918
20.6326
13.2641
6.08001
6.93752
21.1428
4.12223
14.5014
5.70696
7.0075
8.07228
7.75283
15.6898
2.92947
8.57316
28.672
3.74282
2.65605
31.4875
30.4872
1.86213
2.79833
9.61034
7.65441
2.84331
3.69091
17.3198
1.38718
1.72571
5.72264
17.4666
1.48847
4.06004
14.1685
13.0539
6.01677
14.8639
8.36718
21.5877
8.33134
18.0724
2.27383
7.57972
8.8934
3.72404
25.2226
1.99068
6.45719
2.73202
6.1168
3.65323
8.37046
12.5788
23.6806
7.32864
1.39115
12.7894
5.81646
13.0388
11.8669
8.31143
6.91559
15.3432
8.57115
25.1631
9.68819
2.89599
10.0598
5.09549
4.50329
3.47021
8.30014
42.839
26.3771
3.3616
3.62835
14.4912
5.8639
6.27991
6.46775
16.2873
1.34275
10.9165
4.6347
14.2315
33.3718
5.65599
2.5752
15.2455
19.4464
7.15858
14.1382
3.73142
4.24656
3.37574
15.8182
1.99658
24.789
8.40671
7.87363
5.15525
5.32016
2.93492
3.0911
4.38635
3.93405
2.83781
7.77285
2.17899
3.19607
33.8455
12.7839
3.46337
2.29831
7.70216
1.91
4.71849
1.78177
4.90794
7.77687
6.50471
7.03095
24.5198
2.95285
7.0993
24.3189
7.10752
11.3196
7.79238
2.77241
9.15375
10.808
9.59294
20.5527
2.45184
8.48775
6.36114
8.64295
9.27595
23.8218
1.73083
11.7079
3.86446
5.93852
2.19904
6.34669
10.9906
4.66337
1.92625
20.0137
2.9152
1.47725
8.67372
14.5855
19.6009
11.2464
2.89381
1.18748
2.17724
31.6024
2.28311
3.02615
14.3999
11.9626
9.24121
0.13593
23.383
0.113928
3.1544
38.5204
4.7966
9.82095
9.09942
5.10641
12.0987
6.79024
3.36451
6.20926
22.5892
1.32099
4.4122
4.36152
34.2205
12.6907
1.63717
5.3381
14.117
0.157608
2.40966
8.61853
17.9279
12.9054
15.7132
13.8161
7.29668
8.08881
12.3284
14.2517
3.21026
8.95416
3.61315
7.07589
1.50186
4.35475
1.44944
23.9998
6.51171
5.86311
10.1774
0.669152
1.56418
4.80795
6.18095
0.110336
6.78265
8.92737
9.29934
2.75358
8.97649
2.69247
2.61104
5.16493
2.34027
13.6621
7.25786
3.90373
10.995
7.17478
3.53186
12.851
2.65906
7.60731
3.27845
6.80238
5.1486
19.7357
1.35884
3.75131
2.78419
2.40042
6.26926
8.16901
11.4879
7.47198
6.62053
3.43963
13.4277
5.91274
4.63797
8.48547
1.40446
14.2643
10.0626
4.20393
19.8273
2.82307
5.08578
2.13787
24.0677
7.16655
9.75408
3.6135
12.2149
6.28266
1.10232
6.72263
5.21953
2.977
2.90173
20.4225
7.39418
12.5866
9.39163
6.54127
8.91222
18.5528
4.35872
8.84679
1.36582
21.7925
15.0188
12.5887
13.3038
3.40782
15.5215
8.99932
18.974
14.1405
13.1778
4.15046
3.59194
4.0705
1.59652
5.9732
4.98334
23.6426
14.4572
1.59692
3.32129
6.03591
25.7024
4.26996
6.64069
19.3675
20.8965
8.30925
11.3151
0.667682
11.6307
2.95923
10.3496
3.31227
24.2791
20.823
8.33491
4.33779
2.18033
8.76521
7.64628
12.0649
10.5242
5.5782
13.3165
5.96531
9.15601
28.3184
17.1463
2.83487
16.058
6.94294
13.8334
7.27299
2.18789
6.37039
4.24459
12.0345
4.33795
2.31137
1.58185
3.98665
4.18722
4.46109
6.98379
10.6021
12.6544
3.5605
8.01813
17.0089
12.6099
3.08734
9.48652
3.03981
4.57173
6.43733
7.92736
13.6248
3.00392
5.74802
31.6365
10.6652
18.0432
22.348
6.80771
6.06857
6.7167
4.37253
4.80806
3.43979
9.71229
1.52179
29.4249
3.17771
8.25056
16.8973
5.72868
9.53756
12.1312
16.7745
8.48119
3.40713
4.78463
2.76732
5.43454
5.28236
5.40099
26.9371
2.10721
6.77477
3.14686
14.0558
6.70063
2.58353
6.40979
6.82773
14.2887
14.5745
19.9956
3.64497
22.5923
3.37198
4.43765
6.89816
5.01311
2.19559
5.39001
5.56505
2.93546
4.11614
2.42477
26.0048
2.22462
16.1059
3.35157
19.8868
5.36355
3.56242
3.03078
7.56278
1.3829
7.20673
1.56234
8.45083
7.60837
2.13273
10.4214
6.6976
9.48054
20.1201
4.3
2.94579
10.0499
10.4022
2.2458
6.15332
28.5098
2.21096
28.2951
10.0231
8.32383
10.1393
7.61363
13.3767
4.83952
24.5567
4.69601
5.04757
4.53612
25.578
2.13218
4.48627
7.74597
12.5899
10.7601
8.58278
2.77787
7.94215
7.0601
5.43871
7.58093
10.8382
8.30954
6.03371
3.32125
5.14491
2.01777
15.8725
2.30988
1.86793
1.49975
3.77575
9.01383
7.09714
11.1669
22.2857
22.8723
3.63766
8.41593
11.8558
1.76757
13.831
7.44913
8.31831
5.21342
2.66197
7.77335
7.86994
5.12043
23.5891
11.4248
4.06932
0.0853047
4.50086
6.53733
3.86532
7.47034
3.29045
2.25631
9.22871
7.49042
2.70344
4.01262
4.80403
17.2832
0.222982
31.5753
12.8123
2.84123
23.0616
20.0081
20.365
6.0496
1.78168
2.4162
4.67318
19.4261
3.15611
7.62569
5.28249
3.33379
2.20106
15.4504
8.7381
1.99793
25.4749
11.2462
15.2287
2.55609
2.00682
7.25985
1.88454
11.824
3.39616
18.1367
15.4294
24.0927
24.309
15.644
6.26469
4.43697
2.40832
18.1443
6.09577
0.217026
1.62
5.13616
12.0966
2.37527
0.201459
21.9116
7.33996
4.89429
7.43311
1.19574
12.9634
6.35982
3.64279
11.8394
5.42089
3.58756
13.4513
14.837
1.22896
2.47736
2.68143
8.951
5.86742
2.3881
12.5327
7.6622
0.254288
4.21898
9.98039
13.156
6.93289
2.61822
2.83801
4.65021
6.4554
5.51784
13.5644
8.30012
14.1652
5.09371
4.37402
6.57248
14.26
12.7358
15.6803
3.18056
9.39396
4.87365
2.97548
5.43424
5.23481
4.96424
8.2861
4.06553
6.3844
4.46502
17.5324
18.2662
4.26217
11.2998
10.6881
3.51695
6.03044
3.1387
13.5333
10.1826
10.6601
7.77384
2.96301
2.29945
5.31303
10.5806
4.66376
17.6653
5.83644
5.41063
34.4359
7.70215
6.72379
2.87821
3.2533
3.06987
1.34404
7.67089
8.47876
7.30889
9.38406
4.59579
22.9962
7.53819
11.1704
16.3063
4.89112
7.63241
5.55853
6.68997
3.30671
1.50259
14.8277
22.88
2.59059
6.95904
13.7805
21.8026
11.0148
4.73659
6.59438
4.25127
5.03458
18.2273
28.4578
6.86866
7.05258
28.935
9.88515
20.5682
5.18819
2.85396
6.20404
3.80763
13.8827
16.9484
5.02507
4.24057
5.69573
32.8003
9.83825
6.53705
5.23797
14.4596
24.1432
8.52233
1.55192
5.21179
10.0393
7.73687
5.0174
14.8461
4.69398
7.11113
13.5888
4.34085
3.63519
3.7464
4.08787
6.30559
3.27643
8.34819
2.28139
10.5927
13.0535
4.32279
4.36061
7.47866
7.13692
46.0051
5.97129
3.67203
7.09143
2.29509
3.82917
1.71334
30.6303
3.26779
2.42086
3.33967
4.29476
10.9719
10.439
14.8732
11.7164
7.2964
5.4117
9.00287
37.253
10.0897
10.1106
10.0588
3.0802
14.4873
4.19613
4.43307
9.79574
6.81336
3.26243
4.87111
6.70523
5.22154
2.46966
3.30728
5.12027
1.49969
13.1349
3.78783
17.4698
9.78241
11.4767
2.73397
17.5645
3.70973
12.2348
13.5246
8.30677
6.89163
2.54054
5.02182
1.02162
4.74493
8.55886
10.5334
11.7963
6.56002
5.0539
11.5353
4.72333
9.18544
10.4022
4.74287
4.1186
2.30841
20.2846
3.04462
14.1621
1.87027
1.09134
36.7589
2.15391
3.88744
1.3245
6.34023
8.81004
8.31961
9.65898
6.20202
6.32924
6.94852
1.80965
6.1255
35.4498
2.57347
33.1742
6.05757
10.577
5.23921
15.7139
17.4531
5.04326
2.66078
9.06028
24.7777
4.33333
36.5176
16.2301
1.99893
10.4072
7.93164
6.65445
16.4383
17.6677
3.62987
7.8298
16.6737
6.60828
19.7795
4.26537
2.58363
4.13956
27.2493
3.74568
5.13048
3.56237
7.95792
6.14391
9.9948
7.8966
3.90016
13.2343
0.666563
4.65314
3.92201
14.7226
7.41929
14.3599
3.20002
18.8879
28.3087
1.79276
9.68905
2.62531
1.50884
12.7273
7.07484
0.839695
15.7807
3.35461
5.20163
5.95852
1.27658
23.7632
9.54287
37.1085
12.0182
2.43264
2.30708
28.1786
3.679
8.29899
3.35215
3.03623
9.59461
11.8323
2.61656
3.70131
6.48633
5.61432
9.09431
2.65144
9.44345
3.10972
4.9822
4.56386
4.17988
12.0977
6.99781
5.32211
24.596
8.06389
2.88612
13.0169
17.8957
26.5959
5.29219
6.5631
3.06808
9.19179
7.72862
6.15409
2.83971
2.72025
2.45294
3.94742
4.75685
6.37665
2.50108
26.1529
1.79371
13.3869
11.563
1.95355
12.1793
2.01601
2.3094
2.16319
4.30137
7.21055
5.59993
9.3406
5.73011
6.49983
4.24794
11.5777
36.5906
17.6557
5.30337
3.12047
3.35736
2.65921
4.95214
21.7337
19.5194
10.5603
4.91173
4.87273
13.1819
15.3313
13.1892
5.62365
1.56396
3.94779
3.53206
1.63052
15.3188
7.27528
4.12541
2.40338
11.5022
9.52146
9.8022
3.09812
5.49336
13.3508
12.7078
2.75399
1.65471
11.1594
11.4162
7.34044
5.4055
13.5664
4.24557
21.7141
6.63361
9.86997
8.50027
3.45961
4.64917
15.0574
8.57557
6.97225
14.3098
16.2758
19.0879
3.89319
9.54787
7.04406
6.03972
21.4351
1.01133
19.9407
12.8452
7.66774
31.5666
22.079
5.12633
11.8238
1.70211
21.3143
4.97925
1.93475
10.0842
1.13082
5.44937
5.53296
10.0961
9.3889
2.06869
4.46176
3.4491
2.44951
2.06004
7.28346
4.51857
3.97214
9.19021
25.2519
5.25921
3.12848
4.33428
15.3542
10.7859
6.73133
9.89417
1.20071
11.057
2.79459
20.1688
3.50491
5.98719
5.64009
8.22092
7.70977
10.5267
11.5319
7.13022
17.1783
9.77304
2.54154
1.80088
33.4482
13.8991
7.67202
2.62955
19.6712
3.39208
2.36007
5.86797
9.06072
22.6124
9.43432
2.43514
9.86629
5.07748
32.9508
12.784
7.54773
4.55793
9.43698
1.91235
12.3285
1.62234
6.56828
21.3918
4.37663
15.6067
2.30988
5.24872
2.61673
6.98426
11.2628
13.1054
2.4387
8.86853
4.45557
34.7821
16.6026
13.2585
4.50018
2.84476
1.3914
4.15756
17.6828
36.5597
6.5997
2.78054
11.9794
10.117
12.3193
5.56929
2.67821
16.9243
4.99949
2.0078
6.60827
7.39495
1.89204
1.94695
7.36483
2.329
3.20305
4.10326
5.40727
4.92543
1.21531
0.592005
23.5369
11.0881
3.75332
5.81189
4.35554
15.1148
4.85139
2.88066
19.7116
5.33792
20.9844
4.04343
13.7013
4.3015
7.36473
4.29167
1.8853
3.09676
14.052
20.6945
7.29824
9.58157
6.15525
4.03576
2.0084
0.0917064
4.425
1.77099
5.94544
2.74821
19.2276
2.80224
5.28069
10.8834
4.81106
5.33603
14.3727
19.6754
12.0403
5.81089
18.6284
5.02965
3.24518
20.455
9.04735
3.01084
10.2855
2.73569
7.93645
14.0686
4.1967
7.18544
5.09988
2.54576
12.3191
8.80141
3.12684
30.5929
4.37123
10.4901
7.77482
7.94778
5.78724
12.2426
1.51773
6.65107
2.697
5.74184
50.7112
4.78189
1.36493
7.73339
11.7058
4.99681
1.4208
24.3949
16.2028
10.5481
3.15419
3.2949
29.9374
2.35445
43.0058
12.9977
5.99134
11.2264
6.93913
27.441
3.73212
28.6363
3.95867
4.5768
16.9952
26.0338
5.7858
6.97198
1.89544
1.60712
22.5101
4.95831
7.36656
36.969
2.4303
5.6246
11.2627
1.05505
5.65185
8.74925
14.5794
3.69769
25.3236
4.90573
9.23095
5.23437
18.5348
15.9068
17.6195
4.82369
1.67886
3.64438
19.9506
1.67206
7.45421
5.5001
5.39722
1.49501
6.4831
5.63309
3.3621
4.56927
3.33992
22.5071
16.6909
21.508
10.8801
2.64912
7.0645
3.44179
8.11595
10.3299
21.051
11.8697
6.41919
0.161336
2.53735
27.7585
1.03762
9.39578
1.52759
9.59391
11.1121
6.66604
1.18204
6.62866
29.6177
11.6514
3.17456
2.67213
2.28385
0.505383
2.7746
4.17358
47.4188
4.91948
12.8745
8.38206
2.36132
8.49655
12.0706
1.12246
7.30346
18.4395
7.27585
2.14177
2.95536
4.84627
20.3592
3.23431
4.35079
5.53802
14.9045
4.83098
10.5493
2.12295
10.4473
1.4206
2.67668
23.1251
18.2769
5.01038
6.06395
3.17016
0.136976
3.82066
18.1366
12.6761
3.16223
3.06927
7.30186
17.2479
7.03585
5.01105
10.6701
3.99597
6.37657
2.07046
8.75949
13.109
3.60714
12.7414
1.5612
4.45324
6.65417
10.0114
24.3632
19.8526
2.40895
6.78261
6.67821
15.6758
27.4237
3.96494
2.98672
10.8564
22.6048
1.44764
5.74813
7.50689
4.86305
13.0421
7.89237
8.22597
8.17555
19.669
8.82175
11.1565
11.6569
6.20399
32.5911
25.4594
1.1165
7.27256
10.9663
2.31317
11.6055
33.0463
8.89174
2.30936
23.4428
14.4489
4.52504
4.64878
5.911
11.6578
12.5634
7.10695
33.7767
4.42872
25.0571
33.7061
4.17707
5.02901
2.8779
25.8588
4.35523
11.5159
4.24506
14.3393
12.1782
1.82038
12.2317
4.81091
2.17582
1.01181
2.43893
6.43981
29.2943
6.86347
16.236
3.50857
6.74638
19.0924
15.7774
9.17925
5.33355
37.4143
18.1964
8.26133
1.31487
2.96891
29.8426
21.9952
2.9807
10.6011
11.4834
4.39039
3.93619
10.2079
12.6155
4.7033
2.41903
6.99917
3.08467
2.43441
18.1986
6.28856
15.3653
3.56021
5.1412
6.41274
16.9841
9.70353
25.4453
4.66938
5.58524
4.38588
5.8916
13.3247
7.59262
7.18214
4.22475
0.137038
5.91104
4.21131
13.6466
8.66011
22.2651
7.37268
34.0561
6.88709
15.9672
8.73245
7.959
10.8085
22.6984
8.83137
12.8944
12.6168
22.5168
11.9871
8.37082
1.84236
16.6339
5.58563
2.94021
3.84459
13.1313
17.8702
14.9886
19.1329
2.83824
12.8949
11.3312
2.50041
5.20751
15.2071
5.94237
5.01496
2.42968
4.3709
7.99608
5.83238
8.80429
8.10549
3.40056
8.22631
6.86056
8.10519
7.09442
3.67678
4.06229
4.9906
9.42584
17.8898
7.24495
6.66927
18.6671
6.57235
11.2327
14.8742
8.43536
3.18501
10.1655
16.9314
7.95222
3.73228
11.0144
3.45823
3.41622
1.31893
4.16097
11.3575
11.7311
3.55943
2.94599
7.29644
0.152871
6.1428
13.6477
8.26261
13.0157
6.86294
21.7372
2.95588
2.76116
4.59924
4.62179
18.1015
7.66904
15.5532
12.9044
5.82599
23.416
35.5352
6.97011
10.7533
1.62692
6.45952
3.51286
7.02463
6.93297
5.06972
1.457
17.27
5.3237
6.10825
14.3344
8.02744
3.28496
4.42196
3.78568
5.56939
7.36821
11.5751
4.48931
7.52019
16.8573
5.09736
4.80311
2.06514
7.9667
25.1184
9.328
14.8295
46.5604
9.14045
3.90364
1.76915
7.01222
3.21834
2.13189
4.53074
5.35961
2.73911
10.9051
4.31865
8.83759
16.0969
3.13667
12.7639
5.97253
9.89021
6.39663
2.17605
2.91673
7.31749
11.5216
2.31544
4.41451
22.3239
3.56852
9.23486
1.62935
7.47195
27.7926
1.88011
4.64522
2.99794
4.8086
6.98219
9.46467
7.36162
3.61652
9.09238
6.21945
22.2219
5.88781
5.52097
17.8435
27.3124
9.95919
1.69974
2.53208
8.42068
15.7091
12.5765
38.7526
3.34614
10.3441
16.2011
9.57045
4.48322
8.98252
3.68199
23.1502
22.3134
4.50711
22.8693
12.0826
3.28011
5.66104
3.96849
22.5366
1.88811
5.01758
6.8084
9.28172
24.2066
19.5969
13.6312
5.9033
26.0088
6.87554
22.6476
3.59499
8.73436
6.28072
1.38722
2.30908
2.26301
24.0482
11.6216
2.43333
5.93497
2.74215
12.5863
16.6281
2.48699
12.6239
5.49869
8.51517
5.7181
25.0297
29.0417
8.00533
3.92425
5.20345
2.83951
0.800545
21.036
2.55229
10.3749
16.1402
5.10569
4.63273
6.14998
2.27601
1.0439
8.0614
7.3459
8.58674
1.27406
19.4839
3.67878
5.58285
5.85345
5.04141
3.85795
3.51573
4.17275
3.41265
6.53868
1.66225
8.95334
2.7908
7.26226
4.07928
5.19946
2.31471
2.54793
6.02451
4.98426
5.91426
7.20639
12.5734
9.17311
6.147
8.99061
13.1036
16.112
6.18959
3.7049
4.41171
5.69961
6.08265
4.68266
12.3726
3.72015
2.55497
2.16042
18.4209
1.20373
5.66831
1.57791
12.6367
21.4562
4.88242
3.78089
2.77441
13.2125
4.526
5.0555
2.2629
1.60233
4.69788
7.46585
7.33001
9.34613
4.23793
20.2188
5.56516
1.69454
4.48843
2.78841
11.607
6.28592
10.2252
1.75736
4.13152
14.046
5.03004
7.95691
4.14983
25.1025
6.40037
6.20684
5.37301
2.67988
6.06185
20.5273
1.57848
6.95295
5.21497
7.54059
2.87325
8.97807
4.32655
10.4745
3.69516
6.52584
2.37332
9.497
15.4746
4.43205
10.7679
13.859
4.71648
9.99586
5.10075
6.3418
4.53372
4.68751
18.6509
5.37458
6.47698
4.50515
7.14016
2.36027
7.37407
3.02105
6.65332
4.9233
3.46239
1.90717
10.9025
12.8067
3.13288
7.81215
2.87741
12.1104
26.2411
8.07727
7.33767
4.75242
11.067
10.6765
2.12342
9.17032
14.9783
12.6664
8.21542
8.9979
11.8294
7.20531
11.0462
7.63813
12.4659
7.61224
12.1914
4.14017
24.9766
1.09777
9.2222
4.68122
8.34644
6.62818
5.75179
3.53231
11.1483
23.6877
7.80137
21.8158
3.33632
1.29954
17.7739
9.56048
2.32835
4.28555
12.6505
1.42096
7.29578
9.07516
1.4105
9.63974
5.90487
29.0009
13.1315
14.1939
2.63018
10.0093
14.7299
16.1566
3.37877
7.11189
27.5394
18.3599
17.111
3.90337
2.18247
9.82394
11.5998
7.21646
10.7057
3.5691
4.602
1.35042
14.4183
4.00913
5.96849
2.82821
12.7169
5.92745
7.37254
2.40059
12.4364
23.5207
11.6925
23.6793
5.62558
2.67103
19.9154
24.035
0.154125
13.9716
5.78583
4.27495
1.34493
10.6224
6.67601
7.80226
9.17455
4.45239
7.07219
1.67438
2.37819
0.773851
4.81768
13.8524
2.25486
4.09577
24.7049
1.00044
2.67048
5.1502
27.2921
8.9571
25.8992
16.6281
3.44581
0.219384
5.34606
8.90156
11.6776
4.23523
20.0849
8.1413
8.70137
6.90709
19.0279
14.0042
7.5855
0.131295
14.508
11.1027
3.70283
8.72171
3.95487
26.045
18.6098
3.8604
9.39112
7.01721
8.12876
6.59889
14.6642
4.775
5.20412
2.71565
9.99264
8.96441
12.8001
3.83294
29.2625
10.9208
7.86141
12.2086
7.62242
30.0221
10.0014
11.9675
13.1606
1.48341
3.36649
14.8617
9.26205
0.0926418
7.3774
0.834546
3.45793
13.0987
7.2651
8.07253
13.0627
0.566446
3.11272
4.29017
3.21433
8.69413
3.37396
12.0827
6.05191
6.33447
1.99668
5.79474
3.77602
25.7689
6.13203
4.85793
2.35632
1.22282
2.41128
37.8187
4.32229
14.9063
8.32228
9.77119
15.864
8.08508
17.7584
6.67669
2.19142
19.8139
10.214
0.725201
7.27992
1.72249
28.6522
5.28166
4.51161
9.02356
7.03851
16.1097
1.7685
7.00671
6.07676
5.00472
5.62726
4.4317
9.40845
16.1369
13.7423
17.3043
8.44232
2.38895
7.17032
5.53093
22.5046
20.1193
6.35426
3.18586
9.35007
8.26584
23.6908
3.42316
12.9328
13.2297
8.35786
26.2504
15.3998
4.52463
3.39265
7.19202
6.48061
7.23393
3.71031
11.2188
6.64454
8.7625
8.01523
4.25331
7.76619
13.5945
13.3887
19.1127
12.6618
16.6651
2.69926
12.3782
11.654
13.3498
14.512
9.55402
27.2533
12.1222
16.5309
12.0628
11.8915
49.2435
5.74155
7.89871
3.12676
2.52991
3.57948
0.803901
3.4839
5.53456
8.38113
12.8205
24.1139
9.25745
2.22161
3.53695
2.08834
7.65121
9.01188
28.1113
14.7948
5.83408
6.13792
7.66822
9.56359
11.4214
3.40235
11.1274
9.15551
9.10899
6.37003
7.61983
7.6598
1.80472
23.2365
3.1463
9.886
13.3021
5.53112
2.7176
6.39823
11.4866
18.5682
15.22
4.72709
3.79144
14.1089
2.29476
1.61339
1.18718
9.35767
16.9067
14.5693
29.3896
3.65478
7.44095
10.0555
11.3205
7.13406
7.59191
24.7161
3.22063
10.3594
9.29401
1.0185
1.5987
3.36875
8.72262
12.6234
27.5734
16.4588
1.97166
4.52618
4.09052
3.55033
19.4081
3.18885
3.76028
14.3125
8.8535
9.67596
4.62826
8.40805
5.95748
2.11053
13.4494
7.35536
6.08667
21.8686
5.81297
0.222882
3.06617
37.038
1.43661
0.0877405
22.6531
8.40688
2.26799
5.39605
8.50544
2.18337
1.74644
2.12866
16.4247
10.9777
0.187369
24.7448
3.14435
16.4388
2.45682
5.62583
13.4599
37.445
16.9043
5.35406
11.4025
4.81894
2.01698
2.16616
6.00168
13.9031
9.27263
3.03169
2.46677
2.95213
6.76482
2.77104
24.1825
2.20923
4.79354
8.43876
3.77422
15.8208
3.23211
4.15576
7.93544
7.24382
15.1032
11.4562
5.18503
7.28775
7.09856
3.27073
17.8062
2.74306
1.58553
19.5033
13.1285
4.30296
2.68017
5.42856
6.01857
4.59864
7.91302
5.39357
6.37545
7.81511
6.85524
10.6329
2.92946
11.7407
4.48441
25.7344
3.15807
8.57717
2.68271
4.40717
3.7656
1.6171
7.74725
5.13577
5.21907
8.09683
13.722
9.62565
10.2645
11.9634
5.57079
7.45119
16.6692
7.39882
4.20512
22.3096
12.9705
5.80101
7.67613
7.57664
18.8044
17.6845
3.09728
1.38194
6.35896
1.99939
21.956
12.4273
2.77068
5.25049
10.1053
2.06856
4.07697
1.79375
9.05167
2.71352
5.84568
5.05728
23.4835
4.00022
9.61757
5.00278
7.56321
2.72735
21.6122
6.58919
17.8948
10.1519
13.3032
8.6845
1.1201
21.8355
19.4158
3.92972
6.7526
3.20229
1.9716
3.75554
11.5785
5.14627
11.8684
5.36442
4.93185
23.6127
12.4456
8.25408
12.3679
12.485
5.78705
12.2901
6.72395
3.75067
13.818
4.7028
4.63211
8.36476
2.11039
1.55778
4.04609
4.55425
12.0877
24.7793
2.183
5.65235
6.91643
6.91153
5.42406
3.91017
7.36946
6.02845
1.53071
3.06826
5.05997
16.1313
9.97564
8.25083
2.74105
5.32241
10.0787
22.3633
12.8771
8.35455
19.5622
6.13011
2.59426
20.3979
15.4117
8.49268
5.93786
3.22359
9.92772
11.3798
3.26179
14.5835
9.56139
24.0635
4.09673
6.25328
8.65144
5.78107
3.73781
7.83334
5.45519
10.5983
3.87203
4.81709
8.77241
8.42107
5.20687
16.2643
2.85276
10.1264
8.70194
4.11936
5.81384
4.00234
20.6934
6.85034
2.51201
4.39288
9.68295
22.8443
16.9856
7.55758
11.4531
5.32595
10.2182
3.86345
4.43352
5.67507
5.83411
4.48922
16.1642
3.3239
3.58815
7.23489
4.74281
11.1548
4.03196
6.84407
6.6223
3.69063
14.622
2.81641
14.4023
1.99199
6.29433
8.79947
6.7934
5.84981
0.989162
6.38418
3.76415
5.8915
22.3919
12.3756
2.6838
5.96504
10.6771
1.7767
1.3247
13.2097
13.6191
7.53702
8.80446
6.57803
10.9466
5.97012
26.389
6.83801
9.06088
3.80741
4.604
8.01874
18.4358
5.07387
4.13161
2.92129
3.56747
7.12833
3.75166
3.98934
4.05576
6.39412
9.06617
8.24516
14.6974
4.40724
3.9985
43.572
9.59382
12.9399
4.34416
9.13782
2.92891
3.76155
3.0586
4.67879
17.4534
3.15895
2.27664
15.7695
6.61033
3.46725
13.6937
2.37743
23.8588
3.15861
16.4579
10.6277
26.2984
29.272
4.85964
3.65919
9.07737
8.97916
3.30444
10.4387
8.76352
3.34847
3.90768
18.9411
7.60463
3.02626
2.08764
13.0638
2.3463
4.82776
13.8575
9.93149
9.65105
19.2931
11.0711
2.29898
5.72779
9.8925
14.7179
16.6051
11.7328
15.2592
4.91445
17.3561
10.9936
3.08399
2.11936
3.72789
10.2116
1.166
6.44453
4.45867
37.8148
5.37626
8.46261
19.8905
1.4725
15.8613
14.2319
4.71878
2.30441
29.5084
23.524
22.2513
7.28468
12.7354
4.30428
16.5552
9.22349
2.73427
3.28794
17.7892
5.77276
12.1566
3.39181
11.9848
14.4231
2.80387
4.0671
25.3745
12.6515
5.96883
12.2048
1.62623
9.3702
6.32954
7.04329
18.2627
10.8611
6.12454
4.4023
8.91814
5.85786
2.07029
3.62778
3.14493
6.32322
2.54227
5.8934
17.0421
2.57139
4.83204
10.9887
3.6557
23.1569
7.16157
6.10158
5.58445
9.26091
12.3752
4.35149
4.23117
5.56235
12.179
6.02386
5.97171
4.64022
15.6373
9.37339
5.83307
2.30036
6.57252
4.22895
5.58489
1.83114
4.15396
6.1628
6.92355
4.84809
2.06124
13.5396
7.51754
12.0068
2.26422
17.503
15.4584
13.0383
20.7001
10.6287
8.38862
3.1184
9.43036
4.88109
22.4022
14.2809
10.1957
6.45108
6.04966
4.04613
14.259
5.42854
2.2223
7.28971
5.30254
6.40642
12.0238
19.52
5.84155
1.45463
2.61426
8.82686
5.47014
19.5931
37.0232
16.2045
20.4265
6.7266
20.7818
6.03927
5.27488
4.4388
3.66969
25.6454
3.81159
18.1927
17.1344
8.4048
4.55317
2.83973
4.32271
5.66033
3.34739
10.4306
6.36083
13.8946
17.4902
18.297
7.33384
0.233661
2.96578
1.84052
22.0081
5.03873
6.96928
1.6351
9.47323
4.14628
4.77026
9.31154
19.2285
2.78369
8.45907
1.45794
7.18487
3.25035
5.67269
17.349
1.72381
1.56429
25.6619
5.206
5.12377
5.0622
16.6411
20.303
12.7344
17.5893
1.79417
2.54132
1.3592
37.3389
7.34269
8.4954
12.4122
3.83391
18.1685
4.76951
1.43357
3.8833
21.1026
2.66984
9.62074
5.72251
21.7856
18.3377
3.01367
7.40758
4.57309
8.25647
12.1421
5.78504
1.86654
31.7612
3.60298
7.05945
7.27428
2.99229
5.09794
9.11792
4.70146
8.87372
7.56875
14.4062
12.7775
5.0406
8.21471
4.57635
14.213
3.32107
8.80185
3.23355
5.91503
20.8802
3.87885
34.7187
18.818
1.3738
11.04
2.50065
11.4911
12.4753
5.39333
5.07344
40.5383
5.71953
4.13437
3.70817
3.1597
12.9506
5.1238
4.15577
4.16243
21.9768
2.6232
24.3263
15.3065
5.44925
12.455
8.95479
2.71705
6.67266
36.3714
17.1496
10.8784
11.7758
2.66598
1.93293
8.71411
3.13611
16.7681
6.30141
3.34579
8.84288
16.9863
3.39178
3.02019
2.98429
9.21315
11.3747
7.9148
3.46721
8.6344
6.03822
4.07055
17.0104
6.63307
5.31074
19.473
11.8952
3.4491
20.3446
1.52977
4.22352
8.41132
5.05743
12.6724
24.8304
2.26738
3.08372
0.248798
15.4654
2.1927
2.90746
8.13395
9.63697
20.4249
6.18198
10.7248
5.61931
20.0412
3.2151
12.2977
3.91545
9.39643
3.6686
7.25285
8.05863
37.1169
4.00396
14.2767
13.3999
37.2881
6.95387
7.66159
5.78281
14.8365
6.47968
49.1773
3.08965
19.0662
4.94517
6.71909
5.93725
19.2793
7.78675
11.7012
9.16819
3.01358
8.16363
22.1505
4.62012
1.73819
9.23029
6.32771
18.2572
6.86856
11.6031
4.13431
9.92221
7.21545
12.3947
13.1954
17.464
26.7059
1.38482
5.35234
18.2058
2.09756
9.13584
9.7004
9.96527
4.23795
11.6483
15.9449
4.9041
6.14162
19.5488
6.31728
17.9523
9.15174
1.70158
43.4302
1.16164
7.98432
2.61076
17.044
2.21525
3.40945
5.85897
17.5339
7.9478
13.4121
6.00959
18.8227
9.10635
17.2587
14.4251
1.61245
7.23669
12.9951
3.80338
8.14763
10.0052
7.72379
3.66448
24.0892
3.00475
28.4173
10.8036
9.3998
2.35309
4.81464
25.5729
14.1001
13.8302
18.6699
9.898
3.19991
6.05874
12.9345
6.28551
16.3212
9.25358
2.37244
9.43121
3.26259
4.79668
5.1064
3.88712
4.40489
0.954734
21.7106
6.03348
6.86446
5.83361
1.43608
16.5022
7.31426
18.0785
13.1856
12.2306
2.46437
1.57352
6.9004
15.7188
8.8866
13.4141
8.91815
4.35718
10.7793
16.7237
3.10072
9.95322
9.66563
2.65782
