0.0188957
111.09
2.4266
0.273918
114.649
0.049205
1.83384
0.016075
0.945811
0.949751
1.47329
17.7733
23.9651
0.0239129
1.77014
1.0231
0.0722776
3.92247
2.93784
0.0321578
1.93961
2.4053
0.031552
0.0200605
0.0240437
0.0206569
0.0208165
0.0281867
0.0282686
0.0408328
0.0235926
0.0280637
0.0315136
122.826
2.23823
0.0673554
0.615777
0.0156824
0.0374706
0.0373588
0.727692
2.49591
0.212333
0.655953
0.0206091
1.26609
18.1883
0.0309202
3.49778
0.0403456
0.0193299
1.43443
0.457018
0.0309326
10.7227
119.292
0.0318403
0.0277014
0.0256632
0.0269866
3.84987
137.931
2.25773
0.485912
0.0370172
5.1826
0.0281289
0.662854
1.18219
3.78227
0.0101137
0.0325087
0.0577074
0.0478018
0.0422425
0.0197227
0.0144152
0.0366871
129.948
7.31958
0.0321315
1.15293
0.0300534
0.0105549
115.747
0.0317867
0.0399502
0.0211798
0.0321418
12.2175
0.0164955
0.0234919
2.86921
0.013906
0.0290713
0.0205425
0.808606
0.018505
0.0286432
143.269
0.355873
1.60313
0.0237363
0.0261144
0.0285909
129.961
3.96177
0.863053
3.17458
0.0239379
0.0210767
139.628
7.38185
0.0322063
0.0185577
0.0158743
104.838
133.483
1.13146
152.152
0.0362747
0.0340756
0.0436672
0.018144
0.039713
1.2385
153.942
0.955623
6.53161
3.10983
0.0362009
0.026497
0.0197289
0.0340508
0.809406
2.76663
0.0260854
0.0318468
0.0267638
0.0160768
10.057
3.18486
0.0235298
2.383
0.0237994
1.41835
2.57796
1.56289
1.33856
0.0218758
0.0459786
0.0369076
0.604896
1.27291
0.015067
0.0265365
0.0127517
0.0235261
1.83927
0.020728
0.023523
0.0248766
0.0212293
0.679268
0.0209507
2.80331
1.35798
0.0331919
0.026221
2.56069
0.98766
0.0212984
0.0397364
0.0169159
1.01791
135.877
0.0334264
0.0222606
0.944531
0.0298256
0.264338
0.0245296
107.157
0.0146421
1.04523
0.0336655
0.0131641
0.0295108
0.0304195
0.0203187
0.0547791
0.0174831
135.864
0.0317778
0.0313559
0.73904
3.42703
0.0241164
6.04333
0.0318018
116.987
0.0387485
0.021459
0.0430235
0.0185821
0.0204694
3.922
1.43645
0.0139425
0.0249379
0.0175048
1.89563
3.54358
4.13378
3.01909
0.0600534
0.776004
0.0257384
1.44941
2.50006
0.0172298
0.981779
6.01905
7.43097
2.7798
0.0163345
0.0311256
0.0248797
0.0349027
0.0284553
121.798
3.7814
0.0205562
0.0539141
4.58028
0.0449863
0.0470667
1.93989
8.62689
0.0155554
0.588981
130.155
2.17995
0.0149603
0.0342014
0.0235575
132.71
0.0210168
110.217
7.52077
0.0174192
0.0244344
147.701
0.97221
0.022654
1.4596
4.34701
0.0280985
37.0668
0.0237
0.0153518
0.0658464
0.030087
0.0249523
1.0641
2.5664
4.17962
0.0225545
3.41022
0.0120058
0.427496
0.0396464
0.0298442
3.95462
5.64505
0.0624451
0.350573
0.358712
0.0216738
0.555708
0.0771598
0.022975
0.959873
0.0204874
6.04936
1.28195
0.421646
0.85948
2.83304
0.0202634
144.073
0.0120354
110.8
1.17753
0.0245746
0.0398298
134.265
110.807
0.194919
0.0361747
0.222328
0.0270369
0.0191417
0.0180159
0.0273211
0.0306089
0.0218353
6.91535
131.563
114.851
1.56912
0.0265237
7.26508
0.0259947
0.0421949
0.0314233
0.042031
0.0155715
0.90666
2.55964
1.12898
0.0323689
109.484
0.0268614
6.41697
0.028524
3.29953
114.075
0.0216555
0.0612696
0.67023
0.0255592
0.0368331
119.238
1.87117
9.39517
0.0270976
0.855979
0.0382625
14.58
0.0236406
127.649
0.33
0.0218304
0.425117
122.277
8.23128
0.0418087
0.00880545
0.0305669
0.352961
122.118
3.20974
0.013328
2.14457
0.0196911
0.0158592
0.0349984
146.872
0.0278257
7.01118
0.0129894
3.85422
0.885691
3.98776
0.0307826
0.0222857
5.9517
120.261
0.0377833
0.584305
0.0142056
1.72999
0.0191736
8.78954
3.89748
0.0346902
0.0419389
131.913
15.9365
0.0372145
0.0223251
0.0186343
1.86343
0.0322745
2.69605
1.07879
5.34261
0.0255433
0.040909
0.0338826
149.621
91.1329
0.0189944
0.0203188
0.0183361
5.6809
1.03703
151.989
0.0335638
1.46446
0.0160109
2.57199
100.953
159.136
0.0377124
0.0214818
0.0133715
3.47969
136.867
0.0176516
0.0258885
1.10979
2.47779
5.23601
1.62759
0.0314339
4.99833
1.6099
2.96379
0.0173872
1.05176
0.0122907
0.0328077
0.030313
0.0285166
0.0204853
0.0136991
0.0228599
0.0342333
0.0368058
18.3563
0.683503
2.6694
0.0199769
0.413836
0.0163408
0.0359787
0.0611369
0.755215
0.046231
102.577
0.073488
1.69735
0.357684
1.55461
0.155392
0.0303412
126.577
0.0261777
0.0326423
0.0230817
0.52839
0.0129954
5.73018
0.590808
0.017415
6.48162
0.0184669
0.71854
0.0210886
0.0325814
0.0566346
2.51278
0.0223184
5.80344
4.33721
148.084
0.019065
0.315458
2.34631
0.550888
0.0748682
95.9269
0.0292826
138.31
136.191
0.038102
1.13495
1.0816
3.65956
7.24517
0.0203472
15.933
0.0204385
30.4403
104.76
0.0235338
7.13921
0.73944
0.0153884
0.232114
0.0310384
0.0254852
1.44581
0.0267393
0.0293382
1.64314
0.0362702
1.26292
125.214
0.930752
0.0872684
9.19409
0.0347949
124.835
109.167
2.77545
1.04339
0.0244791
5.21816
0.022055
0.0227823
0.851551
1.01112
0.0192116
0.0268446
3.96906
0.526923
0.0176553
13.2058
0.0193019
0.0359007
1.34614
0.030842
0.0125905
10.4394
105.246
0.0457842
0.0318963
0.0304168
0.0472205
0.0353875
0.0239327
1.98361
0.0251592
22.5611
125.816
0.0154397
0.0504707
0.0142815
2.01794
0.0292489
0.0246772
0.0188664
0.0128927
0.0203852
4.26652
0.0244405
3.17353
0.426468
0.371957
134.678
0.0315982
1.49931
0.255853
0.0523341
134.304
0.00812757
0.0279994
0.0464951
0.293819
7.65026
0.768469
109.757
0.033814
2.57204
0.0363306
0.0138467
0.0280552
0.0476565
140.791
0.584825
12.2854
0.699181
1.23668
0.0340085
0.0390756
0.0190958
0.0209532
0.0242787
0.0361223
4.08721
1.20711
4.08597
0.57532
0.0106904
0.0322964
0.0245912
0.0260407
0.0202461
0.837771
0.0380149
0.945483
0.445057
0.0219083
0.0410052
0.0217858
1.36763
0.0488848
129.063
12.7889
134.463
2.14335
0.0158631
0.027746
147.085
130.728
10.0018
0.0334038
0.0292396
1.44572
0.0327782
1.27992
0.0205127
13.9133
12.4817
0.0195675
2.56056
0.0214027
0.0105362
2.83244
0.0343
0.476054
122.251
2.16693
2.69706
15.2192
0.0120039
0.0451131
137.614
0.0339702
0.0245794
4.8507
0.0292881
0.391613
11.3849
0.0243839
0.0314272
0.565003
0.916102
0.82197
1.069
0.04618
12.2372
1.03613
0.0300823
2.29146
1.08476
1.90409
0.366732
0.0352788
3.21344
0.0144333
0.0269333
0.021147
1.50414
1.46277
1.54139
10.3502
1.03031
0.0237166
2.5415
0.0699501
0.0408187
0.102273
24.9951
0.0219922
0.0235386
0.0200882
12.3739
0.0228061
0.288782
111.71
0.997189
1.68668
0.0435135
0.0106927
0.0176836
0.0268421
0.344182
1.48126
2.93223
4.25541
1.91865
0.0295803
1.16736
0.784991
0.0298923
127.139
0.0444858
135.201
117.18
0.328884
0.818889
0.0609764
0.0177875
0.0461035
0.013405
138.501
0.0201931
0.029277
0.0432484
0.615557
0.967825
106.668
0.0152726
0.0187513
162.67
2.03506
0.857429
1.55472
0.577778
0.0153441
131.133
0.0244525
0.016969
0.0147669
0.392442
1.19044
0.0299389
118.849
0.0254085
0.0449328
25.8936
0.0254808
0.522644
111.136
2.1484
2.43643
0.0138054
0.0216187
0.0347219
14.6588
0.0306673
0.278783
34.9112
1.19102
0.0192047
0.899224
1.52523
13.5741
3.71062
0.0171577
0.0213379
0.0285031
0.0317129
0.0188673
0.0391527
3.34531
1.49664
5.09014
28.8192
0.804679
0.015495
0.0213224
2.23144
0.028297
0.0165903
2.12314
0.0422015
0.0195904
0.0116173
29.7321
166.145
0.0161116
3.87367
3.55688
2.21708
0.0341785
0.0115978
1.22628
0.0292927
0.0412033
0.0182237
0.241858
0.0163713
0.69161
9.75472
17.0218
0.0262529
0.0205022
0.593673
139.027
0.693499
0.13508
0.0261019
0.765201
0.41423
139.836
0.0143405
0.0407587
0.0259636
0.013229
0.0221635
0.0156066
1.86069
14.1735
0.0445369
0.655488
0.0233706
120.346
0.0510554
0.0138834
0.0382318
9.11514
120.273
0.0504545
0.0250873
4.20713
123.703
0.0162718
0.0271415
1.48797
0.015823
0.0344721
0.809928
1.08602
0.0148907
0.0197132
1.78985
0.0363532
0.49392
2.35514
28.1335
0.0123094
0.0125335
1.5998
0.014643
0.521856
0.0412022
0.0389547
0.0514117
0.382196
0.0236874
0.58859
29.6765
2.20866
0.0236826
0.910732
0.0371341
0.0293573
0.0253164
120.077
0.0151377
0.0181457
136.948
19.4989
0.0132067
0.0329285
8.34551
0.0192946
0.0297075
123.373
0.372204
0.0259175
130.459
0.757735
0.0624691
0.253906
0.0204042
6.63934
142.381
0.0241358
3.83406
0.0146622
149.603
2.63593
1.88284
0.0576534
136.897
0.0282807
0.0252617
0.0202356
0.0234671
1.30937
0.0248947
1.91185
0.0205535
0.0312176
0.0323642
0.056921
1.69677
0.0289177
0.0243058
0.677151
139.947
1.5846
1.48904
0.0368406
0.0225105
0.0234543
0.0372839
0.0478334
1.05129
0.0260679
0.0145472
0.0157742
0.0293434
147.134
0.014772
0.0277351
105.994
3.66377
0.0526118
0.0165696
0.0283031
2.13999
8.62056
0.0329499
0.0342726
0.0312575
0.0257314
2.05458
131.322
0.392158
0.0187092
0.0444174
1.13546
0.0181053
0.0204434
103.271
3.72868
0.0262149
4.21276
1.87411
0.0450304
0.0132035
132.899
0.0260506
1.70626
123.883
0.639049
0.0190346
104.005
0.0411265
0.0148206
8.83293
10.15
0.0509385
0.108219
0.0366674
2.26505
0.0384953
0.0198301
0.0400813
0.0093406
9.79391
1.96545
2.59277
106.775
2.06337
0.0278475
1.3964
110.517
0.0317764
0.0204111
128.76
1.62981
0.986747
0.565403
0.796282
2.32635
3.40122
0.0215955
0.212493
103.167
0.0179232
0.0239312
0.0163333
0.606919
108.17
3.22747
0.00888583
0.0467633
0.0253789
19.5385
7.1988
0.0393546
6.00784
0.021502
1.06951
121.823
0.913071
0.0266737
0.0375757
0.0424825
137.332
129.57
0.017342
0.0186235
0.013633
8.87936
0.0236536
0.0195529
1.69255
0.0138697
0.0255377
0.01557
0.0233389
1.93964
0.55434
0.0464534
0.798366
2.98689
0.966885
0.0315847
122.605
0.0257176
0.020894
0.0261739
0.0229572
2.87285
1.32241
0.023111
0.0457803
0.0563401
0.0317963
0.0231308
0.732537
4.22633
0.0173796
9.60584
108.668
1.45108
0.0331343
3.89606
0.0387663
2.8261
0.609579
0.0254101
2.20855
0.0178925
1.16112
127.653
96.2612
0.0314506
0.0304107
0.788383
0.02283
0.0279401
2.61719
0.0302497
2.23571
0.0260656
1.19366
2.46304
0.0165925
5.31146
0.0452123
0.0384964
0.0334098
0.0362518
0.0179633
0.0266778
2.41372
0.0279833
0.0209281
0.0208728
0.0492108
109.26
102.903
0.0406358
0.0271628
129.845
105.341
0.0313424
144.544
2.55067
3.76898
0.0249042
0.0130013
0.0571463
1.67764
13.1299
2.70399
0.657836
0.0284981
0.0197439
3.70501
0.762288
0.0298508
2.1728
0.0140623
0.0313045
1.09378
0.0290187
0.0330882
0.0240894
0.381482
3.55842
2.53288
0.0400938
0.0474888
0.0225683
0.0387669
107.565
0.0280462
0.0439914
0.0300913
0.0289944
1.10473
0.0309276
0.0270548
0.0242461
0.704267
0.0450332
0.0197652
0.0179186
0.0365844
0.0453903
110.2
0.00760027
130.647
0.00993588
4.76446
1.40557
0.0300265
2.97826
0.0380328
2.83187
2.62846
0.505835
0.776687
0.0314805
0.0151078
0.0219694
3.87937
0.935272
0.0705912
0.0182205
0.0321209
13.9933
0.500162
2.62541
0.0386164
0.875516
7.40995
2.45035
0.0108854
0.0173387
98.9297
0.0227211
0.377185
2.21378
0.427405
3.42914
3.04502
0.868847
166.219
0.0289407
0.0305499
3.0568
1.81249
0.0252606
118.505
118.593
137.495
0.0265481
1.63974
20.3308
2.60613
0.244026
0.0379687
2.70226
9.95878
0.026662
2.74943
0.0336845
1.88445
3.47719
0.0230381
0.0293033
139.649
19.4679
5.23166
0.0205936
0.0447799
2.17335
0.473237
0.0266599
0.0584901
0.0526081
2.11787
0.0259655
1.48335
0.0247314
0.0237134
0.0179439
2.3437
0.0227267
0.947205
1.77678
4.32154
2.8806
0.0298893
0.0464058
0.0142179
0.0216978
0.033035
0.018792
0.0179992
8.15014
0.0284811
1.91906
14.5575
0.0176246
0.0365352
0.634775
0.013017
0.0223256
0.0114992
0.0246415
0.0259014
10.285
0.984113
0.0306405
0.024359
0.0359333
0.0225724
0.018357
0.0452177
0.305613
126.988
0.85258
0.0363892
0.033034
4.90513
0.0115874
9.60314
0.0177552
2.26632
0.0153455
0.0449851
0.0166162
0.0426419
0.0261017
9.01723
0.0175314
122.221
0.0326973
0.0183086
27.6319
0.04601
0.012449
0.625827
0.0403967
0.0194986
0.0318897
3.35565
17.7527
0.0174964
100.123
0.0199731
0.0212086
2.67641
1.59286
119.35
3.91065
0.0348898
0.0263054
0.0314183
5.32275
0.0234713
0.56131
0.48792
0.767715
0.0351101
122.737
1.0858
0.0387727
0.0514451
0.030639
2.94355
1.03939
0.975883
0.161661
0.0439268
0.0252568
0.0171441
6.46844
120.426
0.461542
0.0209583
0.638764
1.28293
0.0326453
0.185705
0.0182441
0.019554
2.75742
0.024812
6.65534
1.67241
1.06408
0.030751
0.0142757
0.945381
0.0254525
0.0299011
0.0528911
3.23021
0.0249702
0.0153065
6.48852
4.38597
0.0166224
0.017062
0.255361
133.672
0.0266763
2.40714
0.0303041
2.54753
0.0117974
0.0415998
1.34082
8.55234
0.0377126
0.0407944
0.598768
2.38953
0.326392
0.0163304
19.7134
1.10705
0.0144048
0.0386922
1.14701
0.0137532
0.0201192
160.209
114.765
0.651366
0.0244994
0.462488
18.9326
0.0228972
105.239
0.017649
0.0376112
0.0406835
0.694487
0.0114725
0.0125938
104.27
0.30943
1.06537
0.0191832
0.0086229
0.00613932
0.0293159
0.621921
1.03756
0.0492144
0.0251607
0.0528428
0.02903
1.97088
97.6268
22.194
0.024514
0.0586313
3.62626
5.62249
8.38963
2.29457
2.43531
112.373
0.436515
0.0324241
1.02131
0.0218958
0.50591
4.49799
0.0364483
0.0238397
0.0158381
14.502
0.0231972
0.0371155
121.85
1.54289
8.64035
0.355832
108.593
5.82902
0.0284203
2.79925
1.22045
0.0480735
151.74
0.0222815
3.94198
4.85991
0.262989
0.0278312
1.26525
0.114536
0.295864
0.0149707
0.0193912
0.0178829
0.0189832
117.903
0.0128812
1.12931
0.0305566
167.711
0.505497
0.035423
0.0443289
3.31099
0.302515
0.0280775
118.15
0.735459
0.0276455
4.49019
0.0365811
0.0501904
3.5407
0.0167697
118.217
9.98962
0.0271561
0.0332403
0.0329681
0.0279801
1.41737
6.17878
0.324422
127.395
0.020225
3.59831
1.79821
0.438482
1.17158
0.0251818
5.02886
0.464393
1.35576
0.0241805
3.6461
106.553
0.0173815
137.425
2.18323
0.0686409
0.0206697
0.0226215
108.128
0.252995
0.00811963
0.0382452
2.57073
1.46087
0.240255
0.0223173
0.0200593
0.0235425
10.2897
0.702781
2.35266
0.0288305
120.954
6.61046
0.0199923
2.09988
0.0290012
0.0445556
131.399
0.0297069
0.030475
0.594255
2.62886
0.0483026
0.0348666
0.0182057
125.629
0.0152327
0.762905
0.497618
1.6067
0.0396883
0.0312199
0.02575
0.0185729
0.0354072
0.0243836
0.02914
117.649
0.0371873
0.0240722
0.0217275
117.81
0.0185186
0.0193916
0.0176232
0.0232333
0.0196348
0.0460461
4.22332
0.0317637
0.0358599
0.0096855
0.0551545
0.0189508
0.0461379
120.079
0.0109776
0.0440581
0.0255821
156.085
4.93139
0.0284217
0.0287308
158.707
0.0177524
0.0225725
5.62001
160.858
3.63584
0.0278735
4.22279
0.0154274
0.0165144
114.231
0.0705778
0.034034
125.193
0.0148632
0.806172
0.0295
2.01421
0.041544
0.0160667
5.11495
2.96374
0.025125
5.34269
0.0168746
1.09134
0.371192
23.9664
116.442
1.48903
0.031793
0.0226272
0.0154737
6.58274
0.00848826
0.0374974
118.281
0.020718
96.2093
0.00899367
0.0259786
153.619
0.0981202
0.0291021
0.0513415
0.393481
0.847031
0.0318874
111.368
0.0322388
0.0307995
0.0323907
0.013105
0.019341
0.0268559
1.48915
1.62678
2.39435
0.018383
0.031574
109.11
1.14409
0.014042
0.0132361
0.0389034
133.016
0.0490335
0.0434215
0.055664
8.76993
121.904
0.0291009
2.08117
1.00811
0.00788514
1.82605
0.0211318
0.018087
1.08308
0.0253733
137.265
0.851104
0.024319
0.0424293
0.193473
0.0221108
0.10462
0.0202974
1.98385
0.741865
0.0495074
0.0346582
133.201
102.142
0.0332947
0.0317426
4.59377
0.0116787
0.0285849
149.677
0.0478656
0.35898
0.0216729
0.0486887
1.14036
0.0499752
90.2679
0.0230737
5.47915
0.0255928
1.93988
0.486429
117.194
0.0210954
11.2007
0.0184084
4.05946
0.0143499
0.0431429
0.0301068
112.141
0.0159453
0.0287769
0.0210483
18.4071
0.0156685
0.344649
0.0242749
0.0226776
0.0196295
104.907
113.326
0.0239435
13.9968
1.70717
0.134615
0.024816
0.0178642
0.0130022
1.44385
9.62371
1.59189
3.81527
0.926748
0.0372643
0.032661
0.0204033
0.412315
0.0329273
0.0308036
17.027
0.0164146
130.782
1.27204
1.55624
2.98442
132.036
0.0252318
2.92738
0.0131624
0.0245403
0.0306626
1.31439
0.0193061
0.0242544
0.840457
0.0300911
0.0146937
0.0100582
3.0644
0.0595738
6.43743
0.0373849
0.0262744
0.0171636
0.0475755
0.625215
11.8024
0.71
0.0261474
0.0116582
0.774654
0.0538373
13.4164
0.0263239
0.0201317
0.00851789
0.329016
0.367781
0.0503482
0.0340023
3.4111
120.227
2.39109
0.0131986
0.0260787
0.0226496
97.9388
0.0132565
0.0540068
124.583
0.0183569
2.4287
0.0437923
1.29122
0.0230568
0.0212204
168.866
0.012356
0.0351284
1.12789
0.0260606
0.0291324
5.85122
0.0657413
0.0221031
5.38534
0.0187137
0.0216566
139.349
0.0386104
0.0244507
0.0202299
0.0225524
0.0118654
0.029926
109.06
0.0430912
4.88061
0.0163309
0.0128903
2.92858
0.76628
0.0209684
1.37536
0.488021
0.478411
0.0259332
0.0391512
