0.0151639
0.500797
0.0174531
0.00625496
0.196885
0.00484029
0.251262
0.964087
0.00095309
0.0302647
0.00603336
0.0503968
0.0797163
0.217424
0.143241
0.0337262
0.017108
0.0067414
1.3853
0.186242
0.103229
0.0943082
0.0297401
0.101558
0.10648
0.0558951
0.0159739
0.137471
0.21222
0.0025088
0.00524527
0.0997854
1.85681
0.0509488
0.00782138
0.0127847
0.19384
0.000484607
0.0880761
0.097318
0.135783
0.0483158
0.0309699
0.025452
0.0547427
0.0117947
0.0337838
0.147843
0.0968341
0.0183843
0.00860082
2.41467
0.152837
0.139236
0.127069
0.169154
0.0567575
0.126023
0.173459
0.0185399
0.118703
0.0442027
0.0437853
0.0914088
0.121385
1.39124
0.0310659
0.0465393
0.106217
0.0622334
0.00280566
1.32765
0.0434787
0.0961471
0.0556953
0.00785642
0.0711127
0.19638
0.423991
0.20509
0.0798984
0.0418484
0.145876
0.399669
0.209238
0.0738347
0.13114
0.0254884
0.0549844
0.147055
0.0334679
0.109329
0.0948404
0.0685755
0.0432142
0.0255724
0.0113227
1.35136
0.402243
0.202742
0.086034
0.0109745
0.10485
0.011211
0.0115253
0.0293943
0.073346
0.133191
0.0103308
0.0156719
0.0387998
0.135708
0.106433
1.48788
0.34246
1.37994
0.00482527
0.189805
0.0556266
0.811226
0.128126
0.00732073
0.0384239
0.0205449
0.010541
0.245922
0.0601628
0.140982
0.017643
0.0172153
0.0375484
0.0402914
0.126625
1.44344
0.0133086
0.10099
0.018205
0.0153138
0.0150033
0.229008
0.0163195
0.0306356
0.0984776
0.0875612
0.0384724
0.19735
0.0471018
0.0209825
0.0551521
0.0133084
0.122484
0.027249
0.0180457
0.325291
0.0160625
0.124996
0.00828519
0.0100661
1.99773
0.0940869
0.0110859
0.0842334
0.0461248
0.232614
0.131908
0.0138
0.20191
0.277755
0.0148454
0.0503957
0.103872
0.00445844
0.0720257
0.0790131
0.0219263
0.11187
0.171353
0.00973149
0.0285674
0.0448134
0.118138
0.04242
0.0922499
0.0904595
0.0713894
0.0581151
0.00727429
0.0938279
0.0908329
0.0146579
0.591466
0.160754
1.12413
0.176063
1.5697
0.0119837
0.0155444
0.0747349
0.00567194
1.69177
0.229655
0.0499593
0.0124059
0.020364
0.107885
0.0517734
0.0856179
0.026502
0.0208903
0.00289555
0.0793354
0.129341
0.0571785
0.206681
1.81775
0.0874845
0.749496
0.0667085
0.291915
0.25791
0.0209285
0.0602667
0.0882564
0.0809638
0.111779
0.0198482
0.132154
0.00374274
0.0467759
0.0633387
0.0621847
0.0733292
0.0354386
0.0103152
0.175523
1.53184
0.332068
0.00807143
0.0232782
0.0533099
0.00599725
3.20197
0.298446
0.0487328
0.0415792
0.107879
0.0246136
0.0466507
0.181096
0.0613577
0.031149
0.00245212
0.0582684
0.00560181
0.0312247
0.00912834
0.16157
0.0459733
0.0284401
0.0384231
0.00307761
0.128407
0.0934507
0.106481
0.0384321
0.0421676
0.142739
0.0496655
0.026918
0.146846
0.0212362
0.010281
0.0931532
0.00484191
0.0965311
0.0521008
0.140902
0.0860188
0.0818208
0.0712169
0.0845728
0.00247571
0.0356314
0.0262904
0.302529
0.055178
0.180198
0.0921987
0.00866714
0.00625945
0.205455
0.137959
0.143386
0.085308
0.630991
0.0739853
0.125535
0.0226726
0.0115145
0.0160262
0.0186638
0.0192435
0.100344
0.0358446
0.251738
0.100407
0.0492961
0.0517339
0.00699604
0.0284184
0.0317877
0.809011
0.0910467
0.101376
0.0857087
0.094965
0.0397457
0.0774029
0.127246
0.172411
0.289738
0.0506081
0.0278763
0.098399
0.125221
0.0198348
0.0412986
0.087795
4.89066
1.64247
0.00988599
0.197712
1.9313
0.048371
0.00431099
0.124126
0.0170549
0.0338211
0.0611547
1.03508
0.155057
0.0324538
0.0567204
0.0301878
0.0447431
0.0466957
0.0640696
0.0832703
0.0110422
2.45893
0.314193
0.0112289
0.100588
0.131715
0.0867726
0.0221891
0.0129898
0.0382836
0.00101556
0.0136075
0.0451648
0.0559889
0.0035468
0.133754
0.101989
2.94368
0.0919064
0.0468676
0.0105439
0.0539762
0.0185298
0.0130535
0.104108
0.0695143
0.125908
0.017502
0.000911907
3.61807
0.108361
0.327417
0.0305009
0.0605859
0.0415354
0.0356004
0.134232
0.124025
0.0179543
0.0946261
0.0880583
0.109309
0.0989657
0.018856
0.0787646
0.0787616
0.0670617
0.0362071
0.0158211
0.0500396
0.286393
0.0214133
0.0817697
0.0830565
0.00297537
0.043139
0.0682067
0.121396
0.152567
0.127411
0.0672126
0.0819232
0.253078
0.0984207
0.0440381
0.031971
0.0219002
0.0753182
0.0814781
0.335687
0.148655
0.0996663
0.0257511
0.184046
0.0730427
0.206128
0.0108464
0.144599
0.0320928
0.0006603
0.0677873
0.0718817
0.161081
0.101373
2.33337
0.0372755
0.214929
0.0773711
0.0144174
0.113607
0.0985123
0.0307664
0.0533091
0.00854808
0.042761
0.141823
0.0612033
0.0920867
0.0244169
0.120253
0.0430304
0.0248808
0.0108988
2.81329
0.0166569
0.119941
0.0424726
0.00662435
0.00379351
1.03769
0.0532183
0.198207
0.0443243
0.0437709
0.00917525
0.0262156
0.0774643
1.69074
0.0221152
0.125033
0.0332348
0.200723
1.37219
0.0316208
0.0742715
0.0812537
0.0623539
0.0921216
0.251824
0.00909251
0.14972
0.0491459
0.0122217
0.0321965
0.0990531
0.243216
0.0211308
0.221757
1.21253
0.159506
0.0985114
2.10418
0.201793
0.0708281
0.000336903
0.194905
0.804407
0.0822231
0.110957
1.4814
0.141181
0.0283586
1.88512
0.0533996
0.156748
0.030727
0.0445974
0.199431
1.87676
0.120712
0.0107158
0.184162
0.0679428
0.0464875
0.0561583
0.101974
0.0860557
0.0155738
0.0188006
0.0297292
0.0393015
0.0162431
0.0131253
0.171733
0.0347882
0.0469743
0.09692
0.114231
0.0630439
0.00571483
0.0498132
0.00341494
0.0885486
0.00696151
0.00253362
0.155082
0.00184777
0.0548334
1.15272
0.0336747
0.0141618
0.503984
0.0466972
0.114945
0.026848
1.00901
0.150043
0.258682
0.0492274
0.0740666
0.0513578
0.0112786
0.242548
0.119366
0.184965
2.34448
0.0602273
0.108029
0.15696
0.0708231
0.0468707
1.23376
0.0602345
0.110075
0.105165
0.0267065
0.0861444
0.10111
0.0525215
0.129883
0.0988115
0.0977541
0.011363
0.00294867
0.0332166
0.0965254
0.0124779
0.227038
0.0238938
0.0650717
0.0915658
0.00354737
0.097523
0.0376702
0.0277423
0.061154
0.0815452
0.00893617
0.047228
0.0402838
0.0273143
0.0428649
0.0128563
0.0388608
0.0682317
0.227207
0.102511
0.173823
0.168358
0.073127
0.0755761
0.132851
0.000248031
0.00923301
0.153276
0.0258047
0.00881865
0.0517383
0.01408
0.0539631
0.0143007
0.00162751
0.48423
0.0354362
0.214802
0.0199121
0.00351861
1.68092
0.102511
0.0237748
0.0247346
0.0497033
0.0499895
1.1733
0.0647596
0.0207
0.293575
0.0162857
0.0327629
0.0564748
0.0230571
0.0107666
0.0418133
0.0163069
0.0175586
0.229206
0.0993521
0.0996423
0.128845
0.022126
0.00726774
0.10556
0.0248581
0.00928977
0.124145
0.0553213
0.0200739
0.00714957
0.128438
0.0885371
0.0129788
0.0158048
0.125744
0.0381569
0.0259565
0.299622
0.0792574
0.0929108
0.00498707
0.124593
0.3682
0.0918262
0.075682
0.151977
0.0629535
0.0527621
0.0767147
0.005787
0.00464818
0.0788612
0.000893038
0.0351489
0.0192108
0.0144675
0.0160369
1.38403
0.025392
0.110505
0.120558
0.00583597
0.0540927
0.0101633
0.0106054
2.23785
0.0250225
0.101134
1.1595
0.174669
0.0387769
0.155939
0.0902555
0.0742268
0.0844411
0.0244011
0.0885472
0.0953016
0.0793296
0.152911
0.086661
0.088663
0.0822779
0.149941
0.136755
0.0162985
0.22546
0.149456
0.14855
0.807602
0.00980695
0.0136519
0.0198265
0.0121116
0.100261
0.153504
0.0114035
0.0454095
0.0207788
0.0559007
0.035848
0.0112556
0.000245469
0.0107866
0.0819419
0.103302
0.0313353
0.00060655
0.0827445
0.0726013
0.0474503
0.675851
2.42082
0.000501727
0.214996
0.424389
0.00318518
0.115022
0.0421268
0.0256341
0.079802
0.179735
0.235187
0.0385973
0.176428
0.189021
0.00939755
0.0412953
0.0879498
1.05108
0.0846861
0.004572
0.0089944
0.0234168
0.0488486
2.55179
0.0416715
0.0130441
0.0771401
0.10113
0.0194673
0.0416132
0.0237454
0.185308
0.0212672
0.235867
0.0703479
0.0161607
0.0278944
0.143979
0.0806383
0.0382543
0.164975
0.0397803
0.0471709
0.422393
0.0732999
0.0333056
0.167495
0.0289263
0.355267
0.126152
0.0877912
0.140167
2.24304
0.122444
0.0600312
0.0428873
0.168482
0.0905865
0.0634628
0.0710858
0.0836869
0.0167291
1.0855
2.45681
0.109905
0.0482433
0.00113413
0.145001
1.71161
0.0833684
0.212774
0.0497987
0.00963795
0.036682
0.0989435
0.0641894
0.0235905
0.017236
0.0337122
0.114579
0.025059
0.206832
0.072792
0.14987
0.0353089
0.106814
0.0312157
0.0574931
0.224746
0.0211792
0.0491614
0.00981877
0.020762
0.0511755
0.194893
0.0885026
0.00673568
0.141856
0.0559837
0.000150656
0.137469
0.0801001
0.0472874
0.0090279
0.027223
0.0289575
0.0960978
0.0712649
0.144467
0.126048
0.149182
0.0849374
0.203664
0.0868818
0.210766
0.0822594
0.0938972
0.0225546
0.0454566
0.0281763
0.00723939
0.0288094
0.042843
0.0496629
0.0295293
0.161106
0.0275043
0.0583327
0.105971
0.0413243
0.00899372
0.0374013
0.0040669
0.00682598
0.164171
0.105083
0.489635
0.00295546
0.917071
0.175131
0.0603668
0.204769
0.0278062
0.0646085
0.0435053
0.0143983
0.0795924
0.0561998
0.174049
0.0150028
0.0401948
0.955314
0.106974
0.0499045
0.0539412
0.122881
0.00503837
0.125407
0.0224874
0.355019
0.0840254
0.243613
0.0577057
0.0474732
0.084376
0.013958
0.0196192
0.0406997
0.000415672
2.21488
0.0170516
0.0157697
0.380041
0.205871
0.010431
0.144316
0.0160914
0.0257956
0.0147577
0.0710343
0.0830842
2.17556
0.0209424
0.072536
0.237102
0.168328
0.0471862
0.0145263
0.0324037
2.6833
0.0280585
0.122501
0.11683
0.302245
0.0487757
0.0222156
0.0846404
0.12099
0.0846465
0.123872
0.0259718
0.141947
0.0454211
1.06267
0.0971431
0.0991667
0.00994342
0.172884
0.0251501
0.426611
0.00825261
0.110986
0.115253
0.00358328
0.14651
0.00610348
0.00393493
0.0423601
0.084205
0.0216218
0.103184
0.0283162
0.85943
0.384475
0.0183925
0.0976036
0.196776
0.0488737
0.0241407
0.0666906
0.119708
0.0200164
0.0105829
0.0285327
0.035688
0.00769368
0.0100965
0.00449032
0.0369481
0.120945
0.106361
0.00502556
0.0357595
0.00886206
0.0464667
0.0492865
0.000297249
0.0972227
0.270163
0.00926083
0.0199894
0.0195069
0.00686309
0.134854
0.193077
0.0643732
0.0806144
0.0428972
0.0199131
0.10819
0.113152
0.00814314
0.10261
1.13142
0.108275
0.0645325
0.0331234
0.105626
0.0153243
0.0328172
0.0297476
0.196711
0.216989
0.242726
0.198674
0.0257585
0.0552085
0.158489
0.291507
0.0409511
0.0844162
0.0348033
0.0929002
0.0515684
0.0870048
0.115484
0.0370353
0.0111959
0.0400975
0.0206755
0.010425
0.267016
0.00506161
1.00537
0.0190706
1.69606
0.0619664
0.0618522
0.182875
0.0175557
0.0484325
1.81767
0.00906632
0.16984
0.185246
0.0252794
0.0836523
0.0884839
0.363191
3.47471
0.0178971
0.101343
0.0210595
0.100807
0.0845385
0.00599154
0.127238
0.12544
0.0746075
0.106687
0.0901757
0.0575653
0.0795956
0.175511
0.0128061
0.0532484
0.222732
0.0374853
0.0420914
0.0568291
1.22046
0.00835351
0.13884
0.00471371
0.0539407
0.163643
0.0256901
0.158825
0.0762991
0.0502057
0.223098
0.113381
0.0176367
0.0732897
0.0298569
0.0376824
0.076635
0.175939
0.0941547
0.00468155
0.0305902
0.133709
0.10938
0.0220809
0.219136
0.0523899
0.00208978
0.0116549
0.232014
0.296984
0.0097966
0.0702123
0.0564822
0.0970489
0.0379884
0.142552
0.162464
0.0446335
0.0196048
0.10433
0.0717766
0.0421639
0.0560913
0.17463
0.220923
0.208323
0.101057
0.0587106
0.156938
0.0661598
0.0189454
0.0160291
0.011752
0.197811
0.0152892
0.0662339
0.108716
0.0888196
0.279212
0.0336694
0.0296193
0.287863
0.097497
0.191949
0.07778
0.0314481
0.0882945
0.0302077
0.0327183
0.0444774
0.073645
0.671018
0.121613
0.0871528
0.0515065
0.0265964
1.54924
0.0717547
0.103939
0.0352905
0.0724752
0.00348015
1.76512
0.111015
0.129212
0.0318709
0.00270412
0.116644
0.0515353
0.0422406
0.254721
0.0508915
2.91059
0.051467
0.144929
0.08227
0.00766233
0.0294325
1.23157
0.131698
0.00238623
0.134314
0.374196
1.98875
0.00682225
0.0657835
0.0156056
0.0332324
0.104293
0.00362135
0.0297031
0.232126
0.0826244
0.203698
0.0155632
0.0180665
0.232081
0.0364527
0.0915396
0.011616
0.290603
0.268668
0.0151808
0.849542
0.0475655
0.0181742
0.0202691
0.00896151
0.167477
0.075281
0.0201977
0.165489
0.0260651
0.00835987
0.0213156
0.0628196
1.34758
0.00012264
0.0142137
0.0758354
0.0495136
0.240073
0.0701119
0.130251
0.00263058
0.0174265
0.0704932
0.00313132
0.107663
0.1742
0.00711564
0.105917
0.0219757
0.0908178
0.141906
0.116941
0.231818
0.639246
0.0262232
2.20422
0.132052
0.0162648
0.381108
0.0595685
0.0234187
0.0494629
0.0134976
0.228937
0.0494562
0.0556075
1.46087
0.0103258
0.0233966
0.0164578
0.0834592
0.0068132
0.017802
0.175024
0.0247036
0.027458
0.268127
0.0217796
0.0629852
0.019108
0.0151142
0.078205
0.0625348
0.0123193
0.1534
0.00602885
0.00436983
0.00125091
0.0818837
0.0192791
1.05202
0.0316224
0.0250207
0.0841829
0.0146182
0.156604
0.00264946
0.402672
0.152003
0.0883951
0.00205707
0.00994673
0.0331688
0.0117371
0.0311995
1.31786
0.145339
0.0705836
0.0116761
0.100288
0.168787
0.0963419
1.71318
0.00335051
0.168157
0.181082
0.0660141
0.00138061
1.35986
0.0238199
0.00565975
0.0542015
0.0628682
0.131578
0.151887
0.233069
0.0843709
0.0175654
0.0214804
0.0940192
0.110279
0.0327555
0.000989174
0.00292295
0.121126
2.42426
0.0197305
0.150864
0.0731866
0.0399443
0.169286
0.110141
0.000888893
1.41285
0.0331691
0.0671139
0.0316592
0.00050432
0.13018
0.0189955
0.0363306
1.31818
0.317875
2.65463
0.056865
0.0182468
0.0635897
0.0503371
0.142091
0.0963418
0.0686856
0.00114058
0.0905581
0.0524869
0.0570088
0.0198099
0.176156
0.0132979
0.301274
0.0938977
0.163806
0.134607
0.0209176
0.256563
0.0342127
0.1064
0.00893307
0.20673
0.0843104
0.199667
0.029118
0.00487877
0.0921042
0.100319
0.202026
0.138685
0.129451
0.111084
0.0271985
0.155049
0.2091
0.0243086
0.139099
0.00277028
1.4688
1.7547
0.0274776
0.0194706
0.239315
0.0064208
0.00204036
0.0579477
0.0561415
0.0269831
0.0570173
0.0704038
0.099264
0.079654
0.00324879
0.28905
0.0838938
0.147495
0.0122315
0.0642197
0.11564
0.0521789
0.0849868
0.0431472
0.0504574
0.00649006
0.0789885
0.0482124
0.0565513
0.0469059
0.13074
0.0333332
0.00951489
0.0177148
0.2169
0.197063
0.0437375
0.0110411
0.0311147
0.000841056
0.260754
0.0119256
0.00184473
0.0536835
0.0662696
0.153376
0.204382
0.0272999
0.0844923
0.0502545
0.149863
0.0321583
0.0219377
0.0101919
0.00653113
0.00318359
0.229867
0.0890265
0.0427825
0.0512745
0.0949735
0.0196043
0.135824
1.55956
1.19959
0.0578439
0.00471159
0.0119579
0.0236008
0.0477322
0.0400462
0.738888
0.0154527
0.00804479
0.00140136
0.062525
0.0704918
0.113184
0.143684
0.148181
0.134427
0.214683
0.012988
0.00153546
0.0169969
0.0263469
0.123963
0.0307572
0.0300777
0.0930653
0.0530281
0.00946543
1.59763
0.167269
0.0758427
0.00800338
0.0283839
0.10447
0.0845963
0.00780045
0.156967
0.0300241
0.0279594
0.0397329
0.0376455
0.162181
0.0343413
1.43489
0.121667
0.00367536
0.0546967
0.116973
0.76367
0.0334335
0.0102652
0.282073
0.0387919
1.34867
0.0133252
0.131306
0.013193
1.44879
0.12345
0.0168969
0.354076
0.0144513
0.0845897
0.0326185
0.0104647
5.0769
0.0046967
0.152795
0.139788
0.046003
0.0594227
0.0639681
0.0260682
0.0243433
0.140062
0.0576884
0.231647
0.0352753
0.08988
0.111511
0.00393191
0.104215
0.112005
0.106743
0.126054
0.0506803
1.40811
0.00911219
0.0153423
0.175932
0.00536164
0.0967732
0.184868
3.47883
0.0624945
0.0154871
0.0627889
0.0845851
0.102657
0.0517585
0.0840549
0.0355035
1.50889
0.00690994
0.273444
0.174863
1.39383
0.492602
0.0260776
0.171737
0.0124503
0.0451407
0.109812
0.123621
0.358027
0.0719602
0.064204
0.0135211
0.0453221
0.0138531
0.004268
0.139618
2.39207
0.365532
0.0716531
0.0871996
0.0587446
0.00137863
0.00359648
0.193729
0.0491635
0.0830905
0.0187408
0.106367
0.0454034
0.0907638
0.081262
4.3745
0.15029
0.0328641
0.202907
0.12715
0.0868261
0.3563
0.0481949
0.149361
0.256967
0.0214276
0.0436442
0.099627
0.068027
0.00280394
0.377378
0.0889345
0.0202554
0.0455993
0.0577122
0.102233
0.00739456
0.0705968
0.135998
0.0700573
0.0500534
0.00213304
0.0781567
0.0806453
0.0705803
0.00648151
0.182687
0.0474722
0.415081
0.0274676
0.0780887
1.25249
0.876321
1.06491
0.0456847
0.0146219
0.000940612
0.124284
0.0178975
0.122243
0.493858
0.189076
0.121477
0.118628
0.0747748
0.0575514
0.185804
0.0308213
0.0750413
0.360175
0.100508
0.348364
0.422776
0.0113531
0.0713191
0.00559749
0.0638582
0.0199047
0.00782051
0.0369835
0.0375618
0.00805024
0.00212888
1.14401
0.0704254
0.347677
1.50634
0.0168152
0.161384
0.048272
0.0926891
0.0298402
0.0833452
0.0556378
0.031465
0.0551578
0.00335238
0.0370868
0.196779
0.163465
0.037399
0.0165747
0.00620167
0.194161
1.81259
0.113317
0.198173
1.89895
0.141181
0.0567703
0.0389788
0.00624339
0.0295435
0.0805094
0.0547096
0.0450911
0.071396
0.0223305
2.33657
0.124864
0.141858
0.00524625
0.00201267
0.0229846
0.155906
0.0310482
0.0526397
0.0626101
0.0124311
0.129828
0.0447617
0.00885976
0.0497562
0.185097
0.0854063
1.52962
0.0890503
0.113694
0.12916
0.0285306
0.0680269
0.588287
0.00567201
0.102261
0.115172
0.0132401
0.0742721
0.0131893
0.196837
0.0277672
0.157123
0.0917949
0.0637439
1.31665
0.13767
0.0332517
0.155774
0.0457723
0.145944
1.42367
0.0204056
0.00294231
0.135569
0.0205031
0.217789
0.00783704
0.0460313
0.052294
0.114255
0.139531
2.43761
0.0979463
0.0279785
0.101104
0.00834746
0.23886
0.0550523
0.0338456
0.052179
0.0175601
0.000900779
0.215541
0.00754763
0.0131336
0.190591
0.259634
0.148598
0.0540372
0.0411102
0.192298
0.111379
0.0728435
0.0530569
0.0472219
0.294513
0.0133529
0.212583
0.0266366
0.366661
0.0548199
0.000888894
1.59207
0.119546
0.0116692
0.101292
0.0888923
0.0712159
0.253605
0.252902
0.01005
0.0822329
0.0104361
4.56126
0.00999138
0.0179959
0.0586756
0.267807
0.0850921
0.0296838
0.114771
0.235416
0.00708488
0.00611983
0.0169335
0.0190807
0.0496622
0.0137981
0.159247
0.218708
0.0527105
0.0142819
0.0460133
0.044511
0.0796835
3.75595
0.746994
0.0301252
0.0131236
0.700322
0.0821935
0.181341
0.0439402
0.0486897
0.0157123
0.0171585
0.197767
1.50172
0.0827941
0.194455
0.105877
0.0926671
0.023774
0.0441064
0.150218
0.00727727
0.191971
0.183391
1.84208e-05
0.0262252
0.256463
0.123259
0.174044
0.00730887
0.0119876
0.0740047
0.0851465
0.0857353
0.222005
0.00972343
0.0137434
0.136769
1.76877
0.0790746
0.120692
0.124079
0.0261401
1.47299
0.0429139
0.115222
0.162158
0.125797
0.156311
0.0653632
0.0560818
0.0213174
0.36201
0.114027
0.000156011
0.128469
0.169551
0.121857
0.102103
0.105491
0.0853394
0.0833309
0.0202194
0.0973
0.0336454
0.0319054
0.0672215
0.00431682
0.0340192
0.0655602
0.110511
0.143909
0.0333587
0.0217822
1.63908
0.0180127
0.0305045
0.000888526
0.0334639
0.0330058
0.118353
0.0249605
0.144999
0.00814591
0.0349612
0.0758142
0.0495782
0.0210847
0.0154513
0.0124937
0.0662331
0.120197
0.0861729
0.0221997
0.133429
0.0332252
0.316831
0.0855999
0.00159897
0.00710481
0.0471724
0.0523818
0.134972
0.143685
0.11497
0.03432
0.0538788
0.288404
0.044793
0.0148349
0.0452837
0.0289581
0.0509037
0.00059343
0.181247
0.0967979
0.0409994
0.0168927
0.0228131
1.34875
0.0287931
0.108039
0.0186264
0.0690027
0.105304
0.0355781
0.0629535
0.233799
0.146193
0.0239151
0.0577246
0.0408532
0.103954
0.0863765
0.16939
0.16062
0.307557
0.135633
0.0289302
0.0181402
0.0749026
0.0347362
6.06511
0.138858
0.010618
0.254076
1.14399
0.000203956
0.00183658
0.219933
0.341686
0.0543304
0.143586
0.0596675
0.074858
2.63194
0.0764402
2.25442
0.0519749
0.0113396
0.00784885
0.0925091
0.00777371
0.043948
0.395566
0.060786
0.0573189
0.00710496
0.049558
1.05431
0.148052
0.0583152
0.365083
0.0820335
0.109394
0.0771957
0.0406437
0.177825
0.0551285
0.00515347
0.00676408
0.0584093
0.0369706
1.83707
0.0576525
0.0579876
0.00233892
0.1526
0.0119119
0.0729289
0.048312
0.0293831
0.00194575
0.179008
0.0119165
0.0683923
0.0249243
0.0575556
0.0551223
0.0719775
2.58041
0.0874314
0.0694618
0.0323354
0.395935
0.105077
0.165135
0.0725768
0.141514
1.01309
0.0398224
0.0299774
0.0844886
0.185526
0.208077
0.0411919
0.0607395
0.00931148
0.30256
0.0234076
0.0433897
0.0219419
0.0568697
0.0204062
0.0679233
0.00751644
0.117911
0.0697822
0.172518
0.0170089
0.133721
0.00055097
0.0184233
0.0589675
0.0372498
0.187803
0.306335
0.0641074
0.0171949
0.0811726
0.148241
0.0495568
0.0206742
0.080186
2.19822
0.0215089
0.00419142
0.0668627
0.0659838
0.390653
0.0921473
0.103855
0.00335611
0.209322
0.355989
0.00444325
0.082242
0.0501365
0.0450781
0.0535504
0.164985
0.0418442
0.0214868
0.00710944
0.102585
0.106431
0.106175
0.141584
0.482265
0.0585656
0.212212
0.0853787
0.0257671
0.0710585
0.251483
0.108755
0.0728544
0.0345855
0.0995624
0.207892
0.0786574
1.09145
0.0570921
1.50334
0.370515
0.078921
0.180967
0.0101344
0.00668049
0.021768
0.0663508
0.0326017
0.0375014
0.024245
1.03974
0.0108205
0.0569932
0.126041
0.0166278
0.430076
0.00151462
0.00751228
0.133226
0.082909
1.72655
0.0209014
0.193631
0.207287
0.0439149
0.00596391
0.034536
0.00200549
0.232785
0.0624912
0.0702024
0.0601184
0.000274321
0.0506371
0.203993
0.0570391
0.00704094
0.0674308
0.072768
0.0852155
0.134499
0.0185154
0.10529
0.199967
0.0190387
2.53055
0.0967207
0.0243063
0.0027606
0.0832779
0.259626
0.259508
0.0489587
0.0866972
0.0279892
0.00490229
0.0822899
0.50597
0.0301767
0.173073
0.0121396
0.0324054
0.0812476
0.164956
0.066261
0.0276221
0.0923073
0.0824544
0.0614477
0.413191
0.0272456
1.31771
0.0317535
0.0168562
0.00725695
1.65863
0.0676251
1.19466
0.0376005
0.00199596
0.0174086
0.0874246
0.0646585
0.115294
0.174522
0.000492853
0.104324
0.1023
0.105081
0.0111102
0.240107
0.0578267
0.103506
0.0787953
3.97203
0.0181489
0.178644
0.0113145
0.142396
0.0913947
0.0363672
0.111568
0.0381551
0.0120241
0.0663321
0.48863
0.380405
0.1194
0.188321
0.00292865
0.149125
0.00629371
0.184047
0.0983662
2.39076
0.0216655
0.00980553
0.0114927
0.0347184
0.309198
0.0326582
0.0992027
0.108859
0.0940585
0.0609162
0.043374
0.05101
0.066941
0.133613
2.98458
0.0501376
0.351722
3.19237
0.227338
0.0470887
0.00456452
0.0467861
0.108155
0.237063
0.0613566
0.183621
0.000139884
0.195719
0.0670571
0.0343462
1.36178
0.149166
0.0898449
0.00545193
3.15381
0.0771762
0.133557
2.35388
1.81969
0.249521
2.71299
0.202771
0.0412769
0.0041665
0.00406492
0.0128122
0.00984745
0.00716012
0.0339239
0.0992103
0.0817072
1.17528
0.0383919
0.0218563
0.056363
0.0583386
0.135196
0.147299
0.00384319
0.16634
0.0235963
0.139495
0.00270582
0.00744647
0.00880257
0.181678
0.0956311
0.00805799
0.0230141
0.0409009
0.0770337
0.0190519
0.0463879
1.07063
0.199992
0.119536
0.0496624
0.124154
0.0456068
0.0417253
0.0195691
0.106602
0.0662159
0.0212494
0.0692929
0.038685
0.0114328
5.06557
0.127182
3.67172
0.0753029
0.0906604
0.0500716
0.0326906
1.69454
0.0426803
0.0774237
0.0727404
0.00186585
0.104404
0.0766911
0.146295
0.0696012
0.00288271
0.109488
0.198618
0.899507
0.123283
0.0731036
0.117698
0.425455
0.0655173
0.179877
0.00395453
0.110281
0.0938091
0.0519221
0.0189081
0.0325602
0.0810811
0.00497241
0.0197765
0.0704141
0.397997
0.302021
0.0508564
0.0895678
0.0331207
0.0219276
0.157265
0.00586426
0.0301173
1.38465
0.15148
0.0650898
0.0942051
0.0644771
0.0128114
0.101794
0.100467
0.0181855
0.253793
0.0150435
0.417895
0.0196298
0.148859
0.135431
0.0743499
1.38712
0.116395
0.0289656
0.0742943
0.0820246
0.1181
0.0808421
0.0412901
0.107603
0.0473132
0.00472193
0.0418652
0.0025309
0.0781284
2.26098
0.0584819
0.072537
0.147687
0.226496
0.056043
0.0347526
0.1971
0.268513
4.00114e-05
0.1478
0.0692747
0.075336
0.0639342
0.0772102
0.0468191
0.433719
0.114348
0.0358393
0.10156
0.0913081
0.0658209
0.205791
0.022317
0.125042
0.0108848
0.00412881
0.0308344
0.0203719
0.115257
0.0485744
0.125612
0.0218836
0.260809
0.0655698
1.86157
0.0171456
0.155091
0.133954
0.0735492
0.00717737
1.55528
0.332131
0.0302646
1.51847
0.14781
0.000387909
0.0652149
0.110804
0.144491
0.00245489
0.0163079
0.00820595
0.063536
0.036365
0.00954204
0.00188178
0.0673211
0.00591161
0.0758842
0.103197
0.0457316
0.0698211
0.0317911
0.00244993
0.0603405
1.37321
0.00329088
0.365999
0.122878
0.276121
0.138513
0.00555183
0.0327195
0.0517678
0.126642
0.0281371
0.00910878
0.0637771
0.10065
0.093592
0.0578148
0.0261295
0.254263
0.00659224
0.0338521
0.0705513
0.123778
0.00788652
0.0478519
0.0584366
0.026567
0.00641089
0.0402604
0.125407
0.0933825
0.228867
0.074755
1.72249
0.26086
0.0325239
0.0862287
0.077619
0.0357293
0.000441297
0.153895
0.0510781
0.0104209
0.132936
0.0491396
0.131404
0.0113373
0.262316
0.117643
0.0548758
0.0027173
0.0592833
0.000294612
0.00310041
0.053157
0.335123
0.244357
0.0074275
0.00444029
0.0272244
0.00788616
0.0323066
0.0080763
0.00812938
0.108472
0.256161
0.0414409
2.93874
0.0514199
1.22063
0.199639
0.0860131
0.0492529
0.0435962
0.182311
0.174431
0.0311646
0.0230949
0.297576
0.0302205
0.177554
1.32278
0.00367853
0.0147227
0.105052
0.050281
0.187528
0.111994
0.0594029
0.0686164
0.22843
0.0135258
0.00786993
0.170439
1.98939
0.0146522
0.037529
0.283601
0.0352454
0.0794459
0.0115385
0.0930381
0.0795018
0.310995
0.0186626
0.13848
0.0650284
0.00202962
0.0315948
0.0385669
0.171615
0.0862928
0.0747219
0.163492
0.124897
0.0768987
0.117283
0.0960095
0.0355844
0.137402
0.0198067
0.00298997
0.0552702
0.00052637
0.0782149
0.0095613
0.0214433
0.0601563
0.0140189
0.110687
0.0279976
0.0167017
0.0493742
0.0460921
0.0949268
0.070467
0.184118
0.0360139
0.000235882
1.81745
0.0983208
0.104424
0.174349
0.0661451
0.059589
0.00572586
0.00486885
0.0742746
0.123471
0.0322313
0.0481291
0.0171058
0.0779646
1.01344
0.0880798
0.240134
0.217398
0.00540198
0.00933814
0.0244132
0.0317239
0.0587687
0.121253
0.0798972
0.00599661
0.0197125
0.00165776
0.227306
0.116209
0.0699889
0.14494
0.11523
0.1237
0.111735
0.0411359
0.093126
0.182202
0.0686478
0.0351279
0.129898
0.0220072
0.00164132
0.0460758
1.60982
0.00329644
0.116256
0.00451635
0.208627
1.90874
0.0189061
0.0486903
2.45472
0.0721316
0.101822
0.0258217
0.0999524
0.00980979
0.151648
0.0916117
0.165507
0.0102108
0.101664
0.108869
0.0433485
0.0109079
0.00525134
0.0170609
0.0322688
0.0224614
0.029125
0.110168
0.0777211
0.123838
0.9736
0.0120492
0.111522
0.0511183
0.0164799
0.00672609
0.0771623
0.122842
0.0021254
1.52658
0.0630813
0.0583154
0.110608
0.0958635
0.217612
0.0735175
0.0681931
2.54098
0.0914144
0.0551605
1.65312
0.0772471
0.0919177
0.136091
0.0320518
0.15745
0.162739
0.00910679
0.0779979
0.139982
0.00920581
0.0581326
0.0342871
0.988894
0.0706829
0.0634316
0.0237236
0.210393
0.0265663
0.0642073
0.0410301
0.101116
0.1316
0.0066243
0.109471
0.150561
0.232805
0.0655542
0.0927462
0.00222916
0.0382303
0.079665
0.0325537
0.127682
0.201397
0.0645679
0.0831145
0.165805
0.0978717
0.0385092
0.0496504
1.65256
0.00720886
0.0959349
0.0291534
0.191367
0.0392451
0.0424511
0.0781452
0.130583
0.0763912
0.0348112
0.0317221
0.115941
0.0154584
0.279009
0.124518
0.0156276
0.0210488
0.00676915
0.0253109
0.103382
0.0894229
0.11744
0.0253294
0.076474
0.122674
0.081924
0.00233954
0.0824573
0.0763961
0.0244713
0.00671538
0.0962122
0.0378676
0.032427
0.0331124
0.0487262
0.0952028
0.0183144
0.00115292
0.0254423
0.0321276
0.311273
0.0230745
0.124147
0.0519223
0.0234408
1.0455
0.00250508
0.0313947
0.0630969
0.0822666
0.156003
0.00885669
0.0609269
0.181891
0.191698
0.0404695
0.0657153
0.00499011
0.102461
0.0156112
2.36227
0.0280937
0.14291
0.0329775
0.0602059
0.152546
0.0781873
0.00127501
0.0799275
0.0360659
0.0771813
0.0651844
0.485736
0.369325
0.0141178
0.00935418
0.0631436
0.638208
0.146519
0.0487315
0.0120928
0.119717
0.00286681
0.292481
0.0313241
2.08104
0.143155
0.129627
0.0998824
0.0494092
0.015823
0.0263839
1.5119
0.963895
0.0289989
0.11855
0.00756536
0.0192047
2.36698
0.0452378
0.210943
0.0359393
0.174571
1.68828
0.00458997
0.256188
0.0635897
0.148025
0.24346
1.54818
0.0452383
0.07272
0.00480423
0.0813916
0.0253531
0.0575093
0.142977
0.223888
0.0208792
0.0700186
0.0848087
0.0558501
0.292554
0.363926
0.00822988
0.0335641
0.00723508
0.0469976
0.0302679
0.0370452
0.078827
0.0641579
0.115075
0.122235
0.0190207
3.31768
0.265878
0.0355363
0.0819429
0.176064
0.0143706
0.0424667
0.0355443
0.0591503
0.0048163
0.153553
1.97172
0.0268205
0.0618764
0.201625
0.256309
1.26819
1.78553
0.0315091
0.0229939
0.0532526
0.105624
0.0653294
0.240522
1.63085
0.0023623
0.0161402
0.0359297
0.123709
0.0888186
0.0758252
0.0130419
2.27098
0.225429
0.106463
0.0884192
0.0494638
0.141798
0.00144154
0.0645538
1.24243
0.0898708
0.0369574
0.0396282
0.0777572
0.0218531
0.0193541
0.0121332
0.0339228
0.0420853
0.241643
0.0107024
0.393461
0.00611942
0.0606323
0.101758
0.0217556
0.0827278
0.00166586
0.0177377
0.145494
0.356371
0.00982325
0.0598858
0.133569
0.0235283
0.148232
0.0178502
0.101381
0.0699034
0.00966766
0.14733
0.0345206
0.035447
0.0414645
0.0158147
0.0470111
0.0783477
0.0379898
0.113241
0.132653
0.171935
0.00693378
0.0167933
0.107426
0.0743376
0.112554
0.0548172
0.110127
0.444314
0.106036
0.0300487
1.33783
0.0854312
0.00991233
0.171681
0.020848
0.00326434
0.894607
1.27901
0.00239909
0.160923
0.0846097
0.0944461
0.0325807
0.003419
0.0203557
0.0225039
0.15728
1.59215
0.0788179
0.032044
0.080941
0.124636
0.0205798
0.146868
0.0501366
0.059439
0.415849
0.205223
0.503863
0.145246
0.34502
0.0501262
0.150614
0.216034
0.0499002
0.0405545
0.0891092
0.0531721
0.0148241
0.107386
0.116849
0.0105561
0.15312
0.0634275
0.00160202
0.179896
0.0584394
1.14108
0.130905
0.0124486
0.0030379
0.163227
0.050326
0.325718
0.102415
0.0684815
0.236101
0.406374
0.0657453
1.77974
0.0249459
0.0246808
0.0249611
0.003592
0.225318
0.152854
0.0249576
0.0684986
0.0368876
0.0600763
0.021898
0.0482933
0.105297
1.51197
0.0978328
0.125728
0.00101054
0.0404836
0.0267493
0.0952013
0.133305
0.0427431
0.033021
0.0363654
0.0780502
0.165661
0.0737163
0.036977
0.0688189
1.3595
0.0985011
0.0286266
0.148823
0.00265677
0.0463349
0.00515954
0.447543
0.0184607
0.252362
0.0229372
0.0146468
0.11745
0.00360154
0.141831
0.13114
0.111381
0.0051497
0.186778
0.131659
0.103653
0.0585825
0.236497
0.0433808
0.0522361
0.132235
0.00159666
1.2032
0.0801097
0.243563
0.190297
0.108365
0.482658
0.0892297
0.0512558
0.0897938
0.0692933
0.0720599
0.193091
0.0383935
0.352214
0.201111
0.0364861
0.00116925
0.0253218
2.28211
0.0433469
1.25894
0.0380177
0.249436
0.0447128
0.001838
0.0110242
0.0091108
0.0139844
0.0462881
0.254954
0.0796779
0.166134
0.219817
0.0861765
0.00127471
0.199915
0.0795064
2.08082
0.114872
0.394874
0.0300024
0.476376
0.0404691
0.825272
0.0369141
0.0303333
0.0101916
0.00923677
0.043452
0.111301
0.0261316
0.0346606
0.539029
0.0638363
0.013178
0.0517791
0.0699078
0.196473
0.0104242
0.0824362
1.31006
0.0876615
0.260576
0.0212665
0.038795
0.0999301
0.0190147
0.0942316
0.141841
0.0302016
0.0913202
0.083418
0.200662
0.121729
0.136377
0.353931
0.303256
0.0546368
0.135345
0.102593
0.272999
0.122815
0.014006
0.127301
0.0677844
0.111986
0.301729
4.32099
0.154848
0.0228247
0.168784
0.137211
0.235883
0.00969709
0.0157277
0.116472
0.0315761
0.0795062
0.13716
0.0999095
0.008711
0.0749143
0.0787099
0.00629428
0.075316
0.00210841
0.309646
1.23094
0.089301
0.0258988
0.0699942
0.0517356
0.00358805
0.0210234
0.487146
0.00843738
0.107521
0.0132117
0.00217166
0.0581096
0.0066203
0.0179242
0.0331848
0.389831
0.193529
0.171095
0.0130629
0.234254
0.00128761
0.085129
0.0347367
0.0419829
0.0949259
0.0798276
0.207893
0.0507681
0.07046
0.179664
0.0253186
0.00449377
0.123136
0.291313
0.0229436
0.0246491
0.0815578
0.042562
1.60012
0.0727931
0.0782863
0.907302
0.0700518
0.0713822
0.343197
0.170998
0.179834
0.0328594
0.228912
0.0546138
0.0402176
0.0764251
0.0719211
0.137039
0.042669
0.241511
0.0103301
0.281127
0.0244507
0.0369289
0.262599
0.154129
0.169063
0.044693
0.0323789
0.050985
0.175501
0.179385
0.0457605
0.148109
0.160104
0.168892
0.0670486
0.0063106
0.0308343
0.197059
0.0666789
0.0396374
0.0069392
0.137924
0.0514594
0.0448519
0.0526391
0.0314011
0.193694
0.0123216
0.0614772
0.130681
0.126293
0.0304735
0.00371984
0.162454
0.90169
0.179629
0.0137921
0.0839717
0.0205698
0.12005
0.0879033
0.213903
0.0232153
0.0911364
0.012637
0.194617
0.0466635
0.103133
0.0851179
0.158571
1.6298
0.0303541
0.0222927
0.102217
0.0784869
0.0749593
0.0282633
0.111707
0.104854
0.0550913
0.0136452
0.067717
0.0892718
0.10902
0.394443
0.0193803
1.9771
0.0466057
0.00151337
0.0219661
0.0455996
0.112629
1.70672
0.0400457
0.08711
0.00547059
0.143403
0.236882
0.000588196
0.0381675
0.338666
0.0426427
0.278085
0.0565534
2.22145
1.01725
0.0154583
0.0834128
0.0487759
0.224016
0.131622
0.0287466
0.137833
0.128511
0.0554623
0.064275
1.12028
2.47903
0.107049
0.0110134
0.011922
0.0502348
0.177375
0.0568621
0.324864
0.00346804
0.04056
0.0724959
0.00831592
0.0579846
0.16986
0.0552391
0.0116983
0.0929245
0.16833
0.169784
0.110971
0.0100612
0.0115107
0.091588
0.0811469
0.271877
4.27216
0.0585562
0.0374217
0.083365
0.13803
0.0014607
0.276976
0.00263143
0.0122881
0.0155524
0.012566
0.940548
0.103533
0.0480163
0.00721631
0.142258
0.0399606
0.0741725
0.00993618
0.1443
0.147503
0.122412
0.035506
0.00951722
0.0464628
0.345751
0.0993609
0.0700498
2.18078
0.1922
0.00641113
0.072426
0.126767
0.0337558
0.0261392
2.13002
0.158986
0.00570543
0.00964243
0.0273956
0.0035989
0.0180473
0.374099
0.134991
0.00911593
0.0380323
0.185692
0.0402743
0.12983
0.00217876
2.17249
0.273551
0.0995597
0.207838
0.00664921
0.0925073
0.0130712
0.188465
0.0495572
0.154247
0.147707
0.00750866
0.0166794
0.131462
0.0444548
0.0188987
1.65604
0.101103
0.0497135
0.0633337
0.236947
0.254349
0.276113
0.201
0.201106
0.0748052
0.222237
0.298048
2.02181
0.0383682
0.0462448
0.234815
0.0912523
0.167092
0.0157586
1.10396
0.0663078
2.69826
0.0584996
0.0612984
0.160954
0.0119193
0.400467
0.0862787
2.35522
0.0515817
0.168347
0.0682501
0.132766
0.135744
0.0626173
0.0522781
0.0304216
1.40736
0.107933
0.0860626
0.0625431
0.00562715
0.0248002
0.0844364
0.0789101
0.19213
0.203033
0.0195567
0.00420307
0.195069
0.0487913
0.00579902
0.0286881
0.0698251
0.0986841
0.0477612
0.0187284
0.10138
0.0182821
0.0045871
0.0971992
1.1062
0.0890968
0.340349
1.12975
0.0687316
0.0696473
0.094893
0.00147086
0.0801085
0.0299001
2.54569
0.0505665
0.030629
0.0103941
0.173052
0.0428112
0.0622185
0.000559149
0.0363749
0.204652
0.112457
0.0191905
0.0259952
0.845062
0.0424473
0.226328
0.108723
0.0965377
0.118417
0.306706
0.0720554
0.0315
0.0503341
0.0254105
0.00974305
0.278363
0.00748444
0.00457149
0.115815
0.0822992
0.00614386
0.0217418
0.0755996
0.00750585
0.184877
0.107638
0.30294
0.113806
0.0708952
0.00146977
1.01359
1.12049
0.0375141
0.00867624
0.13788
1.70457
0.0198579
0.0948638
0.146223
0.189821
0.0516873
0.0812995
0.0939747
0.0261619
0.028796
0.0365656
0.129654
0.0285242
0.0515176
0.0956397
0.082708
1.42417
0.063265
0.0572678
0.0758887
0.0184734
0.174523
0.0712801
0.0171896
0.151342
0.775488
0.281604
0.0392352
0.0510587
0.00826151
0.239294
0.109821
0.0327597
0.0319909
0.237722
0.0919636
0.0166564
0.0652069
0.144381
0.28551
0.00215793
0.125188
0.0235408
0.165585
1.86384
2.45613
0.0217213
0.0651137
0.0372453
0.0444212
0.0275334
0.00528003
0.0504547
0.113217
0.00392455
0.0905219
0.020354
0.046782
0.505921
0.216544
0.255707
0.0280264
0.0911702
0.11206
0.295586
1.53865
0.0639707
0.0721135
0.0586081
0.114341
0.0217026
0.0429908
0.00672231
0.315792
0.00623823
0.0458539
0.306086
0.0974565
0.0873137
0.0348349
0.0884482
0.0201411
0.00882464
0.184955
0.0297407
0.125655
0.0596606
0.0427874
0.008278
0.167952
0.100247
0.132933
0.097927
0.106489
0.00201661
0.287747
0.121118
0.0108363
0.0151214
0.956181
0.10625
0.00911847
0.0333782
0.128714
0.124841
0.010768
0.0021738
0.144377
1.20594
0.0390902
0.784215
0.0629898
0.0850891
0.0363643
0.170139
0.0847158
0.0615176
0.00430468
0.0248639
0.0166709
0.0113562
0.0533581
0.083068
0.0777287
0.0313985
0.0127157
0.00954881
0.0834185
0.13658
0.0143368
0.167776
4.10706
0.0914921
5.63286e-05
0.0179964
0.0695396
0.0255829
0.00107712
0.101559
0.0367605
0.0048807
0.0374834
0.126982
0.160432
0.10046
0.0367887
0.035767
0.0232979
0.203702
0.0072322
0.032501
0.0351097
0.0983578
0.0353649
0.134793
0.16051
0.00829805
0.0521462
0.068647
0.017589
0.139445
0.0494195
0.0584526
0.00328245
0.0901208
0.00808818
0.0103118
0.1074
1.10578
0.0912928
0.0573591
0.0083339
0.1253
0.0247696
0.0924616
0.0385034
0.00782948
0.0177973
0.0231272
0.189569
0.038396
0.588243
0.138872
0.108475
0.0871984
0.0264628
0.303004
0.0335481
0.826783
0.0167886
0.0370128
0.100824
0.388536
0.0461439
0.0459848
0.00799258
0.0143554
0.0347401
0.0771799
0.0934432
0.0412742
0.112654
0.0179188
0.00220417
0.149154
0.187505
0.188939
0.0554398
0.0425997
0.190017
0.0242837
0.130886
1.41264
0.0807467
0.0215274
0.0733733
0.0859833
0.0987252
0.117787
0.0466277
0.121735
0.0166264
0.224694
0.0123701
0.137906
0.0266137
0.202705
0.114252
0.0512113
0.00606758
0.140053
0.0262292
0.162337
0.0344078
1.76783
0.0432776
0.0261384
0.047779
0.00120405
0.0601633
0.0230758
0.0409041
0.0788751
0.033364
0.076348
0.08243
0.0853088
0.00842509
2.8422
0.0673586
0.0668097
0.0684638
0.139092
9.66904e-05
0.00872397
0.130192
0.0014781
2.90671
0.020863
0.168793
0.0724628
0.103348
0.0694314
0.0353449
0.0544761
0.0248517
1.8755
0.0128629
0.24475
0.0140691
0.0373346
0.0236377
0.164731
0.0189022
0.247725
0.115832
0.0543499
0.0579144
0.0263444
0.0487175
0.143109
0.0877252
0.0391629
0.0911817
0.0162491
0.0715092
0.438827
4.24355
0.0900116
0.244503
0.0214384
0.0392381
0.150838
0.33652
0.0181428
0.0768944
0.0272672
0.324813
0.0464892
0.169911
0.27755
0.00454658
0.193433
2.55655
0.225454
0.00956581
0.258501
0.129433
0.015025
0.330349
0.0997558
0.00946585
0.0279922
0.0576193
0.0939674
0.11291
0.0884243
0.0998232
0.412307
0.0107743
0.0468985
0.117029
0.0503106
0.106876
0.00373515
1.84672
0.0831466
0.00283014
0.0444952
0.107296
0.10173
0.000108621
0.0791226
0.105626
0.176826
0.052955
0.140979
0.0240353
0.179833
0.0983188
0.0581001
0.0156969
0.00936962
0.0167802
0.0128918
0.0197037
0.0208688
0.125031
0.0328464
0.0966504
0.0782004
0.0379085
0.0898702
0.0618532
0.0303833
0.392098
0.223673
0.156819
0.0773342
0.0287322
0.199103
0.0619767
0.20088
0.0766522
0.133583
0.0233709
0.0695843
0.0526811
0.0769395
0.014449
2.30384
0.0163854
0.710369
0.0251148
0.00770578
0.0141485
0.0537805
0.233603
0.0403257
0.430205
0.0457633
1.56792
0.038931
0.322323
0.0647401
0.10877
0.055614
0.00300835
0.163882
0.0143817
0.0438682
0.266929
0.248936
0.0359346
0.0708444
0.0816933
0.0197323
0.185924
0.445212
0.156737
0.047412
0.165951
0.0610558
0.00897116
0.0778476
0.0228933
0.0111435
0.023206
0.0810322
0.0592486
0.0985146
3.04176
0.0557831
0.146152
0.0156159
0.0831114
0.206542
0.0954936
0.104064
0.0214688
0.0766968
0.145395
0.00335755
0.0321276
0.021692
0.143615
0.0631999
0.0497284
0.0396271
0.00565497
0.0229192
0.119724
0.00384658
0.02397
0.0787967
0.0957225
0.0110139
0.041081
0.0151639
0.0380937
0.16889
0.0492496
0.0473005
0.00916465
0.0295227
0.16736
0.0202961
0.0585477
0.217694
0.0767956
0.0340458
0.0597784
0.0897338
0.0496977
0.0602397
1.49806
0.00699564
0.0926505
0.0168498
0.108288
0.0473246
0.0750274
0.206252
0.0145883
0.144191
0.0587281
0.449358
0.0209661
0.00727918
0.00936882
0.0434556
0.0376628
0.0527909
0.0593558
0.0624328
0.0326269
0.102069
0.0265263
0.20739
0.0234162
0.121888
0.221797
0.0106582
0.134551
0.0449689
0.0497326
0.088521
0.0581205
0.144565
0.244098
0.320602
0.154584
0.0566371
0.0477315
0.114801
0.12035
0.148767
0.274047
0.171354
0.0447902
0.0557972
0.0614091
0.296216
0.13515
0.0664798
0.271031
2.4321
0.00531768
0.0106576
0.177221
0.0241674
0.31666
0.190265
0.0176789
0.0488064
0.227505
0.540222
0.0743693
0.0119786
0.0668516
0.0436931
1.01233
0.0079168
0.0143711
0.0414398
0.00711518
0.326731
0.074395
0.0252229
0.00547989
0.0852749
1.35347
0.169326
0.0482792
0.00686667
0.0931763
0.0989079
0.020598
0.0249903
0.0531243
0.0187871
0.153062
0.0614211
0.0349934
0.0569244
0.102591
0.0296251
0.0354544
0.288294
0.284592
0.00765287
0.332875
0.0596109
0.0365158
1.43153
0.0149049
0.0654908
0.0484782
0.000481779
0.0810224
0.0664609
0.0310892
0.112942
0.0380173
0.122391
0.028224
0.0219125
0.0696794
0.0592666
0.0936616
0.00512045
0.01647
0.296133
0.3291
0.156346
0.132821
0.160839
0.0577989
0.251095
0.0403204
0.0363297
0.0386303
0.00969952
0.0862766
0.057292
0.0323475
0.095427
2.17914
0.28057
0.00416732
0.288024
0.0213292
0.214525
0.201057
0.291892
0.0498891
0.045636
0.213238
0.0140128
0.011433
0.0407007
0.18201
1.26466
0.0587789
0.170949
0.0653072
0.0305044
0.179858
0.0690105
0.0390571
0.10363
5.46403
0.147646
0.0156758
0.0544336
0.0715109
0.135775
0.12488
0.0460851
0.00642813
0.169964
0.0147083
0.0224647
0.00255173
0.00575098
0.248263
0.250819
0.0652332
0.0425405
4.73964
2.0012
0.194728
0.0474653
0.00843301
0.0750662
0.092878
2.14919
0.0211017
0.00567269
0.113385
0.202018
0.00632339
0.302642
0.742483
0.139052
0.158057
0.133603
0.0437972
0.102789
0.186516
0.0548303
0.0799662
0.205351
0.127157
0.031173
0.25119
0.146228
0.0162918
0.00819284
0.0418074
0.0672323
0.0172516
0.00182433
0.0206393
0.0190149
0.00767808
0.16455
0.027206
0.0261421
0.0763554
0.06072
0.135668
0.177297
0.00282525
0.03968
0.0424907
0.0425358
0.100952
0.0451659
0.0813988
0.012763
0.0769539
3.09237
0.00139064
0.669778
1.30676
0.197183
0.105698
0.0959618
0.0579805
0.0181667
0.0469692
0.17868
0.0873149
0.0126208
0.0904129
0.13028
0.0584139
0.0279024
0.0338022
0.00236701
0.00389574
0.18968
0.132497
0.05188
0.0934776
0.001621
0.0618375
0.00834736
0.0925057
0.0836012
0.0665363
0.0717145
0.110666
0.0229514
0.0970546
0.0808705
0.0126515
0.0687039
0.00640046
1.05368
0.0691429
0.0262205
0.103897
0.0951535
0.139579
0.121421
0.0242218
0.0642039
0.0656223
0.055191
0.00980881
0.00321332
0.00976448
0.0985742
0.0866859
0.0991199
0.0394737
0.0301306
0.262451
0.181523
2.59346
0.328875
0.137493
3.27079
0.0269492
0.0861812
0.0167074
0.424022
0.0827908
0.0342654
0.100011
0.0194706
0.00471279
0.0144715
0.361943
0.0798633
0.0760925
0.0258695
0.000388472
0.227802
0.103289
0.0208532
0.169667
0.062636
0.0108583
0.0618346
0.283112
0.0197255
0.0258826
0.0920367
0.124619
0.00463006
0.0986607
0.100437
0.0333782
0.0884662
0.0648721
0.161659
0.0996161
0.0282049
0.0195987
3.68587
0.0512469
0.0143833
0.0712341
0.100726
0.00673547
0.006761
0.117531
0.0290312
0.0638384
0.100977
0.0761079
0.0598882
0.0227088
0.0913408
1.41403
0.0488086
0.00468702
0.216403
0.373828
0.0293541
0.20849
0.128229
0.0214499
0.0562764
0.0174946
0.0339323
0.0558689
0.09319
0.078073
0.191782
0.033779
0.153179
0.0225458
0.112993
0.0597267
0.182621
0.00299288
0.0424572
0.0555811
0.0951747
0.0793631
0.486962
0.0131733
0.249208
3.61369
0.267461
0.0156452
0.123981
0.0771774
0.040744
0.0762051
0.157201
0.0567477
0.118434
0.00193461
0.0628963
0.00470761
0.209302
0.0615812
0.301155
0.0157929
0.0276347
0.199744
0.0280052
0.112241
0.0105417
1.92017
0.0487326
0.00818088
0.105958
0.0607699
1.58975
0.04647
0.0363254
0.0317779
0.0774104
0.0689281
0.00765374
0.0528069
0.233586
0.00480493
0.00451908
0.00610654
0.00413449
0.0547297
0.0140696
0.0612738
0.136306
0.0532345
0.0569474
0.00511446
0.0750021
0.104251
0.00610842
0.0238832
0.0574398
0.0800184
0.0145142
0.0430204
0.165533
0.192729
0.0401568
0.130584
0.0116208
0.0246155
0.016954
0.0659007
0.0190544
0.049987
0.104884
0.0654221
0.0706008
0.0185269
0.00255169
0.173778
0.0168638
0.0371635
0.0775534
0.0481104
0.135368
0.000374768
0.0787331
0.013257
0.112369
0.15668
0.0344444
0.0672156
0.201614
0.051343
0.0328179
0.00659367
0.0312598
1.00509
0.345619
0.00441175
0.0591512
1.37362
0.111849
0.0817157
0.0882901
3.84405
0.0927332
0.0974051
0.143557
0.807166
0.151392
0.0309312
0.00885932
0.0390718
0.00310372
0.114624
0.00603841
0.0239013
0.0392485
0.0143186
0.0472476
0.193101
0.0605464
0.142493
0.0753104
0.0321
0.0902633
0.0567009
0.0398951
0.00453712
1.59764
0.030661
0.0122452
0.0872044
0.0732384
0.269892
0.134756
0.0194546
0.0248495
0.179523
0.0138225
0.0167832
0.0546689
0.0800729
0.0101797
0.0402384
0.157066
0.212732
0.0225982
0.0256827
0.0173109
0.173909
0.0548778
0.0588408
0.0426883
0.0777979
3.23984
0.0248122
0.215864
0.000902162
0.0296495
0.232405
0.0678646
0.0392069
0.0325074
0.0339834
0.0571693
0.0703401
0.047092
2.59041
0.0785815
0.0407124
0.0587685
1.74423
0.0418753
0.0568052
0.186197
0.0377363
0.114868
0.000226253
0.123487
0.257611
0.0358945
0.236178
0.0371412
0.0824629
0.0849659
0.0324564
0.0335664
0.0586064
0.0764507
0.0228008
0.00444235
0.0328719
3.38308
0.185228
0.0779087
0.00682746
0.0108913
0.0265717
0.0013745
0.0191238
0.0160046
0.156141
0.0992506
0.0132756
0.0450906
4.13849
0.0805055
0.0383316
0.0594183
0.182158
1.33954
0.0269638
0.0415938
0.0794008
0.0285427
0.17259
0.00839931
4.45672
0.000116056
0.0306589
0.0265937
0.143265
0.043113
0.0820965
0.0432435
0.0200006
0.0960415
0.35669
0.017569
0.049997
0.0817788
0.0133742
0.0316866
0.0365295
0.122622
0.121496
0.155845
0.068368
0.0868638
0.017258
0.0327832
0.0483017
4.59957
0.0716613
0.159281
1.22621
0.136908
0.0138667
0.12581
0.0478406
0.0702002
0.0195881
0.0185804
0.0314667
0.00289544
0.116774
0.0166205
0.202212
0.119195
0.226794
0.0637881
0.166322
1.48535
0.0842838
0.00655858
0.0422055
0.124289
0.198273
0.117215
0.108156
0.093347
0.197673
0.024691
0.0487765
0.149425
0.438547
1.11831
0.798996
0.0461884
1.60378
0.0460897
0.062491
0.0108228
0.047137
0.055056
0.0287309
0.268475
0.323065
0.103324
0.0428108
0.0148491
0.103905
0.0241419
1.63452
0.287968
0.0926433
0.0100133
0.747735
0.0282751
0.0845231
0.0448988
0.103666
0.0929342
0.030723
0.1123
0.105699
0.0847101
0.0829445
0.0227154
3.22797
0.0463693
0.10183
0.193197
0.206275
0.278248
0.0565745
0.0376254
0.016073
0.0490459
0.522552
0.0656952
0.0490537
0.0539242
0.0472716
0.0612463
0.0652983
1.61528
0.117315
0.0145246
0.079767
0.0192616
0.241693
0.157982
3.65861
0.0135011
0.0187304
0.123748
0.015948
0.0393059
0.0468091
0.0772318
0.0397307
0.0170528
0.236664
0.0105047
0.0052868
0.0446106
0.0748301
0.15743
0.0231806
0.00130266
0.00521661
0.00500579
0.0337722
0.188078
0.0488331
0.0958693
0.00141036
0.0350875
0.0442619
0.0837397
0.0602464
0.0897529
0.0717639
0.00380138
0.0396906
0.0603682
1.64514
0.0963742
1.84894
0.0408034
0.121255
0.0134693
0.0726918
0.148404
0.0308881
0.175027
0.155207
0.14824
0.22355
0.101993
0.193299
0.00243567
0.0108206
0.048629
0.00387109
0.165976
0.0241085
0.198632
0.153893
0.0512641
0.017107
0.0515666
0.00648238
0.0368929
0.214513
0.0142401
0.982488
0.11421
0.0653596
0.421243
0.0261914
0.0417351
0.421192
0.0610787
0.00666074
0.448321
0.180317
0.0483241
0.144258
0.0111202
0.290624
0.00951792
0.00843679
0.00767472
0.0122966
0.00801748
0.0107177
0.177463
0.0348838
0.0990875
0.0703132
0.385648
0.0443828
0.0087791
0.0538155
0.067256
0.0696364
0.0460534
0.118187
0.0361164
0.0145757
0.386707
0.0571324
1.56803
0.295176
0.0459524
0.0640547
0.173823
0.122018
0.00394617
0.0657891
0.019883
0.160997
0.000413371
2.18294
0.0125649
0.0860942
0.171266
0.406483
0.0121321
0.0180775
0.203288
0.0572762
0.0150025
0.0356394
0.0832283
0.0463105
0.0289334
0.00497963
0.00902498
0.0600254
0.0624502
0.0556411
0.0451583
0.0399255
0.123138
0.0214921
0.0206483
0.907249
0.0527199
0.0361881
0.172737
0.0952432
0.159442
0.133662
0.0200281
0.0839486
0.104559
0.0385952
1.2022
0.00568751
0.0916185
1.08342
0.0380881
0.231839
0.0331162
0.053035
0.166933
0.00693799
0.00322354
0.075033
0.0335417
0.0224786
0.081582
0.0265042
0.0513454
0.0955728
0.0519791
0.122773
0.0529099
0.126343
0.0894862
0.117481
0.309636
0.0797917
0.0187781
0.178127
1.78813
0.0677726
0.19987
0.0675597
0.0105752
0.0505242
0.0130037
0.108946
0.027798
0.00348183
0.144257
0.0304719
0.0176216
0.0465822
1.34156
0.259066
0.126616
0.0255478
0.00318846
0.0174445
0.0705624
0.0684988
0.334889
0.0836225
0.287529
0.0462131
0.0314983
0.039609
0.104827
0.00340242
0.0282836
0.033618
0.0350965
0.113816
0.047631
0.0123681
0.0961867
0.0595699
0.0103458
0.0543218
0.00406453
0.0271612
0.0323409
0.0112749
0.0125004
0.0336729
0.10118
0.0496174
0.0259796
0.149722
0.171174
0.157892
0.0361222
0.0399151
0.201916
0.0691495
0.0550933
0.00924276
0.0378604
0.117283
0.100677
0.215105
0.00830505
0.0345243
0.0300081
0.0496164
0.00661791
0.0456537
0.0101238
0.155067
0.156477
0.150024
0.043112
0.0572283
3.17803
0.0186129
0.278
0.00538023
0.0263807
0.123601
0.22604
0.318136
0.0928168
0.147045
0.0358876
0.260177
0.00597257
0.138697
0.0241698
0.370022
0.00113205
0.0981248
0.114435
0.0244268
0.0103908
0.0613334
0.845438
0.0219633
0.0427944
0.262834
0.0134714
0.0337203
0.00975114
1.01811
0.113788
0.0690286
0.00223786
0.186746
0.0350104
0.00608306
0.251667
0.503587
0.0459988
0.0593247
0.104576
0.0405274
0.00105325
0.00746639
0.101045
0.0463386
0.342244
0.0703877
0.154802
0.10055
0.113252
0.319679
0.058473
0.0373757
0.0943575
0.138045
0.104056
0.00949041
0.168988
0.0117944
0.0852638
0.00180604
0.0464985
0.0393759
0.0778473
0.038848
0.970492
0.0137641
0.0124141
0.0922125
0.196406
1.72814
0.146063
0.00943836
0.0736699
0.0024266
0.158736
1.87238
0.0117875
0.915684
0.0352461
0.0246623
0.0251472
0.055543
0.0392672
0.0126814
0.139295
0.117133
0.0189823
0.00461632
0.0144593
0.250961
0.0233262
0.0665221
0.0373862
0.0386161
0.11246
0.0598556
0.22165
0.174465
0.180148
0.119878
0.0997269
0.257997
0.064816
0.0180972
0.0543162
0.0147374
0.047918
0.00914528
0.311412
0.0846517
0.0174251
0.0713086
1.71294
0.0324796
0.0554938
0.128737
1.7328
0.130023
0.0264729
0.033131
0.268132
0.148483
0.0081494
0.0157849
0.196926
0.0790722
0.0418909
0.179573
0.00378632
0.038615
0.0569197
0.037124
0.0193487
0.0921936
0.00883817
0.109985
0.0792568
0.0782136
1.08957
0.0338777
0.0139308
0.110116
0.391262
0.0565885
0.0712741
0.0100386
0.00853493
0.116727
0.111624
0.100243
0.270269
0.0477989
0.866607
0.128746
0.170976
0.0742171
0.0329988
0.103027
0.00354676
0.0356963
0.099343
0.00339748
0.186751
0.139548
0.00332856
1.44618
0.10121
0.08388
0.119701
0.132841
0.0328703
0.0318219
0.0137099
0.112421
1.93218
0.0248256
0.0896485
0.0611162
0.0416543
0.00434325
0.014316
0.277346
0.016456
0.0381914
0.189142
0.0950698
0.0740531
0.0438049
0.0459608
0.0146489
0.0890481
0.150652
0.0427806
0.0651697
0.0605228
0.0863158
0.267597
0.134375
2.08787
0.0326588
0.090791
0.0517641
0.17591
0.0265685
0.0276535
0.0178538
0.0826698
0.325247
0.0474944
0.187873
0.264188
0.0743558
0.147705
0.00790421
0.0985825
0.112613
0.0431095
0.149077
0.0457653
0.0068467
0.284764
0.030512
0.00616004
0.102567
0.190077
0.161973
0.0524513
0.00297875
0.00643765
0.18672
0.127025
0.0371955
0.0403508
0.021
0.0553643
0.0299516
0.087456
0.11732
0.0232295
0.0452607
0.00600511
0.12488
0.060166
0.0285978
0.323864
0.127283
0.127023
0.251167
0.119922
0.182449
0.0679775
0.0106464
0.202783
0.0129727
1.82482
0.00570826
0.312137
0.080806
0.0548797
0.0197342
0.0233209
0.1284
0.00191699
0.209122
0.0507256
0.0475429
0.0889106
0.0182158
0.206482
0.0105256
0.0215019
0.0524808
0.192978
0.0454258
0.103912
0.0807281
0.12688
0.00247865
0.153148
0.155664
0.0350707
0.239571
0.0412019
0.00161761
0.121389
0.248588
0.087271
0.145338
0.0554831
0.010286
0.137039
0.158011
0.101479
0.166658
1.5483
0.0448498
0.59476
2.505
0.111677
0.0125424
0.059217
0.0141916
0.0694284
0.0952506
0.392227
1.66057
0.0738586
0.031334
0.0936251
0.0472587
0.300737
5.97823
0.00208105
0.144992
0.0262706
0.0320572
0.116073
0.210722
0.0353314
0.131798
0.165474
0.0786059
0.0781866
0.160637
0.120537
0.0717843
0.0112841
0.00663468
0.0452347
0.14156
0.0568262
0.0188529
0.00826722
0.0162101
0.179273
0.0163051
0.0671431
0.0110313
0.0297964
0.0345893
1.7072
0.0160735
0.0790541
0.0994595
1.86788
0.0835228
2.05967
0.116568
0.0614562
0.0282568
0.0883748
0.0587369
0.0456015
0.0221448
0.0453442
0.0128825
0.0618637
0.00136858
0.0705965
0.00957525
0.0644509
0.084698
0.266153
0.303271
0.00335327
0.0180603
0.093391
0.147938
0.0168848
0.230708
0.187338
0.245678
0.0346836
0.11017
0.0783782
0.169537
0.0942581
0.379874
0.037662
0.00443182
0.0850699
0.220385
0.0639128
0.182263
0.201309
0.0118993
0.00907016
0.000191598
0.0914291
0.0124065
0.0264164
0.299829
0.258094
0.000419824
0.0975458
0.0380292
0.0249734
0.05007
0.00432379
0.00727276
1.52031
0.0528248
0.036016
0.237065
0.0663745
0.11662
0.171232
0.0377541
0.0136724
0.00647438
0.00993778
0.141964
0.0210047
0.0468478
0.0419195
0.0775078
0.133954
0.176875
1.90426
0.0363341
0.139605
0.0544341
0.0450898
0.104994
0.0176112
0.146688
0.107986
0.116443
0.0377516
0.0460517
0.0360663
0.0756271
0.00678332
0.00579294
0.0825262
7.05109
0.281128
0.0535635
0.042183
0.0275843
0.00329612
0.00279299
1.44629
0.0864515
0.137788
0.226693
0.089977
0.0271405
0.782044
0.344328
0.0223344
0.0673343
0.065626
0.014055
0.149418
0.0184724
0.0848303
0.076762
0.151312
0.0503625
0.231093
0.154186
0.0765026
0.069317
0.115929
0.00767004
0.0250569
0.0567307
0.0512266
0.201088
0.0710965
0.0628997
0.0981994
0.0198907
0.0314007
0.0146942
1.62337
0.103032
0.0256746
0.202669
0.020755
0.00255814
0.0744705
0.110079
0.0535188
0.0237899
0.149956
0.0400551
0.230691
0.00521397
0.457158
0.125349
0.568745
0.0133068
0.100293
0.128503
0.00734037
0.0683479
1.01548
0.0249102
0.289143
0.124369
0.0379881
0.10156
0.0163361
0.241929
0.0780783
0.113589
0.0266699
0.166916
0.130143
0.0796036
0.0246396
0.360391
0.160643
0.035005
0.0111769
0.00575644
0.0197133
0.280369
0.026463
0.0623955
0.0240124
0.0446204
0.0735473
0.00739785
0.0163403
0.0301006
0.1021
0.137329
0.0189823
0.013627
2.6014
2.27558
0.0914245
0.0122711
0.0263252
0.114405
0.256817
0.0232283
0.338938
0.0897752
0.00139533
0.159981
0.00771892
0.028168
0.0769514
0.0894982
0.0160207
0.0848886
0.142073
0.0389543
0.0696865
0.151121
0.0544735
0.216216
0.00845276
0.124006
0.00963514
0.0682195
0.00765642
0.209545
0.0494076
0.0495706
0.0541061
0.0545517
0.185035
0.045171
0.177675
0.0870806
0.110266
0.0376406
0.16341
0.173632
0.00591323
0.0091111
0.0627838
0.106802
0.0653284
0.0118331
0.1622
0.173767
0.0931289
0.0581893
0.184664
0.0941143
0.0137932
0.012866
0.0219584
0.0559142
0.00200165
0.00481191
0.0653158
0.0454381
0.148349
0.0190853
0.0210321
0.288286
0.0299849
0.0133629
0.143763
0.078964
0.147017
0.0997333
0.0328282
0.337962
0.00275747
0.00775941
0.231523
0.0659401
0.0524931
0.116007
0.00100391
0.071174
0.0554914
0.00688662
0.184994
2.7095
0.000634655
0.0170762
0.159234
0.0232604
0.0619401
0.0202161
0.0230144
0.113118
0.022462
0.0321086
0.000396552
0.163836
0.0139259
0.0101643
0.000247148
0.073709
0.0206545
0.0478394
0.0578815
0.215912
0.00118286
0.0321069
0.172273
0.00915926
0.189312
1.0479
0.0695823
0.00973228
0.044468
0.065781
0.0371385
0.172105
0.214402
0.0457568
0.0668372
0.0526244
0.164087
0.0365213
0.129021
0.117903
0.09122
0.0791603
0.0176246
0.0642881
0.117653
0.0648716
0.0374617
0.0516274
0.0221869
0.103766
0.0216615
0.113526
0.0252294
0.0614771
0.0602642
0.0482194
0.109502
0.0797814
0.143073
0.416574
1.16767
0.392295
0.079588
0.0271523
0.0568194
0.000338171
0.00965922
0.484226
0.0710875
0.078014
0.0517339
1.87122
0.104789
0.000415346
0.0372383
0.0554824
0.0896634
0.0471436
0.228807
0.0378716
0.0128292
0.0777169
0.0812985
0.0456047
0.111793
0.0646241
0.0284618
0.0224524
0.0044354
0.230624
0.130584
0.180718
0.259889
0.134639
0.159474
0.174097
0.0282591
0.00598586
0.100406
1.05252e-05
0.0740169
0.0330914
0.13398
0.230562
0.0214257
0.0522427
0.125943
0.107456
0.0624828
0.124495
0.179598
0.10861
0.0281805
0.917542
0.0238824
0.0613879
0.105623
0.097672
0.0609127
0.0831261
0.214181
0.154659
0.107589
0.0413472
0.0986434
0.0743659
0.0485971
0.0670624
0.176136
0.0367595
0.0164509
0.0244938
0.129021
0.0414438
0.0649361
0.0481099
0.115395
0.156214
0.0169871
0.963561
0.620489
0.115055
2.41462
0.101683
0.0911356
0.246917
0.0289607
0.772881
0.0472169
0.101127
0.0856583
0.07145
0.00632785
0.110407
0.0848845
0.0479984
0.165237
0.0738047
0.02775
0.0430902
0.0360909
0.00839067
0.0877937
1.39001
0.00357792
0.00181657
0.0812082
0.0226062
0.0737164
0.00462315
0.0270029
0.0822718
0.0126766
0.224903
0.0219672
0.112541
0.026972
0.33713
0.0703748
0.159504
0.394442
0.237323
0.00622334
0.137904
0.210493
0.102425
0.0217203
0.0407102
0.29408
0.00054118
0.114592
0.0837329
1.11026
0.0539327
0.0347002
0.0175009
7.86724e-07
0.0772358
0.00279828
0.022867
0.0889272
0.0749232
0.177087
0.109262
0.131383
1.09542
3.74141
0.0919317
0.0491032
0.0121539
0.0894721
0.0725776
0.0772053
0.0429667
0.121296
0.0398525
0.0808375
0.0122948
0.238449
0.00778921
0.0759219
0.0220554
0.00801449
0.00192535
0.030869
0.458187
0.165912
0.13451
0.17973
0.441819
0.113702
0.0109084
0.0261428
0.483937
0.101815
0.0851275
0.0507832
0.00140734
0.045021
0.112558
0.0132199
0.0483605
0.0314177
0.017198
0.250882
0.224534
4.96193
0.00474869
0.0913405
0.139811
0.0291405
0.0485807
0.000876281
0.0844917
0.0283113
0.268451
0.0290328
0.0831153
0.301408
0.0778402
0.206633
0.0335727
0.0823857
0.14692
1.37318
0.161312
0.0427738
0.0279953
0.0826647
0.0203826
0.0753275
0.032678
0.0719311
0.0900986
0.053824
0.053176
0.0190389
0.0014467
0.116475
0.23886
0.0502011
0.250603
0.0358213
0.0112684
0.092372
0.0343202
0.179535
0.00286699
0.0238541
0.149245
0.0202309
0.0471408
0.0186525
0.175367
0.086685
0.0642096
0.0734976
0.066784
0.0265477
0.0339543
0.0347967
0.0271244
0.12471
0.0705151
0.051454
0.948367
0.124944
0.0400587
0.034974
0.00891943
0.214138
0.0445078
0.0125216
0.00960657
0.200068
0.0121766
0.0330578
0.00309286
0.263803
0.178623
0.0596976
0.105793
0.0282777
1.59853
0.0760173
0.0858465
3.09298
0.000296832
0.0364204
0.0413385
0.0820238
0.172986
8.63085
0.0489717
0.0319522
0.0398102
0.0102118
0.183293
0.0436404
0.135101
0.0395666
0.0461794
0.0519368
0.165322
0.0649481
0.112426
0.0720284
0.034303
0.0855307
0.00302926
0.0989013
0.177119
0.205483
0.059268
0.0417437
0.0184086
0.0195883
0.244588
0.00143761
0.129413
0.060166
0.112194
0.0857554
0.0624787
0.0419516
0.0850587
1.74459
0.0401116
0.0515695
0.124522
1.30504
0.0687419
0.208071
0.0326892
0.0624212
0.0827823
0.0370092
0.0585454
0.259999
0.167991
0.0284097
0.0700046
4.90317
0.158975
0.103634
0.068337
0.0490286
0.0149894
0.0281207
0.00838183
0.435724
0.0278507
0.0489253
0.0557923
0.0540575
0.0210342
0.0912793
0.177196
0.0110436
0.00423496
0.168229
0.0484635
0.192488
2.35388
0.132918
0.00906904
0.0482548
0.000429218
0.0777292
0.0426856
0.101771
1.2502
0.0518402
0.0331017
0.0423984
0.101717
0.0370513
0.111059
0.249748
0.952559
0.0785187
0.231868
0.0898507
0.112276
0.121646
0.0201585
0.0428058
0.267084
0.0294733
0.0144464
0.204149
0.0401627
0.0162681
0.0221402
0.0273296
0.0357128
0.270174
0.032297
0.00714959
0.201876
0.0169953
0.0742961
0.188544
0.118388
0.00270221
0.321396
0.00745008
0.18699
0.0320106
0.064516
0.081837
0.0325453
0.102169
0.080787
0.0309837
0.0669382
0.072786
0.0315276
0.0156817
0.0306144
0.206899
0.00414448
0.0114799
0.275671
0.0103244
0.0958727
0.0408167
0.0121495
0.212636
0.0811986
0.100937
0.0990141
0.328141
0.0905032
0.043169
0.0215927
0.0383497
0.0816939
0.0222247
0.0698047
0.0303628
0.020904
0.126341
0.061228
0.0300362
0.0488546
0.0165181
0.159077
0.0317092
0.15039
0.795722
0.245286
0.05038
0.0566879
1.60006
0.0339488
0.0371075
0.0517597
0.0450351
0.0155413
0.0557806
0.231468
0.183988
0.167271
0.0516501
0.0715544
0.0863732
0.00833671
0.00596307
0.0191739
0.0922344
0.276722
0.0772269
2.46215
0.0760263
0.0281451
0.020359
0.0151864
0.141381
0.142421
0.141869
0.0380196
0.0735766
0.0827664
0.00425317
0.271548
0.013414
0.13975
0.443303
1.97016
0.101887
0.0198193
0.0226182
0.163029
0.00836809
0.126325
0.00584396
0.20996
0.149208
0.119045
0.183838
0.163679
0.195496
0.084651
0.0232446
0.0011099
0.0413536
0.202284
0.193905
0.653277
0.0782027
0.0218663
0.104868
0.0253464
0.0642599
0.0527782
0.215684
0.00274123
0.00331153
6.14098
0.198083
0.0832152
0.0575393
0.147648
0.212344
0.0168463
2.16515
0.0364328
0.0789709
0.00627005
0.137306
0.00657795
0.031381
0.218436
0.0603191
0.0232925
0.00522654
0.011212
0.18075
0.0294127
0.0885721
0.0399463
0.0445376
0.191119
0.271213
0.0540332
0.27025
0.136691
0.0224979
0.0313381
0.0195868
0.0732516
0.108348
0.120064
0.0228711
0.185334
0.192017
0.0278063
0.171618
0.159081
0.132108
0.0776361
0.219429
0.00198748
0.0500404
0.00170067
0.0962646
0.170596
0.116112
0.07246
0.0443957
0.0249937
0.152512
0.117844
0.0183734
0.0216764
0.119429
0.262018
0.000558986
0.0254018
0.00756906
0.0461527
0.03455
0.153951
0.183576
0.0667509
0.0211701
3.09273
0.117278
2.77942
0.0227154
0.000748485
0.150578
0.0262228
0.0441013
0.141314
3.58927
0.0599732
0.0672506
0.10011
0.0347529
0.0569625
0.0839164
3.12382
0.269314
0.0974141
0.0363701
2.77508
0.0552787
0.00821927
0.026915
0.203045
0.0260506
0.0908696
0.0408837
0.011563
0.00439796
0.0872147
0.107142
0.0360019
0.10112
0.0674402
0.113579
0.220754
0.0033848
0.0698501
0.115626
0.151917
0.041552
0.0231202
0.251313
0.0814101
0.605574
2.6267
0.00245989
0.115922
0.161557
0.159218
0.0977273
0.0257344
0.00172646
0.0176501
0.0915084
0.242647
0.104282
0.0136164
0.0359377
0.0310304
0.06724
0.128041
0.0455891
0.0649844
0.126429
0.370774
0.0189613
0.137315
0.0688822
0.0119784
0.258057
0.132659
0.00848317
0.00277094
0.00512755
0.0598286
0.0772297
0.0923814
0.0475242
0.0102878
0.335949
1.36376
1.97157
0.0141235
0.0825055
0.0661027
0.105714
0.0668762
0.00796356
0.125566
0.159298
0.626315
0.141587
0.122716
3.1982
0.0129665
0.0360128
0.203342
0.0890672
0.0109522
3.17659
0.0863668
0.0281753
0.00321835
0.0753873
0.100885
0.0132147
0.0259988
0.0925487
0.0720701
1.17221
0.0855708
0.148238
0.0937712
1.65331
0.00511052
0.00635188
0.0110832
0.106529
0.0950552
0.0698433
0.188319
0.212765
0.182724
0.108645
0.101034
0.0607949
0.301777
1.85506
0.0477016
0.0644854
0.0291865
0.283406
0.0455446
0.0830391
0.00184054
1.4023
0.138299
0.201759
0.0203725
0.149604
0.005444
0.212147
0.0263038
0.0357913
0.00606181
0.0577264
0.0138778
1.22195
0.0161297
0.0586406
0.0242131
0.102461
0.0213071
0.112401
0.0417563
0.0752658
0.0155446
0.223766
0.0737825
0.189691
0.0753138
0.363538
0.117193
0.0292312
1.42545
1.33025
0.0497675
0.0277707
0.256576
0.0346872
0.112418
0.00493311
0.0840182
0.167534
0.0544668
0.0210129
2.7027
0.00445435
0.0902075
1.21899
0.0980784
0.0371591
0.149411
0.242998
0.0503709
0.0221196
0.0679862
0.0516929
0.00403234
0.0424896
0.246976
0.00676067
0.0270946
0.0884863
0.0170661
0.0665997
0.115945
0.00657866
0.0740109
0.0361854
0.0411386
0.0415945
0.0143956
0.159993
0.047908
0.115357
0.0255615
0.196869
0.0455397
0.0623435
0.0877877
3.66329
0.100701
0.01561
0.18971
0.1292
0.0543476
0.177208
0.0821553
0.114891
0.0799229
0.12663
0.0559584
0.312394
0.155328
0.0860719
0.0340161
0.00328498
0.118057
0.127207
0.084216
0.00110646
0.0963836
0.0851812
0.0741897
0.0975781
0.108661
0.0675275
0.0226746
0.0809716
0.0497709
0.19255
0.00347681
0.0274708
0.0478656
0.198034
0.01854
0.0118759
0.0100454
0.0895887
0.0480983
0.258609
0.032979
0.107831
0.0211981
0.370803
0.00714118
0.185733
0.157537
0.254391
0.110607
0.166467
0.465736
0.104054
0.0396726
0.0686506
0.0152385
0.111611
0.156219
0.0785824
0.0227621
0.0316595
0.00326914
0.249693
1.23822
0.023562
0.0206219
0.0467319
0.0450576
0.000467877
0.0564732
0.0159018
0.104269
0.164752
0.0691776
0.0073396
0.0551421
0.0680668
0.0381326
0.0289635
0.229274
0.0832908
0.0545394
0.257907
0.123722
0.00926634
0.0263348
0.0971048
0.150613
0.0323992
2.42602
0.160262
0.000309091
0.0476628
0.0353705
0.0643616
0.0395378
0.0102689
0.123101
0.0146522
0.0416976
0.115106
1.22884
0.00241916
0.0372336
0.219872
0.172251
0.136257
0.0331928
0.0280349
0.0234556
0.0257274
0.25459
0.165962
0.0525753
0.0434052
0.0363555
0.446082
0.0563918
0.104496
2.5447
0.075325
0.020337
0.0917811
0.0469735
0.046576
0.0751628
0.0316343
0.380635
0.023147
0.155639
0.139986
1.90576
0.0366834
0.0726131
0.159629
0.0226026
0.0317088
0.119333
0.134765
0.00810432
0.169776
0.0235401
0.130263
0.0403836
0.0647787
0.058222
0.039648
0.0847831
0.223391
0.0281008
0.0196493
0.00184185
0.00229906
1.2494
0.277158
0.094858
0.216703
1.32701
0.00986128
0.103286
0.00658648
0.153047
0.323671
0.0448807
0.0243931
0.134531
0.132257
0.0664609
0.01636
0.111756
0.0338308
0.00562375
0.0158151
0.0622628
0.0351959
0.0466227
0.0273101
0.0167973
0.214636
0.496075
1.27671
0.0139833
0.0242714
1.38929
0.0114046
0.0636737
0.00476355
0.0751318
0.0325806
0.181336
0.218131
0.146732
0.0104752
0.0575237
0.0167425
0.0279032
0.183875
0.0661118
0.0113411
2.57466
0.122848
0.296606
0.0152619
0.00401819
0.0787097
0.12846
0.0176926
0.0977211
0.281318
0.041926
0.0644874
0.160408
0.203164
0.0672204
0.113127
0.0131262
0.609014
0.0578758
0.0122623
0.031797
0.0569291
0.0296675
0.290734
0.25368
0.225557
0.0131364
0.226485
0.0968345
0.169068
0.00236889
0.109599
0.233055
0.22073
0.0560754
0.0641918
0.0360327
0.164233
0.0296493
0.14683
0.159827
0.0428276
0.0360526
0.00632946
0.0871284
0.0389954
0.025672
0.0547956
0.0969446
0.0106507
0.0684273
0.12469
0.0217378
0.238237
0.0175083
0.445105
0.0886977
0.0789098
0.0707262
0.0248658
0.0175479
0.10013
0.112439
0.116134
0.0831998
0.0812055
0.0822924
1.02977
0.0259647
0.047503
0.014152
0.0926795
0.0531826
0.0949503
0.0229465
0.200417
0.00565612
0.047844
0.0720532
0.0147921
0.276194
0.0149539
0.0165211
0.00575732
0.00518283
0.038769
0.129667
0.135309
0.0565508
0.0708266
0.0923993
0.137085
0.00611511
0.0754679
0.1338
0.0064699
0.0459569
0.620685
0.917089
0.00940385
0.0143282
1.18611
0.0936643
0.217737
0.0807057
0.0252855
0.0707184
0.00553617
0.0844661
0.0307438
0.0229246
0.0118526
0.159985
0.0272545
0.00322814
0.129049
0.000111319
0.0343842
0.0365442
0.15796
0.0893728
0.074958
0.0365973
0.172275
0.134738
0.0399887
0.107665
0.0495989
0.0284443
0.0429049
0.00605271
0.0141239
0.110744
0.0249283
1.11994
0.0117285
0.018389
0.0169186
0.358981
0.0190048
0.0527061
0.170641
0.0296594
0.213343
0.0445956
0.0547982
0.151884
0.109245
0.111127
0.0521541
0.00781259
0.28763
0.0207255
0.0945414
0.077868
0.277454
0.340014
0.199299
0.0417362
0.0984597
0.0867045
0.0282284
0.173076
0.149913
0.0198452
0.138531
0.0449339
0.0392385
0.0854233
0.0796956
0.02777
0.155517
0.130428
0.152136
0.0135263
0.0414527
0.0129264
0.164785
0.0412063
0.0906045
0.0697732
0.0630347
0.0213234
0.000427095
0.0171151
0.032545
0.112981
7.43976
0.0037026
0.0761181
0.156315
0.0452249
0.108517
0.00963334
0.0207285
0.127321
0.0261219
0.0657986
0.00113004
0.056956
0.0210484
0.0422556
0.047293
0.0740671
1.45103
0.174567
0.0846049
0.0483657
0.28063
1.63089
0.0117273
0.14983
6.37419
0.016512
4.48902
0.070084
0.1174
0.0137223
1.20343
0.0851589
0.00412513
0.170497
0.0410448
0.0962658
0.192325
0.289514
0.00149014
0.189883
0.0812448
0.078357
0.0995116
0.0660479
0.121721
0.153231
1.70423
0.00557022
0.00864704
0.246059
0.0131882
0.0267317
0.0206024
0.0197791
0.0177101
0.298942
0.107615
0.0025652
0.00364668
0.134542
0.0535252
9.80824e-06
0.0107543
0.0769435
0.173933
0.0295547
0.0982907
0.0807532
0.153787
0.00445424
1.0625
0.0168483
0.11936
0.00984196
0.0260135
1.25176
0.0148105
0.0177427
0.151076
0.0129111
0.0120223
0.0686923
0.0494387
0.330477
3.614
0.105854
0.116602
0.0992484
0.0888306
0.0878361
0.0232784
0.0149763
0.149615
0.00121343
0.0399285
0.209676
0.16869
0.00170862
0.0566128
0.031682
0.00818378
0.153438
0.0234572
0.288353
0.923594
0.010725
0.0442081
0.0327359
0.00755425
0.071317
0.18334
0.142826
0.07732
0.0206102
0.0147206
0.00409027
0.00146912
0.128709
0.0925142
0.0413106
0.0125063
0.0432728
0.0114761
0.00817511
0.0133684
0.315388
0.000811767
0.00907142
0.0497731
0.147247
0.0106563
0.0422581
0.0193452
0.131456
1.40334
0.261141
0.0782754
0.0201721
0.098771
1.69361
0.520807
0.092792
0.143364
0.489161
0.064235
0.114525
0.00228513
0.0179064
0.323906
0.0283212
0.000535374
0.0151416
0.160865
0.0849079
0.860814
0.0408949
1.94906
0.14837
0.131408
0.11854
0.0990247
0.121176
0.149923
0.141519
0.037173
0.010171
0.104668
0.0429814
0.0257409
0.299769
0.0872496
0.0973963
0.0062727
0.0779308
0.0649304
0.0838871
0.0316969
0.179734
0.12232
0.136328
2.38537
0.152947
0.114245
0.00452998
0.0406958
3.32347
0.0572672
0.0194747
0.107016
0.044275
0.0567369
0.0509133
0.0632356
0.0178389
0.0313158
0.0774146
0.189513
0.0984626
0.145096
0.144511
0.0561814
0.0528749
0.093321
0.023808
0.0696532
0.000473121
0.0655107
0.0774483
0.156246
0.0542695
0.0641909
0.142592
0.108155
0.406132
0.261482
0.116045
0.0981506
0.00291148
0.0259792
0.024301
0.0175576
0.0434196
0.156953
0.0274607
0.000236858
0.00685142
0.0560108
0.116762
0.169956
0.0803959
0.00665026
0.0449045
0.0310448
0.1011
0.0126499
0.0214578
0.0250056
0.123126
0.0301606
0.0412359
0.13976
0.238972
0.0141668
0.00672071
0.0305629
0.0124834
0.000382943
0.210798
0.0643401
1.84305
0.185563
0.041025
0.0889685
0.0970299
0.0212453
0.0413108
0.175432
0.661121
0.0321086
0.13904
0.159326
0.938705
0.392365
0.0264556
0.227206
0.0822645
0.0481057
0.196787
0.136972
0.0833565
0.0133892
0.0975902
0.246517
0.0306592
0.19768
0.101435
0.0376064
0.0612471
0.0154252
0.0139236
0.152561
0.0784453
0.00973567
0.0719264
0.0851085
0.0114259
0.072234
0.101754
0.0566872
0.0915159
0.0324682
0.280434
0.0723871
0.0350386
0.0414066
0.175798
0.103149
0.12613
0.0541522
0.188456
0.0595329
0.0205124
0.0565147
0.0732162
0.112681
0.00167514
0.105794
0.00562572
2.85807
0.0378106
0.0335343
0.0949791
0.0936381
0.195048
0.0813794
0.087693
0.118519
0.0141815
0.0131849
0.0549191
0.000829119
0.0915715
3.32587
0.314406
0.0238361
0.0966444
0.0926329
0.324052
0.0232756
0.19454
0.317977
0.118512
0.0445238
0.122813
0.0243331
0.0319364
0.12947
0.022977
0.00112505
0.078215
0.0951575
0.172548
0.119789
0.139545
0.336088
0.0168272
0.00304815
0.959773
0.126979
0.0689871
0.193125
0.197524
0.00507048
0.371809
0.254833
0.000410194
0.982491
0.0221912
2.00124
0.0977858
0.00315135
0.00572522
0.119831
0.0304317
0.271986
0.0164379
0.00722946
0.829675
0.0200474
0.00573474
0.0577585
0.000973177
0.0535536
0.0752083
0.000427731
0.0949476
0.0987562
0.0105914
0.0642186
0.0940647
3.62793
0.0141955
0.181057
0.540935
0.0465567
0.0423007
0.163037
0.0310051
0.13683
0.0705682
0.23693
0.0133052
0.157462
0.055428
0.343806
0.0242628
0.0992126
0.237631
0.108078
0.00241055
0.025692
2.05843
0.0121455
0.348336
0.0984363
0.02182
0.164588
0.384665
0.0239525
0.153319
0.101379
0.262286
0.0608342
0.0297924
0.00502654
0.113254
2.489
0.0466011
0.112241
0.0429504
0.0010287
0.021551
0.00221142
0.0569997
0.107799
0.201245
0.0169176
0.558664
0.0468747
0.0163422
0.0149825
0.028996
0.119495
0.0778819
0.030813
0.0505082
0.0303809
0.155552
0.00926251
0.00922989
0.0829387
0.0637664
0.25825
0.0779508
0.00145661
0.0814901
0.11213
0.0390422
0.113522
0.0149207
0.000136159
0.174949
0.0218499
0.121351
0.143124
4.88656
0.165946
0.125161
0.0331768
0.0724758
0.0948272
0.0229082
0.110845
0.0632288
0.0524453
0.000437327
0.0345368
0.120363
0.170532
0.13965
0.125697
0.395489
0.886011
0.116738
0.0233318
0.0642086
0.00836731
0.0957128
0.0192416
0.0540225
0.0768221
0.241028
0.0303109
0.0494968
0.199323
0.172766
0.000674796
0.0106554
0.0365739
0.034347
0.00963423
0.018875
1.19578
0.301805
0.0660299
0.339732
0.0500407
0.144738
0.0188874
0.122466
0.0343952
0.0263734
0.132013
0.0387529
0.0325756
0.0341127
0.125794
0.861864
0.107624
0.0997442
0.032982
1.43078
0.0121377
0.00233867
0.0752413
0.188973
0.0156856
0.00314986
0.227339
0.114506
0.0247058
0.0273573
0.0283833
0.107907
2.45198
0.00565495
0.00255272
0.123714
0.192113
0.121467
0.00136471
0.376081
0.0471582
0.0763087
0.0040009
0.00255513
0.00573778
0.0167313
0.0978664
3.5776
0.0972846
1.52754
0.0219402
0.0530767
0.0161235
0.031938
0.0241729
0.126125
2.91977
0.0253735
0.278449
0.146961
0.00692908
0.00458439
0.102522
0.0184723
0.0305396
0.0609391
0.0181084
0.0660626
0.275544
0.0446687
0.0170627
0.0297952
0.0214006
0.18015
0.063506
0.108399
0.153812
0.061692
0.0777862
0.0365364
0.300706
0.01221
0.0737813
0.212038
0.109335
0.0800868
1.47245
0.178643
0.0101127
0.0733597
0.0036217
0.0024908
0.0145772
0.0365821
0.0531974
0.010584
0.0775193
0.164009
0.152114
0.121822
0.00443511
3.98412
0.0152168
0.00898916
0.325482
0.0838606
0.0419716
0.115411
0.0748388
0.205847
0.0085255
0.0860222
0.140141
0.0653441
0.272217
0.0139468
0.216862
0.0394716
0.0944172
0.290996
0.00537875
0.0814111
0.0024272
0.118334
0.250705
0.0582801
0.102448
0.13427
0.00802104
0.128558
0.0446233
0.00592604
0.00300386
0.315832
0.129913
0.144057
0.00310268
0.27453
0.0496156
0.00859508
3.70856
0.0962176
3.12142
0.0673229
0.0806452
0.098406
0.00724073
0.0515011
0.121544
0.0712151
0.0206317
0.0605426
0.0440156
1.09688
0.0197642
0.267049
0.112221
0.00286361
0.0449516
0.00113106
0.00635422
0.0359737
0.0213116
0.132447
0.116939
0.0318574
0.0259091
0.173734
0.27969
0.094525
0.171463
0.0114076
0.0247186
0.0513998
0.0915759
0.00651541
0.0821119
0.0667411
0.0444752
0.00568329
0.00830087
0.132985
0.0240771
0.00535758
0.253145
0.0231097
0.562888
0.155999
0.250708
0.104326
0.0371888
0.00491569
0.0465066
0.107846
0.0302273
0.191027
0.0383029
0.0251621
2.93996
0.0516413
0.00135453
0.0135596
0.103969
0.00546873
0.0645693
0.00551944
0.200974
0.0851964
0.0250281
0.0922059
0.0328957
0.0637344
0.147735
0.228696
0.0300888
0.0188036
0.121603
0.0169406
0.00542647
0.157583
0.215718
0.0175538
0.0365598
0.229176
0.136944
0.453782
0.0603721
0.0474417
0.0430449
0.0513428
0.0506059
0.0649358
1.45851
0.0749203
0.0276456
0.0354302
0.0529449
0.0971217
1.72688
0.0421835
0.10595
0.041492
0.0986422
0.108006
0.0230813
0.100029
0.0119013
0.166581
0.0868587
0.10822
0.0132847
0.00823841
0.0353626
0.0984929
0.0637017
0.180861
0.0310819
0.0384317
0.0437333
0.0212897
0.106594
0.037725
0.000155293
0.0306389
0.244467
0.10199
0.0685146
0.078626
0.069016
0.0659579
0.175794
0.00613992
0.00109691
0.0395293
0.0382471
9.01491e-05
0.137524
0.0991754
0.038919
0.0527873
0.00903804
0.0694496
0.0225092
0.105444
0.0260031
2.10322e-05
0.0595515
0.0293467
0.132204
0.298923
0.204584
2.17113
0.0477323
0.00812073
0.184561
2.10867
0.417707
0.0175734
0.124303
0.0850086
0.0319508
0.0407522
0.454321
1.40903
0.0211989
0.068609
0.0804449
0.0885956
0.163018
1.84001
0.262204
0.0257685
0.09195
0.216104
0.019397
0.128908
0.171973
0.131853
0.00765885
0.132598
0.0338671
0.00472262
0.0521073
0.0916041
0.00734783
0.0208955
0.0630473
0.00610321
0.115012
0.0769757
0.25524
0.0744757
0.109159
0.0322388
0.0132385
0.0449301
0.0305763
0.21958
0.0693774
1.66817
0.00655446
0.0234881
0.274456
0.0653534
0.190715
0.0168198
0.142111
0.0652602
0.0326729
0.04665
0.156509
0.140547
0.197493
0.0268579
0.0297118
0.0689907
0.107209
0.0318609
0.00531531
0.0921508
0.0141176
0.261192
0.00950597
0.0437383
0.0128887
0.203552
0.0436059
0.00785782
0.0399943
0.00502455
0.045236
0.10653
0.0944823
0.0626097
0.00669504
0.537108
0.0650194
0.174541
0.127218
0.113054
0.073167
0.0533902
0.0104758
0.026983
0.0582401
0.126767
0.00790463
0.00526554
0.0117413
0.116518
0.159243
0.0370233
0.0337748
0.506565
0.0204491
0.902838
0.0594034
0.0779016
0.0152668
0.16192
0.427449
0.0502711
0.041095
0.0212851
0.171745
0.104365
0.0579039
3.02617
0.144178
0.0342448
0.0899725
0.00246239
0.0100643
0.0696545
1.26303
0.29827
0.0335451
0.0715306
0.0802424
0.103473
0.0332905
0.164074
0.0142631
0.0245759
0.116434
0.140646
0.173248
0.002107
0.000596521
0.0446874
0.136964
0.0199838
0.148889
0.0382087
0.158316
0.103756
0.122151
0.00709158
0.028386
0.0045458
0.079169
0.0259673
0.0130971
0.0131225
0.212251
0.0659805
0.000475845
0.0516843
0.0589112
0.0488443
0.169781
0.203207
0.138657
0.0248884
1.88764
0.0603886
0.0300248
0.128666
0.317093
0.247096
0.114221
0.345372
0.0936452
0.0630651
0.0201653
0.00229905
0.0561718
0.0517438
0.167743
0.055377
0.0339588
0.0557671
0.0275917
0.0586212
0.117151
0.0679507
0.109003
0.117764
0.00622323
0.0695609
0.0038245
0.120024
0.200948
0.0352776
0.0480157
0.383495
3.15793
0.134919
0.111434
0.166812
0.127274
0.00185986
2.31529
0.00877174
0.0324369
0.160099
0.0160168
0.0658384
0.0884383
0.00217361
0.0616781
0.0728461
0.0929985
0.100693
0.0101711
0.156431
0.0605647
0.0169327
0.0521069
0.14026
0.064134
0.00512462
0.0232212
0.0365089
0.206589
0.0303138
0.186577
0.140117
0.0143434
0.0552235
0.110154
0.183035
0.0296334
0.0103628
0.0685821
0.114427
0.102752
0.917525
0.117292
0.0205424
0.193428
0.0234311
0.0489759
0.267416
0.042777
0.0116625
0.0201566
0.211904
0.0315885
0.00592742
0.107704
0.0511723
0.213946
0.21656
1.93633
1.38687
0.157772
0.0217726
0.0067698
0.026148
0.0659164
0.0228872
0.0185088
0.0856636
0.0740079
0.087446
0.0858217
0.127793
0.0504157
0.12405
0.00271574
0.189076
0.0749168
0.187322
0.0509503
0.0514229
0.0996743
0.281524
0.130102
0.051193
0.14581
0.106664
0.0185892
0.0430283
0.154484
0.0453069
0.0693831
0.173713
0.0737344
0.162162
0.0177013
0.276215
0.376217
0.0199808
0.0616389
0.038381
0.00864612
0.0116207
0.0235593
0.0602588
0.075672
0.0244519
0.0793887
0.0307409
0.0356344
0.0655002
1.93415
2.23144
0.03282
0.377681
0.111823
0.079369
0.121326
0.0451206
0.0187438
0.106313
0.105954
0.195165
0.0949197
0.133196
0.146401
0.305581
0.0335032
0.161814
0.018062
0.0188932
1.33478
0.0397865
0.0550833
0.0675371
0.0109485
0.215788
0.36411
0.0268812
0.272434
0.00824671
0.00808926
0.0529268
2.09208
0.0342925
0.108909
0.0738207
0.0770885
0.0627735
0.104301
0.0862263
0.341723
0.0326647
0.0448771
0.0326484
0.275773
0.02324
0.0551389
0.0676607
0.018783
0.209234
0.0421462
0.182291
0.0145795
0.0942978
0.0206945
0.0125101
0.312699
0.0544534
0.144478
0.0393048
0.041597
0.0158499
0.000945458
0.120771
0.28806
0.0675779
0.0268013
0.0309236
0.0653348
0.0427844
0.106557
0.00101956
0.0481137
0.0831466
0.243771
0.0325468
0.014719
0.0186071
0.020776
0.0590122
0.109187
0.0276368
0.140287
0.0547814
0.135858
0.0671137
0.0566771
0.0328585
0.0723465
0.103511
0.110001
0.0615113
0.022793
0.0797272
0.138498
0.110837
0.0904673
0.147925
0.173744
0.199845
0.0755044
0.0494677
0.162084
0.0196429
0.0303676
0.233823
0.00838114
0.17648
0.050618
0.0917316
0.106319
0.0118891
0.0118417
0.0246196
1.27626
0.120929
0.0517955
0.0095146
0.0505031
2.1926
0.0985452
0.0654888
0.0377569
0.0200727
0.0606792
0.0126424
0.0169201
0.0108859
0.152275
5.0956
0.0172442
0.0165644
0.0634636
0.18792
1.80893
0.0632039
2.02472
0.077533
0.0387159
2.14317
0.0212751
0.128741
0.00201833
0.00459559
0.312806
0.15293
0.149738
0.11208
0.079027
0.0188852
0.00984025
0.027658
0.0325206
0.00624904
0.210025
0.211222
0.0794921
0.155733
0.0351448
0.145344
0.108165
0.0176324
0.0509442
0.108767
0.0785351
0.0783203
0.325323
0.253001
0.211687
0.289069
0.00104092
0.171789
0.0238231
0.0354108
0.0210352
0.0550118
0.097651
0.293498
0.106628
0.129139
0.0859093
0.0683499
0.0301254
0.0452327
0.00964836
0.414821
0.0594562
0.116124
0.0335524
0.0907249
0.0116139
0.281258
0.0108177
0.0503728
0.20367
0.0058842
0.0074072
0.0676826
0.137662
3.15586
0.0242197
0.00958302
0.101024
0.0298481
0.10461
0.0645031
0.381652
0.00355293
0.228154
0.105078
0.0326709
0.0397973
0.0287974
0.0618564
0.0461872
0.14958
0.168411
0.124757
0.0199376
0.185075
0.125635
0.00361291
0.156141
0.0320812
0.0396482
0.0124478
0.0537251
0.0381892
0.0811987
0.0101211
0.00991046
0.0619904
0.0293396
0.252959
0.101869
0.138692
0.0158469
0.0759978
0.294055
0.0249503
0.0939704
0.023461
0.0252157
0.204369
0.112647
0.0886543
0.0304073
0.0409806
0.0250722
0.105597
0.0529172
0.046089
0.175467
0.00276507
2.3329
0.132007
0.0475278
0.0106687
0.23635
0.112682
0.0553839
1.80882
0.121984
0.0425352
0.0318598
0.0193595
0.411338
0.096991
0.331474
0.155088
0.272737
0.0441473
0.0497408
0.0753799
0.0468371
0.144871
0.049711
0.000438284
0.0228196
0.133538
0.0112761
0.587644
0.0475136
0.0205265
2.92983e-05
0.305868
0.0402812
0.0783941
0.0602191
0.0230675
0.113768
0.12644
0.0855841
0.00735682
0.219204
0.00772045
0.0185115
0.0924824
0.061969
0.044241
0.00680952
0.00412522
0.105544
0.0461
0.0155148
0.0393401
0.0158961
0.0181406
0.323901
0.194227
0.0201557
0.102992
0.0308231
0.00102772
0.148027
0.041499
0.00403835
0.0126334
0.0772707
0.176999
0.00437705
0.0508851
0.0104365
1.75592
0.08523
0.15034
0.0926925
0.0563942
0.133151
0.0793053
0.115929
0.0364058
0.0717722
0.0788687
0.0808576
0.0131055
0.115482
0.0356218
2.54514
0.00617701
0.0217566
0.0317825
0.00172537
0.00741397
1.69224
0.0076651
0.0614764
0.141227
0.118141
0.0306531
0.0135955
0.190568
0.14788
0.0144194
0.0149389
0.0173074
0.19307
0.28179
0.0269079
0.0313425
0.00105696
0.134295
0.0979821
0.166411
0.0932612
0.0345605
0.0145531
0.00988336
1.86033
0.0372487
0.0540893
0.956407
0.117292
0.093709
0.0212578
0.0908129
0.0386906
0.0261071
0.0388257
0.167622
1.77121
0.176749
0.0568436
0.121924
0.00105878
2.06896
0.245827
0.0353301
0.0403638
0.0568727
0.238009
2.99155
0.304233
0.108186
0.0275033
0.0330019
0.000501085
1.32586
0.0459313
0.109027
0.269387
0.0665525
0.0188907
0.447687
0.0597574
0.00717092
0.0868916
0.239824
0.235523
0.00786762
1.16564
0.0811453
0.0162708
2.10234
0.0084449
0.0743582
0.00598197
0.024129
0.0228917
3.29427
0.190808
0.0686508
0.0248757
0.157876
0.0132873
0.188878
0.00762949
0.0967002
0.109515
0.116473
0.0339258
0.0877979
0.0430718
0.20059
0.0838937
0.164414
0.00635345
0.0998643
0.0220491
0.0889056
0.00598676
0.0282105
0.0368759
0.0261587
0.245083
0.138861
0.199465
0.154144
0.00559575
0.270725
0.0285732
0.0547466
2.02526
0.109705
0.16134
0.0876008
0.0669271
0.0195117
0.00584659
0.231611
0.0796204
0.0926142
0.0559993
0.164226
0.0804029
0.0377614
0.0237183
0.0832601
0.0499128
0.0114278
0.145854
0.0644076
0.14605
0.0119197
0.200416
0.0170818
1.37644
0.00222773
0.0964633
0.0420833
2.32964
0.00458315
0.0147748
0.00428326
1.13257
0.206231
1.80196
0.075845
0.00244078
0.0294356
0.276138
0.13044
0.412912
0.00796763
0.0276781
0.144726
0.0299486
0.0443993
1.45415
0.132631
0.0337238
0.0603196
0.0208106
0.0450734
0.11089
0.163693
0.122141
0.151386
0.0196969
0.0252687
1.09856
0.072098
0.232163
0.150436
0.0943573
0.206302
0.0108056
0.253548
0.138611
0.409709
0.0699657
2.10173
0.0499582
0.155119
0.11442
0.123749
0.0130932
0.0991261
0.00621565
4.05895
0.0654975
0.0747683
0.0399594
0.00709248
0.195289
0.0724939
0.0725142
0.0543671
0.0113529
0.0179089
0.100511
0.0111673
0.0632989
0.0616918
0.0950056
0.0196023
0.355327
0.0573204
0.0110125
0.0629325
0.00953631
1.67528
2.59157
0.0457471
1.15528
0.0579815
0.00404921
0.168672
0.0224326
0.0379452
0.0685544
0.103078
0.0144852
0.0414024
0.0192105
9.99676e-06
0.038026
0.180328
0.0233798
0.0279124
0.012367
0.164199
0.0262181
0.0257695
0.114398
0.176633
0.130812
0.205873
0.0623134
0.0264435
0.0212917
0.0377465
0.0318302
0.0540826
0.0607303
0.0294645
0.159661
0.112477
0.0371398
0.0336186
0.0148068
0.00755719
0.00953405
0.00680429
0.011659
0.0183434
0.0165665
0.0230256
0.217321
0.385119
1.96772
0.189283
0.0177087
0.00736607
0.0431972
0.0187089
0.0184033
0.201773
0.0555543
0.0380513
0.0139955
0.0218948
0.114192
0.0339939
0.00843782
0.182515
0.0447635
0.0386666
0.0997883
0.092461
0.104129
0.0619363
0.0305615
0.0237369
0.0364638
0.0706958
0.0281866
0.0260965
0.00647898
0.174089
0.114589
0.0599791
0.0209743
0.096796
0.0569759
0.118047
0.261941
0.371553
0.0856591
0.090037
1.33239
0.0114334
0.0392813
0.157092
0.0574528
3.07653
0.00795448
0.00394831
0.198441
0.0278207
0.104755
2.85565
0.157773
1.04423
0.130563
0.0491752
0.0832886
0.0299984
0.0832048
0.0531593
0.14307
0.117194
0.103167
0.111047
0.00421045
1.8863
0.00562548
0.0131573
2.20783
0.063617
0.0095656
0.181098
0.000170013
0.0025461
0.0318002
5.77825
0.0314723
0.0384576
2.15304
0.120269
0.0677667
1.34561
0.0265406
0.0703355
0.203827
0.00737286
0.0338016
0.141327
0.0250304
0.0205651
0.149683
0.236184
0.0738384
0.0371238
0.0423839
0.0419126
0.0278107
0.440485
0.0539211
0.0293594
0.215057
0.0879822
0.0971862
0.0723612
0.0168069
0.084809
0.0570059
0.296197
0.113302
0.0319355
1.77919
0.0323267
0.0446586
0.146587
0.23967
0.0552312
0.0228615
0.230097
0.0821983
0.0192205
0.184861
0.0373801
0.138221
0.247914
0.062361
0.0451862
0.0385257
0.207404
0.025294
0.0452494
0.126621
0.066127
0.0932449
0.0922042
0.0152777
0.0109728
0.0363596
0.0301922
0.0824284
0.0175868
0.0104727
0.362929
0.10063
0.0541718
0.00497165
0.0507217
0.132927
3.57341e-05
0.0460393
0.0299913
0.00962853
0.197043
0.0122716
0.10846
0.0207445
0.113883
0.000114455
0.0275205
0.0734477
0.0249348
0.139694
0.0962061
0.0149092
0.0406147
0.0181682
0.0966144
4.04948
0.0737532
0.022507
0.0180742
0.0484922
0.124345
0.0480096
0.0437408
0.129453
0.000657204
0.00334766
0.0550705
0.0406359
0.0050064
0.0799282
0.0544244
0.173753
0.062494
0.0218903
1.00943
0.15446
1.48871
0.047992
0.101073
0.0683329
0.00567462
0.0698157
1.69187
0.048259
0.15887
0.0709937
0.0789678
0.0481663
0.0134499
0.0407529
0.106242
0.394518
0.023419
0.0432522
0.073884
0.0626776
0.261741
1.73316
0.0437658
0.00771538
0.0454466
0.228059
0.15585
0.0732764
0.0154571
0.0696487
0.0122263
0.105577
0.037634
0.0391697
0.0078791
0.00817993
0.0833222
0.162425
0.112645
0.0831826
0.00961159
0.020728
0.0100079
0.460984
0.0537376
0.117631
0.00278112
0.00756819
0.251111
0.126973
0.255217
0.00646147
0.127053
0.00383699
0.0811864
0.0305997
0.215167
0.116379
0.119541
0.404402
2.1528
0.0651476
0.215546
1.21802
0.0655331
0.0197929
0.0400651
0.00599848
0.00638834
0.0239385
0.0654598
0.0366044
0.0416591
0.354085
0.0562287
4.18462
0.0060504
0.0278028
0.105547
0.153912
0.0572804
0.000439576
0.0860421
0.00986556
0.0512188
0.0952868
0.0816191
0.0760715
0.0490681
0.0319428
0.0674776
0.0130576
0.137815
0.0118944
0.101882
0.0121412
0.0336815
0.172656
0.0031066
0.0174342
0.0666599
1.42065
0.0952658
0.0727073
0.0132334
0.00397726
0.144799
0.0185804
0.139438
0.237872
0.122958
0.219057
0.003241
0.0357864
0.02389
0.0271908
0.0283307
0.0771357
0.0726285
0.0107583
0.0104789
0.084067
0.219193
0.145625
0.00516006
0.00152407
0.102412
0.308215
0.311026
0.0217186
0.0135615
0.0120074
2.67162
0.0789627
1.80848
0.40734
0.0486207
0.0162319
0.116811
0.0349955
2.19954
0.0116298
0.0392055
0.114821
0.0413379
0.0346562
0.000378393
0.0646776
0.16866
0.0112439
0.185139
0.180126
0.0319717
0.21161
0.205447
0.142242
0.00895945
0.267069
0.192177
0.0912778
0.0249402
0.0886658
1.34759
0.0549516
0.0662177
0.0735788
0.123265
0.0490772
0.110517
0.00276772
0.103251
0.0921227
0.135154
0.00815135
0.081063
0.372925
0.0468458
0.00629587
0.111411
0.0501987
0.254403
0.293045
0.222342
0.0287678
0.154784
0.0734597
2.4173
0.221341
0.0607544
0.0637921
1.38019
0.0189305
0.0456506
0.00904454
0.198978
0.52784
0.00958619
0.187102
0.139476
0.0378433
0.0147008
0.126704
0.0154444
1.16055
0.00973919
0.187384
0.234728
0.0899578
0.321487
0.0148611
0.123064
1.51694
0.0873507
0.0145049
0.012002
0.0315411
0.0146044
0.0914054
0.120661
0.06755
0.0710808
0.0702344
0.124994
0.289233
0.0720851
0.0916402
0.265338
0.241767
0.0245106
0.00599912
0.0786824
0.095626
0.0212543
0.0285096
2.00255
2.36517
0.0759729
0.00566139
0.132781
0.0572057
2.54135
0.0165737
0.0287427
0.0618124
0.0925192
0.12055
0.0167106
0.0652576
0.0494524
0.100886
0.23533
0.120362
0.0385363
0.0723062
0.0321795
0.175381
0.0909789
0.0599654
0.010952
0.021733
0.00863382
0.0168061
0.0195881
0.0885872
0.0228287
0.0737043
0.148378
0.104022
0.0309174
0.0149658
0.0103569
0.0391717
0.0338914
0.0869716
0.010016
0.0143326
0.0905225
0.0696253
2.39942
0.0481741
0.132892
0.00296561
0.0122001
0.173329
0.00650916
0.150076
0.133858
2.92789
0.046455
0.0302093
0.0173158
0.0180055
0.0175436
0.0171644
0.0546308
0.0577125
0.0721366
1.53412
0.0598041
0.0973868
0.00107686
0.00699257
0.0464778
0.104526
0.0185093
0.0170541
0.0662883
1.8046
0.14836
0.243063
0.00940279
0.23134
0.0588709
0.115455
0.0179316
0.167354
0.18047
0.0134351
0.0411291
0.347849
0.0973629
1.68119
0.0917777
0.0998881
0.0674158
0.0217787
0.121565
0.00574007
0.608511
0.144853
0.291717
0.03447
0.0317832
0.0344425
0.134859
0.00523248
0.00407366
0.111365
0.000324756
0.0571684
0.0192815
0.0924939
0.00387205
0.0573274
0.0156972
0.0815194
0.0164935
0.0896906
0.0212132
0.0830485
0.0103619
0.0514063
0.0518068
0.0771226
0.0195101
0.000858311
0.0304872
0.174853
0.129074
0.0956819
0.319698
0.0368324
0.17797
0.020608
0.0151752
0.0152985
0.0279748
0.0806161
0.0245875
5.33633
0.16466
0.00599065
0.0493551
0.00270912
0.00545565
0.104083
0.215913
0.0223405
0.0346452
0.0152088
0.131022
0.233748
0.125069
0.0793089
1.19671
0.0407436
0.0310574
0.135328
0.0755371
1.0653
0.534765
0.0176166
0.186326
0.0310901
0.0546223
0.0303164
0.0744199
0.138827
0.0919164
0.0779678
2.81143
0.115487
0.131072
0.102572
1.23071
0.313954
0.019399
0.151802
0.138573
0.146742
0.0136269
0.0507453
0.0233352
0.033564
0.116364
0.0329625
0.0159581
0.101441
0.0979173
0.0155777
0.0446875
0.00773797
0.0821867
0.0774109
0.0464819
0.0605632
0.0236917
0.201469
0.0634939
0.0539159
0.0364139
0.187505
0.025135
0.842544
0.0835455
0.140038
0.0385294
0.555536
0.185745
0.197925
0.229128
1.23288
0.267492
0.0355913
0.0396784
0.46683
0.0998097
0.0524992
0.0283773
0.0377042
0.0205362
0.791803
0.0383359
0.157097
0.0775699
0.0517587
0.0997989
0.454024
0.0988834
0.0573733
0.0249775
0.0642206
0.0856672
0.149579
0.0503451
0.0335405
0.0537817
0.0609184
0.155208
0.0562875
0.078697
0.0624968
0.0917358
0.0464742
0.117172
0.0909261
0.075688
0.124197
0.0405407
0.0286873
0.00919681
0.0424288
0.0152767
0.0369198
0.0430795
0.0450046
0.158006
0.140622
0.130058
0.0144923
0.219277
0.0251988
0.243422
0.0118221
0.0416059
0.0389497
0.160096
0.0451138
0.0193644
0.0617766
0.0631183
0.0505489
0.00421511
0.0214034
0.0723645
0.0212296
0.0266816
0.050433
0.0574107
0.0287088
0.0509811
0.104021
0.105269
0.21542
0.0463747
0.0687308
0.0188262
0.17587
0.0241961
0.00350186
1.63489
0.169933
0.0544726
0.0478862
0.0057558
0.0783359
0.377134
0.0411856
0.114658
0.0311494
0.0597064
0.14105
0.0549725
0.048826
0.00723663
0.0641341
0.200677
0.0129422
0.0119745
0.0906142
0.0862177
0.146304
0.0996742
0.151368
0.0106034
0.146542
0.00736783
0.0442973
0.00144757
0.0157508
0.0583137
0.0403767
0.0781796
0.0781627
0.114225
0.142965
0.0307716
2.26346
0.28128
0.0174792
0.040759
0.198726
0.13939
0.0270267
0.0426745
1.93189
0.173417
0.27049
0.014903
0.0182835
0.00146038
0.0564707
0.0435361
0.119226
0.0699482
0.227939
0.00684292
0.081777
0.0391147
0.0539793
0.0161482
0.0397357
0.00698335
0.0849042
0.328869
0.0368471
0.00383164
0.0457312
0.031943
0.219195
0.109537
0.0643996
0.0114172
0.0186892
0.134606
0.012535
0.0624535
0.059796
0.0856419
0.00202193
0.0121381
0.0294716
0.0308794
0.0281466
0.0749753
0.134783
0.00887507
0.0627049
0.0149672
0.0692404
0.0190953
0.121396
0.106839
0.00724463
0.0813187
0.0193826
1.68731
0.0150648
0.191071
0.033021
0.00375809
0.069778
0.0601479
0.0541219
0.0179455
0.0717957
0.005536
0.026808
0.106498
0.00813422
0.0817035
0.0360401
0.022125
0.0170311
0.0168338
0.0105315
0.37157
0.220698
0.0154672
0.00173087
0.0451659
0.0776616
0.0217194
0.00274816
0.270921
0.0171883
0.0340901
0.029263
0.0247717
0.221018
0.0411034
0.180455
2.72545
0.363123
0.0882022
0.00839853
0.0817679
0.0439603
0.0619297
0.17351
0.36771
5.32174
0.185636
0.0642917
0.0175627
0.126151
0.0440392
0.179805
0.0312774
0.107863
0.0126974
0.00619789
0.0927799
0.0502001
0.192926
0.118037
0.170675
0.0871276
0.0718743
0.0951075
0.0389864
0.00891743
0.0915871
0.118432
0.046439
0.00937286
0.0415122
0.00945738
0.255405
0.146615
0.146579
0.0113889
0.0127096
0.162081
0.0254051
0.0248855
0.0199648
0.00806365
0.0595317
0.0117339
0.0479945
0.00704404
0.151571
0.0159335
0.0183527
0.314978
0.472048
0.000367573
0.0545299
0.0248156
0.0533103
0.173461
0.0335494
0.0939118
0.0293519
0.0710846
0.0087661
0.0605001
0.0238529
0.188135
0.0407353
0.0470066
0.026829
0.00380979
0.0070543
0.0037337
0.0466059
0.0619789
0.0223751
0.0606585
0.0277404
0.059507
0.155173
0.134711
0.273486
0.135995
0.243615
0.204312
0.15387
0.288948
0.0744489
0.243714
0.0818974
0.838047
0.0134499
0.23602
0.0185782
0.119588
0.0207895
0.0314955
0.097161
0.0652959
0.00236891
0.0842024
0.0893176
0.0810847
0.0867053
0.134919
0.408239
0.0188189
0.079136
0.0498868
0.0609511
0.181501
0.0268793
0.0934429
0.0531088
0.0841338
0.0268568
0.0468774
0.100028
0.00490464
0.0894973
0.129897
0.0557681
0.00197943
0.239647
0.0555119
0.0312105
0.231337
0.378065
0.0330894
0.0377366
0.0409871
0.0289063
0.0981051
0.160411
0.0760268
0.36639
0.134043
0.0199249
0.0466694
0.023724
0.0536592
0.173986
0.122377
0.454671
0.216051
0.0185625
0.13917
0.026707
0.0437512
0.0991853
0.0490302
0.0953958
0.157096
0.00431174
0.0162191
0.235539
0.0073251
1.11453
0.0130612
0.178769
0.229887
0.0697309
0.0381817
0.205149
0.0402694
0.0014784
0.0647385
0.0441266
0.0123768
0.0499435
0.0102927
0.210949
2.22888
0.0732453
0.0878857
0.0713626
0.0714579
0.171568
0.0697581
0.663364
0.183077
0.00640508
0.0348234
0.0174109
0.271469
0.169204
0.0550474
0.00620255
0.0737977
0.0586325
0.0921371
0.0218407
0.197433
0.0291357
0.0817559
1.46596
0.257447
0.0514844
0.0711484
0.149819
0.0642249
0.00354697
0.350046
0.0284111
0.0251756
0.090939
0.0493145
0.251197
0.0531541
0.000805581
0.161026
0.151177
1.16341
0.209697
0.0005033
0.00313334
0.0770424
0.0542928
2.22176
0.00451544
0.0328781
0.070952
0.0814264
0.0661878
0.770787
0.020188
0.0712646
0.0195819
0.0280495
0.060636
0.0737947
0.0267648
0.123124
0.11217
0.0426068
1.50025
0.273309
0.0259044
0.0658198
0.259153
0.216342
0.0139793
0.0867745
0.054561
0.175743
0.00348253
0.230441
0.00894873
0.0346405
0.00037099
0.0438935
0.0923578
0.0395184
0.0387377
0.0742069
0.0582013
0.205327
0.0174107
0.081295
0.00937062
0.197506
0.038689
0.0195791
0.0545671
0.129799
0.0203037
0.0425553
0.0152911
0.1091
0.118538
0.0424843
0.077785
0.260612
1.21651
0.0191867
0.00576072
0.0363702
0.0356026
0.0155947
0.0334924
0.0509771
1.45301
0.0043706
0.00115435
0.14452
0.0278313
0.0183507
0.0460364
0.0205216
0.166935
0.164743
0.104811
0.0672111
0.0960512
0.224204
0.129958
0.0125833
0.00092324
0.0957862
0.0664511
0.0545781
0.0974385
0.0718503
0.0504159
0.014122
0.0935
0.229351
0.446904
0.0908023
0.110815
0.172869
0.0595957
0.0563321
1.15686
0.281935
0.0805323
0.0106395
0.0772537
0.26099
0.0388699
0.180122
0.0075156
0.10881
0.111579
0.085073
0.0969314
0.0313931
0.0942368
0.0219643
0.012952
0.101995
0.0457487
1.25484
0.120396
0.025712
2.90487
0.0528363
0.143645
0.0200419
0.325541
0.0468336
0.0694607
0.0521514
0.09511
0.0170979
0.0171367
1.8443
0.134685
0.0531464
0.152501
0.1641
0.0285027
0.109809
0.151493
0.00482069
0.0850726
0.0170259
0.0893792
0.116844
1.15126
0.319259
0.135701
0.191438
0.141747
0.0907611
0.109866
0.256193
0.130184
0.332165
0.0676569
0.0080859
0.00124828
0.167468
0.264338
0.145574
0.121448
0.0385854
0.0564013
0.084963
0.0422767
0.0228393
0.0361252
0.11116
0.00180963
0.279347
0.0630094
1.7769
0.191232
0.06218
0.0295667
0.0425863
0.140909
0.0111212
0.000811066
0.0236438
0.473786
0.0183371
0.00667597
0.00141445
0.140429
0.0358444
0.00361311
0.228757
0.153536
0.0955899
0.0347257
0.213836
0.203622
0.107433
0.188639
0.0285059
0.111298
0.188339
0.0762162
0.0232673
0.0996414
0.107549
0.0838317
0.0991524
0.178978
0.00651272
0.0634739
0.260419
0.135436
0.157202
0.0293391
0.00208657
0.0313505
0.078003
0.137744
0.0176915
0.0128798
0.0288573
0.0106763
0.0202523
0.120492
0.118365
0.124543
0.0770454
0.0339149
0.161844
0.0258673
0.0324751
0.125585
0.00755457
0.06972
0.0762897
0.162125
0.227853
0.0306626
0.0655977
0.0731946
0.0366106
0.00999557
0.209006
0.1744
0.0173384
0.0100635
0.0400751
0.130893
0.0376466
0.0228209
0.0779881
0.00234181
0.201162
0.0650581
0.000338511
0.137348
0.0150102
0.0648506
0.157101
0.217701
0.227251
0.0281791
0.0898517
0.187517
0.00537962
0.105526
0.0559117
0.10238
0.0929958
0.0472268
0.232229
0.0545362
0.071836
0.292428
1.86499
0.193482
0.00289232
0.00682922
0.0558994
0.0255786
0.105807
0.0289462
0.00982146
0.11904
0.0389651
0.0638888
0.167941
0.281585
0.0473476
0.167879
0.0712215
0.112397
0.0146281
0.0897077
0.0240571
1.17024
0.133525
0.0566481
0.319938
0.060856
0.0600177
2.57218
0.1109
0.00392659
0.107257
0.0412311
0.233656
0.077442
0.00963748
0.176399
0.0435543
0.0142816
0.0430063
0.0223305
0.289638
0.206672
0.00723162
0.0785869
0.00487286
0.119033
0.000109464
0.016391
0.0478126
0.0458194
1.48029
0.126298
0.0819707
0.138291
0.0746595
0.18858
0.166679
0.188697
0.00769713
0.030231
0.0241135
0.0669672
0.163966
0.0745275
0.0351894
1.98076
0.0793514
0.0344065
0.0117017
0.00751434
0.137562
0.0616573
0.0445155
0.0532739
0.106019
0.136021
0.0481103
0.0109275
0.032296
0.217062
0.00315931
0.017185
0.00216048
0.102215
0.134729
0.000672195
0.0700192
0.187893
0.0361565
0.069953
0.19746
0.0241493
1.25204
0.0173532
0.0253242
0.128046
0.0697088
0.271341
0.0482405
0.0949928
0.0168089
0.09437
0.194595
0.00348831
0.357404
0.0346987
0.0280856
0.153862
0.0680331
0.12364
0.0523646
0.155401
0.123237
0.120095
0.0248531
0.112122
0.0414594
0.0126268
0.109245
2.21627
0.10213
1.58945
0.0513968
0.0338224
0.238569
0.00181119
0.273163
0.0787767
0.304068
0.174633
0.0686342
0.0552846
0.197833
0.029357
0.0457862
0.021076
0.0995075
0.137689
0.16815
0.053781
0.0294003
0.0379023
0.218023
0.210895
0.0208178
0.025781
0.0347332
0.0490635
0.0535935
0.1329
0.00625458
0.0347943
0.00813675
0.207616
0.00294544
0.0541633
0.0325872
0.0491366
0.0111186
0.0104806
0.145299
0.0515138
0.0255884
0.0277366
0.0086769
0.0504358
0.202144
0.00866646
0.0142506
0.0876076
0.0671099
0.00718167
0.103571
0.207826
0.053128
0.140314
0.0568184
0.0134522
0.0773551
0.0701501
0.00184865
0.00244066
0.177139
0.0328608
0.264696
0.138331
0.114515
0.110075
0.0687522
0.0241707
0.183703
0.076095
0.104069
0.0230199
0.151037
0.00837844
0.242167
0.16038
0.0658549
0.0161568
0.0493078
2.09237
0.0149634
0.0649784
0.102611
0.193815
0.153258
0.118388
0.0438239
0.0239286
0.0192991
0.434759
0.0342042
0.0659908
0.244293
0.157282
5.05536
0.0369183
0.0142306
0.0429753
0.0413569
0.00754031
0.0651505
0.0428364
0.1163
0.367989
0.130684
1.40122
0.0185761
0.0790432
0.0536525
0.0217302
0.0109331
0.12098
0.00966432
0.0113578
0.0219229
0.0132809
0.071221
0.0926269
0.0284016
0.0229339
0.342978
0.00946725
0.108051
0.0411125
0.00585394
