2.6628
2.7927
2.71294
2.97533
2.9386
2.84757
2.97268
2.92691
2.8061
2.76753
2.70882
2.92875
2.79995
2.92342
2.78826
2.85597
2.659
2.80484
2.62838
2.8429
3.21085
2.9259
2.76543
2.74283
2.99549
2.96615
2.95121
3.05027
2.80269
2.97524
2.73606
2.67831
2.97366
2.92347
2.73576
2.90674
2.75036
2.80258
3.00607
3.15599
2.76027
2.81601
2.68643
2.95349
2.92244
2.69081
2.63825
3.09015
2.74934
2.89584
3.11246
2.73859
2.87773
2.76588
2.74771
2.76971
2.79459
2.8855
2.83459
2.92641
2.95026
2.74285
2.90338
2.90595
2.77014
2.58471
2.70615
2.83461
2.75918
2.82752
2.81651
2.93315
2.87604
2.72581
2.9342
2.83181
2.60677
2.86387
2.93856
3.05384
2.79074
2.61513
2.71105
2.74784
2.58267
2.87935
2.70485
2.77016
2.74823
2.82238
2.93575
2.97609
2.88325
2.81621
2.91998
2.71104
2.85244
2.98057
2.76091
2.86317
2.68319
2.87163
3.09679
2.84325
2.63671
3.10059
2.79528
2.95203
2.98945
2.97124
2.95674
2.90451
2.54279
2.82335
2.90899
2.77445
2.90434
2.92117
2.6739
2.91723
2.89328
2.87617
2.78883
3.02795
2.84265
3.07666
2.69654
2.88295
2.85769
2.51976
2.70408
2.91734
2.83371
2.80006
2.6929
2.91631
2.85986
2.78012
2.97216
3.0032
2.87035
2.95149
3.12022
2.87788
2.74246
2.6708
3.03688
2.83168
2.797
2.88645
2.68996
2.90959
2.7801
2.76386
2.6105
2.70234
2.69685
2.70971
2.91633
2.95822
2.81718
2.94531
3.52779
2.73036
2.88089
2.63506
3.023
3.01542
2.91868
2.72129
2.9403
2.63263
2.7308
3.01655
2.80671
2.82451
3.06269
2.95529
2.69775
3.05722
2.95803
2.98517
2.94561
2.8698
3.12544
2.86379
2.69928
2.67878
2.96453
2.8295
2.77166
2.71527
3.0557
2.88875
2.91657
2.92304
3.05239
2.99476
2.68437
2.76149
2.90649
2.64739
2.7491
2.8574
2.85438
2.97179
2.74285
3.14602
2.73412
2.94129
2.68084
2.92811
2.79299
2.74754
2.66791
3.08825
2.97796
2.91767
2.70447
2.71487
3.16671
3.10098
2.62147
2.88154
2.78291
3.00996
3.0311
2.69054
2.71431
3.06577
2.94542
2.81228
2.93439
3.22005
3.13557
2.88094
2.7667
2.86209
2.92113
3.28604
3.14178
2.95837
2.8109
2.9141
2.66967
2.60669
2.99345
2.73178
2.78472
2.95176
2.77556
2.86608
2.96314
3.05639
2.62223
2.81224
2.96451
2.82334
2.71702
2.77473
2.87513
2.72893
2.86702
2.65009
3.03872
2.81018
3.23094
2.97469
2.77946
3.10148
2.70993
2.79868
2.88308
2.79148
2.67941
3.0862
2.83879
2.88355
2.86706
3.08017
2.95309
2.52095
2.64113
2.86158
2.89143
2.7914
2.82588
2.87346
3.07198
2.75042
2.58297
2.83009
2.76659
2.95185
2.93136
3.0793
3.07396
2.76528
2.80301
2.79212
3.05531
3.0353
2.84747
2.73791
2.99587
3.06459
2.93098
3.19144
2.70283
2.91024
3.03768
2.73342
2.67811
3.0475
2.94326
2.94437
2.81853
2.81388
2.69194
2.90125
2.71934
2.78478
2.54493
2.7609
2.7129
3.11262
3.00902
2.81939
3.05637
3.06193
2.96449
2.91274
2.83062
2.54361
2.82092
2.75238
2.89734
3.11894
2.80747
2.61532
3.00797
2.77257
2.68576
2.7588
2.67195
2.75934
2.87685
2.9289
2.86742
2.88965
2.90303
2.71797
2.93775
2.90697
2.74562
3.14151
2.79718
2.72298
2.86247
3.01965
2.77378
2.81138
2.78728
2.95698
2.86209
3.0904
2.73893
2.8059
2.92512
2.79889
2.82565
3.14015
2.72803
2.82697
2.9075
2.9473
2.99804
2.70327
2.85734
2.70667
3.02662
3.08046
3.20558
3.22493
2.94644
2.73053
2.78634
2.67478
2.7664
3.0424
2.86883
2.55281
2.73206
2.71275
2.8888
2.85135
3.01807
2.79103
2.87764
2.73437
2.91584
2.84395
2.83468
3.00181
2.73698
2.7631
2.96412
2.73714
2.86948
2.74895
2.99358
2.76888
2.8451
2.60367
2.77149
2.79997
2.74882
2.87602
2.62783
2.74624
2.66402
2.75851
2.99004
3.07312
3.04735
3.10086
2.98834
2.86431
2.90717
2.93812
2.95935
3.02264
2.85159
2.94307
2.78894
2.92168
2.95159
2.88394
2.78177
3.0192
2.84404
2.82039
2.82846
2.84572
2.95147
3.12976
2.75334
2.9843
3.07122
2.69909
3.3243
2.8847
2.74773
2.66789
3.11837
2.75179
2.75984
2.86692
3.12709
2.84576
3.08145
2.89117
2.80452
3.05571
2.70438
2.80401
2.92003
3.05369
2.76101
3.08182
2.66899
2.90847
2.70761
3.03629
3.03021
2.89109
2.91771
2.91138
2.68636
2.8241
2.94157
3.00768
2.88714
2.75702
3.13497
2.88281
2.73371
2.79659
2.79831
2.83294
2.81923
2.76927
2.86375
2.65696
2.993
2.94528
3.12413
2.92938
2.8931
2.94025
2.90153
2.88197
2.76787
2.84097
2.97623
2.88013
2.89553
2.91179
2.79174
2.81203
2.91864
2.67683
3.02819
2.94304
2.90277
2.9097
2.96366
2.8791
2.63274
3.01239
2.81642
2.70808
2.64807
2.85076
2.66916
3.37474
2.70343
2.71715
2.79014
2.84107
3.12031
3.06256
2.87383
2.8398
2.91061
2.90773
2.77848
3.32422
2.86226
2.73184
2.91638
2.92181
2.77659
2.86415
2.93396
3.07538
2.88859
2.8268
2.9987
2.86257
2.77609
2.94477
2.85064
3.08861
3.11886
2.85948
2.95185
3.04576
2.64567
2.96105
2.96463
2.98084
2.85442
3.07166
2.696
3.10796
3.02256
2.87872
2.87364
2.83705
2.85565
2.73361
2.74042
2.72355
3.05017
2.88528
2.88594
2.90807
2.89774
2.77884
3.01751
2.69284
3.0638
2.69816
2.62245
2.79449
2.96678
2.65238
2.75729
2.93816
2.93638
3.0943
2.99485
2.85998
2.95705
3.08085
2.85412
2.99962
2.82759
2.78778
2.72036
2.65187
2.59286
2.84087
2.91663
2.80787
2.92508
2.40386
2.88071
2.6779
3.28568
2.73199
2.86906
2.8361
2.73492
2.93165
2.82302
2.86341
2.60012
2.72806
2.85239
2.99024
2.73493
2.74131
2.84625
2.49465
2.85972
2.8359
2.94449
2.92045
2.67679
2.69453
3.05421
2.84359
2.76749
3.01135
2.75029
3.00762
2.89894
2.87729
2.64562
2.85092
2.95771
2.89015
2.66164
2.72225
2.75968
2.8693
2.75571
2.93005
2.75774
2.96955
2.94726
2.59077
3.15094
2.8684
2.869
2.70454
2.9358
3.1281
2.86533
2.90928
2.86277
3.12451
2.94872
3.04632
2.74044
2.97336
2.94348
2.91617
2.88288
3.00364
2.86988
2.78654
2.72434
3.11084
2.86658
2.88566
2.8162
2.70328
2.84374
2.95489
2.65408
2.85095
3.0023
2.71343
2.80962
2.6267
2.93725
2.97749
2.85776
2.72679
2.99322
2.8135
2.9805
2.95227
3.02492
3.0815
2.83295
2.79282
2.98083
2.82652
2.6832
2.84935
2.67496
2.82039
2.72414
2.86923
2.72046
2.9404
3.03395
2.71204
2.69698
2.87992
2.97553
2.97966
2.79342
2.99566
3.01884
3.09004
2.91543
2.90392
2.7741
2.73311
2.9878
3.09062
2.76029
2.79786
2.80129
2.59477
2.80759
3.14235
3.05718
3.01098
3.01663
2.95385
3.10186
2.99215
3.06967
2.71186
3.07199
2.80766
2.96272
2.78184
2.9171
3.07122
2.88664
2.79598
3.10022
2.71684
3.02811
3.15236
2.66833
2.65837
3.04152
2.80719
2.83871
2.71521
2.9285
3.11654
2.92948
2.92161
3.08353
3.06247
2.74566
2.81108
2.74362
2.85778
2.80333
2.79493
2.81878
2.89459
2.69286
2.67573
2.88945
2.73228
2.91016
2.78809
2.76436
2.95744
2.76463
3.0143
2.94027
2.82538
2.74597
2.72144
3.26449
2.82056
2.66168
2.8925
2.86743
2.65198
3.01883
2.86221
3.1732
2.82114
2.84856
3.01287
2.79192
2.6504
2.81915
2.94457
3.06179
3.12053
3.00545
2.87925
2.96299
2.91478
2.95017
2.9964
2.81653
2.88837
3.23512
2.72752
2.78324
3.16051
2.74717
2.88721
3.33544
2.74241
3.13923
2.94374
2.72024
2.87865
2.75939
2.80083
2.86461
2.89158
2.89883
2.92054
2.77809
3.04781
2.73844
2.86933
2.92201
2.91074
3.11385
2.9457
3.08929
2.85218
3.03425
2.8191
2.81928
2.97779
2.92414
3.05449
2.658
2.58996
2.84471
3.11654
2.77687
2.62459
2.83603
3.16718
2.89143
2.76937
3.18783
2.89613
3.09922
2.8098
2.91179
2.60079
2.74792
3.06894
2.91724
3.10428
2.95351
2.57912
2.49575
2.71778
2.94058
2.9125
3.01243
2.80465
3.09837
2.81797
2.97018
2.81092
3.09757
2.73833
2.74743
2.66933
2.88016
2.88893
2.70583
2.94499
2.87615
2.99776
2.84528
2.85596
2.68419
2.64575
3.00773
2.7621
3.06705
2.65187
2.69091
3.02868
3.07812
2.84693
2.61561
3.19881
2.67789
2.64786
3.11994
2.84757
3.03667
3.05302
2.91298
2.82718
3.28344
2.84987
2.68769
2.86615
3.46671
2.70837
2.75908
2.97021
2.61327
2.6949
2.70291
3.07494
2.76515
3.20436
2.97944
2.85602
2.91723
2.87398
2.68016
2.9268
2.8332
2.93214
2.6311
2.70665
2.78052
2.97693
2.81776
2.77063
2.79584
2.94277
3.01499
2.63174
2.81742
3.14241
2.95414
2.85193
2.82931
2.63609
2.5766
2.81113
2.73032
2.86995
3.03854
2.72145
2.91303
2.75617
2.59186
2.84283
2.976
2.70839
2.7408
2.74071
2.92349
2.79762
2.68752
2.89853
2.86859
2.68008
2.7932
2.97855
2.79466
2.95803
2.77839
2.88664
2.69969
3.06968
2.66795
2.85542
2.90354
2.818
2.94483
2.93795
2.8408
2.9863
2.76176
2.73572
3.24222
2.77195
2.75786
3.00726
2.74641
2.79627
3.07922
2.65984
2.85792
2.80472
2.77072
2.89751
2.66711
2.82725
2.834
2.8663
2.84847
2.97852
2.8079
2.85595
2.66761
3.00284
2.87704
2.70291
2.76184
2.83358
2.91996
2.76346
2.93848
3.13142
2.83797
3.02451
2.90355
2.99292
2.91442
2.81702
2.75371
3.00206
3.1022
2.93039
2.9772
3.07909
2.79731
2.82892
2.80611
3.06103
2.89538
2.83424
2.8259
2.84112
2.82952
2.92912
3.12647
2.813
2.7571
2.65999
2.82786
2.93514
2.78799
2.97785
2.86052
2.99917
2.67418
2.85796
2.83908
2.85376
3.19226
3.1322
2.84811
3.03744
2.97158
2.73813
2.73117
2.76966
3.12959
2.81994
2.74808
2.65808
2.99468
2.6365
3.1879
3.13084
3.0955
2.7888
2.92902
2.7835
2.85914
2.77163
2.81442
3.04461
2.8895
2.83462
2.79264
2.82815
3.00668
3.03318
2.58249
2.78424
2.85871
3.10547
3.07668
3.13457
3.23041
2.93931
2.76686
2.9989
3.03379
2.84632
2.73257
2.96044
2.87678
3.15977
2.75516
2.97683
2.76599
3.00963
2.90881
3.11853
2.81331
2.79481
2.93256
2.88013
2.88899
2.89411
2.6042
2.78439
2.89433
2.69968
2.70728
2.92136
2.7088
2.96961
2.81419
2.65289
2.6061
2.99154
2.7561
2.85868
2.91209
3.12657
2.75735
2.82528
3.18022
2.77266
2.62196
2.88357
2.7171
2.78627
2.88173
3.02007
2.83646
2.90294
3.1389
3.15495
2.74195
2.84614
3.09632
2.98228
3.03289
2.74928
2.87279
2.96084
2.77216
2.70459
2.87607
2.77874
2.89544
2.83479
2.61024
2.87918
3.30954
2.98141
2.63
3.14663
2.67623
2.68865
2.84198
2.93357
3.13212
2.94538
2.88612
2.58648
2.87868
3.04057
2.8418
2.76999
3.00586
2.91902
2.7213
2.79768
2.83482
3.03587
2.92696
2.71932
2.829
2.89429
3.15543
2.97247
2.68072
3.03045
2.99066
2.78847
3.06912
2.71429
2.98276
2.6754
2.96752
2.73524
2.64237
2.87936
2.83146
2.81101
3.10725
3.07217
2.90149
2.72082
2.89804
2.95592
2.83784
3.18865
2.95219
2.91412
2.74206
2.7913
2.83858
2.95985
2.71287
2.80949
3.00883
2.71908
2.83004
2.97192
2.81732
3.11181
2.75234
2.71155
2.97232
2.8505
2.87904
2.94233
2.93799
2.69605
2.79621
2.83509
2.83563
2.72236
3.17078
2.8892
2.96965
2.72963
3.11406
2.64899
2.89013
2.75666
3.06231
2.88987
2.81583
2.95364
3.02521
2.95902
3.01191
3.00374
2.76705
2.78181
2.76649
2.77025
2.89971
2.9797
2.97206
2.95762
2.73002
2.95278
2.77854
2.80404
2.77054
2.57585
2.79488
2.84678
3.01511
2.66122
2.74722
2.99007
2.53202
2.63995
3.08487
2.85821
2.75062
2.73634
3.06053
2.69316
3.02248
2.96765
2.87566
2.74984
2.94085
2.7818
2.74681
3.08499
2.84952
2.81877
3.06443
2.80406
2.99345
3.14327
2.70106
3.01599
3.04567
2.78661
2.88738
2.92633
2.86327
2.77561
3.12979
2.94791
3.14189
2.88209
2.98715
3.04796
2.93234
2.80768
2.96047
2.75887
2.59475
2.88319
2.87593
2.72057
2.78252
2.90853
3.02689
2.66904
2.78201
3.27767
2.81145
2.96975
2.76051
3.09103
2.97117
2.76844
2.91282
2.72316
3.03733
2.82286
2.80359
2.88718
2.83145
2.84235
3.07885
2.70693
2.87433
2.68762
2.95151
2.78385
2.78576
2.68064
2.7984
2.81237
2.95424
2.90167
2.70618
2.92274
2.87595
2.97928
2.79786
2.98839
2.88788
2.62709
2.77414
2.60986
2.78386
2.88563
2.71279
2.85104
2.90351
3.15741
2.74461
2.76041
2.97066
2.83998
2.68146
2.94985
2.79146
2.76389
2.71276
2.73186
2.94547
2.61178
3.03252
3.06374
2.85301
2.88221
3.14945
3.0769
3.00658
3.02129
2.95624
2.92912
2.66857
2.6364
2.85241
2.72423
2.68578
2.81782
2.98604
2.81224
2.6874
2.659
2.70406
2.93767
2.74144
2.88649
2.8735
3.07395
2.91157
3.00495
2.74543
2.81992
2.80135
3.26244
2.96471
2.63815
3.12061
2.97221
2.85151
2.62421
3.07535
2.95523
2.92662
2.89894
2.70175
2.86127
2.88248
2.79
2.85731
2.76426
2.75129
3.03113
2.79548
2.99068
2.82945
3.03481
2.85963
3.20295
2.79095
2.86103
2.85792
2.90977
2.85491
3.00428
2.99616
3.00653
2.86431
2.76215
2.75355
2.74545
2.84775
2.95044
2.95085
2.95918
2.65304
3.17739
3.19572
2.72196
2.73434
2.76968
2.85786
2.6938
3.00005
3.01513
2.873
2.70044
2.95902
2.56228
2.88574
2.72607
3.02685
2.88499
3.02045
2.80531
2.7785
2.94298
3.10428
2.83495
2.81097
2.90342
2.73798
2.82395
2.86061
2.84459
2.7783
3.0303
3.08696
3.05821
2.8786
2.90289
2.68266
2.97809
2.95145
2.80305
2.77334
2.70906
2.76416
2.74451
2.87627
2.74507
2.79728
2.70586
2.83123
2.71631
3.24878
2.74062
2.81402
2.63825
2.95237
2.73971
2.63085
2.9481
2.94959
2.88847
2.96752
3.05988
2.96234
2.89354
2.89731
2.89425
2.76455
3.11662
2.79293
2.74467
3.01095
2.88276
2.8347
2.94864
3.02745
2.8246
2.89825
2.90137
3.07706
2.80044
2.7853
2.9945
3.23695
2.96386
2.95215
2.93128
2.73588
2.63193
2.9173
2.89526
2.65336
2.805
2.86974
2.87538
3.16935
2.8909
2.78734
2.81116
2.97888
3.02236
2.83806
2.62949
2.7557
2.79288
2.81687
2.69865
2.74937
2.83582
2.63073
2.85688
2.9863
3.04769
2.90139
2.88627
2.96054
2.83784
2.91214
3.23422
2.77332
3.04014
2.79588
2.75992
2.96205
2.9433
2.7735
2.68462
2.80715
2.83389
2.64264
3.05582
2.7555
2.99625
2.61748
2.57978
2.93964
2.82739
2.85081
3.0166
2.74233
2.89458
3.02415
3.20985
3.04125
2.86826
2.7491
2.98189
2.58356
2.91941
2.80969
2.92076
2.79113
2.8194
2.83152
2.89023
2.85682
3.13998
2.76016
2.69711
2.80682
2.8124
2.66754
2.99844
2.81987
2.93615
2.98232
2.8357
2.71596
2.74127
2.77813
2.91379
2.98743
2.75589
2.61195
2.75051
2.60623
3.05142
3.02027
2.63451
2.89973
2.94815
2.9522
2.69318
2.96798
2.75292
2.98082
2.78062
2.79026
2.86268
2.92227
2.7004
2.65154
2.93703
2.84886
2.8963
2.81601
2.94321
2.75567
2.75265
2.91002
3.011
2.80187
2.95709
3.13699
2.68157
2.98823
2.7754
2.76196
3.04829
2.78658
2.71037
2.94756
2.77664
2.71864
2.87797
3.023
2.98636
3.04178
2.88699
2.95733
3.06087
3.13739
2.87276
2.92
2.65104
2.85123
2.92636
2.91863
3.00382
2.88192
2.734
2.91713
2.77643
2.78277
2.97889
2.97956
2.82305
2.8078
2.77166
2.74227
2.88164
2.95158
2.86366
2.82964
3.25862
2.7291
2.94589
2.68746
2.80271
2.9127
2.73504
2.63673
2.88631
2.84036
2.88582
2.63493
2.973
2.85549
2.89508
2.54285
2.91819
2.85447
2.66747
2.70405
3.01137
2.8695
2.64173
2.90348
2.72076
3.02531
2.96127
2.82238
2.89303
3.0795
3.1097
2.87623
2.97092
2.93951
2.86028
2.95887
2.90506
2.77485
2.77681
2.86398
2.85574
2.79951
3.02644
2.84041
2.79955
2.82087
2.7406
2.83157
3.16502
2.82163
2.92874
2.67785
2.81256
2.67777
2.85934
2.73415
2.72688
3.08336
2.83238
2.87018
2.80718
2.75729
2.82219
2.88293
2.73006
3.03458
2.85913
2.69967
2.72213
2.78604
2.74627
2.81024
3.02445
2.83456
2.77826
2.835
2.88366
2.62067
2.83103
2.71704
3.12245
2.74511
2.85432
3.11495
2.72374
2.83268
2.74342
2.95942
3.095
2.76861
2.83793
2.89113
2.71526
2.95529
2.76166
3.06911
3.18906
2.85937
2.86043
2.74142
2.81488
2.7186
2.88822
2.77505
2.73065
2.75991
2.89033
2.9043
2.83408
3.16432
2.74645
2.65942
2.81955
2.79009
2.79663
2.7652
2.7102
2.8045
2.6178
2.90139
2.75018
2.87658
2.85683
2.70236
2.96183
2.98942
3.29199
2.6432
2.85486
2.72837
2.66606
2.83687
2.85751
2.83836
2.91253
2.79939
2.80387
3.02139
2.9722
2.78381
2.96332
2.79221
2.70278
2.96041
2.82641
2.98228
2.76715
2.94763
2.73646
2.88108
2.84194
2.92557
2.72954
2.74593
2.73156
2.78003
2.81819
2.74944
2.61693
2.73782
2.86164
2.89419
2.85172
2.67898
2.80541
2.82251
2.88509
2.85922
2.69469
2.59438
2.92609
2.85384
2.78553
2.80428
2.85456
2.76095
2.66741
3.16804
2.81394
2.66066
2.81744
2.9888
2.7862
2.84235
3.1263
2.78544
2.81538
2.86453
2.71352
3.1508
2.61063
2.97267
3.08937
2.76923
3.07251
2.82844
2.59374
2.89222
2.85843
2.76191
2.61697
2.88449
3.0232
2.8252
2.64783
2.91834
2.88223
2.74446
2.68042
2.80108
2.99974
2.99669
2.71602
2.807
2.94188
2.99154
2.77387
2.89187
2.97714
3.16709
2.75209
3.13912
2.79437
2.81552
3.09147
2.88457
2.77227
2.88651
2.9387
2.76964
3.00183
2.78378
2.99488
2.92183
2.93008
2.8586
2.83007
2.87517
2.87027
2.68978
2.72872
2.83372
2.95423
2.85449
2.84313
2.80507
2.79896
2.94648
3.13525
3.02218
3.13876
2.8051
2.9923
2.77612
2.87082
2.71835
2.76184
2.79853
2.95731
2.8621
2.94132
2.97375
2.78311
2.94412
2.78219
2.86308
2.74956
2.79169
2.81549
2.78904
2.88136
2.81163
2.81556
2.98825
2.66484
2.66698
2.71596
2.86778
2.85316
2.81655
2.84806
3.14281
2.73223
2.75799
2.806
2.58583
2.95506
2.84156
3.10648
2.72173
2.7187
2.80278
2.90268
2.76263
2.95128
3.08276
2.88111
2.74429
2.80696
2.89128
2.96165
2.86122
3.0401
2.78022
2.81834
2.96097
2.68838
2.81951
2.83668
2.65989
2.95248
2.83038
3.06928
3.44185
2.60242
2.97167
2.967
2.99905
3.34133
2.98418
2.80311
2.76709
2.756
2.95889
2.72043
2.74667
2.84204
2.8678
3.02002
2.814
2.66244
2.83721
2.69728
2.78563
3.04456
2.93124
3.00623
3.06878
2.9064
2.96084
2.85085
2.98074
2.9417
2.97794
2.66661
2.86988
2.63866
3.12885
2.71024
2.82037
2.83853
2.97508
2.77553
2.92605
2.89281
3.05215
2.87899
2.95893
2.82491
2.64814
2.98756
2.71544
2.97594
2.70301
2.78783
2.89786
3.20991
2.64258
2.62695
2.9576
2.75834
2.7764
2.73641
3.0059
2.6649
3.16341
2.73945
2.83375
2.91946
2.92043
2.83353
2.69427
2.85774
2.98704
2.85032
2.77729
3.10728
2.91134
3.04687
2.99863
2.84349
2.97147
2.79333
2.74425
2.68363
2.75077
2.93941
2.82826
2.89968
2.95471
2.67051
2.88973
2.75567
2.68341
2.81269
2.82704
2.94331
2.64632
2.63751
2.79822
2.79184
2.87198
2.87725
2.76489
2.83398
2.95108
2.774
2.87406
2.72597
2.7538
2.64563
2.88206
2.69099
3.05595
2.90538
2.79404
3.09267
2.73506
2.79882
3.20413
2.92341
3.04675
2.73462
2.90466
2.76377
2.71597
2.99199
2.8662
2.89855
2.75294
3.03635
2.9427
2.95452
3.12673
2.87369
2.80926
2.91159
2.77746
2.66837
2.77135
3.04223
2.89547
2.88168
3.16585
2.82161
2.8466
2.68084
2.97944
2.75566
2.7965
3.00264
2.80449
2.85702
2.73984
2.80577
2.6154
2.77198
2.6871
2.97226
2.8306
2.86164
2.80665
2.82404
2.75945
2.90045
3.14033
2.76831
2.92351
2.86164
3.11003
2.70789
2.66615
2.67874
3.05935
3.04473
3.03921
2.74155
2.7012
2.89729
2.82335
2.77591
2.82857
2.75979
2.94339
3.03865
3.06888
2.82716
2.94481
2.92859
2.96024
2.73923
2.943
2.82005
2.89762
2.90139
2.81639
2.91118
3.21381
2.63056
2.72848
2.9551
2.97475
2.72416
2.87638
3.03834
2.719
2.70635
3.14919
2.75357
2.68908
2.82255
2.73405
2.84249
2.8462
2.88011
2.71258
2.80623
2.77155
2.94009
3.03405
2.94782
2.68788
2.90368
2.91981
2.81207
2.90418
2.95097
3.01071
2.78944
3.09844
2.89294
2.8476
3.2308
2.75714
3.03364
2.80821
3.12561
2.77937
2.76765
2.81757
2.88447
2.6816
2.65758
2.85155
2.96768
3.07
2.97663
2.60864
2.69197
3.03997
2.94108
2.83815
2.92949
2.97194
2.91076
2.70738
2.68375
2.7655
3.02213
2.58068
2.7429
2.87935
2.69656
2.8526
2.82426
3.01998
2.93463
2.88259
2.79319
3.00332
2.80066
2.6797
2.79813
2.88327
2.94608
3.01281
2.8277
2.78963
2.90739
3.16823
2.96029
2.91731
2.88164
2.7995
2.67444
3.06851
2.85504
2.76476
2.58105
2.81407
2.78245
2.60982
2.92973
2.67033
2.78457
2.74917
2.72759
2.89449
2.81055
3.16466
2.92838
3.07315
2.89641
2.76461
3.004
2.99411
3.18504
3.22718
2.85104
3.13687
2.99214
3.00703
2.78333
3.09685
2.73913
2.84932
2.7592
2.78107
2.76771
2.89768
2.75484
2.87649
3.07125
2.85641
3.10314
2.87615
2.76906
2.77779
2.62378
3.08831
2.7596
2.86613
2.68406
2.92983
2.81637
2.97463
3.1177
2.64712
2.79175
3.00814
2.85605
2.87129
2.92366
3.01031
2.93613
2.85706
3.03565
2.69996
2.70889
2.72091
2.60696
2.77495
2.77266
2.65653
3.02501
2.69863
2.86408
3.03763
2.91984
2.97635
2.76626
2.94023
2.8647
2.8025
2.78307
2.80729
2.82877
3.20409
2.76027
2.90665
2.66109
2.75052
2.84846
2.88462
2.91701
3.14026
2.79283
2.92743
2.91627
3.01263
2.76701
2.69295
2.61644
2.83817
2.91811
2.9072
2.74021
2.78159
2.95304
3.03702
2.7842
3.0375
2.719
2.75192
2.77062
2.71298
2.90811
3.00267
2.85638
3.10182
2.90499
2.89668
2.92826
2.85181
2.83256
2.93607
2.77712
2.87473
2.82602
2.77024
2.82758
2.69384
2.91616
2.93981
2.9812
3.09594
3.175
3.07463
2.96773
3.07921
2.87498
2.97963
2.86545
2.75276
2.91623
2.74186
2.71142
2.99059
2.71389
2.69987
2.81979
3.29517
2.86974
2.8185
2.91216
3.13664
2.81903
2.97352
3.08515
2.79013
2.66912
2.93355
2.74219
3.02285
2.82745
2.99801
2.77681
2.58757
2.67853
2.86779
3.16697
2.7088
3.02742
2.83373
2.92692
2.74769
2.88101
2.94303
2.6953
2.81308
2.86072
2.79198
2.89958
2.9375
3.0072
2.79944
2.72394
3.13447
2.75312
2.7555
2.71107
2.90638
2.837
2.84936
2.72367
2.83766
2.76006
2.94422
2.82326
2.81466
2.93252
2.69348
2.84355
2.78864
2.87433
2.82166
2.9244
2.97234
2.82418
2.81659
2.84753
2.90409
2.80316
2.94396
2.88983
2.81698
2.68789
2.93617
2.5477
2.91537
3.03777
2.88566
2.91261
2.9988
2.95377
2.75383
2.73029
2.87016
2.82473
3.08399
2.83777
2.66298
2.74594
2.76318
2.68495
2.72121
2.92895
2.79895
2.69647
2.88553
2.92935
2.67261
2.61806
2.78611
2.89815
2.79524
2.84698
2.8462
2.87328
2.68984
2.66465
2.91644
2.94135
2.95447
2.64025
3.05214
3.09586
2.91569
3.09773
2.96152
3.07368
2.77466
2.87333
2.86912
2.93055
3.07503
2.68122
2.71441
2.71927
2.87729
2.84664
2.9336
3.15407
2.87432
2.90529
2.85957
2.83853
2.74999
2.76122
3.34841
2.89516
2.79504
2.81536
2.79795
2.90102
2.77223
2.83628
2.7836
2.83852
2.77543
2.81819
3.01854
2.82559
2.85736
3.04253
3.00683
2.87271
2.63448
2.83916
2.77841
2.89396
2.80386
2.64669
3.01734
2.96961
2.90706
2.98678
2.85361
2.79727
2.9185
3.30607
3.06825
2.83943
3.05687
3.18863
2.89614
2.92107
2.8558
2.7836
2.68274
2.86369
2.87528
2.80304
2.6723
2.90429
2.94281
2.90515
2.85948
2.69736
3.00019
2.92399
3.04066
2.7928
2.94214
3.02536
2.75632
2.82558
3.06566
3.03944
2.82335
3.15535
2.99635
2.85854
3.04902
2.91271
3.10676
2.77865
3.09223
2.81548
2.57616
2.71898
2.79476
2.79579
2.9486
2.64667
3.0799
2.93351
2.70823
2.85025
2.72203
2.69458
3.00854
2.72384
3.0542
3.09075
3.00409
2.65613
3.16885
2.94582
2.85352
2.73801
2.76012
2.99037
2.68922
2.97155
2.68797
3.18802
2.64905
2.84938
2.71156
2.77979
2.71643
2.96568
3.08093
2.95979
2.69191
2.70258
2.81282
2.74784
2.90584
3.00399
2.89668
2.80278
2.88305
2.694
2.67762
2.83772
3.01404
2.84427
2.70295
2.90432
2.95348
2.81897
2.82856
3.02308
2.7878
2.96387
2.78296
2.83837
2.80688
3.04379
2.6425
2.87098
2.84103
2.67531
2.67651
2.75463
2.68504
2.88413
2.67509
3.04041
2.70502
3.12823
2.72278
3.1544
2.56852
3.1514
2.88738
3.30869
2.56911
2.59969
2.8704
2.88522
2.83235
2.78683
2.80648
3.06427
2.67887
2.96243
2.94725
2.77203
2.79332
2.93676
3.00809
2.72981
2.76075
2.64725
2.9169
2.8647
2.827
2.86988
2.79438
2.95342
2.80171
2.84097
2.81719
2.75171
2.55728
3.07576
2.95855
2.98321
3.03807
3.16407
2.85405
3.08102
2.64178
3.03574
2.72726
3.20869
2.77904
2.8091
2.87364
2.924
2.87733
2.87207
2.7108
2.7775
2.9265
2.96877
2.92754
3.022
2.79686
2.90833
2.87542
3.05979
2.73778
2.96633
3.03237
2.87567
2.70076
2.88351
3.11317
2.84055
2.72851
2.66813
2.93016
2.5976
2.89185
2.92631
2.82075
3.20672
2.86764
2.86787
2.91443
2.5401
3.17659
2.98467
2.62863
3.05767
2.98846
2.85711
2.89382
2.78361
2.86283
3.10482
2.9144
2.75375
3.11759
2.61717
2.76747
2.69239
2.77324
2.88469
2.72689
2.85569
2.75114
2.88371
2.81155
2.86816
2.83808
2.62234
2.68602
2.84718
2.64485
2.82966
2.80298
3.05546
2.736
2.85771
3.02929
3.05051
2.81357
2.62858
3.06258
2.84085
2.98156
2.76594
3.14508
3.08651
2.96163
3.04474
2.75652
2.88734
2.74767
2.96696
2.80714
2.8452
2.71314
3.13194
3.05556
3.20235
2.98804
2.9557
2.62757
2.90493
2.91132
2.77207
3.09096
2.97009
2.7741
2.77978
2.72545
2.86137
2.81357
2.92035
3.16264
2.82125
2.98612
2.82149
2.77279
3.19308
2.83127
2.8561
2.683
3.23209
3.27998
2.91107
2.67766
2.8794
3.21325
2.84361
3.06584
2.89412
2.87683
2.97228
2.85948
3.04033
2.8045
2.81274
2.86775
2.77772
2.67567
2.83008
2.85682
2.87842
2.91917
2.7874
2.89887
3.07889
2.98178
3.13551
2.65517
2.97553
2.88991
2.99761
2.82269
3.06463
2.81069
2.87202
3.03399
2.86114
3.04489
2.73803
2.94516
2.88659
2.95159
2.97513
2.75393
2.8579
2.8869
2.94107
2.93484
2.86923
2.88224
2.84205
2.76991
2.65927
3.09437
2.98937
2.9773
2.80228
2.78143
2.94547
2.98187
3.05042
2.77611
3.06653
2.84234
2.61253
2.74341
3.20014
3.00763
2.87238
2.85146
2.81065
2.84731
2.81752
3.00151
2.83003
2.94019
2.87746
2.85387
2.7827
2.60324
2.64676
2.82861
3.25003
2.81139
2.73526
2.87894
2.60817
3.03091
3.08811
3.22793
2.96082
2.71788
2.78584
2.72341
2.8913
2.93407
3.02015
2.98082
2.83476
2.78765
2.94174
2.72425
2.68897
2.86053
2.69457
2.99654
2.653
2.93164
2.85273
2.87445
2.69833
2.52965
2.63083
2.92964
2.65063
2.8358
2.83978
2.80573
2.83512
2.83358
2.88398
2.84597
2.75219
2.98536
2.84006
2.94836
3.0326
3.01552
2.8571
2.65757
2.99031
3.04741
3.16517
2.69802
3.05486
2.82045
3.10511
2.89268
2.92226
2.88429
2.6168
3.09755
2.82032
2.73223
2.86515
2.74379
2.78019
2.88918
2.84906
2.79527
2.66048
2.94749
3.04707
2.79114
2.89006
3.22005
3.00929
2.8099
2.97034
2.69647
3.03498
2.98724
2.54747
2.67342
2.58277
2.92531
2.76484
3.06202
2.78336
2.96173
2.99789
2.8491
2.72513
3.12536
2.90362
2.98618
2.91448
2.71513
3.05238
2.85207
3.09268
2.74564
3.03938
3.33202
3.07372
2.68604
2.73818
2.6353
2.81623
3.01037
2.7445
2.73784
2.77928
2.71079
2.976
2.78156
2.83861
3.27577
3.31198
3.04885
3.15735
3.05298
2.94208
2.6801
2.87749
2.5683
2.74982
2.66914
2.72846
2.87612
2.87792
2.76468
2.63874
2.6079
3.00668
2.93134
2.80299
2.92978
2.99233
3.1444
2.93852
2.81287
2.85561
2.64492
2.9226
3.0642
2.92469
2.95937
2.9244
3.05574
2.81462
2.93686
3.01403
2.82868
2.83799
2.66793
2.96866
2.97609
2.89123
2.68289
2.85747
2.8632
2.84917
2.74075
2.5912
2.86844
2.781
2.58267
2.77259
2.75597
2.91654
2.89832
2.79326
2.91283
2.91447
2.67699
3.10843
2.69609
2.81185
2.77514
2.82743
2.85462
3.05186
2.81618
2.60391
2.94601
3.01378
2.67405
2.75909
3.04588
2.95757
2.85901
2.9098
3.08015
2.83686
2.84721
2.66161
2.89354
2.92333
2.74804
2.96059
3.0311
2.59954
3.00126
2.87228
2.82914
3.06622
2.98076
3.03296
2.67909
2.91371
3.00397
2.72965
2.76442
2.6737
2.88278
2.93879
2.94719
2.90917
2.99437
2.97573
2.87447
2.93389
2.87972
2.80779
2.84363
2.62388
3.09457
3.11154
2.83749
2.94929
2.69065
3.02108
2.73486
2.76844
2.68862
2.64417
2.83447
3.03102
2.91517
2.86076
2.88927
2.79188
2.70173
2.99957
2.85044
2.82444
3.05159
2.91892
2.94747
2.94814
3.01932
2.70514
2.93883
2.76133
3.07136
2.84978
2.88938
2.83139
2.7737
2.80246
2.96164
2.80567
2.7978
2.89697
2.76266
3.18876
2.84581
2.75626
2.86578
2.81803
2.76106
2.67218
2.76557
2.85328
2.74489
2.83595
2.81288
2.94932
2.98496
2.79242
2.79113
2.94934
2.71772
2.8879
2.98256
2.60531
2.96536
2.88261
3.06765
3.00984
2.62313
2.8489
2.76661
2.7123
2.74336
2.81166
2.89929
3.0162
2.8363
2.87155
2.96003
2.7419
2.89068
2.93294
2.86117
2.8363
2.76588
2.92406
2.84699
3.33331
2.77495
3.07619
2.94406
2.75803
2.71343
2.86135
2.9187
2.93304
2.90863
3.09667
3.09586
2.83234
2.82537
2.92743
2.90717
2.9731
2.9033
2.7792
2.76135
2.88537
2.91059
2.83656
2.83221
2.90487
2.60211
2.63788
3.2264
2.71382
2.95847
2.90196
2.92895
2.67012
2.85893
2.93201
3.0562
3.05471
2.83783
2.737
3.06593
2.71235
2.89589
2.57121
2.68826
2.71473
3.03033
2.79979
2.94925
2.89204
3.11459
2.82756
2.75876
2.85489
2.68256
2.9753
2.93461
2.69299
2.72461
2.74136
2.87731
2.86983
3.01311
2.62592
2.86885
2.98231
2.86257
2.93017
2.79941
2.96991
2.86127
2.61901
2.86036
2.81784
2.93581
3.14755
3.06134
2.8356
2.88358
2.98265
2.76878
2.97589
2.81299
2.7503
2.83396
2.8224
2.80895
2.58098
2.68032
2.82661
2.82893
2.86277
3.22031
2.78736
2.85702
2.96635
3.03979
2.8052
2.69717
3.14102
2.84566
3.07498
2.95313
3.02429
3.07201
2.97453
2.85051
2.83268
2.80667
2.92839
2.86956
2.86017
2.81259
2.87364
2.90728
2.73806
2.88032
2.85251
2.84462
2.92502
2.7276
2.78343
2.98568
2.92122
2.75844
3.0039
2.85616
3.0687
2.94586
2.82798
2.802
2.9312
2.61215
2.78203
2.6785
2.86881
2.7232
2.79291
2.78007
2.70822
3.01834
2.96485
2.91922
2.82513
2.75749
2.81709
2.83326
2.82969
2.88725
2.80655
2.93076
2.82991
2.96254
2.64858
3.16273
2.97547
2.95224
3.15629
2.9309
2.98569
2.9259
2.67381
2.88908
3.0676
2.82946
2.628
2.65535
2.83773
2.74877
3.03881
2.98202
3.01605
2.624
2.76375
2.71547
2.89929
2.8008
2.94274
2.77262
2.84556
2.9784
2.72033
2.78856
2.74114
2.86936
3.07178
2.95623
2.66477
2.86369
2.69854
3.19539
2.61945
2.80874
2.91162
2.91003
2.68545
2.86047
3.00752
2.90851
2.67611
2.92448
2.75596
2.94639
2.97111
2.79221
2.57561
2.63929
2.84606
2.99927
2.9517
2.76731
2.82504
2.80842
3.11743
2.77434
2.66315
2.95483
2.78718
3.02817
2.67393
2.8907
2.91817
2.84562
2.68826
2.8703
2.7961
3.09804
2.77351
2.80984
2.77728
2.70371
2.89755
2.90667
3.13045
3.13557
2.90446
2.62647
2.55639
2.85467
2.75835
2.79263
2.72543
2.84494
3.14102
3.02028
2.79246
2.93828
2.88836
2.82342
2.98577
2.70153
2.90501
2.73272
2.68156
2.87114
2.9137
2.96157
2.92177
2.53295
2.86777
3.07524
2.90264
2.83062
2.66317
3.01944
2.70932
2.92144
2.83465
2.72558
2.94714
2.81182
2.75612
3.03719
2.8223
3.14576
2.93926
2.77612
2.81281
2.8613
2.83893
3.04822
2.73473
2.75563
2.61624
2.86324
3.0607
3.03637
3.03315
2.9211
2.73246
2.85301
2.97639
2.77104
3.05306
3.04079
2.77122
2.89956
2.77522
2.84234
2.98761
2.85435
2.92875
2.59916
3.02974
2.67801
2.93415
3.05979
2.8638
2.98431
2.76897
2.80723
2.57122
2.8848
3.10574
3.09452
2.75137
3.1638
2.71982
2.86728
2.92319
3.27207
3.29481
2.87855
2.78628
2.74015
3.05284
2.76536
2.89309
2.92804
2.82862
2.84684
3.02889
2.91787
2.78761
2.97469
2.98365
3.00824
2.83066
2.87713
2.85962
2.66543
2.84689
2.84019
3.11942
2.70991
3.02888
2.77159
2.75571
3.00246
2.74097
3.02515
2.98015
2.76564
2.68198
3.20102
2.87971
3.03753
2.56925
2.6725
2.98264
2.96828
2.91072
3.16764
3.05916
3.00206
2.98943
2.9079
2.8612
3.06457
2.57134
2.98412
3.1839
2.8435
2.82241
2.72274
2.74582
2.93485
3.07072
2.89857
3.02199
2.73989
2.66615
2.70527
2.97582
2.98582
2.66254
2.6793
3.05072
2.82571
2.66085
2.79575
3.02062
2.91151
2.94075
2.90818
2.8824
2.86188
2.74643
2.75412
2.90392
2.93032
2.76651
2.97191
2.75203
2.90153
2.93704
2.77337
2.78151
2.88704
2.73011
2.80156
2.86699
2.87728
2.88814
3.08324
2.76306
2.92112
2.98127
3.04474
2.90401
2.9968
2.85726
2.89103
2.93026
2.6932
3.03211
2.92797
2.7065
2.83369
2.81366
2.7899
2.91336
3.01193
2.68785
2.66525
2.77253
2.93067
2.77897
2.80275
2.77968
3.01472
2.8611
3.05063
2.98141
2.80468
2.85652
2.8175
2.97706
2.92133
2.88958
2.91756
2.94067
2.85278
2.83405
2.83422
2.784
2.87018
2.85765
2.88404
2.95119
3.29368
3.00745
3.00165
2.6741
2.9733
2.77225
2.74716
3.14016
2.95724
2.92194
2.9824
2.75328
2.8478
2.8739
2.7144
2.8338
2.72977
2.72406
2.87404
2.85628
2.92504
2.97064
2.82916
3.00001
3.01799
2.75593
2.92008
2.94952
2.94988
2.97189
2.67707
2.88333
2.85273
3.00839
2.83724
3.04331
2.97317
2.77449
2.81908
3.23687
3.02324
2.73456
2.81645
2.69128
2.77698
2.77625
2.88352
2.76676
2.73124
3.00089
2.91941
2.84056
2.72964
2.92215
3.00402
2.82022
2.7354
2.91621
2.67321
2.95742
2.80546
2.78241
2.7066
2.87902
2.89264
2.73954
2.90104
3.02194
2.80723
2.72151
3.0301
2.95337
2.8005
3.11867
2.84466
3.34321
2.7456
2.74729
2.77076
2.91501
2.9655
3.00284
3.02071
2.77548
3.00033
2.93626
2.76314
2.80835
3.03976
2.97218
2.95463
3.06322
2.83863
2.73916
3.20885
2.92963
3.13586
2.56271
2.8484
2.79717
2.77686
2.87747
2.87958
2.79979
2.86994
2.75889
2.79067
2.93088
2.74716
2.76079
2.84586
2.65472
2.64713
2.93211
3.1944
3.00461
2.86448
2.68163
2.8888
3.14884
2.94953
2.98426
2.68648
2.84653
3.04099
2.67237
2.80054
2.93652
2.92297
2.88379
3.01236
3.02843
2.78666
3.03525
2.79609
2.70662
3.05124
2.95808
2.77779
3.01117
2.74473
3.03119
2.88464
3.02367
3.11794
2.81027
2.70791
3.00444
2.75394
2.79578
3.02574
2.84599
2.80885
2.71073
3.16842
3.35492
2.87044
2.79998
2.76859
2.76132
2.83406
2.85567
2.8239
2.82708
2.73816
3.04541
2.99285
3.05184
3.02348
3.24611
2.98282
2.53945
2.92911
2.98646
2.72261
3.2459
2.7998
2.83361
2.93166
3.02897
2.85704
2.88438
2.72432
3.00345
2.8356
2.95668
3.20363
2.6739
2.81849
2.74972
2.77377
2.94728
2.75849
3.05651
3.05054
2.66547
2.81578
2.67348
2.96966
2.95576
2.99119
2.78783
2.97052
2.99825
2.88886
3.00064
2.85475
2.86572
2.73063
2.80534
2.69126
2.78622
2.82281
2.80348
3.04431
2.86089
2.9381
2.78656
2.946
3.0502
2.76951
2.88143
2.94206
3.01474
2.75915
2.83712
2.77082
2.93279
2.89264
3.0479
3.00952
2.8742
2.86682
2.59334
2.85122
2.77258
2.91585
2.65334
2.89282
2.98593
2.83521
3.03682
2.85602
2.79304
2.77035
2.89398
2.91507
2.85079
3.04549
2.70114
2.87541
2.84091
2.7912
2.74265
2.75515
3.05836
2.70965
2.69756
2.66042
2.94083
2.86655
2.80426
2.93082
2.71855
2.72007
3.03406
2.95469
3.00616
2.69632
2.88758
2.91715
2.71337
2.85245
2.80316
2.99109
2.88308
2.99147
3.00428
2.83197
2.82429
2.85699
2.98967
3.01517
2.70828
3.16704
3
2.85997
3.05098
2.95625
2.9238
2.82912
2.90905
2.90717
2.95402
2.9618
2.81782
2.87972
2.7995
2.94728
2.69747
2.74734
2.82549
2.90333
2.81089
2.81291
2.90151
2.75101
3.09188
3.0119
2.80942
2.83041
3.0013
3.07711
2.90397
2.91824
2.97084
2.81838
2.96061
2.85595
2.87894
2.81249
2.81419
2.9406
2.95714
2.87173
2.66795
3.12023
2.72263
2.66595
2.71916
2.90331
3.20609
2.7233
3.06458
2.79331
3.30872
3.16509
2.91249
2.63444
2.97098
2.79156
3.13072
2.86628
2.77114
3.07405
2.99714
2.80651
2.81303
3.06653
2.81974
2.9922
2.94505
3.00297
3.0307
2.84607
3.07181
2.82412
2.95956
3.0093
2.78639
2.93365
2.94754
2.83176
2.8797
2.98469
2.9624
2.93743
2.86226
3.11411
2.72516
2.78152
2.78185
2.75897
2.78495
2.89303
2.95196
2.97788
2.97617
3.01014
2.83828
2.99577
2.90092
2.95818
3.08087
3.11913
2.88266
2.90325
2.71188
2.87365
2.92941
2.8872
2.66822
3.00677
2.91714
3.01636
2.87927
2.94384
2.88987
2.837
2.86275
2.98551
2.88886
3.11934
2.81694
2.88785
2.92052
2.76737
2.88725
2.77409
2.94861
2.67533
2.78259
2.91428
2.76884
2.8224
2.77566
2.92305
3.02276
2.93627
2.78486
2.98905
3.10097
2.83937
2.8264
3.0432
2.96627
2.85739
2.78855
2.78318
2.67864
2.64446
2.9661
2.97444
3.01605
2.6793
2.86603
2.79954
2.81986
2.92073
2.79252
2.79061
2.9421
2.85729
2.97021
3.03626
2.57165
2.67866
2.89342
2.88984
2.99891
3.00097
2.84157
2.85087
2.65175
2.67533
2.84873
2.7471
2.76939
2.97019
2.91865
2.89428
2.86251
2.94809
2.80221
2.7153
2.72304
2.95926
2.81134
2.83019
2.72694
2.75262
2.97896
2.7694
2.82716
2.86478
2.87161
2.7802
2.93753
2.98613
2.90785
2.70104
2.71221
3.22509
2.90335
2.80311
2.75882
2.90674
2.65191
3.34751
2.77726
2.84605
2.55611
3.02174
2.83894
3.13482
2.75085
2.737
2.87745
2.73999
2.71687
2.81438
3.04959
2.64182
3.01422
2.98142
3.01155
2.73842
2.8937
3.0724
2.78096
3.18888
2.79632
2.73477
2.61697
2.8359
3.03044
2.86274
2.72036
3.02608
2.91745
3.09599
3.01868
2.91545
2.89989
2.85769
2.82267
2.88026
3.01404
2.83188
2.9591
3.04034
2.87198
3.1472
2.84331
3.15813
2.91061
2.88633
2.87857
2.87701
2.96688
2.74549
3.03045
3.13865
3.11087
3.11507
2.84255
2.73722
2.76297
2.89849
2.99349
3.01057
2.94399
3.04839
2.72332
2.70625
2.91689
3.10431
2.79674
2.84778
2.77982
2.90042
2.8784
2.71175
3.12749
2.63292
2.80319
2.82488
2.85936
2.86507
2.90743
2.924
2.85668
2.71254
3.10521
2.7072
2.9374
2.88037
2.71142
2.64634
2.94617
3.06698
2.66511
2.7938
2.6377
2.9959
2.70528
2.79225
2.7226
2.80354
3.0291
2.75267
2.8961
2.89373
2.78192
2.83967
2.81837
2.66474
2.82903
2.81075
2.8697
2.79717
3.08362
2.86111
2.94752
3.20106
3.01363
2.78774
2.96087
2.85035
2.78931
2.8674
2.75684
2.92784
2.88122
2.88616
2.79957
2.86963
3.08632
2.78434
2.7761
2.89368
2.90719
2.90296
2.92443
2.91241
2.79717
2.88998
2.94636
2.82732
2.95188
3.06061
2.84665
2.96281
2.73546
3.00917
2.64276
2.87368
2.78735
2.78417
2.73664
2.69072
3.11906
2.90003
2.92257
3.15467
2.75372
2.84462
2.6628
2.89025
3.13338
2.71781
2.95212
3.01645
2.99522
2.93139
2.84722
2.70631
2.86158
2.9141
2.79815
2.98264
2.70449
3.36062
2.84966
2.71322
3.04177
2.89674
2.7847
2.69816
2.85222
2.9251
2.90767
2.74432
2.84235
2.82968
2.90827
3.01257
3.0006
2.91621
2.72842
3.04894
3.1099
2.86718
2.84233
3.06064
2.96678
2.92246
3.00519
3.03326
2.65421
2.73695
2.93873
3.06211
2.8483
2.86411
2.82432
3.32967
2.7847
2.63413
2.72319
2.85398
2.94883
2.82612
2.98135
2.63791
2.73542
2.73853
2.91753
2.78316
2.99878
2.86483
2.70379
2.85206
2.97339
2.81516
2.55331
2.71678
2.75561
2.67686
2.64701
3.07291
2.57749
3.07015
2.91804
2.83133
2.83915
2.81815
2.77848
2.76007
2.69318
2.99397
3.17399
2.67524
2.84566
2.54497
2.78237
2.82078
2.77297
2.98756
2.81323
2.71494
2.75134
3.14684
2.8921
2.90302
2.80062
2.76714
2.80507
2.89253
2.57546
3.03256
2.98472
3.02318
2.64614
2.81946
2.95285
2.82378
3.03124
2.74889
2.84811
2.79894
2.92879
3.2542
3.04565
3.1457
2.76663
2.81834
2.89523
3.11048
2.76591
2.75308
2.97082
2.92651
2.76302
2.67703
2.86511
2.80086
3.02644
2.74493
2.97753
2.98842
3.0191
2.89796
2.82109
2.84029
2.77293
2.64068
2.72262
2.86046
2.85767
2.7347
3.25017
2.88595
2.72549
2.59179
3.06316
2.8676
2.98419
2.99148
2.77976
2.90801
3.01628
2.6714
2.84435
2.68991
2.7776
2.80506
2.89795
3.00841
3.20184
2.90546
2.67666
2.89471
2.80885
2.5692
2.9049
2.80264
2.91322
2.8446
2.78391
3.02544
2.95908
3.02486
2.91945
3.11179
3.06747
2.83327
2.9437
2.73701
2.83822
2.8188
2.84129
2.85322
3.05873
2.61489
2.84618
2.76129
2.78656
2.92659
3.1348
3.06725
2.83485
2.67716
2.9508
2.8503
2.80183
2.88063
2.82951
2.71807
2.87931
2.6245
2.78307
2.94524
2.84545
2.69947
2.8182
2.80541
2.81301
2.70453
2.8582
2.84607
3.06002
2.8739
2.97544
2.82464
2.90504
2.84288
2.80348
2.7293
2.8391
3.02607
2.81817
2.75286
2.94017
2.5503
2.76408
2.84063
2.59416
3.03455
2.88638
2.74426
2.97868
2.91054
2.97479
3.0506
3.1228
3.11579
2.81098
2.84072
2.75104
2.73163
2.72656
3.11497
3.03746
2.76139
2.86712
2.92526
2.99368
2.80861
2.84187
2.84692
2.84341
2.74773
2.86416
2.84331
2.80498
2.75611
2.78217
2.79008
2.93812
2.89492
2.77087
2.7587
2.94725
2.77085
2.86224
2.77664
2.83864
2.82861
2.63368
2.87682
2.78627
2.74281
2.97842
3.0686
2.80471
3.0322
2.84838
2.81858
2.83146
2.84139
2.62418
2.79857
2.77338
2.82263
2.93454
3.02446
2.76324
2.73984
2.69193
3.00804
2.82331
2.89989
2.76288
2.82682
2.77177
2.85311
2.78964
2.89615
2.79202
2.86428
2.78797
3.02157
2.87649
2.85027
2.74016
3.00767
2.56325
3.29922
2.92602
2.80287
2.90609
3.05212
2.8488
2.96264
3.0047
3.07269
2.88527
2.89291
2.80232
2.77719
2.79283
2.71535
3.0082
2.80606
3.02397
3.16091
3.12172
2.79255
2.75115
2.95255
2.79413
2.64638
2.72407
2.8067
2.85689
2.88572
2.97496
3.02753
2.86463
2.79817
2.92546
2.82014
2.92283
2.75233
2.85583
3.0379
2.82492
2.83584
3.0947
3.20705
2.66744
3.03324
2.65984
2.8602
2.85593
2.92458
2.80471
2.87799
3.07673
3.25734
2.81494
2.74949
3.02631
2.82251
2.72894
2.95361
3.20543
2.94839
2.80485
2.71732
2.85991
3.09496
2.82246
3.18581
3.21186
2.97267
2.93364
2.94923
2.73852
2.85833
2.81396
2.74086
2.90648
2.81328
2.85562
2.70157
2.90575
2.82455
2.69335
2.7691
2.83056
2.89781
3.0195
2.67654
2.88943
2.98659
2.64901
2.89011
2.87958
2.79155
2.73202
2.93792
2.93469
2.8683
2.77729
2.87193
2.67527
2.77182
2.82553
3.0071
2.79497
2.90073
2.91073
2.92371
2.96737
2.77349
3.19563
2.90819
2.99392
2.78558
3.20635
3.1228
2.90699
2.88546
2.89335
3.04434
2.81919
2.84939
2.85351
2.90333
2.96459
2.70283
2.7922
2.76258
2.82678
2.68364
2.652
2.88941
2.85137
2.8777
2.83945
2.86814
2.77759
2.84451
2.89387
2.81223
3.1539
2.84587
2.81916
2.95545
2.93176
2.77899
2.90882
2.75889
3.08769
3.03654
3.16348
2.85803
2.77566
3.02248
2.96274
2.72531
2.6492
2.79094
2.82104
3.12481
2.66315
3.03846
2.84976
2.9439
2.98814
2.79432
2.81095
2.72419
2.85508
2.73666
2.80195
3.01046
2.84224
2.96916
2.78089
2.96059
2.84838
3.20681
2.9992
2.832
2.83788
3.05107
2.97158
2.8756
2.88977
2.81177
3.04521
2.83659
3.03487
2.72981
3.03735
2.69731
3.00908
2.92202
2.66381
3.02477
2.78788
3.02491
2.65745
2.65833
2.96336
2.90311
3.06483
2.65859
3.05602
2.9091
3.00438
3.16997
2.88727
2.70932
2.8014
2.98207
3.02564
2.8611
2.91388
3.00276
2.91442
2.89451
2.76125
2.83458
2.79642
3.09433
2.94182
2.70115
2.73482
2.99433
3.0557
3.03379
2.77506
3.07408
2.9858
2.75803
2.83625
2.7
2.9571
3.16365
2.82855
2.95707
3.02564
2.9051
2.73651
2.74079
2.6263
2.97594
2.77387
3.05016
3.01134
2.75614
2.68599
2.92562
2.74625
2.83493
2.73052
3.00721
2.77592
2.7415
2.76247
2.74386
2.63373
2.77162
2.93091
2.76696
2.96844
3.06358
2.75609
2.90576
2.88351
2.81173
2.63063
2.80914
2.75162
2.79084
2.75383
2.86996
2.70017
2.70223
2.76928
2.90527
2.79878
2.6623
2.88157
2.79419
2.90313
2.76848
2.84365
2.68843
3.04898
2.89272
2.95066
3.07481
3.12446
2.97118
2.79886
2.73481
3.02272
2.93776
2.98938
3.05512
3.07757
2.74105
2.7118
2.94801
2.8918
2.6743
2.79386
2.67286
3.04207
2.72171
2.87942
2.79881
2.67682
3.18859
3.16202
3.00005
2.78114
2.52828
3.01043
2.90918
2.86195
2.98881
2.75911
2.76738
2.8164
2.86493
2.81382
2.7471
2.7505
2.78092
2.78509
2.87547
2.93111
3.07952
2.91902
3.1422
3.12518
3.24452
2.84087
3.05747
3.44242
2.83572
3.00101
2.86654
2.95348
2.84137
3.00992
3.14246
2.72355
2.92402
2.93127
3.01337
2.77278
2.98553
2.75406
3.08011
2.94656
2.76697
2.76103
2.81085
3.00835
2.87342
2.8001
3.06603
2.69365
2.79631
2.89256
3.10362
2.92187
2.66595
2.90122
2.76454
2.94036
2.91903
2.69547
2.89653
2.96565
3.08008
2.85129
2.92235
2.88589
2.99173
2.66022
2.69865
2.89414
2.78681
2.97563
3.12604
2.88618
2.90111
2.93193
2.80452
2.98325
2.69631
3.05796
3.26106
2.95019
2.84528
2.87852
2.5844
3.11909
2.85467
2.65819
2.86214
2.74674
2.8674
2.83299
2.8271
2.82479
2.77985
3.02631
2.88067
2.91602
3.10296
2.86764
2.96681
2.84197
2.78028
2.8403
2.89511
2.84346
2.65964
2.87327
2.57262
2.62955
2.9313
2.85797
2.75482
3.0079
2.93426
2.90727
2.73044
3.03723
2.65806
2.94035
2.78438
2.62424
2.89177
2.80926
2.80453
2.89735
2.92399
2.85917
2.92991
2.98921
2.91335
2.833
2.74118
2.8439
2.79054
2.81914
2.67843
2.8815
3.10771
2.76216
2.93446
3.05392
2.77125
2.63309
2.91111
2.87946
2.89346
2.61568
2.72416
3.22217
2.90547
2.69397
2.84839
2.96416
2.96246
2.79211
2.72742
2.86935
2.9393
2.87739
3.17208
2.98021
2.89558
2.64674
2.83884
2.5816
2.7044
3.13635
2.7524
2.80337
2.71424
2.77129
3.20191
2.77492
2.82483
2.85248
2.89802
3.04155
2.87353
2.8947
2.77542
2.92033
2.8874
3.01547
2.90722
2.77978
2.86987
2.80726
3.02752
3.12461
2.63586
2.69346
2.61451
2.98729
2.66502
3.197
2.76658
2.74286
2.79303
3.04271
2.95275
2.95696
3.10915
2.92521
2.73646
2.86393
2.83193
2.94951
2.94219
2.73342
2.8291
2.72176
2.91124
3.16924
2.94552
2.72279
2.90744
2.97936
2.84454
2.7649
2.95183
2.71095
3.16627
2.95756
2.74886
2.92102
2.74944
3.0551
2.76339
2.99478
2.78733
3.03055
2.75583
2.81265
2.82562
3.27893
3.23188
3.01535
3.11912
2.84034
3.03845
2.67762
3.00111
2.91143
2.69207
2.82828
2.58666
2.8984
2.98486
2.98315
2.97079
2.9892
2.80677
2.88231
2.83457
3.03893
2.96421
2.797
2.90326
2.76524
2.84989
2.84789
2.87525
2.80586
2.99211
2.78515
2.75188
2.66273
2.80221
2.78562
2.76593
3.02857
2.78796
2.73445
2.68452
2.59415
2.88337
2.94579
2.60925
2.99101
2.85579
3.04166
3.01523
2.86302
2.92744
2.98121
3.09167
3.01953
2.74663
2.83403
2.87131
3.01866
2.64561
2.78672
2.9366
3.0492
2.79811
2.80262
2.89204
2.72442
2.67459
2.69047
2.73933
2.97361
3.02662
2.98868
2.96419
3.07904
2.74919
2.96075
3.08861
2.85596
2.70357
2.91633
2.79167
3.02439
2.97665
2.99243
2.84575
2.8251
2.74965
2.91969
2.57334
2.82001
2.78745
2.98497
2.59587
2.95615
2.76933
2.73544
2.841
2.83587
2.80987
2.89703
3.06686
2.6974
2.94042
2.70147
2.85981
2.94486
2.92637
2.81511
2.76563
2.84663
2.72936
2.91246
3.00394
2.81025
2.76994
2.77465
2.82482
3.005
2.72376
2.59781
2.81368
2.86649
2.81581
2.78946
2.92679
2.83219
2.81474
2.69193
3.03496
2.93685
2.76776
3.11606
2.85509
2.76784
2.97949
2.80723
2.76463
3.09133
2.75352
2.86226
3.01946
2.74434
3.14089
2.8501
2.84474
2.90241
2.77402
2.85624
3.12811
2.69353
2.96275
2.74077
2.91117
2.95034
2.86925
2.88766
2.98186
3.0448
2.93886
2.82732
2.98031
2.9892
2.87416
2.86382
2.71988
3.14636
2.93581
2.76526
3.0705
3.02987
2.82716
3.00014
3.18521
2.80193
2.78327
2.80592
2.94949
2.91179
2.98922
2.95024
2.95608
2.63214
2.72763
2.88383
2.81228
2.97889
2.63575
2.84605
2.98038
2.75249
2.88537
2.92055
2.68813
2.97858
2.82562
2.72835
2.8727
2.86094
2.68094
2.78777
2.77352
2.99611
2.82891
2.9418
2.8455
2.83025
2.7233
2.90129
2.78447
3.12478
2.79274
2.96844
2.92231
2.82508
2.73857
2.81585
2.75524
2.76701
2.8759
2.72877
2.80844
2.69948
3.00556
2.85508
2.92043
3.01705
3.26795
2.85898
2.77195
2.85431
2.91088
3.21941
2.787
2.75031
2.82846
2.67669
2.91617
2.68122
3.02261
2.84646
2.86651
2.64343
2.81883
2.88536
2.95636
3.12068
2.83593
2.89708
3.03542
2.74342
2.84837
2.95035
3.02977
2.86603
2.92144
2.93019
2.65127
2.81202
2.73598
2.81532
2.80087
2.98735
2.85897
3.06826
2.95873
2.84581
2.90399
2.95208
3.05346
2.85781
2.98543
2.91421
2.88762
2.77878
2.73539
2.79337
2.62029
3.02896
2.56126
2.74482
2.86983
3.06421
2.70892
2.84901
2.83128
2.68432
2.91934
3.06269
2.94761
2.82115
2.94134
2.76312
2.66776
2.77376
2.83472
3.05911
2.84522
3.16716
2.69415
2.90421
2.9047
2.85269
2.84171
2.8694
3.10584
2.88762
3.04684
2.83908
2.87971
2.84102
2.78487
2.96596
2.92021
2.97444
2.85575
2.98345
2.75189
2.8831
2.92252
2.68395
2.94243
2.85342
3.05509
2.86944
2.9708
2.71233
3.04778
3.17904
2.70813
2.77714
2.78463
2.78665
2.9034
2.9928
2.88637
2.95507
3.25397
2.85981
2.73699
2.92357
2.53863
2.95659
2.82782
2.91781
2.68661
2.82822
3.13933
2.89405
2.88158
3.16202
2.92742
2.7106
3.00701
3.3438
2.86609
3.38574
2.72693
3.03389
3.04311
3.0661
2.62264
2.72096
2.8907
2.83831
2.79696
3.07633
2.66652
2.64429
2.73394
2.93258
2.79766
2.68139
2.90871
2.81819
2.79117
2.8524
2.91806
2.94893
2.94906
2.91851
2.71035
3.08251
3.03974
2.97319
2.82464
2.75953
3.00026
2.82726
2.78817
2.78323
2.93823
2.64113
2.79079
2.77664
3.03002
2.96877
2.84124
2.7566
2.89874
2.848
2.67603
2.68529
3.09607
2.86625
3.05046
3.03094
2.83633
2.86382
2.85204
2.89826
2.61259
3.01532
2.79794
2.78074
2.88689
2.83238
2.84291
3.10744
2.86207
3.27501
2.9078
2.86726
2.7597
3.03484
3.14447
2.69345
2.67693
3.09492
2.90559
2.94049
2.6314
2.84849
3.04348
2.77602
3.1996
2.90001
2.96488
2.67541
2.96268
2.83649
2.71297
2.84561
2.77243
2.89429
2.59934
2.6709
3.05227
2.78675
2.91062
2.69255
2.79338
2.68
3.00613
2.87814
2.99299
2.98392
2.78806
2.89146
2.9463
2.54626
2.8081
2.98641
2.96793
2.98377
2.83637
2.75391
2.96178
2.88906
2.98197
2.80011
2.91678
2.89494
2.73936
3.13049
2.76463
3.01156
2.87294
2.8397
2.86666
2.71083
2.82798
2.69556
2.688
2.56844
2.70621
2.80769
2.93262
2.79336
3.00764
2.90396
3.02919
2.93429
2.86973
2.75386
2.99686
2.89136
2.94302
3.07672
2.74843
2.68057
2.87341
2.84109
2.75965
2.99723
2.8653
2.64348
2.97982
2.59188
2.73345
2.92548
2.76497
2.6882
2.7719
3.15783
2.91336
2.70361
2.73098
2.91471
3.38247
2.69168
2.98323
2.97658
2.73412
2.8125
2.78696
2.67548
2.70539
2.71254
2.62018
2.82885
2.94098
3.12725
2.77598
2.69247
2.91533
2.95619
2.98497
2.89887
3.34714
3.02273
2.86943
2.81251
2.706
2.9561
2.64293
2.89417
2.83881
2.86045
3.1375
3.06308
2.84786
3.04251
2.97042
2.88929
2.91762
2.61019
2.8352
2.64638
2.81368
2.75868
2.9474
2.8061
3.11262
2.62839
2.86897
3.07157
3.00015
2.83769
2.76612
2.93481
2.88067
3.1408
3.03304
2.82458
2.73544
2.90142
2.95588
3.02115
2.79782
3.0484
2.98531
2.75316
3.11249
2.56768
2.99259
2.72666
2.88749
2.76612
2.85983
2.79576
2.84219
2.84391
2.92252
2.85949
2.7027
2.67533
2.94378
2.66136
2.86445
2.86418
2.96115
2.99935
3.10147
3.03186
2.82804
3.1163
2.92646
2.90174
2.63055
2.87613
3.04826
2.84276
2.739
2.84394
2.69468
2.86982
2.83447
2.56666
2.73477
2.84695
3.13353
2.75852
2.98848
2.82719
2.83276
2.99935
2.97662
2.87445
2.81485
2.773
2.69917
2.86501
3.00635
2.88625
2.64138
2.84862
2.67327
2.93189
3.19631
2.79011
2.89922
3.00014
2.95767
2.8266
2.97426
3.02474
2.71329
3.23943
2.83733
2.75857
2.77462
2.7173
2.79718
2.78375
2.84738
2.82537
2.98424
2.89048
2.7958
2.8484
2.76114
2.78216
3.23416
3.21512
2.78981
2.7849
2.83225
2.92256
2.84823
2.67877
2.65214
2.71524
2.74249
3.0036
2.73311
2.78045
3.30408
2.89423
2.86757
2.94895
3.31812
2.95989
3.07732
2.83014
2.80683
2.90181
2.83101
3.00492
2.89936
2.96128
2.68183
2.82244
2.8714
2.90015
2.8559
2.85066
2.80946
2.84727
2.89525
2.51908
2.79294
2.80252
2.75442
2.85293
2.8865
2.94623
2.83273
2.80453
2.82692
3.04668
2.79042
2.5178
2.90992
2.82266
2.95931
2.99413
2.85409
2.7455
2.93882
2.79867
2.93091
2.80653
2.9892
2.81072
3.09037
2.68769
3.02737
3.09641
2.75965
2.84214
2.70714
2.99625
2.88389
2.7541
2.82824
3.22043
2.90315
2.70636
2.96003
2.75796
2.81538
2.74391
2.86852
2.88937
2.66138
3.00726
2.82044
2.77859
2.81447
3.08132
2.74998
2.74523
3.36017
2.78878
2.80273
2.92583
2.92685
2.81309
3.01689
2.9822
2.89357
2.72573
2.6976
2.79239
2.8879
2.98483
2.8153
2.88275
2.86885
3.09491
2.81906
2.95219
3.02635
3.08468
3.09076
2.57684
2.85074
2.81629
2.67692
2.85622
2.7652
2.76109
2.91447
2.89077
2.78404
2.98406
2.76885
3.07756
2.94303
3.07385
3.15595
2.78377
3.22372
2.93248
2.9459
2.97008
3.06313
2.89121
3.04228
3.00665
2.87006
2.74607
2.92709
2.98944
2.75129
2.94838
2.84421
2.82851
2.82458
2.7615
3.04293
2.59339
2.89214
2.78358
2.74834
2.7253
2.90923
2.854
2.87822
2.95817
2.78447
2.90396
3.09391
2.77916
2.89239
2.82896
2.97929
2.76859
2.84993
2.81955
3.08581
3.11618
2.74983
2.7167
2.92323
2.87879
3.03763
2.93942
2.79905
2.85289
2.84587
2.71541
2.94428
2.87162
2.7922
2.88207
2.86902
2.98393
2.97405
3.09098
2.69567
2.81269
3.17918
2.58613
2.89238
3.11389
2.78666
2.9235
3.21219
2.85647
2.78521
2.90195
2.95396
2.80231
2.93687
3.04856
2.70418
2.72489
2.92705
3.13789
3.02931
2.45182
2.69387
2.79735
2.87856
2.79687
3.04034
2.72456
2.94351
2.86537
2.82943
2.87494
3.04834
3.04921
2.98598
2.98767
2.92375
2.89327
2.95604
2.91449
2.93952
2.78068
2.8303
2.80669
3.08197
2.82886
2.99493
2.85381
2.87336
2.92668
2.89668
2.78899
2.79317
2.87582
2.8053
2.92454
2.79428
2.77006
2.75131
2.67019
2.89648
2.84027
3.01369
2.78615
2.99888
2.82111
2.6975
2.94154
2.75727
2.57899
2.98104
2.84716
2.96144
2.95963
2.73959
3.00757
3.04017
2.90462
2.7412
3.06562
2.66176
3.1505
2.99804
3.21925
2.82911
2.59632
2.97837
2.8381
2.85212
2.95442
2.67025
3.07643
2.74976
2.71012
2.7365
2.8108
2.84974
3.06211
2.73231
2.65071
2.80723
2.73391
2.69053
2.90741
2.96377
2.66898
2.93899
2.91555
2.87818
2.82222
3.11902
2.74349
2.8988
2.73657
2.77898
2.83069
2.93369
3.16409
2.8432
2.76244
2.9488
2.89851
2.9652
2.99565
2.64935
3.07598
2.66395
2.89349
2.9897
3.34915
3.07185
2.98188
2.71312
2.88262
3.08117
2.94484
3.09057
2.80224
2.91525
2.80165
2.9413
3.02636
2.92278
2.75782
2.85789
2.74967
2.78542
2.98287
2.97843
2.83342
2.79652
2.9468
2.76315
2.74356
2.77594
2.73401
2.93148
2.87901
2.83138
2.75565
3.14498
2.87927
2.8121
3.05794
2.62997
2.80782
3.04233
2.79657
3.11865
2.84842
2.94392
2.63753
3.12604
2.91107
2.64612
3.12608
2.7602
3.08536
3.02241
2.90871
3.00796
2.79183
2.72011
2.91306
2.93118
3.17772
2.9523
3.13293
3.13901
2.82327
2.90411
2.96763
2.85706
3.01555
2.81365
2.94914
2.79093
2.69163
2.87689
3.06123
2.95243
2.83793
3.02388
2.88339
2.90525
2.74215
2.91865
2.85879
2.72622
2.86669
3.27916
2.73265
2.98413
2.68856
2.6982
2.95917
3.04376
2.94079
2.91189
2.97055
2.91352
2.79211
2.87403
2.72507
2.83613
2.72694
2.89295
2.90991
2.7229
2.85935
2.9889
2.72679
2.90574
2.84856
2.88386
2.89409
2.80408
2.92451
3.11391
2.8136
3.16155
2.95359
2.89878
3.16275
2.71887
2.76306
2.62961
2.62219
2.77989
2.84396
3.05139
3.09175
2.97221
2.78046
2.86629
2.85359
3.31109
3.20816
3.04977
2.79725
3.0147
2.92672
2.59504
2.86178
2.98281
2.80305
2.6666
2.69479
2.63712
3.18198
2.79773
3.03608
2.89406
2.89174
2.86513
3.1045
2.69665
2.83856
2.70384
2.86227
2.74024
2.80698
3.03202
2.66057
2.7282
2.95215
2.91823
2.67912
2.99853
2.68885
3.0238
3.04365
2.99902
2.86552
2.94195
2.63339
2.6387
2.86815
2.98493
2.99931
2.6734
2.82521
2.76321
2.84651
2.78643
2.8302
2.82492
2.86551
2.60276
2.7673
2.98037
2.93951
2.8117
2.74643
2.72284
2.55792
2.96591
2.73572
2.80897
2.86165
2.70844
2.84492
2.80606
2.72516
3.10733
2.7499
2.90337
2.71367
2.90555
2.90212
2.76656
3.07591
2.94578
3.36226
2.91206
2.94353
2.9157
2.82738
2.78742
2.87202
2.94969
2.78221
2.82059
2.65264
2.84617
2.78703
2.96416
3.38624
3.21823
3.02528
2.78247
2.80049
2.95739
2.8656
2.8394
2.93333
2.80552
2.85806
2.81957
2.76613
3.02043
2.94044
2.87627
2.96499
3.06474
2.70976
2.74051
2.88472
2.74582
2.87252
2.76506
3.34159
2.83218
3.04861
2.75015
2.85558
2.85048
3.5238
2.98394
2.84206
2.84206
2.65821
3.00104
2.96023
2.81473
2.7079
2.9551
2.86212
2.96473
3.2934
2.66445
2.84333
2.98978
2.76313
2.81577
2.86682
2.8608
2.76231
2.92594
3.09413
2.79599
2.76628
2.9404
2.7599
2.69686
2.664
2.75596
2.92673
2.87486
2.83451
2.89044
2.95822
3.0616
2.89164
2.80384
2.79755
3.05002
3.06477
2.69682
2.94763
2.77882
2.82393
2.81106
3.1143
2.8334
2.85026
2.79868
2.9243
2.9932
2.92787
3.03901
2.90956
2.89419
2.85983
2.77185
2.85337
2.88191
2.93517
2.93618
3.09817
2.81381
3.04687
2.9806
2.86395
2.98952
2.90251
2.75908
2.95817
2.83003
2.84009
2.82767
2.92335
2.95751
2.80015
3.03852
2.82246
2.76571
2.84514
2.70069
2.79873
2.73159
2.60468
2.71204
2.87567
2.88226
2.96948
2.9149
2.78543
2.80831
2.64153
2.97392
2.79799
2.93517
2.8143
2.80121
2.85124
2.66725
2.75335
2.77164
2.77357
2.82983
2.76878
2.66882
2.80808
2.77699
2.86754
2.9913
2.96707
2.99903
2.68169
2.8074
2.95845
2.73127
2.77387
2.80365
2.65457
2.79645
2.94049
3.0992
2.78768
2.90165
3.02611
2.71306
2.77243
2.68243
3.00461
2.75404
2.73773
3.05372
2.89241
2.87571
2.938
2.78115
2.68139
2.80155
2.80792
2.78403
2.76059
2.8358
3.12138
2.81549
2.93267
2.94439
2.82288
2.72011
2.87507
2.9646
3.06897
2.63461
2.80075
2.64482
3.01911
2.85235
3.18491
2.7842
2.94728
3.07723
2.90528
2.74971
2.9078
2.98872
2.74749
2.84868
2.90603
2.70038
2.76675
2.77008
3.11148
2.76679
3.00849
2.93464
2.88923
2.70525
2.76029
2.89787
2.87306
2.811
2.61504
3.07689
2.77951
2.88988
3.01167
2.92409
3.15878
2.95837
2.78501
2.99147
2.96681
2.80361
2.77663
2.8655
2.97016
2.69747
2.84927
2.79806
3.01795
2.69893
2.93421
2.87559
2.88933
2.91726
3.14844
2.75942
2.96668
2.93412
2.90607
2.99444
2.97997
2.7515
2.88829
2.83144
2.94319
3.03315
3.0179
2.64111
2.95555
2.79807
2.93718
3.01464
2.63181
2.85221
3.02455
2.66846
2.83398
2.72976
3.12841
3.03613
2.72766
3.06951
2.63762
2.87339
2.82045
2.76748
2.73247
2.9282
2.85841
2.91306
2.76348
2.91757
2.75293
2.85919
2.78386
2.9768
3.04338
2.97865
2.70996
3.01219
2.87158
2.90652
3.09562
2.9207
2.95283
2.69711
2.74577
2.9108
2.86574
2.73441
3.11518
3.00683
2.94963
2.80831
3.06381
2.81783
2.78474
2.75012
2.89419
2.79815
2.7139
2.87088
2.84076
2.8203
2.81875
3.056
2.94409
2.78455
2.90693
2.65187
2.70771
2.80598
2.80518
3.05794
2.8369
2.8749
2.78208
2.8879
2.63178
2.94283
2.8361
2.79247
3.14866
2.81535
2.89462
2.73044
2.66795
2.73041
2.69378
2.77624
2.73572
2.86871
2.8805
3.07788
2.90381
2.85081
2.72358
2.83462
3.06987
2.89694
3.1312
3.00186
2.73821
2.92462
2.68161
3.07497
2.89417
3.07133
2.79834
2.81617
2.82587
2.76346
2.85964
2.93182
3.0888
2.94789
2.72351
2.74983
2.99216
2.74388
2.73288
2.77527
2.911
2.69888
2.82189
2.72045
2.69907
2.87356
3.19056
2.6769
2.81895
2.86746
2.74965
2.81657
2.75886
2.89094
2.75362
2.90861
2.78576
2.62496
2.85281
2.74285
2.78387
2.74209
2.87622
2.92622
2.94897
2.99089
2.77235
2.68593
2.80171
2.79889
2.90954
2.819
2.91506
2.78186
2.89805
2.912
2.96497
2.95564
2.88382
2.79193
3.09205
2.98212
2.83447
2.89011
2.86237
2.76687
2.61432
2.71397
2.93711
2.95315
3.07278
2.77813
2.99056
2.94679
2.73297
2.88282
2.75305
2.90222
2.89872
2.69262
3.02072
2.61209
2.85534
3.07882
2.65177
2.90821
2.70418
2.78028
2.74043
2.84864
2.97116
3.1008
3.19217
2.96163
2.89519
2.60267
2.72068
2.85439
2.88068
2.76271
2.81463
2.77782
2.75138
2.75571
2.69311
2.63866
2.97589
2.78895
2.68101
2.86349
2.78072
3.01544
3.00827
2.82341
2.89047
2.75267
3.24868
3.09243
2.81395
2.67066
2.76455
2.74019
2.88374
2.85897
2.83042
2.68648
3.13523
2.82587
2.84692
2.74641
2.8782
2.94373
2.91242
2.89266
2.99763
3.00753
3.13391
3.04011
3.00418
2.71297
3.04128
2.66054
2.93829
3.02665
2.87419
2.86837
2.95138
2.88989
2.66483
2.60883
2.89691
3.07634
2.93885
3.09048
2.72379
2.90469
3.00477
2.70785
2.7482
3.06417
2.85695
2.93282
2.77768
2.91989
2.86478
2.77133
2.48456
2.75049
2.94163
2.88792
2.92195
3.0045
3.01745
2.61879
2.71506
2.79792
3.11145
2.84323
2.94427
2.71848
2.84436
3.00944
2.88209
2.84483
3.04315
2.99005
2.96571
2.97208
2.99438
2.77524
3.06703
2.956
2.92944
2.77399
2.60475
2.80617
2.86743
3.02668
2.67042
3.07106
3.06655
3.0067
2.79515
2.97625
2.8778
3.08497
2.79433
2.76643
2.78469
2.95989
2.62773
2.77141
2.86922
3.00571
3.05849
2.71232
3.06596
3.00402
2.61039
2.98337
2.80543
2.80284
3.19627
2.89304
3.06186
2.69477
3.02827
2.99073
2.72383
2.90305
2.98219
2.79856
3.01893
3.0348
2.82241
2.83804
3.0772
2.92167
3.11537
2.92641
2.70778
3.38754
2.8852
3.0283
2.88961
2.76625
2.96642
2.67593
2.87588
2.85854
2.85402
2.89664
3.03599
2.91538
2.83075
2.84825
2.75169
2.93846
2.96461
2.85499
3.08846
2.78726
2.77328
2.678
2.78001
2.95461
3.04817
2.7408
2.95344
2.75166
2.9211
2.6765
2.96686
2.86973
2.85921
2.90591
2.90532
2.7424
2.84216
2.60074
2.8045
3.1109
2.74617
2.73551
2.85281
2.99587
2.9363
2.64782
2.84098
2.88192
2.68653
2.92597
2.83348
2.73852
3.00287
2.83761
2.8489
2.70117
2.85641
2.98454
2.77572
2.71309
2.66118
2.94649
2.69296
2.93955
2.66464
2.88089
2.7676
2.81636
2.8519
2.94723
2.8445
2.83994
2.90321
2.82661
3.04515
2.81748
2.72214
2.79652
2.72269
2.90179
2.99751
2.74583
2.69039
3.0731
2.82134
2.748
2.83636
2.91596
2.89167
2.68445
2.77181
2.94905
3.12533
2.88107
2.89914
3.02694
2.55205
2.64647
3.05307
2.65712
2.81636
2.86673
2.9274
2.70328
3.07608
2.64762
3.00695
3.00403
2.83318
2.90509
2.85114
2.84602
2.71795
2.9825
2.90414
2.78595
3.12322
2.77689
3.14446
2.95167
2.7752
2.80977
2.65148
3.01861
2.82141
2.70012
2.65489
2.5819
3.03971
2.99117
2.65543
2.75832
2.96439
2.69682
2.88223
2.91821
2.9639
3.23627
2.97431
3.19981
3.16668
2.76809
2.80389
2.92049
2.78031
2.94192
2.82191
2.99848
2.69211
2.7027
2.69436
2.69373
3.1076
3.03742
2.73188
2.85041
2.96149
2.86442
2.78707
3.17819
2.80932
2.89993
2.92469
2.56342
2.68783
2.94472
2.65026
2.7022
2.90317
2.74616
2.6024
2.97865
3.11394
2.78005
2.95926
3.04763
2.9157
2.77231
2.95053
3.04258
2.93855
3.12077
2.87101
2.93662
2.6662
2.65482
2.82452
3.02404
2.94744
3.03484
2.97879
2.85141
2.78038
2.81784
2.89052
2.80541
2.79495
2.92915
2.7984
2.87536
2.77351
2.9256
3.00951
2.85069
2.8193
2.92544
3.02824
2.92125
2.74723
3.17049
2.75069
2.9429
2.96994
2.80105
2.77091
2.73066
2.86221
2.73516
3.29296
2.94357
2.90418
2.9061
2.95279
2.94142
2.75976
2.86114
2.69135
2.96691
2.72475
2.6775
2.85337
2.82548
3.17438
3.32509
2.6922
2.74389
2.99351
2.95628
2.81604
2.89664
2.91477
2.75597
2.90378
3.11566
3.21127
2.93605
2.87956
2.88535
2.79358
2.83831
3.04875
2.79945
2.78847
2.92382
2.95563
3.01342
2.71037
2.79943
2.79629
2.93825
3.11328
2.89575
2.72249
2.78302
2.93531
2.66225
2.99753
2.99477
2.80091
2.87079
2.65131
2.81108
2.81571
2.84672
2.83541
2.86708
2.98493
2.87234
2.78302
2.71166
2.86133
2.96742
2.7158
2.79957
3.02971
2.97803
2.75768
2.88201
2.91909
2.76331
3.02025
2.9188
2.82035
2.76677
3.12948
2.95785
2.91856
2.86202
2.79617
2.93122
3.12842
2.91317
2.81213
2.92123
2.98797
3.1107
2.71235
2.7647
2.79363
2.76894
2.74083
2.91621
3.0428
3.1663
2.62607
2.90776
3.0492
2.94908
2.91202
3.08218
2.87483
2.80327
2.81126
2.72846
2.97972
2.95942
2.75898
2.58318
2.9636
2.7797
3.03672
3.0659
2.73759
3.04687
3.05362
3.07815
2.67507
2.81413
2.81189
3.07708
2.90706
3.12441
2.85636
2.83039
3.00125
2.70021
2.88879
2.68952
2.80022
2.8738
2.76814
2.89168
2.91514
2.94019
2.90681
2.71842
2.87986
2.87276
2.71285
2.9252
2.97663
2.93108
3.01944
2.88484
2.83897
3.08093
2.99008
2.76626
2.8823
2.74223
2.78313
3.02239
2.92756
2.76982
2.86694
2.63455
2.72956
2.69934
2.87099
2.81143
3.01365
2.82044
3.19612
2.74423
2.67806
2.66476
3.03628
2.86069
3.13455
2.55587
2.78243
2.79073
2.75829
2.79681
2.94516
2.91708
2.91619
2.74538
2.91173
2.86126
2.78083
2.89727
2.65198
3.03664
2.99069
2.69058
2.70734
2.70531
2.9265
2.87628
2.7025
2.97917
2.94402
2.90403
2.96253
2.93098
2.90368
2.8782
2.83453
3.01386
2.85943
2.89745
2.74552
2.83532
2.73514
2.88361
2.7513
2.72798
2.92833
2.83704
2.77616
2.80254
2.95358
2.83119
2.96932
2.86934
2.69909
2.75953
2.92119
2.86959
3.02414
2.72171
2.66249
2.74245
2.83557
2.64233
2.68941
2.63598
2.91563
2.77004
2.84911
3.03361
2.74056
2.86012
2.60988
2.81754
2.95224
2.73283
2.69037
3.12279
2.90915
2.93216
3.0364
2.84835
2.90475
2.70969
2.75592
2.92336
2.95734
2.64553
2.99839
2.90163
3.00534
3.13727
3.03799
2.86567
2.80364
3.09778
3.04981
2.71335
2.79799
2.73289
2.90801
2.66562
2.95085
2.9192
2.9366
3.02558
2.87162
2.66833
2.7491
2.83592
2.9328
2.62799
2.90609
2.80824
2.99582
2.79527
3.08532
3.08742
2.75106
2.86645
2.8029
2.85397
3.03221
2.82783
2.99952
2.807
2.87601
2.85637
2.74077
2.7495
2.95115
2.70382
3.02393
2.77845
2.99195
2.91868
2.86688
2.8686
2.95226
2.92121
2.75971
2.97417
2.84723
2.82734
2.74805
2.82328
2.73328
2.814
2.87167
3.23075
3.03687
2.71119
2.79849
2.76287
2.9166
2.83153
3.06941
2.76793
3.28018
2.71726
2.97623
2.92983
2.77717
2.70153
2.95419
2.77414
2.78154
3.09423
2.71055
2.80983
2.93971
2.89199
2.6586
3.17596
2.94359
2.81954
2.92777
2.95766
2.92961
2.79281
3.09066
3.22562
2.99592
3.18504
2.81248
2.96362
2.87563
2.9191
2.89174
2.56937
2.79973
2.74467
2.74648
2.72747
2.85988
3.11493
2.62055
3.04728
2.88561
2.65768
2.85243
2.88615
2.92943
2.91831
2.92623
2.91081
2.87945
2.84516
2.81641
2.79711
3.00715
3.18316
2.81049
2.8276
2.79153
2.85946
3.00655
3.09602
2.96788
2.98553
2.85716
2.92663
2.95122
2.94123
2.8693
3.06556
2.99252
2.80072
2.6973
2.62963
2.9081
2.85784
2.65006
2.84894
2.80196
2.88715
3.01949
2.63985
2.60914
2.88492
2.869
2.64937
3.04507
2.72021
2.58211
2.88394
2.89849
2.98471
3.16865
3.00974
3.19226
3.16605
2.70109
2.75851
2.81217
2.88372
2.68744
2.69842
2.8005
2.88397
2.96353
2.88979
2.87981
2.82928
2.84121
2.76793
2.59568
2.91201
3.01866
2.67642
2.77007
2.91534
3.11824
3.19707
2.91432
2.89173
2.96909
3.21138
2.9299
2.77026
2.96615
2.867
2.72307
2.97732
2.80525
2.89538
2.75437
2.80209
2.8139
2.91407
2.80126
2.80455
2.84154
2.90023
3.00959
2.84679
2.74668
2.85023
2.91134
2.77906
2.85477
2.82096
2.93773
2.83895
2.95928
2.75317
2.87447
2.79392
2.98176
2.83106
2.68853
2.709
2.90229
2.79003
2.82469
2.9507
2.85889
2.85735
2.80764
3.28772
2.89811
2.77692
2.64882
2.89283
2.74085
2.93369
3.17273
2.78792
2.9132
3.03764
2.76712
2.80653
2.87086
2.9967
2.85063
2.60248
3.02008
2.83742
2.78851
2.85085
2.96105
2.83836
2.77942
2.71423
2.91207
2.69698
2.86099
3.05437
2.85824
2.86942
2.85203
2.66018
2.74488
2.8666
2.97037
2.79777
2.92733
2.77758
2.77311
2.59823
2.90751
2.82963
2.90861
2.79803
2.7716
3.11629
2.7345
2.77274
2.64345
2.59571
3.03177
3.00044
2.59233
2.83582
2.72396
2.79387
2.96421
2.82217
2.89211
2.85079
2.80038
2.79798
2.901
3.0252
2.70883
2.77807
3.10475
2.93746
3.02793
2.89304
2.83389
2.6844
2.89723
2.70622
2.68339
2.82958
2.66875
2.90176
3.09755
2.82017
2.85612
2.72363
2.92304
2.57181
2.62038
2.60631
3.03078
2.72189
2.93471
2.92018
3.00789
2.71736
2.92494
2.77985
2.63639
2.90858
3.03101
2.71738
3.0993
2.82086
3.01095
2.79059
3.02499
2.75479
3.09674
3.04545
2.79852
2.96858
2.76341
3.18749
2.68658
2.6489
2.789
2.79513
3.02214
2.79327
2.94949
2.69483
2.81202
2.66409
2.72106
2.78815
2.83107
2.87963
2.69869
2.52211
2.96793
3.18937
2.92662
2.68427
2.98011
2.90409
2.84214
2.94127
3.05577
2.80258
2.80576
2.85794
2.94229
3.02349
2.96259
2.97024
2.73206
2.97007
2.91596
2.72196
2.75825
2.79606
3.04842
2.68839
3.02963
2.80707
2.61902
2.80652
3.09058
2.97
2.78162
3.03782
2.68698
2.7293
2.93985
2.98135
2.97238
2.68964
2.67652
2.86895
2.83598
2.74538
2.94394
2.79834
2.85564
2.71219
3.05419
2.83282
2.95088
2.71555
2.92115
2.8447
2.94135
2.7739
2.95896
2.85975
2.78086
2.87884
3.18338
2.67478
2.75937
2.9487
2.84063
2.85924
2.84247
2.7289
3.01488
2.92707
2.86643
2.77255
3.0265
2.8219
2.77956
3.05707
2.80179
2.91179
2.97096
3.02614
2.62807
2.7122
2.8144
2.76471
2.67574
3.14393
2.85793
2.9874
2.75118
2.62267
2.88485
2.99275
2.91148
2.83044
2.98287
2.84478
2.6714
2.92162
2.97669
2.6895
2.90503
3.07746
2.90951
2.75468
2.88088
2.92029
2.95127
2.80733
3.11162
2.85958
2.83526
2.80334
2.95011
2.78553
2.85133
2.94695
2.80441
2.80233
2.72938
2.80563
2.63033
3.01931
2.70197
2.86919
3.1366
3.02356
3.04601
2.77259
2.77129
2.9192
2.89897
2.97453
2.98742
2.83701
2.85056
2.83472
2.89178
3.10065
2.80829
2.62297
2.9385
3.07232
2.78585
2.73723
2.81217
2.69893
2.69942
2.8104
2.72369
3.1549
2.82243
3.0985
3.00419
2.89792
2.99679
2.63581
2.83878
3.0201
2.61683
3.132
2.88624
3.00868
3.04758
2.82132
2.85084
3.14848
2.85874
3.15011
3.41884
2.74061
2.65713
3.06859
2.82277
2.7633
3.18095
2.84113
2.85432
2.80574
2.90541
2.72092
3.10808
3.00786
2.86438
2.91512
2.99525
3.24541
2.79032
2.73483
2.62844
2.78447
2.84349
3.01086
2.95684
2.83724
2.83885
2.95924
2.73733
2.84156
2.8973
2.86319
2.94085
2.91146
2.86282
2.9171
2.88081
2.76861
2.7069
2.76593
2.8481
2.84282
2.93513
2.9604
3.06764
2.7557
2.8724
2.80249
2.94184
2.79268
2.71106
2.97205
2.86292
2.78044
2.949
3.5555
2.87741
2.63862
2.80221
2.72623
2.87568
3.42437
2.79065
2.83287
2.77662
2.88737
2.64883
2.71422
2.80036
2.77716
2.98901
2.96843
2.69243
3.10996
2.82331
3.06386
2.90832
2.86463
2.72755
2.89089
2.96742
3.05027
2.92412
2.7611
2.95132
2.78845
2.81626
2.97819
2.80248
3.28282
2.64895
2.94933
2.88435
2.88434
2.82167
2.85826
2.81005
2.67502
2.50313
2.7919
2.88969
2.76513
2.90849
2.80556
2.90371
2.87301
3.17673
2.8967
2.92706
2.7631
2.92998
3.07775
2.85702
2.90205
2.8405
2.87448
2.78712
2.99867
3.04886
2.80337
2.81794
2.89979
2.96552
2.57175
3.0266
2.94475
2.92949
3.15225
2.84208
2.66746
3.02269
2.61754
3.09529
2.93074
2.84659
2.71833
2.81412
3.12555
2.71905
2.74378
2.84321
2.80703
3.00521
2.89976
2.99314
2.88361
2.94549
2.91163
2.86219
2.80788
2.5722
2.92169
2.7922
2.7693
2.97007
3.23801
2.93133
3.06356
2.74575
3.05448
2.89933
2.93485
2.75344
2.69188
2.73603
2.75163
2.72644
2.95834
2.99115
2.79759
2.96519
3.02439
2.93098
2.60362
3.17801
2.66948
2.81189
3.0158
2.68041
2.75396
2.71864
2.71919
2.98155
3.17068
2.76932
2.9911
2.83194
2.82398
2.72021
3.02092
3.04164
3.02921
2.81229
2.9035
2.74902
2.85782
2.66644
2.82737
3.05044
2.67299
2.87537
2.72278
2.70858
2.66127
2.96747
2.75958
2.80193
2.75312
3.04355
2.68436
2.77853
2.95327
2.8326
3.0579
2.7978
2.81858
2.83682
2.61675
2.87464
2.88929
2.87709
2.94315
2.83438
2.88771
3.04073
3.28145
2.78376
3.0207
2.94956
3.05733
2.77304
2.8358
2.90494
2.67632
2.70176
3.11686
2.80387
2.83495
2.71087
2.79066
3.05538
2.83219
2.79263
2.96265
2.88527
2.8181
2.63354
2.69831
2.91986
2.74467
3.09742
2.94113
2.88269
2.58996
2.97362
2.99501
2.70986
2.67322
2.8808
2.7344
2.85911
2.90179
2.86644
2.84042
2.72121
2.72724
2.85139
2.73801
2.98939
2.6922
2.79789
2.9784
2.78636
2.79132
3.04728
2.75038
2.72459
2.85958
2.9762
2.88125
2.67592
2.98997
2.8849
2.9959
2.77739
2.79342
2.81132
2.78293
2.58808
2.89881
2.99041
2.88832
2.92656
3.02931
2.78046
2.96437
2.87357
3.09062
2.87864
2.7902
2.90659
2.74162
2.82224
2.84687
2.66754
2.86348
2.94453
2.80512
2.95703
2.91903
2.97458
2.81946
2.70587
2.96858
2.96209
2.79355
2.5851
2.75229
2.92993
2.98228
2.79059
2.8788
3.06744
2.90596
2.90704
2.66381
2.91832
3.09231
2.7647
2.72942
2.89932
2.63018
2.9179
2.85768
2.75363
2.63198
3.07387
2.77749
2.6638
2.68401
2.82176
3.11717
2.89204
3.05993
3.17157
2.91426
2.89141
2.87761
3.01516
3.01052
2.80878
3.02468
2.6938
2.96046
2.95674
2.86133
2.63891
2.59012
2.85904
2.89163
3.01039
2.89536
2.86151
2.73225
2.69653
3.33898
2.95608
2.86527
2.93938
2.53541
2.90649
3.01165
2.87829
2.8345
3.30624
2.69176
2.90854
2.75919
2.65038
2.85497
2.78801
2.7785
2.95074
2.62127
2.99986
2.92943
2.71341
3.14345
2.98042
3.00397
2.65993
2.91191
2.84599
2.89639
2.92085
2.63561
2.8389
2.95725
2.88306
2.98582
2.85605
3.0758
2.9586
2.9321
2.57215
2.87094
2.81039
3.10305
2.68496
2.81709
2.72582
2.76509
2.79973
2.99916
2.82807
2.83656
2.90899
2.91341
2.94215
2.7821
2.96549
2.80177
2.85566
2.62606
2.84232
3.46525
2.83871
2.96366
2.84902
2.84909
3.1222
2.89163
2.71175
2.88273
2.93657
3.05012
2.85981
2.9412
2.69731
2.8456
2.88963
2.9509
2.84946
2.71882
2.75451
2.87524
2.83271
2.86736
2.7018
2.85392
2.91612
2.91615
2.71625
2.94466
2.65288
3.08312
2.79887
2.50637
2.91009
2.91231
2.73849
2.80158
3.08936
2.76709
3.01592
2.77921
2.92388
3.04885
2.74755
3.04703
3.08155
3.01609
2.95137
2.85668
2.97399
2.82843
2.99921
2.92372
2.77438
2.7234
2.88239
2.91507
2.85375
2.7463
2.78127
2.98944
3.12594
2.88692
2.73844
3.03738
2.79775
3.08461
3.00057
2.83348
3.04085
2.84995
2.84115
2.87484
3.04229
3.25299
2.83092
2.70425
2.89156
3.0589
2.87205
2.73606
3.02815
2.88477
2.74251
2.77456
2.93977
3.14195
2.83771
2.82273
2.99865
2.77673
3.15923
3.16316
2.7635
2.93041
2.9879
2.89717
2.63974
2.97911
2.69123
2.95772
2.93716
2.95951
2.90634
2.73644
2.70294
2.83319
2.8133
3.07517
2.82686
3.0943
2.89381
2.8209
3.10482
2.90096
2.85916
2.8663
3.08565
2.66583
2.87922
2.84442
3.01597
2.84051
2.75639
2.66752
2.74933
2.83076
2.78494
2.76835
3.17333
2.61428
2.82736
2.7397
2.97125
2.90211
3.20167
2.97035
2.90989
2.66749
2.97196
2.87936
2.88384
2.8764
3.10732
2.93666
2.90245
3.08885
2.767
2.77805
2.80226
2.99428
3.18054
2.75053
2.873
2.94057
2.94076
2.84633
2.82519
2.9785
2.97601
3.13674
2.83217
2.94917
2.74907
2.72692
2.57208
2.67358
2.95156
2.85946
2.72815
2.79695
2.83837
3.08567
2.91553
2.86509
2.75529
2.80761
2.89737
2.70386
2.8368
2.83119
3.07445
2.97075
3.26265
3.37237
2.95103
3.01081
2.91344
2.89502
2.81211
2.8049
2.96024
2.89169
2.93388
2.52458
2.81405
2.77864
2.89069
2.84567
2.82481
2.91404
2.72764
3.17816
2.81574
2.84688
2.77615
2.853
3.36985
2.85628
2.98378
3.14157
2.82723
2.81846
2.97767
2.80457
3.02215
2.78721
2.71157
3.12241
2.80505
3.15781
3.06285
2.72025
2.98207
2.90913
3.01636
2.80544
2.93887
2.7129
2.89387
2.92078
2.9698
2.80679
2.79874
2.973
2.98511
2.90234
2.91808
2.99826
2.79502
2.61341
3.13178
2.89209
3.08857
2.65124
3.20397
2.77661
2.93166
2.92145
2.77224
2.96931
2.83703
3.05963
2.7366
2.88639
3.06899
2.67031
2.8296
2.93196
2.71236
2.76565
2.69671
2.82235
2.81425
2.74045
3.04113
2.63745
2.82667
2.8962
2.52865
2.90963
2.76956
2.80738
2.92918
2.8468
3.08947
2.95489
2.97776
2.64694
2.90332
3.01073
2.84626
2.77076
2.95631
2.81887
3.15716
2.92427
2.65738
2.98474
2.63595
2.74015
2.85494
2.84385
2.76748
2.57492
3.25122
2.87366
2.79736
2.82571
2.86709
2.79051
3.0772
2.88756
3.02029
2.78069
2.96908
2.78237
2.84428
2.80769
2.80626
2.73992
2.77632
2.83583
3.08728
2.98282
2.89588
2.73803
2.59193
2.75906
2.97148
2.88825
2.97636
2.80502
2.86496
2.86599
3.05659
2.62687
2.69485
2.72516
2.66447
2.77254
3.29466
2.79786
3.09557
2.85631
2.87083
3.09329
3.02852
2.80486
2.74366
2.98386
3.17316
2.77911
2.7907
2.87953
2.91101
2.70483
3.08281
2.52955
2.89475
2.73664
3.24953
2.64832
2.95866
2.64786
2.91187
2.8091
3.08664
2.91123
2.98435
2.94934
2.86796
2.97604
3.04407
2.97637
2.76519
2.71703
3.00796
2.85926
2.54475
3.05127
3.07987
2.77798
2.74947
2.76374
3.04625
2.8761
2.84615
2.74983
2.82496
3.04627
2.95627
2.74518
2.81193
2.64454
2.76082
2.61926
2.8514
2.84394
2.78431
2.71949
3.07742
2.62227
2.94363
3.07337
2.68528
2.91252
2.88762
2.95291
3.30948
2.90841
2.8035
2.62172
2.6098
2.79181
2.86678
2.74812
2.93892
3.0643
2.92533
2.62734
2.75822
2.91948
2.94295
2.95889
2.8195
2.8712
2.89812
2.70859
2.60231
2.80414
2.80191
2.75348
2.94346
2.67128
2.91611
2.98982
2.90832
3.0379
2.84745
2.78805
3.13134
2.85309
2.85765
3.0415
2.89095
2.76799
2.97421
2.94712
2.83751
2.78862
2.82089
2.60558
2.81398
3.14557
2.83311
3.08949
2.89095
3.04777
2.93097
2.95042
2.85394
3.04001
3.23487
2.76548
2.94507
2.97783
2.91179
2.94125
2.90494
2.84517
2.76332
2.84691
2.82409
2.78877
2.91052
2.88627
2.91019
2.76554
2.94393
2.7136
2.82938
2.64065
2.8974
2.76906
3.00668
2.70082
3.10899
2.86678
2.85177
2.96725
3.13154
3.23131
3.04927
2.84736
2.86865
2.80347
2.80097
2.62112
2.83986
2.65566
2.93744
2.8614
2.95985
2.83503
2.76695
2.95753
2.96069
2.69953
3.23004
3.05243
2.65041
2.73268
2.72273
2.97591
3.18213
2.85949
2.77407
2.94957
2.94796
2.91386
2.86881
2.8732
2.90913
2.94026
2.8064
2.82532
2.90255
2.80174
2.7887
3.18373
2.76038
2.77138
2.84157
2.77813
2.88788
2.91928
2.75748
2.96001
3.3581
3.21506
2.78743
3.05979
2.72349
3.06965
3.01686
2.93527
2.62734
3.06526
2.90184
2.92435
2.7921
3.14617
2.88158
2.93485
3.00756
2.992
2.76229
2.78552
2.88438
2.74907
2.58691
3.03022
3.00283
2.73259
2.92519
2.94853
2.83972
2.75692
3.2293
2.64565
2.70175
2.85344
2.86801
2.88614
2.93143
2.75829
2.96938
3.33612
2.88593
2.62745
3.1561
2.82987
2.8315
2.90233
2.93295
2.95046
2.71496
2.8048
3.16618
2.97681
3.14756
2.84219
2.87156
3.04084
2.95838
2.94785
2.93619
2.70228
2.94766
2.88471
3.0082
2.79855
2.85465
2.91168
2.68063
2.73334
3.00869
2.92184
2.87451
3.09838
2.79676
2.68396
3.02626
2.84852
2.83983
2.94878
3.00932
2.73106
2.9099
2.72434
2.80814
2.71524
2.62673
2.8289
3.02525
2.7336
3.06391
2.81442
2.98121
2.90842
3.02121
2.70696
2.62467
2.82323
2.93966
2.73884
3.01487
2.88662
2.74734
2.96459
2.73649
2.65129
2.71359
2.90846
2.89489
2.87689
2.84274
2.88304
2.71261
2.86709
2.91063
2.87771
2.83489
2.96192
3.11449
2.9742
2.89933
2.86584
2.6719
2.59989
2.92744
2.66849
2.88743
2.96571
2.94257
2.93769
2.89908
2.68416
2.69043
2.87514
2.89463
2.78836
2.75036
2.75841
3.33267
2.7522
2.76606
2.79203
2.99755
2.62819
2.89864
3.03791
2.84966
2.90128
2.86644
2.69215
2.74267
2.76166
2.96813
2.69136
2.90456
2.90975
2.71779
3.12078
2.86727
2.8166
2.75074
3.02269
2.63841
2.96994
2.95144
2.88691
2.85453
3.00821
2.5345
2.97264
2.80211
2.70415
3.26277
2.69116
2.8901
2.8266
2.89946
2.82805
2.94604
2.81886
2.99389
2.7991
2.91918
2.85332
2.88221
2.89642
2.83534
2.78271
2.76517
2.69806
2.96893
2.86978
2.9229
2.80332
2.93834
2.85283
2.75787
2.74271
2.7061
2.80818
2.754
2.88566
2.95289
2.99502
3.01663
2.71853
2.69243
3.09736
3.09598
2.71755
3.00587
2.93312
2.89431
2.6954
3.08851
2.92067
2.68296
2.65283
2.82798
2.75861
2.78391
2.9919
2.7503
2.69848
2.84315
2.84198
3.01851
3.11241
2.98802
2.90624
2.71973
2.85641
3.06216
2.78667
2.95644
2.7094
2.74876
2.78259
2.88161
2.95357
2.94968
3.09605
3.07042
2.84797
2.89952
2.93002
2.66952
2.68686
2.99518
2.90037
3.13168
2.95759
2.92455
2.88895
2.72535
2.75926
2.66774
2.75461
2.9176
2.87087
2.87758
2.58226
3.07418
2.82214
2.69812
2.74292
2.95847
3.00352
2.87256
2.98518
2.56636
2.96608
2.90114
2.67812
2.71134
2.94647
2.71963
3.10488
2.72248
3.03046
3.06709
2.87408
2.90694
2.73556
2.88667
2.83978
2.76811
2.67251
3.17642
2.85251
2.98582
2.74789
3.10047
3.01686
2.66578
2.80197
2.67673
2.92867
2.85338
2.64809
3.07592
2.71788
2.80157
2.66182
2.80713
2.87186
2.83096
2.93965
3.14147
2.93664
2.85594
3.06344
2.77751
2.78738
2.76931
2.70595
2.84193
3.02063
2.99113
2.96839
3.02525
2.83869
2.70631
2.75947
2.95105
2.52784
2.77081
3.01121
2.84935
2.72203
3.01531
2.93702
2.95813
2.97477
2.73546
2.61355
2.7883
2.74955
2.85277
2.77944
2.95852
2.62371
2.82746
2.89029
2.77981
3.10565
2.86341
3.01378
2.85124
2.79345
2.88214
3.19245
2.70221
2.81575
2.73273
2.85407
2.83489
2.7227
3.04961
2.87412
2.81242
2.70231
2.83394
3.06106
2.93884
2.56249
2.82728
2.95924
2.7604
2.74637
3.06348
2.75474
2.99452
3.01394
2.66014
2.99073
2.86472
2.87446
2.93862
2.76137
2.91102
2.8115
2.75274
2.73799
2.73374
2.82669
2.8257
2.82543
2.90147
2.65766
2.68121
2.99948
2.83963
2.74015
2.82094
2.71416
3.00586
3.101
2.84155
2.94629
3.15332
2.95993
2.79877
3.11021
2.75114
2.84342
2.67419
2.86129
2.77344
3.26526
2.82908
2.86147
2.97734
2.86782
3.25943
2.70663
3.18264
2.90993
2.60289
2.9497
2.94334
2.94175
2.8423
2.83679
3.13011
2.98849
2.97553
2.97526
2.98922
2.86118
3.18349
2.82446
2.82467
2.7822
2.66223
2.90366
2.87858
2.78069
2.82742
2.73613
2.99353
2.9587
3.00923
2.90261
2.89374
2.8418
2.83773
2.71194
2.80161
2.89865
3.11767
2.89272
2.94693
2.8627
2.88563
2.67397
2.76467
3.02246
2.82694
2.91751
2.92853
2.94539
2.94264
2.71096
2.76772
2.70699
2.8628
2.7914
3.02122
2.92091
2.96499
2.7612
2.91517
2.93119
2.8088
2.74217
2.76218
2.8831
2.92148
2.82193
2.71007
2.85619
2.82977
2.92916
2.939
2.8704
2.80865
2.85644
2.66276
2.95506
2.91342
2.79701
2.68546
2.97852
2.87705
2.71053
2.70346
3.16978
2.90146
3.2161
2.77438
2.62959
2.68079
3.091
2.62916
2.66489
2.8914
2.8272
3.15948
2.97617
3.07304
2.88749
2.90554
2.90614
2.73429
2.6795
2.74948
2.79709
2.84981
2.77502
2.9113
2.68687
3.04977
3.14651
2.78453
2.81568
2.70912
2.79545
2.67001
2.93148
2.75369
3.00635
3.17941
2.72081
3.1502
2.92199
2.96184
2.8869
3.1848
2.84646
2.90372
3.08054
2.84071
2.98809
2.8244
2.68478
2.88061
2.89973
2.57393
2.91127
2.72103
3.09744
3.08538
2.98804
3.05403
2.5738
2.97358
2.65011
2.88076
2.97628
2.78728
2.81152
3.05014
2.96232
3.02552
2.75033
3.03619
2.84137
2.77623
3.08081
2.54687
2.81693
3.00776
2.98266
2.78079
3.35451
3.02223
3.04856
2.83945
2.91976
2.95459
3.02635
2.70852
2.9315
2.91361
2.90539
2.79522
2.92027
2.83915
2.93456
2.78333
2.80453
2.85468
3.05884
2.81023
2.6661
2.9291
2.82645
2.76892
2.94375
2.81441
2.92457
2.88249
3.15958
2.75791
3.0151
3.05499
2.74877
3.00059
3.01418
2.80552
2.85771
3.02679
2.97241
2.80292
2.69329
2.96502
2.98298
2.96294
3.1811
3.03329
2.92082
2.82388
2.7704
3.16916
3.06496
3.01947
3.04473
2.68151
2.73258
2.98117
3.0929
2.82721
2.93991
2.76009
2.75325
2.64096
2.65598
3.02584
2.8915
2.7681
2.90118
2.72874
2.96196
2.93994
2.88598
2.77651
2.83169
2.76873
3.00974
3.07726
3.04217
2.7395
2.87469
2.92364
3.16118
2.77157
2.93296
2.62949
2.89931
2.77174
3.01386
2.80009
2.88404
2.75794
2.87971
2.72955
3.12885
2.98824
3.07527
3.06989
2.89274
2.87709
2.9072
2.72809
3.06059
2.91752
2.79975
2.88317
2.84616
2.80656
2.56783
2.81779
2.89241
2.90491
2.93075
2.89236
2.99386
2.86814
3.10799
2.87141
2.71602
2.82748
2.6453
3.17577
2.81569
2.91262
2.89082
2.73145
3.1131
2.92241
2.77498
2.75392
2.87604
3.09434
2.90499
2.7069
2.72875
2.52873
3.12259
2.92792
2.88406
2.76535
2.63925
2.81301
2.81301
2.90368
3.03628
2.99941
2.86
2.94285
3.04921
2.83524
2.82199
2.94529
2.75542
2.98066
2.86112
2.91459
2.83621
2.69876
2.6827
2.81543
2.65589
2.79531
2.90978
2.7509
2.83817
2.82415
2.91381
2.78818
2.81651
2.76664
2.7126
2.85648
2.95864
3.07034
2.85107
3.11699
2.78018
2.81769
2.95367
2.98516
2.59866
3.01496
2.85748
2.92497
2.87733
2.94072
2.92185
3.28434
2.96451
2.88472
3.00272
2.69413
3.32431
2.87373
2.93755
3.01618
2.81469
2.80888
2.72169
2.98091
2.92663
3.09315
2.96252
2.86631
2.68799
2.85737
2.83538
3.26922
2.73202
2.92498
2.8065
2.77733
2.88118
2.97135
2.80917
2.84597
2.89711
2.70796
3.20037
2.90269
2.7609
2.88008
2.98054
2.78085
3.16056
2.66149
3.02566
3.10429
3.01723
2.81135
2.64065
3.11279
3.08908
2.79291
3.2421
2.87403
3.0188
2.72616
2.94954
2.78915
2.85682
2.89433
2.76016
2.83142
2.8304
3.02443
2.69605
2.79733
2.91636
3.12347
3.03357
2.84441
2.84461
3.01742
2.99523
2.78502
2.77489
2.86718
3.00386
2.7835
2.91307
3.00493
2.95269
2.78781
2.72579
2.87432
2.87352
2.85106
2.65714
3.08332
2.74296
2.89124
2.85371
2.75692
2.89946
2.83929
2.8401
2.7395
2.91078
2.83287
2.7641
2.88321
2.94729
2.76669
3.00114
2.85579
3.0783
2.97231
2.81148
2.71065
2.87192
2.86775
2.83763
2.97057
3.02952
2.85273
3.09605
3.41201
2.76188
2.78842
2.81656
3.0937
2.78425
2.93299
2.85034
2.81378
2.81963
2.99854
2.78832
2.69084
2.7367
2.8877
3.05519
2.81466
2.94458
2.89358
2.6695
2.8062
2.70552
2.64468
2.98194
2.59929
3.00564
2.72888
2.69721
3.20136
2.85696
2.76743
2.96819
2.84104
2.82209
2.97963
2.86389
2.83921
2.82893
2.6159
2.84232
2.71656
2.88065
2.72828
2.74533
2.93671
2.73598
2.61808
2.80179
2.85231
2.79754
2.75513
3.23366
3.63304
2.81116
3.05519
2.83641
2.69299
2.96256
3.01007
2.85396
2.95427
2.97987
2.93366
2.969
2.63304
2.8693
3.13029
2.91407
3.00037
2.86857
3.01917
2.76475
2.95116
2.51417
3.04977
2.88349
2.92327
2.69649
2.88496
2.66931
2.85463
2.61457
2.69449
3.07768
3.01115
3.02644
3.10072
2.7915
2.84655
2.66831
2.61876
2.75851
3.05885
2.81771
3.11432
3.02211
2.95025
2.84724
2.93514
2.70051
2.74755
2.69501
2.91095
2.79469
3.04578
2.66409
2.97678
2.72929
3.00487
2.7686
3.23632
2.93395
2.92196
3.04376
2.91554
2.66583
2.8059
2.8722
3.02647
2.74905
2.98829
3.03619
2.74811
2.96981
2.61045
2.64505
2.773
2.83401
2.8138
2.64771
2.77538
2.80577
2.77837
3.18099
2.87911
2.73204
2.96923
3.0423
2.98651
2.98944
2.8078
3.04455
3.04593
2.76894
3.23284
2.85063
2.90273
2.89135
2.90809
2.79056
2.89439
2.83921
2.88393
3.08191
2.99312
2.90051
2.96332
3.10979
2.70042
2.9137
2.78925
2.70711
2.68524
2.73485
2.97197
3.67458
2.75491
2.74709
2.75665
3.34567
2.68144
2.9245
2.7627
2.83388
3.11318
2.97866
2.78649
2.68673
2.89464
2.81268
2.88412
2.62418
2.96342
2.99044
2.68779
2.85354
2.80111
2.6896
2.83983
