3.77764
3.6312
3.87623
4.04837
4.2708
3.95263
4.24241
4.07327
4.0536
3.76397
3.53651
3.73168
3.85879
3.70937
4.07469
3.8771
3.74552
3.77447
3.62504
3.73129
4.48426
3.90074
3.59069
3.58962
4.19152
3.80173
4.05457
4.16623
3.67108
4.32565
4.32889
3.74133
4.08261
4.16462
3.61657
4.33368
4.0203
3.80814
4.46291
4.41754
3.57348
3.61864
3.68121
4.02819
3.96145
3.60721
3.3904
4.4171
3.76741
3.94268
3.93871
3.49079
3.92142
4.15772
3.72056
3.96432
3.63667
3.87801
3.7215
4.47494
3.65534
3.59286
4.03548
4.0955
3.74938
3.61312
3.51479
3.92211
3.74163
3.80767
3.67781
3.80333
3.91725
3.87383
3.81555
3.83213
3.43034
3.93832
4.20164
4.06918
3.80599
3.55121
3.41309
3.90556
3.62015
4.06655
3.6543
3.88646
3.75443
3.58812
3.96897
4.24396
3.99217
3.72512
3.76825
3.88872
3.97208
3.87714
3.85344
4.14759
3.56124
3.91988
3.98241
3.92453
3.65022
4.01382
3.97941
3.97731
3.5885
3.8728
3.91041
3.97731
3.43819
4.12402
3.90534
3.73135
3.7315
3.86882
3.40828
3.70136
4.07533
3.91119
3.85913
4.14304
3.91239
3.81956
3.53136
3.77618
4.12327
3.49267
3.72945
4.12976
3.90242
3.70903
4.02835
3.83738
3.74596
3.57996
4.12338
3.9786
4.16682
3.96091
4.11575
3.50398
3.5345
3.50215
4.28866
3.50958
3.63974
3.73511
4.09725
4.00818
3.70256
3.57143
3.56932
3.8064
3.65751
3.77512
4.14426
4.39292
4.1356
3.89656
4.56532
3.57361
3.68475
3.64401
4.37298
4.1834
4.46392
3.39568
3.74904
3.39019
3.70056
4.1686
3.65798
3.68266
4.26573
4.04487
3.59375
3.91176
3.89829
4.11335
4.0186
3.9582
4.24241
3.62044
3.75754
3.59829
4.02674
3.67354
3.81848
3.46876
4.32016
3.91584
4.02764
3.84862
4.38411
3.86608
3.64178
3.66117
4.04947
3.81106
3.90204
4.2281
3.67867
4.34636
3.67127
3.92487
4.00816
3.77927
3.491
4.23611
3.53985
3.67737
3.78437
4.02242
4.49902
4.0095
3.61651
3.7307
4.34164
4.26975
3.75103
3.66038
3.88429
3.89725
4.02588
3.71467
3.7916
4.0493
4.13441
3.49128
4.04613
4.30908
4.4549
3.87
3.59017
3.66228
3.67228
4.29132
4.42634
3.86122
3.74405
3.85088
3.31431
3.70808
3.94608
3.63322
3.79964
4.01575
3.85166
4.11311
3.84956
4.16219
3.7819
4.03295
3.90489
3.51681
3.74778
4.25462
3.94158
3.81009
3.64455
3.61867
4.13438
3.79885
4.13817
3.96268
3.83628
4.3462
3.55442
3.83816
3.98735
3.64328
3.47306
3.91938
3.88668
4.11533
4.17931
4.01427
4.16458
3.46627
3.75804
3.8207
3.89645
3.82695
4.02219
3.79371
4.05707
3.83674
3.72921
3.90039
3.66041
3.85894
4.03609
4.34539
3.90918
3.76538
3.87013
3.80798
4.36867
4.04372
3.89569
3.82806
3.81066
3.85144
3.9472
4.39815
3.46272
3.94966
4.04836
3.69075
3.53784
4.39784
3.7915
4.0217
3.58367
3.91018
3.50204
4.09823
3.65096
3.64109
3.66191
3.66825
3.69916
4.64795
3.8202
3.84612
3.88769
4.22665
4.20305
3.99082
3.72675
3.63962
4.06271
3.7324
3.95017
4.05103
3.81688
3.47972
3.99745
4.22747
3.79955
3.78866
3.73542
3.78094
4.1173
3.98099
4.00457
3.90212
4.05884
3.68581
3.97089
4.14735
3.82773
4.17185
3.97973
3.70196
4.00714
4.18756
3.80606
3.87966
3.92123
3.82785
3.72281
4.06509
3.59313
3.81754
3.82389
3.80765
3.96709
4.10393
3.76576
3.45529
3.9139
4.03138
4.38506
3.6741
3.7213
3.6142
4.08732
4.45125
4.18423
4.03341
3.76942
3.84081
3.9682
3.55509
3.99538
3.95034
3.89252
3.55297
3.81005
3.72869
3.81438
3.84297
3.75682
3.89657
3.79759
3.91535
3.94233
3.69206
3.86567
4.1059
3.69475
3.87521
3.82531
3.94277
3.97754
3.7416
3.8685
3.83502
3.80458
3.59944
3.67141
3.54039
3.74063
3.95383
3.84562
3.73111
3.6313
3.67261
4.53018
4.26812
3.78551
4.0479
4.00496
3.62381
4.0386
4.29604
4.13767
3.91388
3.84012
3.87599
3.83356
3.84891
4.16874
3.78043
3.55815
4.07198
3.95821
4.08428
3.99413
3.75933
3.9387
3.80716
3.78936
3.77208
4.25148
3.45033
4.77426
4.06812
3.49408
3.43698
4.0216
3.76342
3.71951
3.85763
4.32641
3.68425
4.17607
4.10499
3.70858
4.16993
3.79403
3.82388
3.80703
4.04508
3.78943
4.37887
3.75829
3.75062
3.71198
4.04004
3.89322
4.2129
4.15606
3.82408
3.76611
3.75119
3.94192
4.40063
3.79156
3.72293
4.16055
3.90696
3.87692
4.00253
3.89845
3.88915
3.90769
3.7724
3.68824
3.69935
4.08453
4.19999
4.23503
3.91152
3.81225
3.83871
4.18256
3.50101
3.67078
3.56104
4.12509
3.82433
4.01665
4.06609
3.69537
3.75466
3.84184
3.48886
3.99024
3.82778
3.64192
3.85051
4.14223
3.8933
3.43707
4.24851
3.88597
3.77307
3.65319
3.92522
3.79526
4.31198
3.68321
3.64161
4.0219
3.87983
4.17919
4.21111
3.78181
3.7692
4.01536
3.70167
3.64669
4.17795
3.93143
3.83765
4.06262
3.64721
3.8814
3.75398
4.27472
4.12193
3.90293
3.78812
4.15503
3.6534
3.6971
4.15571
3.82666
4.21758
3.68709
3.83959
3.72578
3.78069
3.46906
4.00295
4.58058
3.89167
3.77804
4.30768
3.38017
4.49748
4.17063
3.91635
3.91772
3.67542
3.97177
3.65491
3.93309
3.62014
4.00534
4.08716
4.2332
3.95517
4.1172
3.82868
4.01441
3.76828
4.045
3.81719
3.55139
3.83996
3.91894
3.84233
3.62883
3.83633
3.78842
4.02019
3.83685
3.68051
4.05416
4.23258
4.15412
3.88142
3.67122
4.06011
3.67535
3.67895
3.58765
3.78202
3.81904
4.03308
4.53295
3.31962
4.10983
3.80263
4.23992
3.49254
3.98683
3.97746
3.63923
3.78381
3.86544
3.81484
3.43642
3.97129
3.82249
4.2907
3.57847
3.66937
3.78855
3.48707
3.85203
3.95476
3.95688
3.91029
3.67904
4.00769
4.00711
3.92919
3.70791
4.0764
3.87683
3.99441
4.02442
3.94046
3.85973
3.75665
3.9834
3.96811
3.54108
3.62481
4.00444
3.69013
3.65732
4.14533
3.68961
4.11709
4.09117
3.77441
4.07297
4.16121
3.91207
3.98705
3.97192
4.93529
3.91062
3.96697
3.83179
4.11615
3.85811
4.2021
3.64092
4.08575
3.87653
4.18149
3.81806
4.18317
3.77706
4.0196
3.81768
4.06863
4.46184
3.78034
3.53988
3.89487
4.15253
4.24652
3.6217
3.78722
4.4384
3.67441
4.05802
3.54832
3.68319
4.02411
4.08733
3.84742
3.80644
3.76801
4.01109
4.07345
4.26883
3.90908
4.18646
3.93831
4.07681
3.88263
3.92482
3.76463
3.83398
3.65891
3.65155
4.15853
3.77704
3.61515
3.97627
3.66176
3.73516
4.52636
3.90868
3.96847
3.5051
4.01564
4.51578
4.18121
3.71993
3.62699
3.57707
4.09466
4.17051
4.96448
3.88947
4.07725
3.68702
3.84373
4.06454
4.01071
4.48138
3.75527
3.8767
3.91628
4.22399
3.67147
4.05007
4.04521
3.90338
3.82653
3.93306
3.74465
3.67277
4.361
3.99882
3.64567
4.12773
3.6338
4.3769
4.2664
3.59673
3.56901
4.08972
3.98794
3.97105
3.64805
3.93787
3.91122
4.17519
3.92522
4.25377
4.39818
3.59812
3.8317
3.74506
3.79376
3.91513
3.83088
3.82527
3.76644
3.45576
3.64163
3.98938
3.7558
3.88946
3.74623
3.99618
3.96189
3.874
4.03374
4.19893
3.81632
3.6725
3.67183
4.63737
3.90703
3.66875
3.91778
3.92353
3.47051
4.07977
4.21368
3.83209
3.9389
4.05759
3.80884
3.59113
3.64044
3.78243
3.84383
3.8677
3.9843
4.38398
3.66497
3.84775
3.9135
4.09073
3.9601
3.98761
3.75153
4.41084
3.5042
3.80399
4.71244
3.73292
3.87071
4.36868
3.71511
4.34036
3.65284
3.63494
4.0384
3.82233
3.72864
4.16727
3.77125
3.85755
4.00356
4.05702
4.24222
3.92114
3.70001
3.7894
3.68091
3.89471
3.77438
3.95556
3.67873
4.11849
3.89565
3.97503
3.90377
3.84394
4.1825
3.374
3.41325
3.69137
4.10386
3.94706
3.27294
4.03099
4.2124
3.92559
3.95993
4.5157
4.22727
4.28124
3.9317
3.96008
3.78932
3.66705
4.31891
4.05464
4.13898
3.9818
3.33342
3.29687
3.80917
4.40946
3.88654
4.18726
3.86113
3.87812
3.98549
4.10887
3.99282
4.0693
3.78243
3.56833
3.60779
3.99767
3.97128
3.8045
3.76791
3.95274
4.00359
3.66679
3.95692
3.67895
3.871
4.20656
3.7431
4.18234
3.66311
3.85959
4.24222
4.45773
4.0218
3.8859
4.28533
3.63322
3.65758
4.24074
3.89562
4.18309
3.91973
3.54685
3.72077
4.62162
4.1051
3.63134
3.91866
4.79276
3.66894
3.79464
4.0878
3.51388
3.68551
3.60449
4.1981
3.67953
4.07357
4.21286
3.70716
4.11743
3.82396
3.44262
3.69601
4.1225
3.71674
3.69408
3.75161
3.78267
4.21357
3.75817
3.83012
3.7253
4.17436
3.92658
3.70174
3.88146
4.16488
3.7979
3.821
3.80988
3.54577
3.46473
3.72245
3.54334
3.84914
4.13529
3.89535
4.16841
3.77544
3.59402
3.79836
3.94609
3.65598
3.8644
3.47873
4.07515
3.64498
3.43889
3.89574
3.80963
3.61108
3.63221
3.80585
4.02119
3.81066
3.78832
3.85829
3.91742
4.30363
3.95037
3.97706
3.71598
3.87538
3.75509
3.91484
3.84372
3.89264
3.77315
3.90304
4.41759
3.86806
3.67365
4.09598
3.53314
3.80373
3.93566
3.84843
3.96799
3.66895
4.01735
3.75196
3.84777
3.94345
3.54403
3.99402
3.80563
3.83742
4.04049
3.9382
3.62509
4.20394
3.93466
3.78712
3.92665
3.60641
3.89953
3.84134
3.98388
4.0883
3.93843
3.89185
4.00965
3.73199
4.02391
3.95675
3.65252
4.32509
4.05331
3.98377
3.83982
4.21158
3.79415
3.90328
3.66396
3.99533
3.75927
3.83706
3.59654
3.64203
4.04232
3.82095
4.21897
3.7243
3.58279
3.48232
3.79445
3.64018
3.73632
3.96866
4.04113
4.16907
3.62876
3.68507
3.69172
3.82694
4.16428
4.32496
3.77996
4.06815
4.5943
3.77515
3.6169
3.97459
4.37607
3.77068
4.01241
3.83137
4.06325
3.55544
4.38038
4.29035
4.1896
3.80733
3.97026
3.88756
3.96019
3.87819
4.11893
4.2645
3.81112
4.07513
3.86792
3.90727
4.09273
4.2138
3.55254
3.76382
4.25319
3.82973
4.00459
4.06938
4.05367
3.71087
3.69264
3.86329
3.81296
3.8009
4.09315
4.08055
3.78699
4.21308
3.80267
4.16061
3.75798
3.64814
4.06985
4.29382
3.80134
3.70848
3.91831
4.1101
3.89474
4.01873
3.56917
3.857
4.20079
3.45331
3.79774
3.97123
3.65588
4.12033
3.99118
3.47312
3.54079
4.08199
3.77668
3.61166
4.00734
4.2959
3.77358
3.68214
4.18751
3.75406
3.79018
4.06766
3.55087
3.84948
4.28305
4.31461
3.85569
3.89728
3.97396
4.01671
3.89605
4.09646
4.42453
4.02636
3.90258
3.76584
4.22609
4.05931
3.54785
3.74226
3.82885
3.6867
3.9315
3.82233
3.48001
4.03377
4.34203
4.07063
3.6559
4.25604
3.82479
3.53572
4.0131
3.7866
4.45385
4.09264
4.00429
3.523
3.87236
4.01955
3.82444
3.70246
3.85548
3.9388
3.45923
3.71878
3.60306
4.09663
4.1716
3.61827
4.10571
3.7105
4.1508
3.92443
3.72313
3.94027
3.9686
3.76069
4.26897
3.50343
4.10322
3.57487
3.83191
3.7347
3.64237
4.05515
3.77041
3.75361
3.98907
4.22842
3.91996
3.77868
4.04149
3.98037
3.6172
4.16297
4.1626
3.90263
3.62057
4.0654
3.76068
4.08668
3.9269
3.71199
3.91116
3.46292
3.93878
3.96928
3.81818
4.24154
3.64996
3.53733
3.94703
4.20745
3.86533
4.13735
3.85899
3.63338
3.73748
3.9265
4.04803
3.53581
4.52174
3.81656
3.80653
4.05812
4.31787
3.58567
3.729
3.69175
3.9529
4.05686
3.73509
4.26381
3.73191
4.15009
4.33245
4.02855
3.64836
3.98497
3.65539
3.73627
3.83819
3.92259
3.91486
4.00359
3.7431
4.09764
3.99409
3.70186
4.02506
3.48144
3.8632
4.18741
4.3619
3.76005
3.91147
4.08358
3.50298
3.77567
4.4641
3.86716
3.85682
3.41677
4.13235
3.55538
3.87495
4.12321
3.91407
3.50121
3.71126
3.84892
3.9279
4.07211
3.98341
3.92568
4.27249
3.79335
3.9219
4.21622
3.74923
4.25232
4.11073
3.59581
3.77204
3.70902
3.88951
3.47298
4.05318
3.78677
4.03763
3.93027
4.01153
3.99899
3.91786
3.99879
4.06076
3.51751
3.63605
4.18068
3.81413
3.65041
3.57083
3.7737
4.40947
3.63989
3.64394
4.57203
3.84687
3.85585
3.73685
3.94979
3.98028
3.54901
3.88488
3.85547
4.01914
3.79809
3.62978
3.81906
3.82778
3.82451
4.06384
3.94181
3.7918
3.80308
3.88511
3.99998
3.70979
3.79682
3.96338
4.00411
3.96704
3.98798
3.62184
3.92406
3.82232
4.00656
3.58677
3.89536
4.05569
3.45263
3.91281
3.56085
3.91775
3.76977
3.85868
3.83185
4.04432
4.29658
3.76907
3.79594
3.88373
3.95173
3.57028
3.81733
3.55741
3.71797
3.71612
3.61086
3.93335
3.35007
3.89728
4.12253
3.75238
3.95368
4.35176
4.02046
3.9599
3.97148
3.91972
4.0126
3.51707
3.7115
3.89651
3.53758
3.63339
3.94288
3.91555
3.98298
3.77565
3.63233
4.13866
4.2758
4.02446
3.75536
3.98042
4.27342
4.02688
3.94097
3.89085
3.77201
3.71172
3.91545
3.98293
3.83494
4.46657
4.15048
4.2066
3.37251
3.97827
3.94234
3.88575
3.64232
3.51628
4.00337
3.971
3.64428
3.66105
3.70817
3.70676
4.18753
3.74342
4.07765
3.66597
4.17669
4.05364
4.37194
3.46924
3.83509
3.89629
4.00829
4.01577
3.76242
3.68148
4.06849
3.90522
3.84014
4.18152
3.5364
3.83332
3.91893
3.73629
4.13335
3.59504
4.54668
4.41278
3.69532
3.84649
4.14768
3.81428
3.60682
3.83498
4.29067
3.76021
3.68109
3.9669
3.48694
3.96648
3.98413
4.05889
3.95565
4.05564
3.66618
3.83302
4.43778
3.97171
3.92285
4.03571
3.82477
3.53378
4.13138
4.02323
3.93316
3.78732
3.90329
4.02971
3.95628
3.91381
3.83131
3.68249
4.31453
3.71
3.68918
3.915
3.63727
3.58841
3.67894
3.69684
3.63675
3.74985
3.60695
3.62703
3.40628
4.86475
3.55075
3.91166
3.59075
3.81677
3.79191
3.45074
3.91666
4.05374
3.85113
4.07008
4.38786
4.06179
3.71113
3.64731
3.82558
3.59971
4.35915
3.81395
3.84174
4.31795
3.76109
4.20679
3.69223
3.91219
3.86978
3.75966
4.03579
4.20977
3.7969
3.64391
3.77565
4.26111
3.98835
3.83875
4.40267
3.73759
3.64156
4.09951
3.772
3.71292
4.0795
4.06424
3.85443
4.39053
3.71969
3.79688
4.11848
4.06215
4.06869
3.92746
3.71102
3.81139
3.62528
3.99362
3.67627
3.90785
3.90188
3.44236
3.73695
4.18795
3.82698
4.12038
3.81371
3.79282
4.04181
4.05238
4.25119
3.68604
4.27796
3.90297
3.66068
3.83357
3.80868
4.14979
3.72263
3.83878
4.02735
3.71122
3.9899
3.84292
4.09203
3.39509
3.43812
3.71546
3.74628
4.19631
4.26912
3.73133
3.89966
4.06737
4.40725
4.4123
3.85913
3.48949
3.70215
3.68486
3.81764
3.82705
3.9301
3.8825
3.74178
3.85455
3.73892
4.04829
4.06052
3.63567
4.05802
4.00696
3.8462
3.88766
3.94219
3.83085
4.46216
4.01477
3.91394
3.65213
3.80514
4.08404
3.89324
4.05083
3.85702
3.63802
3.76349
3.44747
4.29716
4.0196
3.4475
3.73943
3.7977
4.17341
3.73032
4.0365
3.95216
4.02642
3.76188
3.72779
3.81053
4.01526
3.73121
3.44164
3.94635
3.73854
3.80199
3.84846
4.09375
3.61096
3.69861
4.34875
4.12684
3.96447
4.0026
4.29755
3.78523
3.90078
3.57047
3.59348
4.22138
3.78293
3.56515
3.95068
3.85294
3.73094
3.71356
4.39075
3.91142
4.05084
4.06791
4.07089
3.82232
4.02772
4.07444
3.77806
3.51648
3.82267
4.05692
3.95898
3.94917
4.09472
3.60939
3.90553
3.83736
3.99622
3.89069
4.26709
3.81827
3.97345
3.76992
3.53305
3.84726
4.00374
4.01941
3.83847
4.33289
3.61628
3.97387
3.45704
3.71104
4.02183
3.57608
3.52677
3.82207
4.05204
4.07698
3.36873
4.01732
3.75627
3.99601
3.2506
4.06823
3.84401
3.67265
3.64505
3.93921
3.71117
3.76839
4.05628
3.73143
3.94526
4.20575
3.5984
4.02864
3.9818
4.32934
3.88095
3.88498
3.8207
3.94136
4.18691
3.73023
3.74397
3.74749
3.8094
3.70896
3.54992
4.35161
3.63938
3.95922
3.69617
3.58623
3.96496
4.08999
3.69589
4.25291
3.47234
4.1202
3.60625
3.8971
3.77504
3.33918
4.15488
3.80569
3.74945
3.77583
3.5799
3.89634
3.79457
3.68945
3.92252
3.89997
3.68362
3.72372
3.83944
3.61908
3.60309
3.99181
4.04496
3.92142
3.68688
3.90479
3.54808
3.64819
3.80722
3.98536
3.74611
3.79557
4.41359
3.72935
4.26343
3.80417
4.11678
3.87241
3.49822
3.83137
3.82123
3.63569
3.7321
3.81347
4.29322
4.00626
3.72041
3.96579
3.68536
4.07998
3.94101
3.68366
3.85464
3.82796
3.69513
3.72213
4.08664
3.69042
4.72365
3.54064
3.58996
3.69674
3.86277
3.69319
3.87763
3.85305
3.83322
3.52659
3.97618
3.52533
3.88157
3.78985
3.62912
4.11796
4.12293
4.46729
3.53226
3.60215
3.63454
3.55583
3.92065
4.26616
4.06126
3.71039
3.73817
3.56625
3.95538
3.76732
3.81977
3.86546
4.17843
3.71412
3.83716
3.9348
4.19033
3.56221
3.98319
3.77754
3.83221
3.77165
3.8011
3.91784
3.77356
3.50308
3.85786
3.50588
3.80632
3.35992
3.62931
3.95962
3.97019
3.90825
3.7706
3.92237
3.83987
3.81685
3.78209
3.71833
3.28428
3.79797
3.79483
3.97418
3.62983
3.68385
3.83833
3.59641
4.41364
4.13336
3.91813
3.65605
4.12575
3.7128
3.6547
3.99448
3.53758
3.92768
3.78753
3.56243
4.33934
3.48559
3.82013
4.54767
3.9189
4.12057
3.8488
3.59761
3.85467
4.15794
3.91352
3.40731
4.03035
4.14562
4.11012
3.76528
3.98575
3.6871
3.70002
3.69376
3.84559
4.0961
4.01741
3.48529
3.6921
3.89533
4.04028
3.79751
3.91209
3.92608
4.53642
4.03183
4.3954
3.86044
4.01499
4.36121
4.08276
3.70183
3.95375
3.85313
3.77208
3.91724
3.58719
4.05657
3.81102
3.77912
3.70107
4.26125
3.79297
3.80955
3.60153
3.78269
3.70905
3.90099
4.10671
3.92202
3.79995
3.87248
3.74625
4.36449
3.98534
4.1956
3.82492
4.10228
3.87317
3.64957
3.70822
3.5296
3.72606
4.1115
4.02565
4.03741
4.38972
3.99432
4.00528
3.75445
3.87307
3.71227
3.77579
3.77203
3.64202
3.7657
3.74863
3.6992
3.80147
3.48651
3.6233
3.75472
3.91003
3.65957
4.02097
3.66693
4.45763
3.56596
3.52722
3.81883
3.70483
3.85467
4.00124
4.16293
3.58739
3.77601
3.66697
4.08892
3.81297
3.79849
3.95981
3.70256
3.81878
3.8309
3.9961
4.08385
3.97288
4.34568
3.67326
3.70895
3.72799
3.78933
4.06703
4.1909
3.54664
3.83939
3.83997
4.33024
4.64515
3.73235
3.94965
3.84402
4.14206
4.11871
3.96168
3.85375
3.89566
3.8739
3.8959
3.54235
3.73776
4.04082
3.71346
4.23646
3.68737
4.35511
4.20047
3.94798
3.81937
4.1434
3.88388
3.9911
4.3252
4.14995
3.92986
3.72708
4.04357
3.90906
4.06774
3.7924
3.83924
3.55031
4.03376
3.54703
3.8857
4.05527
3.77604
3.98191
4.15063
3.89028
3.88612
4.11993
4.10605
3.89477
3.39563
4.01648
3.63628
4.20872
3.90483
3.84027
3.89321
4.29849
3.56539
3.62241
4.17276
3.76944
3.91644
3.46341
3.76456
3.53203
4.04943
3.65363
3.85337
3.87642
3.68473
3.84077
3.69224
3.93592
3.85456
3.81946
3.67286
4.0228
3.61353
4.06354
4.1039
3.82662
3.87206
3.59365
3.70984
3.5324
3.70363
4.08563
3.62584
3.84299
4.0112
3.6074
3.77865
3.81903
3.65364
3.79982
4.01362
3.96659
3.55068
3.71993
3.77022
3.88484
3.84053
3.83695
3.57484
3.96775
4.31465
3.6679
3.69168
3.845
3.7502
3.74623
3.95028
3.56337
3.84444
3.89943
3.77889
4.16201
3.77474
3.77643
4.27281
4.25288
4.32225
3.59501
3.73935
3.80377
3.42952
4.24172
3.94568
3.86632
3.72039
3.99884
3.9513
3.97462
4.6042
3.70014
4.08489
3.906
3.8098
3.70572
3.85615
3.83466
3.94967
3.86429
3.92929
3.81811
4.00391
3.43331
4.12479
3.66086
3.66985
4.29764
3.79143
4.01581
3.83042
3.71326
3.71885
3.68765
3.60816
3.93056
3.63202
3.73745
3.67899
3.76282
3.78133
3.84328
4.31783
3.67333
3.97169
3.67525
4.21652
3.81921
3.52896
3.64461
3.97805
3.62555
4.23712
3.78208
3.60682
4.26893
3.78589
4.19941
3.95766
3.71222
3.71728
4.02213
4.22023
3.80299
3.80466
3.97832
3.94509
3.78127
3.69866
3.66942
4.01988
3.634
3.71824
3.96403
4.28263
3.85034
3.91573
4.04772
3.9534
3.76026
4.03238
3.96373
3.59106
3.97333
4.39587
3.68885
3.55659
3.72799
3.89275
3.839
4.16315
3.83868
3.81126
3.88559
3.54718
4.11149
4.32572
4.05737
3.55058
3.83631
3.81813
3.78489
3.88967
3.86681
4.01211
3.59448
4.05508
4.02031
3.8853
4.31388
3.72713
4.08059
3.59313
4.06885
3.60894
3.83427
3.67477
3.75284
3.62982
3.49592
3.80961
4.31705
4.09335
3.96877
3.36477
3.78863
4.46023
4.48987
3.637
4.08591
4.37719
4.14326
3.62467
3.81755
3.81175
3.70689
3.43038
3.62796
3.72006
3.80451
4.2675
4.12322
4.24971
4.2087
3.78199
4.33035
3.93122
3.62759
3.37313
3.88409
3.85723
3.85559
4.01113
4.01412
3.7923
3.68668
4.14423
3.73968
3.68579
3.83051
3.90198
3.72954
4.07239
4.00918
3.69939
3.69287
3.86949
3.70678
3.56842
4.23038
3.53095
3.61275
3.54652
3.64266
3.91915
3.71263
4.32589
3.81923
4.24126
4.05338
3.7546
4.13296
4.12792
4.19391
4.6055
3.92186
3.76201
3.84545
4.01136
3.8035
4.16184
3.55142
3.9442
3.8387
3.77967
4.06744
4.09243
3.77668
3.97794
4.1399
3.69707
3.92294
3.95135
3.86264
3.73902
3.8196
4.22331
3.8134
4.15857
3.79069
3.63604
3.9196
4.16954
3.98237
3.72365
3.90726
3.92197
3.92592
3.70813
3.89282
4.01136
3.93547
3.8117
4.06318
3.62062
3.9318
3.56953
3.61286
3.66682
3.67917
3.60876
3.9664
3.88296
4.19375
3.69358
4.11158
3.89907
4.05976
3.88095
4.12758
3.85497
3.86569
3.57226
3.81859
4.12504
3.78985
4.12037
3.68436
3.61149
3.81634
3.8668
4.14959
4.00063
3.89583
3.73668
4.24272
4.01224
3.81467
3.50615
3.6348
3.89067
3.84936
3.76989
3.83906
3.96342
4.21255
3.95906
4.02034
4.06148
3.67425
3.78789
3.71617
3.71147
3.62837
4.36791
4.0877
4.05898
4.05118
3.89181
3.90038
3.59662
3.72393
4.13667
3.67838
3.93674
4.16448
3.87402
3.89483
3.7455
3.80393
4.00269
3.79059
4.47929
4.19474
4.07568
3.77368
3.99999
4.03889
3.85204
3.8851
4.01397
3.7494
3.6177
3.67753
3.99957
3.98452
3.73945
3.69524
4.92461
3.6628
3.79451
4.02771
4.01824
3.79838
4.28301
3.95365
3.89047
3.44175
3.85846
3.45051
3.88619
3.92866
4.0842
3.7485
3.50757
3.76242
3.88709
4.42272
3.48804
4.1777
3.80304
3.89634
3.57225
4.06847
3.71539
3.5762
3.67925
3.81219
3.87851
3.80595
4.07709
4.25928
4.01543
3.60435
4.18193
3.76985
3.55988
3.78141
4.03746
3.80312
3.90558
3.67526
3.92931
4.03259
4.13285
3.70709
3.63611
3.8757
3.65351
3.89833
3.99782
3.85645
3.7937
4.07097
4.1621
4.05435
3.98627
3.66201
3.59275
3.9735
4.0033
3.9736
3.70454
3.74647
3.7213
3.4494
3.95041
3.92962
4.13232
3.64635
4.30729
4.1466
3.65268
3.47043
3.86078
3.75562
4.29921
3.85646
3.82012
3.9841
3.87875
3.62698
3.76861
4.2773
3.7322
3.68788
3.9262
4.03507
3.80508
3.57388
3.91399
3.55471
3.8465
3.97384
3.75462
3.85963
3.69304
3.72337
4.0274
4.06834
3.97904
3.55621
4.21236
3.86326
3.56198
3.9237
4.16757
3.94856
3.61931
4.05495
3.80617
4.02301
4.2995
3.62287
3.66762
3.71452
3.92126
4.16394
4.07284
4.09737
3.58742
4.01605
4.09845
3.85763
3.71463
4.01688
4.45485
3.66826
3.72618
3.90761
3.56925
3.98292
3.63393
3.75071
3.69193
3.88807
3.74754
3.86022
4.12157
3.7994
3.86771
3.81207
4.05228
3.85147
3.64037
3.73783
3.7191
4.10723
4.05826
3.84194
4.51004
4.25469
3.93881
4.26063
3.91218
3.49501
3.87973
4.17315
3.97507
3.76195
4.18635
4.22495
4.09452
3.92354
4.05473
3.82765
3.51343
3.91538
3.80717
3.77396
3.59364
3.82607
3.93339
3.96753
3.79081
3.69048
4.04081
4.03885
3.94239
3.86637
4.11416
3.97109
3.87959
3.70855
4.14857
4.26331
4.02036
4.24497
4.02754
4.07032
3.9015
3.78133
4.0619
3.68385
4.44829
3.60278
3.40322
3.79855
3.71457
4.30125
4.06532
3.57306
4.54938
3.84155
3.51239
3.8383
3.76102
3.63288
4.04174
3.79631
4.01067
3.98534
3.99841
3.63093
4.16452
3.84437
3.94878
3.89053
3.7181
4.16461
3.78801
4.10148
3.52326
3.787
3.82325
3.79528
3.5653
3.71015
3.92337
3.82609
3.93444
3.7042
3.73388
3.65746
3.99181
3.87125
3.74023
3.77281
3.82716
4.44979
3.97727
3.54291
3.94015
3.96854
4.09373
3.67683
3.70295
3.91512
3.83036
3.72795
3.84758
4.24386
3.58216
4.08872
4.0962
3.68474
3.86061
3.91612
3.5988
3.82098
3.63031
3.56688
4.02431
3.69229
3.601
3.81162
3.92562
4.36564
4.02068
4.37597
3.49011
4.39835
3.46806
4.08054
3.86153
4.24941
3.47854
3.43438
3.63047
3.89387
3.93989
3.88406
3.82885
4.32736
3.59415
3.97289
4.02948
3.77345
3.75944
4.25038
4.34181
3.60276
4.42977
3.98547
3.93467
3.81386
3.81922
4.02749
3.54097
4.12724
3.8058
3.9442
4.10458
3.72028
3.59345
4.26826
4.30323
4.35757
4.03237
4.13683
3.94422
4.25375
3.64598
4.22858
3.64375
4.24249
3.92855
3.65447
3.7778
4.13936
3.79408
3.94808
3.60029
3.79761
3.6352
4.0318
3.8275
4.30546
3.79279
3.88079
3.95053
3.92601
3.65953
3.89472
4.1971
4.12347
3.57994
3.72874
4.13622
3.54941
3.75406
3.5651
3.87114
3.40945
3.70096
4.00773
4.10269
4.0685
3.84617
3.65081
3.80134
3.42978
4.07111
3.84275
3.632
4.07442
4.13594
3.69543
3.86041
3.8803
3.77711
3.99251
4.30534
3.76037
4.38932
3.62608
3.75973
3.43768
3.87182
4.06161
3.54771
4.16067
3.51797
3.70446
3.9096
3.73426
3.67556
3.50882
3.65179
3.76304
3.68584
3.61592
3.79176
4.2421
3.89428
3.49059
4.14762
4.09522
3.9773
3.83044
4.53068
4.14277
3.9699
3.61446
4.27731
3.93134
3.9753
4.15678
3.89696
3.8615
3.883
4.4138
3.65752
3.56174
3.84777
4.53106
4.26317
3.98048
4.39256
4.21716
3.66221
3.86741
4.1206
3.69172
4.48445
3.96719
3.77214
3.87106
3.8197
3.77562
3.97646
3.9772
4.07288
3.68864
3.81695
3.60998
3.92881
4.42333
4.01685
3.97894
3.69611
4.3673
4.19235
3.90321
3.43738
3.87212
3.97206
3.94453
4.31334
3.57293
3.72182
3.90226
3.58184
3.79774
3.59737
3.67565
3.93664
3.76384
3.83858
3.93713
4.15329
3.90725
4.27476
3.73463
4.10166
4.29109
3.7837
4.1538
3.52178
3.85593
3.49792
3.81168
4.18811
4.02864
3.97179
3.98446
4.1209
3.7575
4.24042
3.79954
3.83976
3.87664
3.73296
3.90988
3.68077
4.03878
3.78252
3.85264
4.01753
3.72199
3.81317
4.06939
3.65232
3.77732
3.9564
3.89144
4.4302
4.15226
3.82457
4.07101
4.00817
4.39499
3.66969
4.07186
4.00633
3.91295
3.57194
4.10482
3.8134
3.92186
3.74077
3.93346
4.06736
3.83031
3.87612
3.8458
3.99694
3.76558
3.80054
3.78933
3.56683
3.69731
3.71217
4.73867
3.67901
3.86877
3.81741
3.54102
4.4286
4.18219
4.07604
3.92939
3.53938
4.09735
4.00533
3.99422
3.96055
4.08716
3.95729
4.14955
3.63154
3.66051
3.75519
3.90745
3.5948
3.63587
4.00362
3.87688
4.23387
3.97531
3.89764
3.87699
3.49824
3.52585
3.78574
3.47776
3.71049
3.7521
3.70149
3.77173
3.7537
3.78196
3.96214
3.9682
3.76987
4.03447
3.84844
3.96126
3.91761
3.9779
3.60402
3.98334
4.06031
3.80295
3.45732
3.89832
3.78583
3.9213
3.74425
3.93529
3.77694
3.6174
3.83744
3.74976
3.73881
3.97411
3.73492
3.74337
3.93412
3.96264
3.98246
3.71979
4.18946
3.96627
3.70891
3.75434
4.18934
3.75993
3.60518
4.12372
3.60671
4.26063
3.99971
3.46426
3.7181
3.60427
3.98307
3.65489
3.79329
3.75961
4.10365
3.74882
4.07763
3.82237
4.32217
4.1294
4.2658
3.75532
3.7229
4.25946
3.66519
4.11902
3.74204
4.03664
4.47185
4.26818
3.29994
3.53496
3.68563
3.77215
4.13773
3.6292
3.8452
3.92146
3.94388
3.86772
3.65927
3.68405
4.52101
4.3785
4.70732
4.23299
4.37315
3.90603
3.72422
3.95481
3.53516
3.60677
3.72929
3.8959
4.1154
3.83023
3.88588
3.88035
3.41317
4.03623
3.95378
3.9215
4.0313
3.87159
4.20274
3.84068
3.78214
3.89349
3.79287
3.93194
4.2138
4.01775
3.95147
3.80695
4.28372
3.76747
4.01665
4.49312
3.633
3.58258
3.64688
4.01297
4.05252
4.10306
3.80302
4.00261
4.23185
3.75046
3.744
3.59504
4.32185
3.59016
3.64841
3.83802
3.82277
3.95378
3.80779
3.87202
3.69447
4.02614
3.69437
4.00348
3.88253
3.54598
3.62159
3.74005
3.62729
3.9628
3.90951
3.57983
3.87501
4.4026
3.56485
3.83899
4.0869
3.94743
3.81654
3.93919
4.12126
3.66349
4.05722
3.52126
4.05804
3.98915
3.83025
3.94858
4.07952
3.60273
3.95365
3.8996
3.57973
3.80925
4.15644
4.10804
3.87925
3.61646
4.13636
3.7961
3.83819
3.67771
3.86814
3.84871
4.07078
4.08777
3.68671
3.71242
3.74862
3.93819
3.84791
3.78829
3.91226
3.63699
4.11745
3.82411
3.6695
4.20386
3.47603
4.13356
3.5638
3.83252
3.67422
3.66881
3.73522
3.85832
3.8195
3.69629
3.89752
3.67522
3.75408
4.15048
3.67862
3.59919
4.16864
4.03702
4.39161
3.85342
3.92673
3.87441
3.68602
3.82356
3.95059
3.86586
3.82992
3.98344
3.91003
3.68103
4.1217
3.8852
3.65943
4.4391
3.53283
4.26059
3.67717
3.82815
4.02017
3.60985
3.74464
3.37751
3.91044
3.87567
3.76497
3.80337
3.99744
3.77579
3.8135
3.77797
3.69204
3.92713
3.70254
3.74478
4.10346
3.59533
3.87846
3.85936
4.59552
4.07821
3.55376
3.77702
3.66415
3.43308
3.88923
3.94717
4.0186
4.08034
4.00393
3.90184
3.88437
3.91316
3.89769
3.96286
3.86365
3.94954
4.0177
3.98749
3.78997
4.56884
4.12051
3.95213
3.83684
3.9903
3.53566
3.8547
3.88571
4.04709
3.96098
4.17439
3.90604
4.03719
3.70452
3.93296
3.94747
3.86209
3.85341
3.84005
3.67875
3.96221
3.88637
3.65093
3.90955
3.86281
3.58507
3.72627
4.18117
3.87471
4.04092
4.04139
4.1393
3.68678
3.82015
3.92703
4.18221
3.96874
3.67412
3.8116
3.92964
3.75839
3.90886
3.47087
3.81402
3.7176
4.08971
3.8931
3.74495
3.82902
4.39104
3.74377
3.84871
3.86097
3.52239
4.10931
3.7886
3.46778
3.52231
3.6958
3.79473
3.80335
4.08825
3.68976
3.8726
4.05716
4.0382
3.94793
4.12348
3.83159
3.78822
3.63943
3.95915
3.84918
4.15805
4.37909
4.21434
3.71528
3.76882
3.84645
3.7741
4.08731
4.24009
3.70752
4.02511
3.89016
3.86465
4.01728
3.89418
3.93532
3.91631
3.7988
4.15432
3.74247
3.70645
4.04079
4.15688
3.56615
3.82377
4.19183
3.84252
3.90921
4.0474
4.37608
4.24131
4.29511
3.8934
3.58435
4.11071
4.07615
3.86646
4.02668
4.18107
3.97436
3.9314
3.70611
3.6687
4.0024
3.77758
3.76035
3.80407
3.52322
4.03004
4.10175
3.74654
4.23645
4.10088
4.13761
3.97455
3.87698
3.97524
3.80787
3.63666
3.77923
3.65974
3.72497
3.71306
3.79343
3.63962
3.72501
3.77873
4.17195
3.8565
4.24283
3.68112
3.73966
3.90594
3.78053
3.86444
3.97565
4.079
3.78807
4.00754
3.47361
4.03673
4.12745
4.79426
4.13098
3.90202
4.21427
4.09792
3.75702
4.26673
4.00918
4.31225
3.57793
3.52751
3.71642
3.71972
4.02455
3.74738
4.08022
3.64237
3.86723
3.55744
3.67286
4.02664
4.31484
3.66106
3.73624
3.90403
3.88596
3.69158
3.9609
3.79458
4.01788
4.06971
3.65397
3.88163
3.7551
4.07023
3.67466
3.59143
4.11522
3.85027
3.79254
4.01941
3.70878
3.78228
3.81726
4.09562
3.60019
3.95871
4.30867
3.68275
3.5643
3.80643
3.82801
4.23892
3.67982
3.80817
3.69372
4.03393
4.05887
3.636
3.39367
3.89808
3.67011
3.87369
3.50777
3.83381
4.15416
3.88106
3.74203
4.10228
3.59665
4.08758
3.83904
3.96729
3.76805
3.48907
4.08429
4.02097
4.22736
4.26313
3.66558
3.53587
3.49902
3.82809
3.82741
3.85971
3.74127
3.96934
4.25758
3.83593
4.00388
4.13312
4.12287
3.71571
4.39866
4.00153
3.89986
3.5895
3.62472
3.65504
4.03156
3.95036
4.11848
3.40616
3.99626
3.85368
4.25244
3.92616
3.69831
4.21501
3.82085
4.03595
3.89196
3.73066
3.96435
3.79551
3.66134
4.57651
3.71028
4.08964
4.35008
3.93929
3.93533
3.84124
3.81503
4.07268
3.81166
3.61762
3.70969
3.96496
4.16115
3.81967
4.19175
3.78073
3.57191
3.98141
3.97259
3.84677
4.41474
4.30847
3.74168
3.97105
4.21604
3.59408
4.1072
3.68787
4.08182
3.50461
3.92536
3.47292
3.98017
3.9845
3.9378
4.23204
3.87515
3.78183
3.55458
3.76369
4.20607
4.3871
3.817
4.16338
4.04891
3.98824
3.9655
4.22078
4.54405
3.80508
4.04903
4.39895
3.82676
3.78253
4.10977
3.68491
3.85776
3.84101
4.22141
3.88561
3.84168
3.98746
4.10955
4.12003
3.8414
3.94619
3.67539
3.62592
4.17913
3.6221
4.03932
3.58341
3.87214
4.0865
3.8678
4.26865
3.87879
4.18785
3.85137
3.708
3.62177
4.04755
3.85802
4.25329
3.48608
3.40555
4.43334
3.72108
3.83665
4.50981
4.13867
4.06679
4.22872
4.01325
3.97667
3.85077
3.50696
3.95034
4.28223
3.97217
3.73413
3.65779
3.81948
4.06622
4.11014
3.86149
3.78495
3.68546
3.58391
3.53461
3.92279
3.9115
3.67471
3.84561
4.0506
3.66102
3.62792
3.88751
4.24917
4.18751
4.12463
3.74725
4.14577
3.69207
3.80869
4.01325
3.98297
3.79794
3.81303
4.23223
3.78209
3.77375
4.39591
3.88564
3.57395
3.90977
3.68017
3.71372
4.04836
3.63309
4.27679
4.19557
3.88465
3.94686
4.06848
4.36094
3.92752
4.05585
3.62413
3.83584
3.90362
3.78845
3.91742
3.7674
3.83241
4.07846
3.937
3.77706
3.99481
3.72887
3.62944
3.32065
4.09394
3.95615
4.10765
3.75424
3.89672
4.10391
3.73643
4.06835
4.04875
3.74085
3.86015
3.91814
4.11992
4.13727
3.76515
3.93314
3.81621
3.6857
3.92825
3.69724
3.83686
3.85131
3.93846
4.17512
4.02915
4.5165
4.04906
3.77715
3.73139
4.17068
3.83672
3.57434
4.5197
3.91778
3.62532
3.78395
3.6046
3.82505
3.60833
3.73573
3.91767
3.66825
3.52216
3.97739
4.20344
3.92318
3.91194
3.6588
4.34951
4.073
3.84641
3.79035
4.02085
3.73388
4.09014
3.59294
3.66128
3.98847
3.69205
4.04144
4.18242
4.09534
3.6556
4.05651
4.40969
4.28506
3.74783
3.74007
3.5877
4.16354
3.75012
3.69298
3.53964
3.72949
3.77211
3.95552
4.23582
3.79355
3.92364
4.22134
3.70041
3.73673
4.06942
3.8736
4.17346
3.79517
3.58622
3.57677
4.71631
3.83278
3.69446
3.73541
3.90004
3.82645
3.87464
3.89182
3.85605
3.8572
4.01282
3.76089
4.44333
3.55741
3.57104
4.10257
3.73428
4.07241
4.11595
4.0721
3.65611
4.30899
4.0191
3.77443
3.55811
4.0196
4.14107
3.99537
4.06793
4.14649
4.02552
4.35817
3.85951
3.99441
3.67916
4.2375
3.81044
3.89128
4.18585
3.86105
4.06073
3.94302
3.98432
3.56703
4.11556
3.62638
3.86878
3.81881
3.56864
3.52927
4.12286
4.11509
3.99763
3.94176
3.54438
4.09627
4.22515
3.86937
3.86149
3.85514
3.6052
4.32617
3.65762
4.00451
4.13223
4.18581
3.84856
4.11148
4.16224
3.681
4.06271
3.78726
3.57391
3.96887
3.95147
3.96674
3.91214
3.94955
4.05375
4.18119
4.06527
4.10396
3.84976
3.55116
4.12611
3.67891
3.89733
4.59198
3.80329
3.86542
3.59838
4.45812
4.22932
4.01034
3.71777
3.74877
3.67524
3.90893
4.29042
3.79585
3.62045
3.7586
4.08771
4.13364
3.94009
4.18943
4.17821
4.35584
3.64811
3.77734
4.16824
3.90433
4.48822
3.72836
4.04001
4.23267
4.39092
3.75134
3.88124
3.56696
3.9898
3.6449
4.01085
4.3443
3.72801
3.87081
3.72558
3.90593
3.82459
3.93325
4.32191
3.82115
3.63878
3.69834
3.6024
4.04824
3.81989
4.34079
3.51303
4.09635
4.16187
3.91956
4.16003
3.68323
3.86919
3.9934
3.79415
3.68809
3.86389
3.96178
4.08708
3.78696
4.03986
3.99263
4.0078
3.92575
4.06197
3.62294
3.92067
3.78723
4.2092
3.89161
3.5727
3.59941
3.7917
4.0003
4.15292
4.19136
4.13828
3.96779
3.50089
3.83276
3.86656
4.02861
3.8702
3.73573
3.97374
3.70173
4.3067
4.09712
4.19173
3.72142
3.81767
3.82243
3.92679
4.15472
3.9455
3.76096
3.81256
3.49506
3.62073
3.4647
3.95331
3.57414
3.83017
3.82265
3.98581
4.05258
4.05223
3.8171
3.82124
3.54062
3.83945
4.04104
3.81354
3.94998
4.50406
4.12789
3.73469
3.65885
3.75041
4.13488
3.79219
3.9608
3.96406
3.7201
3.85577
3.96336
4.19015
4.09976
3.65526
4.19675
3.85279
3.79922
4.54592
4.30575
4.32241
3.72093
4.16167
4.09204
3.81423
4.04756
4.01309
3.84719
3.86452
4.05071
3.66314
3.66406
3.89019
3.91968
4.11648
3.46557
3.93889
3.52263
3.99311
3.77313
3.643
3.77585
3.96702
4.3758
3.87266
4.17679
4.1492
3.77568
3.77904
3.97228
4.05287
3.76666
3.97633
4.01208
3.98562
3.71965
3.48388
4.49363
3.6602
3.61166
3.72282
4.02529
4.9216
3.71178
4.02109
3.82602
4.56385
4.20244
3.81827
3.40324
4.05021
3.71094
4.26445
3.90815
3.53561
4.18771
4.15036
3.94467
3.98077
3.90252
3.97704
3.76298
3.94649
4.15849
4.30294
3.71109
4.2475
3.90079
3.85932
3.64297
3.42365
3.8154
3.8432
3.63856
3.75573
4.00271
3.68685
3.73441
3.82628
4.2538
3.49057
3.55749
3.76251
3.3449
3.79358
4.18904
3.88761
3.99248
3.98047
3.99781
3.95091
4.071
4.08212
4.01781
4.68053
4.02298
3.90483
3.92845
3.47207
3.74912
3.84947
4.01807
3.77513
4.09145
3.68937
3.97511
4.05927
3.73694
4.30237
3.69279
3.91448
4.17012
3.86046
4.05787
3.70238
3.96237
3.84838
3.91593
3.92345
3.82129
4.07938
3.35848
3.91857
3.88845
3.6583
3.76385
4.07388
4.32276
4.31083
3.79219
3.53424
4.07477
4.15164
4.01932
3.84802
3.73613
4.23342
4.03317
3.75127
3.67483
3.48231
3.74231
3.82218
4.11736
4.08216
3.75059
3.94768
3.77911
4.03485
3.66198
3.7412
3.69716
4.01275
3.90188
3.95532
4.07636
3.64038
3.6553
4.10319
3.92549
4.07648
4.13341
3.88701
4.0236
3.41881
3.4204
3.89342
3.72874
3.84815
3.92764
4.28665
3.7905
4.01521
4.03463
3.71126
3.87017
3.67634
3.69153
3.99358
3.97622
3.54666
3.54526
3.99692
3.76627
3.71398
3.93146
3.80313
3.92564
4.12608
3.92921
4.01389
3.90969
3.44177
4.22731
3.97284
3.71506
3.9389
3.90002
3.63693
4.60167
3.70237
3.59214
3.61728
3.88091
3.56437
4.35395
3.72124
3.82386
3.80341
3.93175
3.51175
3.72661
3.88444
3.57917
3.97548
3.95768
4.1347
3.65072
3.75964
3.90499
3.6234
4.25672
3.85012
3.86288
3.57839
3.75781
3.85506
3.67324
3.76078
4.12646
3.98239
4.40207
4.18662
3.81632
3.83862
3.69785
3.96623
3.82044
4.28165
4.0283
4.36755
3.85425
4.00656
3.96842
3.46733
4.30109
3.7326
3.9438
4.17044
3.7926
4.03663
3.72189
3.79201
3.92723
4.06793
4.52948
3.9125
3.78705
3.98992
4.03167
3.98896
4.17204
4.3255
4.05407
3.64291
3.74684
3.76675
4.19782
3.87759
3.75813
3.78708
3.85156
3.84053
3.86945
4.24355
3.62654
3.92162
3.64513
4.04893
3.94578
4.08085
4.04522
3.73297
3.65534
4.10915
3.33661
4.03636
3.89849
3.68961
3.82018
3.99724
3.84785
3.68935
3.78515
3.6231
3.69667
3.82627
3.68312
3.87684
3.78437
3.91364
3.64712
3.83582
4.08178
3.81943
4.09911
3.62819
3.86423
3.94479
3.77995
4.11136
3.46849
4.13309
3.78043
4.23392
4.05685
4.10322
3.81478
3.91496
3.90917
3.70978
3.74955
3.57411
4.48936
3.83327
3.67874
3.76239
3.66107
4.31487
3.57647
3.7254
3.9644
3.872
3.74923
3.84481
4.01299
3.50601
4.0613
4.14484
3.86212
4.02734
3.86583
3.80529
3.89657
3.40269
4.27345
3.73875
3.72259
4.14113
3.62092
3.68829
3.68378
3.87819
3.92738
3.89814
4.5996
3.59907
4.3721
3.77764
3.83213
4.42641
3.45676
3.94372
4.22733
3.85626
3.79978
3.87835
3.64289
3.76989
3.95094
4.07524
3.86968
3.86126
4.3278
4.28206
3.72471
3.93326
3.74917
4.02296
4.08162
3.85684
3.82003
4.11108
3.66097
4.02417
3.76226
3.93206
3.95931
4.27372
3.98356
3.65128
4.28955
4.17508
3.72172
4.03714
4.63876
4.0928
3.62092
3.59928
3.92728
3.75305
3.61958
3.69411
4.1169
3.70322
4.12935
3.85163
4.25288
4.08446
3.64028
3.78852
4.02457
4.43147
3.96082
4.30801
3.72271
3.89058
3.80473
4.07409
3.85221
3.93654
3.81503
3.72227
3.80251
4.19446
4.02719
3.69213
3.8935
3.56831
3.64376
3.65398
3.91626
3.62623
4.22255
3.94713
3.83864
3.84205
3.67541
3.99357
3.89691
3.73802
3.85751
4.18734
3.87495
3.71284
3.48735
3.77715
3.83977
3.47173
3.67687
3.77511
3.64909
3.79478
3.90646
4.03641
3.82326
3.84422
3.95105
3.6234
4.15873
3.53107
4.1698
4.52478
4.06353
3.76802
3.92671
3.72684
3.61744
4.01999
3.59604
3.74872
3.79709
3.93066
4.26407
3.69263
4.53697
3.65464
3.64438
3.96936
4.7435
3.69797
3.54076
4.06848
3.84092
3.81562
3.70995
3.68999
3.78873
3.92601
3.79608
4.15274
4.01896
4.2449
3.96148
3.89099
3.81479
3.74592
3.70837
3.84355
3.94679
3.76087
3.45453
4.44478
3.93521
3.85845
3.63636
3.9371
3.95073
4.15735
3.78819
3.85597
3.92038
3.74759
3.53292
4.02856
3.89389
3.70793
4.10933
4.06126
4.15533
4.38436
3.6852
3.56589
3.97423
3.76729
3.50726
3.959
3.8484
3.83239
4.37028
3.62438
4.18802
3.99201
3.97801
3.79634
4.1778
4.54712
4.00144
3.99916
3.75762
3.78389
3.86888
3.70282
3.81323
4.18445
3.41573
4.06622
3.68032
3.94577
3.80715
4.18801
4.05211
3.58047
3.53436
3.84646
3.74933
3.73791
4.12601
3.95768
3.63303
3.70274
3.46344
3.86263
4.14475
3.94984
3.71598
3.83302
3.89051
4.08252
3.73397
3.87566
3.91868
4.16366
3.71706
4.13108
4.13091
3.88233
4.08597
4.44221
3.74215
4.04311
3.89516
3.87703
3.69958
3.88663
3.34892
3.65588
4.16029
3.53221
3.93418
3.9932
3.9637
3.80686
3.93709
4.49941
4.11227
4.01094
4.38486
3.61388
3.95489
3.68995
3.59444
3.47388
4.07237
4.33809
3.8609
4.13301
3.6804
4.13507
3.50858
3.85033
4.18089
3.76456
3.73638
3.84008
3.6746
3.52191
3.7438
3.91922
3.65641
4.33331
4.1155
3.57531
3.4625
3.62838
3.74282
3.84431
3.76885
3.96131
3.62579
3.61833
3.74936
3.84127
3.72447
3.92412
3.95554
3.79124
3.85559
3.78969
3.83651
3.7607
4.14867
3.34039
3.71906
3.72832
3.92567
4.18061
3.88196
3.54371
3.71942
3.67462
4.21873
3.5649
4.06964
3.99108
3.87933
3.77499
3.72667
3.8055
3.99487
3.83852
3.85923
3.77747
3.91034
3.72925
3.93561
3.90726
4.28032
3.54135
4.43121
3.70815
3.85371
3.89752
4.02831
3.8618
4.14951
3.9854
4.01313
3.67485
4.03817
3.56561
3.84317
3.82683
3.56551
3.91403
3.97343
4.132
3.98222
4.31914
3.74633
3.59591
4.02029
3.85952
3.6218
3.47877
3.77844
3.94098
4.11113
4.42142
3.95496
3.81742
3.7006
3.78182
3.8641
3.89662
3.7107
3.94977
3.78517
3.98378
3.93551
4.15581
4.23431
3.89796
3.80765
3.66358
3.65804
3.74103
4.1111
3.69028
3.78752
4.07344
4.17435
3.89396
3.71788
3.94181
3.63894
3.72704
3.97427
4.24353
3.74808
3.77824
3.57612
3.97086
3.615
3.75429
4.35918
4.30017
4.14333
3.87398
4.01904
3.82116
3.87352
3.82291
3.65737
3.8945
3.92645
3.54385
3.50775
4.09175
3.48274
3.58019
3.51034
3.70458
3.71437
4.0832
3.73474
3.71946
3.9543
3.63401
3.8013
3.82404
3.9326
3.52152
3.87834
3.96736
3.72494
3.72237
4.27819
3.72823
3.77321
3.71681
3.97291
4.02222
3.91898
4.43651
4.15168
4.05982
3.55879
4.05737
4.05202
3.86603
3.66274
4.25609
3.81478
3.63945
4.16813
3.69869
3.7906
3.65982
4.03716
4.02648
3.76139
3.89752
3.65153
3.55195
3.71115
3.71813
3.83514
3.59958
3.97787
4.23924
3.81922
3.82572
3.79103
3.82695
3.933
4.09109
3.6579
4.00205
3.61043
3.77187
3.79952
4.15968
3.81713
3.70636
4.00144
4.00211
4.09682
4.08194
4.04762
4.0908
3.95767
4.31199
3.84105
3.42288
3.7206
3.72263
4.16727
3.67073
4.04258
3.44023
4.19108
4.28249
3.74153
3.82955
3.74656
3.8144
3.74997
3.99165
4.22914
4.17535
3.96914
3.63774
4.06489
4.1293
4.29892
4.2803
3.78884
3.95619
4.20412
4.14214
3.8683
3.86263
3.78301
4.087
3.75773
4.02316
3.69606
3.92512
3.6008
3.82669
3.92487
3.73798
3.68615
3.78869
3.90327
3.62743
3.61033
3.55717
4.48729
4.29439
3.58624
4.48828
4.04664
4.07414
4.20976
4.06014
3.63897
3.64319
3.97097
4.14861
3.60634
3.80082
4.33821
3.78006
3.91208
3.60501
3.57903
3.50696
4.13969
3.6809
3.70948
3.79841
3.97929
4.14352
3.99322
3.54846
3.89369
3.87847
3.76316
4.01634
3.87783
3.93397
3.93297
3.73005
4.18186
3.79227
4.01195
3.68061
3.7554
3.67277
4.10519
3.59012
4.21269
3.88979
3.71087
3.74009
3.91405
3.75743
3.73391
3.66601
3.74151
3.82291
3.60534
3.66018
3.74155
3.71266
3.89203
3.83561
3.52291
3.72017
3.9649
3.7981
3.98922
3.67781
3.89816
3.8362
3.77762
3.65802
3.95388
3.61062
3.93282
3.7113
3.65861
3.86969
3.7688
3.83405
3.59142
4.01019
3.67638
4.02546
3.82044
3.92095
3.85113
4.17982
3.88641
4.31272
3.92917
3.7812
3.94854
4.11498
3.54232
4.2712
3.56556
3.84392
4.15525
4.33216
3.9445
3.63855
3.85268
4.0881
3.42721
3.94385
3.47717
4.00283
3.69759
3.89781
4.06918
3.55788
4.74478
4.20787
3.81458
3.8898
3.56159
4.16014
3.90286
3.89847
3.88291
3.76754
3.7623
3.88187
3.95666
4.00814
3.78042
3.72083
3.86172
3.92344
3.90059
4.03975
4.18572
4.22221
4.21201
4.40648
4.16076
3.56919
4.21941
4.41365
3.56282
4.13037
3.90826
3.94011
3.7135
4.05064
4.08993
3.83024
3.8771
4.14687
4.246
3.90407
4.27178
3.8129
4.22662
3.79675
3.59311
3.86365
3.78288
4.16076
3.98219
3.70701
4.02781
3.78962
3.79392
4.25214
4.47651
3.94725
3.58437
3.87435
3.76705
3.89843
3.93578
3.63938
4.00186
3.64703
4.30981
4.10758
4.08287
3.94199
3.58824
4.00253
3.63654
3.80464
3.85898
4.045
4.02455
3.94355
3.8385
3.93236
3.99392
4.00295
3.72465
3.8885
4.22378
3.98632
3.71479
4.10928
3.68829
4.22159
3.81906
3.74063
3.69094
3.53621
4.02031
3.8357
3.80001
3.85962
3.83324
4.00946
3.53943
4.04191
4.30953
3.7024
3.8729
4.08564
3.49907
3.934
3.75707
3.98066
3.52342
3.84712
3.62256
3.79043
3.87771
3.68617
3.8518
4.04188
3.81923
3.93958
3.68707
3.77126
3.57087
4.11391
4.13539
3.42163
3.82871
3.96204
3.88219
3.81909
4.17495
3.64897
4.19098
3.82437
3.56535
3.8325
3.79877
3.81072
4.05165
3.7822
3.75792
3.68923
4.03302
3.60983
3.94739
4.6507
3.86047
3.78613
3.83577
4.10199
3.8134
3.81836
3.6514
4.47404
4.19075
3.94334
3.54586
4.03419
4.32531
3.75552
3.69814
4.02955
3.95844
3.82765
3.96436
3.95858
3.98427
3.55067
4.04573
3.5648
3.72171
4.06763
3.98309
4.0091
3.62673
3.91848
4.81226
3.66539
3.89344
3.76604
3.7544
4.10119
3.69612
3.80217
3.79406
3.83649
4.32567
4.15285
3.76675
3.69213
3.8955
4.07933
4.2108
4.14094
3.38968
3.61881
3.6861
4.02622
3.65223
4.4258
3.71276
3.9253
3.72688
3.75845
3.75771
4.04941
3.93901
4.04705
3.654
3.84337
3.73807
3.93747
4.06679
3.66007
3.73249
3.50122
3.57586
4.35511
3.73733
3.57465
3.87536
3.84201
3.92689
3.73326
4.21232
3.73404
3.99906
4.10616
3.4719
4.19072
3.61039
3.93294
3.95307
3.87797
4.05121
4.06936
3.68279
3.64853
3.97497
4.16904
4.21751
3.88653
3.98585
3.78313
4.13852
3.69337
3.90324
4.42224
3.48393
3.72524
3.55124
3.89778
4.04118
4.22738
4.26271
3.99928
3.88082
3.76079
3.84741
4.06695
4.19676
3.58564
3.78533
4.05066
3.92317
3.73047
3.84979
3.77333
3.94645
3.97744
3.66244
3.60132
3.54719
3.87916
3.39572
4.10402
3.94772
3.54069
3.78642
3.45455
3.8568
3.84626
3.41121
4.22982
3.80516
4.11866
4.2269
4.01675
3.95678
3.96719
4.37273
4.06334
3.67112
3.80443
3.65146
4.00447
3.46185
3.53461
3.77245
3.89827
3.7526
4.27937
4.063
3.74079
3.77552
3.76323
3.80925
3.95378
4.00543
4.5045
4.1902
3.91938
3.83395
3.99308
4.13194
3.99988
3.5974
3.97456
3.71848
4.15553
4.0931
4.08196
3.94918
3.94544
3.81912
4.30075
3.55471
4.05016
3.74229
4.01266
3.57232
4.06804
3.64935
3.95034
3.95545
4.05268
3.78323
3.85164
3.76541
3.71516
4.29728
3.62383
3.96986
3.83849
3.81144
3.94143
4.128
3.6872
3.65984
3.84316
3.91521
4.00887
3.92496
3.885
3.727
4.09025
3.85916
3.41642
4.38429
3.77726
3.66302
3.72857
3.93277
3.9335
4.01938
3.55157
4.24047
3.66398
3.9854
3.9638
3.61198
3.75522
3.86648
4.07316
3.4832
4.27212
3.6993
3.95336
4.09686
3.53009
4.46035
3.83781
4.09876
3.93368
3.73656
3.78103
4.29829
3.83896
4.35964
3.77467
4.01434
3.88545
3.87012
3.69512
4.39686
4.10689
3.93707
3.87965
4.30213
4.09193
3.81174
3.79681
3.71813
4.33805
3.77821
3.5335
3.96456
3.84308
3.76674
4.23585
4.39907
3.63793
3.52717
3.97794
3.89545
3.89271
4.06474
3.91052
4.00214
3.43094
3.74284
3.73331
3.96911
4.25454
3.64502
3.72499
4.04457
3.64573
3.91781
3.9362
3.96354
3.6946
3.7164
3.68811
3.49234
3.8375
3.52565
3.89116
3.69717
3.96433
3.66367
4.20439
3.92299
4.03179
3.77237
3.86594
3.75295
3.85913
3.88897
3.99773
4.0217
3.58027
3.97728
3.76962
3.66572
3.77303
3.87475
3.73854
3.80772
3.91509
3.75096
3.98428
3.70241
3.93005
3.87285
3.69754
3.8192
3.96033
3.97501
4.48466
3.86189
3.8601
3.73852
3.5378
4.10324
3.43594
4.31713
3.81645
3.52103
3.6612
3.99086
4.01135
3.93964
4.22725
3.79774
3.85367
3.90362
3.74154
3.98974
4.07207
3.71387
3.86469
4.03773
3.69928
3.74137
3.77353
3.53348
3.91046
3.70759
4.02805
4.04929
4.06589
4.39978
3.8279
3.60038
3.90854
3.98283
3.87773
4.15776
4.28418
3.87217
3.95406
3.54275
3.68045
3.96572
3.97385
3.60674
3.48367
3.85825
4.12748
3.92799
3.93343
4.3715
3.90324
4.45478
4.33763
3.98274
3.72252
4.2734
3.63535
3.50626
3.68237
3.78683
4.09341
3.73794
4.4232
3.68065
4.04615
3.55795
3.79943
3.9762
3.60557
4.439
3.81853
4.34149
3.74264
3.96945
3.78456
3.72964
4.23182
4.14992
3.93407
3.93374
3.92819
3.80528
3.90645
4.40665
3.59324
3.87086
4.0145
4.1647
3.91814
4.1323
3.63431
4.00877
4.31566
3.74128
3.8658
3.83909
3.82615
3.86052
4.13277
3.79135
4.0462
4.29167
3.90817
3.57383
4.22578
3.41461
3.93859
3.7848
3.96777
3.77644
3.66201
3.93473
4.09742
3.91045
4.40331
4.07905
3.59549
3.89706
4.41706
3.82364
4.43002
3.58747
3.91799
4.08672
4.36465
3.53171
3.55011
3.81463
3.90117
3.78062
3.99117
3.5714
3.55955
3.81031
4.07873
3.66216
3.8748
3.89858
4.0015
3.85452
3.86741
4.28346
4.0009
3.90707
3.92744
3.56082
4.17542
4.14217
4.1624
3.68249
3.66573
4.05609
3.65648
4.22812
3.83134
4.05296
3.74464
3.86805
3.59927
4.14521
3.82045
3.85725
3.79167
4.36239
3.85483
3.61903
3.65544
4.02293
3.91819
4.02958
4.06229
3.8974
3.73933
3.87109
3.801
3.5998
3.86458
3.49546
3.82774
3.84227
3.92422
3.86166
4.19016
3.6183
4.33365
4.1731
3.79103
3.9115
4.28156
4.12289
3.794
3.48194
4.1949
3.66628
4.005
3.67327
3.57215
3.95804
3.93416
4.07366
3.6866
3.95009
3.65931
3.73359
3.71684
3.8941
3.94779
4.03
3.82888
3.78534
3.75038
4.14469
3.84125
4.26377
3.6949
3.623
3.55656
4.50149
3.73552
3.90234
3.99148
3.62505
4.07248
3.90258
3.45569
3.81535
3.91696
4.15936
4.60103
3.98758
3.74396
3.87349
4.03866
3.90409
3.85693
4.04164
3.83879
3.88372
4.02553
3.70739
4.16606
3.858
3.68761
3.56137
3.74843
3.75418
3.85845
3.79088
3.37749
3.64801
4.02068
4.0695
3.7692
3.88616
3.96263
4.15356
4.02069
3.93235
3.4917
4.3619
3.82491
3.94809
4.43823
3.73433
3.65643
3.84971
4.07032
3.82432
4.19831
3.68779
3.57115
4.08612
3.49976
3.7858
4.11052
3.68422
3.77627
3.61429
4.47691
3.90907
3.7632
3.47325
4.04147
4.068
3.72435
3.99234
3.87224
3.71441
3.57213
3.86656
3.47005
3.634
3.65207
3.44707
3.8463
4.10826
4.04167
3.74608
3.6506
3.87464
3.71669
4.05164
4.01598
4.21325
4.23817
3.88407
4.1101
3.79758
3.83493
3.68452
3.86893
3.79839
4.03261
4.59082
4.2781
3.67892
3.83627
3.93924
3.92746
3.91294
3.53874
3.59982
3.49479
3.6909
3.74
3.84754
3.66365
4.43224
3.6109
4.00283
3.79207
3.99176
3.88424
3.61015
3.81311
3.7185
4.01708
4.10093
3.71315
3.55809
4.02291
4.01839
3.93325
3.66011
3.81664
4.05716
3.60341
3.89365
3.62947
4.02764
3.66731
3.69648
4.1938
3.83481
4.01057
3.99961
3.80823
4.4154
3.95495
3.66912
3.82358
4.06881
3.55531
3.86894
3.77984
3.94063
4.11838
3.95897
4.2205
3.66114
3.94244
4.06506
4.08597
3.61571
3.57137
4.21389
3.98441
3.70978
3.86822
3.74068
4.11559
3.81512
3.59375
3.85846
4.11532
3.88957
3.52188
4.21259
4.00861
3.64469
3.89361
4.0431
3.70782
3.72246
3.95134
3.59017
3.92322
3.91488
3.87313
3.54993
4.01581
3.60901
3.86233
4.23308
3.63744
3.71736
3.99649
4.10143
4.01731
3.9062
3.92558
3.44933
3.87154
3.65827
3.83301
3.60035
3.62232
3.90155
3.91417
4.04603
3.70112
3.7075
4.04596
3.80002
4.17176
3.80487
3.76892
3.99726
4.32812
3.75462
4.1301
3.63966
4.03498
3.88587
3.66262
3.57437
3.69746
3.72177
3.85635
3.97987
3.731
4.42543
3.68428
3.89639
4.06403
4.12019
4.07924
3.97491
4.03541
3.66496
4.1511
3.77988
4.01892
3.87405
3.94758
3.53525
3.848
3.83966
4.00636
3.81482
3.83398
3.94159
3.67797
3.93853
3.40909
3.78522
3.91373
3.76752
4.19708
4.09218
3.86179
3.78984
3.80131
4.00249
4.05896
3.87128
3.39751
3.73011
3.81555
4.0895
3.89382
3.82487
3.94184
3.77278
3.97555
3.881
3.84489
3.90092
3.63145
4.17857
3.59243
4.48318
4.00104
3.6777
3.61301
3.67834
4.22396
3.79705
3.66514
3.75139
4.24982
3.90625
3.698
4.07043
3.71679
4.01121
3.49804
3.60365
4.18456
3.31168
4.04337
3.65494
3.92173
4.05678
4.09316
3.64175
3.70574
4.36065
3.8826
4.03861
4.05741
4.05503
3.94938
4.08071
4.10808
3.71454
3.79024
3.77077
3.8203
3.6763
4.03381
3.89302
3.82497
4.03316
4.35755
4.08649
3.99133
3.95109
3.88446
4.18809
3.55735
3.87535
3.9468
3.72187
3.90053
3.73647
3.79684
4.0187
4.14877
3.95707
3.88104
4.02468
4.38557
3.91362
4.22351
4.31515
3.98224
4.04967
4.07407
3.93783
4.22028
4.26456
3.7614
3.94286
3.45505
3.8849
3.81287
4.23518
4.01076
3.80482
4.1161
3.61342
3.83822
3.98453
3.51591
4.10333
3.70247
3.91925
3.58044
3.8396
3.52111
3.80879
3.83736
3.65661
4.19903
3.63063
4.06346
4.13425
3.74692
4.22406
3.78505
3.98178
3.80902
3.74179
3.79699
3.91973
3.82599
3.54795
3.6755
3.98008
3.86074
4.01887
3.62704
3.6091
4.12118
3.73859
3.67224
3.85597
3.91114
3.95273
3.61464
3.63297
3.94925
4.04379
4.36399
3.86177
3.7651
4.16368
3.63361
4.26567
4.05253
4.0112
4.01188
4.18606
3.81232
3.68643
4.16274
3.84373
3.85619
3.93274
3.96591
3.84096
3.71431
4.40562
4.33126
4.17413
3.33851
3.68982
3.70326
3.9522
3.9162
4.07155
3.81899
4.0109
3.73082
3.67534
3.98778
4.27885
3.86097
3.9892
3.74679
3.76645
3.81256
4.42703
4.02659
3.962
3.57072
3.8145
3.87598
4.16466
3.90514
3.92536
3.75574
3.76818
4.01096
3.80444
3.76801
3.77892
3.88306
3.86778
4.42447
3.54548
3.60806
3.60865
3.79263
3.72137
3.90444
4.19972
3.87879
4.05531
3.78764
3.44891
3.82765
3.68776
3.391
4.02527
4.01612
3.94318
3.62063
3.74146
4.04719
3.90204
3.99637
3.86016
4.27908
3.58909
4.39512
4.17372
4.51201
3.77329
3.4727
3.95208
4.40343
3.96793
4.12637
3.79425
4.13188
3.97125
3.74041
3.74465
3.51813
3.91897
4.42212
3.85377
3.77043
3.85181
3.79149
3.79208
3.81741
4.03922
3.67823
4.18337
3.65194
3.90498
3.6813
4.0727
3.34388
3.99101
3.95187
3.73935
4.03858
3.7328
4.20103
4.03401
3.58981
4.08807
3.8177
3.86979
3.94071
3.5585
4.28761
3.62628
3.80591
3.95793
4.17304
4.32578
3.90214
3.5337
3.8658
3.76108
4.12466
3.85463
3.84083
4.01439
3.94258
3.86729
4.2246
4.0075
3.86253
4.00192
3.53765
3.79608
3.89409
4.53478
4.07751
4.04542
4.20138
4.07123
3.82255
3.90599
3.90226
3.82757
3.62512
3.92216
3.56421
4.12405
3.71872
3.84868
4.52292
3.47758
3.83684
3.82049
3.51439
4.28182
3.85377
3.84482
3.75152
3.88041
4.03392
3.60402
4.11311
3.61027
4.84089
4.04887
3.7536
4.10321
3.71797
3.60686
4.05892
4.41925
4.61829
3.88601
4.18128
4.2362
4.02225
4.14815
4.05117
4.04209
3.84218
3.72011
4.11617
4.15472
3.62668
3.65587
3.87498
3.96494
4.04463
4.04605
3.95174
3.57511
3.66926
3.76844
3.84151
3.44148
3.76766
4.73441
3.61947
4.07806
3.78062
3.56489
3.86086
4.19774
4.07676
3.62869
3.82652
3.98147
3.94555
4.11166
3.64069
3.94496
3.75849
4.05886
3.78938
3.82158
3.93541
4.11676
3.44945
3.7522
3.77378
3.94275
4.06134
3.92813
4.08999
4.5215
3.88972
4.04329
4.03635
4.05605
4.54118
3.91264
3.74244
3.67435
3.4528
3.96908
4.16487
3.97839
4.05579
4.5304
4.17835
3.59978
3.58524
3.9525
4.64749
4.22053
3.85155
3.97508
4.2468
3.70118
3.92143
3.99828
3.96854
3.49958
3.67409
3.51287
4.43986
3.80128
3.94796
3.73203
3.77168
3.93258
4.10429
3.3353
3.89908
3.32972
3.95486
4.10435
3.9985
3.96116
3.66711
3.78083
3.65428
3.97506
3.81125
4.20064
3.701
4.08407
3.92486
3.92442
3.50153
3.84999
3.67576
3.61234
4.27874
3.79037
4.23145
3.59299
3.73835
3.67698
4.02515
3.67657
3.78775
3.79218
3.87711
3.38253
3.93683
4.20171
3.73865
3.98781
3.69495
3.6905
3.35247
3.79047
3.73652
3.8429
3.90448
3.72211
3.86205
3.76221
3.69906
3.77179
3.7781
3.89835
3.94841
3.94161
3.6913
3.82933
4.14335
3.95435
4.63855
4.28944
4.00167
3.6304
4.16917
3.5672
3.82364
4.08742
3.60995
3.87494
3.52798
3.86136
3.94672
4.47847
4.5528
4.46993
4.32394
3.95134
3.89233
4.24827
3.66339
3.73616
4.27414
3.62879
3.96335
4.01636
3.82051
4.0971
3.94651
3.74431
4.19951
4.19905
3.64548
3.79633
4.48605
3.75853
3.68759
3.93356
4.82182
3.83133
3.92653
3.71692
3.77119
4.06785
4.77701
4.28204
4.05794
3.86901
3.52119
3.99661
4.0693
3.98168
3.65343
3.8937
4.03996
3.93827
4.40939
3.62546
4.03921
4.03252
3.44579
3.81444
4.23359
3.71377
3.3811
3.81295
3.92734
3.72
3.6596
3.80522
3.51792
3.51186
3.57595
3.68183
4.203
3.90256
3.92095
3.96056
3.97662
4.66189
3.96153
3.94055
3.67244
3.99873
4.07796
3.76932
4.12916
4.16369
3.85339
3.7011
4.01131
3.81282
3.96702
3.59523
3.87059
4.6344
3.95677
3.84046
4.15172
3.68204
3.98375
3.85568
3.58742
3.74952
3.84261
3.79776
3.95318
3.75481
4.23987
4.21731
3.77345
3.91417
4.0508
3.78511
4.20393
3.95391
4.11688
3.91692
3.75443
3.65207
3.77594
4.02222
3.89929
3.55067
3.72715
3.68566
3.83615
3.58336
3.52503
3.61155
3.843
3.93466
4.11385
3.87418
3.79634
3.81133
3.45525
4.80997
3.82064
3.99783
3.89008
3.99302
3.88877
3.77284
3.8244
3.60573
3.78115
4.07527
3.81881
3.33879
3.90239
3.67042
4.09902
4.15673
3.9197
3.92586
3.69832
3.61115
3.81932
3.87252
3.92541
3.58193
3.8066
3.88713
3.98117
4.249
3.47351
3.72555
4.23734
3.73878
3.86945
3.9293
4.02372
3.69225
3.5524
4.13643
3.69298
3.63059
3.67197
3.79696
3.82416
3.8204
3.71762
3.88274
3.68977
3.90612
4.16105
3.77712
3.90677
3.94152
4.0866
3.61873
4.2857
3.82686
4.36561
3.65668
3.96817
3.56805
4.10981
3.72214
4.3372
4.10498
4.30295
3.89147
4.06614
3.5773
3.81104
4.25175
4.13565
3.73201
4.23183
3.75368
3.64209
3.71846
4.33463
3.74117
4.13068
3.63504
4.00455
3.36287
3.79158
4.12318
4.08966
3.73004
3.83101
4.06101
3.58754
3.76317
3.95333
3.82456
3.88321
4.02964
3.88786
4.04392
3.92852
3.81732
3.56039
4.09851
3.94036
3.64208
3.9039
3.76841
3.8008
3.58402
3.85115
3.88235
3.87552
3.64412
4.23364
3.88527
4.13454
4.2078
3.71869
4.0791
3.76899
3.76609
4.03895
3.88182
4.37939
4.05946
4.37691
3.69375
3.92985
3.78465
3.81318
3.81449
3.41194
3.78748
3.99821
3.55619
3.88561
3.71112
4.25958
4.09024
3.67638
4.2433
3.41877
3.66193
3.78495
3.85943
4.14147
3.91021
3.75069
3.68943
3.76868
3.93072
3.81731
3.68046
3.87103
3.97783
4.44228
3.88379
3.63566
4.0865
3.83093
3.74334
3.89507
3.85056
3.86288
3.85078
3.73888
3.8592
3.82582
3.43071
4.74835
4.05612
3.97792
3.74102
4.24529
3.73382
3.64079
3.45975
3.75116
3.55816
3.72127
3.844
3.90581
3.85684
3.92595
3.96319
4.29109
3.94693
4.09984
3.66487
3.66942
3.8904
3.50485
4.17007
3.62903
3.95913
3.68085
4.34696
3.38721
3.88588
3.68345
3.92632
4.15635
3.78293
3.74214
3.78082
3.52309
3.84611
3.86269
3.857
3.50643
4.01405
4.00905
3.81447
4.08827
3.95065
3.85757
3.75069
3.99143
3.66591
3.99528
4.07898
3.85845
3.94676
3.63309
4.04523
3.81079
4.13429
3.88224
3.88097
3.51342
3.8169
3.8685
4.08715
4.55056
3.95545
3.44825
3.54494
4.07459
3.79899
3.86284
3.8526
3.62345
3.54446
3.91998
3.71705
3.79547
3.78472
4.15024
3.71056
3.81197
3.83975
3.78296
3.72308
3.80034
3.93537
3.78303
3.84353
3.82545
3.5856
3.77684
3.56727
3.56609
4.02562
3.69612
3.93442
4.61729
4.22467
3.76303
3.65997
3.63515
3.94529
3.87179
3.9116
4.1626
3.91367
3.96425
3.96149
4.10101
3.90445
4.29613
3.61112
4.19052
4.0874
3.80672
3.74443
3.85112
3.64556
3.53443
4.05178
3.92518
3.91326
3.96305
3.65703
4.50366
4.24935
3.6854
3.975
3.45976
3.67878
3.83488
3.81909
3.90577
3.44365
3.82509
4.15308
3.54494
3.8571
3.62343
3.84646
3.98618
3.90396
4.20599
4.18727
4.02635
4.02293
3.94774
3.56052
3.75896
3.65909
3.99989
3.75293
4.2511
3.83799
3.59706
3.68234
3.56609
3.61486
4.05609
4.1071
3.74731
4.2624
3.80704
3.90737
4.02906
3.78988
4.09798
3.60789
4.36268
4.12742
3.89479
3.56551
4.00831
3.68426
3.94184
3.77911
4.09009
3.78083
3.94627
3.69688
3.7175
4.01533
3.84358
4.27228
3.94688
3.76989
3.88762
3.95824
3.97332
4.32913
3.81894
3.77208
4.02794
3.44676
3.84474
4.18353
4.219
3.97729
3.8702
3.97303
3.70198
3.555
3.76818
4.03679
4.30771
4.02836
3.61007
3.83555
3.95032
3.68582
3.73206
4.17
4.00115
4.1445
3.88476
3.93816
3.84001
3.80835
3.52867
3.8089
3.93452
3.89423
3.99521
4.3007
4.43288
3.50564
3.65772
4.21792
3.85964
4.08371
3.90766
3.71052
3.60402
3.8703
4.0777
3.74619
4.08978
4.15577
4.01979
4.14114
4.08369
3.7962
3.98791
3.85843
3.89337
3.72849
3.64017
3.65276
4.17154
4.22026
3.70232
4.10918
3.98203
4.12589
3.84519
4.02186
4.21807
4.00913
3.5899
3.67351
3.86373
3.90453
3.7822
3.8764
3.93611
3.87285
4.19453
3.97107
4.06356
3.79799
3.66216
4.0009
3.73855
3.81264
4.1704
3.85503
4.34157
3.7045
4.0107
4.11
3.58345
3.99387
4.59571
3.81988
3.94987
4.12037
3.78969
3.79985
4.19756
4.02686
4.46308
3.67179
3.60377
4.58202
3.88837
4.2812
3.94417
3.8598
4.06312
3.58376
4.09549
4.02265
4.33867
4.03302
4.25572
3.67374
4.08849
3.73494
3.73086
3.80791
3.97598
3.98202
4.85517
4.12863
3.9554
3.64712
3.75742
3.9008
3.96863
3.75164
3.93614
3.66572
3.9507
3.5388
4.07992
3.84618
4.243
3.77707
4.04091
3.58911
3.88589
3.61861
3.69372
4.28081
3.83907
3.80117
4.23152
3.92068
4.0308
3.76338
3.91906
3.71597
3.64391
4.11869
3.8811
3.4884
3.78771
4.07519
4.13017
3.52948
3.88656
3.83877
3.79735
3.62587
3.63906
3.90037
3.59369
3.99519
3.56594
3.88514
3.56127
3.81708
3.71786
3.86127
3.95323
3.96321
4.27713
3.7297
4.22825
3.71822
3.57171
3.75036
3.42655
3.58826
3.82352
3.76504
3.70616
4.18968
3.83422
3.61767
3.62823
3.84459
3.95947
3.50432
3.76922
3.87863
3.94468
3.89692
3.6272
3.91484
3.65826
3.56243
3.81702
3.64098
3.62012
3.91155
4.04569
3.83054
4.01244
3.32792
3.81208
3.8065
3.81954
4.02482
4.01131
3.85371
3.69819
4.25414
3.75179
3.80566
4.02564
4.04951
4.57234
3.72729
3.77414
3.81089
3.90664
3.8932
3.80516
3.35482
4.01942
3.65027
4.36358
4.08838
3.80048
3.79435
3.98134
4.0163
3.94363
4.11599
4.19456
4.45644
4.1044
4.28465
4.10216
3.89806
3.91974
3.96315
3.84383
4.05432
3.70779
4.26166
3.58168
3.83429
3.74292
3.71692
4.21714
3.94008
3.8268
3.79844
3.94153
3.65437
3.57595
4.3093
3.97625
3.81129
4.0006
3.52129
3.74833
4.13128
3.60432
3.42853
3.72458
3.64855
3.693
3.90429
4.20251
3.8536
3.82574
4.0694
4.24831
3.76732
3.84491
4.03695
4.11541
4.23582
3.68626
3.99307
3.29116
3.65099
4.03975
4.01746
3.78761
3.95334
3.86831
3.89938
3.56032
3.9005
3.87678
3.88498
3.87772
4.16846
3.81173
3.77542
3.90553
4.02261
3.8541
3.93228
3.96286
3.62075
4.03531
3.85519
3.65883
4.30562
3.84302
4.1826
4.14213
3.82221
3.52818
3.86334
3.90717
3.90305
4.15253
4.27739
3.92135
3.89958
4.28912
3.93949
4.11299
3.9203
3.57393
4.15975
3.91031
3.70842
3.81372
4.08334
4.04402
4.6258
3.33976
3.80653
4.25686
4.07578
3.68666
3.93177
4.01137
3.78306
4.11063
4.36212
4.39693
3.83903
4.20107
3.84188
4.03086
3.74899
3.88789
3.82636
3.9036
4.04324
3.7856
3.95007
3.77337
3.911
3.85496
4.04209
3.86656
3.79324
3.77978
3.95784
3.70722
3.5987
3.95273
3.9574
4.04935
3.81834
3.78213
3.63929
3.6999
3.65424
3.69501
3.94082
4.16275
4.02772
3.63874
3.69127
3.6984
3.93288
3.71856
4.04339
3.9183
4.24446
3.64827
4.6439
3.97359
4.04515
4.17789
3.9132
3.94158
3.78098
3.70809
3.94721
4.0234
3.92075
3.76695
4.13429
4.05512
3.97695
4.10327
4.04259
4.01145
4.21594
3.5244
3.94982
3.98553
3.77858
3.58936
3.79789
4.17012
4.27655
3.45959
4.02441
3.9586
4.02821
4.04583
4.36732
4.13645
3.80055
3.42447
3.74427
3.89512
3.88712
3.58365
3.7724
3.86148
3.49794
3.99101
4.15428
3.89033
4.19576
4.16523
3.77933
3.64844
3.73139
3.71587
4.13641
3.84322
4.18808
3.73428
3.74392
4.17823
3.83606
3.78681
3.4911
3.67117
4.2029
3.68197
4.14005
3.79552
3.75712
3.84456
3.60679
3.76138
3.94278
3.95185
3.98117
3.96076
3.84924
3.8567
3.64368
3.78981
4.14611
3.85494
4.05514
3.93214
3.83697
3.77687
3.81053
4.04131
3.84632
3.95355
3.52658
3.74648
3.82189
4.54075
3.61872
4.1716
3.89769
4.60326
3.82147
3.6744
3.69063
4.17608
3.95313
4.37259
3.40651
3.85403
3.71246
3.85259
4.0919
3.8442
4.02521
4.03902
3.51587
4.02709
3.84782
3.81456
3.89936
3.51886
4.09972
3.89823
3.43114
3.45942
3.81329
4.76615
3.801
3.75957
3.99604
4.16046
3.57295
3.79897
3.9817
3.92528
3.69102
3.7497
3.95262
3.77429
4.1281
3.91243
3.96364
3.51651
4.02778
3.56723
3.93118
3.87501
3.64774
3.96085
3.84596
3.86901
3.71821
4.1571
3.70496
3.67372
3.82276
3.82107
4.1283
3.85111
3.6829
3.76437
3.74733
3.86855
3.64912
3.80144
3.53151
3.95035
3.67399
3.81811
4.13155
3.42982
3.7637
3.39955
3.74365
3.84263
3.79111
3.70922
4.40836
4.00915
3.68165
3.99181
3.73532
3.8152
3.86172
3.52812
3.87008
3.80159
3.72498
3.98772
3.68137
3.99134
4.09995
3.8616
3.77643
3.71053
3.82939
4.20552
3.60008
3.69264
3.78407
4.22436
3.77921
4.26909
4.07699
3.80529
4.12282
3.82523
3.62146
3.65278
3.95166
3.88083
3.84197
3.9341
3.73598
4.23943
4.03304
4.22178
4.46838
3.69063
3.70871
3.7103
3.78986
3.95993
3.75657
4.1273
3.61531
3.80552
3.52706
3.80135
3.90826
3.87919
3.87729
4.30751
3.75037
4.0026
3.96562
4.13699
3.68036
3.97225
3.91893
3.54216
4.21563
3.9407
3.84565
3.82333
3.78242
3.69522
3.82863
4.01501
4.68884
4.03324
3.65513
3.81326
3.67585
4.08785
3.70599
4.43035
3.68575
4.711
3.58157
4.00649
3.85393
3.89005
3.61653
4.0091
3.85814
3.54906
4.00553
3.63357
3.96718
3.94937
4.0911
3.47785
4.30295
3.9786
4.01468
3.98081
4.05644
4.17883
3.95694
4.29755
4.01301
4.14165
3.8844
3.88755
3.79741
4.14221
4.07543
3.70027
3.24376
3.67417
3.71663
3.89775
3.69544
3.90396
4.15985
3.4534
4.26617
3.86713
3.84152
3.82642
3.9249
3.73365
3.76352
3.82823
3.9862
3.73578
3.92071
3.69125
3.62905
4.00459
4.04553
3.96139
4.01192
3.65903
3.80975
4.25357
4.30529
4.08899
3.8356
3.8227
3.71144
3.85894
4.05819
3.88205
3.87485
4.13704
4.01725
3.65896
3.48951
4.02255
3.79521
3.45541
4.20224
3.60646
3.75051
4.37086
3.57912
3.8207
3.94022
3.72653
3.68085
3.96323
3.80325
3.5967
3.9095
3.58507
4.00544
4.16813
3.99746
4.62752
4.11028
3.66378
3.55036
3.91558
3.93415
3.50564
3.9359
3.8541
3.69662
3.81631
3.94747
3.96595
3.81251
3.74124
3.88903
3.41024
3.79469
4.02445
3.78815
3.69115
3.8074
4.46699
4.05296
3.64786
3.77879
4.27116
4.34506
4.18264
3.66693
3.91352
4.27573
3.76791
3.98073
3.86444
3.82406
4.09695
4.18201
3.84853
4.01836
3.72501
3.49294
4.11459
3.86663
4.10693
3.7498
3.54286
3.73303
3.93933
3.82823
4.02607
3.65677
3.70827
3.8417
4.11486
3.59367
3.76802
3.85831
3.66089
3.85941
3.77784
3.84188
3.85066
4.05395
3.66234
4.07152
3.93553
3.97504
3.77936
4.94691
3.95505
3.66503
3.68961
3.93119
3.77261
4.06208
4.20148
3.68673
4.20578
3.82589
3.88562
3.89447
4.09522
3.79854
3.86969
3.51118
4.3952
3.71833
3.78585
4.20165
4.06155
3.91912
3.57609
3.71105
3.98182
3.58306
3.88551
4.10189
3.75887
3.68375
3.7133
3.6163
3.65297
3.64054
3.8108
3.85005
4.08099
3.82605
3.90683
3.58118
3.53466
3.7459
3.84443
3.92021
3.60136
4.16582
3.75895
3.83043
3.63882
3.62076
3.86098
3.97568
3.38364
3.63708
4.05768
3.78332
4.10331
3.77433
3.80273
3.67319
3.89246
3.66834
3.76294
4.22054
3.87605
3.57074
4.28087
4.08954
4.16305
3.95753
3.81551
3.63529
3.71921
3.97644
3.57687
4.01148
3.6247
4.28919
4.17745
4.11132
3.93441
3.79846
3.99903
3.56815
3.52408
3.43507
4.41579
3.59873
3.88427
3.92784
4.13769
3.60991
4.1006
4.12506
3.49921
4.02845
4.0155
3.52149
3.98579
3.75931
3.9554
3.83062
3.97568
3.69615
4.10249
4.28396
3.66249
4.04775
3.79734
4.82275
3.6973
3.80339
3.64333
3.85281
4.16246
3.67111
4.11997
3.59111
3.97565
3.73639
4.17614
3.84428
3.91802
3.88658
3.67743
3.67347
3.83976
4.52917
4.23532
3.43425
3.9845
4.20378
3.78763
4.52512
4.01547
3.51615
3.69451
4.0499
3.68125
4.16843
4.10345
3.90204
3.7646
4.29483
3.80422
3.65574
3.9706
3.86007
4.0511
3.55464
3.93408
4.10553
3.68666
3.75412
4.07159
4.13952
3.76399
3.82141
3.63457
3.52434
3.93813
4.07082
4.24792
3.83268
3.46408
3.72132
3.96063
3.6226
4.0321
3.74819
3.64105
3.81866
3.59403
3.85046
4.18866
3.86794
4.23726
3.86934
4.02574
3.94252
3.84777
3.5165
3.69074
3.5754
4.42809
3.59122
3.71454
4.08003
3.87895
3.91432
4.00471
3.59372
4.00794
3.94633
3.855
3.9847
4.2178
3.88421
3.76825
4.64401
3.88812
3.73757
3.74449
3.8562
3.82643
3.87021
3.86966
3.72597
3.70167
4.13924
3.97663
3.9073
3.96745
3.72711
4.11101
4.18628
3.8088
3.9383
3.9391
4.04829
3.82142
3.80784
3.94805
3.38242
3.74712
4.23268
3.78507
3.51262
3.72104
3.96672
4.20017
3.59008
4.24014
3.97325
3.71936
3.78033
3.93919
3.62944
3.75586
4.19492
3.58912
3.68136
3.62165
3.7483
3.73084
4.07164
3.81515
4.06997
4.20417
4.31212
4.17387
3.49963
3.73317
3.97284
4.2365
4.19883
4.02854
3.98603
3.84283
3.99206
3.99608
4.00101
3.90884
3.48379
3.90973
4.09822
3.89096
3.67725
3.61755
3.63019
3.62868
3.56704
3.89409
3.6415
3.71647
4.195
3.94017
3.67982
4.08896
3.62217
3.88856
4.21882
3.51536
4.39073
3.93931
4.10229
4.05614
3.85722
3.69738
3.82935
3.82955
4.19888
4.41525
3.75706
3.6605
3.78124
3.84401
3.82389
4.38166
3.62248
4.00293
3.63124
3.84685
3.99976
4.20624
4.07299
3.9949
3.79624
4.12495
4.09547
3.55298
4.07509
3.57483
3.7502
3.90759
4.28426
4.23464
3.91269
3.74729
4.06486
3.77244
3.84503
3.86623
4.43355
4.09633
3.84874
3.69171
3.81705
3.72681
3.75906
3.45383
3.59894
4.07106
3.87688
3.88303
3.6497
4.30206
4.10955
3.837
3.7162
3.92116
3.99853
3.52153
4.00214
3.71583
3.64936
4.24304
4.52022
3.92815
3.68164
3.96801
3.58413
3.75143
4.94185
3.85027
3.6882
3.68642
3.79154
3.52925
4.02557
3.80188
3.8329
3.83907
4.13733
3.58156
3.96275
4.09589
4.1986
3.74729
3.92061
3.69598
3.97596
3.97606
4.56043
3.89464
3.62022
3.99941
3.62004
3.9198
4.4158
3.89097
4.39816
3.68221
4.06445
3.8172
3.7867
3.66326
3.80201
3.93033
3.62508
3.60147
3.70689
3.68513
3.87458
4.18581
3.70368
3.84161
4.13811
4.17553
3.87259
3.63616
4.06525
4.15804
4.1746
4.1148
3.90865
3.76542
3.98416
3.69591
4.30619
4.1068
3.57568
3.54548
4.10105
3.81195
3.38645
3.91486
4.10523
4.0316
4.24881
4.08766
3.59414
4.1473
3.69746
4.38576
3.59481
3.81405
3.61149
3.7286
4.09369
3.76365
3.494
3.87492
3.81949
4.01241
4.09105
3.95056
3.7812
3.82782
3.65116
3.91818
3.98366
3.37117
4.00327
3.76852
3.79105
3.93753
4.29569
4.01728
4.13105
3.73918
4.03127
3.93193
4.12761
3.78151
3.47013
3.72704
3.75688
3.7629
3.84203
4.01511
3.68975
4.06856
4.52746
4.12855
3.44032
4.13197
3.52117
3.97515
4.36046
3.65819
3.94171
3.54407
3.80766
4.24172
3.94767
3.75762
4.16813
3.95896
3.6373
3.77081
3.83922
4.29483
4.34744
3.9516
4.18287
3.82832
4.03494
3.66818
4.30988
4.27657
3.81257
4.1266
3.67548
3.61844
3.5796
3.90342
3.70296
3.9046
3.75182
4.14158
3.7373
3.78774
3.72662
3.6671
3.9097
3.7625
4.08894
3.96292
3.69019
3.92586
3.80013
3.96271
4.08136
3.63039
3.85477
4.0104
4.16313
3.77634
4.13856
4.27288
3.93277
3.7043
3.82384
3.99572
3.42742
3.74678
4.28807
3.82462
3.813
3.8476
3.88539
4.33961
3.7078
3.69216
4.07381
4.31465
3.76839
3.49448
3.64581
4.17559
3.89857
4.15867
3.95129
4.06215
3.76714
4.1784
4.06858
3.77674
3.79858
3.89008
3.64765
3.88767
3.97621
3.74452
4.11962
3.51
3.82746
3.90183
3.75049
3.9997
3.66936
4.01154
4.03931
3.78225
3.60504
4.0605
3.71501
3.8119
3.99716
3.9152
3.87184
3.60108
3.97406
4.27694
4.00483
3.8333
3.77789
3.76819
3.89577
3.63217
3.87327
4.17741
3.8018
4.03056
3.90342
3.76352
4.10403
4.16828
4.02239
3.81179
3.62994
4.03349
3.65944
3.81191
3.5636
3.55555
3.86819
4.01487
3.69885
4.28466
3.93095
3.88144
3.58231
3.71563
4.19966
3.808
3.7409
3.34538
3.67595
4.26222
3.83246
3.70588
3.97121
4.21729
3.79381
4.05272
3.65575
3.87784
4.08095
3.90958
3.56086
4.38473
3.68694
4.21246
4.27186
3.70328
3.77005
4.03496
4.10969
3.78644
3.40846
3.70332
3.86936
3.7549
4.07851
4.14551
3.9081
4.13347
4.14012
4.05632
4.03074
3.7416
4.06108
3.82739
3.93874
3.78134
3.68126
3.6554
3.57757
3.95273
3.87363
4.20202
3.87208
3.56853
3.46631
3.84582
4.39827
4.21006
3.77456
3.68314
3.47667
3.87963
4.1188
3.58322
3.91555
4.17609
3.79048
3.85235
3.7445
3.6665
3.85019
3.8947
3.85409
3.97728
3.50757
4.18597
4.25864
3.64106
4.24649
3.67965
4.12367
3.51283
3.66738
3.61411
3.86567
3.80358
3.71042
3.76303
4.32588
3.71942
3.7598
3.87743
3.9358
4.62419
3.91417
3.35133
4.08342
3.58735
4.5668
3.75083
4.19523
3.62013
3.77361
3.64737
4.15354
3.80641
4.06076
3.75929
3.88712
4.45659
3.5884
4.27718
3.92718
3.95634
3.60846
3.69598
4.73094
3.88038
3.92815
3.84839
3.83319
4.07056
3.90106
3.91091
3.84541
4.02929
4.38451
3.95478
4.01682
3.55773
3.79547
3.87614
4.25625
3.91912
3.66779
3.76747
3.65127
3.94136
3.82114
3.46664
3.62529
3.94344
3.96024
3.80308
4.23507
3.76513
4.26579
3.98778
3.42044
3.95607
3.86174
3.73678
3.76111
4.12739
3.74681
4.0161
3.79239
3.90594
4.42458
3.7574
4.19006
4.04437
3.97649
3.76723
3.83412
4.2721
3.74577
4.26917
3.82657
3.70582
3.8172
3.73906
3.90543
3.74227
3.80816
3.58168
3.88901
4.0293
4.05953
3.76483
3.86239
3.76564
4.29134
3.90345
3.84025
3.9235
3.96073
3.76829
4.02096
3.88889
4.44875
3.62281
3.62157
4.05418
4.00293
3.96986
3.65689
4.01345
3.87018
3.71529
3.95382
4.12431
4.09032
3.65355
3.82962
3.98427
3.57477
4.16285
4.21739
3.61706
3.92581
4.1951
4.48034
3.82223
4.04393
3.86133
4.0128
4.00291
4.02199
4.00836
3.87497
3.80758
3.6372
3.85796
4.1871
3.69705
4.24407
3.99248
3.80671
4.02887
3.93509
3.7194
4.18476
4.22305
3.90156
3.82947
3.86524
4.3846
3.95446
4.23297
3.75485
3.98091
4.02493
3.77825
3.4833
3.87373
3.60852
3.63964
3.69209
4.10622
4.00272
4.34054
4.33416
4.27847
3.68967
3.95153
4.03419
3.7491
3.71875
4.36941
3.77263
3.99682
4.11026
3.68661
3.92156
3.81517
4.15771
4.01171
3.62108
4.03961
3.9016
4.1616
3.6903
4.07091
4.12953
3.91582
4.64659
3.56071
3.75014
3.81765
3.53162
3.57267
3.61569
3.94569
3.57772
3.68377
3.44375
3.86223
4.19799
3.94917
3.90755
3.65109
3.88188
3.59011
3.60038
3.73097
3.6591
3.9669
4.11417
3.95369
4.00961
4.02676
4.12241
4.00742
3.83105
3.87398
3.76352
4.08198
3.83624
4.04217
3.48001
3.77737
3.83078
3.68985
3.74676
4.00151
3.70672
3.74183
4.48964
3.87547
3.74372
3.80447
4.05727
4.54795
3.93702
4.0887
4.01027
3.6554
4.00713
4.09015
3.75677
4.2164
3.95013
3.71937
4.25962
3.54894
4.20397
3.93733
3.58627
3.71952
3.65267
3.92727
3.61881
3.75391
3.84233
3.84645
3.92167
4.05822
3.89664
3.79514
4.1639
4.10385
4.03573
4.32857
3.75193
3.78339
3.93738
4.04242
3.83239
4.25419
3.59574
4.26372
3.88022
3.77013
4.10596
3.64288
3.77028
3.96949
3.90175
3.56738
3.90084
4.44631
3.62179
3.88501
4.15619
3.85774
3.67271
3.91112
4.02401
3.99886
3.8398
4.19316
3.48358
3.79534
4.13555
3.47227
4.01647
3.98332
3.87152
3.92617
3.67126
3.95084
4.14051
3.83204
3.55446
3.7691
4.01486
3.85116
3.74233
3.78345
3.97593
4.21199
3.92965
3.56351
3.98519
3.56774
3.58624
3.74018
3.58025
3.98206
3.36419
4.36589
3.92837
3.9142
3.62516
3.93665
3.80601
4.04877
3.94721
4.01398
3.97506
3.96509
3.61738
3.69137
3.75765
3.92742
3.65935
3.61788
4.34898
4.09402
4.00152
3.89444
3.80562
3.55938
3.45102
3.6775
3.9999
3.9967
3.73571
4.16788
3.87092
4.43744
3.68773
3.67208
3.66501
3.86766
3.71891
4.28349
3.83239
4.15983
3.55775
3.60428
4.44126
4.42494
3.90196
3.7977
4.03012
4.24121
3.5865
3.79285
3.72374
4.16954
3.63834
4.2387
3.36495
3.69299
3.90315
4.24442
3.5429
3.89437
3.58695
3.93846
4.23237
3.99588
3.91602
3.70893
4.25389
4.11872
3.88388
3.96624
3.7499
3.83616
3.48421
4.09667
3.67523
3.42016
3.81397
4.15682
3.63554
3.63876
3.85073
4.09768
3.95746
3.8553
3.64615
3.79767
4.32052
3.86504
3.8471
3.97705
3.61257
3.69942
3.51575
4.10171
4.04392
3.7256
3.72818
3.96296
3.71983
3.6945
4.14257
3.93073
3.90026
4.11149
3.94275
4.14276
3.94921
3.80738
3.56607
3.50452
3.57089
3.6917
3.98415
3.82693
4.21973
4.33794
3.7587
3.86536
3.90675
3.83057
3.88246
3.76726
3.99612
3.92163
3.53535
3.59937
3.95426
3.87374
3.73299
3.79156
3.66967
3.83438
3.81964
3.93591
3.98171
3.64248
3.78327
4.211
4.07069
3.68856
3.76656
3.95528
3.86357
3.97141
3.54899
3.95342
3.74416
4.00836
3.48572
3.95113
3.93813
4.10641
4.15431
3.8462
3.78214
3.79732
4.0695
3.98734
4.23996
4.37434
3.59577
4.05454
3.88079
3.86702
3.84736
4.11212
3.76447
3.92892
3.58758
3.83801
3.63216
4.0604
4.05835
3.91612
3.82388
4.35821
3.82036
3.7884
3.68173
3.90339
3.78346
3.86138
3.61068
4.02003
3.74226
3.95309
3.98012
4.19652
4.30587
4.23713
3.90544
4.08845
3.77673
3.58515
3.67487
3.87076
3.53791
3.97591
3.64754
4.08988
3.84187
3.89158
4.13735
3.95037
3.56567
4.54939
3.76296
3.6821
3.7995
3.455
4.02956
4.18867
3.81084
3.53091
4.12037
4.05752
4.25407
3.95712
3.85249
3.85727
4.10195
3.95369
4.07295
4.21734
3.8444
3.64686
4.16098
3.8425
3.71829
3.74017
3.86538
3.92179
3.7298
3.99407
3.91206
4.32099
4.50657
3.95482
4.14337
3.56089
4.22382
3.96566
4.09234
3.60363
4.01526
3.81527
4.15059
3.59485
4.15907
3.6966
4.02441
3.92103
3.66729
3.7962
4.07399
4.02483
3.75909
3.27356
3.94175
4.28479
3.85054
4.10836
4.02516
3.72365
4.12228
4.38679
3.74186
3.59619
3.63982
3.86483
3.75941
4.10924
3.52249
3.96509
5.1806
4.07069
3.57177
4.15387
3.71889
3.80308
3.82181
4.13444
3.89959
3.70851
3.47086
4.12378
3.97067
4.06653
4.0973
4.03058
3.94393
3.89862
4.06122
3.8986
3.78185
4.00387
3.8496
3.88015
3.79099
3.79959
3.67232
3.98442
3.43539
3.92083
3.99561
3.76544
4.08729
3.8533
3.71619
4.15995
3.80127
4.23544
4.12817
3.86913
3.90304
4.09297
3.52636
3.77348
3.53286
3.41545
3.81707
3.88677
3.77843
4.44919
3.99826
4.31576
3.78326
3.75222
3.53803
3.61123
3.84074
4.09687
3.80485
4.00528
3.70721
3.75948
3.91042
3.87397
3.65515
3.69021
4.01665
4.08587
3.94284
3.75023
3.78606
3.65299
3.79305
4.02691
3.66977
3.99978
4.12565
4.36009
4.08172
3.85081
4.03045
3.78717
3.36981
4.19022
3.71267
4.0342
4.12733
3.76612
3.7785
3.8289
3.75832
3.83221
3.77269
3.87488
3.80206
3.87825
3.62805
4.45907
3.7044
4.14827
3.99771
4.17436
3.62516
3.9743
3.90796
3.58059
3.87366
3.87908
3.48741
3.76097
3.53402
4.6679
3.49313
3.96536
3.83094
3.64336
4.35964
3.96938
3.78101
3.72978
4.15574
3.74944
3.99585
3.90641
4.05922
3.80952
4.1499
3.3796
4.36737
3.73806
3.58414
4.17636
3.67872
3.84412
3.76504
3.88662
3.75025
3.76275
3.94356
3.87725
3.38313
4.33559
4.08813
3.86599
3.80976
3.8632
3.84331
3.65737
3.55795
3.78348
3.98791
3.86757
3.87976
4.11289
3.77207
4.06161
3.77004
3.79368
4.04947
3.76587
3.82443
4.16963
4.0189
4.52721
3.5784
3.55213
4.00427
4.15419
3.49229
4.16155
4.18512
3.84847
3.5327
4.38671
3.83542
3.56844
3.65088
3.8411
3.6513
3.98607
4.14539
3.57811
3.57044
3.90277
4.00655
3.86975
4.23132
3.94991
3.78592
3.57144
3.66649
3.72636
3.93839
3.92147
4.05863
3.75939
3.63937
4.00877
4.06323
3.9616
4.09272
4.44157
3.79836
4.03116
3.95513
3.61038
3.72123
4.23932
3.84707
4.52579
3.83434
3.79013
3.52939
3.59484
3.7156
3.57068
3.78659
4.20907
3.98695
3.98291
3.69253
4.09373
3.79117
3.73895
4.07781
3.92613
4.16288
4.16515
4.11448
3.64695
4.06561
3.90674
3.89163
3.69524
3.88415
3.68299
4.02839
3.67735
4.20972
4.14845
3.68408
3.891
3.54949
3.98327
3.68351
3.83521
3.59794
3.89433
4.08155
3.89057
3.74255
4.13219
4.06414
3.58622
3.97634
3.52528
4.22254
3.88169
3.70378
4.2334
3.73467
4.06
3.64093
4.02208
3.83923
3.71253
4.2558
4.19486
3.76672
4.22286
4.13102
3.62607
3.61322
3.92587
3.6667
3.67098
4.03216
3.92093
3.94652
4.1575
4.16443
3.57808
3.77356
4.359
3.25291
3.92977
4.29197
3.93107
3.47575
4.18421
3.75342
4.02177
3.90402
3.82048
3.65571
3.84385
3.88989
4.21387
3.80147
3.95862
3.759
3.68048
3.81792
3.65087
4.08396
4.09079
4.00534
3.9456
3.60239
3.68846
4.34515
3.92816
3.69315
3.81953
3.8714
3.83042
3.75527
3.75208
4.22347
3.85798
3.59829
4.02024
4.10132
4.20334
3.55407
3.75843
4.07682
3.77106
3.92489
4.05414
3.72509
4.04353
3.83279
3.80474
3.78136
3.85865
4.00384
3.85027
3.7346
3.71769
3.95184
3.81239
3.72664
3.76565
3.83657
3.93001
3.81468
4.19145
3.54983
3.67879
3.78588
3.85099
3.60171
3.70048
3.64308
4.0452
4.62002
3.75806
4.20461
4.24009
4.2651
3.77428
4.43252
3.56725
3.73912
3.57684
4.31328
3.78947
4.5731
3.83502
4.18353
3.86437
3.92544
4.54032
3.75807
4.85125
3.90116
3.48479
3.86541
4.00824
3.5975
3.8894
3.86347
3.98074
3.98281
3.68858
3.95731
3.82509
4.05151
4.39911
4.12436
3.79332
3.94288
3.77794
3.92592
3.72892
3.60102
3.86885
4.18011
3.94022
3.58775
3.84198
3.65862
3.87689
3.90091
3.88622
3.72538
3.72275
3.47055
4.21653
3.95828
3.90503
4.06521
3.77885
3.80024
3.91653
3.84934
3.79519
3.81287
4.0206
4.17372
3.93292
3.49633
3.90377
3.46444
3.66727
3.83703
4.32127
4.02963
3.95436
3.77567
4.03227
3.9097
3.60823
3.78672
3.6531
3.79653
4.03459
3.66495
3.65587
3.96483
4.00484
4.18597
3.94862
3.7648
4.03385
3.8714
3.73902
4.13887
4.23776
3.52541
3.46663
4.03956
3.7917
3.61645
3.77595
4.05312
3.73499
4.26506
3.77738
3.51611
3.81821
4.02761
3.64346
3.69114
3.93437
3.8131
4.32318
4.07696
4.21583
4.02772
4.18135
4.26617
3.96083
3.64441
3.89836
3.96697
3.75776
3.55516
3.87245
3.94693
3.90769
4.3161
3.59715
3.86871
3.56466
3.63423
3.53914
3.74037
3.85316
4.3695
4.34088
3.7033
4.53796
3.61789
4.18155
3.91501
4.75932
3.8408
3.72211
3.93385
3.93074
4.05352
3.8746
3.64931
3.98234
3.89398
3.79712
4.08601
3.64064
3.98341
4.06008
3.91548
4.14974
3.53407
3.81179
3.76675
3.9533
3.91693
3.73504
3.88
4.00474
3.82153
3.78047
3.80163
4.07653
3.80199
4.10618
4.37578
3.42728
3.90558
3.86922
4.12129
3.83089
4.59349
3.94163
4.13658
3.86575
4.09305
3.83258
3.98284
3.63305
4.19315
3.68124
3.95494
3.76383
3.8678
3.93949
4.20192
3.66198
3.70904
3.85982
4.29682
3.79464
3.81369
3.82128
3.7273
3.59044
3.83212
3.8524
3.78285
3.98935
4.32066
3.78004
3.94318
3.85829
3.60242
4.11725
4.01662
4.12316
3.78832
4.32562
4.31499
4.04963
3.45472
4.28343
4.10428
3.97166
4.40539
3.79606
3.85908
3.56804
3.75478
4.22337
3.98592
4.14371
4.11708
3.66633
3.69836
3.97689
4.26497
3.67504
4.04845
3.70271
3.61132
3.82803
3.5016
3.8484
3.86843
3.78256
3.88863
3.76247
3.92103
3.65489
3.88131
3.74754
3.91336
4.12171
4.03529
4.22733
3.84831
3.52758
4.00849
3.81277
4.14546
3.7767
3.93097
4.14513
3.69387
3.98645
4.25383
3.94434
3.85636
3.72143
4.10545
3.47846
4.27074
3.64679
4.19795
4.3487
4.00984
3.84825
4.312
3.60885
3.95951
4.08424
3.84544
3.85869
3.81237
3.7493
3.55705
3.74721
3.94195
4.17409
3.94494
3.75791
3.91618
3.82477
3.78707
3.7349
4.0032
3.67325
3.58237
4.2105
4.07094
3.66246
3.6727
3.62152
4.16845
3.90459
4.06417
3.81397
4.05363
3.93163
3.69185
3.90498
3.75131
3.65084
3.88623
3.71386
4.17769
3.49065
3.64915
3.59889
3.99952
4.04968
4.0462
3.75152
4.00049
4.11557
4.03493
3.80724
3.67094
4.04038
3.79134
4.22556
3.75341
3.92801
3.97753
3.56564
3.7201
3.86504
3.58263
3.81368
3.78058
3.78399
4.00054
3.66396
3.83153
3.96152
3.79637
3.73727
3.38157
3.74742
3.85764
3.9301
3.95591
4.41355
3.71621
4.27511
4.01395
4.14624
3.72818
4.48964
3.74145
4.03331
3.79266
3.89819
4.04159
4.50908
3.7329
3.71897
3.72376
3.54197
4.53535
3.80991
3.7103
3.88022
3.85181
3.90328
3.44122
4.09
4.06162
3.94805
4.16415
3.86938
3.43419
3.88353
4.30476
4.21954
3.76003
4.01452
4.02153
3.68027
3.79616
4.0386
4.00508
3.71843
3.81679
3.46978
4.12636
3.84001
3.83075
3.65744
3.95907
3.8568
4.08562
3.92869
4.17197
4.34883
4.14328
3.76888
3.93756
3.94407
4.29752
3.95779
4.30235
3.86718
3.72901
3.94879
4.03856
4.00569
3.58487
3.93897
3.682
3.65282
4.15772
3.8732
3.59243
4.07932
3.82848
3.87578
4.21776
3.48001
3.82068
4.12396
3.98463
3.8935
3.73421
4.04079
4.01603
3.73094
3.83769
4.17066
4.26508
3.85418
3.71576
3.54718
3.73674
3.72528
3.8247
4.31587
3.65847
3.84493
3.88634
4.08214
3.84765
3.83809
3.69501
3.81577
3.84343
3.69526
3.70231
3.98029
4.05346
3.69338
4.27339
3.78009
3.92082
3.89455
3.78882
3.62051
4.15839
4.39012
4.16892
3.96899
3.82489
3.82639
3.99559
4.54096
3.82386
3.92121
3.85418
4.12805
3.80245
3.72334
3.73168
3.95316
3.75007
3.76677
3.76684
3.56841
3.70586
3.88876
3.96192
3.8657
4.10601
3.78678
3.48788
3.66633
3.57752
3.51376
3.62639
3.55802
4.12586
3.7178
3.9772
4.23979
3.64715
3.8605
4.07693
3.7944
3.53933
4.1767
3.86823
3.66002
3.99608
3.71744
3.94886
3.82675
3.96315
3.63588
3.82187
4.03874
3.6469
3.5225
3.87062
4.04077
3.82543
3.71951
4.45167
4.24091
3.64384
3.97182
3.85699
3.71196
4.16829
4.27578
4.05942
3.70603
4.01595
3.64922
4.03649
3.49949
3.89846
3.96003
3.93436
4.22683
3.8861
3.97246
3.46961
3.88627
3.33891
4.18647
3.94722
4.19372
3.84966
3.73087
3.7052
3.95609
3.52274
3.91003
4.26362
3.86953
4.1978
4.00694
3.94609
4.02449
3.92136
3.57981
3.66824
4.27398
3.64548
4.24586
4.29087
3.88081
3.54283
4.03433
3.58147
3.97434
3.84946
4.03862
3.81062
3.83233
3.71103
3.90311
3.57182
4.10743
3.75626
4.28175
3.86422
4.2854
4.26679
4.09
3.46231
3.60654
3.94288
3.87266
3.63252
4.48764
3.87886
3.86045
3.95484
3.72599
3.63313
3.87434
3.82264
3.94148
3.5997
3.68189
3.77554
3.73724
4.36868
3.67102
3.634
4.34702
4.04011
3.71789
3.87914
3.70249
4.28688
4.07974
3.6476
4.05883
3.97003
4.23566
3.67332
3.66153
3.78103
4.23281
3.64312
3.93334
4.24043
4.04743
3.57662
4.06102
4.09453
3.90939
3.70077
3.68488
3.71784
3.68352
3.57675
4.04875
4.65795
3.83484
4.02261
3.93341
4.88758
3.50163
3.77598
3.82601
3.87358
4.10802
4.14369
3.99327
3.63326
3.92672
3.87405
3.96777
3.59543
3.97862
4.04502
3.6724
4.00315
3.61381
3.5062
3.93153
