5.43784
5.43046
5.3701
5.81462
5.86129
5.56543
6.05158
5.96225
5.42653
5.29181
5.68562
5.76631
5.98626
5.70798
5.48718
5.97295
5.13025
5.69039
5.13652
5.70506
6.15717
6.06117
5.38194
5.05382
6.01676
5.41802
5.53439
5.68222
5.41616
5.96461
5.68489
5.31567
5.52167
5.58599
5.28191
6.36525
5.52187
5.65822
6.19603
6.42813
5.21802
5.16805
5.0925
5.78342
5.5335
5.44133
5.11574
5.88206
5.67076
5.76011
5.87775
5.53148
5.70087
5.4506
5.23084
5.52763
5.48178
5.51814
5.65576
5.69043
5.50903
5.45843
5.72466
5.59879
5.18141
5.06136
5.2993
5.58422
5.19017
5.55976
5.22185
5.78658
5.8383
5.45242
5.54719
5.68761
5.33049
5.51864
5.67671
5.72603
5.83537
5.06989
5.05619
5.42448
5.1692
5.45743
5.5601
5.44268
5.45447
5.45648
6.04613
5.65046
5.67353
5.13814
5.50433
5.76082
5.47079
5.7431
5.39285
5.6878
5.04385
5.64099
5.76912
5.53208
5.20193
5.59224
5.4801
5.62799
5.68535
5.46433
5.90884
5.28707
5.03926
5.71515
5.52441
5.28536
5.51486
5.36374
5.23898
5.63481
5.95868
5.80581
5.85056
5.80495
5.30921
5.79917
5.27215
5.46274
6.05323
5.2508
5.65817
5.58885
5.5782
5.40026
5.72934
6.09811
5.5019
5.63323
5.70576
5.56613
5.69196
5.90388
5.77615
5.05427
5.17931
5.56809
5.79612
5.79135
5.5998
5.77032
5.05987
5.63525
5.56314
5.22051
5.05847
5.25472
5.53562
5.36967
5.77735
5.62945
5.46072
5.80081
6.51283
5.3417
5.48962
5.41719
5.61697
5.61919
5.90445
5.09559
5.95175
5.297
5.39499
5.87217
5.13749
5.47651
5.94616
5.90933
5.29119
5.78576
5.42376
5.59396
5.84043
5.58982
5.96786
5.02441
5.33274
5.32781
5.6348
5.69714
5.62456
5.66335
5.65035
5.5846
5.81049
5.22821
6.02432
5.62833
5.28011
5.43425
5.88749
5.05937
5.59865
5.47679
5.88505
5.8252
5.22408
6.1266
5.85063
5.23189
5.11485
5.71174
5.26498
5.46816
5.32826
6.27534
5.89669
5.61272
5.32207
5.2731
5.70548
6.45178
5.08326
5.60381
5.2599
5.66545
5.78923
5.29708
5.21961
5.87157
6.0226
5.42861
5.64693
6.12132
5.93497
5.42432
5.21789
5.66973
6.03428
6.19642
6.05574
5.33586
5.47175
5.59686
4.99677
5.38
5.7206
5.2328
5.48744
5.67191
5.40669
5.43094
5.46029
5.99067
5.26456
5.73666
5.65795
5.41915
5.32467
5.43782
5.64457
5.72638
5.47454
5.38275
5.64291
5.85678
6.07984
6.00024
5.19234
6.53101
5.13449
5.28708
5.24015
5.35215
5.2663
6.20842
5.49749
5.71271
5.81088
5.74993
5.9116
4.91668
5.28762
5.50118
5.51409
5.41177
5.593
5.80851
5.77374
5.42061
5.23379
5.5585
5.61745
5.6876
5.8249
6.00706
5.87784
5.44807
5.40813
5.49594
6.18124
5.82335
5.59818
5.59236
5.90313
5.98071
5.50176
6.5395
5.26207
5.51146
5.95074
5.28288
5.36061
6.17036
5.77246
5.66365
5.97383
5.48795
5.41351
5.7667
5.46726
5.03412
4.91462
5.07235
5.3022
6.05024
5.84074
5.52075
5.6916
6.03097
5.5233
5.33829
5.5737
5.29815
5.45027
5.41835
5.5578
6.25484
6.15272
5.02614
5.82854
5.55806
5.20948
5.57849
5.41121
5.47714
5.55904
5.8543
5.93676
5.46395
5.58993
5.54152
6.05914
5.38528
5.42613
6.01652
5.68056
5.50819
5.76944
6.01824
5.52129
5.53008
5.61579
5.99612
5.47612
5.70384
5.16252
5.50051
5.50813
6.07295
5.78652
5.82716
5.72956
5.14282
5.75881
5.64718
6.16811
5.2141
5.4676
5.19865
5.6433
6.01439
6.49053
6.01134
5.46877
5.44614
5.48537
5.33208
5.57791
5.64128
5.65803
5.00662
5.34914
5.47801
5.69172
5.63095
5.77514
5.43546
5.53282
5.42623
5.55972
5.44809
5.56492
5.76241
5.309
5.49597
5.71719
5.70035
5.37434
5.50604
6.18304
5.44256
5.66113
5.46311
5.11879
5.45088
5.27001
5.68368
5.53168
5.38206
5.40282
5.35427
6.05133
6.25923
5.87009
5.79632
5.62126
5.29415
5.64295
5.53354
5.64716
5.62184
5.5056
5.65765
5.65507
5.49515
5.77537
5.59944
5.17744
5.55213
5.60769
5.92851
5.91543
5.58564
5.63656
5.94181
5.39645
5.54696
5.87734
5.47405
6.22272
5.84204
5.27326
5.31955
5.81825
5.3832
5.41149
5.71716
6.01777
5.5662
5.80851
5.51449
5.65238
5.69782
5.00457
5.38766
5.84903
5.80715
5.25657
5.90197
5.39698
5.86349
5.3027
6.06939
6.0989
5.53859
6.07129
5.48547
5.39803
5.36281
5.5537
5.77954
5.69016
5.53676
5.89479
6.01347
5.49749
5.63492
5.57344
5.30724
5.91825
5.67186
5.605
5.11294
6.06587
5.58248
6.20167
5.79448
5.42293
5.60576
5.38602
5.72689
5.24018
5.05553
5.59631
5.7588
5.89628
5.72001
5.31438
5.4121
5.63149
5.34246
6.13776
5.7549
5.59348
5.74736
5.77492
5.99563
5.04314
5.85427
5.89173
5.26146
5.33045
5.47838
4.99636
6.39742
5.37841
5.35907
5.37288
5.55549
5.98127
5.70953
5.65955
5.46406
5.71908
5.62202
5.6558
5.88148
5.73378
5.45842
5.54361
5.78625
5.1991
5.08992
5.9649
5.95138
5.78339
5.1182
5.97932
5.51471
5.36284
6.03334
5.76788
6.10311
5.71992
5.71995
5.65104
5.79605
5.09106
5.84494
5.88515
5.53096
5.59967
5.84524
5.19122
6.06017
5.56311
5.71384
5.79397
5.41718
5.52092
5.4233
5.46763
5.32977
5.6528
6.12169
6.06283
5.5485
5.68782
5.52462
5.87493
5.55544
5.82316
5.44244
5.21359
5.486
5.68001
5.35392
5.46565
5.61711
5.79365
5.75859
5.59323
5.3967
5.83807
5.95189
5.57123
5.52928
5.58191
5.47649
5.44351
5.42626
5.25669
5.83396
5.90383
5.46403
5.76426
4.84438
5.69471
5.17836
5.95743
5.12826
5.55462
5.45742
5.49372
5.40481
5.61336
5.57702
5.38401
5.54178
5.49512
5.89194
5.24319
5.49978
5.62964
4.91818
5.7723
5.33819
5.63492
5.47825
5.2057
5.40797
5.76619
5.43475
5.42069
5.90467
5.48773
5.50603
6.20621
5.74488
5.87544
5.59195
5.87705
5.37372
5.08058
5.70129
5.65912
5.49717
5.45474
5.80885
5.17193
5.69003
5.50672
5.20278
6.24973
5.7585
5.71507
5.37367
5.70022
6.20075
5.36936
5.87259
5.87425
6.31666
5.46824
6.15208
5.67476
5.68155
5.45766
5.74728
5.64804
5.96405
5.63832
5.48711
5.28851
5.83692
5.90475
5.67399
5.44566
5.56818
5.61148
5.77272
5.40375
5.63458
5.77434
5.36373
5.43121
5.36634
5.65306
5.77927
5.48288
5.50149
5.68627
5.38757
5.74681
5.56047
6.10347
5.54006
5.51934
5.37667
5.90934
5.74127
5.48922
5.31328
5.38745
5.33319
5.38135
5.75449
5.3132
5.49909
5.54401
5.24998
5.11817
5.75101
5.63427
5.75813
5.45002
5.65814
6.05691
6.06211
5.47116
5.62266
5.34563
5.53519
5.69314
5.55829
5.5082
5.4025
5.40947
5.30089
5.17345
6.10253
5.8685
5.62689
5.47788
5.59083
5.63107
6.05442
6.2763
5.52959
6.03182
5.34359
5.72057
5.71162
5.65224
5.9059
5.61603
5.45226
5.80475
5.46523
6.00616
6.11494
5.32959
5.15934
6.29273
5.34223
5.79215
5.39318
5.53318
5.80871
5.91452
5.78718
5.63518
6.24315
5.64064
5.4802
5.31575
5.34539
5.72227
5.34805
5.40998
5.75204
5.55748
5.45902
5.5315
5.55673
5.5613
5.10395
5.41003
5.63286
5.91221
5.66343
5.94873
5.35094
5.0103
5.35378
6.23566
5.31365
5.23907
5.72521
5.65382
5.11553
5.9433
5.52109
6.46136
5.58102
5.46714
5.43614
5.44795
5.26747
5.18701
5.53669
5.98451
5.90828
6.02615
5.46709
5.7568
5.47833
5.62652
5.66122
5.68195
5.55571
5.96496
5.30448
5.59736
5.84841
5.24953
5.4913
6.64996
5.39243
6.19621
5.47953
5.40187
5.55241
5.39615
5.36408
5.70045
5.70662
5.41502
5.83891
5.77001
5.6366
5.29776
5.37937
5.87175
5.52263
5.90602
5.6023
5.78938
5.31659
5.55835
5.38609
5.71602
5.67864
5.66845
5.82881
5.28473
5.1214
5.43783
5.54689
5.5316
5.0472
5.52361
5.97522
6.0254
5.61068
6.26337
5.74294
6.05401
5.56576
5.50039
5.44045
5.32941
5.97426
5.38836
5.60782
5.8962
5.30618
4.96775
5.23087
5.9394
5.35369
6.00775
5.23648
5.82211
5.52424
6.09251
5.50976
5.83684
5.549
5.22858
5.25391
5.92851
5.53259
5.78622
5.64697
5.6621
5.735
5.63128
5.60689
5.50669
5.3803
6.09707
5.59144
5.71031
5.17489
5.5313
5.44695
6.19571
5.51983
5.35473
6.09691
5.46144
5.25999
5.76487
5.76709
5.6703
6.32845
5.64867
5.45908
6.79308
5.87901
5.57937
5.49563
6.67961
5.39318
5.61116
5.74381
5.20956
5.27541
5.5277
5.48742
5.39865
5.95122
5.82783
5.67598
5.62668
5.6421
5.15238
5.70738
5.88633
5.64909
5.15285
5.34721
5.19654
5.91317
5.22352
5.54844
5.42381
5.68525
5.67144
5.6788
5.72691
6.17715
5.67545
5.61935
5.75802
5.23176
5.09063
5.60715
5.17777
5.8876
5.76004
5.38965
5.7283
5.28955
4.89982
5.70645
5.45008
5.3416
5.51772
5.44322
5.79357
5.37643
5.3841
5.57185
5.43934
5.36169
5.49822
5.66681
5.6387
5.51796
5.28005
5.61244
5.2414
6.35506
5.42081
5.42802
5.32804
5.40142
5.78696
5.67448
5.54333
5.62969
5.17837
5.54999
6.35584
5.40946
5.26689
5.62612
5.4968
5.57981
6.12289
5.14826
5.41633
5.73176
5.57266
5.61834
5.50744
5.86406
5.60793
5.52477
5.81381
5.9012
5.63652
5.64972
5.08204
5.48607
5.49173
5.22721
5.48523
5.60705
5.71994
5.50393
5.57897
5.84395
5.48028
5.63732
5.89908
5.69615
5.52791
5.92506
5.46808
5.46726
6.08602
5.48338
5.46053
5.79473
5.78546
5.59202
5.16977
5.69245
5.31673
5.81759
5.3728
5.35178
5.4637
5.59927
6.4248
5.40737
5.4498
5.17123
5.4758
5.50551
5.59828
5.60311
5.5194
6.07744
5.62317
5.6573
5.63078
5.42126
6.26207
6.06169
5.56032
5.62416
6.08455
5.39431
5.73849
5.52218
6.11946
5.63475
5.23053
5.29171
5.57473
5.31305
6.45304
6.00144
6.24414
5.55769
5.50648
5.61979
5.53844
5.49273
5.59019
5.8304
5.66704
5.68075
5.56108
5.52454
5.92953
5.55274
5.2314
5.29528
5.63941
5.7981
5.92281
5.61922
6.00215
5.3854
5.11574
6.08738
5.9949
5.35274
5.83502
5.68252
5.53598
6.17539
5.50911
5.58181
5.42784
5.82739
5.56192
6.27618
5.63274
5.40066
5.50489
5.81512
5.54881
5.88443
5.38696
5.56694
5.89615
5.29681
5.25393
5.5489
5.43256
5.77241
5.58308
5.26418
5.08827
5.83655
5.61871
5.5403
5.62889
5.86583
5.34013
5.45009
5.63931
5.15601
5.24801
5.53108
5.17423
5.45303
5.88835
5.59068
5.59582
5.77359
5.78148
5.67941
5.71556
5.79379
5.98993
5.80213
5.64235
5.49969
5.53135
5.71258
5.40727
5.49766
5.61546
5.26053
6.06217
5.25887
5.22132
5.47299
6.22431
5.57221
5.27073
5.89963
5.42443
5.13852
5.46119
5.71243
5.98787
5.405
5.38786
5.03038
5.67303
5.52861
5.62702
5.25433
6.19063
5.96821
5.21945
5.39361
5.29955
5.68303
5.52362
5.34392
5.43163
5.52594
6.43688
5.76012
5.38698
5.98449
6.13709
5.46669
5.71383
5.1648
6.00673
5.12574
5.7939
5.09719
5.0254
5.51211
5.83435
5.58775
5.98451
5.75503
6.08715
5.35704
5.52311
5.89065
5.68681
5.94548
5.7602
5.60451
5.33164
5.37533
5.603
5.58794
5.7213
5.60494
6.06168
5.30735
5.41472
5.78848
5.68398
5.98559
5.64844
5.44539
5.63241
5.69751
5.64194
5.57733
5.67259
5.37942
5.36108
5.6509
5.51318
5.36366
6.12021
5.55754
5.53534
5.39586
5.64564
5.40484
5.59677
5.38744
5.79419
5.59323
5.52507
5.99675
5.76373
5.82028
6.20563
5.55901
5.52191
5.58974
5.36071
5.58463
5.73486
5.92755
5.50451
5.50841
5.40415
6.01657
5.34266
5.27307
5.56521
5.18366
5.8846
5.41119
5.989
5.46586
5.89809
6.03218
5.01242
5.42547
6.0788
6.01595
5.38139
5.22901
5.77455
5.64236
6.23785
5.56888
5.54788
5.24681
5.49374
5.31292
5.67748
5.97638
5.60926
5.43064
6.1766
5.67154
5.66011
6.15905
5.47083
5.85977
5.79327
5.39203
5.32236
5.68619
5.51504
5.35079
5.6509
5.81581
5.89508
5.77204
5.74581
5.44992
5.8847
5.38461
5.72007
5.16239
5.3914
5.73343
6.05688
5.13492
5.61362
5.60875
5.92205
5.43643
5.29891
6.73224
5.88437
5.72763
5.64574
5.85293
5.58175
5.6932
5.62244
5.4244
5.82441
5.54808
5.59621
5.69768
5.53807
5.51169
5.83441
5.37207
5.7041
5.25402
5.77564
6.0918
5.5837
5.21038
5.75752
5.49163
5.74259
5.5807
5.32184
5.8972
5.59662
5.97384
5.2842
5.70121
5.80229
5.19169
5.55297
5.5494
5.32565
5.34453
5.36084
5.47983
5.60237
5.7554
5.50542
5.48135
5.73232
5.7013
5.45112
5.60653
5.38286
5.42616
5.52566
5.55614
5.64696
5.04872
5.73934
5.76319
5.48894
5.6725
5.92011
5.76619
5.85371
6.0931
5.81923
5.79357
5.44068
5.28154
5.96465
5.41834
5.40222
5.39488
5.7373
5.53867
5.3536
5.12941
5.36136
5.75404
5.68445
5.51574
5.53565
6.44289
5.72494
5.54475
5.56124
5.60099
5.29726
6.19365
6.06488
5.33297
5.9049
5.60067
5.61842
5.31239
5.97599
5.55171
5.68671
5.75774
5.1054
5.56256
5.57865
5.40231
5.43648
5.16126
5.50873
5.57196
5.53712
5.80386
5.6478
5.67636
5.68317
6.27481
5.30099
5.68696
5.93206
5.86691
5.63312
6.39055
5.85022
6.06362
5.7286
5.31586
5.42449
5.3609
5.66021
5.65231
5.49936
5.69845
5.5608
6.50473
6.11015
5.50175
5.3041
5.50305
5.5558
5.21225
5.45592
5.62047
5.48888
4.97561
5.45379
5.12032
5.60397
5.54564
5.84669
5.56093
5.71614
5.72015
5.54876
6.31295
5.90645
5.49106
5.45714
5.49774
5.15124
5.4583
5.80991
5.78687
5.55707
5.74353
5.87573
5.64534
5.66089
5.58495
5.50699
5.77553
5.70233
5.78552
5.4395
5.26996
5.55711
5.48874
5.71229
5.56232
5.73538
5.33893
5.57313
5.10844
5.96495
5.35564
5.703
5.19615
5.54849
5.28626
5.58993
5.68781
5.57137
6.01068
5.62284
6.01218
5.72472
5.75952
5.72927
5.50649
5.33631
5.71808
5.35658
5.37406
6.16045
5.45752
5.4196
5.82039
5.7889
5.52101
5.61945
5.61039
5.93688
5.4655
5.45808
5.32255
6.03639
6.00782
5.70318
5.4848
5.55012
5.1812
5.85111
5.72661
5.43599
5.85555
5.59098
5.49902
6.24081
5.34257
5.5676
5.65758
6.03315
5.88853
5.48042
5.53712
5.65521
5.68682
5.89351
5.4422
5.27702
5.46911
5.35022
5.6864
5.94613
6.06586
5.54431
5.40377
5.54466
5.68178
5.56329
5.83101
5.30781
5.8763
5.69306
5.4013
5.59374
5.61618
5.61727
5.63801
5.34084
5.59198
5.00013
6.06578
5.17156
5.80813
5.16271
5.37386
5.63698
5.62229
5.6368
5.68549
5.43814
5.7301
5.6744
6.07577
6.2266
5.531
5.14873
5.71073
5.02993
5.75909
5.5954
5.75541
5.74019
5.41361
5.7791
5.78578
5.45209
5.83424
5.6736
5.3936
5.38576
5.4658
5.33865
6.01103
5.76362
5.79749
5.85587
5.58728
5.63666
5.49488
5.56933
5.93533
6.08722
5.33544
5.47444
5.70733
5.15461
5.97283
5.58884
5.34377
5.57856
5.71487
5.49093
5.52958
5.31262
5.77984
5.84542
5.92285
5.33208
5.54499
5.61956
5.41866
5.30789
5.41914
5.28675
5.64081
5.58254
6.02448
5.67229
5.149
6.07273
5.7429
5.23215
5.76513
5.96234
5.51173
5.57108
5.09546
5.44334
6.13044
5.46877
5.3804
5.4006
5.67866
5.30173
5.4632
6.02256
5.42777
5.8134
5.99404
5.70156
5.73768
5.8897
5.6393
5.54434
5.45337
5.96344
6.13096
5.70508
5.53785
5.97998
5.22639
5.80157
5.54718
5.69993
5.52369
5.90347
5.24803
5.89622
5.36087
5.20041
5.3744
5.33057
5.92689
5.46614
6.22551
5.52929
5.44558
5.08562
5.47329
6.02706
5.10709
5.23692
5.9133
5.50107
5.82765
5.07136
5.81851
5.76777
5.50333
5.03511
5.48629
5.76326
5.26029
5.37992
6.10459
5.22052
5.25226
5.56844
5.47333
5.74584
5.57382
5.27739
5.758
6.00591
6.04844
5.96558
5.48642
6.05049
5.47635
5.83102
5.67538
5.6395
5.25289
5.60848
5.37133
5.21306
6.00677
5.49965
5.83471
5.4245
5.54973
5.67758
6.04935
5.63423
5.95964
5.15418
5.31515
5.53377
5.51014
5.30093
5.21929
5.66116
5.56278
5.50931
5.74337
5.43949
5.99169
5.68767
5.27587
5.62676
5.19033
5.66306
5.43026
5.60224
5.59183
5.37166
5.76984
5.40894
5.4627
5.68961
5.51037
5.034
5.23607
5.50446
6.42978
5.2826
5.93332
5.85427
5.56495
5.45686
5.46805
6.34403
5.78218
5.29601
5.4977
5.89082
5.35076
5.53554
5.57641
6.27597
5.75311
5.58013
5.76563
5.31544
5.47766
5.69207
5.97228
5.5972
5.47738
5.50853
5.49131
5.7047
5.41689
6.34026
5.32395
5.47355
5.73938
5.58583
5.47692
5.69477
5.65694
5.5168
5.10781
5.52364
5.36098
5.39261
5.43724
5.02866
5.82711
5.63006
6.43469
5.50208
5.40066
5.43314
5.25064
5.42622
5.50292
5.5821
5.44777
5.28165
5.63053
5.9188
5.60837
5.24427
5.56075
6.07736
5.43256
5.67177
5.64176
5.96376
5.55949
5.49524
5.37645
5.65186
5.49729
5.43709
5.48341
5.40789
5.47239
5.75854
5.40302
5.6356
5.34301
5.26787
5.47399
5.72336
5.30747
5.54226
5.51591
5.68162
5.66798
5.34555
5.46087
5.1392
5.27996
5.43689
5.27802
5.44801
5.72339
5.69607
5.30249
5.7411
5.61517
5.23513
5.33889
5.79638
5.22805
5.78949
5.85148
5.43896
5.49954
5.55611
5.35082
6.91237
5.15229
5.6342
6.20234
5.4698
5.74399
5.32555
5.20916
5.34825
5.81952
5.35094
5.25595
5.90066
5.69338
5.62446
5.3335
5.2986
5.60228
5.4136
5.38933
5.55752
5.76905
5.57393
5.19876
5.46865
5.55997
5.64196
5.38998
5.52563
5.55888
6.10043
5.26675
6.10292
5.48181
5.68459
6.06502
5.49345
5.30472
5.7957
6.04264
5.36186
5.75714
5.33621
6.30878
5.5491
5.80971
5.2967
5.87446
5.29289
5.60459
5.31791
5.55943
5.58761
5.57458
5.6367
5.65778
5.42218
5.55393
5.65281
5.7822
5.69648
6.22724
5.62201
6.04366
5.67255
5.41733
5.41898
5.49254
5.62662
5.93974
5.87819
6.10795
5.75144
5.3842
5.39854
5.81224
5.53506
5.62289
5.40198
5.83406
5.43635
5.74735
5.62323
5.27324
5.71485
5.22028
5.25512
5.70994
5.69328
5.51115
5.84729
5.50216
5.91608
5.38134
5.0551
5.63359
5.38242
5.7225
5.47411
5.87638
5.36051
5.19985
5.27022
5.98142
5.22466
5.60362
5.92645
5.33752
5.46775
5.67289
5.46491
5.95414
5.48832
5.73603
5.83594
5.6106
5.72094
5.77616
5.45047
5.51614
5.13105
5.58288
5.62182
6.19676
6.56772
5.32701
5.94227
5.5726
5.39833
6.38233
5.69665
5.97118
5.62561
5.12416
5.84773
5.51468
5.29828
5.79464
5.56247
5.88953
5.59284
5.49645
5.80904
5.34652
5.40472
6.1111
5.7813
5.56888
5.87815
5.69568
5.55003
5.76751
5.95479
5.84816
5.39902
5.2035
5.54151
5.27566
5.83181
5.39789
5.31906
5.61221
5.58026
5.27635
5.90501
5.94502
5.74813
5.61808
5.99121
5.60753
5.23352
5.6222
5.55986
5.61195
5.47358
5.2161
5.52026
6.50418
5.16369
5.29615
5.81854
5.43413
5.32348
5.50755
5.76979
5.27802
6.00212
5.44185
5.82321
5.63265
5.43862
5.33816
5.30574
5.54517
5.73567
5.93303
5.48074
6.37334
5.47212
5.90583
5.66527
5.52483
5.49851
5.10115
5.37625
5.38719
5.14001
5.97582
5.30082
5.4672
5.79855
5.53459
5.3432
5.47151
5.21873
5.60588
5.46322
5.87303
5.22613
5.37788
5.60004
5.42076
5.56166
5.46693
5.43566
5.37209
6.05022
5.39351
6.0112
5.18236
5.45179
5.26898
5.16422
5.61279
5.65325
5.69107
5.65863
6.36725
5.50808
5.46883
5.96537
5.85263
5.96305
5.63813
5.74516
5.55656
4.93932
5.83271
5.87977
5.61527
5.54314
5.58884
5.95924
5.69989
5.7431
5.44288
5.82188
5.75609
5.37885
5.56169
5.72985
5.58121
5.58714
5.6225
5.64593
5.24526
5.59222
5.22113
6.42376
5.28041
5.51004
6.35115
5.46251
5.68239
5.41282
5.51718
5.21029
5.38943
5.20697
5.49145
5.46355
5.63523
5.40302
5.30721
5.58345
5.47249
5.79792
5.62956
5.83165
5.39045
6.17958
5.39843
5.16327
5.22958
5.5972
5.2737
6.39329
5.39281
5.3148
5.9311
5.65733
5.69973
5.48431
5.29412
5.66777
5.86476
5.97084
5.59769
6.01116
5.94947
5.63851
5.78192
5.48899
5.60331
5.76697
5.43251
5.36105
5.42413
6.19363
5.55931
5.37198
6.10373
5.97331
5.38043
5.53225
6.03164
5.64587
5.35679
6.29564
5.33505
5.29161
5.64375
5.77587
5.63564
5.6264
5.81822
5.32383
5.45404
5.30306
5.62716
6.12906
6.04817
5.2373
5.31381
5.65372
5.82845
5.59636
5.8458
5.56197
5.29365
5.96155
5.60102
5.75464
6.16682
5.20515
6.25547
5.53967
6.30998
5.42565
5.28727
5.47555
5.27601
5.33387
5.48654
5.35434
5.75545
5.97998
5.71987
5.30175
5.56572
5.83476
6.24985
5.65168
5.92262
5.62804
5.74159
4.93239
5.45006
5.6018
5.65032
5.09271
5.20874
5.38115
5.54243
5.49901
5.73336
6.15559
5.80299
5.59096
5.68035
6.03131
5.49474
5.12341
5.66654
5.18453
5.76174
5.8143
5.6982
5.57217
5.78649
6.24185
5.60574
5.69144
5.34965
5.4329
5.4477
5.99685
5.33415
5.32413
5.67657
5.72471
5.46459
5.09193
5.96299
5.23602
5.41915
5.25348
5.60747
5.5582
5.50493
6.45029
5.77128
6.3621
5.83973
5.38346
6.04648
5.98642
5.8666
6.18589
5.74549
5.80836
6.03959
5.7463
5.75774
6.2286
5.26937
5.4913
5.64882
5.63959
5.42228
5.65725
5.2753
5.62952
5.92991
5.5253
5.65278
5.73032
5.65425
5.28296
5.3969
6.21035
5.35631
5.81167
5.45221
5.50291
6.12591
5.7579
5.69504
5.47101
5.74781
5.68225
5.32255
5.63068
5.78448
5.71868
5.7809
5.97363
6.02244
5.26591
5.31443
5.18879
5.14805
5.18946
5.33911
5.51027
5.69404
5.27047
5.6571
5.74196
5.90326
5.63512
5.41749
5.5218
5.48583
5.49743
5.62022
5.51918
5.46511
6.29426
5.19416
5.60745
5.44202
5.43373
5.87561
5.60049
5.76005
5.80182
5.40145
5.62875
5.79469
5.6706
5.35372
5.55167
5.21458
5.28346
5.43937
5.62867
5.43044
5.53711
5.7293
5.97086
5.44221
5.88883
5.32481
5.61991
5.56474
5.49764
5.41675
5.49851
5.59096
5.6684
6.09297
5.46411
5.74296
5.53472
5.56667
5.58811
5.42679
5.78683
5.6216
5.47423
5.56469
5.47791
5.73987
5.71667
5.64559
6.15289
6.15331
6.20016
5.3981
5.59036
5.5293
5.76715
5.61629
5.16851
5.74083
5.3534
5.48155
5.78262
5.2402
5.77697
5.32755
6.38115
5.35315
5.57358
5.57991
5.73347
5.54823
6.21659
5.7616
5.62931
5.50066
5.81567
5.48329
5.98555
5.5132
5.90855
5.58664
5.23321
5.90188
5.47586
6.508
5.21327
5.80538
5.45841
5.53518
5.42679
5.63448
5.41322
5.29119
5.36181
5.58896
5.64786
5.59946
5.42294
5.81753
5.37195
5.51434
6.13163
5.20649
5.40163
5.53731
5.71708
5.30584
5.73066
5.19705
5.76848
6.01125
5.95932
5.4219
5.40315
5.68135
5.33307
5.43679
5.22917
5.64073
5.38499
5.89535
5.33056
5.59298
5.52076
5.27593
5.59754
5.72101
6.12583
5.68152
5.37747
5.60746
5.6747
5.04841
5.90764
5.93184
5.36932
5.584
5.92825
5.56273
5.19837
5.38235
5.52243
5.13733
5.79507
5.42241
5.31265
5.43746
5.63268
5.30183
5.54679
5.87925
5.5262
5.06969
5.55497
5.80352
5.47221
5.5658
5.40929
5.30028
5.51202
5.93173
5.46508
5.40346
5.16765
5.62735
5.82488
5.72595
5.81199
5.2512
6.33764
5.75836
5.61781
6.02694
5.82924
5.79964
5.21744
5.55751
5.67242
5.46107
5.58575
5.21316
5.38668
5.24091
5.31359
5.45222
5.48878
5.94965
5.25845
5.71847
5.50898
5.72513
5.26119
5.54899
6.67894
5.44723
5.45698
5.7068
5.25189
5.73282
5.23423
5.62848
5.32206
5.33598
5.55459
5.42215
6.12839
5.67854
5.29359
5.50348
5.86129
5.58793
5.12658
5.69022
5.44742
5.56301
5.67618
5.24387
6.11903
5.87403
5.61276
5.63471
5.79966
5.21606
5.57235
6.37159
5.72275
5.29966
5.81958
5.99279
5.87446
5.90468
5.53189
5.38802
5.60637
5.83992
5.43772
5.76088
5.24286
5.60466
5.74378
5.96688
5.47914
5.34374
5.8249
5.64823
6.10583
5.59148
5.71244
5.96042
5.49513
5.49819
5.91788
5.86763
5.59599
5.98808
5.90601
5.55499
5.77339
5.64305
6.15456
5.32672
6.05681
5.21486
5.20726
5.482
5.25647
5.50708
5.54921
5.2007
5.92753
5.82042
5.26918
5.97236
5.25388
5.35363
5.91091
5.3968
5.58426
5.98581
5.95048
5.3897
6.03778
6.02172
5.76719
5.69714
5.25438
5.80673
5.52566
5.65038
5.65803
5.8088
5.43372
5.67441
5.11608
5.29404
5.4338
5.75814
5.50799
5.82618
5.58971
5.21953
5.55162
5.31312
5.41665
5.6162
5.32083
5.91355
5.57371
5.16721
5.11017
5.57793
5.58046
5.34546
5.29754
6.00213
5.55496
5.30617
5.61008
5.70442
5.27236
5.83977
5.52649
5.46952
5.38058
6.14101
5.18051
5.82278
5.69022
5.36203
5.50339
5.35122
5.36994
5.40628
5.12969
5.62637
5.56046
5.71056
5.44035
6.34221
5.37198
6.38462
5.83314
5.71832
5.18973
4.99519
5.26106
5.55362
5.53426
5.29941
5.33052
6.4223
5.35667
5.84014
5.89962
5.31721
5.34148
5.64756
6.18267
5.33335
5.72904
5.38737
5.66588
5.62756
5.81066
5.3603
5.40349
6.01569
5.58289
5.50801
5.80369
5.46932
5.10903
6.1347
5.83721
5.99802
5.81754
5.81477
5.6375
6.10431
5.18629
5.53057
5.27176
6.53494
5.93106
5.41767
5.91878
5.57095
5.68739
6.03615
5.27208
5.52655
5.39777
5.55949
5.3323
5.66988
5.48628
5.55225
5.56728
6.03595
5.33914
5.88914
5.82873
5.6444
5.25313
5.29974
5.92676
5.45543
5.19492
5.28415
5.61969
5.24184
5.58275
5.56838
5.72819
5.95448
5.47395
5.58863
5.4262
5.07464
5.8889
5.78132
5.36582
6.13626
5.71018
5.8012
5.422
5.39947
5.93755
5.69908
5.57011
5.33427
5.73881
5.21339
5.20934
5.61449
5.28903
5.64613
5.15768
5.50434
5.13967
5.98685
5.56305
5.54311
5.56966
4.8794
5.40654
5.5028
5.29064
5.1556
5.42048
5.99383
5.37608
5.26399
6.00918
6.1757
5.61858
5.1193
5.9092
5.96979
5.73774
5.11657
6.0262
5.65254
6.0623
6.33888
5.16305
5.45919
5.50996
5.69073
5.6384
5.47644
5.73065
6.31838
5.49384
6.10246
5.88159
5.53978
5.47926
5.64508
5.62135
5.33911
5.93817
5.6098
5.31342
5.17619
5.4181
5.36632
5.48764
5.65257
6.00588
5.56212
6.05265
5.54228
5.29532
6.14356
5.66497
5.51763
5.43376
6.06658
6.36256
5.81472
5.25697
5.54871
6.05159
5.24517
5.69534
5.821
5.49466
5.81381
5.50471
5.89694
5.63349
5.71069
5.93263
5.51496
5.44053
5.69258
5.64243
5.67726
5.61944
5.43409
5.52692
5.79159
5.79247
5.98131
5.36169
5.23878
5.19912
5.85319
5.54665
5.81574
5.64015
5.55764
5.75257
5.53659
5.90786
5.52033
5.6638
5.79978
5.38467
6.04121
5.23833
5.48939
5.83021
5.7356
5.72305
5.60989
6.03814
5.83233
5.57962
5.11742
5.74888
5.33255
5.65158
5.68986
5.67079
5.92576
5.69447
5.55971
5.58285
5.6591
5.49443
5.22152
5.64303
6.13991
6.00949
5.93736
5.40741
5.42586
5.71957
5.49452
5.78304
5.80917
5.60728
5.51605
5.43173
5.45907
5.41368
5.19775
5.53515
6.14577
5.18351
5.65724
5.75687
5.48634
5.79252
5.75397
6.10611
5.64395
5.4372
5.56742
5.63601
5.83098
5.61893
5.84628
5.74175
5.9214
5.43276
5.50367
5.44051
5.58885
5.44305
5.38289
5.70328
5.16071
5.56503
5.53143
5.39989
5.60833
4.97409
5.18716
5.47737
5.36591
5.57048
5.18575
5.62171
5.72937
5.8273
5.31614
5.43422
5.69492
5.58013
5.51605
5.83544
5.74413
5.85812
5.47362
5.69834
5.60378
5.53535
5.77737
5.13702
6.04122
5.75152
5.62508
5.9226
5.3308
5.60294
5.113
5.8816
5.43676
5.40478
5.58575
5.59666
5.59452
5.706
5.83573
5.4129
5.29195
5.7932
5.8725
5.3036
5.68421
6.20888
5.87391
5.63248
5.82558
5.31137
5.88072
5.83175
5.01042
5.41293
4.99614
5.81589
5.37809
5.77411
5.32005
6.1173
5.56887
5.67389
5.12083
5.96569
5.40721
5.97117
5.39332
5.51168
6.07022
5.56464
5.77989
5.50923
6.02262
6.19612
6.33199
5.16474
5.28613
5.45866
5.31148
5.92936
5.23171
5.1886
5.61251
5.17784
5.7784
5.39593
5.56997
6.45099
6.4323
6.30797
6.28768
5.57737
5.51094
5.36643
5.69638
4.87173
5.62203
5.3637
5.31111
6.12305
5.72197
5.41877
5.39296
5.07764
5.62255
5.40952
5.52017
5.75315
5.4789
5.82346
5.60759
5.6826
5.23868
5.26133
5.69433
6.44781
5.40438
5.97704
5.94267
6.02488
5.76242
5.70064
5.80631
5.60369
5.35872
5.23408
6.14261
5.82394
5.55144
5.21526
5.31826
5.43254
5.75811
5.44988
5.12514
5.42013
5.40337
5.17546
5.48031
5.37055
5.51703
5.44638
5.77679
5.6015
5.75749
5.41887
6.05705
5.4551
5.28796
5.2128
5.71646
5.1838
6.08299
5.42759
4.97344
5.46924
5.64285
5.41898
5.43181
5.84708
6.02926
5.42145
5.71795
5.67487
5.62933
5.74229
5.1517
5.76712
5.48121
5.4714
5.58438
5.62383
5.41982
5.82719
5.824
5.48981
5.95302
5.66891
5.66014
5.61293
5.74022
5.79925
5.23261
5.67128
5.60898
5.7345
5.68968
5.80237
5.49516
5.47647
5.72495
5.67789
5.46919
6.00862
5.83296
5.96531
5.31547
6.13406
5.74059
5.6706
6.00477
5.53867
5.65746
5.22953
5.41549
5.30121
5.03292
5.43011
5.9481
5.79858
5.70253
5.46148
5.62136
5.379
5.94156
5.68116
5.35392
5.8091
5.68763
6.105
5.43749
5.73781
5.75919
5.82886
5.59595
5.93898
5.55159
5.78882
5.45219
5.55507
5.44813
5.63977
5.66991
5.34217
5.88009
5.56174
5.80224
5.40988
5.37371
5.78244
5.2487
5.58261
5.25056
5.44645
5.49235
5.43019
5.46687
5.58245
5.98339
5.57289
5.37816
5.56174
5.75604
5.23904
5.93372
5.82483
5.36554
5.80597
5.98681
5.89285
5.82716
5.3507
5.57927
5.24981
5.12803
5.36225
5.30583
5.52638
5.85506
5.40201
5.68659
5.74069
5.36463
5.63055
5.90191
5.69488
5.21169
5.12608
5.623
5.35786
6.83212
5.60039
5.74949
5.75281
5.90384
5.40618
5.96399
5.70791
5.94334
5.49551
6.04576
5.97375
5.44506
5.6698
5.94511
5.79157
5.34457
6.03704
5.66488
5.58309
5.45458
5.60942
5.39767
5.517
5.44767
5.21308
5.68949
6.23233
5.21119
5.55427
5.9364
5.79338
5.09444
5.92106
5.73354
5.8272
6.02005
5.72456
5.32236
5.85136
5.47693
5.8628
5.24827
5.37555
5.22914
5.90109
5.62954
5.75843
6.17005
5.88146
5.33391
5.32161
5.70274
5.43208
5.91561
5.84587
5.17659
5.03301
5.25685
5.98505
5.5905
5.95674
5.27364
5.494
5.93535
5.76344
5.63607
5.20526
5.69983
5.48802
5.27218
5.83316
5.69421
5.55744
6.02628
5.62718
5.87749
5.49187
5.66454
5.56976
5.70271
5.60181
5.34299
5.57804
5.90665
5.58363
5.47329
5.41709
5.46861
5.47845
5.7372
5.94567
5.34941
5.48492
5.89257
5.88976
5.29772
5.2536
6.02711
5.57698
5.54793
5.73236
5.65293
5.45569
5.87808
5.40517
5.42601
5.1841
5.65632
5.50763
5.43519
5.83202
5.50818
5.85412
5.4567
5.6547
5.46235
5.62956
5.47792
5.74028
5.57111
5.76353
5.95227
5.69951
6.01885
6.07671
5.73688
5.46357
5.42027
5.40662
5.64127
5.23251
5.12446
5.38067
5.52681
5.39655
5.37155
5.89587
5.39602
5.52815
5.44821
5.68714
5.6496
5.4855
5.54608
5.46593
5.85114
5.55053
5.51778
5.67792
5.57118
5.97107
5.07732
5.98507
5.93172
5.66483
5.72337
5.57739
6.20648
6.19648
5.12698
5.57195
5.78905
5.70272
5.32391
5.21478
5.43933
5.42021
5.63732
5.83487
5.53773
5.11709
5.37161
5.32681
5.65631
5.72351
5.75351
5.21063
5.53133
5.72775
5.45358
5.47016
5.11205
5.71098
5.99612
5.57058
5.38646
5.65518
5.75156
5.65297
5.37118
5.27256
5.95022
5.88758
5.23154
5.9226
5.49477
5.62351
5.54736
5.88838
5.21026
5.72104
5.87919
5.27339
5.07954
5.1308
5.33069
5.7545
5.6975
5.44549
5.53292
5.4743
5.97887
5.32754
5.36976
5.6573
5.4781
5.65493
5.49836
5.55003
5.70483
5.43049
5.26779
5.5219
5.42109
6.02445
5.50245
5.61962
5.08459
5.2422
5.5097
5.78855
6.01055
6.38945
5.59381
5.38642
5.11114
5.54357
5.25608
5.49133
5.70069
5.59868
5.91691
5.70596
5.83788
5.83233
5.32105
5.57385
5.83264
5.43267
5.72577
5.16219
5.40269
5.4858
5.82407
5.56724
5.43808
5.01469
5.33733
5.6447
5.69652
5.69401
5.63397
5.96101
5.34002
5.81293
5.46958
5.635
5.54905
5.6981
5.1931
5.66077
5.50841
6.02204
5.66008
5.47068
5.23152
5.49313
5.45995
5.8837
5.13811
5.43651
5.41176
5.33313
5.945
5.91376
5.85137
5.62947
5.4017
5.40435
5.84974
5.32646
6.08512
6.13247
5.36337
5.80272
5.37651
5.38976
6.11938
5.42654
5.90205
5.32628
5.74408
5.29269
6.01292
5.57951
5.47843
5.83295
5.23907
5.48292
5.14548
5.9845
6.02506
5.81286
5.4283
5.71183
5.36622
5.65508
5.78345
5.89495
6.56712
5.46187
5.3853
5.44478
6.17865
5.41247
5.83502
5.6653
5.76848
5.72658
5.69073
6.24004
5.47114
5.71519
5.80732
5.69853
5.74851
5.7727
5.65404
5.33591
5.46906
5.43064
6.14223
5.4432
5.72447
5.43966
5.52175
5.86074
5.67906
6.27113
5.7998
5.26588
5.4796
5.98808
5.75886
5.93528
4.90685
5.28319
5.65433
5.50858
5.40203
5.83792
6.07201
5.5144
5.92298
5.66659
5.81037
6.01862
5.4811
5.65339
5.96146
5.61463
5.74328
5.25965
5.46186
5.59524
6.08926
5.36242
6.09398
5.46433
5.21907
5.15464
5.73858
5.87897
5.03748
5.25594
5.96049
5.40146
5.19061
5.7931
5.64712
5.64669
5.90009
5.63809
5.38999
5.34151
5.2983
5.42118
5.53539
6.21775
5.39834
5.49928
5.39711
5.59084
5.81609
5.52534
5.24007
5.33168
5.19142
5.4758
5.90774
5.737
5.96029
5.93318
5.31228
5.44772
5.64146
5.75425
5.58019
5.69395
5.73351
5.70866
5.88357
5.61454
5.72575
5.65804
5.48819
5.63917
5.43978
5.57396
5.47072
5.53241
5.15296
5.02573
5.53424
5.62013
5.5757
5.51839
5.74624
6.01855
5.53653
5.74106
5.53241
6.00633
5.80795
5.48095
6.26927
5.58353
5.72673
5.99094
5.91387
5.72566
5.61691
5.43798
5.44246
5.44807
5.75616
5.84551
5.77327
6.00688
5.89474
5.96533
5.26677
6.18937
5.75234
5.48516
6.18483
5.90842
5.27026
5.50751
5.12016
5.72427
5.58727
5.26205
5.85771
5.67915
5.25574
5.60359
5.63134
6.07326
5.97804
5.63436
5.81918
5.91371
5.46532
5.8158
5.67501
5.36828
5.62935
5.34753
5.40491
5.55548
5.64455
5.78073
6.12226
5.84333
5.76252
5.63353
6.55154
5.80974
5.52027
5.46494
5.4703
5.49495
5.11984
5.29856
5.67713
5.30433
5.6548
5.70689
5.77534
5.56496
5.70302
5.60626
5.58517
5.31015
5.74319
5.38003
5.58276
5.7704
5.39585
5.15175
5.65235
5.77699
5.65714
5.38788
5.61423
5.55131
5.3681
5.59579
5.39521
5.67336
6.02405
5.50417
6.48131
5.41005
5.45324
5.60348
5.78015
5.89058
5.5205
5.69036
5.22585
5.62832
5.6942
5.34697
5.38187
5.70986
5.88514
5.91884
6.03506
5.34645
5.08915
5.85723
5.60901
6.03013
5.19786
5.71271
5.29883
5.38029
5.43779
5.63814
5.32556
5.90325
5.44583
5.44862
5.79804
5.19702
5.67972
5.56065
5.3572
5.41297
5.50035
6.20906
5.65546
5.75049
5.42632
5.54804
5.78876
5.60958
5.65223
5.2662
5.73639
5.67212
5.31291
5.61829
5.64217
5.65936
5.56915
5.61547
5.88214
5.4085
6.15813
5.40439
5.25229
5.89635
6.12694
5.58279
5.87701
5.635
5.76833
5.79672
5.68422
6.00944
5.78087
5.62959
5.90658
5.33765
5.37481
6.34018
5.44082
5.65024
5.38209
6.49773
6.10174
5.32341
5.45052
5.58492
5.39922
5.4024
6.1598
5.76958
5.6497
5.11412
5.85292
5.921
5.80883
5.79625
5.7313
6.18407
5.2708
5.85633
5.49209
5.93989
6.46467
5.48292
5.58117
5.4857
5.66136
5.62216
5.66545
5.14824
5.72795
5.30742
5.77089
6.47177
5.15348
5.63538
5.47408
5.37735
5.94814
5.57685
5.88451
5.78124
5.84665
5.84358
4.91922
5.58445
5.74207
5.89113
5.5459
5.98357
5.72222
5.6951
6.29382
5.63863
5.433
5.44695
5.27181
5.36549
5.51775
5.61363
5.48844
5.57945
5.71639
5.94839
5.98703
5.47978
5.96295
5.66244
5.52008
5.81828
5.92165
5.20915
5.72785
5.76969
5.7625
5.84411
5.96381
5.63569
5.45301
5.59216
5.02515
5.51688
5.53267
5.50425
5.18904
5.72988
5.59633
5.45435
6.00525
5.72454
5.6552
5.38563
5.50811
5.60162
5.40026
6.14019
5.17711
5.58958
5.52336
5.40668
5.45938
5.24192
5.92836
5.40097
5.52675
5.6831
5.55947
5.65002
5.68846
5.64233
5.42751
5.24641
5.74778
6.01094
5.82303
5.24939
5.86325
5.58598
5.29285
5.54468
5.13596
5.77175
5.47069
5.8789
5.76231
5.43372
5.55342
5.60086
5.89266
5.85697
5.37233
6.44049
5.62638
5.17626
6.51985
5.88153
5.59172
5.5432
5.74196
5.77573
5.97996
5.64615
5.71266
5.49994
5.46147
5.70304
5.35865
5.59407
5.43276
5.47932
5.47231
5.40322
5.75704
5.34358
5.70377
5.60786
5.40367
5.50909
5.88623
6.08381
5.37931
5.8656
5.75678
5.42488
5.68955
5.70073
5.82782
5.89892
5.67802
5.81415
6.3664
5.18709
5.15221
6.03688
5.14373
5.13429
5.15018
5.78082
6.22308
5.01396
6.13065
5.40823
6.09177
5.94596
5.29236
5.3586
5.68743
5.42115
5.80727
5.65419
5.61194
5.84803
5.51268
5.35322
5.71269
5.70395
5.59407
5.72867
5.41896
5.75106
5.80076
5.76783
5.82738
5.67313
5.79108
5.54888
5.61296
5.43385
5.805
5.37907
5.63189
5.87338
5.64017
5.6547
5.44253
5.9455
5.39452
5.58584
5.39591
5.20072
5.45827
5.82976
5.5821
5.91796
5.89792
5.80197
5.50215
5.91972
5.67702
5.49997
5.71672
5.77952
5.73481
5.62613
5.07354
5.69391
5.54865
5.60165
5.38127
5.44552
5.67916
5.77621
5.97266
5.53719
5.58566
5.89793
5.34875
5.81181
5.53889
5.85984
5.31478
5.5077
5.70419
5.37745
5.86609
5.36053
5.7433
5.15118
5.59044
5.61384
5.16708
5.44353
5.86654
5.55075
5.97057
5.90245
5.0244
5.88987
6.09437
5.85457
5.35815
5.69124
5.87866
5.81998
5.27936
5.60073
5.31285
5.03225
5.62249
5.8369
5.80684
5.39869
5.53164
5.53006
5.57555
5.51966
5.69209
5.46698
5.96342
5.57925
5.67202
6.00163
5.12092
5.11212
5.68613
5.72246
5.8298
5.69025
5.44133
5.7852
5.18721
5.3514
5.35313
5.58291
5.42678
5.80325
5.55449
5.61265
5.53342
5.87575
5.51512
5.42444
5.43733
5.77821
5.43847
5.54333
5.23113
5.42065
5.90613
5.47294
5.74117
5.71266
5.37001
5.58532
5.75961
5.88015
5.68699
5.22889
5.39456
5.7697
5.80465
5.40548
5.17248
5.61604
5.6637
6.69965
5.99965
5.72305
4.98811
6.11175
5.24006
5.83616
5.25272
5.44099
5.59766
5.49321
5.17389
5.29194
5.54315
5.44028
5.8985
5.21014
5.95426
5.3858
5.94682
5.70725
5.37596
6.22275
5.51101
5.65297
4.98845
5.4591
5.53138
5.8282
5.55814
5.69346
5.73443
5.97216
5.97538
5.4117
5.42794
5.64254
5.86882
5.61719
5.80042
5.43429
5.97462
5.81749
5.60379
6.01107
5.61079
6.07205
5.74854
5.81806
5.50785
5.67396
5.38775
5.57383
5.67615
5.98409
5.73198
6.21297
5.7021
5.39519
5.46301
5.89347
6.07968
5.8878
5.69344
5.71224
5.44973
5.58815
5.60677
6.22026
5.62298
5.75079
5.42169
5.77294
5.48057
5.34816
5.70045
5.22048
5.49886
5.52157
5.31547
5.69014
5.81051
6.02813
5.61392
5.13566
5.83461
5.23998
5.77802
5.71072
5.29082
5.26328
5.8183
5.73673
5.32827
5.92474
5.31322
5.95682
5.4999
5.37935
5.65868
5.36627
6.07104
5.55325
5.52221
5.79876
5.47658
5.41199
5.48107
4.98843
5.87784
5.35834
5.93428
5.6053
5.87699
5.20473
5.52037
5.88942
5.96404
5.62261
5.56001
5.67214
5.70293
5.61342
5.10442
5.7533
5.85495
5.30397
5.4976
5.64794
5.8101
5.35803
5.28821
5.42706
5.70321
5.5727
5.49619
5.5001
5.25094
5.69022
5.74439
5.65879
5.79398
5.86452
6.01653
5.52462
4.92786
5.76006
5.38003
5.35464
5.56949
5.76835
5.40945
5.6689
6.16047
5.44416
6.12071
5.89662
5.13564
5.633
5.43784
5.80229
5.90079
5.53422
5.69192
5.7762
5.90896
6.07157
5.90334
5.14828
5.55821
5.89463
5.60747
5.37041
5.83642
6.16158
5.64566
5.44754
6.02997
5.46384
5.66362
5.62615
5.43886
5.59782
5.89779
5.49861
5.50115
5.53818
5.77151
5.75885
5.96779
5.6663
5.52977
6.02196
5.9528
5.40375
5.50966
6.27002
5.81708
5.46413
5.23989
6.01137
5.26674
5.24659
5.71891
5.92626
5.4896
5.63143
5.74968
6.39033
5.5613
5.19081
5.42489
5.49467
5.4507
5.49223
5.98845
5.4808
5.47552
5.50073
5.99758
5.58818
6.08015
5.58051
5.38616
5.39835
5.93888
5.5098
5.1587
5.34762
5.57375
5.18916
5.36093
5.81008
5.10178
6.00868
5.4216
6.01649
5.71929
5.41568
5.78881
5.35639
5.26797
5.67554
5.98052
5.24141
5.27629
5.04843
5.32616
5.70298
5.09941
5.73246
5.53891
5.36323
5.34124
5.89177
5.48793
5.59526
5.36469
5.36147
5.42231
6.2002
4.97773
6.29055
6.06419
5.61645
5.2437
5.45489
5.68156
5.27249
5.84236
5.20901
5.50606
5.62483
5.63509
5.86024
5.77186
6.34331
5.55887
5.42627
5.72898
5.8533
5.38454
5.29243
5.65505
5.3569
5.59104
5.0699
5.59345
5.42647
5.75961
5.60436
5.69308
5.84902
5.8587
5.67629
5.51444
5.52404
5.36983
5.17334
5.69736
5.41248
5.75128
5.1258
6.00235
5.5774
5.35997
5.20802
5.68874
5.6174
5.74774
5.63569
5.42352
5.4984
5.66175
5.18884
5.9423
5.59009
5.46874
5.59303
5.49987
5.42144
6.35236
5.57954
5.6638
5.46168
5.4578
5.46136
5.65115
5.35362
6.1506
5.56206
5.57386
6.2847
5.8533
5.76163
5.44605
6.1692
5.93064
5.71213
5.80873
5.54072
5.50634
5.76428
5.30914
5.45656
5.86059
5.2557
5.65308
5.51413
5.2051
5.8213
5.71914
5.78403
5.43267
5.27984
5.81242
5.4794
5.75506
5.41224
5.54528
4.9501
5.5879
5.20101
5.86939
5.7576
5.53123
5.24806
5.65214
5.42602
5.46125
5.52636
5.79166
5.62285
5.63873
5.53617
5.67624
5.82632
5.5423
5.56377
5.63795
5.30711
5.71959
6.07078
5.49998
5.31135
5.82449
5.18926
5.67886
5.68098
5.23555
5.95677
5.51712
5.40845
5.51997
5.82196
5.59607
5.80425
6.39986
5.87816
6.2938
5.81002
5.37616
5.18219
5.208
6.25243
5.87446
5.37908
5.62603
5.44436
5.62312
4.87367
5.6576
5.5448
5.56015
5.50333
5.40672
5.38526
5.37043
5.31164
5.28485
5.33774
5.88647
5.66137
5.33498
5.36287
5.59783
5.21319
5.3415
5.44207
5.62936
5.83257
5.35041
5.51024
5.39349
5.7408
6.1285
5.83912
5.4292
5.69537
5.51298
5.34599
5.59346
5.7118
5.35792
5.33831
5.35042
5.48955
5.88798
6.30149
5.64691
5.4086
5.40626
5.89109
5.26221
5.48093
5.53812
5.62273
5.44252
5.42678
5.48171
5.80798
5.30691
5.65478
5.37025
5.66087
5.65475
5.47192
5.57984
5.79019
5.40524
6.07034
5.43079
5.65893
5.34387
6.07655
5.64825
5.86763
5.93513
5.58018
5.64056
5.45415
5.59134
5.64605
5.37216
5.45497
5.92817
5.42678
5.90421
6.16238
5.46489
5.43541
5.30546
6.0041
5.38738
5.05602
5.3693
5.65706
5.48635
5.63715
5.81178
5.88777
5.58841
5.2658
5.61919
5.36958
6.10134
5.18396
5.70174
5.79284
5.81351
5.58096
5.78771
5.66454
5.5364
5.62404
5.12929
5.66202
5.34648
5.47182
5.61966
5.70283
5.91326
6.16692
5.50579
5.27652
6.04285
5.48532
5.69526
5.54985
6.05755
5.40832
5.47489
5.29346
5.58151
5.85171
5.63634
5.94267
5.96557
5.60039
5.7527
5.55331
5.36049
5.65704
5.66015
5.37467
5.92956
5.2919
5.59415
5.14849
5.60758
5.63494
5.27518
5.47096
5.52739
5.42993
5.75162
5.09772
5.44028
5.83129
5.38601
5.68726
5.72826
5.59641
5.32996
5.95984
5.6842
5.26447
5.46611
6.18158
5.30551
5.46705
5.46331
5.33322
5.70972
5.78359
5.70547
5.78471
5.99696
5.51441
6.20684
5.74976
5.6622
5.80454
5.99478
5.72663
5.51588
5.60398
5.38056
5.84598
5.45145
5.69911
5.53445
5.78645
5.9402
5.53749
5.38467
5.26822
5.35896
5.26508
4.96059
5.47004
5.70292
5.44428
5.62977
5.6177
5.45525
5.82874
5.68572
5.51855
5.90479
5.54641
5.01123
5.58528
5.86802
5.56493
5.75076
5.76996
5.679
5.64008
6.33826
5.41788
5.52632
5.94681
5.71079
5.46729
5.21488
5.61026
5.61554
5.67875
5.32535
5.71624
5.36768
5.76545
5.8184
5.55978
5.65188
5.35631
5.4277
5.23847
5.52205
5.84079
5.57505
5.75662
5.27191
5.90699
5.63464
6.2486
5.70921
5.74961
5.5924
5.89098
5.51453
5.41837
5.359
5.55043
6.11273
5.13059
5.78863
5.13855
5.87001
5.46223
5.83595
5.63811
5.04679
5.61017
5.6881
6.34176
5.19219
5.2752
6.17317
5.89862
6.15102
5.53603
6.13502
5.56466
5.81982
6.3809
5.77682
5.36756
5.62863
5.59095
6.13146
5.28513
5.59286
5.8084
5.8417
5.70848
5.57961
5.2318
5.5091
5.73971
5.77202
5.13625
5.38837
5.63708
5.82676
5.8757
5.1425
5.67204
5.88923
5.45765
5.7032
5.30081
5.61567
5.69845
5.49745
5.97474
5.48562
6.03802
5.29078
5.5103
5.4547
6.09516
5.41452
5.71734
5.79565
5.1367
5.31423
5.64435
5.6848
5.26263
5.29317
5.64093
5.52247
5.48966
5.38413
5.25552
5.22078
5.25428
5.95189
5.30139
5.65513
5.84835
5.60822
5.90465
5.62221
5.64807
5.19489
5.59459
5.36706
5.93848
5.33284
5.74504
5.56534
5.35228
5.30791
5.54846
5.51957
5.19826
5.2348
5.22096
5.50874
5.86616
5.56923
5.6033
5.78849
5.64552
5.98055
6.0059
5.80916
5.86524
5.49224
5.20257
5.97395
5.5812
5.75669
6.25984
6.22439
5.4787
5.49237
5.80677
5.71384
5.16374
5.42066
5.15074
5.90857
5.02252
5.53824
5.45775
5.27191
6.00895
6.19291
5.85511
5.23249
5.46814
6.21942
5.32695
5.48838
5.74589
5.2939
5.26587
5.59741
5.60136
5.58085
5.62106
5.62631
5.45352
5.54471
5.39707
5.91068
6.00888
5.67097
6.17278
6.13269
6.13835
5.4996
5.96479
6.54478
5.28227
6.22508
5.40873
5.49616
5.4921
5.73036
5.99393
5.63703
5.33339
5.90827
5.92264
5.75706
5.4593
5.53187
6.06642
5.62133
5.24016
5.47026
5.54622
5.70566
5.42538
5.83278
5.97605
5.28963
5.57959
5.50811
5.76742
5.66168
5.25784
5.8467
5.56687
5.3017
6.16637
5.29304
6.00817
5.5683
5.78679
6.06586
5.70056
5.47665
5.66983
5.37768
5.45154
5.45741
5.5844
5.84982
6.21237
6.00406
5.35305
5.7333
5.53538
5.95224
5.65705
5.76809
6.05239
5.65309
5.41574
5.8245
5.41745
6.1614
5.45638
5.13666
5.65965
5.16719
5.9034
5.56887
5.35182
5.36956
5.55992
5.77211
5.60726
5.62762
5.78266
5.81499
5.56632
5.50928
5.34348
5.36417
5.42877
5.91846
5.29359
6.02339
5.08665
5.35275
5.84929
5.44877
5.53226
5.55193
5.78164
5.69628
5.48105
5.5667
5.17386
5.93185
5.34923
5.1274
5.64148
5.48976
5.46549
5.493
5.4962
5.70196
5.66484
5.77711
5.35799
5.65996
5.72452
5.53468
5.69229
5.47223
5.23204
5.58983
5.65007
5.52682
5.31613
5.88179
5.19673
5.5054
5.4948
5.77094
5.4368
5.34292
5.45338
6.1076
5.86864
5.48438
5.50643
5.75395
5.62565
5.30132
5.75152
5.18388
5.57298
5.54458
5.84207
5.64538
5.59747
5.27584
5.78356
5.27065
5.17594
5.8388
5.60016
5.31109
5.28584
5.20583
5.96405
5.15062
5.48804
5.57772
5.9771
5.69948
5.58131
5.65429
5.62851
5.70682
5.79678
5.78603
5.41852
5.40325
5.57657
5.54453
5.61858
5.74187
5.02373
5.26346
5.43149
6.06767
5.07697
6.10453
5.41771
5.41753
5.25888
5.70117
5.67749
5.90638
6.36158
5.6057
5.73852
5.60282
5.39621
5.6627
5.74358
5.28397
5.79471
5.35921
5.56475
5.80989
5.79163
5.66366
5.60536
5.61718
5.46061
5.18837
5.98708
5.66094
6.03767
5.61796
5.25167
5.82855
5.66999
5.73904
5.37173
5.94251
5.583
5.9948
5.47008
5.36025
5.90331
6.27133
5.89062
5.6842
5.96833
5.38779
5.73292
5.47217
5.73976
6.00559
5.34049
5.53783
4.89657
6.08608
5.55721
5.9814
6.19506
5.71183
5.52765
5.72166
5.71364
5.72861
5.79658
5.15724
5.38816
5.24397
5.46265
5.564
5.81605
5.88342
5.95844
5.34024
5.34478
5.0529
5.67691
5.53558
5.35668
6.04421
5.45039
5.13065
5.47731
5.27044
5.93387
5.85918
5.12288
5.78153
5.70985
5.65402
5.67714
5.67779
5.36026
5.62643
6.08059
5.84365
5.49337
5.39409
5.36248
5.68351
5.2629
5.44818
5.78231
5.72672
5.29712
5.34184
5.51892
5.38524
5.54324
5.32185
5.5893
5.72752
5.66614
6.01797
5.76083
5.77842
5.71549
5.60403
5.72383
5.82688
5.51568
5.96629
5.67017
5.9647
5.68497
6.02872
5.88469
5.50701
5.3284
5.69316
5.20865
5.51413
5.28341
5.81036
5.28265
5.98361
5.42898
5.47537
5.67974
5.62518
5.48348
5.79478
6.01636
5.52053
5.94225
5.04643
5.61124
5.63866
5.64425
5.3659
5.48758
5.46553
5.42702
5.54897
6.10607
5.55286
5.47571
5.66183
5.43797
6.02865
5.47696
5.20865
5.75964
5.62863
5.46743
5.65768
5.70993
5.56241
5.37757
5.38295
6.17215
5.59512
5.39061
5.74663
5.30997
5.50718
5.63052
5.66722
5.67891
5.992
5.47382
5.77485
5.97305
5.16522
5.75652
5.35778
5.68711
5.59231
5.49284
5.25941
6.28854
5.18877
5.67416
5.56988
5.81929
5.76892
5.23631
5.48135
5.71908
5.82414
5.56793
5.58305
5.932
5.83409
5.41332
5.9095
5.64191
6.09337
5.70582
5.42509
5.85948
5.79058
5.65106
5.65947
5.88169
5.51747
5.71573
5.92201
5.34854
5.78485
6.10411
5.61186
5.85776
5.59565
5.85705
5.4352
5.44043
5.5829
5.17472
5.48415
5.77683
5.41689
5.61014
6.17722
5.54239
5.56545
5.46889
5.39406
5.3938
5.43322
5.60615
5.25035
5.23862
5.75051
5.5654
6.02088
5.57731
5.3108
5.49014
5.6038
5.96641
5.89365
5.71955
5.86118
5.57118
5.66529
5.59394
5.37488
5.37357
5.39583
5.64074
5.25534
5.38617
5.25079
5.80335
5.5707
5.47144
5.55811
6.46001
5.73698
5.26348
5.74754
5.77573
6.3349
5.29422
5.46566
5.32502
5.37923
5.96287
5.07751
5.68083
5.78597
5.35546
5.38116
5.95923
5.61482
5.73606
6.25069
5.4822
5.99741
5.90577
5.41237
5.64488
5.53116
5.49398
5.57485
5.4207
6.04072
5.18637
5.83133
5.44207
5.6029
5.80174
5.63533
5.51713
6.31757
6.03133
5.65003
5.56216
5.48634
5.83874
5.74154
5.7563
5.52945
5.72727
5.63168
5.30195
5.6097
5.44305
5.80136
5.07669
5.40595
5.46915
6.13359
5.14075
5.66062
5.37747
5.16346
5.82412
5.94452
5.64916
5.61612
5.61252
5.3106
5.1358
5.59643
5.50654
5.57878
5.51324
6.16767
5.40637
5.69963
5.95446
5.50933
5.72817
5.40988
5.97547
5.42505
5.81322
5.51396
5.49309
5.48832
5.26785
5.74468
5.84568
5.89884
5.57238
5.68036
5.55746
5.24172
6.14829
5.42079
5.79703
5.5551
5.65721
5.83767
5.60597
5.63874
5.73182
6.30201
5.45736
5.42705
5.46713
5.37212
5.59734
6.16717
5.40299
5.73281
6.32572
5.3994
5.35881
5.79083
4.96669
5.57663
5.44992
5.52361
5.34644
5.88203
5.86126
5.77179
5.44645
6.35121
5.73542
5.40468
5.79505
6.12398
5.63608
5.63029
5.42931
5.62805
5.9899
5.94464
5.30804
5.16372
5.53318
5.45315
5.57093
5.89913
5.18558
5.20307
5.36448
5.81041
5.59277
5.2055
5.92338
5.52998
5.47082
5.6551
6.14406
5.28065
5.44234
5.66632
5.2757
5.88371
5.72251
5.87648
5.40581
5.61462
5.65288
5.60647
5.4271
5.89858
5.82016
4.98585
5.5009
5.70085
6.05262
5.83028
5.5993
5.34436
5.68553
5.71112
5.14131
5.43015
5.9925
5.56835
5.74299
6.71024
5.69259
5.60238
5.55673
5.63838
5.08842
6.02512
5.35191
5.61729
5.52707
5.48498
5.90402
5.81826
5.24466
6.34696
5.66965
5.77486
5.39913
5.72484
6.18395
5.60901
5.51073
6.11599
5.71876
5.51222
5.31772
5.20928
6.11934
5.57592
5.84368
5.59502
5.77097
5.25548
5.33522
5.59665
5.34891
5.30777
5.65332
5.4713
5.32351
5.14993
5.59413
5.54143
6.04433
5.27529
5.57691
4.96975
5.70449
5.95693
5.95187
5.63368
5.67989
5.84761
5.71783
5.19085
5.54977
5.49518
5.64915
5.5377
5.4995
5.56576
6.01071
5.69001
5.73256
5.22652
5.82773
6.18821
5.46115
6.09663
5.48681
5.70431
5.38265
5.75598
5.64313
5.36164
5.30759
5.21862
5.08334
4.91931
5.38066
5.68107
5.44628
5.59594
5.60765
5.54218
5.60621
5.75823
5.50039
5.46799
5.56235
5.62024
5.62438
6.50951
5.38033
5.50888
5.41464
5.52444
5.30871
5.79801
5.75044
5.23732
6.12413
5.03798
5.62545
5.94328
5.3365
5.15527
5.30979
6.35616
5.35709
5.58529
5.51864
5.64448
6.29507
4.9798
5.9904
5.81391
5.32401
5.70314
5.34148
5.22749
5.51601
5.55557
5.23546
5.64049
5.75076
5.64349
5.4081
5.67305
5.6633
5.71395
6.18274
5.81315
6.19053
5.71001
5.30135
5.59536
5.43576
5.55273
5.1425
5.84158
5.55705
5.71073
5.82843
5.77125
5.61604
5.71485
5.72201
5.87041
5.93243
5.12885
5.27452
5.19023
5.47828
6.00498
5.71728
6.02548
6.12148
5.27124
5.5655
5.56741
5.98099
5.45202
5.46967
5.30871
5.44374
5.60495
6.11156
5.56797
5.49445
5.61432
5.84525
5.50667
5.63216
5.50751
5.4745
5.16909
5.89212
5.2648
5.63489
5.3472
5.93457
5.27118
5.61311
5.78197
5.44726
5.29882
5.51592
5.60152
5.13128
5.14405
5.87188
5.33155
5.45022
5.48962
5.73299
5.94818
5.83717
5.97432
5.58841
6.16015
6.10178
5.56894
5.40135
5.28523
5.92844
5.43506
5.5417
5.6869
5.36776
5.63598
5.6708
5.07231
5.32885
5.68022
5.75183
5.50735
5.66393
5.38059
5.54173
5.49552
5.43529
5.22525
5.30929
5.97711
5.19798
5.70664
5.88916
5.73201
5.42403
5.90684
5.51414
5.29426
5.74024
5.55077
5.56131
5.95722
5.81091
5.73371
5.61807
5.88753
5.16541
6.23576
5.45315
5.43486
5.33123
5.45763
5.5834
5.72676
5.76275
5.49737
5.90308
5.84969
5.69929
5.4292
5.81661
5.34819
6.06221
6.02483
5.54668
5.62809
5.42997
5.55442
5.63311
5.48801
5.25158
5.51928
5.32377
5.67328
5.49578
5.57022
6.28723
5.77905
5.47744
6.04986
6.65943
5.76771
6.09121
5.52899
5.37369
5.81399
5.43519
5.49483
5.97122
5.51826
5.64555
5.63487
5.59727
5.47292
5.62181
5.65221
6.06084
5.66838
5.96361
5.06827
5.28634
5.35192
5.8566
5.4509
5.94591
5.65557
5.85875
5.57073
5.52987
5.40718
5.60314
5.05221
5.77384
5.50097
5.47281
6.06182
5.50314
5.37131
5.59496
5.32685
5.55687
5.28028
6.02433
5.45715
6.20397
5.1974
5.6529
5.5196
5.3293
5.74378
5.64688
5.77134
5.60433
5.46659
5.5737
6.05828
5.64864
5.3065
6.0428
5.57152
5.40826
5.51004
5.60544
5.85674
5.12547
5.77725
5.23293
5.53024
5.40268
5.96499
5.32258
5.17557
6.45417
5.87112
5.53464
5.97236
5.6544
5.56904
5.6588
5.79845
5.5446
5.3506
5.58748
5.82338
5.56246
5.82338
5.25861
5.96833
6.24496
6.13845
5.51815
5.89084
5.78817
5.56524
5.8724
5.29999
5.7739
5.6633
5.37343
5.6942
5.21277
5.46294
5.80089
5.71474
5.55525
5.94812
5.3937
5.73943
5.80199
5.85118
5.80287
5.60214
6.03251
5.48769
5.43175
5.84786
5.96618
5.68525
5.80876
5.48045
5.33967
5.44948
5.56582
5.86096
5.62399
6.05453
5.87961
5.60182
5.59888
5.1998
5.86024
5.11122
5.50476
5.33323
5.62324
5.41671
5.79163
5.94688
5.35705
5.82664
5.26962
5.61484
5.95111
5.49984
5.80844
5.45046
5.86739
5.20662
5.45097
5.52116
5.78583
5.80771
5.49561
5.46093
5.89438
5.54567
5.95536
5.58089
5.13448
5.4443
5.56104
5.48168
5.6956
5.61681
5.49714
5.57354
5.36204
6.25623
5.57547
5.83772
5.39192
5.82472
5.92004
5.26961
5.81883
6.02436
5.51405
5.58213
5.96498
5.45709
5.54533
5.83027
5.55844
5.73187
5.94036
5.61707
5.40412
5.18205
5.84818
6.05689
5.79925
4.88527
5.18906
5.46255
5.56858
5.6856
5.77647
5.45818
5.40444
5.69415
5.45957
5.4696
5.97875
5.89258
6.0233
5.55467
5.65196
5.42719
5.91693
5.81625
5.72714
5.23246
5.5242
5.36138
6.13138
5.40476
5.45605
5.6957
5.74287
5.68275
5.5269
5.31739
5.91301
5.65962
5.58587
6.05415
5.29607
5.33761
5.28761
5.28406
5.50511
5.46482
6.08743
5.4415
5.56144
5.32867
5.22062
5.86688
5.20248
5.1877
5.59658
5.90579
5.90018
5.34832
5.66659
5.91958
5.74256
5.31656
5.64156
5.58362
5.31474
5.97292
5.78517
6.08862
5.52876
5.15674
5.66896
5.71351
5.83768
5.73366
5.2949
5.76675
5.77141
5.38464
5.30906
5.37023
5.53046
5.67897
5.74382
5.51104
5.48375
5.35968
5.13432
5.41532
5.4417
5.21458
5.60859
5.34759
5.42492
5.15112
5.74749
5.35387
5.68286
5.66565
5.26967
5.44098
5.61848
5.71723
5.64741
5.35863
5.58274
5.47384
5.5479
6.08121
5.21794
5.97716
5.34503
5.31295
5.6523
6.2504
6.27034
5.90127
5.14152
5.35481
5.92069
6.02377
5.63672
5.65941
5.84844
5.2482
5.82584
6.20741
5.61859
5.5823
5.47724
5.39759
5.29222
5.53929
5.82412
5.71129
5.65747
5.96426
5.75232
5.63912
5.5662
5.78369
5.46505
5.56003
5.63746
5.14179
5.66291
5.38501
5.37379
5.75958
5.60988
5.49321
5.95976
5.35399
6.07597
5.71501
5.57864
5.27048
5.62597
6.11668
5.19914
6.26057
5.54929
5.89109
5.87164
5.45969
5.71377
5.38889
5.30723
5.81286
5.89665
5.68991
5.80835
5.70656
5.77967
5.64487
5.85781
5.60932
5.76019
5.7609
5.61266
5.65607
5.82664
5.33652
5.64748
5.87858
5.5932
5.87899
5.98393
5.93331
5.55513
5.46703
5.32903
5.49174
5.32236
5.41443
6.51993
5.46012
5.74954
5.37454
5.44665
5.67994
5.68185
5.56954
5.50876
5.52474
5.66996
5.73331
5.58873
5.34361
5.59399
5.40191
5.83797
5.72461
5.34801
5.77883
5.89343
5.45596
5.74105
5.58944
5.78082
5.68904
5.68446
5.99725
5.80259
5.50695
6.16496
5.86395
5.53922
6.08017
5.4075
5.8737
5.29325
5.10121
5.44046
5.43905
5.9319
5.81326
5.9576
5.58459
5.41172
5.63081
6.2455
6.09883
6.14647
5.6138
5.76683
5.74255
5.3194
6.07166
5.57862
5.60223
5.35325
5.54879
5.3529
5.7652
5.3793
5.57352
5.78329
5.37493
5.45458
6.15796
5.36908
5.49038
5.38265
5.79231
5.58398
5.47532
5.76742
5.15991
5.49915
5.52399
6.02052
5.44381
6.023
5.20302
5.56539
5.67077
5.79292
5.35794
5.49386
5.06645
5.20867
5.91704
5.59412
5.76476
5.33825
5.45663
5.54826
5.24547
5.49211
5.55393
5.48671
5.56886
5.00163
5.41257
5.74693
5.72096
5.8239
5.29592
5.29978
4.99935
5.83512
5.42227
5.52027
5.69892
5.16353
5.32788
5.42414
5.31155
5.85832
5.37358
5.64109
5.41312
5.59187
5.38857
5.47519
6.04759
5.3568
6.44206
5.58049
5.75956
5.34252
5.55125
5.17589
5.55313
6.03127
5.46391
5.52828
5.28718
5.4336
5.71159
5.89292
6.68957
6.10864
5.84073
5.66381
5.32154
5.86192
5.37938
5.6805
5.53073
5.61516
5.56934
5.62111
5.4198
5.87844
5.58828
5.70269
5.86495
6.3235
5.10071
5.70163
5.96384
5.27347
5.94321
5.67548
6.14577
5.33338
6.06755
5.39362
5.6295
6.10008
6.43261
5.834
5.65858
5.65186
5.20228
5.66309
5.66389
5.67683
5.29602
5.77901
5.59222
5.65412
6.28153
5.32213
5.63937
5.66079
5.45062
5.46817
6.03161
5.27349
4.96095
5.74162
5.64244
5.50196
5.22001
5.62164
5.31854
5.31438
5.22042
5.4011
6.11039
5.57883
5.63843
5.56778
5.61402
6.12026
5.19694
5.42068
5.34656
6.0072
5.6928
5.27146
5.89933
5.94455
5.7299
5.8819
6.17962
5.7534
5.39418
5.2945
5.69655
5.65661
5.61943
5.52899
5.71461
5.57187
5.5317
5.36214
5.37146
5.3597
5.74619
5.65233
5.99698
5.29586
6.14331
6.26274
5.56067
5.80256
5.33705
5.42179
5.81694
5.39421
5.80123
5.35102
5.4366
5.43027
5.57061
5.97575
5.88164
5.30906
5.88254
5.4745
5.36367
5.85507
5.22691
5.1904
5.57213
5.75998
5.92627
5.5821
5.37817
5.46031
5.42231
5.81862
5.43712
5.58842
5.61235
5.47668
5.45405
5.50008
5.22621
5.16968
5.39294
5.62941
5.38665
5.1379
5.38063
5.37819
5.65441
6.16775
5.83421
6.07176
5.49161
5.47392
5.76477
5.44511
5.37133
5.36922
5.65329
5.46492
5.70271
5.86853
5.41261
5.3296
5.82414
5.34919
5.64475
5.41536
5.81966
5.46091
5.61959
6.24905
5.61187
5.47343
5.81011
5.48358
5.38889
5.67866
5.30609
5.35324
5.32696
5.64661
5.98837
5.18805
5.57304
5.54071
5.45145
5.34427
5.68595
6.08782
5.78294
5.2172
5.23653
5.27948
6.37236
5.42171
6.04622
5.6474
6.07406
5.51336
5.73887
5.38009
5.82165
5.8671
5.54168
5.53154
5.95985
5.27749
5.28601
5.49512
6.08554
5.36829
6.18035
5.89212
5.85719
5.26698
5.84109
5.47551
5.66544
5.432
5.24133
5.90866
5.44659
5.25981
6.08357
5.52043
5.67889
5.79979
5.31864
5.82915
5.50466
5.31809
5.09037
5.6585
5.79338
5.68594
5.74059
5.24337
5.93023
4.98724
5.85513
5.61271
5.69219
5.25888
5.94496
5.32027
5.59913
5.67146
5.49604
6.00517
5.79597
5.46758
5.70286
5.58772
5.89156
5.78494
6.00323
5.33288
5.61497
5.49565
5.53432
5.78053
5.23606
5.71404
5.70695
5.33083
5.27643
5.76666
5.94797
5.64763
5.38211
6.05723
5.24866
5.50982
5.39049
5.73956
5.69152
5.67945
5.42622
5.51196
5.65988
5.58415
5.19678
5.94012
5.71914
5.92975
6.06022
5.70212
5.45187
5.58945
5.52367
5.39225
5.61682
5.72984
5.59331
5.50015
5.66087
6.20719
5.49577
5.14493
6.19866
6.03066
5.65492
5.28573
6.11864
5.78745
5.32654
5.31474
5.68866
5.20568
5.39418
5.56982
5.76733
5.43989
5.49713
5.72702
5.92458
5.5033
6.0653
5.47925
5.34688
5.67079
5.61785
6.22011
5.35596
5.53182
5.2492
5.31095
5.36639
5.53251
5.72064
5.44838
5.75815
5.37085
5.40642
5.70716
5.37888
5.52661
5.58243
5.80381
5.28675
5.78944
5.39431
5.72835
5.87848
5.4895
5.34693
5.67521
5.83024
5.37232
6.13382
5.9879
5.32925
5.62951
5.37667
5.56546
5.61337
5.84209
5.54423
5.61617
5.79448
5.47776
5.2354
5.75341
5.90218
5.85516
5.3227
5.31419
6.15324
5.2565
5.54464
5.47025
5.65874
5.218
5.57513
5.57269
5.27134
5.62087
6.24224
5.35072
5.61256
5.34045
5.2855
5.3605
5.26847
5.69647
5.53366
5.76182
5.41507
5.04386
5.52242
5.33933
5.12726
5.67602
5.76112
5.30241
5.64921
5.49382
5.33268
5.29413
5.37405
5.50245
5.51325
5.39148
5.88833
5.78249
5.87698
5.53402
5.36085
5.54356
5.97416
5.36886
6.23525
5.66427
5.4026
5.8491
5.53203
5.45561
5.1996
5.39516
5.38288
5.97076
6.09162
5.33182
5.50315
5.7556
5.32825
5.63135
5.49285
5.48114
5.47336
5.51753
5.76007
5.20246
5.90712
5.66851
5.54437
5.46364
5.33543
5.37455
5.35161
5.65771
5.8371
5.95881
6.10864
5.65054
5.45944
5.26987
5.78068
5.62798
5.32888
5.44017
5.78774
5.52569
5.36819
5.43504
5.01314
5.21702
5.88294
5.74719
5.30616
5.64384
5.64464
5.61255
5.75375
5.30652
5.42028
5.29216
6.50333
5.5441
5.32809
5.17229
5.47201
5.3454
5.51001
5.78579
5.65443
5.58063
6.27117
5.47949
5.55644
5.33736
5.43381
5.71269
5.79941
5.93672
5.63027
6.20916
5.93711
5.76301
5.82023
5.11901
5.94192
5.37352
5.43352
5.77698
5.62049
5.40394
5.70676
5.75231
5.14333
4.97496
5.28795
5.9033
5.78497
5.7457
5.38805
5.57306
6.12243
5.34657
5.43074
5.82778
5.4808
5.61833
5.34696
5.76478
5.64257
5.85635
4.97904
5.39667
6.07468
5.39728
5.69264
5.96404
6.01451
5.1152
5.24174
5.61993
5.88704
5.59622
5.549
5.12627
5.23158
6.07395
5.71766
5.46537
5.80963
5.78324
5.72165
5.75235
6.40538
5.39587
6.19504
5.29529
5.98258
5.29683
5.22931
5.17009
5.78187
5.75206
5.51272
5.8771
6.11455
5.7206
5.31517
5.71503
5.77461
6.07219
5.50561
5.69824
5.37778
5.46605
5.17975
5.86507
5.79911
5.89693
5.8839
5.49884
5.68092
5.48112
5.23515
5.98115
5.22821
5.30361
6.56167
5.57403
6.0659
5.08445
5.7394
5.72197
5.21688
5.60343
5.80985
5.57903
5.68879
5.83083
5.67005
5.61432
5.89608
5.70134
6.49459
5.54825
5.19984
6.29106
5.56728
5.62433
5.56659
5.49403
5.76629
5.33059
5.75695
5.48795
5.44323
5.85162
6.04945
5.43931
5.88418
5.3695
5.72571
5.77284
5.74919
5.70994
5.79806
5.5861
5.31898
5.32658
5.37627
5.51062
5.46098
5.4094
5.47235
5.70607
5.6205
5.36274
6.02315
5.63753
5.60716
5.71526
5.49939
5.59644
5.32196
5.28738
5.31769
5.9083
5.52117
5.3909
5.96969
5.99837
5.70597
5.39642
5.49932
5.5958
5.48177
5.83584
5.42788
5.23071
5.77239
5.53427
5.57315
5.43935
5.5203
5.6703
5.54332
5.34721
5.49614
5.58735
5.69642
5.91522
5.30951
5.79846
5.51563
5.4837
5.6037
5.55808
5.6485
5.30005
5.56208
5.42787
6.13629
5.58151
5.33837
5.42788
5.40008
5.3814
5.55804
5.50662
5.5669
5.88652
5.32162
5.48344
5.58823
5.39716
5.88521
5.38993
5.11211
5.48211
5.91213
5.58793
5.52497
6.32383
5.06667
5.2094
5.83622
5.38976
5.73742
5.78705
5.53452
5.37424
5.63357
5.42504
5.72454
5.61653
5.74025
5.8348
5.60322
5.58926
5.26987
5.62441
5.418
5.30358
6.23415
5.47593
6.70637
5.45728
5.30461
5.37103
5.14032
6.04034
5.48142
5.30346
5.32722
5.0111
5.88879
5.7872
5.09575
5.26837
5.83301
5.13202
5.58526
5.46169
5.77167
5.93434
6.09746
6.44279
6.0333
5.29302
5.29325
5.54918
5.61158
5.57185
5.83306
6.22501
5.36591
5.64377
5.26677
5.27045
5.97377
5.94902
5.64527
5.42103
6.29031
5.5156
5.68085
5.95903
5.85943
5.63241
5.40939
5.12315
5.43137
6.05724
4.86542
5.31854
5.38139
5.20896
5.22615
5.60641
6.05533
5.54553
5.7302
5.71598
5.60041
5.3648
5.89033
5.90512
5.99913
6.11903
5.29598
5.45766
5.19354
5.38243
5.71741
5.57287
5.64534
5.48729
5.69387
5.54726
4.92701
5.49539
5.35258
5.6366
5.34209
5.67088
5.3311
5.62451
5.5937
5.67177
5.75647
5.43352
5.71273
5.39681
5.80492
5.83883
5.58089
6.04211
5.36023
5.74903
5.66082
5.60773
5.5358
5.49972
5.40003
5.30378
5.89396
5.8367
5.46455
5.65752
5.97331
5.60011
5.46547
5.52299
5.61437
5.83887
5.60595
5.32302
5.98139
5.45385
6.18625
6.58505
5.36558
5.50113
5.86217
5.79789
5.40826
5.54087
5.7638
5.56846
5.74673
6.12029
6.06949
5.99187
5.48672
5.66761
5.80499
5.42308
6.01293
5.49851
5.53102
5.4908
5.72723
5.85256
5.13407
5.2535
5.40587
5.44834
5.89134
5.73316
5.6475
5.59389
5.55983
5.17106
5.99175
6.0229
5.58221
5.5083
5.07364
5.4609
5.64873
5.26566
5.6469
5.54112
5.93316
5.51586
5.11287
5.08476
5.39974
5.50861
5.38359
5.79771
6.058
5.64341
5.23678
5.66705
5.52067
5.55338
5.73505
5.72599
5.47767
5.42467
6.03116
6.04201
5.86266
5.98555
5.61235
6.08922
5.95988
5.84436
5.59037
5.789
5.72719
6.10254
5.20899
5.35111
5.38959
5.56417
5.29002
5.7706
6.24339
6.00704
5.21731
5.5811
5.7427
5.82632
5.53198
5.93037
5.5016
5.6049
5.37514
5.1755
5.39326
5.59775
5.49289
5.10321
5.44045
5.31823
6.1845
6.32687
5.38276
5.84324
6.47516
5.9878
5.20196
5.6545
5.44388
5.74429
5.67022
5.90248
5.45099
5.45664
5.51565
5.52429
5.56171
5.14042
5.32699
5.68759
5.66268
5.77185
5.71672
5.41459
5.40216
5.39937
5.54354
5.63678
5.32824
5.69057
5.472
5.67181
5.64893
5.68374
5.67239
5.84345
6.07613
5.59636
6.10454
5.55599
5.8272
5.92106
5.76081
5.55972
5.75868
5.10792
5.72774
5.44971
5.52175
5.84724
5.55178
5.47747
6.41748
5.46782
5.40044
5.25279
6.14264
5.58024
6.23123
5.34441
5.56417
5.55986
5.41362
5.44656
5.65961
5.67947
5.59843
5.19963
5.74155
5.65563
5.83664
5.9025
5.13084
5.72944
5.69276
5.07539
5.55739
5.57167
5.71323
5.4347
5.46943
5.68394
5.51334
5.54794
5.63452
6.02673
5.6773
5.78159
5.6776
5.77473
5.37672
5.90902
5.50673
5.60147
5.51509
5.73398
5.18463
5.66901
5.72736
5.30261
5.77046
5.57968
5.66185
5.65065
5.6512
5.61549
5.28741
5.49622
5.94941
5.72177
5.61531
5.27068
5.40141
5.32233
5.50864
5.28822
5.48914
5.26286
5.93818
5.4855
5.79631
5.98669
5.36661
5.71474
5.03421
5.59102
5.64132
5.64803
5.07911
5.84742
5.96184
5.80961
5.65829
5.32267
5.83171
5.44703
5.27483
5.56305
5.72797
5.7112
5.81273
5.98117
5.85236
6.4239
5.8211
5.62375
5.5266
5.90848
5.71959
5.3457
5.31888
5.425
5.60055
5.6553
5.95739
5.88443
5.64623
5.65421
5.51378
5.39955
5.61255
5.90576
5.54131
5.18049
5.41912
5.39312
5.93661
5.87506
6.07012
5.48312
5.1855
5.69845
5.38067
5.8436
5.80728
5.74723
5.86569
5.66311
5.50645
5.30115
5.60785
5.20818
5.70594
5.35835
5.90494
5.385
5.81317
5.95859
5.71167
5.61232
5.9256
5.62301
5.41191
5.98993
5.79483
5.37359
5.39076
5.62685
5.69833
5.60582
5.52086
6.51538
5.5413
5.3502
5.27502
5.34989
5.59625
5.2113
5.77203
5.40244
6.26082
5.20677
5.85308
5.58542
5.63862
5.1541
5.90422
5.63609
5.44984
5.80625
5.58322
5.40288
5.68196
5.398
4.96648
6.32695
5.59609
5.64845
5.22794
5.76085
5.36445
5.38299
6.14853
6.44171
5.98943
5.90142
5.63136
5.67444
6.26426
5.46783
5.48657
4.89259
5.05868
5.31542
5.39866
5.38831
5.58143
5.95896
4.98076
5.96817
5.57911
5.57932
5.84017
5.76293
5.75697
5.61406
5.56155
5.62921
5.79497
5.84898
5.46709
5.45055
5.5915
6.00247
5.27258
5.93756
5.79467
5.61727
5.83104
5.59319
5.5575
5.70779
5.51926
5.65265
5.74881
5.77171
5.33983
5.6097
5.50008
5.42417
5.53436
5.22998
6.06927
5.6903
5.29523
5.78796
5.71309
5.59597
6.05678
5.29472
5.0459
5.64828
5.67932
5.30546
5.66244
5.37306
5.30237
5.93362
5.6939
5.56706
6.20454
5.95415
6.10399
6.11323
5.09775
5.45108
5.57727
5.22335
5.1694
5.58523
5.25713
5.44923
5.90356
5.50095
5.54759
5.70263
5.41457
5.68766
5.26681
5.34784
5.48204
5.41816
5.29652
5.53094
5.59764
5.81327
5.503
5.54926
6.30402
6.16258
5.72509
5.25104
5.69457
5.65607
5.69256
5.98313
5.36087
5.58592
5.51987
5.75218
5.37209
5.90869
5.6787
5.61371
5.31666
5.70405
6.02694
5.57802
5.48874
5.55388
5.61103
5.27977
5.60619
5.35172
5.70024
5.36866
5.45715
5.13592
5.48463
5.49998
5.84962
5.42766
5.11581
5.22607
5.68724
5.51856
5.56244
5.84445
5.68713
5.68462
5.16981
5.93666
5.70212
5.36431
5.06945
5.42027
5.74087
5.59443
5.8136
5.54431
6.17768
5.65773
5.45011
5.46953
5.51718
5.65023
5.62241
5.17418
6.40176
5.43657
5.42523
5.63919
5.73096
5.5344
5.56193
5.61457
5.64455
5.10055
5.77212
6.04037
5.62231
5.20667
5.68818
5.5682
5.2242
5.42482
6.12627
5.53088
5.70579
5.61073
5.33146
5.36486
5.45554
5.78243
5.62815
5.37708
5.24433
6.16823
5.19051
5.48523
5.04512
5.20939
5.91026
5.5057
5.41924
5.46894
5.71687
5.49938
5.79245
5.39762
5.54762
5.4153
5.47884
5.38639
5.71546
5.66666
5.41447
5.49024
5.88678
5.84895
5.99398
5.59769
5.5442
5.15842
5.5319
5.29899
5.48643
5.34117
5.47954
5.70188
5.64941
5.54402
6.25823
5.43089
5.51042
5.02078
5.09505
5.43146
5.82859
5.65186
5.7344
5.68173
6.03091
5.32588
5.66743
5.99444
5.35682
5.89869
5.8057
5.30714
5.73921
5.48982
5.72207
5.27599
5.91988
5.68355
5.94372
6.12816
5.59129
5.56546
5.34109
6.21779
5.55142
5.38448
5.3027
5.63495
5.63869
5.29396
5.73274
5.23614
5.48624
5.40207
5.42523
5.50841
5.47006
5.82706
5.18457
5.11505
5.84273
6.18897
5.75313
5.10011
5.40995
5.76792
5.54806
5.64531
5.86597
5.48826
5.56666
5.13478
5.7497
5.47811
5.40002
6.06134
5.25287
6.07059
5.51714
5.57666
5.33807
5.46018
5.53539
5.01273
5.75948
5.34702
5.24284
5.26302
5.9404
5.5811
5.23821
5.8488
5.64493
5.56213
5.69145
5.79797
6.01279
5.49027
5.38366
5.89691
5.65067
5.46058
5.6087
5.52478
5.53295
5.44024
5.9221
5.15
6.08916
5.56325
6.1136
5.61479
5.60348
5.29306
5.50645
5.76964
5.3806
5.4221
6.09033
5.46902
5.55466
5.41666
5.49148
5.54036
5.70395
5.40595
5.77261
5.50821
5.45736
5.55051
6.11661
5.65226
5.56516
6.26407
5.51096
5.4923
5.98592
5.88497
5.37955
5.42738
5.29722
5.47556
5.46759
5.77654
5.33468
5.96356
5.40988
5.23472
5.6917
5.67231
5.84487
5.66962
6.08052
5.65343
5.36138
5.67408
5.53186
5.23326
5.54864
6.12441
5.82271
5.37645
5.36584
5.77297
5.74547
5.74725
6.12823
5.61695
5.6542
5.46557
5.74598
5.57651
5.40579
5.65192
5.48171
5.33181
5.21096
5.60326
5.188
5.99004
5.26892
5.4599
6.19634
6.11938
6.30902
5.32734
5.14888
5.44009
5.923
5.70594
6.06092
5.58852
5.47675
5.57461
5.94728
5.84769
5.85443
5.00954
6.14529
6.02306
5.47448
5.37584
5.40265
5.39283
5.40133
5.65767
5.29988
5.63173
5.33505
6.20926
5.61207
5.4294
5.83025
5.20991
5.52658
5.82298
5.14092
5.97166
5.45584
5.88468
6.01211
5.55114
5.83291
5.66381
5.66535
5.74855
6.23746
5.54672
5.40997
5.86991
5.6921
5.48854
5.81322
5.35289
5.7418
5.71544
5.87175
5.3072
5.86463
5.6682
5.82982
5.40035
5.73525
6.25017
5.24001
5.26249
5.52173
5.64494
5.88643
5.85269
6.19143
5.65631
5.51852
5.56367
5.75801
5.7018
5.69271
5.66473
5.47904
5.72983
5.53191
5.43991
5.72729
5.40684
5.40497
5.44636
5.63326
5.77875
5.51152
5.34127
5.94794
5.7896
5.61748
5.56254
5.687
5.44081
5.13577
6.13048
5.21302
5.27062
5.55119
6.40826
5.63754
5.25965
5.47209
5.3936
5.4594
6.61261
5.18624
5.40584
5.59931
5.8865
5.0571
5.25807
5.696
5.65413
5.97085
5.42135
5.43309
5.96521
5.79678
6.23519
5.62645
5.74969
5.51155
5.47553
5.92552
6.04865
5.48254
5.20725
5.79501
5.1773
5.64481
5.65035
5.60791
5.97951
5.33425
5.95299
5.66068
5.39262
5.44533
5.49135
5.62426
5.15982
5.31559
5.27287
5.43206
5.44959
5.593
5.66402
5.15666
5.40686
5.71903
6.02529
5.71819
5.37489
5.70322
5.74471
5.57675
5.58835
5.54275
5.74329
5.54028
5.65703
5.77866
5.24731
5.29021
5.52346
5.62533
5.22458
5.89433
5.97593
5.47927
5.77235
5.96747
5.21246
5.72253
5.46252
5.74987
5.46434
5.93524
5.28915
5.17196
5.78254
5.45298
5.1394
6.00623
5.46717
5.81987
5.81287
5.5498
5.42453
5.52753
5.36558
5.58798
5.52128
5.282
5.72751
5.86671
5.43779
5.52808
5.9939
5.97899
5.94424
5.27647
5.88343
5.40323
5.71414
5.60572
5.41992
5.22399
5.7288
5.26884
5.70509
5.58207
5.79567
5.62046
5.84926
5.63583
4.90032
6.04114
5.48945
5.77206
5.98869
5.34533
5.13046
5.35506
5.59332
5.8419
6.21197
5.50586
5.58999
5.58453
5.36764
5.2014
5.92892
5.8884
6.18586
5.8032
6.10019
5.34054
6.14565
5.44088
5.86289
6.33617
5.56786
5.63497
5.4308
5.22034
5.30146
5.58219
5.5815
5.62234
5.22048
5.77844
5.42042
5.45726
5.80912
5.46033
5.55495
5.58336
5.36769
5.84516
5.42746
5.68448
5.61593
5.82294
5.33327
5.54377
5.5228
5.70386
5.97438
5.44708
6.02107
5.69428
6.10207
5.51396
5.64285
5.62445
5.13548
5.42963
6.12663
5.51445
5.79409
5.30961
5.41952
6.23881
5.61832
5.5445
6.24054
5.60477
5.52643
5.01589
5.13808
5.53423
5.54596
5.90651
5.47112
5.3974
5.25695
5.48927
5.48411
5.77529
5.34801
5.42895
5.50165
5.65841
5.76868
5.4152
5.57684
5.2561
5.41819
5.79906
5.4484
5.59153
5.08775
5.5535
6.10563
5.49411
5.56069
5.42832
5.36588
5.25939
5.89105
5.6072
5.497
5.2801
5.75205
5.82304
5.89123
5.58618
5.43929
5.34079
5.54986
4.9652
5.9421
5.84042
5.55447
5.36842
5.4244
5.62945
5.87435
5.30771
5.98656
5.96827
5.29249
5.7225
5.58727
5.75574
5.39074
5.02051
5.47906
5.70096
5.31801
5.687
5.69429
5.54835
5.46077
5.10566
6.17288
5.67049
5.69048
5.25388
5.37342
5.55296
5.80298
5.53746
5.75095
5.49021
5.67727
5.75056
5.1706
5.57854
6.05651
5.17204
5.21778
5.6535
5.0797
5.67217
5.35755
5.3715
5.49756
5.50523
5.33984
5.19075
5.28872
5.59382
5.72395
5.76365
5.94375
6.04453
5.87388
5.73118
5.76643
6.08162
5.93347
5.52626
5.76082
5.38072
5.54099
5.67207
5.60715
5.16414
5.1259
5.67746
5.49939
5.85334
5.46542
5.40557
5.22207
5.39587
6.36137
6.07076
5.64169
5.67804
5.33766
5.49373
5.59966
5.19988
5.31432
6.73646
5.41801
5.48749
5.41895
5.22754
5.55972
5.52111
5.69786
5.67747
5.11941
5.74703
6.04619
5.58257
5.92542
6.02983
5.68767
5.54783
5.41846
5.38524
5.8714
5.67471
5.57622
5.70666
6.50799
5.31159
5.65754
5.399
5.68341
6.0157
5.62984
5.03874
6.07597
5.26651
6.25902
5.44928
5.67197
5.63181
5.70628
5.4002
5.78677
5.31317
5.72774
5.9238
5.44624
5.83192
5.4427
5.86681
5.85633
5.66888
5.52297
5.35684
6.49017
5.47251
5.6823
5.5885
5.53879
6.11469
5.60114
5.46144
5.47414
5.85856
5.79901
5.83408
5.3951
5.32779
5.67748
5.6798
5.50656
5.59166
5.49368
5.40586
5.49393
5.94595
5.95351
5.33747
5.5122
5.92298
5.84128
5.44623
5.65998
5.63532
6.18823
5.34632
4.95692
5.60936
5.86616
5.50233
5.36711
5.8699
5.47211
5.54698
5.32154
5.69428
6.05157
5.46036
5.59038
5.93172
5.96498
5.59552
5.59976
5.75229
5.63209
5.60459
5.65709
5.46355
5.40682
5.66379
5.58151
5.35284
5.35864
5.43237
5.83033
6.08481
5.84816
5.29379
5.58476
5.48344
5.86959
5.96146
5.29202
6.01554
5.37796
5.66018
5.59087
5.74122
6.45312
5.74635
5.51398
5.66191
5.80202
5.52264
5.14881
5.85783
5.6395
5.26708
5.65274
5.8743
6.23747
5.43446
5.30831
5.8008
4.98052
5.8007
5.78843
5.48911
5.58806
5.80367
5.57144
5.17775
5.47785
5.55295
5.66252
5.86994
5.94648
5.73188
5.44757
5.26849
5.45301
5.42291
6.1762
5.51839
6.58341
6.03106
5.78776
5.85428
5.63751
5.71338
5.48985
5.79342
5.07596
5.44265
5.51022
5.73384
5.73496
5.15051
5.43614
5.50997
5.76935
5.47124
5.37302
6.22311
5.35141
5.62483
5.36931
5.42549
5.69235
6.1035
5.81208
5.58788
5.11711
5.49452
5.74974
5.55629
5.68866
6.0298
5.60531
5.58494
5.78823
5.27679
5.57525
5.42386
5.78739
5.76781
5.29352
5.30612
5.65208
5.56916
5.66346
5.75237
5.52673
5.89893
6.32052
5.52788
5.60036
5.31071
5.33497
5.21304
5.17293
5.63818
5.6912
5.60068
5.43728
5.58492
5.84511
5.72409
5.70452
5.6516
5.49783
5.38841
5.59946
5.50473
5.36644
5.97304
6.44822
5.77508
6.26837
6.13089
5.58766
5.7243
5.44902
5.65173
5.46591
5.81689
5.68321
5.78733
4.97611
5.52883
5.3875
5.75821
5.53589
5.51234
5.39852
5.16794
6.12297
5.34659
5.27122
5.21723
5.69002
6.67276
5.40284
5.68651
6.05977
5.4744
5.69628
5.78923
5.36343
5.56851
5.6634
5.38559
6.07861
5.46893
6.43298
5.72746
5.46906
5.95058
5.71576
5.66522
5.51049
5.47631
5.33451
5.57749
5.86546
5.87012
5.38856
5.45332
5.65434
5.80998
5.67963
5.76498
5.64446
5.64742
5.02497
6.07487
5.5289
5.97673
5.21384
5.89733
5.48432
5.67611
5.50082
5.54584
5.85035
5.90259
6.15036
5.21343
5.7942
6.03889
5.54818
5.38551
5.8475
5.51793
5.46294
5.29204
5.30231
5.66659
5.57656
5.7465
5.01936
5.31295
5.75051
5.13725
6.13383
5.17437
5.67348
5.6691
5.31527
5.95834
5.79842
6.06835
5.10779
5.42831
6.03658
5.63449
5.4243
5.92789
5.92922
5.76217
6.00631
5.13392
5.87853
5.00292
5.17347
5.47601
5.33495
5.50104
5.01691
5.99053
5.44693
5.60723
5.30707
5.95892
5.42723
5.98167
5.58076
6.07628
5.30002
5.69573
5.38575
5.62531
5.49387
5.55992
5.32635
5.75755
5.81635
5.58533
5.76276
5.65842
5.26222
4.96805
5.02919
5.2552
5.72973
5.42855
5.36581
5.56499
5.64685
6.11774
5.20704
5.436
5.20336
5.46957
5.68092
5.7509
5.64412
5.89833
5.15091
5.1991
6.04813
5.69111
5.31852
5.40309
5.53026
5.73292
5.48562
5.45382
5.45518
5.45354
5.44427
5.97812
5.34784
5.98736
5.43407
6.06052
5.27826
5.83083
5.2707
5.74489
5.62467
6.13088
6.00647
5.87668
6.00598
5.82461
5.44872
5.50303
5.64713
5.45534
5.08444
5.65746
5.5621
5.22266
5.77987
5.79595
5.50983
5.49699
5.68225
5.84999
5.81068
5.69529
5.39153
5.453
5.9443
5.81701
5.69139
5.5618
5.35355
5.65197
5.29418
5.54709
5.50021
5.4344
5.64041
5.87492
5.35115
5.46926
6.10451
5.24841
5.83327
5.5413
5.6732
6.03452
5.61254
5.55818
5.33901
5.38393
5.36234
5.4089
5.28675
5.43715
5.79176
5.99695
5.13963
5.51839
5.51619
5.72717
5.6514
5.55106
5.87034
5.43011
5.46995
4.99447
5.40903
5.48151
5.69922
6.29603
5.43942
5.76272
5.72711
5.39733
6.47097
5.31803
5.48346
5.92234
5.43373
5.49751
5.61835
5.39743
5.78979
5.43651
5.54674
5.25014
5.2825
5.66037
5.04091
5.42827
6.04947
5.76126
6.24587
5.80692
5.82966
5.6488
6.25603
5.5947
5.69298
6.00799
5.52879
5.88975
5.33271
5.79293
5.83295
5.56793
5.47182
5.45521
5.62208
5.35405
5.49268
5.62665
5.63684
5.84283
5.42262
5.86368
5.46365
5.58404
5.21449
5.50031
5.34374
5.65
5.50806
5.93525
5.41251
5.82071
5.75706
6.00092
6.10255
6.01087
5.71624
5.44396
5.47577
5.52502
5.36587
5.22889
5.33611
6.0003
5.33115
5.99189
5.50421
5.19054
5.7716
5.52418
5.33717
6.1457
5.83018
5.31096
5.39894
5.06174
5.98893
6.42037
5.59191
5.51584
5.49485
5.65357
5.69607
5.75523
5.51454
5.88015
5.72244
5.4942
6.07555
5.71431
5.67691
5.35058
6.1815
5.35908
5.4082
5.34929
5.50493
5.64457
5.60996
5.47233
5.58916
6.25821
5.91345
5.47666
5.77416
5.18703
6.18851
5.55309
5.54016
5.20279
5.92899
5.64247
5.52962
5.6334
5.84929
5.74347
5.51506
5.67458
5.62864
5.33145
5.37209
5.52041
5.37316
5.19373
5.74468
5.4919
5.86779
5.42867
6.03469
5.31991
5.60836
5.98349
5.2108
5.27592
5.21994
5.4964
5.73068
5.65281
5.29398
5.53504
6.09445
5.49044
5.24981
5.79644
5.61468
5.40265
5.21204
5.87845
5.84915
5.20987
5.83266
5.91291
5.72769
6.42519
5.74798
5.63521
5.85961
5.87063
5.7209
5.58495
5.10065
5.8405
5.94236
5.82589
5.52292
5.2982
5.65494
5.2944
5.31591
5.50103
5.55538
5.74938
5.95938
5.45551
5.11162
6.12814
5.70395
5.90062
5.90528
5.91381
5.28359
5.86663
5.36358
5.30832
5.30813
5.11735
5.30381
5.76639
5.61959
5.77542
5.61048
5.83488
5.62692
5.59045
5.31636
5.14438
5.54118
5.51202
5.53437
5.6483
5.56009
5.39168
5.81228
5.27316
5.442
5.50276
5.6481
5.75963
5.59831
5.51007
5.37012
5.2993
5.48577
5.79963
5.85097
5.61416
5.67409
5.75041
5.97121
5.54828
5.74728
5.42875
5.10107
6.12275
5.4478
5.64234
5.82781
5.58909
5.59119
5.57186
5.53068
5.33816
5.47334
5.5581
5.78056
5.24887
5.81832
6.22119
5.54921
5.60636
5.43077
5.61853
5.08043
5.67485
6.20574
5.49613
5.52531
5.39802
5.27871
5.57323
5.4481
5.63969
5.32133
5.60022
5.47533
5.58901
6.18983
5.50993
5.58027
5.44281
5.69059
5.1929
6.02307
5.63931
5.53783
5.99198
5.78427
5.21521
5.79686
5.34584
5.32974
5.96498
5.51808
5.89558
5.32999
5.82277
5.45193
5.68647
5.46187
5.89318
5.43113
5.54224
5.43665
5.55304
5.70142
5.60429
5.60222
5.48376
5.36808
5.60517
5.91687
5.57301
5.34762
5.92439
5.40626
5.51513
5.81852
5.03223
5.79191
5.62144
5.72661
5.79138
6.29289
5.89756
5.47386
5.31758
6.09511
5.80537
5.33727
5.58518
6.248
5.68879
5.60311
6.10531
5.66553
5.3392
5.26119
5.77963
5.25447
5.9264
5.62769
5.30217
5.24382
5.69234
5.49989
5.84101
5.83853
5.83151
5.4851
5.52865
5.60496
5.96763
5.45655
5.42227
5.3406
5.30845
5.74806
5.35055
5.91045
6.00965
5.90111
5.82635
5.59867
5.67113
5.63786
5.65327
5.33844
6.03498
5.44185
5.77781
5.689
5.62323
5.69088
5.14948
5.15244
5.44253
5.51196
5.76137
5.84096
5.74602
5.28535
5.7202
5.40533
5.48298
5.50578
5.51249
5.65417
5.81774
5.84944
5.70123
5.64295
5.5876
5.82989
5.48485
5.8399
5.23155
5.82229
5.48213
5.75455
5.70426
5.92095
5.37433
5.35908
6.11964
5.43611
5.25386
5.31921
5.88081
5.2914
5.98638
5.53426
5.81521
5.75308
5.20817
5.71009
5.19782
5.73465
5.45613
5.45488
6.51706
5.29857
5.72136
5.44367
5.66449
5.66436
5.70521
6.0501
6.56966
5.72653
5.663
5.57587
5.46501
5.53725
5.37284
5.6169
5.58093
5.95987
5.74141
5.63272
6.11299
5.57806
4.99042
5.17538
5.75304
5.05488
5.72021
6.09404
5.41465
5.12377
6.2306
5.47212
5.73171
6.07433
5.52158
5.49585
5.62229
5.22694
5.44944
5.69885
5.68412
5.25622
5.58405
5.67225
5.36654
5.88514
5.64918
6.04128
5.74216
5.66595
5.47914
6.62262
5.50882
5.40985
5.61454
5.71271
5.85402
5.44657
5.7652
5.50878
5.53239
5.04623
5.39631
5.7849
5.5638
4.99755
5.63987
5.87936
5.57893
5.62123
6.09652
5.61268
5.83294
5.45668
5.44062
5.69413
5.6065
5.81787
5.77625
5.64861
5.63858
5.60677
5.37757
5.24819
5.33608
5.71296
5.2826
5.42486
5.81687
5.28867
5.42218
5.6575
5.38639
5.56218
5.80917
5.53897
5.53369
6.01363
5.39441
5.60632
5.7504
5.43445
5.42273
5.57276
5.31057
5.39032
5.28944
5.54055
5.74146
6.11764
5.41114
5.4673
5.95333
5.58027
6.30181
5.39602
6.35856
5.69135
4.93172
5.54755
5.91409
5.64942
5.37968
5.60166
5.51538
5.63285
5.87479
5.62961
5.77496
5.40963
6.23028
5.92507
5.35057
5.50195
5.37417
5.59807
5.57489
5.40286
5.5595
5.6107
5.99826
5.85526
5.7295
5.90746
5.56334
5.36794
5.39474
5.34398
5.30008
5.91546
6.39087
5.62964
5.61859
5.60578
5.60459
5.53444
5.49611
5.55468
5.6332
5.98788
5.6269
5.73141
5.6554
5.30208
5.66709
5.23443
5.59411
5.48224
5.74866
5.77813
5.77649
5.46612
5.73573
5.47176
5.39225
5.52384
5.24806
5.57844
5.7495
5.5128
5.68074
5.55195
5.65075
5.55295
5.53661
5.61253
5.6241
5.57
5.20562
5.44983
5.60258
5.46835
5.13802
5.61862
5.43627
5.33731
5.18078
5.87398
5.84642
5.97492
5.44213
5.14896
5.23135
5.89983
5.32565
5.34318
5.68116
5.63945
5.97626
5.70307
5.86718
5.64668
5.58175
5.4667
5.32508
5.42988
5.44506
5.63226
5.42898
5.50155
5.58484
5.31338
5.99488
6.44041
5.32012
5.39305
5.23347
5.53756
5.38321
5.58681
5.7193
5.97189
6.3201
5.22361
6.28429
5.653
5.91251
5.66456
6.08352
5.58405
5.49222
5.66579
5.34196
5.95562
5.69998
5.42042
5.72701
5.59035
5.21272
5.52326
5.41249
5.90423
5.90039
5.85257
5.53967
5.26988
5.61879
4.93466
5.67193
5.78986
5.57779
5.55942
5.81773
5.65512
5.72696
5.37907
5.71973
5.68781
5.58999
6.07439
5.10877
5.62486
5.57691
6.33963
5.69387
6.24306
5.96868
5.91071
5.70542
5.63752
5.70209
6.20262
5.31072
5.84113
5.41192
5.7289
5.57795
5.81293
5.7265
5.93132
5.4638
5.34104
5.49686
5.84007
5.24247
5.49246
5.56971
5.60681
5.42026
5.39339
5.63898
5.39507
5.57425
5.90967
5.21298
5.68306
5.78707
5.19335
5.54956
5.59889
5.46697
5.40234
5.68695
5.814
5.86978
5.18031
5.983
5.88551
5.9645
6.27394
5.96825
5.26294
5.56234
5.41862
5.71734
5.93114
6.15436
6.30689
5.29495
5.21547
6.09838
5.7638
5.5325
5.62181
5.21425
5.50337
5.12191
5.16418
5.83668
5.64269
5.53669
5.37229
5.32502
5.81976
5.67706
5.43135
5.41651
5.73278
5.3172
6.03235
5.95721
5.55839
5.23754
5.5936
5.7149
6.04248
5.61757
5.44501
5.36888
5.74681
5.86977
5.57337
5.61655
5.55533
5.55462
5.80996
5.52581
5.97588
5.34085
5.85396
5.9982
5.6519
5.75413
5.63576
5.45868
5.66605
5.87097
5.59686
5.43366
5.48259
5.447
5.23163
5.72909
5.42449
5.57023
5.44961
5.40032
5.80646
5.63787
6.06759
5.55036
5.519
5.40339
5.50655
5.74956
5.64747
5.63734
5.42414
5.70858
6.13558
5.70219
5.89129
5.50921
5.70013
5.56845
5.63596
5.5625
5.65087
5.15047
5.50289
5.70387
5.59182
5.54454
5.09753
5.37482
5.46207
5.79783
5.64404
5.62233
5.86286
5.73602
5.65969
5.607
5.58412
5.85212
5.68735
5.62995
5.21539
5.60951
5.67762
5.36847
5.45707
5.89535
5.3131
5.37188
5.66655
5.51282
5.4768
5.4311
5.7705
5.58144
5.48977
5.37689
5.35763
5.21922
5.3861
5.73608
5.61793
6.27216
6.00085
5.65046
5.60498
5.87972
5.21204
5.88277
5.53694
5.64872
5.38938
5.60244
5.60246
6.32712
5.74983
5.39755
5.95618
5.2131
6.60771
5.44041
5.54256
5.78977
5.60651
5.70962
5.39449
5.73548
5.47363
5.79283
5.494
5.62923
5.39472
5.73944
5.72008
6.24819
5.39375
5.58483
5.85269
5.69375
5.48778
5.96756
5.4723
5.3235
5.8205
5.53799
5.94603
5.91201
5.3647
5.52899
6.00226
5.36122
5.88725
5.40178
5.93399
5.83195
5.99811
5.35317
5.49987
6.32052
6.37163
5.32317
6.18955
5.41623
5.49996
5.45484
5.88108
5.48767
5.25942
5.43412
5.31633
5.70323
5.59118
5.69979
5.25248
5.5274
5.55158
5.98718
5.5266
5.63317
5.47161
5.93206
5.64216
5.67991
5.61612
5.68655
6.04482
5.48281
5.77623
5.45142
6.0797
5.53623
5.35774
5.73574
5.8321
5.67685
5.29422
6.2273
5.23951
5.71534
5.37938
5.8381
5.53763
5.48572
5.65181
5.31982
5.58618
5.47222
5.20525
5.56923
5.89067
5.47995
5.80663
5.64139
6.18074
5.40691
5.60138
5.09268
5.50903
5.76395
5.34537
5.54785
5.81426
5.52907
5.85418
6.55215
5.75159
5.3078
5.3797
5.52972
5.40941
5.82501
5.4832
5.78317
5.14218
5.54057
5.2847
5.20033
5.18479
5.71382
6.09842
5.42563
6.22811
5.90516
4.9808
5.41707
5.20892
5.22299
5.73924
4.98947
5.55376
5.84297
5.45768
6.31363
5.41628
5.7372
5.59365
5.40305
5.60521
5.82001
5.69125
5.60489
5.53278
5.19704
5.71753
5.23716
5.50113
5.30786
5.43425
5.52614
5.50809
4.96518
5.45086
5.59632
5.78569
5.82239
6.35947
6.95472
5.55745
5.67256
5.77348
5.09549
5.67934
5.67383
5.86126
5.44745
5.79872
5.8381
5.65347
5.3656
5.91678
5.80862
5.37198
6.0203
5.53312
5.68734
5.13908
6.04739
4.78445
5.81553
5.95021
6.02921
5.52729
5.40109
5.11681
5.7783
5.08134
5.34243
5.79557
5.91809
6.14746
5.92452
5.78711
5.28261
5.429
5.30611
5.52909
6.13444
5.66545
6.01352
5.67021
5.40463
5.24479
5.56569
5.13311
5.4202
5.34903
5.5986
5.66403
5.80571
5.29918
5.73046
5.22869
5.78093
5.52067
5.8281
6.2112
5.82045
6.0461
5.6126
5.13942
5.65868
5.46353
5.62824
5.23375
6.03182
5.88455
5.28307
5.6658
5.29629
5.00169
5.40559
5.65401
5.71836
5.21012
5.30075
5.61765
5.68765
6.02302
5.63648
5.45229
5.47112
5.90147
5.7079
5.92273
5.56102
5.68555
5.67479
5.57511
5.74266
5.78904
5.56088
5.49486
5.66189
5.50713
5.57336
5.71909
5.50224
5.86692
5.72604
5.49729
5.98779
5.96296
5.16324
5.45512
5.63755
5.30714
5.44337
5.44165
5.48991
6.43088
5.41273
5.53725
5.33738
6.3019
5.06014
5.72822
5.82813
5.54754
5.80071
5.66922
5.59889
5.33736
5.67317
5.83677
5.66229
5.28737
5.667
5.81991
5.11366
5.50423
5.6278
5.37671
5.6493
