8.46004
7.45301
7.82212
10.0178
9.35307
7.7726
9.27076
8.10615
7.27029
8.52008
7.12448
7.90309
8.24506
7.93271
8.15011
7.40425
8.64244
7.63328
6.77012
7.95489
9.48605
8.67536
7.36201
6.91386
7.40333
7.71368
8.38362
9.04471
7.69366
9.1549
8.57456
7.79902
7.55553
8.026
7.20099
8.31751
9.37044
8.51462
9.05104
9.48861
7.92414
7.53697
7.10361
7.60696
8.32226
7.69354
6.82094
7.56607
8.37259
7.77874
9.17273
7.48012
7.65559
7.87005
8.08869
7.84373
7.13634
7.49086
7.09436
8.54213
8.05155
7.98235
7.88767
9.83286
6.79019
7.70774
7.1068
8.64126
6.3514
7.36287
8.24747
8.26958
7.83812
7.67396
7.33406
8.55741
7.0267
7.95505
8.76925
8.48052
8.16046
7.49294
7.31751
8.7592
9.39636
7.24554
7.49204
7.42064
6.87302
7.73179
8.16994
7.84031
8.0425
8.01598
7.41242
6.55989
7.95524
8.97381
8.92654
10.1411
7.86147
7.49686
9.39658
7.83017
7.28084
9.10605
8.04844
8.03363
8.37757
7.54194
7.17164
7.88779
6.36274
8.45332
8.17227
7.71601
8.58577
7.16062
7.3737
8.16219
7.74563
7.80092
7.2532
8.42704
7.49901
9.53974
7.2505
8.29735
8.33607
7.42194
7.74931
9.49476
7.87015
7.77759
8.77671
7.57971
7.62524
8.18264
7.88461
8.58467
7.30366
9.68201
7.64657
8.91378
8.03424
7.23682
7.57957
6.72788
8.09482
7.00548
8.76884
9.10122
7.36226
8.53799
7.82018
7.81783
7.59438
7.80596
8.77579
8.33571
8.1906
8.27889
11.7379
7.00099
8.24515
7.54449
8.57852
8.48778
8.89432
6.96291
8.01209
7.27902
7.65955
9.45116
8.07968
7.44565
7.85328
7.6672
6.99602
7.6091
7.22389
7.98525
7.99375
9.39013
9.20368
7.56761
7.78633
7.75319
7.58643
7.53509
7.88082
7.53874
10.1974
8.30032
8.17371
7.41476
9.25061
8.36219
7.20627
7.31163
8.23764
8.39205
7.56609
8.2608
8.77864
9.47069
7.68419
7.80153
8.06217
9.20662
7.95091
7.70982
7.43963
8.50863
10.2293
7.5481
8.32706
8.70804
7.63599
7.71387
11.0157
12.0354
6.90183
7.64538
8.1081
7.33461
7.3947
7.79704
8.66087
7.49319
7.72611
7.71039
8.58827
9.59171
9.40449
8.02984
6.82338
7.66399
6.84312
8.42246
9.1537
8.26408
6.86679
8.17346
6.4205
7.15392
8.55579
7.71961
7.62262
7.90162
8.76173
7.75059
8.04786
8.41274
7.4689
7.41201
7.85648
7.0784
6.97149
7.90203
7.9045
7.95277
7.05649
6.67659
8.02499
8.1073
9.49146
10.1206
8.62815
7.7763
8.0829
8.08403
7.04239
6.87941
6.43463
7.42605
7.13679
7.38352
9.11084
9.00999
8.72821
7.0225
7.29141
7.16861
7.42849
7.44105
8.24336
7.28172
7.56678
7.26939
7.94241
8.0901
7.9317
7.96683
8.51559
8.00058
6.92765
7.59069
7.36332
7.73129
8.65757
7.91306
7.44013
7.0082
8.13839
8.05166
7.09942
8.23005
6.9995
8.73862
8.77845
8.44024
6.91761
8.56352
9.06314
7.99009
7.13529
8.20731
7.84823
8.4546
8.16417
7.84974
7.34672
7.08921
7.57439
7.63205
8.36884
7.33101
9.38594
9.20504
8.38003
8.03828
7.41977
7.35741
8.10239
7.50756
8.72176
10.5085
6.92238
7.74716
7.63593
7.52562
7.92914
9.4858
7.384
7.73762
9.19453
8.43807
8.30357
8.91197
8.08695
7.16357
7.50267
11.4533
7.85894
8.07646
8.0092
8.02922
10.9924
8.42568
7.60138
8.90638
7.13785
8.66743
7.85249
9.32114
7.51965
7.21494
7.65574
7.9903
8.29164
9.90582
7.14505
7.5104
8.98635
8.22616
9.52557
8.18698
7.37751
7.10774
8.13953
9.33722
9.82749
7.76695
6.79192
7.34149
7.15976
6.81915
7.91872
8.43598
7.9518
7.0943
7.81591
8.6972
7.97401
7.1849
8.93774
8.42994
7.9569
8.10395
7.6853
6.95647
9.912
7.77835
7.14187
7.95333
8.58987
8.8514
10.0343
7.79043
7.31227
9.14346
9.56776
7.04367
7.07392
8.4755
7.4995
10.0119
8.50863
7.9103
6.62628
7.64646
9.48815
8.55863
8.18947
8.42951
9.74338
7.06007
8.56636
8.94622
7.92135
7.43317
7.86619
7.33007
7.80587
7.51512
8.83166
7.92236
6.99056
9.71746
8.83913
7.56786
7.58062
6.9496
8.47507
7.53435
8.15874
7.76826
7.57659
7.07663
8.96107
8.03095
6.32548
7.30162
8.70857
7.3636
7.47336
7.88354
10.4041
6.6232
8.85447
7.93527
8.63536
8.40564
7.51635
6.94524
7.78663
8.97965
7.87234
8.11651
7.57597
8.06311
8.01796
7.40687
8.73978
9.16316
8.73251
8.16778
7.08123
7.78422
7.93932
8.80539
7.38848
7.87728
9.56214
7.84278
7.99927
7.83611
7.64672
7.95819
8.21151
7.32443
8.71403
7.26572
8.0641
8.42958
9.57181
8.15167
7.41496
7.33766
9.34833
8.64034
6.78231
7.02019
8.2664
8.51673
7.99238
8.34792
7.11939
7.84931
7.73661
7.32927
7.79771
7.47959
8.23759
8.01549
8.64558
8.05771
6.55427
8.2193
7.42307
7.88027
7.09002
7.54053
7.92307
9.89098
7.73405
7.52683
7.75064
7.40177
11.1907
9.48701
9.34349
7.80614
7.19912
8.73291
7.47148
8.00198
7.1884
7.82851
8.29275
7.52678
7.67747
8.23229
9.67072
12.4457
7.73746
7.76984
8.65405
7.06959
7.12083
9.97222
7.37331
8.12641
7.69747
7.83972
7.2631
7.79707
7.67011
7.73601
10.8924
6.98638
8.34582
7.75829
5.98155
8.95948
7.9102
7.57052
8.41031
7.46452
7.26874
8.64734
8.55524
7.12366
8.08846
9.17287
8.82475
6.91609
8.99815
8.78802
7.37237
10.0313
7.62865
7.32893
7.09228
8.80789
9.01328
8.08845
7.79821
7.86504
7.42704
9.24108
8.08767
6.7812
8.5544
8.2903
8.98864
7.93047
7.60763
7.67907
6.86192
7.51912
7.01537
7.99877
7.44071
9.00745
9.25017
7.35783
8.0184
8.00863
7.80413
6.36451
8.49186
8.19956
7.41645
7.48388
7.42512
7.70574
6.58127
8.26921
7.91854
8.86054
8.02308
7.72605
7.64672
6.43664
7.69759
8.15444
7.9578
7.97504
7.46758
7.30593
8.90619
7.79253
7.23514
8.91876
7.99559
8.43889
9.37373
9.14469
8.06074
9.1243
7.62912
7.79155
7.03465
7.32327
8.01114
7.48124
7.89061
12.3891
7.31178
8.45489
9.69951
7.626
8.43777
7.87003
8.19115
8.29523
8.64886
10.8478
7.90176
7.68451
7.24315
8.56854
7.99161
8.76407
6.84085
8.99786
7.92348
7.4908
7.91966
10.4277
9.20147
8.79267
9.4239
7.3308
9.76367
7.06266
7.66774
8.24959
8.99356
8.47991
7.16479
7.11062
7.94318
7.93947
8.39674
7.73427
7.09881
9.60009
7.81745
7.49211
7.60201
7.52455
9.05936
7.5571
7.83883
9.29954
9.13328
8.06458
9.21953
8.04984
7.87195
8.41776
8.24245
7.42782
7.07915
9.46509
7.79342
8.31401
7.59197
7.18066
7.09652
8.29875
8.0183
7.71213
7.31361
8.53115
8.59161
7.15202
7.80676
7.78641
7.84195
8.72892
9.22937
8.31995
7.7468
8.73422
7.44263
7.97442
8.61279
8.45494
9.81634
7.72639
7.40604
12.2425
7.47837
7.57185
7.92453
9.07278
8.07089
7.0441
7.27662
7.48217
9.52119
7.638
7.15899
8.61744
7.70958
9.59159
8.16891
6.90991
7.24488
7.40241
7.75353
8.76651
6.98106
9.41825
7.42341
8.89609
8.18567
7.70863
8.49716
7.16439
10.0095
7.72008
6.9726
8.73112
7.01913
8.22141
7.70466
7.53852
7.56707
7.89949
8.65179
7.61849
6.98346
9.08249
7.96396
9.27426
7.21886
8.68793
8.5773
9.03004
7.20324
10.6088
8.09988
7.04556
8.45173
8.46607
7.56071
9.12717
7.42228
7.1829
7.96104
8.24365
8.59423
7.12673
7.2269
7.61782
7.99161
6.93401
8.42652
9.47547
7.43479
7.58858
8.3058
8.4936
8.56984
7.12896
7.36613
8.55084
7.97176
8.05557
9.38663
7.46169
7.23861
8.59655
6.82275
9.46054
7.06204
7.21383
7.63022
7.4042
7.27257
9.09858
7.7965
7.66772
9.10315
12.3067
8.78806
7.48257
8.17941
8.51255
9.04337
7.38297
8.44893
8.27317
7.38683
8.07299
7.02204
8.55529
7.59531
9.07582
7.77915
6.5505
7.01453
7.49567
7.50963
8.04393
6.65786
8.29093
8.87216
7.6798
8.04272
10.6166
8.83433
12.0507
7.99991
8.4999
7.98007
7.17946
8.95627
9.69034
10.6252
8.84699
6.66352
6.97653
8.02731
6.92731
8.91957
8.87345
8.04869
7.07819
8.58941
7.85363
7.11683
7.57804
7.99129
8.40992
7.46944
8.35015
7.62136
7.62503
7.803
7.38384
7.98372
8.02606
8.07408
7.31631
9.67559
8.73668
7.25762
9.17437
6.8918
7.42539
9.84746
10.6362
9.40181
8.05019
7.81061
6.72287
7.03237
9.8564
7.61795
9.74968
8.05075
6.69576
7.3383
8.65926
8.45419
7.21048
8.3854
9.61504
7.44751
8.66031
8.43678
6.40399
7.96421
6.60331
9.90906
7.60412
7.08629
8.15666
7.41063
9.10343
9.0404
6.05601
7.11013
8.98388
7.03929
7.99259
7.80225
8.07053
9.10302
7.09954
6.89465
7.10952
7.66155
8.15259
9.15416
7.96021
7.72242
8.78898
6.748
7.72652
7.11198
8.07083
7.45897
7.43939
8.07032
9.6292
7.67736
9.28409
7.24094
8.62985
7.9887
7.83597
7.77026
8.4582
7.48268
9.04318
7.02836
7.97349
7.81217
7.52464
7.88292
7.76137
7.40659
10.1066
7.46574
8.2915
8.16461
7.78522
9.78721
9.63103
7.52057
7.08332
7.45484
8.1808
8.33696
7.30516
7.2561
6.903
7.54477
9.43659
7.24269
6.9338
8.02299
7.05783
8.79368
8.98055
8.52135
7.74229
7.40633
8.58977
8.72988
7.89255
8.12457
7.62609
9.30513
8.65139
9.14495
10.049
8.04004
7.1714
8.53062
8.18886
6.87305
8.7125
6.93112
8.11821
8.05135
8.9867
8.46503
10.102
7.2792
8.98556
8.83342
8.13112
8.35279
7.43642
8.31882
9.216
7.19823
8.85448
7.98261
7.19929
8.1012
7.68788
8.098
6.65342
7.69537
8.4532
7.39506
7.85624
7.03297
9.10055
8.05936
6.86347
6.9677
7.61965
7.53325
8.21615
7.46423
8.53653
8.36378
6.89149
7.92096
7.22789
8.99006
9.09367
7.7635
8.69142
8.09699
9.98161
8.24978
7.42409
8.21844
8.38742
8.0295
8.23716
8.41769
8.342
7.15031
8.19216
7.57219
7.95418
8.58514
7.96243
8.00388
8.54325
8.39829
7.86312
8.45466
7.99562
8.23491
7.15455
7.58582
9.557
8.47115
7.39226
7.57572
9.81782
8.00914
8.4752
8.87862
9.64052
7.40068
7.42413
6.83855
7.60077
8.21666
8.8696
8.69358
8.4405
7.34316
8.38974
8.80205
7.59664
7.11698
7.89593
7.7471
7.54891
6.98288
9.54418
8.08009
8.22054
8.86249
6.96384
8.07358
9.42816
8.35858
7.84571
8.28968
7.17763
8.58764
8.06328
6.87003
7.7279
7.72858
7.12903
6.90884
8.42984
8.91197
7.91913
7.49532
8.42149
8.403
7.38541
7.8436
6.88612
8.21167
8.25356
8.92056
7.83958
7.69108
8.19143
10.7022
8.16706
6.67826
8.84668
7.96161
7.68729
7.43113
8.19166
8.31142
6.73875
7.75173
8.47496
8.09948
7.7188
7.31866
6.97035
9.39405
8.2507
9.9622
9.14484
8.22485
8.65097
6.91224
7.8664
8.17101
9.09098
8.38116
7.49843
7.87161
7.83211
8.42322
8.11109
6.98681
8.26786
8.40563
7.2175
7.77274
8.10726
7.16612
11.449
6.82684
9.27876
7.56165
9.88124
7.6561
8.57862
8.69969
7.27827
8.44004
8.62733
7.74275
8.30163
7.73187
7.65175
7.55971
7.2886
10.5506
7.13297
6.95332
9.09445
8.76711
7.75688
7.39491
8.09914
7.25112
6.9415
8.36111
8.35859
7.47417
7.26105
8.69552
8.0761
9.60287
8.19234
8.5686
8.02524
7.66651
8.72523
8.33419
8.19975
8.90619
7.82361
7.06262
8.70532
8.92286
7.23892
8.78979
8.27403
8.28887
6.71521
7.81436
8.34872
6.87606
8.7783
8.25706
7.8123
9.23677
9.94896
7.39611
7.81639
7.32609
8.59782
8.06725
7.4188
9.30481
8.93557
7.38927
10.5338
7.25747
7.03307
10.5858
7.79335
7.90423
8.54461
7.96164
13.2987
7.37507
7.83371
8.54113
7.45404
9.04724
8.11651
7.65963
9.49948
8.28311
8.70737
7.79274
7.20525
7.8151
7.90781
8.27528
8.90013
7.44877
8.40742
7.27694
8.2064
7.28288
7.27614
8.11838
7.48926
7.62365
7.12944
7.812
7.65738
8.47784
7.43208
7.88443
8.66309
7.97092
8.35981
7.77309
7.29259
9.15002
9.05558
7.54967
7.68028
7.89095
9.22543
6.59845
8.95222
8.2499
7.05176
7.72735
8.6488
8.40897
7.50148
7.98764
8.14171
7.57435
7.42413
8.22843
7.99875
7.03461
7.6179
8.85144
8.80607
7.70463
7.7384
8.47605
7.47576
8.03893
6.69739
7.61021
8.85438
6.9788
7.80662
7.51187
8.09405
7.7251
7.91609
8.18338
8.6641
7.79058
7.78363
8.92073
7.57034
7.38996
7.6833
7.84781
7.08902
8.42561
8.03307
7.77721
7.63142
8.52506
6.98274
8.0392
7.67219
7.66835
7.91495
7.24466
9.01485
7.38946
9.82674
7.07602
8.3281
7.76793
8.07376
7.78533
8.60491
10.1756
7.87614
7.63029
8.50788
8.32906
7.96633
7.74892
7.25781
8.39396
7.68717
9.7794
8.43178
7.00661
7.66221
8.76565
8.27697
8.21453
7.6317
10.4962
8.49714
7.25886
7.86463
8.62398
7.15589
7.6097
7.67225
7.12381
7.67775
8.14207
7.39757
9.07867
8.34783
6.81448
7.57709
8.25727
8.7573
8.26206
7.57307
8.22948
8.25864
7.57024
7.72672
7.17323
7.68935
7.9005
7.96014
8.39649
7.9616
9.9302
7.3043
6.73758
8.24475
8.28163
8.58637
8.10858
8.66033
8.06196
7.71792
8.35684
7.83479
7.86027
8.16902
9.25579
7.82018
7.4787
7.04533
8.9927
7.3903
8.5631
7.04401
8.2774
8.19448
8.10242
8.02211
8.47563
8.50386
8.44621
7.55136
8.57814
7.81739
6.82463
7.39349
7.14341
7.77764
8.08919
7.44369
9.21614
10.7331
7.12407
7.82075
8.05706
7.45756
7.65914
7.31495
8.14635
8.99337
7.37341
8.24224
7.64864
8.04111
8.96766
8.3615
8.9046
7.8634
7.0331
8.54132
8.37572
8.98681
8.14453
8.71066
7.2517
7.20079
8.99294
8.31201
9.59426
7.0037
8.53303
8.71719
8.06925
8.32914
7.9477
8.15313
8.94618
8.13878
8.08874
8.90531
7.26484
6.36583
7.39764
7.72495
7.4741
7.88764
8.0714
8.15016
7.04403
9.84953
8.23311
7.66763
6.88105
7.76202
8.27893
6.74558
7.51437
6.99018
8.35137
8.12217
9.17729
7.88388
7.9448
7.83856
7.56306
7.77626
9.05079
7.09175
7.53566
7.33684
8.42884
8.41054
8.47184
7.45501
8.59989
7.32651
8.37261
10.1874
8.28465
7.71584
7.35656
9.84154
8.05113
8.57272
8.27561
7.84412
7.24323
7.68272
8.30461
8.16658
8.5559
8.90832
8.15991
8.00106
7.55161
9.03263
9.1
8.19599
9.90926
7.64352
6.7551
7.56517
9.084
8.94461
7.20043
8.16948
8.14226
7.40713
8.53254
7.89013
8.04912
8.28379
9.86126
7.27647
8.26491
8.89456
8.15132
8.18681
8.21897
8.45227
7.45041
7.98572
7.95564
7.35131
7.16865
7.92295
8.28052
8.29385
9.21234
7.86777
7.11874
7.11979
6.84631
6.82272
7.71168
8.39077
9.67822
8.55238
7.55028
8.59135
9.33257
8.38985
9.01737
7.29732
7.66534
7.19971
8.00451
7.63843
8.88345
9.16877
7.86322
8.5164
7.86595
9.56526
8.50046
7.14774
8.47964
7.80498
7.83988
7.12008
7.77762
8.58457
8.02367
8.53721
7.7332
8.12895
8.5419
8.05148
7.76354
11.6076
7.71102
7.18777
7.3039
7.53411
7.73706
7.80927
6.98387
8.83378
7.41595
9.58837
7.51886
8.68135
7.6609
7.63158
8.62932
7.25434
8.80577
7.87735
7.9137
6.68673
8.79684
8.89896
7.57428
7.65811
7.61729
7.59674
7.01122
7.80402
7.48887
7.75108
8.32664
8.39739
7.34915
7.5504
7.31985
7.08866
9.24965
7.6461
7.52427
8.35998
7.49838
7.50341
7.01187
8.73332
9.12052
8.23748
8.64541
8.64727
7.81278
9.66531
8.44252
8.00913
7.44361
8.36926
8.67278
9.08035
8.16356
8.65675
7.51953
10.3891
7.17088
7.7646
8.78303
8.46307
7.84668
7.78183
7.93599
6.86013
7.90263
7.70509
8.32275
8.0465
8.78192
7.79042
9.18855
7.2376
7.03923
8.7087
7.90896
7.40604
8.31252
7.91747
8.00484
7.02421
7.99092
6.84437
7.8991
6.90924
7.83516
7.48879
7.18053
7.00325
8.63987
9.0034
7.63894
7.64215
8.27866
8.29658
7.47263
7.59034
7.25723
9.78182
11.0805
10.0968
7.71779
8.07936
7.69632
8.51742
7.43457
7.23416
8.13512
7.96395
7.05609
8.16632
11.6099
7.01642
8.87118
7.70227
9.04811
8.25852
8.6818
6.77358
9.15794
6.72213
8.98074
7.68981
8.05918
8.75803
7.02655
8.94826
8.35424
8.79399
7.83885
7.28549
7.95916
8.40208
6.77406
7.57584
7.5764
8.47235
7.38943
7.35235
7.05616
8.52238
7.69307
7.85443
7.62671
7.71071
7.23547
7.35195
7.531
7.39831
7.77052
7.45183
8.45808
8.56332
7.07613
8.23746
7.47201
9.29634
8.24243
6.80177
7.77228
7.53329
7.1046
7.2577
8.46027
8.15112
8.12465
8.31344
7.68656
7.53764
8.5112
8.08058
7.89501
10.0252
8.79797
7.93423
7.66967
8.50892
7.35121
9.36504
6.97362
8.21982
7.75455
7.91535
7.33323
9.32526
8.34699
7.63341
6.62806
8.49664
7.64246
7.65773
7.27975
7.33813
7.91426
9.03303
8.48856
7.74917
7.91315
7.99895
6.79847
8.04037
8.23081
9.86908
7.2479
7.3753
7.53136
12.1709
9.34396
7.26819
8.13775
7.80514
7.39517
7.78076
7.65129
9.30208
7.87705
8.89184
7.8571
7.90975
7.46149
8.81873
6.81845
7.92055
7.2695
9.26965
7.079
7.41745
6.88646
6.81119
9.2967
7.68886
8.4354
7.04774
7.14118
8.52904
7.82688
7.98385
7.39173
7.04468
8.40796
9.72251
8.42874
8.10252
7.31521
7.54483
8.28369
8.10316
8.55405
8.73969
7.92031
8.49765
7.43559
8.08313
8.64389
8.07389
8.16827
7.0858
6.75642
9.87894
8.37542
9.77075
8.61787
9.66386
10.2433
7.69491
6.58262
8.71493
10.3746
8.31836
7.03217
7.35608
7.91665
8.65429
7.26265
7.35466
7.9809
6.67058
7.74591
8.42901
11.8609
8.56915
8.68568
7.47973
7.79516
7.87862
7.88263
7.93349
8.57709
10.5503
8.30533
8.37201
7.96784
7.6752
8.52037
7.30242
7.46829
8.1376
9.16072
8.58308
7.6167
7.05777
9.54749
8.19218
8.07112
7.53785
7.45474
8.43967
7.10545
7.16424
7.2212
7.56265
8.80988
7.88349
7.88853
7.26739
9.7195
7.20231
10.4781
8.62648
7.99782
7.73149
9.81644
8.26427
7.49775
6.96531
7.40632
7.52768
8.93106
7.83822
8.38311
8.36934
9.00194
8.8614
8.71556
7.7396
7.08837
7.297
6.79979
7.01864
8.27686
9.38554
6.96678
7.72438
7.50707
6.32577
7.63952
8.69164
8.60535
8.38696
6.59919
11.6525
6.80898
7.30349
8.04916
7.58353
8.16882
7.86687
8.38902
8.14215
7.75631
7.32058
8.37774
9.1356
7.37199
7.44309
8.61959
7.8417
7.98866
8.50873
9.19206
7.69322
8.92268
9.04278
7.98673
9.71575
7.78328
7.6665
8.06388
6.77658
7.4478
7.11412
8.65216
10.8187
7.72569
8.07853
8.51618
9.00527
7.99163
9.03987
7.49806
8.26203
7.14437
8.85799
7.07948
8.23059
8.81896
7.10442
8.99367
9.49502
8.61136
8.7701
8.12754
7.77083
8.59097
6.75319
9.75983
8.54602
8.42806
7.7569
7.15511
8.56697
8.53442
8.72352
7.68551
8.25373
7.48323
10.9528
7.55228
8.9244
8.33823
7.9183
9.61925
9.35612
6.92484
7.48334
8.26351
7.82251
8.34502
6.87374
8.15572
8.26172
8.64937
8.86681
8.26009
8.41638
7.7138
6.86096
8.07757
8.00504
7.54692
8.85792
6.58678
7.3418
6.94342
9.17678
6.92466
7.11361
7.70009
7.49771
7.46459
7.72297
8.37381
9.24128
7.74901
7.16844
8.39026
8.14002
7.98072
8.12135
9.04294
8.05287
7.31504
8.01587
7.03068
7.7898
7.61857
7.10392
8.16877
7.63697
7.50722
9.7335
8.64024
7.65415
7.1496
8.79156
7.56033
7.62636
7.79252
7.52528
7.60058
7.18941
6.99015
7.23448
8.76523
8.99823
7.49375
7.40067
7.43135
8.64026
8.25036
7.81303
7.64299
8.68292
8.69798
9.01162
9.02418
7.5393
8.02067
9.50044
8.11469
9.49226
6.93131
7.4508
7.21343
7.23257
8.70826
8.92217
8.271
7.12689
8.21013
8.3851
8.17196
8.80519
8.25755
9.52875
9.63628
7.48118
7.03259
7.51744
7.43277
8.83677
7.55428
8.48025
9.25449
7.57514
6.78133
8.20181
7.76585
9.00122
9.46789
7.44637
7.86319
7.94404
7.45582
8.53348
8.52478
7.76879
8.40747
7.55542
9.33809
7.37123
8.25477
7.86581
7.10776
7.89178
7.19627
7.78068
7.99671
7.45186
8.02455
7.13855
7.34569
8.40051
7.33896
7.80521
8.24524
7.44447
8.27261
7.97217
8.73793
7.83366
7.07761
7.56245
9.03081
8.12103
8.23857
7.90521
8.88528
8.45092
8.45783
6.9988
6.72482
8.61525
7.74843
8.05233
8.02634
9.07243
7.72544
7.58555
7.92163
8.03936
7.77637
9.07754
8.15359
6.82069
7.87888
9.65438
8.07544
7.05129
7.50991
7.49649
7.80511
9.579
8.23741
7.3607
8.57958
8.24931
10.3928
8.90426
8.62298
7.042
7.42085
11.31
7.66658
7.66987
7.40854
8.6212
7.24468
7.01679
8.16108
8.58958
9.30874
7.90099
7.60755
7.59777
8.15292
7.5728
7.59001
7.54827
7.95547
6.99907
7.16999
7.61687
8.44061
9.8537
8.29613
6.70459
6.96723
9.21745
9.38249
7.72524
9.84321
7.76109
8.99067
8.76395
8.23904
8.46107
7.37931
6.37024
7.71344
7.09704
7.8366
7.58333
7.66492
9.16606
8.25079
7.33231
9.20684
7.51956
7.60274
7.14724
7.51823
8.61682
8.79929
7.86076
8.19301
7.94602
8.94517
7.58967
8.49228
8.43359
8.66557
8.33769
9.02944
9.35256
8.26611
7.97934
7.74058
7.33374
7.12267
7.49371
8.33681
8.50941
7.09941
6.68027
8.46296
7.1758
7.58629
9.76146
8.5422
9.8407
7.72445
7.088
8.37228
8.73769
8.61313
10.4543
10.0006
8.62414
7.46666
8.03282
8.03915
8.85836
8.1875
7.2671
7.51421
7.65726
8.38509
8.64131
7.90811
9.04581
8.44034
6.72593
7.7621
7.40747
7.31257
9.54775
8.27172
8.54603
7.2323
7.89553
7.41353
6.98599
8.46918
7.78963
8.17017
7.78438
7.81922
7.82062
8.66706
7.4244
8.35792
8.2469
7.81318
8.01528
8.46197
6.8632
8.79887
6.94013
8.0833
6.82601
7.70912
7.88496
7.87001
7.67662
8.43786
7.76778
9.45145
7.49843
8.40309
8.03137
8.43369
7.76302
7.82801
7.35257
8.20182
9.72527
8.36822
7.69341
7.13382
9.01081
7.72493
8.15081
8.26772
7.58691
8.0227
7.18592
8.27824
7.7494
8.10213
7.31347
7.30642
8.42511
7.79321
7.61575
7.10197
7.85454
8.97538
7.92463
7.46949
7.79043
6.7742
7.67617
7.18566
7.35963
7.89008
7.80489
8.51505
9.18525
8.56569
7.74791
8.03393
8.0682
7.72794
7.92481
6.68707
8.20948
7.17977
8.5501
8.61825
7.92162
7.77321
7.92424
7.19456
9.35254
8.56995
7.96518
7.58937
8.10514
7.66436
8.53627
7.73825
7.12014
7.42618
7.27294
8.42503
9.08379
8.43803
7.21898
8.05694
8.73541
8.87179
7.40492
7.79784
8.64752
7.77994
9.12345
8.61318
8.30744
7.37435
8.91922
7.07878
7.19972
8.993
8.22445
8.18085
6.74419
7.78188
7.66569
9.31836
7.42175
7.47419
8.26504
8.70222
6.99044
7.6579
7.30551
6.73693
7.04634
8.79424
8.03978
8.29977
7.384
11.6354
10.5154
7.92767
8.90101
7.26008
7.19136
7.31819
7.49865
7.30675
7.37645
8.01717
7.37516
8.43386
7.26008
9.25867
7.62592
7.53904
7.80854
7.5009
8.04677
7.51937
6.98231
7.19358
9.10317
7.8789
8.28723
7.15021
7.14201
8.47047
8.09538
7.86832
8.29216
6.72547
7.71683
6.06858
7.89909
8.79169
7.7078
7.11169
7.9446
9.42679
6.50482
6.7795
7.57995
8.70361
8.96703
7.3741
7.33707
7.92258
7.81014
8.02374
7.15596
7.61182
7.88279
8.01282
8.47155
8.25352
8.42085
7.29186
7.33445
7.89836
7.66176
7.92623
7.20021
6.87608
7.37051
7.18493
9.45108
8.28834
7.70924
7.47994
10.5042
9.61538
7.6183
8.04433
10.3983
9.34864
7.6893
8.11695
8.11524
7.92723
7.81067
8.45735
7.27245
8.45514
7.92756
7.74957
7.89574
9.45935
7.17918
7.8321
8.26465
7.86156
7.28507
9.00124
8.62223
7.90234
7.57054
8.0135
7.74829
10.2108
8.39273
7.59422
8.29789
7.84097
8.10353
8.09849
8.23766
7.51313
8.05546
7.49622
8.80885
8.12459
7.99972
9.24363
7.65188
8.65882
9.246
8.01465
8.49362
8.48731
8.16449
7.96304
7.85648
7.31897
8.15239
7.91165
7.85442
7.82754
8.96649
10.3339
9.17401
8.81427
7.94049
7.27629
6.59659
8.1363
7.52831
7.87415
7.10228
7.78517
8.86461
8.14626
8.66723
7.81854
8.06579
7.95671
8.42063
8.28861
8.11841
7.96932
7.8769
7.63157
8.4223
8.18337
8.58408
10.3221
7.58211
8.46227
7.79611
7.4053
7.74698
7.40365
10.5061
8.4172
8.15107
8.05236
8.14757
10.5384
7.75028
7.1503
7.78551
7.77832
7.3972
9.9421
7.90824
7.42475
8.16998
7.54503
8.54487
7.25175
8.14015
7.00939
9.52491
7.42367
7.69092
7.47916
8.13122
8.98326
10.4299
7.64465
8.64998
10.1016
6.90946
7.57134
7.55177
7.53934
8.14697
8.4531
8.73418
7.35759
7.33262
8.04507
8.70094
8.58481
8.07269
8.36334
8.05518
9.2929
8.39297
8.16474
6.99665
9.69179
7.36059
7.59469
7.20632
7.34884
7.27514
7.14142
8.53059
8.32462
7.68568
8.3935
8.24797
7.55617
7.48032
8.2853
6.99315
8.32486
7.61155
8.1344
7.41678
7.07818
7.94665
9.05216
8.27467
8.95362
7.87295
8.50204
7.13851
9.50313
7.37879
9.20711
8.30354
8.07431
7.77656
6.37389
6.97087
7.627
7.71716
7.76452
7.66261
8.16464
7.46637
8.04695
7.47106
7.90297
6.89925
10.3542
8.30132
9.04655
8.8779
7.57196
8.62417
8.11165
7.63369
9.68467
7.74733
9.2998
8.01695
7.67688
7.57799
8.7315
7.48511
8.40504
7.3677
8.65012
7.78474
8.19407
8.24049
8.20202
7.7369
8.39004
8.43519
8.14513
8.33475
7.23929
7.63661
8.85351
7.26364
7.39041
6.57985
8.36888
7.65995
7.74282
7.72365
7.75759
6.99408
7.20198
9.07042
8.07001
6.9788
8.57278
8.35208
10.3377
7.91709
9.39056
8.28375
7.01067
7.42491
7.83345
8.10955
7.43607
8.3427
8.21051
9.69226
8.232
7.11283
8.29288
8.0211
6.87964
8.06497
8.23742
8.37625
10.9005
9.1214
6.38717
9.55017
8.58287
7.23809
9.12587
7.98967
7.96164
9.71705
7.18699
8.46577
6.96142
7.66872
9.09826
9.43676
6.95311
7.07493
7.59287
7.20021
7.27222
8.24765
6.90431
7.47938
7.72386
10.1467
7.93599
7.58954
8.26539
7.03586
8.22943
9.04011
8.15157
8.38516
7.76047
9.71979
8.07057
7.73423
7.42442
8.25811
8.55185
8.33889
9.46439
8.26773
7.78334
7.42931
9.08555
7.69633
6.68581
8.0197
10.556
8.78156
8.40303
9.56125
7.61186
6.86297
9.52598
7.18386
7.20398
7.95136
8.79084
7.55985
7.82331
7.20202
7.84937
7.74536
8.48118
8.19015
7.87112
7.74355
7.7617
7.71909
8.9529
7.48611
7.89031
7.83914
7.65093
8.91927
9.11031
6.96129
8.06212
8.28618
6.86197
8.34243
7.91034
8.13723
8.74405
7.82926
8.79747
8.32466
8.3935
7.85901
7.4648
7.88758
9.21222
9.48283
8.1371
7.68706
7.11144
8.19735
9.31545
8.45356
9.69412
6.88539
7.67788
7.35903
7.72195
7.53067
7.76311
8.76262
7.67811
7.70785
9.26737
11.0778
7.90897
7.63706
7.31893
7.22754
8.2076
8.91337
7.66911
7.17688
7.985
8.68212
7.6763
8.14187
8.49893
7.24046
7.16922
7.97075
8.75517
7.92652
7.64383
7.49368
8.26981
7.69883
7.83682
8.19749
8.86665
7.33732
7.22012
7.0846
8.58243
7.74419
7.73179
7.86472
9.84913
8.13556
7.72232
10.6016
9.24568
8.4469
7.97976
8.69669
7.24662
7.62848
7.18991
7.5827
8.98156
7.69007
7.46226
7.52028
7.62089
8.56823
8.34279
10.6418
7.5957
7.50342
9.66241
7.94828
8.17437
8.46079
6.95835
8.17003
7.28889
7.53916
7.19062
7.69206
8.57345
7.56478
7.46216
8.58078
8.2123
8.50397
7.84088
6.95694
6.92194
7.29964
7.31464
7.82763
7.02494
7.90719
7.35332
6.70811
7.5011
9.16973
7.46253
7.87164
10.8362
8.18016
7.21804
7.92648
7.66566
9.34207
8.54656
7.39293
8.50936
8.33054
7.76955
6.97072
8.27739
7.4014
8.15518
7.7405
8.61218
7.53732
7.26028
8.4879
8.12777
7.36951
8.26103
7.46369
7.53069
8.33216
8.1868
9.4614
8.69116
9.3295
7.3717
7.69394
7.60564
8.33364
7.84157
8.36742
8.495
7.1928
8.67126
8.90838
6.64922
6.41568
7.35169
9.33059
6.84993
7.05105
7.81753
8.51114
8.13177
8.54159
8.0629
8.93059
7.9229
8.64539
9.48834
7.2791
8.32647
6.84982
8.64422
7.38355
8.85455
8.62367
9.44951
7.60149
6.65843
7.70883
8.19338
8.50467
6.66381
8.26201
7.91055
8.36703
7.7774
7.4794
7.25754
10.7007
10.2318
8.335
10.2659
7.20047
7.39216
7.10619
7.82519
7.28667
7.94033
7.33824
8.7971
8.2157
8.09622
6.89004
9.02435
6.76337
7.78666
8.31686
7.75965
8.27469
7.38242
7.99538
7.13365
7.3111
8.05644
9.16925
7.3361
7.40758
7.74938
8.87358
7.32104
7.95789
7.75656
7.48701
8.78547
7.17475
7.2875
7.50364
9.40755
9.49147
9.24315
8.56013
7.50485
8.47976
7.80662
7.18492
7.3373
9.34873
6.6605
7.46599
6.83592
8.87279
8.00715
8.25699
8.54257
7.73429
8.57184
7.70149
8.15448
7.701
7.73621
6.86557
6.99501
7.50193
8.80864
7.90436
7.56341
8.33844
8.467
6.82495
9.14577
9.103
7.44354
8.07648
8.80875
9.58405
7.32291
9.46134
7.00116
8.09778
8.56308
7.065
8.5346
8.23713
6.52276
9.52752
8.46157
7.26322
8.15636
8.11712
9.50679
7.8259
7.2062
8.72025
8.33736
7.96237
8.12233
7.25366
8.31065
8.49572
8.41729
7.62393
7.27197
8.76859
7.7115
8.22295
8.06307
7.85931
6.46113
7.36529
7.84033
7.94249
8.2719
7.24271
8.55535
7.14347
7.59153
7.01835
7.08329
7.47193
8.948
8.16959
7.9028
8.01142
7.42423
7.31977
8.84041
7.61915
7.53878
7.45897
7.9206
9.15518
7.79204
8.96039
7.90181
9.10406
6.92172
9.18288
7.60123
7.43381
7.18691
7.35787
8.17218
7.0323
7.18581
8.06372
8.48801
7.3253
8.27417
6.85686
7.70391
8.89526
6.91501
7.82749
6.73646
8.6525
8.37265
8.03304
8.04268
9.32975
8.05459
7.38922
7.16437
8.2406
7.54377
7.66146
8.33342
7.03228
7.19394
7.8706
7.20294
8.19109
8.41157
6.47498
6.66327
7.2735
6.59027
7.65213
8.3461
8.62318
7.39729
8.11176
7.69109
6.64875
7.87834
7.98334
8.23007
8.5118
7.79934
8.91631
8.12287
6.9277
11.9158
8.26858
8.49167
7.88573
7.4622
7.60711
7.42336
8.19036
7.66677
8.69731
8.77406
8.17811
9.61337
8.32872
7.32611
7.91596
7.70271
7.15186
9.11767
7.47523
8.46182
7.67162
7.67414
8.28785
8.26002
7.17296
7.31321
8.29499
7.56591
9.14604
8.27967
7.28557
7.65841
7.61868
8.56558
9.33664
7.28017
7.09972
7.78437
8.00058
6.93908
7.76377
7.54534
8.00315
7.43159
8.84443
8.6188
8.16927
7.91677
10.8306
7.01712
8.81604
7.58648
6.59313
11.9676
7.2688
6.94621
7.60552
7.79961
7.38681
7.91676
7.94638
8.43076
8.51149
8.16138
8.2598
8.96556
7.01736
8.07403
7.39095
8.05143
10.3003
7.71542
8.58782
9.90126
9.08176
9.22318
7.59331
8.2428
7.4702
9.01429
8.00275
7.13052
7.68281
7.16149
7.97091
7.85686
7.47702
8.83006
7.81018
8.07236
8.45298
7.27226
7.98338
9.56014
8.11839
7.90621
7.86528
8.39029
7.65682
8.134
7.78693
9.65415
8.60277
9.72756
9.14685
7.8155
9.05358
9.86797
8.36491
8.57528
8.3611
10.7361
8.10712
7.17234
7.3095
7.67173
7.35361
9.93436
7.98857
7.62553
9.22624
9.28997
7.89196
9.3492
7.46941
7.41762
7.96706
11.132
9.83405
7.70099
8.00863
7.72869
7.38823
7.50424
7.25748
8.60759
7.96752
7.25434
8.07951
9.4135
8.07277
8.32078
7.10742
8.66622
7.497
7.74862
7.92505
8.27322
8.5531
8.85556
8.33848
8.59384
8.45127
8.47652
9.75611
7.92527
8.16121
8.96162
9.36315
9.72097
8.5072
8.35908
8.25751
7.31728
7.11577
7.06259
9.33245
8.95477
7.0482
9.49676
8.81112
7.60195
7.58903
7.21778
8.41085
8.51251
9.0083
7.04514
7.84152
8.07606
8.19963
7.57234
7.52731
8.15372
8.64485
7.58249
7.43402
8.04776
9.37613
7.594
7.32822
7.97718
8.10569
7.30253
8.70266
7.07482
7.06117
7.17602
8.73667
8.60072
8.72874
8.53607
7.112
6.48484
6.59015
7.35623
8.07473
7.39591
7.91891
7.6283
7.91399
12.1776
8.07817
7.93948
7.41236
8.38692
8.11108
7.28797
7.42948
7.64466
7.89624
8.09671
8.12317
7.61963
8.1472
7.73658
7.9817
7.72638
7.56319
7.79047
8.17303
10.9797
8.42647
7.54055
7.66999
7.96872
7.77444
7.15831
8.13668
7.44064
7.36688
8.28018
7.98593
7.72293
8.60916
9.35888
7.56605
7.57367
8.38292
7.17942
7.65128
7.4169
7.37697
8.96067
7.38579
8.50581
6.78767
8.27121
8.60219
9.13085
8.18702
7.5869
8.9853
7.53173
7.39385
8.16418
7.11029
7.44214
7.12094
7.18229
11.732
8.22769
9.47131
9.68855
8.32404
7.87235
7.87124
9.05475
8.51396
7.69679
7.86719
6.95115
7.88053
9.46771
9.17525
8.51107
7.62908
7.30538
8.14466
8.86632
8.36143
8.92625
8.71083
7.23259
8.38383
8.29436
8.3652
8.46389
7.20512
11.1745
6.87438
8.25487
7.41929
7.93523
7.75888
8.31274
12.0892
7.08469
9.18427
6.61865
8.00051
9.60475
9.72827
7.58052
9.07671
8.66147
8.6144
7.35355
7.72561
10.5429
7.16897
7.99252
9.37994
8.06536
7.6993
8.67558
7.28257
8.22088
8.57674
9.4148
8.62191
8.93669
8.13068
8.22746
7.88754
7.89686
7.65673
7.02136
8.37928
7.90349
7.96975
8.98699
8.19814
7.87902
8.14355
7.3132
8.53734
7.50427
8.08808
7.92524
7.64955
7.5529
8.03252
8.70017
8.73263
7.2521
7.80598
8.59354
6.86275
7.41749
10.4248
9.5271
9.27543
9.38749
7.96665
8.07834
8.26315
7.70391
7.70325
9.18094
7.95161
7.17446
8.36314
7.51818
8.38706
8.64277
7.4042
9.10787
8.17907
6.64596
8.22165
7.29026
7.83526
7.08612
7.43818
8.02146
7.15287
7.09102
7.27198
8.30264
8.35743
10.3992
7.74457
8.61352
7.69268
7.33913
10.1747
7.89965
8.54696
7.93354
10.4171
7.24846
8.2635
8.85741
7.9595
7.81804
7.43556
6.5972
8.18201
9.08028
8.21226
8.13084
8.37518
8.01535
7.74007
9.17287
8.27021
8.29447
7.66683
6.9434
7.33054
7.99962
8.54003
7.855
9.21742
8.28091
9.02689
8.15841
8.11613
8.37263
6.689
7.30108
7.1119
8.6404
8.31941
7.24034
7.57385
7.47378
7.99597
8.26701
9.8949
8.96296
6.77898
8.52751
7.61051
9.03185
8.4559
7.88859
8.74834
7.51675
10.0375
7.63055
7.49243
7.64384
9.06261
7.61038
8.74842
9.43096
8.62085
9.2656
7.2622
7.5595
8.91847
7.94977
6.93889
9.37631
7.88306
7.13209
8.17737
7.262
7.95587
7.392
8.04039
7.45539
7.33006
8.16018
9.54884
9.24341
7.64714
8.65305
7.13344
7.78112
7.37999
7.9749
8.91887
7.9513
9.02796
7.7936
7.58103
6.67535
7.28398
7.32864
7.88229
7.98815
8.7498
7.41667
7.00873
8.86953
8.65108
8.02384
8.17374
7.24116
7.62301
8.15992
7.39345
7.69161
7.49462
7.53172
9.13133
8.29468
8.29266
8.13418
8.65293
7.72131
6.74072
8.10589
7.87695
7.84435
9.05255
6.98919
8.30271
8.70846
7.95144
7.23412
7.94398
9.26267
8.44696
8.06203
7.77497
8.37393
7.98422
8.79577
9.50187
8.80416
8.64317
7.62311
8.94909
7.06347
8.06759
8.6953
8.86043
6.92802
7.97033
8.60671
7.33436
7.46827
7.51131
7.93438
7.64107
8.29552
6.85979
7.60183
9.4594
7.36481
8.77084
7.7193
9.26832
9.13421
7.71013
7.76034
7.73829
8.80164
7.77516
7.82447
7.04414
8.59013
8.73977
8.28378
8.25761
6.72377
6.72272
9.00549
7.56156
7.77299
9.40943
7.62398
7.59867
9.14656
7.4589
7.05731
8.04459
7.81463
9.35915
6.86357
8.16757
7.04175
9.51602
7.53589
8.2328
9.43911
8.63896
9.15996
7.39407
6.70445
8.62259
7.2887
8.50086
8.26301
9.05994
8.66722
7.95555
8.45462
10.6504
7.80798
6.96961
7.59075
7.39146
7.83944
9.19285
8.13721
7.2917
7.04772
8.16169
7.91463
8.3846
8.5477
6.55792
8.44916
7.3823
9.10182
7.87433
6.93758
7.1462
8.60234
9.40032
7.78955
10.7222
8.79995
8.70433
8.16797
7.80289
8.54831
8.30638
9.10767
8.49754
8.18858
7.73991
8.00196
7.19301
7.29536
8.07443
8.68304
7.24577
8.64186
8.75213
6.99274
7.74329
7.45622
8.05176
9.69672
8.16576
8.314
8.30845
8.5572
8.66637
8.10388
9.31165
7.54184
8.28191
6.8439
9.11927
7.97037
8.08714
8.64109
7.18775
7.6313
7.7475
7.33195
8.47798
7.56312
7.91614
7.56371
7.43774
7.69352
7.62231
8.91221
8.62081
8.47156
7.60897
8.40051
8.19844
8.40211
7.90646
7.34072
8.39826
6.97428
8.27489
9.14731
10.1053
7.68664
9.03719
6.87213
8.92173
8.13575
9.1639
8.02878
7.76453
7.87302
7.15857
8.27831
9.39067
9.51388
7.12634
9.32797
7.88759
7.23832
9.3322
7.56866
8.00041
8.22765
7.23073
7.61183
8.04756
7.97429
7.0766
7.64962
8.0085
8.42866
8.06549
9.98508
7.50195
7.53473
8.02523
8.3909
8.28546
8.12865
8.05269
7.52934
7.5952
8.19413
7.51215
7.52231
9.295
7.73169
7.15943
7.33817
8.22655
7.57854
8.46078
7.26942
7.93255
7.42817
10.4916
8.00265
7.20065
8.30226
9.09988
8.2196
7.557
8.73579
8.78884
7.56806
7.6217
8.55898
8.2896
9.2057
8.10704
7.78136
7.78989
8.68451
7.95714
9.24253
7.90482
8.46187
6.93283
8.77784
8.26246
8.18782
8.39196
7.43535
9.4764
8.13837
7.9402
8.46175
7.5777
7.78517
7.76855
8.62824
7.72645
7.85623
7.51786
7.86997
6.80582
6.38661
9.37504
7.04201
7.71926
7.60183
9.82338
10.616
7.61333
8.28042
7.99319
9.78168
9.74135
8.92709
6.83753
8.19064
7.5885
7.90815
8.953
7.32449
8.24772
8.67574
7.40295
9.58537
8.91622
8.65233
8.54011
7.71628
8.67151
10.5195
7.72247
8.96549
8.54591
7.51458
7.31311
7.3594
7.46419
7.51663
7.36331
7.78564
8.03746
7.58944
7.94727
7.99429
8.7057
7.20146
7.40762
7.74749
7.10015
7.70669
8.43252
7.38218
7.85277
7.78176
7.52037
8.1468
9.88004
9.08276
8.12209
8.26126
8.18873
8.85605
8.01782
6.69617
8.42541
8.06936
7.86061
6.90724
8.00245
8.27287
7.80279
7.7705
8.24521
8.29226
7.83507
6.9866
8.45257
7.44742
9.67096
7.564
7.82148
9.8261
7.6544
8.23539
7.65026
8.92035
6.82885
7.04821
7.70258
8.23423
7.7948
7.19627
8.64156
8.58106
8.2145
6.94314
8.31417
9.05666
8.21765
7.64465
7.67089
9.35434
7.77502
8.74834
7.42577
7.22687
7.2462
8.20611
8.26929
8.00739
7.67849
8.027
7.51386
8.15214
7.50814
7.85238
7.23853
7.68705
7.02482
8.08017
8.40528
7.15246
7.56192
8.88435
8.088
9.06753
9.13441
7.27042
8.24562
7.00442
7.35766
6.59827
10.7132
8.06976
8.07775
8.82762
7.52199
7.72853
8.77996
6.75916
8.03701
7.75335
7.28197
7.68404
7.87486
7.97319
7.80801
7.5764
7.49994
7.39925
7.77676
7.82707
8.61575
9.30061
9.66393
8.60364
7.85979
6.8891
8.23265
7.74698
7.63873
8.13972
7.69633
8.04095
11.9321
8.34228
7.29774
7.32882
7.66203
6.97628
8.33273
8.56434
7.59534
7.80666
8.26488
7.29327
7.8894
11.1391
7.61134
9.78946
7.71404
8.12605
7.4483
8.17254
8.18958
7.52236
7.80269
8.57991
9.00799
7.68476
7.28439
8.59184
7.89756
7.78412
10.0595
7.86616
8.12816
8.66847
7.94699
7.74821
6.98329
7.48565
8.14524
8.30375
7.67486
8.27629
7.45701
9.16799
8.54277
6.76372
9.39901
7.42306
7.96736
9.38099
7.94181
7.59169
8.02366
10.6073
8.22366
8.10312
8.87928
9.26139
7.41004
7.62708
7.65048
7.61681
9.02746
8.04845
8.23237
7.51815
7.54527
7.88147
8.00877
8.13305
8.09084
8.53656
7.27903
8.28654
9.88688
8.1173
8.25294
7.83153
8.20552
7.83931
8.11465
7.99681
9.27772
7.349
8.46298
8.14749
7.36171
8.36843
8.41529
8.16012
8.14594
7.84749
7.17192
7.84854
6.91752
7.72496
7.55197
8.77918
8.58865
7.58879
7.87334
8.16514
7.53361
7.81213
8.82602
10.1073
8.81107
6.83053
8.56951
8.87515
8.89298
8.69299
7.58154
8.3884
7.18384
8.67747
8.67418
8.2574
7.29773
7.79743
8.15559
7.73639
7.59323
7.02773
10.4776
7.91705
6.65829
7.0561
7.14585
9.77408
6.85151
7.25205
8.23323
7.05366
7.94075
7.38224
8.5096
7.50827
9.16143
7.06687
8.78344
8.44094
7.22775
8.79099
8.02424
7.00223
9.23481
8.23322
6.98947
7.86564
7.99575
7.70313
7.80834
8.55264
7.98242
8.06252
8.79927
7.63316
9.64855
8.46004
8.15351
7.75169
6.61794
7.72791
7.87054
7.51141
7.62887
9.49732
7.84794
7.39643
7.59238
8.42006
7.11899
8.4042
10.5136
8.83188
8.23438
8.33532
7.74059
7.80662
8.27084
8.04963
7.46293
7.66967
7.51107
9.20746
7.18129
7.80975
8.63942
11.296
7.27633
7.616
8.80333
7.56002
7.13756
7.95605
9.82433
9.47616
7.89547
7.33944
7.7885
7.02269
7.60102
8.49465
8.20749
8.71819
8.11909
8.2057
8.13496
8.0147
7.65563
7.63247
8.15057
8.10246
8.85289
7.55292
7.35084
8.37643
7.79572
8.12825
7.54254
8.07652
7.7086
8.41987
9.7156
7.50339
7.53432
7.00999
7.85725
7.55683
8.56643
7.66112
8.71146
6.79966
8.35253
8.74075
8.75952
8.53106
8.43635
7.64082
7.9674
7.83149
7.24769
9.23865
9.92339
8.34021
7.33541
7.79172
9.08053
7.3145
6.9019
7.49756
6.92043
6.95001
7.66106
8.30067
8.03537
7.79487
7.85426
8.38679
8.25696
7.12792
8.12788
8.62433
8.44222
7.85297
7.38026
8.03031
8.02237
7.92249
7.06184
6.92521
8.16743
8.20208
9.45119
6.43854
9.8035
7.31771
7.82519
7.69818
10.2592
7.25248
8.22766
8.47371
8.53503
7.6271
8.42467
7.31293
8.30428
7.03904
7.66902
8.38705
8.9765
8.54921
9.22955
7.65048
8.13913
7.30004
7.30585
7.73212
8.07218
9.09906
7.05552
8.01996
7.91542
8.56687
8.60534
7.39119
7.78001
7.7215
7.20518
7.86197
7.83647
8.00903
7.3426
10.4891
7.22244
7.14894
7.98165
8.5941
7.25852
8.72798
8.58522
8.15884
7.33326
7.48562
6.72526
7.89488
8.32514
7.8274
8.09644
7.70672
9.42393
7.77424
7.1505
9.52817
11.3805
8.78241
8.08047
9.54437
8.0008
7.90651
8.1764
7.55891
7.73779
7.885
6.71436
7.77694
7.46177
7.51995
7.21659
7.8186
8.06767
6.81762
7.12377
10.3848
7.40421
8.99956
7.6558
8.38417
7.72302
9.59949
8.19999
7.91858
9.19095
9.38467
7.52201
7.50939
7.35465
7.95694
7.75793
8.12321
7.73875
8.58678
7.84129
8.34389
8.25379
9.1054
8.09878
8.97845
7.50628
7.84937
8.77605
7.33223
7.73992
8.31969
6.40434
8.19692
7.20145
8.24644
9.06513
8.57466
7.84099
7.02225
9.66566
8.18149
8.41464
9.0316
7.98731
7.42837
8.27894
6.88163
6.90691
6.98966
8.19412
9.60347
7.85452
7.84801
8.17763
6.97065
7.45491
8.22435
8.6143
8.6201
7.69954
8.77744
7.07667
7.09579
7.36455
7.34702
9.57103
8.57458
8.27894
7.25762
7.09492
7.56656
7.23321
8.86403
7.57836
8.2931
7.47247
7.07237
7.24965
8.45029
6.91395
7.55353
8.49697
7.95884
8.75987
7.91571
7.69016
7.90736
8.33085
7.2876
8.19495
8.00557
7.49944
8.69998
7.92883
7.14883
7.7303
6.51869
9.26021
8.19491
8.92622
9.1581
7.71738
7.45458
9.39315
8.12252
8.41906
7.69879
12.7462
8.34677
8.82917
9.59286
8.63584
7.11529
9.6944
8.68322
9.58042
8.02504
7.4378
7.22781
8.25115
7.92312
7.70455
7.54944
8.51919
8.09041
7.50168
7.07465
7.60501
8.37454
7.34524
7.55467
9.99233
8.45816
9.07756
10.1842
7.54687
7.3219
7.51261
8.35048
7.14061
8.23589
7.38052
7.82708
7.72337
8.34847
7.72883
8.52273
7.937
7.13127
7.7667
7.9197
7.65825
7.35404
7.19763
8.65735
8.69009
8.11008
8.55056
8.89389
9.80503
8.0205
7.9767
8.29304
8.2615
7.76969
7.44867
8.03049
7.89961
6.90869
6.64749
8.40485
7.5216
7.6118
8.88478
9.77582
9.21339
8.14708
8.92133
7.39544
7.43022
7.07813
9.10339
11.5511
7.81903
8.46194
7.60306
7.38249
7.72913
8.2291
8.17194
8.68808
7.61023
8.85837
7.54779
8.93754
6.74711
6.91007
7.51342
7.91847
7.30333
9.54345
9.08892
7.3778
9.31386
8.00093
7.41091
7.94003
8.49931
7.983
7.85378
7.8943
7.12269
7.52547
9.65397
6.69021
7.17129
7.06412
7.89091
7.84457
8.58629
8.47215
9.31376
8.57078
7.60557
8.49553
7.82441
7.40147
7.93618
8.31428
8.24225
7.74908
7.86428
7.69764
7.07048
7.65604
9.18854
7.72167
7.49466
9.44345
8.01172
6.71168
8.64884
7.59636
6.63758
7.17247
7.93779
8.69488
7.89189
8.47676
7.65569
8.7358
8.10254
7.83928
7.13471
7.69931
7.34312
7.63249
8.31357
9.10611
7.72155
7.74016
7.718
9.49301
9.13516
7.95687
8.06152
7.85112
8.44081
8.79836
7.63398
7.50243
7.66287
7.54147
10.0252
7.47242
7.27088
7.71058
8.64779
8.78141
7.46231
7.24555
7.79611
7.81279
7.58488
7.90698
7.56143
7.75563
7.69619
9.07182
8.15792
7.83639
9.55824
11.0033
7.6322
8.78278
8.68533
9.91327
7.37491
7.13691
8.17535
9.49792
7.56834
7.37299
8.12727
7.16634
7.95767
7.52635
8.57618
7.65071
7.88294
8.24377
8.77989
10.3351
6.73885
7.49741
8.30782
9.47391
7.17477
8.32365
7.62701
8.63007
8.56049
8.38178
7.48361
7.83334
9.44265
8.48219
8.31094
7.45885
7.52775
7.96092
8.32975
7.61327
6.75602
6.50368
7.61203
6.89923
6.46752
7.89357
7.33706
8.5983
8.08365
6.90785
8.35764
7.27119
7.86407
8.18419
7.95475
8.33936
8.09742
7.78837
8.3319
10.081
7.96737
7.33128
7.00292
7.44155
9.47324
8.08784
9.38078
7.51688
7.96551
7.55351
8.30309
7.93773
7.64636
8.86214
7.71896
8.13438
7.25322
7.43163
8.22203
8.41017
7.65862
8.00432
8.1405
8.48003
7.85057
7.23391
8.26469
7.78574
8.29648
8.52878
8.31586
7.70699
8.273
7.70647
8.95606
7.20331
6.96643
8.42425
7.93462
7.55987
7.33963
8.26368
7.06239
8.38138
7.74958
8.04745
7.97097
8.62598
7.8384
12.7693
8.64676
7.7404
7.63378
7.71582
7.61152
8.52254
7.35021
7.47207
7.67791
7.95801
9.29064
7.45306
8.99048
8.6782
7.10016
7.54384
6.75766
7.71365
7.24633
7.92685
7.26177
7.16312
11.5134
8.15802
7.725
7.61332
7.19374
8.41602
7.68072
7.6542
9.34126
7.4514
9.74837
7.87097
9.03038
10.0587
7.19204
7.19473
8.79137
7.79173
7.88038
8.54903
11.1518
8.88529
8.16071
9.0221
8.04422
6.47134
9.03315
9.54756
7.25254
10.8894
7.11786
7.79579
7.95679
8.20653
8.08803
9.53757
8.30992
8.77294
8.84408
7.9591
8.3769
10.2172
9.13353
7.22179
7.13281
8.04292
7.14086
8.11445
7.68846
6.99
8.05166
9.64974
6.56795
7.94819
8.54227
8.23252
6.73053
8.52486
8.02876
7.7484
7.21496
7.79911
7.48505
7.89086
8.9967
7.04093
8.22103
7.19721
7.43459
8.36949
6.89241
7.34706
8.11068
8.53523
8.17931
7.99769
7.41044
8.07236
8.89062
8.6348
7.41038
7.93457
9.65568
8.63281
7.94105
7.20859
7.33733
8.88111
7.78424
7.74281
7.48784
7.89099
8.2313
7.77801
7.71565
7.99552
7.74458
8.80387
9.40555
8.11137
9.50719
7.62389
8.44425
8.23875
7.18621
8.99811
7.27434
7.71518
6.76213
7.49122
7.4414
8.17877
7.52767
8.21626
7.30963
7.61716
8.89998
7.97726
7.80838
7.56971
6.80502
8.22646
9.409
6.90568
8.17642
7.48805
7.59123
8.39364
9.42616
7.39149
8.18468
7.66973
7.6915
7.07296
7.4233
7.05511
7.33413
7.90405
6.85395
7.67388
7.25828
8.05257
7.84781
9.94212
7.3714
7.64088
7.43596
9.54245
7.19932
9.09803
6.92211
9.46497
9.02002
8.16009
8.51529
8.92461
8.3071
7.27067
8.32044
7.20982
7.50816
7.99541
8.10794
7.69124
8.16464
7.20799
7.80245
6.79223
9.2372
8.30177
9.08311
7.6872
8.33949
7.0334
9.17078
8.1078
7.53125
8.15103
8.65947
8.28743
7.50711
7.84127
7.90728
8.5289
9.07423
9.09803
8.66654
7.14428
7.88305
8.2955
9.36991
7.342
7.99869
7.31165
7.88065
8.27829
7.54875
7.66323
6.94012
7.97248
7.54201
7.5054
8.70358
8.27423
8.31808
8.19351
8.04472
7.85099
7.16136
8.22578
8.103
6.73333
8.29312
6.92279
7.45503
8.62657
8.02387
7.46523
7.76338
8.71934
9.51227
7.30138
8.81153
7.30042
10.0735
8.61618
7.79263
7.78622
8.57234
8.06067
7.6492
9.0867
8.46329
9.20008
7.96697
7.85452
8.32819
8.91594
8.68106
7.63095
8.02779
7.50564
7.60898
8.33319
9.68945
8.25463
7.08866
7.30984
6.54336
7.87494
8.07078
8.98493
7.78736
7.97673
7.32861
7.62661
8.29108
7.98926
8.0759
7.90425
7.65566
8.27529
7.91875
7.49452
8.43494
7.16565
7.81671
7.86323
6.87822
7.45892
8.68007
8.39002
6.94647
10.4288
8.48027
7.4738
8.14391
6.7143
8.49482
7.04854
7.92253
7.99529
7.36301
9.066
8.22066
7.471
9.5156
7.68967
8.71119
7.96378
7.00987
7.15176
7.435
8.20312
6.59927
8.42795
8.00504
8.82077
7.72091
9.43042
7.86143
6.85512
7.14196
6.97488
7.24106
8.93428
10.0059
10.7174
9.05102
8.10163
7.81834
8.47082
8.54595
8.561
6.82058
8.16429
7.22247
7.97351
8.73786
8.19155
7.68931
7.68396
7.66463
8.50032
7.65123
8.22803
9.61176
8.10069
7.21742
9.228
7.20629
7.49305
8.00861
7.73771
8.20341
8.16932
7.7942
8.0952
8.97863
8.71121
7.44559
7.98334
7.80137
7.52439
7.57401
7.64798
10.1054
7.4303
8.0345
7.90105
7.91732
8.47088
8.61962
8.53979
8.34934
6.89959
8.12846
6.87587
7.84971
7.9011
7.93107
8.899
8.99987
7.72282
9.86777
8.34532
7.80161
8.35779
6.92727
8.23696
7.90449
8.32218
7.43465
7.02345
7.60562
8.63949
9.5348
7.13373
7.5057
7.66838
7.99353
8.29249
8.28829
8.15814
9.66553
8.026
8.55752
7.69411
8.05328
8.97077
7.12838
7.76538
9.40865
10.6303
9.09003
7.71046
9.08748
8.46895
7.8325
8.06827
8.31309
8.42232
7.35457
7.18111
7.53169
7.58663
8.59746
10.8727
9.51885
7.3961
7.3727
7.38442
7.90332
7.45663
7.25889
8.43638
7.4983
6.83706
7.97792
7.93621
7.78517
8.39396
8.10209
7.16729
8.94654
7.67955
9.02609
8.1517
8.74482
7.63081
6.88979
7.58709
7.3731
7.45622
7.33255
7.59735
7.49469
8.35115
6.64223
9.39597
8.36919
8.07613
7.79569
8.52112
8.15953
7.48726
10.215
7.56668
8.24409
7.63763
7.69096
7.39939
7.75273
7.73934
7.42741
8.10709
7.73672
7.59556
8.06953
7.73121
7.98514
8.79856
8.35893
7.51601
7.74407
8.62284
7.39068
8.33053
7.90993
7.54081
8.22504
6.85308
7.49156
6.66114
8.60425
8.29235
7.01414
8.10827
7.37453
9.11759
7.59403
8.87344
9.0295
8.27239
7.64948
8.00905
9.40087
8.27039
7.83936
7.5593
8.62002
8.17294
7.33091
8.41282
7.8161
9.94629
8.01037
8.53851
8.3603
9.08659
8.77912
7.18035
7.31194
7.81028
8.29869
7.70796
7.87173
7.86819
7.81569
7.57823
6.78806
9.51113
7.61164
8.56942
7.16037
7.41169
7.96424
9.90184
7.60568
8.25612
8.19326
7.9434
8.98439
11.2
8.40141
7.89943
9.41049
7.10388
7.50374
6.92479
7.16435
7.8061
7.92608
8.99109
7.78152
7.52092
6.4771
8.09312
8.87144
7.54434
9.9921
8.08708
8.74692
7.69355
8.48732
8.12358
7.72819
8.08007
8.01446
7.16781
7.30974
7.75749
7.92666
7.38018
7.83156
6.70031
7.65417
7.93475
8.40898
8.5661
7.91974
7.56914
8.25404
8.40283
6.86983
7.31656
8.43029
7.75564
8.45817
7.16564
7.90413
8.34938
8.63379
8.13314
8.7508
8.44261
7.19331
10.8946
7.47557
6.98342
8.03751
8.08125
8.68751
8.88136
7.79278
9.55383
7.3045
8.31897
8.95704
8.27554
7.58041
8.02952
7.49167
8.86766
9.01169
8.3972
7.80408
7.27943
7.59415
8.05916
8.33043
8.90212
6.75346
7.84737
8.66185
8.28102
7.56433
7.60219
8.42261
8.42903
7.121
7.9942
8.07207
7.64696
10.1499
8.26165
7.76634
8.41791
8.32359
8.29975
6.7623
7.75332
7.70219
8.61509
7.69266
8.4395
8.24
8.4578
7.45866
7.93589
8.30101
8.13498
10.0951
7.43546
7.87609
7.46469
8.14982
6.91346
7.61551
9.03869
7.89956
8.17224
7.34063
8.35675
8.38504
7.14768
7.12323
8.17919
7.45266
6.75845
7.64738
8.12191
9.0623
7.91871
7.88558
7.87724
7.72775
8.47958
7.99915
9.30461
8.92649
7.50622
7.44986
8.18315
7.63771
9.03178
7.77622
7.89758
7.81521
8.13536
12.6565
8.11771
7.65418
7.67482
7.61505
8.5282
9.70092
7.49251
9.01111
8.71497
7.02123
7.91533
7.78089
7.4586
9.07491
8.03499
7.33739
8.43208
9.05491
7.78262
10.2216
7.84415
8.48041
8.15595
7.5791
7.07116
7.95648
7.92853
9.03601
9.63002
7.84018
8.23307
7.57574
7.70174
8.40269
8.57855
8.2869
8.25841
7.74761
7.82648
7.65148
7.48206
7.34709
6.69639
7.6924
8.96309
7.66884
7.42768
7.61413
8.25026
7.56593
8.66449
7.37698
8.2318
7.97525
9.84123
7.39731
8.34877
6.99453
7.55814
8.17891
7.57209
9.8009
9.48029
6.83049
6.9527
8.00036
8.16741
8.00944
8.28121
7.33769
7.58374
9.31799
6.92678
8.85669
9.31665
7.74627
7.1619
7.26546
8.39676
9.67744
7.96606
7.05385
7.87448
7.87593
7.94897
8.37502
7.41346
7.84555
8.92485
7.6551
6.95609
7.4171
9.32255
6.51886
7.61184
9.19162
8.32233
7.47468
7.36253
7.66227
6.97904
9.8639
9.07748
9.96475
7.90582
7.48186
9.62338
9.46815
8.51768
7.96915
7.4981
7.43315
7.37068
8.89459
7.19937
7.28015
8.1928
8.68011
9.23134
8.60613
7.08583
7.18042
6.71623
7.96276
7.93408
8.20849
7.25005
8.65631
6.90797
7.75572
7.69345
7.43138
7.23685
6.80504
7.75276
7.8679
6.9682
7.96329
7.35737
8.42737
7.28493
7.82547
7.51048
6.90857
7.42434
8.10862
7.80905
9.03439
7.21851
10.3339
7.66586
7.62619
7.60914
8.37698
8.15379
11.9089
8.37626
8.26985
7.27257
7.21572
7.13859
7.93652
7.81556
7.76595
7.37377
7.87119
7.98291
8.17303
8.6035
7.52477
8.19807
7.61577
9.00026
7.71441
7.23221
8.10097
8.30529
8.01299
8.13358
7.55954
7.98711
8.73576
7.4514
8.57086
7.33627
7.93029
7.80988
8.03483
8.76258
7.65374
8.83637
8.14727
8.49875
8.90418
9.99481
7.58969
8.35239
8.62826
7.23023
7.70907
7.67804
7.4142
8.56351
7.78505
7.60371
8.48735
9.76014
8.01927
7.35201
8.16957
8.262
6.22416
7.81601
7.7017
7.41644
7.07739
6.87329
7.32144
9.06882
8.36805
7.9615
7.32155
7.97647
7.08385
7.9191
7.57849
7.86121
8.91556
8.24819
7.96578
9.15695
8.27326
8.99956
8.18182
7.66986
7.2628
7.76372
6.51643
7.16432
8.11538
8.58082
8.49114
7.67154
8.07277
7.49227
8.90518
12.4359
7.99713
8.94228
7.52171
8.74757
7.99102
8.15441
7.77053
8.2693
7.82518
7.68278
8.13406
7.60337
8.31209
9.1123
7.65173
7.45978
9.91517
7.68159
7.88368
8.15974
8.70341
8.70622
8.5603
8.45952
7.80644
7.13213
7.48276
8.4921
8.19139
7.64196
7.65914
8.02222
9.86367
7.96219
7.77107
8.06052
7.55207
8.33403
7.95622
7.05876
8.47255
8.45394
9.04532
7.55574
8.17815
8.49126
7.69392
8.28431
7.91533
10.3447
8.16514
6.85644
8.67716
9.17124
7.39086
7.64674
8.18823
7.94344
8.08192
6.80617
7.28945
8.12238
6.61009
7.89123
7.9763
7.23067
7.72438
9.29285
7.51499
9.32585
8.65801
7.45027
8.74286
7.2515
7.70447
8.40648
8.02062
9.67657
7.30911
7.28438
6.98876
8.0352
8.02757
8.82458
8.26894
7.51005
7.96081
8.32305
8.14289
8.92801
8.71505
8.14539
11.002
8.1285
8.10306
10.7626
7.05619
7.9051
7.28124
7.48112
8.20459
8.34323
7.83631
7.24055
7.98641
8.41471
9.28109
9.31745
9.133
9.35213
7.38432
8.36772
10.0509
7.69989
8.09876
6.97023
8.80838
7.74538
9.50106
7.96824
9.04236
8.29153
6.94308
8.94091
7.32393
8.45068
8.17224
7.74142
8.52528
8.25959
8.3815
7.6655
9.09884
6.88502
7.61188
7.48999
7.81679
9.67076
10.721
8.6848
7.95284
7.94937
10.6811
7.63465
8.38771
7.96065
7.01967
7.08921
8.0099
8.92516
7.49203
7.76013
8.59664
7.93818
7.74829
7.3581
7.38578
7.78721
8.18931
8.05102
7.99967
7.10801
8.96649
7.62884
9.40416
7.403
8.38434
7.91598
7.94622
7.6211
7.78611
8.44929
7.49218
8.05338
7.63171
7.94174
7.9278
7.71994
8.33261
7.76806
8.48616
8.16661
8.74764
8.49927
7.79742
8.7049
8.42628
8.60773
8.55515
6.44438
6.71354
7.99055
9.45206
6.86796
8.40898
7.23501
7.52543
7.48874
7.75727
9.89268
10.8777
9.93014
8.97886
7.48915
7.8304
8.15074
8.39245
8.38321
7.96862
7.79974
8.26674
7.55027
8.68916
7.51443
8.23562
8.45289
8.12906
7.62547
7.0198
7.58929
9.74377
9.2946
9.02635
8.39265
6.76335
7.16604
7.21074
7.51137
7.24426
7.2267
7.83152
8.44865
7.93974
8.09537
7.16069
9.40629
6.92065
6.99741
8.88284
8.25852
9.1215
7.17733
8.74849
8.00687
9.4089
7.86964
7.79427
8.5871
6.85931
8.55618
8.50069
13.0438
7.3528
7.23006
7.89339
9.50829
8.42515
8.42437
7.32339
8.1398
8.31752
8.34711
7.07654
7.53133
8.00759
8.41722
8.01161
7.5994
7.5888
7.69911
8.05626
6.63632
9.07626
7.4213
7.91499
7.79978
7.22795
7.99921
8.51836
6.48779
8.02236
8.12861
6.93263
7.35223
8.99862
8.27387
8.00453
7.67762
8.83828
7.8877
12.6318
8.30818
7.53065
8.89664
7.62258
8.66012
7.99459
8.33041
8.31742
7.09218
6.86147
8.45767
8.8781
8.49331
7.31175
7.80082
8.14946
7.25242
8.01697
8.65534
9.38813
7.3332
7.67995
7.82176
7.62061
8.47639
9.41699
8.75102
7.46924
7.74421
8.02839
8.38013
7.26794
7.09618
7.40753
6.86435
8.54688
7.65098
8.24336
7.79431
7.42144
11.9182
7.4674
7.31796
9.52018
7.07801
8.89322
7.19027
7.27445
8.26376
7.75997
8.11091
7.72376
8.20875
6.93496
8.58647
7.90296
7.23492
9.41697
7.90949
7.97311
7.12642
7.15345
9.13312
7.17959
9.20555
8.05547
7.88199
8.57824
7.66227
7.88975
7.69336
7.81745
9.38057
8.80604
6.98113
7.79782
9.89869
9.37368
7.33311
8.94127
7.87811
6.77211
6.88866
7.16445
7.46364
6.9024
8.28671
8.66182
7.04527
8.06881
7.81991
7.33658
7.94927
7.65111
13.0465
8.16343
8.56626
8.37433
8.66447
8.24326
7.77194
7.86369
7.70869
7.88159
7.68201
7.73771
7.94035
8.23182
7.93572
7.37464
7.68803
8.55057
8.55591
8.10078
8.05556
9.71512
7.72034
8.44187
8.27222
7.57652
9.03373
8.35578
7.53516
7.83663
7.71277
8.67106
8.57717
8.767
8.1247
8.28206
8.84665
8.17022
7.14353
8.33538
8.7284
10.8531
10.6569
8.51161
7.39233
8.05273
9.29933
7.5763
8.55442
8.09648
6.94993
6.71914
9.01438
8.03567
8.09564
7.93849
7.21397
8.3219
10.1653
6.90965
8.27378
7.30555
7.86557
7.18232
8.79028
7.97167
8.51924
7.82841
8.43535
8.36282
7.41626
8.24438
7.58837
9.12987
7.88299
7.80286
7.52955
7.3121
7.45661
6.91735
7.65076
8.57428
9.43936
7.83377
7.0837
8.51892
8.86329
8.1697
7.95442
7.7863
8.32282
6.81437
7.7622
9.11613
8.9975
7.49461
7.17603
7.70452
6.75242
9.4649
7.93444
9.24942
7.04362
8.03787
8.1255
8.42674
8.33739
7.83634
7.34794
8.15499
9.20529
7.7863
7.06742
8.7318
9.1506
7.85981
10.2056
7.72644
9.72636
7.09607
7.41125
8.57344
7.94685
8.7407
7.35357
6.71511
7.34439
7.58903
9.25956
9.17965
8.26804
8.65191
9.46981
9.51363
8.11617
7.76598
7.62329
7.12083
8.87259
8.00718
7.79453
7.48264
8.50741
9.0838
7.76331
8.42509
9.08776
10.0135
6.46319
7.8668
8.72213
7.73837
7.30239
8.55728
8.2449
7.09354
8.89626
7.03688
7.95929
9.30566
9.89157
8.82163
8.91512
7.32457
7.29321
8.29295
8.23378
7.29989
7.4197
7.42001
8.36737
8.71914
8.92089
7.36511
8.36064
9.04559
7.60613
9.21649
8.53029
7.98316
6.60516
7.83402
8.59484
6.95183
7.30646
7.56265
6.93151
6.89216
7.37092
7.30736
8.86169
7.73428
8.18365
8.2902
8.6111
8.60194
8.26175
6.99114
6.72033
8.27746
7.4222
7.20063
7.831
8.33917
8.56724
7.82153
7.70921
7.43624
7.43119
8.07821
7.45152
8.31595
8.27582
8.61696
8.71935
7.21384
7.3769
7.38478
7.0875
8.11297
8.33585
7.21164
8.38717
9.41196
10.217
8.73882
7.45417
8.46343
7.90951
7.80703
9.57302
7.59558
8.05186
7.13698
8.64529
7.14876
8.03845
8.21982
8.24396
6.89866
8.05341
8.17883
8.34969
7.48494
7.23253
7.24733
12.4521
7.89516
7.80549
8.07272
7.66847
7.42284
6.63681
8.86018
7.65127
8.50496
7.53585
8.05171
7.02537
7.34817
7.67003
6.91926
7.4331
11.3994
7.43394
6.80319
8.28092
8.51178
8.32713
7.6201
8.18904
9.08849
6.61014
7.6673
8.96903
7.89926
8.76298
7.24078
7.6153
8.31174
9.09819
8.27316
6.72455
7.12114
9.0187
8.12243
7.4676
8.23675
9.2405
8.01576
7.35104
8.83518
7.79927
8.27214
7.33613
8.48889
7.31995
7.90544
7.7737
7.18175
7.06853
7.29469
8.44411
7.76861
7.90153
8.52107
9.276
6.88713
8.53553
7.78132
8.52436
7.82548
8.70228
7.3001
9.47143
7.76875
9.40007
8.25666
8.21405
8.86638
8.59529
7.80055
7.99778
8.81906
8.12899
8.16542
10.1251
6.65629
8.85336
8.87335
7.72132
6.96312
7.89937
7.69202
9.62467
6.47145
8.89265
8.26161
8.69419
8.39006
6.84287
7.79238
6.71825
8.59047
7.25358
8.66594
7.97414
7.68367
7.55017
8.19306
8.25877
7.40744
8.37507
7.69636
8.60594
8.02396
7.70196
6.91789
8.68456
6.98981
9.70012
8.71587
7.61967
8.45074
9.39637
8.0079
8.53601
9.56011
8.69172
8.47986
8.53004
7.32954
6.97727
7.50421
8.51692
7.35486
7.90957
8.68699
7.7614
7.57161
7.50595
8.55027
7.38888
7.25721
8.58918
7.56464
7.41246
7.72726
8.52415
9.43727
7.46611
7.72825
6.67427
9.01115
8.87521
7.74408
9.07172
9.57225
9.2142
7.03682
7.54747
8.18493
7.74155
7.5409
8.61194
7.52793
9.38573
7.24048
8.62929
8.92279
7.6935
7.37343
6.90331
8.72469
8.88995
7.81104
7.48617
7.57193
7.40923
7.01957
8.28632
7.85136
8.34464
8.13301
8.92869
7.52583
7.10254
7.362
7.27394
7.24109
8.57446
7.71097
7.5164
7.93877
7.02649
9.04751
8.13187
8.88036
7.84815
7.26813
8.64788
7.84665
9.78714
7.4618
8.88743
8.00344
8.63522
6.36339
7.82672
8.46099
7.98074
8.83455
8.55801
7.45214
7.94822
7.09295
7.44492
7.34629
7.76902
6.94825
9.14397
8.06277
7.68962
8.13247
8.34565
10.0143
7.37827
8.88237
7.00418
7.57651
7.41279
6.89189
8.75564
7.26033
8.84953
8.04624
8.72849
8.86818
9.52617
7.39134
7.83801
7.78226
7.60035
9.40936
8.09549
8.17439
7.84569
8.54237
8.10863
9.38353
7.15921
8.71084
7.51691
8.68341
8.23782
7.41955
7.52887
9.33067
7.99287
7.91095
7.93239
7.64638
8.57929
7.31226
7.66301
7.16617
7.26863
7.87766
6.8092
8.41157
7.29917
7.19504
7.81642
7.39645
9.56178
8.34461
8.72355
7.50488
8.03041
7.49187
7.79647
7.80249
9.46131
7.07602
7.73071
8.55641
7.48004
8.44189
8.69755
8.58715
7.38089
8.63944
8.26533
7.96183
9.89443
8.45298
8.00169
7.52313
6.9989
8.86434
7.24551
7.41858
6.988
8.04266
9.04126
7.10531
7.96148
7.0142
8.68629
8.01708
7.64708
8.93927
6.73773
7.45244
8.77272
7.67143
8.68859
6.77594
8.43548
6.88512
8.561
8.4633
8.60202
7.33317
7.70131
7.88578
7.54342
7.16169
7.6876
8.22064
7.6362
8.79749
7.7916
7.75613
7.1679
6.74998
7.7481
9.24164
8.0639
8.3951
10.1139
8.94302
8.46186
8.4814
6.99769
8.69549
7.20923
9.49244
8.52179
7.6665
7.65067
8.23617
8.12899
7.31025
7.95096
8.14579
7.39491
8.50014
8.26991
7.11822
8.75098
8.35015
7.6922
7.45931
8.19926
7.63368
8.35417
8.01077
8.65755
7.84221
7.99598
8.17075
6.83387
8.07373
7.75425
7.72413
8.14087
8.42333
8.19269
7.10086
6.97532
7.95715
8.53741
8.63489
8.37764
7.84854
7.68618
8.29696
7.08149
7.46929
9.05108
8.32082
7.69181
7.97859
8.43746
7.50516
8.88837
7.46438
7.02521
7.98534
7.77909
7.51023
8.18326
8.18464
6.91323
7.91241
9.84056
8.8813
7.18026
8.91759
8.55527
7.66115
7.51477
8.9908
7.1648
9.29694
7.83958
9.12631
8.77751
9.5905
8.78392
8.50173
7.64246
8.77417
8.73994
7.49755
7.52218
8.47313
8.53538
8.04464
8.2777
8.12261
10.7315
7.80967
9.08345
9.35757
7.97381
7.96369
7.86892
9.19992
7.17529
7.24375
8.71638
7.46736
8.26917
8.34253
7.89003
9.7654
7.83704
7.53489
8.54143
6.92348
7.55891
9.54932
8.07059
9.11721
7.7127
8.18518
8.09714
7.48296
7.35467
8.49062
9.02585
7.33921
8.24282
8.05385
8.16268
9.33857
8.00838
9.20321
7.08197
7.35409
7.90926
8.71115
8.06618
8.02776
8.20248
7.9148
7.38571
8.24563
8.13899
7.90614
8.49911
8.49389
7.61609
7.57422
7.43204
7.35159
8.55203
8.8391
7.92301
9.77681
7.79559
7.17642
7.20382
8.85669
7.73114
9.82817
7.5043
7.79164
8.66029
10.6542
8.34057
7.40976
7.84648
8.30005
9.51939
7.74852
7.98304
7.094
7.94468
8.69493
7.91892
8.1609
7.75822
7.7829
8.05552
8.35037
7.89862
8.21202
7.98691
7.47487
8.12424
7.86746
7.26057
8.88313
7.47381
8.8069
7.26955
7.80835
8.79411
8.08439
7.11813
6.6149
7.58179
7.25144
9.1389
6.91601
7.90857
6.6774
8.03401
8.1471
7.1718
8.57152
8.85518
9.10469
7.38881
8.52649
6.92921
6.94823
8.21329
6.94287
8.49518
7.5883
8.20886
8.08
7.94981
7.64578
7.84216
7.17262
7.84389
7.50106
7.22128
7.96122
8.34802
7.65639
7.52027
7.4689
7.84999
7.08128
6.64767
8.72529
8.42572
7.85058
7.56686
7.5894
7.57227
8.00423
7.17979
6.85013
8.35614
7.10762
9.31493
9.00534
7.30528
7.30008
9.29672
8.58767
9.06436
8.15168
9.51672
8.53907
8.00658
8.08668
8.44164
7.63371
8.65813
7.38781
6.53701
8.17781
9.0791
8.25298
8.207
7.24789
7.7659
8.47838
8.09992
7.30964
8.64998
9.46521
10.3834
8.6125
9.33159
8.63651
8.01552
8.02035
8.29018
7.69243
8.51436
7.79597
8.24196
7.22864
7.74071
7.05368
7.9453
10.2715
8.52565
8.02949
7.73552
12.2862
6.97806
8.00281
8.72405
8.49757
7.31356
8.4522
7.13101
8.37868
7.90668
7.67157
7.20622
7.62985
7.29876
8.20738
8.2782
8.59967
8.38868
7.49299
8.22
8.45431
7.47231
8.28663
8.07656
8.40858
9.70144
6.73496
7.68203
6.8066
7.75661
9.11474
7.47464
7.40873
7.48359
8.6005
7.87954
7.14645
8.26141
8.46055
7.44883
7.42001
7.34639
7.6659
8.70682
7.9647
8.68965
7.99805
7.99364
8.24039
7.68247
7.99379
8.04844
7.35886
7.1841
7.46704
9.64656
9.99481
9.20932
7.21351
7.6016
8.35933
9.07725
8.74788
7.86795
7.95191
7.76491
9.60181
7.68628
8.13999
8.43368
7.05723
8.47504
7.76186
7.54222
8.28942
7.58927
7.52953
10.2357
6.99658
7.65407
11.0022
8.1627
7.65432
9.43965
8.00465
7.30024
7.99442
10.8474
9.06275
8.68799
10.6587
7.66602
7.72916
7.19367
8.76295
7.94982
7.72987
9.29541
7.95771
7.40512
7.03468
8.50153
7.94728
7.42066
8.69087
8.12359
7.83902
7.28268
7.19617
7.10058
8.03352
8.40786
8.11524
9.23707
6.93381
7.28795
7.0919
7.00116
7.73229
8.32499
8.35237
7.72033
7.27632
7.68904
8.41518
7.47907
7.82204
8.53376
7.64296
11.6314
7.53704
11.9059
6.98854
7.48987
9.65592
7.9395
7.47193
8.59679
8.29948
7.54316
8.21743
7.73224
8.15747
8.64311
7.75784
8.25772
8.05777
8.27473
8.40084
8.90416
7.38932
6.84048
9.18963
8.03085
7.00485
9.40163
9.32225
9.26858
6.95034
7.89107
8.25323
10.6249
8.40051
8.51117
7.95389
7.9152
6.79292
7.0574
7.47217
9.00044
7.23161
7.19108
8.92048
7.10633
9.98422
7.99335
7.72033
8.62813
8.4034
7.63927
7.09525
8.31149
7.84481
8.67378
7.65815
10.3401
7.67957
8.01087
8.49241
8.63226
7.68371
6.87448
7.30125
8.43308
6.89125
9.25202
8.87238
7.93629
7.63144
7.98118
8.26667
7.52404
9.03007
7.96342
7.97573
7.91373
8.13523
7.16629
8.46715
9.66353
7.5229
8.32203
7.28559
7.12982
8.40831
8.50538
7.91465
8.32294
7.77382
6.94245
6.9154
7.24731
10.2972
6.59468
7.98232
7.87948
9.05858
7.69017
7.91504
7.54217
8.00241
9.14429
8.30476
7.025
7.75794
7.69771
7.30753
7.87439
9.77491
8.01669
10.0412
6.86626
8.35497
8.34676
8.57677
9.57825
7.29802
7.69044
7.73981
6.98866
7.32353
7.68092
8.71734
7.89528
7.77131
8.45182
9.36515
7.57766
7.16146
7.21982
8.47563
7.21957
7.61743
8.12871
9.48224
8.04681
7.42347
7.91475
6.55326
8.27526
6.84222
7.54957
7.96231
7.84976
6.94039
8.74493
7.92379
7.68378
9.31235
7.52422
7.87945
7.42548
6.57913
8.34097
8.09409
7.64751
8.07068
8.20919
7.90021
6.89634
7.00345
6.60492
7.47257
7.47922
8.53066
7.69693
7.17041
8.19577
7.29592
7.43447
8.77698
7.341
7.8222
10.012
7.86339
7.5485
8.41495
8.02787
7.76013
9.95688
6.8558
8.80767
8.38197
7.67897
7.86729
7.3319
7.95778
8.23899
8.23407
8.11087
7.40316
8.11529
7.75436
7.3323
7.11841
7.96062
7.72756
7.82615
11.1568
8.77693
7.53809
8.21293
8.78059
6.85813
7.02429
8.11699
7.79814
9.41234
7.77119
8.06697
9.22377
8.01659
9.3727
12.0828
7.5957
8.07845
7.94427
7.98397
8.46031
7.103
7.73309
6.9172
7.48886
6.99229
8.60339
8.06647
7.10089
7.57541
9.47438
8.2316
7.01533
9.28051
8.02849
6.64535
8.30986
7.96354
7.55073
8.75519
8.14206
7.4528
8.22311
7.30694
9.06083
7.98019
8.42782
10.3203
10.6419
7.50222
6.81338
7.359
8.26132
7.04593
9.02382
7.49292
8.86897
8.41764
7.57103
10.0612
6.96212
8.58027
8.30001
7.59462
6.96973
8.21388
8.32114
10.6181
9.24386
9.82392
7.52052
10.2493
9.47504
8.57252
8.6724
7.9748
8.50681
8.42077
8.26312
8.03556
8.52675
8.46851
9.23957
8.14623
9.21594
8.00139
7.06596
6.70574
7.60745
7.35089
7.11502
8.16203
8.34637
8.76814
8.04453
8.65797
8.8356
7.71147
7.71203
7.46484
7.423
7.19422
7.84103
9.25935
7.84159
8.70092
7.58293
8.16755
8.44308
8.49949
7.48293
8.41381
7.60188
6.83817
7.75237
8.45553
7.72538
7.28985
7.14747
8.41022
7.06751
8.11333
8.38144
8.11497
9.71525
7.27711
7.93224
7.67643
9.31877
7.59981
7.65703
8.50686
8.63019
8.68922
8.93879
7.53609
8.03665
8.48079
7.2405
7.53582
8.461
7.06782
7.53659
8.60261
7.2039
8.0694
8.15929
8.83759
8.92999
8.15374
7.72516
6.82707
7.62748
7.67165
7.27205
7.26588
7.51939
7.5439
8.04064
9.5819
8.71659
7.35301
8.19863
7.40877
6.28604
7.30243
7.83102
8.25051
8.22607
8.89428
8.32483
8.50277
8.57807
8.01916
10.2772
8.68134
7.82464
7.68926
8.68133
9.96257
8.06737
7.94806
8.11002
7.9962
8.38968
8.53403
6.98367
10.9648
8.46547
6.50566
7.3812
8.15582
8.69804
7.62951
7.17989
7.20034
8.36719
8.4761
8.35183
8.48325
8.32036
8.80702
8.70374
7.09882
7.08723
7.53933
8.75613
7.34917
8.07608
7.31487
7.73167
8.34325
7.93554
8.61945
9.1699
8.51578
7.77866
9.8233
8.99614
7.06515
7.3883
7.6945
7.31042
9.18644
9.23893
7.76292
8.35187
7.85209
8.75639
7.94696
7.29901
8.03117
7.17693
7.357
8.85162
7.80749
7.9518
9.09129
9.46108
7.70234
8.23793
7.46837
8.17871
6.82398
8.25369
7.69112
8.48037
7.4464
6.93691
7.75692
7.24827
7.90529
8.2797
8.02831
7.74791
8.03619
6.88537
7.22055
7.19937
7.11201
7.65304
7.88501
7.37452
8.51025
7.5664
8.00101
7.11513
7.64891
8.00412
7.76946
5.97607
8.13537
8.22414
7.65921
8.60208
8.25643
7.62388
8.0116
8.86481
7.88781
7.92497
8.22742
7.75604
6.88648
7.92178
8.48883
7.86389
8.01806
7.4335
6.95808
9.10576
8.04162
6.75459
7.47067
7.28342
7.88413
8.50255
9.09479
8.84804
7.47497
8.19383
7.71556
7.14491
6.97203
8.6048
7.41677
8.73826
8.58716
7.94669
7.7143
8.37832
7.67528
6.87856
7.95474
8.74315
7.14211
8.59397
7.9166
8.21763
8.07561
8.91432
8.0864
7.50274
7.42851
7.49631
8.96508
7.83318
8.72146
7.62707
8.19515
7.12326
7.45712
9.03952
8.85699
8.33822
7.10918
7.40029
7.6269
7.9354
7.21138
7.79903
8.27584
7.2062
6.57695
7.75449
8.3554
8.91909
6.83912
7.83963
8.36195
8.18239
8.63376
9.00605
7.51407
7.35832
9.46365
8.06946
9.74748
8.44902
7.85051
7.21353
7.66302
7.40266
7.56267
8.73611
7.57486
8.171
7.63726
7.99518
7.62237
7.86938
7.73325
8.20689
8.84624
6.93003
8.09759
7.39269
7.2677
7.52835
8.52737
10.8915
9.43332
8.14107
7.82661
8.35022
7.64845
8.62987
6.93935
8.3928
7.85394
7.36882
7.34022
9.0101
8.37457
8.7036
9.34311
8.04693
8.10864
8.11353
7.94783
7.70298
7.40733
9.78344
7.26824
7.3212
8.7265
7.38193
7.82138
7.90008
7.07833
7.87364
7.33505
7.60217
8.32923
9.50565
7.4216
7.18795
7.90769
8.38386
7.14128
7.46741
8.03282
9.01532
8.68243
8.45307
6.9871
7.7607
8.22367
8.52726
7.9497
7.58451
8.30985
7.26658
9.51981
8.65074
6.9743
8.49605
9.47884
9.25195
6.94373
8.07327
6.96617
8.59771
8.19315
8.38073
6.63872
8.77826
7.99203
7.49936
7.99019
8.13068
8.33847
7.75591
7.82401
8.65487
8.49792
6.86402
9.24451
7.81561
8.29377
8.70747
7.64861
7.95172
8.34163
8.4952
7.95853
10.4303
9.66063
8.70612
7.96237
7.50055
9.22577
8.01325
9.35828
9.11823
10.1465
7.61078
8.15743
7.73181
8.17045
7.75705
6.55545
7.99443
8.79531
7.88897
7.43521
6.92097
7.99804
7.71038
7.67713
8.98986
7.48148
7.09894
9.04659
8.96006
7.40967
8.02097
7.53986
7.49244
8.28263
7.82964
8.46097
8.44127
8.26119
7.80984
7.28854
7.57466
7.07613
8.44997
8.83021
7.8688
6.67939
6.28257
7.75289
8.35303
8.13527
10.0279
7.02644
9.22812
7.47289
8.27629
6.93523
7.92315
9.69982
8.4434
7.59759
9.18948
8.6066
6.88043
9.13331
8.52873
8.02115
7.92984
7.88477
8.87716
7.38236
7.68281
9.21173
8.24555
8.22864
8.08418
9.19171
11.152
8.00504
7.3488
8.37081
8.35283
8.55361
6.89402
7.4035
8.98367
7.14124
7.65207
7.74393
8.97471
9.56182
8.37528
7.84121
8.92458
7.36399
6.52756
7.44581
7.3117
7.28212
8.16577
8.18677
7.87722
7.33426
7.48054
7.27005
9.01025
8.82454
7.22725
7.30732
7.67366
6.73761
7.28514
8.04041
7.41343
8.19618
8.77234
6.91319
8.04642
8.34457
8.75927
7.26446
8.84326
7.68106
8.50798
6.95473
9.93717
8.24859
7.14841
9.48053
6.84903
6.81689
8.676
7.78254
9.98716
7.4702
8.22985
6.90356
7.66721
7.69178
9.30104
7.4013
8.04569
7.03385
7.79038
7.96419
7.7667
7.53408
7.48307
9.17794
10.0856
7.53181
7.03639
8.06091
10.2976
7.83258
7.37828
9.08045
8.22986
8.88808
7.47372
8.41394
8.82749
7.2159
8.56748
7.14005
8.28366
6.54321
9.82112
8.48391
8.51793
9.72003
8.62212
7.24578
8.49923
7.0975
8.92189
8.34258
7.85989
6.73553
7.15624
7.91003
7.68029
7.7774
7.09681
8.24435
9.30317
8.48222
8.18654
7.25058
8.6481
9.78008
8.04786
7.21027
7.13454
8.90096
8.04676
8.42218
7.58337
9.41944
8.36909
9.88304
7.88024
7.18974
10.6826
7.30124
8.29852
7.98022
8.32003
7.28216
8.30778
7.30303
7.94495
8.51871
7.98185
9.95699
7.21808
8.00601
9.29914
7.16763
7.72479
9.73683
8.28333
8.25649
7.00687
8.44163
9.1168
8.12456
6.96375
8.7436
7.98215
7.31887
7.91288
9.49399
10.2201
8.97461
7.97928
8.29304
7.23118
7.69171
8.0958
10.5597
7.92872
8.32392
7.96782
7.28687
7.50885
7.58349
6.97747
8.62928
8.01198
6.87097
7.99827
7.4952
8.44682
6.91156
8.80889
7.74191
7.55837
7.75572
8.74394
6.81616
7.85283
7.48586
7.96677
7.47355
7.29648
8.12769
7.46884
8.11854
7.58325
9.00605
8.26807
8.80925
7.44187
7.59001
9.04996
6.47551
7.62896
7.63712
8.29373
8.01377
7.69869
7.99772
9.1479
7.9704
7.35962
9.57881
9.12204
7.86675
6.87389
7.07323
11.3215
7.57821
8.04211
10.5583
8.21748
7.41824
8.71964
10.4785
8.68037
7.67315
7.82996
8.77557
7.68252
7.62494
7.64122
7.54525
7.52352
7.73792
8.22438
8.45176
7.77445
7.17927
7.84632
9.50016
7.05769
7.04368
7.95404
8.61103
8.24068
6.85561
7.66399
8.48082
7.15853
8.63679
9.89741
7.79401
8.12156
7.61248
8.10868
7.32351
7.07199
9.00662
9.23635
8.62603
8.73892
7.20536
7.54018
8.8266
9.46881
8.24008
8.62746
7.81803
7.22476
8.62212
7.79034
7.08218
6.21709
9.35151
8.36423
7.89412
8.47903
7.00287
8.08028
7.50009
7.79461
9.18695
7.7397
8.22271
7.02522
7.16152
8.53198
7.67298
8.61442
7.68937
10.1673
8.24112
8.27915
8.45513
7.17797
8.38918
8.07334
7.49145
9.27909
8.4139
8.97736
7.09258
7.49769
8.00355
7.93394
7.72614
6.73366
6.61591
6.62697
7.89387
7.59565
8.23216
10.9286
8.15602
8.6982
8.72048
7.97532
7.95573
7.40262
8.46213
7.87048
8.23215
7.57162
8.60806
7.24888
6.65033
8.28641
7.05715
7.92172
7.86999
7.72108
7.60147
7.36848
9.36485
7.69695
7.96631
7.54922
7.11095
10.0534
8.4221
7.29896
8.26465
8.32442
7.6302
7.51625
7.7086
7.649
7.97576
7.26953
7.52771
7.42371
7.00609
9.12482
9.62205
7.66756
9.25816
8.22382
8.0093
7.0134
8.18066
7.10787
8.5812
8.64278
7.68622
7.48998
9.13162
7.38973
7.95017
8.77294
7.91342
9.53396
8.43079
6.46635
8.19224
7.84664
7.90578
7.69214
7.51935
7.23512
8.11948
7.86044
7.08274
7.76241
8.66127
7.82084
7.81722
8.78343
7.4368
8.62669
7.94589
7.85776
7.69529
7.59226
9.56712
9.09405
9.17893
8.1308
9.77843
9.30069
7.87434
8.04197
7.54169
8.5194
8.96585
8.37875
8.21063
7.18178
8.74336
7.77796
8.60416
6.78966
7.14737
8.04814
7.14943
7.84923
7.19993
7.13924
7.95536
7.46644
8.70554
7.04851
8.87089
7.84806
13.4143
8.48241
7.39466
7.34066
8.21556
7.72788
7.45014
8.32882
7.72702
7.02875
8.28393
7.96514
8.91931
7.72181
8.35789
8.32998
7.46594
8.9013
8.3322
10.4126
7.1659
9.6021
7.47983
8.61036
7.83779
8.31866
8.43224
8.81488
7.49438
7.16497
6.95459
8.18082
8.20145
6.60155
8.5132
8.44842
8.66558
8.14092
7.29994
8.74051
11.1239
8.61073
8.3274
8.25284
9.07395
7.5949
7.84733
7.96416
8.87647
8.51502
7.4978
8.62548
8.37381
6.94144
7.87613
10.0607
8.67197
8.90983
8.24667
7.99579
8.10953
11.5326
8.34775
7.60742
8.12909
8.54385
8.79928
6.84202
7.98659
7.42927
7.31804
8.34844
7.66518
7.24251
7.45789
7.81834
7.4958
9.81384
9.5923
8.36071
7.74006
8.11192
10.2411
8.98268
7.55076
7.01946
7.76265
8.19079
7.71452
6.92996
7.71704
8.27483
7.76248
8.28311
7.94752
7.88479
8.33396
8.00188
7.84697
7.92839
6.95031
7.46342
8.08083
8.4837
8.30811
8.22907
9.17089
7.99619
7.28522
8.65991
7.42261
7.72918
7.80878
7.82832
8.05495
7.8225
7.29633
6.52896
8.08694
7.38615
7.23477
7.63495
7.74258
8.18313
8.32411
8.71463
7.32548
8.05602
8.79924
8.76558
8.15962
7.86676
8.59324
7.53818
6.68686
6.74654
7.79791
8.19273
7.11063
7.92593
7.25895
8.40959
8.91197
7.71912
9.0447
7.29633
8.71622
7.65284
7.56618
7.24194
7.12363
9.19376
10.3791
9.28896
8.20254
7.5897
7.89272
9.53257
8.04175
7.79739
6.93941
7.93525
6.89923
8.51081
6.75936
7.51592
9.53828
7.64722
7.89202
9.74617
8.65032
7.07438
8.74901
7.09006
8.74015
7.0376
8.8826
8.64882
7.68965
8.63807
8.3362
7.98886
8.59799
7.80352
8.50201
7.81582
7.1372
7.20143
10.0163
7.37521
8.30973
7.15059
6.86942
7.74265
7.43031
8.47267
7.53073
7.564
8.04245
7.59518
7.52629
8.05648
7.80325
8.13411
7.78526
9.14345
7.97316
8.78363
7.91019
7.94764
7.61367
8.70682
7.50457
8.79908
7.12569
8.65918
7.22174
7.60399
8.1854
8.33258
8.0807
8.2998
7.51737
7.08114
7.98142
8.97564
6.91546
8.34077
7.91959
7.02528
8.05997
8.74532
8.68558
8.17896
7.98174
9.00284
7.32081
7.74748
9.27125
6.99577
7.99596
8.30495
7.94097
7.89099
7.67364
7.30631
7.34591
8.27416
7.0879
8.21846
7.56973
7.81254
9.36045
8.306
8.1759
8.655
8.25517
8.2509
8.49993
7.90843
7.32766
7.34928
7.8167
8.12233
6.84885
8.94861
7.70995
9.47602
7.89175
8.49667
8.80661
8.45749
8.4201
8.19822
8.94626
7.33925
7.63425
7.6749
8.09712
7.94929
7.2204
6.8785
8.95597
9.19299
10.0366
7.82663
8.41493
8.54742
6.64928
7.71671
7.75016
7.92397
7.73877
8.4562
8.51673
9.88371
8.39168
7.98405
7.59203
7.61994
8.00433
8.93802
8.40412
7.80723
7.92451
8.07905
9.49437
9.55744
8.80767
7.27149
8.30781
8.75398
7.40642
9.06657
8.39488
7.70124
7.5992
10.2635
6.68719
8.03789
7.49976
8.04131
7.06899
8.52218
7.94788
8.92845
8.39989
8.0404
7.8351
8.11424
9.83491
7.99749
7.78822
8.10943
7.41206
7.80925
7.03597
7.54995
7.87357
6.77243
7.78911
8.07094
7.50948
7.19586
8.66288
8.31727
7.66295
7.4734
7.30345
8.92245
9.45046
7.58976
8.63516
7.08158
7.30683
7.94754
7.21911
7.70144
7.49138
7.61514
8.28021
8.72507
7.25148
7.92564
8.21465
8.22996
7.67234
7.54292
9.15213
8.66547
9.13043
6.96148
7.77644
7.05943
7.58303
6.96996
7.73988
7.39627
8.76757
7.69236
7.19292
7.20688
7.99513
7.93863
8.05656
7.48563
8.73771
7.19383
7.77881
7.53742
8.21938
7.96931
7.44955
7.87086
7.10811
7.53091
7.29572
9.23194
7.85425
8.2308
8.65465
8.77173
10.3095
7.9777
7.83425
7.62045
10.034
8.20773
7.60699
8.15398
6.837
7.36576
7.43584
7.268
7.13826
8.14721
7.8282
7.62291
8.84044
8.43911
8.1405
7.77485
8.55397
9.20809
6.68537
7.79378
7.52336
8.09693
8.14966
8.92842
8.90365
7.56913
7.52962
7.61593
8.19394
7.58526
7.5612
7.44843
8.41941
9.37995
9.60729
9.14082
7.32686
7.2811
7.28707
8.0605
6.95062
8.84739
7.91486
7.70328
9.37202
10.5535
8.07857
9.12194
7.74329
8.44746
7.64557
7.23965
7.99138
8.33264
7.56086
7.90602
7.90442
7.32032
8.16013
7.91362
8.11922
7.40033
7.20211
11.4511
7.90167
7.06987
7.31468
7.09859
8.08594
9.11358
7.0248
7.52446
8.45145
7.94383
7.28453
7.58365
7.18441
8.12723
7.44616
7.50812
7.89317
9.36858
9.36257
6.80983
8.01236
8.65178
7.45236
7.7407
7.37138
8.35666
7.42923
7.30604
7.23104
9.2449
8.27851
7.73496
8.19378
7.20798
7.76844
7.95104
8.21269
7.43935
9.24791
9.2107
8.53659
7.51897
8.71629
6.97654
7.57718
8.78814
8.30452
8.83706
8.17474
8.90975
7.28792
6.93608
7.92866
8.06739
8.1486
8.90466
8.26131
6.96318
10.0494
10.4231
8.67249
8.64032
8.0732
8.13616
7.07882
7.72403
6.7963
7.54669
8.83482
8.46532
6.63828
8.17865
7.35012
7.5333
8.36403
8.63636
8.75358
7.89775
6.94529
7.39769
9.42294
9.46659
8.32232
8.169
13.537
10.4541
8.95742
7.73008
8.11746
7.44946
8.49737
7.45824
8.95917
7.67609
7.79195
7.70448
7.61615
8.59743
8.13307
8.43516
8.19004
7.06211
7.46465
8.00177
6.9051
8.59537
7.95065
7.8805
7.7632
8.17159
8.12213
7.25791
6.67283
7.15334
8.53469
7.50182
8.4397
8.62321
7.85925
8.52434
8.44941
8.55181
8.36107
6.87353
7.68923
8.51416
8.0422
8.18923
7.53183
7.1648
7.23417
7.19204
7.86992
8.86251
8.39353
8.6586
7.47568
7.34847
8.24483
9.33553
7.19969
8.94173
7.34899
8.53703
7.72499
9.76587
8.24052
8.26595
7.90579
8.27792
7.21095
8.84121
8.35225
8.33735
8.8287
8.04684
8.63403
7.81448
8.53158
6.41491
8.77707
7.20723
7.26797
8.53596
9.16802
8.08506
7.42162
7.61875
9.42253
6.87493
8.38836
7.61283
7.04984
8.48745
7.28971
7.52144
7.7414
7.51356
7.55814
7.03003
7.46833
8.8487
6.77163
7.77688
8.14427
7.62187
7.4157
8.25825
7.58482
8.98873
8.18763
9.10296
8.36572
9.03423
7.60332
8.28648
7.61714
6.88099
9.65718
8.19094
9.15393
7.33375
8.16377
8.10411
7.73428
7.97695
7.00486
7.18445
8.57979
7.24957
9.14208
8.21801
7.77821
10.7216
7.12174
8.11984
8.94416
9.09448
7.65216
8.1621
8.15388
7.78648
7.28125
7.70673
7.98867
8.3955
7.66402
7.18522
9.02694
8.22948
8.51156
7.52292
6.52813
7.93138
9.4241
8.10959
8.00646
7.66326
7.37736
7.04366
7.84819
7.67198
8.77879
8.70945
8.29449
7.81889
8.43402
8.56909
7.83474
8.87408
7.87935
7.88799
8.24489
9.37544
8.09133
7.381
6.34017
8.04383
7.67555
8.49441
8.30243
8.17795
6.95903
7.23982
7.84495
8.00364
7.574
9.50718
8.57829
7.61954
8.24189
8.23543
7.04643
7.73929
10.2098
7.60865
9.84991
8.45838
8.02481
7.12764
7.58621
7.04207
7.90091
7.68892
8.52948
8.79021
7.93998
7.25676
8.25871
7.42811
7.36157
8.3631
8.3287
9.58128
8.12593
8.73016
7.77274
8.34764
8.13993
9.26807
7.65724
8.60397
7.14603
8.20838
6.82108
10.2479
8.06135
8.25987
8.49519
7.54024
8.10201
7.9344
8.72826
6.91113
9.403
8.63141
8.22139
7.97124
9.47316
9.047
7.48318
7.37647
7.79942
9.86861
6.77398
8.80152
8.70321
7.86884
8.35468
6.97809
8.72968
7.89698
7.94994
9.49531
8.50706
7.18954
7.70357
8.06725
7.43872
7.25605
7.71785
7.71909
7.62187
9.20159
8.0529
7.96126
9.25137
7.85771
6.34841
6.94607
8.98717
7.05265
7.4097
8.39093
8.18918
7.38984
9.0686
7.13248
7.70056
8.53571
8.34861
8.28182
7.21003
8.05488
7.6449
8.00115
7.36983
7.76013
8.18898
10.248
7.32361
8.72197
8.49817
7.62614
8.53291
7.31359
7.50319
9.77749
7.81454
7.46695
7.74193
7.83899
7.51808
8.56399
7.65242
9.356
8.72549
7.79531
7.72081
9.26634
8.40779
6.48906
7.46713
7.73046
7.53966
7.53056
7.38572
6.76553
7.98525
7.47009
6.95017
7.31862
8.70613
7.97322
9.3877
8.09956
7.47891
7.73928
7.65666
8.11492
8.61494
7.08637
7.69505
7.85842
8.41143
6.87165
8.66934
7.41725
7.48024
8.62978
7.48523
7.82472
7.54177
9.59394
7.17852
8.89719
7.80044
8.3223
8.05221
9.70566
7.7029
7.52502
7.43658
9.7525
7.67056
10.56
8.54308
9.73023
8.7158
7.87527
8.49272
7.1943
8.48926
9.18384
7.05787
7.84072
8.09082
6.83263
7.4748
7.70412
8.34864
8.24525
7.44942
7.47386
8.19137
7.62493
7.99723
7.98185
7.83239
7.87978
7.33301
7.62997
6.89291
7.80094
7.38297
8.70764
8.60075
7.39477
7.83823
8.10528
8.49404
7.98943
7.46308
8.37075
7.4649
7.42563
10.7153
6.92416
8.1012
7.46555
8.27207
7.48148
7.61938
7.73142
7.22174
7.99664
9.02418
8.48567
8.07845
7.01183
7.25598
7.28319
7.7276
8.01619
9.00153
7.95211
9.16952
7.44868
7.6993
8.94259
6.98554
7.09598
7.02419
7.61405
8.18807
8.12022
7.66684
8.58936
7.82529
8.76481
8.13801
8.41991
8.90111
10.1063
8.31144
8.46666
7.67537
8.21372
6.83761
9.21834
7.40324
8.06991
7.54993
8.04064
7.70493
8.31614
7.43447
7.47812
7.66476
10.0327
6.94242
6.95805
8.60322
7.21962
8.80478
8.46743
8.71602
7.7484
7.64328
9.87912
7.66348
7.51506
7.93547
9.45312
7.03319
7.89282
7.40788
8.96451
8.76999
9.51589
7.608
7.65586
6.98829
7.74638
6.48363
7.58922
7.70641
7.84073
10.0435
7.91845
8.7906
6.64583
7.83347
8.36277
7.79148
8.43866
7.28031
8.51162
7.46297
8.66659
7.15904
7.35523
8.98457
7.95296
7.08879
7.25454
7.45828
7.18797
8.37851
7.88873
8.44633
6.8257
7.49592
9.01937
8.14852
9.29996
7.7663
9.53473
7.82709
7.85184
8.37176
7.87658
8.75012
7.25778
7.44096
8.51603
6.85073
7.79884
8.23691
8.66164
7.15968
10.7593
9.49925
7.52553
9.446
8.97448
7.68807
8.58664
7.6321
9.51004
7.90517
9.47099
8.44363
8.36621
9.47856
9.70406
7.44973
7.32041
7.1409
8.51276
7.41816
6.8492
9.4632
8.08623
8.48562
7.6014
8.10106
8.91977
7.29081
7.73866
7.85899
8.01035
8.0686
8.21509
7.683
7.43471
9.04325
7.56196
9.81311
8.6913
9.10309
7.08871
14.4545
8.01638
9.4346
8.70185
6.9921
6.81568
8.14673
7.69722
9.84285
8.35348
7.77378
7.48138
7.50557
7.9666
7.74359
9.44983
7.77169
7.72485
7.34014
7.10376
6.55488
7.09523
7.96228
7.33744
7.42702
8.35335
8.2173
7.66545
7.4018
8.4514
7.57087
8.8796
6.90385
8.21891
8.72616
8.26988
7.51406
7.35036
7.49914
8.53727
8.01991
8.01794
8.19831
7.37029
8.14377
8.70738
7.89209
8.00744
7.5713
8.65675
6.77754
8.90582
7.43909
8.00832
9.31349
7.16555
7.72014
8.30282
8.93764
7.2608
8.25194
7.90073
7.69287
7.79635
8.26987
8.09961
7.1398
8.28287
8.66688
8.28762
7.9021
8.03607
8.23459
8.34195
7.24972
7.59292
7.27575
7.60877
9.04891
9.65697
9.43001
8.29011
7.98981
7.58599
7.81626
7.76309
7.48988
8.13032
8.46544
8.38378
8.31678
7.35767
7.04453
8.63096
7.36406
9.18049
7.42869
7.41517
6.77526
8.14919
8.69932
7.83657
8.17283
8.99399
8.25986
8.08448
6.88524
6.55958
8.30145
8.36506
8.61897
6.83115
8.34221
8.69931
7.33907
7.05339
7.92211
7.379
8.03857
7.74174
7.35055
8.26352
8.23783
9.0012
8.19473
8.56488
8.26478
6.90674
7.49717
8.22017
7.69978
8.0522
7.98893
7.55374
8.1255
8.34606
8.78974
7.24349
10.2095
6.89524
8.51812
7.67635
7.62988
7.68139
8.57171
7.12694
6.98892
8.13479
6.90607
9.64081
7.11061
8.14626
8.04641
7.92537
7.42692
7.62277
7.95132
7.86275
7.08579
7.82118
8.33968
6.8838
8.85196
8.21924
8.10419
7.3487
8.10686
7.88627
6.82479
7.18082
8.16529
8.42377
7.71468
7.54073
6.79306
8.86194
7.66421
7.23184
7.61678
7.89116
8.63255
8.86037
7.80906
8.32815
9.12589
8.76316
8.08273
7.56254
8.66094
9.15294
8.44114
9.19887
7.50637
8.22396
7.58253
7.74271
8.15102
7.29138
7.8052
7.47278
6.58414
8.51763
8.20105
6.98822
8.14407
7.32199
8.51568
8.0594
6.73442
8.38528
9.13654
7.4639
7.71661
7.37144
8.40552
8.36252
7.19811
8.1763
8.34979
8.20995
7.79915
9.02026
7.94209
8.07941
9.64788
9.82876
8.10598
7.76063
8.32797
7.9364
9.24946
7.35116
7.78299
7.33543
8.38729
8.72944
7.97906
6.6839
7.69219
7.56935
8.74244
10.5677
8.03298
9.53052
9.16887
8.48018
9.34033
8.5795
8.38393
9.26558
9.26902
7.65163
7.13867
8.5923
8.35507
7.57721
7.5347
8.06711
8.15438
7.28528
7.8027
8.43575
8.08178
7.41479
8.13946
7.32535
7.51084
8.75938
7.73558
7.45048
8.65179
7.12142
7.83429
6.9549
7.94926
7.29731
7.04571
8.25965
6.73267
7.87754
7.21511
8.09417
8.54729
7.23574
8.12238
8.74971
8.40657
6.9578
8.44121
8.78057
7.39864
7.70753
7.12731
8.13041
7.95165
8.25958
7.2178
7.46806
7.97988
7.38369
6.69504
7.63308
9.98918
8.0775
8.17644
8.61155
8.51144
8.3781
7.90782
7.82014
7.99038
8.80835
8.70978
8.9212
7.58441
8.89549
7.51485
8.08921
7.12832
8.41185
7.94469
7.63085
8.31105
7.17206
9.16046
6.75912
8.29899
6.48174
8.82196
7.37637
8.8092
8.37344
7.49533
8.26018
8.03354
7.30953
7.70512
9.30522
8.17522
8.19734
7.64129
7.90799
9.12591
7.64012
7.36403
7.0221
8.65197
7.73432
9.06954
8.61924
7.59512
7.32228
7.70849
7.91345
9.84095
7.47163
8.187
9.48398
8.37503
7.32126
8.97605
7.60783
7.58022
7.66551
9.26716
8.61294
9.0737
9.23281
9.01498
7.40991
7.83796
7.93724
6.78279
7.20795
8.05604
7.30897
8.44273
8.26203
7.19379
6.68258
7.80764
9.16428
8.5198
7.22177
6.96992
7.84852
9.48106
9.12619
7.65319
7.39595
7.68957
7.92976
7.61472
8.91488
6.76447
7.87022
8.60156
7.50578
9.0797
8.20886
9.66521
8.11384
8.48866
8.97935
8.09235
7.20972
7.92846
9.46154
8.13253
7.02121
7.83063
8.61061
7.51844
7.77974
6.67437
7.63171
7.51148
6.84208
7.77829
10.0952
8.75502
8.46486
8.27095
9.46964
7.6245
7.74496
7.46947
7.8306
7.74876
8.2053
7.68837
6.9994
7.30611
7.20419
8.17342
6.90184
7.58239
7.8876
7.94909
7.78158
7.41864
7.06109
7.56455
7.69823
8.45976
7.53113
8.99615
8.5423
