4.50184
4.15281
4.3159
4.86793
4.90486
4.89471
4.59993
4.67394
4.519
4.52447
4.00073
4.51239
4.70979
4.48478
4.77065
4.45545
4.61383
4.34066
4.13209
4.50363
4.90332
4.6223
4.37437
3.99214
4.74557
4.63399
4.76812
4.83376
4.47507
4.7118
4.7977
4.55996
4.69356
5.13142
4.37781
4.92437
4.87455
4.51444
5.34535
5.05838
4.26328
4.26775
4.15015
4.57495
4.52452
4.22303
3.98237
4.9831
4.28081
4.73057
4.7722
4.1595
4.84208
4.59526
4.27178
4.65536
4.45854
4.40346
4.44382
4.98112
4.48348
4.21695
4.61032
5.27935
4.17234
4.07158
4.09839
4.53884
4.16605
4.37166
4.58529
4.5668
4.8643
4.57384
4.34064
4.63132
4.16916
4.70506
4.70476
4.66753
4.31829
4.34364
3.93336
4.75013
4.16173
4.8034
4.10427
4.80697
4.27921
4.19487
4.45363
5.39561
4.48467
4.46824
4.61865
4.47814
4.29203
4.85283
4.22212
5.08761
4.28292
4.5543
4.68701
4.56695
4.22039
4.89608
4.52488
4.80047
4.21299
4.41794
4.29521
4.39184
3.95548
4.82591
4.83232
4.24855
5.03621
4.39773
4.00098
4.53094
4.70155
4.48613
4.43225
4.85278
4.40194
4.57605
4.06755
4.18657
4.64069
4.10504
4.07478
4.80965
4.31472
4.35345
4.38086
4.76326
4.25023
4.3135
4.71424
5.03419
4.51961
4.8601
4.6935
4.41169
4.13817
4.05904
4.90237
4.32051
4.35719
4.37304
4.66096
5.00446
4.23636
4.10438
4.39154
4.60531
4.54693
4.2841
4.56117
5.10836
4.62338
4.73045
5.70567
4.11802
4.3447
4.32534
5.42922
4.93078
4.94742
4.00254
4.3734
4.0304
4.00491
5.30021
4.3446
4.44316
5.00179
4.89687
4.24517
4.42655
4.40357
4.82054
4.62979
4.59087
4.98584
4.11185
4.29638
4.23194
4.79564
4.61473
4.90992
4.22235
4.78246
4.35996
4.59597
4.43298
4.79948
4.72184
4.098
4.19872
4.86445
4.62358
4.37409
4.88981
4.33613
4.8121
4.37684
4.64815
4.46088
4.5257
4.25409
5.1715
4.31734
4.28527
4.56955
4.51627
5.29769
4.67305
4.24523
4.35623
5.59379
5.05185
4.25622
4.75408
4.61542
4.61984
4.81608
4.44865
4.1008
4.68645
4.69049
4.32978
5.09775
5.02736
5.48709
4.57606
3.91275
4.22306
4.16888
4.94827
5.34768
4.65269
4.22888
4.46718
3.84331
4.35186
4.74789
4.27286
4.37388
4.82198
4.34773
4.55602
4.82984
5.35933
4.26569
5.00459
4.46656
4.31318
4.25445
4.83226
4.52427
4.36596
4.36024
4.26163
4.70714
4.64103
4.85107
4.91142
4.30366
4.69739
4.23875
4.40069
4.42077
4.59666
4.06005
4.89365
4.44516
4.61626
4.98942
4.68451
5.02269
3.93443
4.50889
4.3685
4.54927
4.37971
4.5012
4.59227
4.88419
4.07669
4.17832
4.38643
4.35872
4.60317
4.55054
5.36347
4.46187
4.451
4.45294
4.44599
5.25335
4.55386
4.44379
4.37521
4.43497
4.45753
4.38709
4.70704
4.05359
4.56823
4.39834
4.29654
3.93919
4.89649
4.23478
4.60968
4.54836
4.60303
4.08808
4.83099
3.98649
4.40132
4.06671
4.45841
4.38087
4.74367
4.6047
4.56766
4.96311
5.13429
5.24835
4.59738
4.18788
3.98091
4.48364
4.25898
4.92378
5.14848
4.46627
4.00336
4.55301
4.3299
4.23424
4.64876
4.24117
4.24871
4.74635
4.94856
4.79856
4.87168
4.65418
4.07601
4.50089
5.58879
4.36808
4.8648
4.45496
4.27167
4.99751
4.84733
4.58055
4.44291
4.61983
4.35552
4.51502
4.65288
4.37297
4.57332
4.54383
4.26392
4.5441
4.8769
4.47638
4.05171
4.90436
5.24723
5.17888
4.51068
4.33028
4.1808
5.02152
5.08761
4.96466
4.82918
4.0512
4.56921
4.54563
4.11683
4.51426
4.84373
4.40927
4.17896
4.28889
4.46546
4.4794
4.61545
4.70002
4.7595
4.40056
4.81983
4.4859
4.26653
4.42061
4.58681
4.29671
4.58004
4.4137
4.59726
5.09647
4.732
4.58228
4.21184
4.44619
4.27163
4.48446
4.2031
4.62448
5.13735
4.27658
4.43364
4.22131
4.5871
4.90519
5.07148
5.00755
4.43049
5.02587
4.08719
4.58781
5.13032
4.70787
4.66335
4.54886
4.17674
4.33302
4.5058
4.65389
4.09982
4.1712
5.04303
4.56938
4.70381
4.49195
4.24403
4.7072
4.50489
4.36813
4.42358
5.08449
4.20923
5.6362
4.71379
3.98266
4.62029
4.75111
4.31655
4.27158
4.50519
4.90232
4.27869
4.48482
4.83273
4.55822
4.45104
4.30583
4.184
4.28151
4.53256
4.37737
4.87127
4.34796
4.52735
4.33558
4.62862
4.90629
5.02443
4.94667
4.63804
4.34634
4.53304
4.64002
4.73046
4.59142
4.70206
5.10552
4.72034
4.62885
4.62998
4.4035
4.61444
4.64068
4.45673
4.74403
4.15936
4.75288
4.94874
4.7822
4.42267
4.30506
4.29468
4.8655
4.21522
4.15955
4.02869
4.85279
4.88165
4.61106
4.51875
4.36303
4.36131
4.42014
4.19171
4.99265
4.6755
4.39749
4.69411
5.16223
4.44429
4.01243
5.25384
4.4985
4.35728
4.31205
4.44093
4.32444
5.09601
4.21473
4.48226
4.24651
4.7245
4.75729
4.86456
4.35924
4.40904
4.51243
4.3838
4.35671
4.96697
4.57885
4.2565
4.5661
4.54481
4.49675
4.45386
5.19719
4.80961
4.53633
4.50781
4.7781
4.14611
4.57121
4.76913
4.6514
5.04246
4.65574
4.47584
4.2886
4.63711
4.4103
4.81686
4.85712
4.28844
4.55249
4.74114
3.88837
5.34284
4.80256
4.4669
4.65546
4.1511
4.50451
4.20705
4.56777
4.27801
4.77859
4.81512
5.03438
4.47141
4.57461
4.89614
4.64134
4.36339
4.80143
4.54232
4.13871
4.43387
4.89802
4.67035
4.49702
4.70474
4.37394
4.63327
4.62293
4.24364
5.15845
4.7343
4.68491
4.79703
4.35062
4.57561
4.28575
4.39389
4.24883
4.6537
4.28133
4.4686
5.07163
3.97469
4.68852
4.54141
5.24377
4.13954
4.9214
4.27746
4.17213
4.68713
4.1989
4.27982
4.07313
4.56782
4.58997
4.68905
4.46301
4.46715
4.57364
3.89863
4.90505
4.27879
4.64814
4.57642
4.38273
4.79155
4.65574
4.59564
4.23847
5.18588
4.41568
4.74307
4.85577
4.73171
4.61901
4.58655
4.51151
4.773
4.16743
4.42984
4.57822
4.4292
4.51187
5.17844
4.05821
4.97419
5.08677
4.7302
4.96049
5.16204
4.63975
4.54289
4.53795
5.8157
4.77785
4.37493
4.51291
4.99892
4.56851
5.41107
4.43016
5.13867
5.08539
4.85179
4.73703
5.34427
4.72164
4.97829
4.50917
4.52876
5.99038
4.6981
4.32856
4.4818
5.10645
4.84807
4.05288
4.35544
4.95649
4.33572
4.77437
4.37326
4.23665
4.84395
4.509
4.50125
4.43139
4.17414
4.55758
4.49521
4.97664
4.8473
4.74619
4.60069
4.65244
4.50216
4.46482
4.49131
4.47859
4.29798
4.21121
5.0298
4.19843
4.64769
4.61654
4.227
4.25441
5.25192
4.69559
4.48506
3.99629
4.61105
5.4539
4.77992
4.43316
4.3695
4.01523
4.49098
5.19193
5.86612
4.60784
4.34346
4.30082
4.44135
4.60157
4.76527
5.2114
4.91209
4.52494
4.401
4.7196
4.45191
4.82309
4.66667
4.7006
4.47508
4.2497
4.33294
4.22353
5.03294
4.79828
4.4392
4.8448
3.996
5.32436
4.63381
4.07774
4.03718
4.60068
4.26794
4.51391
4.18025
5.13804
4.47048
4.73625
4.8306
5.13669
5.21351
4.42307
4.54509
4.2313
4.28228
4.87674
4.43512
4.52895
4.24495
4.20643
4.23955
4.67233
4.55997
4.56727
4.37014
4.60528
4.6684
4.61122
4.89878
4.8609
4.75591
4.54533
4.41463
5.66902
4.26964
4.65564
4.64724
4.5741
4.11716
5.11492
5.09105
4.65351
4.80894
4.528
4.45875
3.9995
4.00815
4.41454
4.65734
4.5432
4.90236
5.60821
4.2391
4.50009
4.77972
4.93056
4.58347
4.8499
4.65515
5.191
4.27255
4.99351
4.90365
4.27358
4.21418
5.05744
4.16742
4.82058
4.75107
4.26072
4.53834
4.4457
4.44113
4.66753
4.36741
4.38244
4.89412
4.94018
4.99599
4.59339
4.27543
4.771
4.4293
4.59839
4.65159
4.82851
4.26507
4.90577
4.08763
4.85659
4.3218
4.35003
4.90615
3.8985
4.23011
4.37569
4.5041
4.85842
3.88505
4.72161
4.94417
4.64821
4.47126
5.22526
4.68742
5.10086
4.67499
4.63417
4.46607
4.42522
5.23506
5.11179
5.53484
4.90694
3.90376
3.90438
4.80289
5.32983
4.53467
4.69575
4.6421
4.40266
4.70539
4.76188
4.84179
4.67545
4.52142
4.43521
4.24495
4.70636
4.49165
4.43579
4.71064
4.51149
4.80255
4.62113
4.48358
4.63118
4.5211
5.5684
4.33845
5.01948
4.43465
4.36111
5.05647
5.31422
4.75659
4.65612
4.84163
4.22563
4.28537
5.1394
4.42549
5.04734
4.66692
4.32339
4.40794
5.18666
4.89949
4.19756
4.63086
6.16036
4.32486
4.39626
5.15461
4.10287
4.17377
4.067
5.04824
4.4958
4.66566
4.34083
4.48678
4.98644
4.75404
3.80851
4.39598
4.81966
4.19822
4.41114
4.30756
4.36783
5.06053
4.32764
4.369
4.16916
4.56905
4.71139
4.19946
4.78719
4.79733
4.54618
4.27501
4.56212
4.01642
4.38345
4.62501
4.31887
4.54756
4.81268
4.40483
4.37065
4.76589
4.28753
4.76877
4.48191
4.2866
4.2991
4.32216
4.70298
4.1781
4.11594
4.56751
4.34894
4.06472
4.22313
4.52181
4.5573
4.56593
4.75641
4.57227
4.20235
4.99292
4.68394
4.53293
4.28198
4.40215
4.26446
4.53068
4.42377
4.52922
4.30655
4.55325
5.15452
4.35286
4.4041
4.66001
4.27223
4.27043
4.7584
4.59984
4.65488
4.18909
4.97901
4.34162
4.57415
4.29014
4.53675
4.48978
4.6206
4.60713
4.70214
4.32274
4.30892
4.73546
4.62803
4.56596
4.53431
4.40244
4.59102
4.84746
4.65794
4.57256
4.91899
4.63235
4.5575
4.73053
4.60394
4.30175
4.10889
4.68944
5.01213
4.48772
4.18231
4.89607
4.38267
4.54325
4.20743
5.00543
4.54055
4.57422
4.55243
4.61031
4.89876
4.40152
4.9701
4.30573
3.94307
4.06641
4.45329
4.34131
4.4784
4.71885
4.74466
4.51798
4.3759
4.13142
4.21351
4.62965
4.92402
5.22049
4.22005
4.80764
5.3359
4.70596
4.22908
4.74226
5.10179
4.3665
4.73246
4.41367
4.64535
4.14109
4.77942
4.7395
4.74267
4.55677
4.74619
4.74578
4.45276
4.57701
4.60688
4.84448
4.65521
4.95076
4.84648
4.24831
4.77062
4.88509
4.35639
4.34439
5.14159
4.64933
4.6026
4.7492
4.87366
4.41521
4.19585
4.61626
4.4897
4.31536
5.00728
5.09414
4.66238
4.7698
4.51564
4.8538
4.49754
4.26483
4.73385
5.15772
4.15205
4.22542
4.73881
4.58972
4.57373
4.77086
4.29134
4.3493
4.76279
4.09053
4.40878
4.76106
4.30219
4.74571
4.47474
3.93591
4.19467
4.48648
4.63311
4.35245
4.60301
4.84015
4.61897
4.22279
4.87625
4.40141
4.6278
4.54403
4.23446
4.67121
4.6834
4.89755
4.53662
4.59169
4.82546
4.973
4.62735
4.46675
4.98574
4.54926
4.63225
4.30127
4.85223
4.55481
4.25843
4.35074
4.86665
4.76471
4.77569
4.44483
4.38738
4.66059
4.83814
5.14994
4.39262
4.72356
4.35634
4.35257
4.52954
4.5595
5.54275
4.61097
4.48082
4.25493
4.51762
4.68871
4.41801
4.00888
4.60743
4.8152
4.06597
4.58086
4.21317
4.88403
4.96506
4.28383
4.43717
4.49736
5.19075
4.79897
4.5512
4.58473
4.61287
4.83821
5.18233
4.12212
4.81854
4.31831
4.58282
4.47801
4.06855
4.76595
4.52722
4.23809
4.97792
5.22949
4.56454
4.22499
4.69357
4.55808
4.21119
4.82998
4.77416
4.57907
4.236
4.49056
4.706
4.84678
4.56974
4.53525
4.43607
3.82345
4.54629
4.61507
4.42035
4.93407
4.37405
4.31999
4.82457
5.037
4.4952
5.21393
4.4724
4.31342
4.4209
5.0474
4.73454
3.92836
5.6465
4.77218
4.69613
4.93954
5.14868
4.27073
4.50624
4.32582
4.89333
4.77118
4.19437
5.07448
5.0915
4.33828
5.21483
4.69417
4.26732
4.5473
4.27748
4.55053
4.55546
4.44019
4.79185
4.78364
4.10814
4.77683
4.50248
4.4134
4.39411
4.26559
4.78561
4.54686
4.96568
4.42307
4.57423
4.47135
3.97557
4.65227
5.15529
4.25921
4.56188
4.10441
4.52234
4.59942
4.38961
4.45706
4.36064
4.15292
4.60123
4.59238
4.24494
4.87198
4.75772
4.5624
5.34981
4.63757
4.55915
4.76972
4.26566
5.1003
4.88582
4.29576
4.48553
4.34504
4.60279
4.05649
4.80581
4.65847
4.46589
4.44445
5.18638
4.7028
4.48901
4.82527
4.95526
4.27524
4.22376
4.65752
4.76851
4.53093
4.1909
4.53879
4.81731
4.26036
4.35157
4.93331
4.53882
4.35529
4.31969
4.36998
5.12541
4.34523
4.40119
4.77297
4.7659
4.42478
4.33539
4.54604
4.64324
4.52993
4.69536
4.48258
4.78599
4.71093
4.81488
4.42339
4.41256
4.49644
4.46254
4.96983
4.721
4.69319
4.23377
4.53132
4.61109
4.71699
4.37258
4.53359
4.40401
4.21819
4.83773
4.24167
4.76131
4.15624
4.42077
4.66744
4.65619
5.2031
4.32975
5.01475
4.70847
5.06093
4.30188
4.9158
4.2539
4.45104
4.50148
4.28827
4.6071
4.30841
4.42791
5.03953
4.48923
4.75778
5.15158
4.94117
4.58243
4.88543
4.49768
4.43617
4.13991
4.38024
4.62872
3.9747
4.36575
4.63644
4.30973
4.58522
4.89784
4.16235
4.33259
4.74148
5.1347
4.61859
4.36506
5.07335
4.90539
4.7127
4.54555
4.47709
4.24726
4.82527
4.58615
4.4121
4.6928
4.80036
4.6526
3.8462
4.90137
4.48645
4.75879
4.22041
4.37637
4.60274
4.2847
4.2125
4.43752
4.37119
4.56267
5.01508
4.36718
4.50229
4.27562
4.75397
4.53904
5.32468
3.98614
4.77865
4.50566
4.54295
4.47627
4.48947
4.89664
4.64739
4.43501
4.73093
4.4739
4.22363
4.3283
4.73847
4.56889
5.2761
4.29489
5.30636
5.9949
4.29987
4.40533
4.8414
4.4834
4.31515
4.30538
5.37355
4.467
4.22101
4.51164
3.92523
4.67444
4.56219
4.51186
4.74304
5.06424
4.2441
4.56643
5.77476
4.89685
4.52611
4.46879
4.33055
4.12741
4.84357
4.76761
5.06443
4.44526
4.60884
4.64239
4.75826
4.65763
4.37198
4.35276
4.84837
4.17455
4.51451
4.41563
4.2604
4.17451
4.36875
4.45551
4.25919
4.66523
4.26501
4.24547
4.05683
5.36714
4.1659
4.48726
4.18698
4.34815
4.53647
4.01438
4.50489
4.72175
4.55603
4.74988
5.44099
4.55086
4.28402
4.55628
4.76225
4.15945
4.97993
4.47973
4.7068
4.96343
4.63585
4.98241
4.42451
4.89578
4.42586
4.2664
4.58123
5.13847
4.50516
4.1668
4.61327
5.31896
4.7587
4.64511
4.91421
4.52158
4.14066
4.98179
4.44242
4.33376
4.38335
4.40153
4.44549
4.90257
4.55726
4.6079
4.95534
4.88521
5.05554
4.41396
4.17448
4.22427
4.52166
4.81343
4.23129
4.61255
4.49518
4.0148
4.47226
4.81439
4.72981
4.95012
4.79249
4.80012
4.90256
4.75014
4.85932
4.40365
4.99204
5.21009
4.39383
4.29236
4.43113
4.41212
4.31756
4.66993
4.65303
4.53723
4.40131
4.5779
4.69065
3.98097
4.16001
4.47008
4.75564
5.06578
4.89728
4.23278
4.68281
4.8595
5.18211
4.78723
4.51395
4.23535
4.4651
4.12215
4.41657
4.67048
4.94888
4.65303
4.23086
4.76651
4.19318
4.73468
4.91004
4.30444
4.61603
4.69422
4.62357
4.37838
4.78886
4.62054
4.93334
4.6093
4.50407
4.36395
4.28904
5.08748
4.54986
5.02929
4.59524
4.31685
4.54468
4.20675
4.73455
4.59287
3.99969
4.60272
4.6498
4.89861
4.45294
4.60448
4.45879
4.87732
4.72772
4.18733
4.4694
4.48089
4.68026
3.96106
4.68775
4.55266
4.4684
4.34089
4.42555
4.04371
4.18779
4.43525
4.52039
4.14821
4.79483
4.72699
4.4382
4.44366
4.2872
4.08882
4.90062
4.28384
4.21934
4.57446
4.55233
4.12135
4.49054
4.93414
4.75813
4.8429
4.67472
4.44895
4.31558
5.09621
4.84691
4.80109
4.14303
4.75553
4.73556
4.94012
4.94715
4.73337
4.35068
4.93435
4.24869
4.39578
4.54156
4.91343
4.2698
4.57273
4.17985
4.10723
4.66071
4.36933
4.64855
4.38511
5.24402
4.16449
5.05895
4.29737
4.39008
4.67834
4.22784
4.13638
4.52101
4.50058
4.64351
3.86642
4.9157
4.2962
4.80318
3.7805
4.71741
4.38166
4.20362
4.25363
4.82051
4.47985
4.1625
4.75744
4.53219
4.60086
4.95553
4.3086
4.70787
4.72282
5.28259
4.54606
4.17871
4.47972
4.52675
4.68408
4.25666
4.33162
4.1076
4.7361
4.57675
4.14214
5.21024
4.10986
4.55109
4.22149
4.23915
4.65667
4.95551
4.19777
5.08317
3.96203
4.66861
4.36422
4.45567
4.4058
4.08105
4.58633
4.66569
4.37999
4.36097
4.48039
4.34755
4.56746
4.34775
4.33682
4.48196
4.4129
4.51038
4.49008
4.66775
4.29007
4.81869
4.66207
4.3574
4.61347
4.51101
4.06115
4.29843
4.57037
4.89014
4.53101
4.45258
5.06053
4.3938
4.46615
4.32472
4.68158
4.87131
4.31378
4.44379
4.81518
4.09694
4.37033
4.37
4.84902
4.71656
4.29849
4.78151
4.39339
4.92897
4.50922
4.73094
4.50048
4.66752
4.51978
4.60703
4.6033
4.215
5.32472
4.14233
4.2494
4.1122
4.66086
4.32417
5.02517
4.78508
4.41053
4.26628
4.37524
4.2352
4.5141
4.40509
4.16418
4.61594
4.85586
5.17573
4.17271
4.3588
4.25444
4.23527
4.44784
4.85083
4.80581
4.41738
4.38612
4.56208
4.92602
4.47808
4.51355
4.59795
4.74343
4.21827
4.51646
4.50647
5.4494
4.28975
5.04509
4.26654
4.6552
4.59166
4.52521
4.46805
4.32607
4.3399
4.46176
4.3213
4.31669
3.8802
4.04788
4.83252
4.81289
4.45851
4.19512
4.34839
4.57014
4.5906
4.32106
4.09973
4.19923
4.26415
4.47461
5.04411
4.49857
4.31294
4.21298
4.18809
5.1407
5.03104
4.66782
4.15169
4.82254
4.4778
4.30021
4.66399
4.3358
4.60655
4.32258
4.08086
5.28404
4.26655
5.10342
5.36189
4.89845
5.33882
4.30191
4.01827
4.51239
5.05686
4.59825
4.21299
4.7935
4.70932
4.79764
4.38309
4.52608
4.47662
4.36481
4.26078
4.39135
4.80721
4.70391
4.36051
4.18937
4.82774
4.44239
4.73406
4.3581
4.80552
6.04518
4.456
5.08078
4.43006
4.59881
4.70457
4.48299
4.54627
4.40719
4.4481
4.54459
4.63563
4.14633
4.69633
4.39948
4.44058
4.20966
4.76822
4.59638
4.34733
4.30417
4.54334
4.41871
4.61661
4.51754
4.80144
4.22022
4.39603
4.20653
5.00702
4.84516
4.90368
4.29687
5.13052
4.50831
4.38357
4.3948
4.23639
4.12689
5.02851
4.73054
4.78702
4.87122
4.65599
4.70098
4.4565
4.5811
4.24352
4.40322
4.46274
4.28699
4.48693
4.5904
4.13462
4.60739
4.12694
3.93224
4.3731
4.5808
4.33751
4.83393
4.3938
4.9908
4.13231
4.22029
4.57676
4.37527
4.62642
4.57583
4.85553
4.20622
4.30661
4.50592
4.95863
4.92429
4.31008
4.7212
4.50685
4.48387
4.38567
4.9848
4.81619
4.71341
5.26256
4.48049
4.3624
4.33693
4.78604
4.13918
4.54776
3.99621
4.51774
4.56142
4.92173
5.17491
4.5749
4.47265
4.87219
4.91825
4.95166
4.76355
4.8205
4.22124
4.25998
4.46273
4.21658
4.2116
4.65733
4.41656
5.31153
4.65148
5.00373
4.89007
4.49416
4.51821
4.87973
4.33736
5.05105
5.3704
4.86683
4.68591
4.42383
4.60227
4.70046
4.93754
4.36212
4.63095
4.30547
4.78149
4.16135
4.67646
4.50278
4.34463
4.83665
5.08079
4.36075
4.5005
4.9742
5.02508
4.41535
4.27779
4.57883
4.51816
5.13107
4.30326
4.31311
4.29493
4.96182
4.3273
4.30628
4.96388
4.13774
4.66808
4.02975
4.35702
3.99921
5.07683
4.09749
4.69623
4.44912
4.36166
4.4536
4.57544
5.10191
4.87962
4.42501
4.10373
4.52373
4.44107
4.32908
4.62449
4.10298
4.42196
4.34585
4.13128
4.17166
4.33781
4.9543
4.44284
4.34025
4.55429
4.27159
4.75723
4.54852
4.16293
4.3989
4.75972
4.46553
4.46901
4.48697
4.54739
4.40534
4.33484
4.33161
4.03076
4.59903
4.57979
4.11102
4.34278
4.37278
4.21958
4.38092
4.55397
4.06723
4.54468
4.611
4.7381
4.89056
4.53241
4.38355
5.19996
5.0114
4.77678
4.10166
4.40793
4.22801
4.01351
4.98145
4.64648
4.56464
4.2941
5.07377
4.84116
4.56463
5.20464
4.37766
4.67668
4.98325
4.56348
4.28643
4.42863
4.83758
4.72953
4.48133
4.62446
4.47685
4.78422
4.06732
4.46395
4.4473
4.59896
4.88007
4.39888
4.49752
4.44376
4.36888
4.20831
4.48587
4.02378
4.48567
4.01421
4.39344
4.44365
4.52255
4.48765
4.2821
4.85589
4.32319
4.63183
4.37214
5.02832
4.91747
4.04968
4.2192
4.69795
4.41905
4.82878
4.865
4.2899
4.94517
5.0378
5.09064
4.85426
4.29797
4.61591
5.01061
4.76313
4.27538
4.57534
4.60465
5.05361
4.83889
4.19808
4.14991
4.88385
4.4766
4.38244
4.69027
5.53155
4.30488
4.65419
4.75234
4.67101
4.78052
4.56076
5.00126
4.12723
4.45417
5.49457
4.18673
3.99113
4.12131
4.51597
4.40936
4.80573
4.42611
4.3766
4.67021
4.27733
4.65647
4.94752
4.84342
4.07327
4.5616
5.00817
4.50708
4.48655
4.47601
5.09393
4.23767
4.68909
4.68887
5.13663
4.84382
4.16222
4.51024
4.16223
4.42151
4.21913
4.58039
4.28139
4.5486
4.03197
4.25863
4.65649
5.15905
5.24895
4.90711
3.92416
4.21474
5.03839
4.91613
4.30588
4.89267
4.80462
4.78212
4.48048
4.69629
4.49435
4.74833
3.99018
4.46648
4.70886
4.4792
4.58509
4.57944
4.89538
4.28243
4.61573
5.21036
4.76734
4.25526
3.95858
4.62444
4.31764
4.53339
4.35239
4.87755
4.38701
4.41518
5.09016
4.6625
4.58823
4.45785
4.61346
4.30362
4.92387
4.61039
4.33419
4.59569
5.16408
4.12634
4.11414
4.66839
4.35655
4.09269
4.02815
4.36119
4.47022
4.28599
5.05045
4.8226
5.16485
4.56469
4.54935
4.77074
4.90358
5.31739
5.15442
5.23415
4.85759
4.8354
4.5885
4.67268
4.83933
4.12433
4.48098
4.67022
4.4366
4.75978
4.64127
4.517
4.67307
4.9415
4.35909
4.63854
4.58812
4.52151
4.3693
4.6686
4.94254
4.40622
4.81222
4.38692
4.29608
4.42346
4.46208
4.82802
4.1818
4.50357
4.6351
4.60131
4.50266
4.39957
4.50582
4.44205
4.6881
4.82652
4.49559
4.57809
4.37168
4.32751
4.14812
4.17233
4.15022
4.28851
4.47389
4.89543
4.29589
4.93364
4.61567
4.50364
4.67711
4.6143
4.68327
4.41895
4.48236
4.41676
5.30799
4.43431
4.62392
4.45449
4.35207
4.24447
4.62434
4.87988
4.50261
4.31339
4.48354
4.6442
4.54196
4.45886
4.39032
4.19361
4.52051
4.46585
4.38644
4.8679
4.55165
4.80557
4.49967
4.83903
4.79686
4.02637
4.36145
4.67241
4.56676
4.58696
4.74358
4.60631
5.22449
4.80437
4.46615
4.38606
4.47571
4.46282
4.89553
4.03153
4.45469
4.6686
4.65075
4.55874
4.25368
4.39339
4.50053
4.5177
5.47196
4.92463
4.35557
4.43006
4.62391
4.65528
4.42167
4.47621
4.38648
4.36169
4.40989
4.40416
5.16194
4.45576
4.48892
4.50725
5.26166
4.18256
4.1589
4.89571
4.7635
4.30677
4.75444
4.74358
4.44395
4.15224
4.51897
4.09542
4.24207
4.65286
4.59091
4.40048
4.31107
4.25683
4.48283
4.99415
3.96465
5.35611
4.52754
4.43045
3.97234
4.72693
4.2419
4.1388
4.39171
4.33423
4.41649
4.44845
4.69129
5.26065
5.29666
4.40481
5.08428
4.563
4.23692
4.62089
4.54528
4.38546
4.66059
4.39808
4.48714
4.53778
4.58568
4.46253
4.47631
4.75034
4.47331
4.23407
4.66257
4.33588
4.49785
4.64627
4.77944
4.72998
4.68523
4.35509
4.36742
4.57446
4.4573
4.59625
4.34922
4.30602
4.80598
3.87541
4.90855
4.81932
4.54735
4.36565
4.89911
4.67493
4.4879
4.25355
4.77261
4.21707
4.88674
4.23561
4.45642
4.38602
4.40203
4.33601
4.4061
4.80325
4.54223
4.31862
4.77716
4.54927
4.40828
4.07983
4.41989
4.30331
4.6439
4.47221
4.42161
4.33249
4.37807
4.46196
4.79831
4.9782
4.41672
4.2698
5.75117
4.61677
4.27682
4.65981
4.54607
4.81273
4.34491
4.81927
4.62246
4.81163
4.80774
4.39608
4.41931
4.32023
4.33681
4.82232
4.84985
4.75336
4.17099
4.73305
4.67796
4.37535
4.31273
4.76103
5.21373
4.54105
4.40223
4.62965
4.13079
4.84625
4.26509
4.40122
4.42143
4.58179
4.02254
4.30512
4.79443
4.18077
4.74368
4.46886
4.72294
4.38052
4.53109
4.6187
4.3964
4.7816
4.59639
4.8184
4.82617
4.85055
4.54243
5.1677
4.57241
4.06609
4.40267
5.51903
4.53779
4.29078
4.93076
4.98345
4.78089
4.71078
4.6474
4.40657
4.10153
5.36634
4.57548
4.34834
4.20481
4.67199
4.99311
4.82083
4.81532
4.4838
4.7141
4.49529
4.465
4.74379
4.68482
4.60852
4.23359
4.2326
4.75764
4.9807
4.72077
5.08228
4.60811
4.86983
4.83789
4.39234
5.16028
4.55798
5.01759
4.31095
3.87809
4.50958
4.22435
5.11494
4.59669
4.21521
5.52525
4.43303
4.09102
4.62533
4.29807
4.08512
4.69642
4.28352
4.58964
4.44793
4.92614
4.06934
5.09882
4.63643
4.57065
4.68214
4.34004
4.86729
4.56976
4.79457
4.09451
4.51575
4.63011
4.30621
4.18613
4.2591
4.35401
4.5628
4.78269
4.49944
4.30566
4.31392
4.73995
4.92471
4.61221
4.60485
4.51238
5.06228
4.64021
4.43246
4.53789
4.69382
4.70553
4.39517
4.46595
4.3588
4.73153
4.4727
4.45755
4.56861
4.03482
4.97753
4.74159
4.22489
4.44209
4.63457
4.41829
4.78903
4.42907
4.40664
4.47249
4.25359
4.27937
4.54849
4.42294
4.78811
4.62247
4.96277
4.06219
4.9731
3.90958
4.73947
4.33527
4.96415
4.33421
3.96337
4.1279
4.63696
4.60056
4.45949
4.54889
4.69975
4.50852
4.48067
4.8739
4.45856
4.13985
4.90661
4.93462
4.35912
4.99765
4.70364
4.50165
4.58607
4.32215
4.62583
4.27939
5.23424
4.56173
4.70009
4.64279
4.48435
3.98356
5.2101
4.56923
5.05618
4.59086
4.7387
4.49366
4.89337
4.35751
5.02577
4.62408
4.85475
4.53602
4.36103
4.54014
4.79523
4.36348
4.47644
4.15963
4.23576
4.6871
4.52985
4.62538
4.71103
4.57376
4.50256
4.33032
4.6864
4.15915
4.34315
4.88043
4.56315
4.34257
4.40104
5.25392
4.22716
4.24787
4.5072
4.58988
4.09942
4.3412
5.06259
5.11206
4.55076
4.74836
4.2924
4.44062
4.16593
4.77022
4.37418
4.17287
5.15331
4.65907
4.24309
4.41405
4.36327
4.23628
4.65714
4.77182
4.43241
4.79324
4.10195
4.35316
3.98975
4.59144
4.82705
4.30288
4.64824
4.13013
4.31432
4.6396
4.43807
4.86127
4.13707
4.24751
4.55946
4.60235
4.00693
4.16161
4.90948
4.42145
4.75714
5.49224
4.81233
4.6145
4.4231
4.95225
4.83068
4.6279
4.23699
4.80788
4.8785
4.56627
5.53654
4.49844
4.41633
4.68948
4.90853
4.51443
4.20131
4.58466
5.24731
5.04413
4.77384
5.97617
5.11984
4.38484
4.97812
4.77149
4.4605
5.14775
4.55889
4.35929
4.44848
4.36313
4.09458
4.27147
4.6472
4.58597
4.54335
4.54228
4.14334
4.50283
5.44154
5.00751
4.535
4.64338
5.16427
5.28343
5.37272
4.05177
4.72272
4.62435
4.61486
5.34945
4.27114
4.70608
4.79821
4.18786
4.52481
4.22258
4.4917
4.49571
4.52477
4.45065
4.76633
4.68483
4.43639
4.80823
4.47794
4.91891
5.39697
4.68053
5.03159
4.11008
4.50944
4.32194
4.55445
4.69556
4.56954
4.73457
4.46622
4.62065
4.53676
4.91882
4.45605
4.32784
4.6597
4.32367
4.66748
4.45484
4.4017
4.38386
4.49259
4.74988
4.28333
4.55271
4.66215
4.25655
4.40036
4.54966
4.4437
4.75064
4.76685
4.69929
4.81482
4.75069
4.97608
4.57392
4.5773
4.64443
4.25694
4.08889
5.0642
4.58063
4.47555
4.44307
4.72035
4.76077
4.56355
4.6268
4.87846
4.4897
4.71751
4.42918
4.23118
4.33501
4.71052
4.44873
5.60271
4.41662
4.51058
4.46743
4.1575
5.18849
4.77861
4.90894
4.51692
4.20218
5.25003
4.36333
4.90999
4.65341
4.4783
4.70884
4.38986
4.48759
4.71477
4.3701
4.59313
4.10741
4.2659
4.78494
4.45289
5.01055
4.47772
4.48832
4.47705
4.07902
4.29995
4.58818
4.10747
4.44515
4.2679
4.08556
4.83949
4.46724
4.43693
5.17497
4.69035
4.57547
4.49811
4.31401
4.6598
4.7688
4.63196
4.2409
4.77536
4.52045
4.87676
4.09435
4.5096
4.5947
4.37479
4.58203
4.75431
4.31799
4.40223
4.43201
4.61152
4.46871
4.7599
4.35894
4.55053
4.85908
4.67634
4.6047
4.28385
4.73336
4.55472
4.53709
4.76248
4.77492
4.64587
4.10977
5.13043
4.26115
5.04857
4.75728
3.97347
4.08452
4.15516
4.77589
4.47203
4.5373
4.18969
4.76499
4.59031
4.67845
4.48929
5.22639
4.4351
5.14648
4.74633
4.10221
5.27757
4.32963
4.73313
4.25909
4.49242
4.88801
4.80126
3.94211
4.17978
4.59268
4.37007
4.67916
4.14313
4.82022
4.53072
4.33509
4.40936
4.38449
4.49581
5.50441
5.1207
5.09131
5.21461
5.01139
4.44348
4.29785
4.61477
4.077
4.47782
4.30366
4.79749
4.57736
4.54011
4.52105
4.60609
3.97943
4.9863
4.61375
4.56102
4.88729
4.51667
4.56848
4.42438
4.37673
4.22198
4.33905
4.45518
5.09952
4.58658
5.07267
4.62408
4.90499
4.58303
4.7309
5.05229
4.34937
4.16133
4.38377
4.73027
4.6164
5.2485
4.4363
4.2184
4.95373
4.51115
4.55645
4.12561
4.85338
4.21765
3.96846
4.37473
4.22592
4.48393
4.37442
4.54108
4.50323
4.86134
4.34261
4.90919
4.40198
4.38038
4.17018
4.42742
4.47895
4.66555
4.85567
4.47389
4.41173
4.7825
4.08121
4.51667
5.08178
4.8602
4.23966
4.42739
4.92413
4.41077
4.77807
4.09706
4.8346
4.97808
4.52333
4.77266
4.76341
4.35288
4.92736
4.62853
4.24596
4.4786
4.67896
5.02805
4.30951
4.25753
4.77389
4.64618
4.64796
4.22906
4.77708
4.81139
4.56305
4.83529
4.33234
4.16417
4.58866
4.6846
4.2314
4.43175
4.81811
4.1786
5.12828
4.36433
4.52772
4.56663
4.19176
4.76428
4.13835
4.47323
4.07261
4.21897
4.39665
4.42767
4.41876
4.35657
4.45005
4.33968
4.32255
4.96855
4.41877
4.37265
4.39779
4.83556
5.08804
4.66032
4.46769
4.52065
4.63024
4.2385
4.75913
4.78532
4.58939
4.39895
4.58246
4.46648
4.44694
4.62485
4.20392
4.5756
4.2576
4.90711
4.07274
4.51299
4.65031
4.49328
4.38851
3.96633
4.60993
4.61696
4.59126
4.74215
4.78344
4.56722
4.47697
4.46437
4.40638
4.65028
4.18315
4.48435
4.68142
4.04184
4.49208
4.40329
5.53839
5.16212
4.0739
4.32822
4.11314
3.84731
4.35868
4.61541
4.58999
4.76359
4.85142
4.39474
4.37771
4.66121
4.8496
4.68552
4.54872
4.32981
4.38199
4.59126
4.39014
5.01251
5.01537
4.89908
4.38451
4.7825
4.08491
4.41653
4.8477
4.78429
4.768
4.84004
4.7989
5.20243
4.27301
4.59999
4.4203
4.26347
4.58546
4.81964
4.35593
5.05793
4.3054
4.28871
4.72691
4.63695
4.25774
4.28659
5.05554
4.55091
4.94905
4.90635
4.65475
4.12639
4.39111
4.80967
5.01774
4.57662
4.38653
4.32857
4.86583
4.29552
4.57058
4.27755
4.37656
4.33043
4.87594
4.67376
4.3907
4.43176
5.41508
4.53262
4.48935
4.531
4.09297
4.64567
4.51603
3.90563
4.06385
4.15175
4.46757
4.3793
4.85
4.50344
4.72054
4.80601
4.75861
4.59881
4.22041
4.8683
4.19311
4.50506
4.60272
4.62297
4.55206
5.18626
4.77509
4.34137
4.72209
4.4271
4.27726
5.04685
4.47305
4.1937
4.35238
4.47865
4.54229
4.67769
4.20922
4.30351
4.51599
4.30438
4.86828
4.30452
4.28703
4.74458
4.79231
4.35431
4.59593
4.73152
4.52351
4.62702
4.5285
5.09644
4.92794
5.29723
4.77101
4.1612
4.51769
4.63367
4.52785
4.90603
4.66054
4.48918
5.288
4.2887
4.27924
4.7039
4.70004
4.4736
4.49503
4.12982
4.7997
4.90102
4.2627
5.20054
4.77232
4.72596
4.60665
4.62644
4.68185
4.56067
4.33369
4.46932
4.17325
4.35471
4.37101
4.20807
4.36434
4.31864
4.45312
4.93049
4.51826
4.9544
4.33358
4.27492
4.30892
4.62187
4.90738
4.72464
4.60406
4.2746
4.83008
4.00804
4.704
4.80123
5.26184
4.88889
4.84249
4.74362
5.12221
4.50422
4.81755
4.88237
4.7207
4.07983
3.75097
4.45387
4.22628
4.6226
4.44761
5.10384
4.42352
4.70274
4.13343
4.26276
4.94235
5.20464
4.65632
4.31131
4.80529
4.53133
4.5545
4.61465
4.27124
4.67284
4.78471
4.2355
4.63183
4.3053
4.86949
4.22463
4.12917
4.61626
4.59089
4.52312
4.74232
4.21067
4.42239
4.49823
4.7097
4.52727
4.45452
5.00229
4.23589
4.09699
4.52579
4.34309
4.98527
4.5445
4.57009
4.37755
4.99541
4.84931
4.42869
4.09138
4.8265
4.40608
4.49899
3.98527
4.27116
4.48748
4.51372
4.42363
4.58132
4.37283
4.75504
4.51823
4.36172
4.32226
4.18715
4.73125
4.91511
5.12297
5.05973
4.38666
4.18038
4.18933
4.52258
4.41165
4.64696
4.30603
4.38421
4.72007
4.49192
4.6444
4.61408
4.78139
4.5516
4.8162
4.54203
4.40519
4.23126
4.2402
4.38304
4.69246
4.77417
4.67464
3.86835
4.57509
4.44842
4.81851
4.52325
4.18301
4.86407
4.86643
4.48665
4.83137
4.33968
4.44389
4.42937
4.21813
5.54117
4.1571
4.97241
5.11473
4.50632
4.56739
4.67898
5.01408
4.69266
4.6592
4.30622
4.25928
4.69547
5.1304
4.45056
5.07106
4.5157
4.30498
4.68039
4.85012
4.70651
4.99404
4.84407
4.17428
4.74398
4.7446
4.22682
4.86952
4.15715
4.99695
4.15976
4.68267
3.93506
4.70867
4.4759
4.73183
5.00499
4.58352
4.52108
4.08281
4.54054
4.96986
5.46851
4.48612
4.74081
4.5254
4.40033
4.59783
5.05625
5.16144
4.65056
4.5046
4.61231
4.76101
4.69149
4.96797
4.41397
4.58486
4.95241
4.78618
4.36469
4.52671
4.55149
4.9216
4.6129
4.73637
4.63204
4.44164
4.28185
4.64579
4.26209
4.88124
4.54931
4.57498
4.4691
4.27953
5.1288
4.54915
5.11327
4.81917
4.59096
4.38367
4.60585
4.37227
4.71721
4.1317
3.8514
5.15364
4.36431
4.42016
5.08743
5.01843
4.71191
4.77193
4.66574
4.84817
4.64449
4.29649
4.67858
5.29438
4.78357
4.39497
4.51947
4.47238
5.05926
4.65949
4.67256
4.52218
4.36573
4.3321
3.9988
4.72682
4.57385
4.19224
4.29035
4.67561
4.17152
4.079
4.69197
5.30814
4.47218
6.07861
4.37269
4.63133
4.43008
4.25761
4.67736
4.50321
4.51764
4.69872
5.30518
4.37324
4.59561
5.04872
4.44794
4.4307
4.82122
4.10757
4.22898
4.88622
4.5197
4.62316
5.01208
4.55593
4.43584
4.8579
4.77925
4.70286
5.13508
4.4459
4.64727
4.32434
4.62617
4.43672
4.4916
4.36883
4.74073
4.77467
4.65865
4.54571
4.31152
4.21403
4.02565
4.63732
4.75426
4.48618
4.50248
4.33267
4.94738
4.71342
5.00345
4.40792
4.32068
4.33188
4.87167
5.06129
5.04872
4.57626
5.04738
4.39436
4.61249
4.65401
4.38152
4.38302
4.50207
4.88584
4.62845
5.30621
5.12773
4.58458
4.44171
4.34612
5.29005
4.70443
4.16031
5.28808
4.56831
4.25416
4.54848
4.39442
4.3481
4.37861
4.35319
4.40608
4.4656
4.2085
4.87153
5.10442
4.38191
4.86439
4.43763
4.8965
4.91916
4.65223
4.55047
4.6908
4.36182
4.69198
4.15859
4.79337
4.61109
4.47432
4.3934
4.83324
4.98625
4.304
4.66999
5.27138
5.11808
4.80175
4.36201
3.98892
4.53188
4.28549
4.45751
4.56223
4.25565
4.49646
4.76144
4.81368
4.83054
4.66409
5.0178
4.58137
4.3036
4.57409
4.68
4.56054
4.33179
4.15915
4.14541
5.42989
4.80397
4.13462
4.34798
4.82929
4.33981
4.64186
4.37497
4.80826
4.5911
4.99896
4.49427
4.93121
4.19342
4.2419
4.8942
4.30364
4.79702
4.81941
4.71507
4.35478
4.76316
4.62485
4.40892
4.34232
4.51592
4.65268
4.58132
4.91884
4.47609
4.79833
5.08831
4.42601
5.08147
4.40103
4.72133
4.94133
4.52542
5.02382
4.42417
4.71431
4.35192
4.50799
4.08809
4.68068
4.31374
4.41226
4.43224
3.96014
4.06741
4.85077
4.92206
5.12588
5.02676
4.21568
4.84387
5.01443
4.38089
4.54976
4.3687
4.30702
5.05763
4.30802
4.88584
4.60999
4.89341
4.63495
4.96061
4.7455
4.69905
5.03168
4.35979
4.09016
4.58992
4.64315
4.49974
4.6199
4.71046
4.62307
4.70624
4.44214
4.90883
4.32939
4.06116
5.08712
4.38884
4.51299
5.49457
4.44809
4.88746
4.22608
5.24477
4.84825
4.54573
4.51189
4.25766
4.46528
4.5453
5.67545
4.67881
4.2109
4.55813
4.77706
5.13801
4.50391
4.94543
4.74768
5.32373
4.38331
4.61186
4.39992
4.81062
5.79888
4.51228
4.694
4.78212
4.68139
4.20447
4.38621
4.40633
4.68526
4.01371
5.01955
4.79643
4.40987
4.48168
4.22736
4.46275
4.6117
4.72505
5.05432
4.6674
4.48689
4.27251
4.1722
4.91991
4.40407
4.95966
4.03478
4.80063
4.68792
4.49495
4.45483
4.24218
4.52873
4.62422
4.18708
4.55261
4.42444
4.92973
4.64015
4.49298
4.54634
4.88169
5.12825
4.7537
4.98485
4.36016
4.47972
4.60236
5.01934
4.50582
4.29019
4.44086
4.14292
4.6247
5.27868
4.91965
4.59687
4.45529
4.17049
4.59305
4.6568
4.83619
4.53769
4.3835
4.61936
4.33443
5.04701
4.68465
5.11867
4.16788
4.91122
4.67825
4.20953
4.83754
4.77615
4.54696
4.68696
4.14157
4.31093
4.16807
4.82335
4.37262
4.66417
4.82333
4.78163
4.76215
4.43547
4.5979
4.38553
4.25221
4.73531
5.01721
4.55974
4.73085
4.97413
4.53867
4.30116
4.50068
4.37665
4.63992
4.51489
4.78624
4.66025
4.34206
4.62607
4.7007
4.65695
4.77053
4.48215
5.46086
4.91375
4.35427
5.47407
5.04958
4.66925
4.24574
5.03373
4.71014
4.58453
4.7101
4.62186
4.67281
4.47887
5.08385
4.32334
4.60342
4.5915
4.29787
4.79316
4.12918
4.52406
4.1607
5.03204
4.81526
4.36518
5.08377
4.50267
4.95668
4.40152
4.65828
4.67999
4.44673
4.40784
4.60758
4.84302
4.60078
4.58227
4.46104
4.5799
4.07238
4.30161
5.19446
4.37151
4.51266
4.23997
4.60633
5.87041
4.48209
4.60862
4.5373
5.22183
4.92467
4.93992
3.90391
4.5988
4.209
4.87744
4.53585
4.10384
4.89987
4.58623
4.57348
4.4753
5.07068
4.444
4.41205
4.51182
4.91372
4.80592
4.3394
5.05461
4.5425
4.67825
4.24703
4.21104
4.40221
4.40912
4.31475
4.35397
4.37118
4.44471
4.47257
4.45019
5.193
4.02944
4.39517
4.44346
4.33786
4.49997
5.26371
4.59235
4.89183
4.61264
4.41434
4.35966
5.05427
4.76447
4.95412
5.65191
4.96748
4.42182
4.66185
3.83771
4.46841
4.51507
4.83497
4.37533
4.58903
4.37537
4.55027
4.79275
4.44353
4.9457
4.22687
4.63597
5.19556
4.46601
4.98303
4.38324
4.73196
4.8835
4.50985
4.42143
4.51704
4.56217
3.8968
4.47405
4.52409
4.36757
4.43988
4.67522
5.085
4.71112
4.52694
4.13731
4.90226
5.16492
4.38924
4.44661
4.32647
4.92428
4.70646
4.60509
4.47423
4.17661
4.14421
4.5213
4.87263
4.51739
4.39176
4.32385
4.60145
5.06748
4.39262
4.38562
4.22487
4.7696
4.49059
4.64333
4.55169
4.38655
4.19679
4.82978
4.5639
5.07176
4.62237
4.64228
4.79904
4.00292
4.08252
4.60099
4.77224
4.42502
4.72846
4.82434
4.43983
4.60245
4.85765
4.25241
4.34481
4.31488
4.56559
4.28893
4.39643
4.34624
4.26051
4.74976
4.25241
4.39829
4.69495
4.55421
4.52072
4.88033
5.15458
4.59345
4.54989
4.07982
4.71559
4.62231
4.31216
4.38597
4.5934
4.24206
5.75417
4.48708
4.41199
4.21815
4.44388
4.28602
5.2506
4.56687
4.30219
4.33513
4.82117
4.10832
4.36415
4.87073
4.31165
4.94022
4.48153
4.72841
4.24859
4.47514
4.73781
4.15841
4.80428
4.57249
4.61078
4.26026
4.34609
4.51448
4.4931
4.2174
5.12533
4.6831
5.33023
5.47001
4.13349
4.83158
4.19139
4.40368
4.62092
4.87509
4.44167
4.97017
4.69185
4.84369
4.65405
4.17209
5.05257
4.49996
4.85734
4.78231
4.59619
4.50034
4.47639
4.92025
4.96218
4.59161
5.12117
5.10252
4.30942
4.72566
5.06657
4.68398
4.51999
4.90846
4.59872
4.61622
4.19705
4.58536
4.75299
4.41634
4.35407
4.47453
4.55795
4.6902
4.48
4.8396
4.16577
4.47628
4.56748
4.83778
4.50263
4.61398
4.83422
4.26403
4.29375
5.15504
4.05639
4.53611
4.69936
4.43807
4.26671
4.85343
4.23994
4.50701
4.43784
4.08971
4.13318
4.40326
4.56007
4.31974
4.58207
4.9317
4.35169
4.43342
4.5133
4.59735
4.63184
4.4366
4.52031
4.41323
4.2435
4.8539
4.15172
4.80242
4.3326
4.89239
4.80085
4.54548
4.52434
4.37706
4.34129
4.69834
4.26904
4.36501
5.13553
4.60877
4.48288
4.37018
4.36525
5.16692
4.2223
4.37859
4.49588
4.35763
4.78396
4.5029
4.64151
4.19406
4.53415
4.46034
4.77681
4.62538
4.37218
4.70622
4.72551
3.83388
5.22071
4.44786
4.35138
4.46079
4.11307
4.27528
4.2251
4.66457
4.55757
5.0645
5.20253
4.32077
4.69461
4.50184
4.46056
5.08355
4.01808
4.55973
4.81207
4.36338
4.42137
4.37646
4.31924
4.53887
4.31374
4.3577
4.47823
4.45152
5.45996
4.82166
4.51594
4.52386
4.47631
4.66118
4.75958
4.50041
4.60741
4.6028
4.20529
4.74619
4.61667
4.87786
5.19328
4.98327
4.81871
4.41164
4.83656
4.6002
4.38169
4.55923
5.43352
4.80999
4.65364
4.1202
4.62652
4.30316
4.28647
4.4661
4.70743
4.35426
4.72914
5.02839
5.11392
4.76447
4.14585
4.28438
4.67465
5.247
4.78688
4.42843
4.45577
4.47538
4.33384
4.65861
4.47877
4.78855
4.52552
4.48009
4.42131
4.45072
4.47829
4.31128
4.44857
4.22199
4.40272
4.45236
4.35642
4.30287
4.81481
4.66688
4.49812
4.32154
4.39334
5.56551
4.54315
4.20622
4.36945
5.12409
4.48118
4.37581
4.21286
4.3687
4.44053
4.06807
4.18018
4.37374
4.25238
4.41635
4.70555
4.47934
4.22801
4.59596
4.62175
4.11801
4.91883
4.10323
4.80118
5.13684
4.63449
4.31072
4.51213
4.33118
4.25548
4.6265
4.12727
4.30009
4.50779
4.49927
4.97328
4.26892
5.15713
4.39542
4.53421
4.66236
5.15901
4.32912
4.24868
4.76106
4.47724
4.51944
4.19224
4.42857
4.29251
4.84789
4.20113
4.5997
4.86044
4.43316
4.49975
4.41312
4.66608
4.19025
4.28562
4.56012
4.34568
4.71435
4.03551
4.77179
4.58234
4.31147
4.24405
4.31407
4.94212
4.71243
4.27199
4.54023
4.43584
4.35692
4.09106
4.93922
4.34101
4.34533
4.69546
4.74204
4.56484
5.09154
4.54883
4.30649
4.47711
4.40814
4.07482
4.48942
4.5372
4.81356
4.7528
4.42075
4.86602
4.79508
4.59747
4.72769
4.88853
5.29116
4.54727
4.66673
4.33858
4.57707
4.70017
4.76211
4.3995
4.75568
4.01629
4.43121
4.11272
4.27543
4.21536
4.5841
4.75259
4.04983
4.04823
4.67128
4.43745
4.52297
4.85058
4.58231
4.1956
4.40584
4.23623
4.43755
4.86584
4.33969
4.36339
4.32684
4.81943
4.80209
4.41249
4.80213
4.44656
4.62767
4.48716
5.07048
4.71481
4.89257
4.64911
5.01148
4.49098
4.66191
4.84051
4.37543
4.28889
4.95808
3.95932
4.39788
4.37479
4.43978
4.34624
4.35495
4.42941
4.28295
4.87637
4.697
5.32101
4.68358
5.21969
4.48209
4.87259
4.11166
3.99383
4.21316
5.01088
4.91168
4.46755
4.44664
4.41489
4.65945
4.17132
4.41088
4.93957
4.49657
4.55934
4.61292
4.56161
4.17003
4.35906
4.5892
4.4918
5.01604
4.67661
4.33007
4.02719
4.23647
4.32388
4.75033
4.33538
4.74988
4.42655
4.07656
4.37952
4.30773
4.35112
4.8005
4.61493
4.7538
4.53313
4.40789
4.45074
4.6768
5.02808
4.10676
4.48009
4.53433
4.47522
5.04692
4.47698
4.47139
4.24785
4.21443
5.00534
4.24776
5.223
4.70647
4.47686
4.32109
4.89544
4.32286
4.77378
4.482
4.50696
4.50907
4.58594
4.59945
4.47595
4.71406
4.91839
4.30724
5.05061
4.44569
4.46339
4.59589
4.88535
4.69888
4.82775
4.80569
4.92729
4.51777
4.66512
4.1795
4.43363
4.34122
4.29059
4.45145
4.94403
4.73569
5.11815
5.14961
4.42694
3.94952
4.60172
4.44951
4.48188
4.37228
4.35262
4.85447
4.84384
4.71957
4.62179
4.86787
4.26265
4.4652
4.42073
4.78368
4.76064
4.52177
4.37132
4.73437
4.75564
4.8727
4.52489
4.45557
4.70953
4.28701
4.57472
4.53724
4.73918
4.34652
4.43274
5.07539
5.05861
4.38531
4.19862
4.78072
4.29061
4.28942
4.85703
4.9936
4.5828
4.18857
4.33688
4.48999
4.35926
4.44345
5.45702
5.15775
4.73412
4.77869
4.56156
4.4686
4.46564
4.40908
4.36298
4.78742
4.27801
4.3126
4.31981
4.78156
4.23698
4.06991
4.19503
4.40287
4.48352
4.81199
4.26314
4.33228
4.79626
4.36662
4.32783
4.4555
4.6297
4.0458
4.64763
4.66819
4.19437
4.45268
4.94589
4.31004
4.73406
4.36031
4.46002
4.47813
4.8675
4.75294
4.98068
4.48007
4.14576
4.86288
4.61364
4.36259
4.35149
4.88099
4.6091
4.47852
4.77392
4.39933
4.62117
4.36257
4.9683
4.55185
4.8805
4.75866
4.39398
4.19093
4.48938
4.36241
4.18631
4.49344
4.58836
4.74196
4.76117
4.42632
4.87418
4.49256
4.75369
4.58669
4.44849
4.9654
4.21629
4.47903
4.57734
4.95185
4.35198
4.24656
4.56931
4.43255
5.41338
4.94439
4.87404
4.81548
4.91348
5.03342
4.26481
4.14633
4.06556
4.31048
4.77465
4.13826
4.58937
4.2659
4.85629
5.10578
4.63347
4.46864
4.50969
4.45667
4.30008
4.48826
4.68964
5.20393
4.69562
4.62095
4.87498
4.57187
5.95187
5.29447
4.31752
4.81838
4.63523
4.9679
4.60461
4.31076
4.29117
5.31446
4.45136
4.62787
4.34491
4.54842
4.26382
4.48819
4.73696
4.39123
4.46652
4.2718
4.98828
4.46928
4.36834
4.33263
5.225
5.28916
4.42944
4.94126
5.03671
4.59078
4.784
4.41308
4.11141
4.3758
4.96598
4.37086
4.32335
4.21938
4.87711
4.64179
4.3089
4.26547
4.09927
4.17219
4.56864
4.16344
4.39178
4.36801
4.56096
4.99708
4.61006
3.87365
4.52875
4.2353
4.52779
4.40145
4.40925
4.89481
4.79701
4.39373
4.92092
4.89897
4.45986
4.44781
4.61267
4.55089
4.97866
4.06799
4.79065
4.44707
4.51045
4.33086
4.40263
4.30818
4.54329
4.59484
4.30363
4.63081
4.28945
4.47398
4.71907
4.21348
4.61274
4.60566
4.25219
4.58948
4.49613
4.44756
4.77662
4.36927
4.51828
4.37054
4.68792
4.34925
4.87541
4.33793
4.93668
4.07326
4.20629
4.30841
4.46343
4.14371
4.28572
4.68624
4.27338
4.54437
4.27133
4.64515
4.65941
4.93557
4.52675
5.43552
4.79803
4.61046
4.54029
4.55881
4.32394
4.76267
4.32287
4.54444
5.11079
4.83892
4.96197
4.16294
4.8821
4.69465
4.09777
4.66103
3.98476
4.81509
4.35436
4.35703
4.5874
4.11778
5.45431
5.20331
4.37451
5.00342
4.13726
4.83985
4.59015
4.61246
4.4904
4.50198
4.4227
4.27649
4.96803
4.86477
4.37348
4.65271
4.65657
4.81512
4.24437
4.89494
5.13568
4.94502
5.17464
5.37826
4.87886
4.24041
4.82683
5.10671
4.17971
5.13137
4.43223
4.89417
4.37678
4.73805
4.73217
4.39442
4.58159
4.81233
5.09464
4.57983
4.78797
4.82107
5.37707
4.66992
4.25195
4.401
4.22534
4.87475
4.70972
4.30663
4.9409
4.37636
4.3712
4.87172
5.62376
4.62336
4.11948
4.61846
4.92032
4.87878
4.52416
4.2672
4.62632
4.4362
5.1573
4.81639
4.72214
4.34906
4.42782
4.75404
4.29428
4.3018
4.64593
4.82475
4.84512
4.30088
4.23029
4.71787
4.84205
5.01433
4.10311
4.53347
4.84979
4.75415
4.59227
4.69212
4.48616
5.16588
4.27819
4.59982
4.39867
4.13525
4.60262
4.58984
4.48068
4.58274
4.20137
4.45996
4.32812
4.58024
5.33251
4.55483
4.79682
5.23112
4.12232
4.84643
4.24122
4.48031
4.05234
4.37721
4.30736
4.35173
4.57795
4.59825
4.30734
4.96965
4.80309
4.58404
4.43565
4.50453
3.91359
4.54463
4.83066
4.09153
4.57653
4.43968
4.55748
4.48968
5.07954
4.45678
4.66313
4.53415
4.46745
4.64641
4.57242
4.41131
4.77449
4.44764
4.34101
4.35895
4.76443
4.43957
4.46416
5.98561
4.31648
4.60059
4.12463
4.90313
4.1964
4.37813
4.36121
5.18001
4.71267
4.4878
4.26158
4.75759
5.20969
4.34615
4.60276
4.50866
4.91207
4.58068
4.39247
4.49942
4.64206
4.35123
4.63395
4.06398
4.34695
4.66566
4.40203
4.97186
4.69407
4.38074
5.51695
4.11224
4.48696
4.46992
4.60029
4.70776
4.47167
4.465
4.32673
4.55889
4.9396
5.06035
4.50181
4.34799
4.52634
4.39194
4.77887
4.93871
4.2094
4.20996
4.53388
4.59616
4.23187
4.95281
4.29511
4.34002
4.40925
4.4632
4.2742
4.68192
4.70005
4.139
4.47331
4.66456
4.4174
4.54396
5.02901
3.98462
4.59643
4.0858
4.29683
4.89693
4.53153
4.33437
4.51947
4.46124
4.30476
4.33215
5.12013
4.36714
4.9065
4.71824
4.10652
4.73934
4.23976
4.62732
4.54147
4.59587
4.83752
5.01518
4.34411
4.43894
4.61842
4.61898
4.8871
4.68732
4.49321
4.47571
4.80587
4.33061
4.9934
4.93405
4.23987
4.32483
4.26507
4.83528
4.652
4.85685
4.9641
4.77038
4.54505
4.47497
4.44497
4.81929
4.72284
4.33377
4.49632
4.98638
4.25213
4.52089
4.60042
4.17196
4.72383
4.58565
4.25406
4.15834
4.55302
4.60346
3.93264
4.87291
4.60176
4.0729
4.58213
4.28885
4.73179
4.39215
4.05339
5.125
4.26143
4.88047
4.76615
4.93426
4.52997
4.46651
4.71274
4.87164
4.52063
4.35177
4.19416
4.7935
4.10596
4.2524
4.60098
4.74704
4.36221
4.61386
4.74156
4.30556
4.4047
4.4765
4.29603
4.79307
4.68019
5.3446
5.09503
4.5527
4.3378
4.55449
4.70769
4.64658
4.01167
4.76577
4.17777
4.51576
4.7967
4.73414
4.57188
4.55131
4.27083
5.04143
4.06468
4.39974
4.55813
5.07962
4.09858
4.90795
4.19959
4.86922
4.5289
4.51762
4.12289
4.52706
4.46826
4.44377
4.88142
4.33742
4.51039
4.30812
4.39247
4.62977
4.48433
4.00971
4.35874
4.4806
4.63634
4.87212
4.73066
4.62874
4.36276
4.62212
4.63356
4.00669
4.78347
4.47154
4.26214
4.43175
4.73138
4.71315
4.78502
4.51557
5.00815
4.32718
4.54746
4.72127
4.21253
4.52282
4.81321
4.82041
4.38845
4.51691
4.56034
4.91084
5.09315
4.24984
5.15304
4.07182
4.68472
4.55761
4.52396
4.38256
4.81643
4.37797
4.98731
4.40729
4.6275
4.57185
4.3886
4.1833
5.93255
4.74138
4.80625
4.139
4.6343
4.6221
4.36283
4.40042
4.79982
4.83432
4.49799
4.34071
4.51716
4.59448
4.43984
4.80062
5.46132
4.17958
4.27819
4.33921
4.82317
4.52486
4.6815
4.64056
4.96185
4.04246
4.35925
4.37379
4.85035
4.91097
4.10194
4.5038
4.90172
4.25817
4.57449
5.13769
4.70056
4.21671
4.22214
4.29002
4.27284
4.3551
4.27485
4.23269
4.50772
4.45812
4.21268
4.74769
4.72922
4.25487
4.46102
4.68936
4.82871
4.66736
4.75483
4.74707
4.6172
4.31555
4.60153
4.22874
4.48295
4.38344
4.90303
4.8883
4.60456
4.42199
4.44092
4.52112
4.34818
4.62277
4.51768
4.42649
4.35059
4.66294
4.5759
5.24609
4.62043
4.33889
4.40451
4.29331
4.77669
3.92749
4.73887
4.50413
3.90825
4.29618
4.33877
4.851
4.26438
5.06337
4.5831
4.81675
4.71667
4.52326
4.81874
4.82944
4.48701
4.46569
5.19648
4.45763
4.31156
4.57369
4.21479
4.76596
4.47031
5.06191
4.78462
4.68593
4.81231
4.42612
4.47305
4.81262
4.74976
4.74124
4.75979
5.05149
4.19882
4.72173
4.0044
4.747
4.55796
4.83301
3.90144
4.10729
4.43504
5.02454
4.2484
4.8845
5.1028
4.48253
4.85634
5.54994
4.85051
4.29273
5.16063
4.3148
4.08046
4.24511
4.30958
4.90921
4.43679
5.37415
4.25498
4.40106
3.98586
4.34064
4.4584
4.27267
5.13454
4.56913
4.9565
4.65634
4.69487
4.65145
4.29971
5.06721
4.97185
4.38998
4.45537
4.53662
4.1516
4.20399
4.52832
4.01909
4.56732
4.26106
4.70584
4.59503
4.68647
4.7206
4.71189
5.07134
3.88868
4.47433
4.37667
4.67843
4.63105
4.47943
4.57212
4.88489
4.92436
4.36833
4.03282
4.83304
3.9911
4.67289
4.37744
4.50573
4.6025
4.40513
4.811
4.28154
4.65146
5.0827
4.62771
4.49297
4.67742
5.41782
4.50145
5.0609
4.21189
4.88875
4.79146
4.90214
4.20272
4.19837
4.55181
4.46499
4.68954
4.79599
4.38988
4.10922
4.72439
4.7486
4.21128
4.54091
4.7043
4.73297
4.47827
4.6981
5.00176
4.78053
4.48396
4.91215
4.2634
4.6721
4.77302
5.04439
4.58832
4.33002
4.55174
4.23978
4.33236
4.51318
4.5017
4.36025
4.43143
4.38722
4.68321
4.43896
4.94007
4.09113
4.96003
4.45367
4.27928
4.31702
4.77687
4.64716
4.6164
4.7939
4.52225
4.80399
4.52899
4.25989
4.27104
4.64953
4.15163
4.40418
4.46401
4.91094
5.01318
5.0237
4.30866
4.78862
4.77105
4.83141
4.60438
5.06843
4.72524
4.59996
4.10367
4.90052
4.27248
4.53051
4.14382
4.3325
4.6027
4.40061
4.99381
4.23218
4.51184
4.13185
4.41699
4.3593
4.704
4.37856
4.98997
4.14787
4.29536
4.30561
4.64982
4.44788
5.07609
4.24302
4.4451
3.98933
4.96372
4.39481
4.84667
4.79293
4.42444
5.04147
4.73542
4.16928
4.36997
4.36624
5.12827
5.20495
4.34779
4.4736
4.77682
4.80462
4.61633
4.93977
4.78036
4.39833
4.75017
4.78867
4.28595
4.81574
4.37497
4.5142
4.4449
4.56893
4.34224
4.66956
4.49257
4.06612
4.78527
4.66814
4.22388
4.28692
4.53671
5.06035
4.7486
4.63253
4.49662
4.13271
5.11907
4.47119
4.87274
4.72782
4.54816
4.41964
4.52049
4.97984
4.5107
4.69901
4.25624
4.18844
4.80022
3.96366
4.97329
4.86111
4.19577
4.249
4.20855
5.22516
4.78103
4.79965
4.107
4.64476
4.80491
4.43004
4.58174
4.32534
4.43577
4.37697
4.38716
4.05456
4.76478
4.39818
4.07056
4.4825
5.08499
4.54065
4.50182
4.23706
4.19752
4.74411
4.90832
4.80788
5.03008
4.7331
4.39117
5.15876
4.42302
4.64912
4.18764
4.74822
4.44147
4.6065
5.07222
4.91432
4.17078
4.50362
4.68104
4.54136
4.5543
3.96245
4.59537
3.97426
4.55128
4.46523
4.85345
4.37395
4.99984
4.22748
4.53336
4.41614
4.76345
4.50274
4.07321
4.58378
4.36795
4.68426
4.84504
4.29111
4.18719
4.7271
4.82472
4.83878
4.34924
4.32138
4.5899
4.23281
4.99314
4.14079
4.67812
4.25187
4.67005
4.55139
4.7114
4.67375
5.36303
4.62002
4.55776
4.43371
4.67922
4.02932
4.59623
4.08566
4.86771
4.398
4.74559
4.50133
4.66907
5.28223
4.67004
4.74907
4.67397
4.48901
4.27735
4.18781
4.83992
4.6134
4.33241
4.85406
4.32279
4.62001
4.4491
4.09192
4.53625
4.50719
4.59332
4.13798
4.51688
4.55554
4.55665
4.58654
4.62858
4.38606
4.4373
4.9727
3.93195
4.65474
4.87446
4.27653
4.09133
4.58325
4.30434
4.63999
4.80655
4.16257
4.51363
4.69728
4.47381
4.61307
4.46738
4.73163
3.97102
4.65447
4.21505
4.54865
4.239
4.30557
4.54821
4.61534
4.71641
4.43802
4.4308
4.61453
4.68537
4.53281
4.44404
4.38476
4.8293
5.03656
4.13977
4.77352
4.40977
4.8844
4.71485
4.39075
4.02697
4.27834
4.22502
4.71605
4.74887
4.44897
5.24718
4.23253
4.62316
4.74175
5.15141
4.72922
4.81843
4.90783
4.30213
4.73435
4.77178
4.83486
4.58366
4.33104
4.03674
4.5704
4.215
4.62547
4.66531
4.62706
4.59939
4.22539
4.44304
4.08323
4.47027
4.51909
4.85301
4.79155
4.36535
4.89726
4.69664
4.42712
4.23957
4.67981
4.35903
4.0382
4.44008
4.78519
4.66607
4.59821
4.34929
4.35427
4.43464
4.51842
4.34461
4.3501
4.80238
4.50163
4.73371
4.44535
5.53209
4.81025
4.6773
4.38281
4.53379
5.07062
4.56101
4.0373
4.59564
4.77521
4.69914
4.33039
4.89997
4.09953
4.57463
4.03636
4.21964
4.56804
3.90171
4.5695
4.53518
4.48115
4.54034
5.11069
4.50777
4.27166
5.12484
4.49161
4.89473
4.64243
4.89925
4.47673
4.68264
4.95038
4.41312
4.64384
4.06078
4.51337
4.3222
5.12612
4.42621
4.45137
4.75096
5.17005
4.81986
4.9589
4.75661
4.5679
4.89857
4.33273
4.86236
4.70663
4.36353
4.5709
4.54156
4.44916
4.88147
4.92263
4.43273
4.49581
4.52627
4.73793
4.75435
4.91227
5.50047
4.79383
4.40401
4.63705
4.71781
4.80731
4.64374
4.41224
4.89663
4.17324
4.45559
4.48704
5.08653
4.91762
4.52104
4.94367
4.10798
4.52436
4.60601
4.07717
4.54933
4.26409
4.46944
4.3649
4.57052
4.17346
4.4284
4.62255
4.27526
4.71525
4.41146
4.57337
4.71203
4.24588
5.29593
4.45431
4.6553
4.3111
4.39774
4.29701
4.28223
4.51375
4.25955
4.21855
4.83898
4.76941
4.72993
4.02355
4.48936
4.50184
4.3962
4.51472
4.38365
4.57815
4.70379
4.37278
4.19126
4.71453
4.7149
4.88937
4.29182
4.61174
4.48684
4.37725
5.05256
4.66673
4.78826
4.63303
5.04345
4.5315
4.51685
5.36117
4.51237
4.39247
4.89439
4.49915
4.19153
4.56672
4.99315
4.7805
4.65963
3.90686
4.18479
4.43496
4.55144
4.53607
4.83574
4.25735
4.74002
4.2767
4.17484
4.59079
4.96177
4.48583
4.46051
4.47314
4.36732
4.69703
5.54048
5.13584
4.6774
4.50193
4.56769
4.4322
4.79164
4.472
4.54601
4.28526
4.50799
4.68291
4.41355
4.56644
4.42935
4.57147
4.7647
5.43332
4.33715
4.10869
4.53485
4.40973
4.30211
4.45496
4.46911
4.67237
4.53295
4.66678
4.14722
4.77149
4.13069
4.19313
4.84322
4.5832
5.28435
4.36681
4.53914
4.96843
4.57181
4.64911
4.61938
4.70615
4.29353
4.69572
4.64633
5.03647
4.64784
4.41591
4.36741
4.92508
4.71938
4.71998
4.37125
4.52157
4.55287
4.77723
4.74464
4.11846
4.50415
5.34431
4.60109
4.21026
4.61295
4.47321
4.66533
4.21138
4.55431
4.29593
4.83646
4.84268
4.25033
4.5412
4.67645
3.82773
4.7111
4.99839
4.26625
4.26628
4.51377
4.9859
4.46183
4.29604
4.8662
4.56601
4.40836
4.87826
4.35044
5.27507
4.44928
4.50369
4.59096
5.12848
4.68373
4.61001
4.03548
4.72834
4.73576
4.81654
4.53502
4.46114
4.83236
4.60123
4.36122
5.00578
4.48718
4.4494
4.47486
4.42977
4.52257
4.62986
5.57
4.51433
4.6701
4.96961
4.39477
5.04796
4.55891
4.47292
4.44288
4.29669
4.54882
4.50521
4.70081
4.39563
4.67636
5.67999
4.10728
4.7108
4.37629
4.29676
4.96929
4.42808
4.28062
4.26852
4.86523
4.61758
4.19044
4.46613
4.07332
5.21101
4.76846
4.18732
4.7896
4.40438
4.34444
4.40755
5.14119
5.39938
4.2517
4.67632
4.80783
4.45531
5.10887
5.19374
4.62763
4.45749
4.29063
4.81316
4.91727
4.40479
4.33676
5.0289
5.26586
4.97293
4.85735
4.66932
4.401
4.29341
4.54927
4.18375
4.14146
4.48298
5.16775
4.22119
4.50876
4.18021
4.32775
4.32503
4.93939
4.90846
4.22431
4.37533
4.511
4.54898
4.76224
4.55113
4.30199
4.31671
4.7175
4.41327
4.27551
4.44136
4.58289
4.27049
4.38416
4.30618
4.55711
4.77299
4.61566
4.58801
5.24764
4.79825
4.73325
4.87369
4.41361
5.24372
4.58411
4.40162
4.47987
4.15858
4.82545
4.57263
5.16474
4.81455
5.11546
4.71351
4.29649
4.0464
4.64834
5.39454
5.47705
4.59878
4.80319
4.96558
4.40409
4.81245
4.88433
4.49153
4.47811
4.38522
3.94066
4.81522
4.1614
4.45414
4.44639
4.59149
4.60438
4.97627
4.06251
4.33811
3.96474
4.56816
4.76099
4.98549
4.63902
4.44293
4.37856
4.33442
4.84553
4.50208
4.86124
4.28322
4.80307
4.74475
4.4295
4.14302
4.58073
4.17287
3.9052
4.80928
4.65399
4.91903
4.2679
4.31503
4.38369
4.51637
4.7353
4.55011
4.26233
4.42294
4.09265
4.43413
4.9388
4.44786
4.87795
4.31066
4.3929
3.90504
4.62442
4.71801
4.56443
4.34653
4.18376
4.79985
4.46921
4.47173
4.62285
4.60167
5.01345
5.09879
4.97445
4.35641
4.55168
4.59043
4.70149
5.84825
4.7321
4.71891
4.32037
4.92518
4.4722
4.51328
4.77783
4.17373
4.42405
4.11449
4.50332
4.50534
5.08492
5.25921
4.98804
5.14942
4.68518
4.75924
4.44425
4.46569
4.40616
4.63704
4.37722
4.57059
4.62499
4.72331
5.13672
4.63167
4.30912
5.20308
5.00955
3.99071
4.52469
5.06098
4.32317
4.39836
4.54592
5.44084
4.47694
4.68544
4.46383
4.47897
5.15985
5.52391
4.92399
4.49498
4.57654
4.33602
4.77789
5.05748
4.54924
4.38138
4.50806
4.85544
4.62156
5.0733
4.31864
4.69439
4.52003
4.11143
4.50735
4.84746
4.63328
3.92133
4.55852
4.50266
4.3998
4.17702
4.56197
4.12581
4.00737
4.29099
4.38633
5.21075
4.84573
4.6096
4.88987
4.91046
5.39426
4.48872
4.50316
4.19614
4.92135
4.5507
4.38651
4.56913
5.13793
4.7887
4.39438
4.8867
4.33652
4.87365
4.10625
4.55395
5.04576
4.76108
4.78446
4.74115
4.27106
4.48474
4.25533
4.42214
4.33867
4.91314
4.29644
4.95459
4.38005
5.4276
5.15988
4.75166
4.65245
4.5231
4.34281
4.93837
4.6498
4.45739
4.7254
4.44317
4.13585
4.52725
5.11349
4.81131
4.42964
4.31313
4.47083
4.51791
4.33493
4.27143
4.15849
4.67463
4.76403
4.82121
4.52986
4.46269
4.57034
4.04059
5.21747
4.36991
4.66718
4.82016
4.57139
4.38356
4.25502
4.40512
4.34955
4.36817
4.95369
4.48451
4.20096
4.43822
4.40596
4.84743
5.01081
4.56526
4.4887
4.39095
4.16913
4.93859
4.49155
4.83769
4.13356
4.16847
4.53541
4.76266
4.95359
3.84558
4.18594
5.05778
4.49961
4.33756
4.68376
4.59801
4.35171
3.92812
4.99611
4.34859
4.41804
4.27839
4.5081
4.42308
4.20176
4.44537
4.28694
4.29025
4.55377
4.89851
4.33888
4.5808
4.53967
5.12208
4.01287
4.99578
4.51211
4.98894
4.43812
4.32624
4.13471
4.55856
4.51755
4.94906
4.49778
4.79543
4.78353
4.83371
4.13212
4.39962
5.31149
4.63751
4.4385
5.49071
4.12703
4.34331
4.65371
4.86156
4.24574
4.55595
4.46714
4.526
3.94906
4.4902
4.84177
4.80297
4.41236
4.14057
4.73085
4.3704
4.23279
4.70777
4.33584
4.64109
4.67775
4.65735
5.04828
4.58762
4.61291
4.28552
4.48231
4.91473
4.28667
4.92229
4.1485
4.49954
3.93752
4.66938
4.54486
4.36835
4.41454
5.30453
4.37947
4.8033
4.88032
4.56425
4.83879
4.7544
4.37306
4.51962
4.84333
5.17427
4.82733
4.5135
4.29967
4.54841
4.00729
4.58754
4.58332
3.95582
4.49315
4.68907
4.07295
4.50655
4.36058
4.97166
4.73891
4.24903
4.94644
4.11636
4.54445
4.75932
4.60126
4.90132
4.90985
4.91304
4.29221
4.27865
5.0074
4.63562
4.32895
4.66018
4.69233
5.40162
4.5704
4.52639
4.76241
4.30002
4.43659
4.69572
4.77194
4.88572
4.22275
4.46715
4.3964
4.65119
4.19124
5.61441
5.09267
4.61438
4.5664
4.71308
4.44337
4.05899
3.97354
4.61744
4.24241
4.46088
4.5289
4.9343
4.53096
4.7599
4.49489
4.67777
4.27756
4.94912
4.42307
4.37631
4.68798
4.43152
5.24883
4.43346
4.47231
4.5367
4.39254
3.85889
4.30642
4.45991
4.41754
5.00785
4.42413
4.30083
4.55218
4.27253
4.27135
4.41321
4.68096
4.02029
4.63922
4.54095
4.50023
5.1484
4.61621
4.47184
4.41427
4.53787
4.22692
4.3741
4.67744
4.28895
4.65123
4.08412
4.63332
4.40743
4.91208
4.34621
4.52244
4.37673
4.89928
4.27058
4.59897
5.53576
4.46784
4.22289
4.25153
4.96962
4.75179
4.44698
4.4731
4.46772
4.10944
4.51299
4.57058
4.64462
4.40299
4.83764
4.47957
4.51883
4.46131
4.21336
4.61679
4.24105
4.51589
4.38784
4.15276
4.32946
4.1202
4.67206
4.1827
4.35176
4.68093
4.57212
4.62738
4.80161
5.04355
4.40991
4.28943
4.27554
4.93009
4.40761
4.50718
4.572
4.46886
4.52014
4.66509
5.04458
4.55587
4.89918
4.38151
4.87977
4.56426
4.51005
4.50378
4.46599
4.46614
4.35947
4.8161
4.53458
4.43758
4.83674
4.62584
4.93454
4.81213
4.41222
4.86293
4.2037
4.56144
4.57061
4.35866
4.6384
3.96172
4.59458
4.84445
4.16216
4.60911
4.12684
4.46071
4.5149
4.8635
5.07586
5.33999
4.68069
4.66817
4.99192
4.16644
4.39984
4.07371
4.94209
4.2199
4.79467
4.54966
4.31731
4.5227
3.96445
4.24538
4.86451
4.90955
4.34573
4.57458
4.84607
4.54457
4.73669
4.50995
4.74011
4.47976
4.77541
5.06716
4.51741
4.4427
4.92825
4.32469
4.57646
4.4285
4.62853
4.30179
4.6801
4.2312
4.25698
4.92613
4.47571
4.92206
4.53969
4.28818
4.45531
4.42343
4.68537
4.87292
4.65196
4.52862
4.77069
3.9098
4.7948
4.72794
4.71328
4.72838
4.45018
4.28644
4.21117
4.21331
4.48105
4.74167
5.18054
4.96623
4.16153
4.58235
4.98471
4.09818
4.09988
4.59449
4.60213
4.85186
4.60877
4.42507
4.72233
4.72855
4.12245
4.37846
4.85334
4.44432
4.78025
4.91912
5.32137
4.13386
4.45977
4.66743
4.53362
4.64887
4.28746
4.20531
4.21561
4.6315
4.5476
4.26839
4.96499
4.79624
4.69648
4.7962
4.92821
4.37365
4.70729
4.50494
4.48681
4.11862
4.28597
4.29793
4.6171
4.92301
4.2776
5.22818
4.71179
4.30977
4.39073
4.86771
5.26769
5.07706
4.54957
4.43584
4.58296
4.73113
4.3946
4.34125
4.2567
4.64509
4.88752
4.64211
4.95423
4.74921
4.43385
4.68186
4.23946
4.17387
5.24142
4.77156
5.09091
4.14792
4.41034
4.68965
4.26594
4.82703
5.01553
4.45934
5.03342
4.83104
4.50233
4.65542
4.71676
4.52632
5.38262
4.71512
4.13961
5.06533
4.63717
5.27645
4.6526
4.51197
4.74977
4.27271
4.6707
4.60483
5.36534
4.99705
4.89592
4.15117
5.0182
4.29057
4.37176
4.60641
4.479
4.89636
5.73804
4.49317
4.34568
4.19227
4.46783
4.69481
4.84145
4.30558
4.67535
4.48178
4.46613
4.29376
4.68354
4.48231
4.96899
4.67332
4.58037
4.49629
4.62923
4.34119
4.42699
4.78989
4.5486
4.73856
4.92944
4.65976
4.451
4.41437
4.48218
4.42861
4.27508
4.79579
4.51362
4.2461
4.48933
4.50393
4.5567
4.3933
4.60109
4.85946
4.27037
4.35977
3.93217
4.58878
4.39693
4.89561
4.11464
4.59232
4.32852
4.14458
4.60825
4.35469
4.81372
4.73128
4.8764
4.51146
4.72059
4.26005
4.06253
4.58538
4.05625
4.30768
4.43673
4.22364
4.16747
4.70369
4.28891
4.4975
4.27939
4.55603
4.89042
4.14053
4.15475
4.83936
4.55502
4.56728
4.31549
4.53398
4.10559
4.10465
4.69519
4.52754
4.71258
4.634
4.68329
4.41247
4.75401
3.94776
4.37486
4.39933
4.66642
4.70008
4.6656
4.24174
4.81211
4.98598
4.55897
4.58841
4.84472
4.97468
5.08138
4.56271
4.36765
4.67681
4.49553
4.70749
4.3551
3.90858
4.30758
4.45472
5.00516
4.782
4.12255
4.35173
4.87496
4.64595
4.7767
4.69073
4.98185
5.14876
5.26638
5.1351
4.70053
4.58917
4.68664
5.0058
4.65784
4.96158
4.5333
5.28441
4.14595
4.48877
4.19348
4.28534
5.02113
4.36675
4.47209
4.4452
4.90555
4.27504
4.64871
4.87968
4.56653
4.7023
4.77813
4.14037
4.34301
4.54544
4.09426
3.94678
4.33087
4.44563
4.35513
4.80285
4.93873
4.74994
4.47909
4.65546
4.86186
4.44143
4.43455
4.76963
4.80517
4.99009
4.05616
4.67871
4.02145
4.55536
4.55718
4.64907
4.53166
4.57688
4.52158
4.74157
4.18978
4.51351
4.73252
4.67721
4.35992
4.91865
4.55576
4.43625
4.25314
4.51244
4.56156
4.56002
4.62107
4.36045
4.84821
4.50235
4.23274
4.6244
4.63747
4.87491
4.81945
4.83904
4.46333
4.65195
4.42573
4.59849
4.84595
4.78291
4.53059
4.60845
4.85058
4.75056
4.70609
4.27481
3.98017
4.71719
4.55509
4.61777
4.45691
4.56157
4.9322
5.26594
3.93256
4.31585
5.03736
4.50256
4.45486
5.02455
4.92111
4.23553
5.07088
5.17293
5.41149
4.69545
4.96119
4.34111
5.23723
4.16768
4.79008
4.33857
4.35966
4.90964
4.57898
4.47699
4.35507
4.61988
4.60379
4.59369
4.80227
4.57229
4.43804
4.42417
4.33658
4.13939
4.69079
5.07132
4.62519
4.51813
4.56262
3.947
4.25738
4.16032
4.32978
4.67202
4.65387
4.67546
4.16336
4.22447
4.48531
4.33873
4.17372
4.86468
4.63798
5.02696
4.21693
4.82132
4.54756
4.66136
5.04472
4.68582
4.95106
4.32512
4.46301
4.53868
5.04137
4.71413
4.46117
4.38054
4.82447
4.8374
4.58797
4.43661
4.56975
5.10697
4.40968
4.43554
4.7722
4.54976
4.06678
4.68185
4.82353
5.23935
4.16355
4.70001
4.8387
4.99379
4.8971
4.72992
4.71366
4.69747
4.02295
4.29133
4.54973
4.73804
4.05849
4.25856
4.4809
4.36564
5.04118
5.0481
4.48133
4.95854
5.28561
4.66538
4.16987
4.47963
4.6251
5.36265
4.35008
5.46363
4.33389
4.39662
5.05766
4.51822
4.38324
4.14379
4.42055
4.56035
4.21595
4.91453
4.52092
4.44703
4.65931
4.21253
4.25881
4.49857
4.63453
4.53728
4.35283
4.43083
4.85323
4.5734
4.56331
5.33177
4.66015
4.74949
4.54684
4.35653
4.80667
4.72229
4.59401
4.32693
4.46734
4.09329
3.97378
4.44274
5.01303
4.3406
4.79742
4.92081
5.01694
4.37542
4.4075
4.30765
5.42379
4.79427
4.92001
4.07391
4.37959
4.25591
4.35082
4.57243
4.56216
4.69782
4.91593
4.16263
4.32774
4.59119
4.73308
4.6294
4.13407
5.12616
4.63499
4.25865
4.07218
4.69216
5.40018
4.55535
4.58845
4.74334
5.34548
4.42959
4.27172
4.58252
4.28945
4.40619
4.20321
4.73747
4.44278
5.23594
4.53511
4.605
4.23061
4.69536
3.99018
4.33584
4.60856
4.29566
4.42923
4.5842
4.63904
4.65313
4.90908
4.63187
4.55185
4.4461
4.25891
4.50412
4.77916
4.3565
4.33839
4.4466
4.56895
4.1536
4.35983
4.00888
5.01273
4.27876
4.71554
4.66304
4.17112
4.41266
4.00962
4.31521
4.88188
4.38959
4.36032
5.15753
4.60428
4.38838
4.82848
4.54957
4.55688
4.82484
4.12143
4.51792
4.35308
4.26765
4.56906
4.28466
4.3814
4.74836
4.50401
4.60589
4.29031
4.63896
4.57336
4.45307
4.59714
4.35743
4.67945
4.36443
5.21698
4.62588
4.44899
5.00983
4.53584
4.1091
4.49349
4.64141
4.50722
5.1177
4.68626
4.58482
4.55666
4.90297
5.12806
5.0798
4.33512
4.61628
4.39167
4.41681
4.75374
4.43936
4.79489
4.393
4.16562
3.93769
4.70111
4.42484
4.27195
4.37352
5.17244
4.60685
4.61072
5.027
4.78871
4.49289
5.04649
4.59135
4.28088
4.72878
4.81959
4.31265
4.51085
4.89936
4.59615
4.85583
4.87478
5.21381
4.92559
4.23699
4.47989
4.20806
4.74147
4.27189
5.4317
4.36674
5.13081
4.20768
4.76767
4.55441
4.34265
4.42805
4.66549
4.5135
4.14119
4.86583
4.38399
4.6
4.96806
4.82598
4.08426
5.26639
4.77248
4.82463
4.58584
4.82884
4.59757
4.66398
4.73761
4.71386
4.77153
4.87907
4.6608
4.88295
4.85346
4.93265
4.48408
3.94295
4.28341
4.28167
4.55908
4.45751
4.51834
4.57932
4.28159
5.44152
4.74839
4.68135
4.68935
4.49402
4.46945
4.50089
4.64484
4.54499
4.56253
4.48187
4.25619
4.02868
4.53818
5.00274
4.39237
4.46895
4.37175
4.51898
4.68262
4.85804
4.2989
4.94328
4.33278
4.39717
4.65896
4.47454
4.38543
4.71927
4.7604
4.91947
4.47111
4.39835
4.89527
4.78652
4.19281
4.827
4.1576
4.23333
5.0089
4.45341
4.52626
4.60036
4.52831
4.40839
4.44102
4.52756
4.34205
4.83905
4.32705
4.42895
4.87689
4.71634
5.64481
4.56235
4.1479
3.99559
4.48157
4.74941
4.32332
4.60597
4.40285
4.37982
4.29561
4.73366
4.6879
4.50955
4.38007
4.52832
3.98916
4.75995
4.63319
4.5939
4.44669
4.2421
4.64051
4.78796
4.38808
4.37676
5.33098
4.95345
4.45112
4.04027
4.81218
5.22596
4.29347
4.57068
5.11001
4.36255
4.67408
4.44166
4.5912
4.60062
4.6589
4.10366
4.21283
4.48973
4.40464
4.59407
4.19029
4.39004
4.99045
4.23881
4.83887
4.60082
4.27667
4.61744
5.13181
4.27573
4.17856
4.4243
4.46434
4.1768
4.64315
4.226
4.25621
4.75767
4.18638
4.65566
4.9138
4.49107
4.47063
5.78649
4.40726
4.24428
4.07943
4.78288
4.43921
4.95579
5.0979
4.35357
4.80359
4.4523
4.67684
4.37835
4.37604
4.40928
4.27461
4.07551
4.8347
4.1924
4.81073
4.76975
4.82651
4.22808
4.29862
4.39749
5.48764
4.01672
5.09104
4.62185
4.48689
4.66425
4.28122
4.10509
4.0048
4.42067
4.50531
4.67603
4.58696
4.55728
4.62373
4.05862
4.01848
4.6135
4.41514
4.61652
4.2839
5.14128
4.48196
4.67963
4.19689
4.46347
4.66504
4.6307
3.9472
4.16323
4.56747
4.24664
4.79861
4.15872
4.52671
4.44674
4.2551
4.50282
4.88884
4.61979
4.55378
4.45682
5.04993
4.8494
4.78785
4.57441
4.19091
4.37688
4.40193
4.45467
4.10203
4.9012
4.18909
4.91132
4.74545
5.0592
5.00392
4.46907
4.49065
4.41753
4.11934
4.23927
5.53539
4.15633
4.74825
4.8505
5.17915
4.47217
4.81612
4.66666
4.40458
4.6771
4.76427
4.19807
4.69259
4.50976
4.59485
4.38988
4.91659
4.31287
4.57092
4.62453
4.32775
4.66804
4.42773
5.5396
4.23924
4.34965
4.20347
4.3762
5.02725
4.41149
4.61316
4.0328
4.6246
4.1371
4.51982
4.11888
4.59135
4.60831
4.11914
4.5488
4.42304
4.89816
5.22044
4.14935
4.2961
4.95293
4.60971
5.16266
4.92282
4.30286
4.25206
4.78046
4.24197
5.18833
4.79862
4.49701
4.1877
4.7404
4.70681
4.47561
4.66896
4.43985
4.75478
4.19154
4.73956
4.61842
4.58097
4.61048
4.63883
4.96213
4.287
4.35721
4.25284
4.44849
4.78874
4.57958
4.77129
4.69391
4.17469
4.3569
4.83202
4.2875
4.8305
4.21267
4.37078
4.3062
4.4546
4.43049
4.72963
4.67761
4.98658
4.38458
4.67968
4.41307
4.66417
4.44539
4.30668
4.12182
5.09456
4.34868
4.36215
4.92984
4.42439
4.57032
4.77658
4.13715
4.72067
4.51783
4.37369
4.44375
5.23891
4.54844
4.21931
4.83756
4.72133
4.32073
4.49976
4.49845
4.61904
4.53901
4.41854
4.40188
4.25009
4.91068
4.7035
4.67883
4.61881
4.11965
4.68924
4.89274
4.42772
4.33954
4.75772
4.96616
4.52159
4.33291
4.63369
4.24369
4.40162
4.6725
4.50233
4.02043
4.87781
4.43604
4.57247
4.1752
4.64699
4.85173
4.51456
4.65689
4.70786
4.59695
4.38074
5.14473
4.20662
4.65269
4.45527
4.30017
4.24147
5.01453
4.45594
4.67708
5.21821
5.14234
4.65903
4.26469
4.22759
5.05744
4.74097
4.63479
4.95293
4.74462
4.35996
4.72645
4.70732
5.23998
4.60448
3.94519
4.60038
5.17839
4.64492
4.26008
4.30303
4.48768
4.34876
4.04036
4.4736
4.43134
4.54203
4.90074
4.8468
4.55162
4.79908
4.24214
4.62762
4.53629
4.25732
4.78922
4.38757
4.49749
4.81112
4.31426
4.23104
4.58943
4.70838
5.0064
5.14208
4.37742
3.99656
4.1573
4.49034
4.54943
5.52773
4.39802
5.10923
4.009
4.4494
4.02157
4.57126
4.70599
4.83655
4.52995
4.74199
5.16281
4.29375
4.57897
4.41044
4.44008
4.58828
4.72219
4.82514
4.33693
4.51354
4.68133
4.43671
4.80069
4.52889
5.11962
4.86299
4.83628
4.36056
4.33969
4.48339
4.55919
4.09557
4.31118
4.67484
4.75973
4.74382
4.45252
5.30456
4.86048
4.59039
4.344
4.64884
4.71574
4.28072
4.69706
4.28657
4.30064
4.67531
5.3372
4.81405
4.19262
4.49823
3.93129
4.14552
5.43134
5.33817
4.37443
4.40001
4.61322
3.96791
4.65017
4.5347
4.43693
4.93238
4.33955
4.21228
4.58656
4.64204
5.08235
4.60427
4.65426
4.23646
4.7735
4.454
5.04539
4.53127
4.30732
5.24039
4.14875
4.36841
4.85495
4.25904
5.09613
4.46467
4.95264
4.39905
4.31832
4.13126
4.84423
4.62649
4.16593
3.99921
4.27077
4.51097
4.43539
5.00537
4.40045
4.47918
4.91253
4.78362
4.70239
4.37533
4.7853
4.93327
4.53413
4.70607
4.76452
4.44778
4.75973
4.34939
4.7784
4.84864
4.14764
4.46198
4.41919
4.63607
4.07861
4.84521
5.05721
4.96854
5.02916
4.50951
4.28099
4.72693
4.22127
4.86968
4.39119
4.45424
4.11527
4.15988
4.71765
4.35664
4.15842
4.51764
4.26203
4.96251
4.82392
4.62756
4.42101
4.58497
4.52745
4.69331
4.64235
4.00199
4.66508
4.30197
4.96057
4.63276
5.32795
5.14103
5.01981
4.15164
4.86719
4.5516
4.50808
4.56885
4.00335
4.26736
4.31418
4.37608
4.41246
5.03068
4.41003
4.88942
5.54847
4.801
4.22077
4.70875
4.24715
4.65025
5.24585
4.48109
4.15643
3.98632
4.53486
4.86775
4.7924
4.44025
5.01818
4.86073
4.40904
4.48966
4.68247
5.44842
4.94443
4.43247
4.62364
4.258
4.58631
4.18392
4.8397
4.78842
4.47658
5.01876
4.93932
3.97501
4.17718
4.69282
4.37104
4.77318
4.41415
5.04845
4.5307
4.57154
4.33198
4.47717
4.72271
4.54331
4.43072
5.11264
4.35873
4.63525
4.24751
4.6241
4.55055
4.18977
4.34199
4.68519
4.64292
4.26553
5.00626
4.82209
5.27613
4.20643
4.39949
4.78104
4.08112
4.35401
4.98935
4.28689
4.14378
4.1585
4.57048
4.69902
4.40609
4.42045
4.78804
4.88007
4.39331
3.93136
4.14951
5.14236
4.61274
4.85182
5.39966
5.17727
4.27373
4.7104
5.45804
4.36397
4.56508
4.77073
4.48527
4.74839
4.50332
4.42599
4.71099
4.3182
4.41253
4.61141
4.53196
4.84998
4.62245
4.3799
4.70613
4.37557
4.32627
4.68649
4.39966
4.52682
4.33909
4.5675
4.26789
4.25344
4.33087
5.28627
4.90828
4.4841
4.06631
4.22685
4.5122
4.20828
4.61001
5.06401
4.84478
4.80662
4.95161
4.33091
4.96601
4.983
4.7524
4.5616
4.41101
4.75929
4.32913
4.29682
4.3841
3.82493
4.85014
4.77577
4.55158
4.94037
4.53753
4.61355
4.64386
4.51796
4.9016
4.56198
4.26675
3.83827
4.12641
4.9183
4.52971
4.82746
4.40774
4.91975
4.6498
4.81799
4.6917
4.14847
4.90078
4.57352
4.39553
4.7792
4.06526
4.59808
4.7384
4.375
4.65451
4.67818
4.8238
4.36895
4.15539
4.4939
4.53199
4.61641
4.76066
5.15777
4.62806
5.02612
4.43021
4.97336
4.7862
4.32804
4.99861
4.37118
4.64045
4.67761
4.48167
3.99116
4.11151
4.6305
4.44846
4.5372
4.87424
4.48138
4.37657
4.24809
5.32533
4.85096
4.18419
4.60747
3.93763
4.54695
5.01672
4.22336
4.60484
5.12446
4.50386
4.36996
4.44121
4.5252
4.85291
4.50251
4.47826
4.40959
4.16732
4.83998
4.76947
4.21104
5.34893
4.41375
4.72721
3.88271
4.28072
4.08005
5.1616
4.75845
4.19921
4.37803
5.29088
4.29388
4.51824
4.69519
4.60885
4.95847
4.9538
3.94358
4.66965
4.19116
5.08508
4.27809
4.60067
3.9789
4.53168
4.31993
4.61422
4.60035
4.53343
4.48224
4.38909
5.14131
4.57479
5.89577
4.62515
4.4861
4.29807
4.37246
5.53289
4.60757
4.5053
4.53031
4.78721
5.16113
4.67984
4.52708
4.49301
4.67412
4.90474
4.94457
4.66911
4.03761
4.63077
4.44835
4.83236
4.29441
4.47484
4.43858
4.14248
4.44102
4.39644
4.02819
4.34809
4.72718
4.79012
4.37157
5.11598
4.60084
5.35768
4.75711
4.25772
4.57523
4.62432
4.46847
4.28997
4.58249
4.28674
4.93644
4.50684
4.66336
5.25821
4.47114
4.67971
4.90368
4.68473
4.31996
4.40658
4.58637
4.29428
4.71628
4.4827
4.44875
4.33346
4.50112
4.75474
4.65054
4.32692
4.17384
4.71813
5.10285
4.83579
4.29353
4.70567
4.40927
4.94887
4.75773
4.27531
4.99993
5.31629
4.53944
5.06616
4.32237
5.0243
4.33338
4.39647
4.4978
4.6352
4.49949
4.06911
5.00042
4.76685
4.3646
4.54506
4.84812
4.73787
4.33115
4.45977
4.94989
4.20295
5.03887
5.06774
4.34097
4.53105
4.87203
5.06306
4.56532
4.83312
4.70252
4.50659
4.83664
4.72759
4.81877
4.39371
4.87098
4.64066
4.70089
4.98539
4.63298
4.58635
4.7029
4.54034
4.68886
4.36814
4.11802
5.40352
4.94809
4.13969
4.39453
4.27358
5.08382
4.70604
5.15596
4.44774
4.51431
4.69266
4.3975
4.27866
4.44805
4.27454
4.19797
4.33236
5.0228
4.58729
5.21517
5.04793
4.50202
4.49542
4.58894
4.15049
4.53141
4.48327
4.81994
4.51018
4.69674
4.55436
4.14402
4.4848
4.38298
4.88075
4.50764
4.37498
4.55388
4.68396
4.65475
4.45883
4.67988
4.77547
4.47572
4.74361
3.99376
4.61246
4.39313
4.00269
3.9052
4.11032
4.80064
4.29964
4.31387
4.09096
4.54165
5.26901
4.67558
4.49492
4.33655
4.75208
4.19741
4.30244
4.47844
4.42282
4.95293
4.83072
4.65659
4.77561
4.85841
5.05252
5.12709
4.40757
4.53156
4.34863
4.65375
4.80048
5.01022
4.03636
4.23516
4.70666
4.21722
4.64689
4.73645
4.66964
4.55527
5.37197
4.64875
4.42116
4.38064
5.07518
5.79443
4.59213
4.66365
4.84476
4.49853
4.99735
5.09657
4.48682
5.06848
4.42723
4.07768
5.08442
4.18343
5.122
4.57081
4.39777
4.47024
4.34328
4.53738
4.19669
4.41259
4.75127
4.40733
4.71969
5.21157
4.52281
4.59173
4.62775
4.82026
4.92649
4.7979
4.50719
4.43724
4.57704
4.81318
4.49536
5.09904
4.32687
4.92077
4.53264
4.28966
4.985
4.57391
4.3384
4.52222
4.4697
4.20976
4.7141
5.13323
4.11573
4.49507
5.01229
4.1129
4.16944
4.73638
4.38528
4.81171
4.79566
4.66789
4.34934
4.41907
4.91573
4.11879
4.70348
4.75889
4.45914
4.96398
4.41715
4.64057
4.41711
4.58642
4.27117
4.29716
5.31687
4.44619
4.40253
4.47847
4.62915
4.96113
4.79631
4.28346
4.64161
4.67189
4.20273
4.22526
4.24258
5.02778
4.24749
5.14337
4.65871
4.88003
4.42436
4.52552
4.73927
5.32028
4.46925
4.77787
4.71657
4.34883
4.36741
4.33528
4.32363
4.38529
4.18202
3.99892
4.7184
4.69351
5.03418
4.65933
4.27369
4.40164
4.15354
4.30374
4.51176
4.54005
4.34464
4.64942
4.55424
4.8175
4.29419
4.39258
4.41746
4.96468
4.48489
5.09459
4.30426
4.83203
4.2383
4.17961
5.36704
5.5574
4.47762
4.18085
4.58167
4.63077
4.58218
4.77388
4.35032
4.96161
4.24401
5.16219
3.80554
4.57174
4.52013
5.28766
4.25108
4.74861
4.25975
4.77254
4.64295
4.86505
4.58503
4.17072
5.38717
4.42796
4.55919
4.75608
4.39428
4.33748
4.21799
4.77637
4.39299
4.15814
4.63817
4.99977
4.78272
4.26256
4.54386
5.18339
4.6898
4.33023
4.58903
4.8477
4.88632
4.49901
4.56645
4.31388
4.29533
4.24875
4.08393
4.60882
4.55618
4.74396
4.33781
4.74102
4.31652
4.54524
4.88388
4.67525
4.46822
4.69237
4.93322
4.92231
4.85828
4.22393
4.23128
4.14885
4.24348
4.35282
4.57406
4.16645
4.97112
5.07309
4.37654
4.55754
4.65605
4.55509
5.02001
4.26551
4.81212
4.60327
4.3199
4.0235
4.63157
4.79018
4.25929
4.73369
4.29077
4.53021
4.41098
4.62312
5.04106
4.46329
4.47191
4.78951
4.66621
4.48829
4.55978
4.40829
4.54247
4.65542
4.28494
4.42159
4.5512
4.40974
4.06821
4.43327
4.30975
4.47339
4.9624
4.57442
4.74257
4.54692
4.90769
4.57947
4.69864
5.05568
4.22036
4.84188
4.39686
4.68577
4.28319
4.84743
4.46403
4.35066
4.71875
4.57064
4.42805
4.55861
4.74855
4.36512
4.52237
5.53901
4.30325
4.53396
4.1641
4.44576
4.29634
4.72504
4.22245
4.77382
4.52202
4.34792
4.97855
4.78755
4.74009
4.85988
4.56688
4.40067
4.55895
4.46619
4.1204
4.2886
4.30023
4.52795
4.4481
4.60913
4.67839
4.481
4.8293
4.65927
4.18505
5.45047
4.45286
4.47648
4.20736
4.27998
4.69893
5.17067
4.46101
4.16987
4.81006
4.55192
4.78852
4.60234
4.42355
4.60836
4.60556
4.0892
4.6751
4.94268
4.69007
4.15283
4.58827
4.51929
4.30488
4.30654
4.48557
4.51843
4.52927
4.60848
4.33082
5.2427
5.29578
4.56075
4.76245
4.219
4.67576
4.79703
4.43297
3.84902
4.88566
4.79097
4.95481
4.21104
5.09695
4.52419
4.58516
4.61059
4.48931
4.28003
5.0482
4.90335
4.16066
3.93853
4.79199
4.72518
4.39565
4.97622
4.76659
4.2229
4.69232
5.1006
4.72932
4.47795
4.38238
4.89757
4.27901
4.96149
4.22108
4.50048
5.42028
5.03365
3.99929
4.74517
4.31341
4.48311
4.45399
4.71435
4.54291
4.41269
4.06712
5.08481
4.85523
5.0455
4.68775
4.81462
5.08567
4.89353
4.68494
4.62051
4.20148
4.58634
5.02223
4.97271
4.64342
4.14412
4.28322
4.87491
4.25528
4.48876
4.3475
4.55947
4.60349
4.4544
4.60476
4.65694
4.2371
4.99419
4.79503
4.67196
4.57194
4.94223
4.25518
4.82253
4.15227
3.89857
4.40573
4.73786
4.70281
4.93406
4.78764
4.77571
4.2297
4.51784
4.62214
4.3295
4.55892
4.72561
4.56519
4.67737
4.38565
4.20192
4.55027
4.17889
4.29677
4.28442
4.48089
4.63122
4.6336
4.14357
4.61452
4.21853
4.5625
4.68827
4.17521
5.27503
4.50719
4.86493
4.65877
4.49407
4.77557
4.6961
3.9026
4.95674
4.50953
4.43524
5.02355
4.76154
4.47479
4.69108
4.65602
4.41342
4.32446
4.64678
4.10712
4.63951
4.60114
5.30767
4.56229
4.64532
4.63643
5.75202
4.49663
4.71615
4.46107
4.32991
4.14786
4.48165
4.24289
4.62684
4.16647
4.86848
4.12935
4.2669
4.31426
4.36455
4.7851
4.99239
4.46203
4.43971
4.50623
4.46845
4.82859
4.77146
4.92114
4.60271
5.20567
3.87586
4.96588
4.6061
4.37074
4.76872
4.24628
4.9661
4.41598
4.37783
4.32189
4.36895
4.40432
4.42805
4.03213
4.6504
4.86654
4.59081
4.40439
4.48899
4.64684
4.20322
4.50045
4.90277
4.61597
4.42171
4.5377
4.6962
4.77455
4.27518
4.25098
4.22432
5.01639
4.43806
4.54527
5.38444
4.61776
4.88789
4.43151
3.93041
4.79234
4.91643
4.28863
4.71764
4.92178
4.49893
4.04931
5.1882
4.53603
4.36924
4.58299
4.43787
4.12899
4.57214
4.87816
4.30272
4.38911
4.40305
4.70536
4.573
4.90095
4.69775
4.40192
4.35696
4.39882
4.4824
4.55774
4.55565
4.79376
4.11265
4.25207
4.47702
4.76174
4.50835
4.74164
5.33394
4.42659
4.62416
4.84905
4.08563
4.23876
4.88538
4.70494
5.35398
4.37783
4.51366
4.06174
4.22966
4.28177
4.13655
4.66358
4.6961
4.74709
4.6584
4.1449
5.30035
4.60954
4.36733
4.90039
4.61586
4.94733
5.44231
4.81415
4.30517
4.60328
4.71093
4.67103
4.18231
4.61694
4.1998
4.95181
4.16614
4.58019
4.90069
4.41246
4.88879
4.14453
4.88478
4.44566
4.45357
4.20742
4.58014
4.73157
4.79794
4.26481
5.02719
4.99223
4.06499
4.33762
4.06803
4.90752
4.37308
5.0297
4.68016
4.35651
4.51379
4.3101
4.5813
4.56968
4.48808
5.08346
5.03258
4.45828
4.53823
4.79896
4.19523
4.24375
4.59832
4.04065
4.59571
5.02528
4.49305
4.36218
5.07255
4.47922
4.02928
4.15519
5.02069
3.95383
4.43823
4.98846
4.61373
4.0956
5.06709
4.53951
4.59421
4.49521
4.49364
4.24373
4.42777
4.45331
4.65484
4.40306
4.76805
4.35841
4.3054
4.66862
4.09793
4.99935
4.531
4.93851
4.4705
4.12565
4.2071
5.68338
4.36131
4.71241
4.39933
4.48692
4.78127
4.45265
4.37451
4.52466
4.6903
4.09958
4.72639
4.92297
4.83911
4.26136
4.34013
4.40248
4.59293
4.32288
4.51004
4.10339
4.61069
4.53748
4.32187
4.3274
4.99609
4.74631
4.47467
4.64327
4.32459
4.73963
4.81924
4.38598
4.60103
4.46249
4.64425
4.47853
4.54677
4.27379
4.35725
4.4667
4.73243
4.28822
4.41596
4.36826
4.58998
5.18224
4.54248
4.67776
4.70196
5.14812
4.73243
5.35194
4.16287
4.40026
4.34348
4.69486
4.64965
5.6773
4.52841
5.08056
4.61955
4.37344
5.21537
4.33667
5.33245
4.62085
4.26631
4.86294
4.49469
4.38977
4.4292
4.49647
4.882
4.74351
4.5963
4.36877
4.46383
4.79917
5.01339
4.76519
4.20764
4.6343
4.57927
4.45736
4.41478
4.34001
4.51259
4.60841
4.82135
4.11617
4.42075
4.76452
4.74304
4.52019
4.73627
4.24067
4.31106
4.42813
5.36191
4.47713
4.74722
4.65278
4.33769
4.20685
4.58276
4.63613
4.27111
4.67081
4.75462
4.8025
4.73533
4.22417
4.68786
4.31056
4.42936
4.30991
4.98181
4.16602
4.83969
4.49494
4.42026
4.58019
4.10488
4.31151
4.19913
4.46173
4.72942
4.49786
4.37732
4.78035
4.6025
4.90751
4.67669
4.35182
4.62527
4.83376
4.15716
4.78562
5.25275
4.32538
4.33082
4.78262
4.36315
4.25436
4.59288
4.91493
4.43107
4.69582
4.65698
3.96869
4.61203
5.18348
4.44381
4.14628
4.34034
4.25807
5.37754
4.45385
4.91268
4.79939
5.27958
4.7046
4.44819
4.45735
4.57831
4.72262
4.49294
4.44447
4.74752
4.49732
4.38677
4.98611
4.14316
4.41895
4.14319
4.43226
4.03869
4.4641
4.34214
4.56047
5.20139
4.13689
5.25134
4.0355
4.63835
4.88504
4.80419
4.88487
4.30246
4.64253
4.61417
4.68919
4.5576
4.07612
4.42176
4.63026
4.00855
4.59464
4.31832
4.41967
4.97294
4.63855
5.23349
3.80646
4.70236
4.27814
4.81011
4.84291
4.47249
4.88039
4.63773
4.60986
4.5351
4.23854
4.74026
4.63087
4.39204
5.4865
4.1742
4.64619
4.62051
5.08865
4.27077
5.83979
4.92964
4.53669
4.87468
5.12294
4.78084
4.69694
4.30715
4.96603
4.32099
4.68683
5.20508
4.87364
4.67235
4.8483
4.49114
4.67804
4.47063
5.14499
4.20183
4.62048
4.3981
4.49872
4.44637
4.24582
4.29717
4.41725
4.47131
5.17633
4.29882
4.75754
4.43012
4.07045
4.54012
4.95047
4.80132
4.28457
4.97557
4.85718
4.71868
4.06812
4.8883
4.64911
4.80206
5.38228
4.4252
4.35771
4.23666
4.56742
4.7716
4.73704
5.09994
4.68568
4.47854
4.04991
4.65882
5.16747
4.4459
4.53955
4.36098
4.36618
4.6305
3.86178
4.41239
4.66431
4.26706
4.52623
4.49542
4.93394
4.23117
4.51426
4.36269
4.55669
4.71508
4.74466
5.06253
4.47591
4.32357
4.47218
4.44356
5.01763
4.66635
4.47751
4.60449
4.34962
4.80212
4.97274
4.86641
4.74595
4.27594
4.65623
3.9391
5.10904
4.32934
4.73835
5.14474
4.55104
4.42887
5.00212
4.67748
4.73269
4.78906
4.25398
4.4191
4.43754
4.33377
4.1389
4.48099
4.5485
5.19145
4.84297
4.5358
4.96065
4.75109
4.73095
4.11418
4.63658
4.18203
4.29517
4.88145
5.11176
4.57131
4.15362
4.11491
4.6454
4.83326
4.598
4.79738
4.73407
4.57331
4.80118
4.42182
4.32978
4.04458
4.72635
4.48982
4.86781
4.71747
4.45614
4.10704
4.90471
4.64366
5.05095
4.36533
4.85108
4.60016
4.39843
4.43348
4.34947
4.54012
4.64942
4.817
4.22897
4.35722
4.72209
4.49146
4.3309
4.67041
4.30807
4.55476
4.36885
4.30483
4.85562
4.69294
4.61663
4.82037
4.49235
4.3794
4.20545
4.50266
4.70045
4.62085
4.49121
5.10102
4.39853
5.09204
4.93028
4.97533
4.3366
5.62762
4.31352
4.47112
4.51664
4.35162
4.83397
5.44297
4.34012
4.35445
4.65625
4.15915
5.29247
4.31682
4.59566
4.96144
4.3528
4.43315
4.12212
4.6672
4.57031
4.27091
4.72178
4.87109
4.06089
4.72704
5.22476
4.74679
4.42652
4.66546
4.66405
4.34552
4.34694
4.84188
4.34271
4.33533
4.42742
3.83952
4.87277
4.32034
4.15785
4.23315
4.47218
4.82324
5.12227
4.49555
4.79288
5.20601
4.84833
4.47338
4.6627
5.01985
5.08306
4.75661
4.89146
4.25058
4.46157
4.57421
4.98155
4.88784
4.51826
4.58355
4.21281
4.05078
5.01632
4.50957
4.33579
4.553
4.27013
4.70921
4.45958
4.18267
4.56875
4.69541
4.51972
4.63747
4.46665
4.71461
4.46021
4.33357
4.49448
4.74666
5.05343
4.41587
4.66039
4.28592
4.6895
4.47159
4.60391
4.75345
4.33609
4.58964
4.6811
4.71738
4.70972
4.54728
4.38449
4.37676
4.76111
4.23604
4.34642
4.34631
5.05028
4.61746
5.03871
4.3987
5.0022
4.80721
4.4799
4.58267
4.95667
5.07309
5.22292
4.75534
4.62416
4.66705
4.78385
5.21617
4.50671
4.62109
4.1741
4.70195
4.39489
4.344
4.46404
4.56685
4.08191
4.41785
4.50774
4.40009
4.32813
4.4087
4.26657
4.68062
4.56536
4.31767
4.08415
4.42279
4.10325
4.04283
4.52835
4.08195
4.93989
4.28682
4.36688
4.89828
4.19575
4.56107
4.88981
4.46433
4.10283
5.02463
4.37253
4.27134
4.50099
4.39249
4.62
4.18969
4.69262
4.26042
4.33195
4.62529
4.31735
3.84959
4.47265
5.21913
4.34036
4.39322
5.08478
4.88666
4.2643
4.99218
4.27821
4.22377
4.83878
4.62341
4.84308
4.28742
5.04162
4.41935
4.69968
4.02868
4.20201
4.73684
4.52771
4.74652
4.44754
4.94898
4.11224
4.73704
3.98575
4.86556
4.59225
4.78493
4.67943
4.38305
4.41751
4.82038
4.17338
4.28568
4.97588
4.99141
4.68941
4.84911
4.69314
4.60589
4.49403
4.36547
4.27591
5.14632
4.26571
4.73507
4.76
4.47786
4.09934
4.76808
4.0933
4.68437
4.5273
4.40886
4.52527
4.58281
4.33207
4.61865
4.32485
4.5162
4.32179
4.87857
4.48476
4.91663
5.31014
4.75355
4.06668
4.50505
4.71626
4.72585
4.16662
4.91997
4.64555
5.00784
4.89183
4.20527
4.09073
4.39454
4.38909
4.51525
4.21746
4.29603
4.78095
4.48762
5.04552
4.2495
4.17922
4.84583
4.62522
4.43428
4.52844
4.28265
4.57984
5.13335
4.12684
4.96455
4.66089
4.79698
4.19336
4.5384
4.40942
4.98262
4.44823
4.30884
5.32331
4.68379
4.30345
5.01779
4.98748
4.94186
4.77996
4.37864
4.51303
4.51414
4.08774
4.46959
5.35413
4.69614
4.77264
4.54834
5.04009
4.01862
4.46832
4.20515
4.45102
4.77294
4.83262
4.57013
4.50059
4.42528
4.59982
4.54119
4.1657
4.39553
4.70821
4.37282
4.39849
4.42851
4.13407
4.4739
