3.11118
3.25054
3.09453
3.33576
3.63429
3.25719
3.47376
3.50435
3.30152
3.24495
3.03262
3.34995
3.44393
3.3495
3.30338
3.37639
3.16122
3.35975
3.13996
3.31346
3.63296
3.30728
3.24631
3.05882
3.52403
3.38024
3.29036
3.34751
3.12974
3.55202
3.22801
3.12327
3.25361
3.29483
3.0962
3.58184
3.14298
3.36749
3.65394
3.6396
3.12042
3.14888
3.09489
3.53404
3.37191
3.13454
3.10495
3.39949
3.14631
3.35831
3.4674
3.18119
3.38391
3.24111
3.13755
3.28478
3.31345
3.26044
3.30265
3.39128
3.42332
3.27762
3.29418
3.29154
3.12176
3.10798
3.15876
3.25653
3.10272
3.34817
3.20694
3.4013
3.37845
3.22434
3.37875
3.27481
3.04529
3.2306
3.3396
3.53347
3.3742
2.94133
3.13853
3.20607
2.98857
3.23234
3.18748
3.27967
3.227
3.11773
3.71004
3.46327
3.3165
3.0475
3.22496
3.39661
3.1956
3.32046
3.08634
3.25017
3.22127
3.32865
3.44949
3.23403
3.11221
3.45285
3.41987
3.54583
3.31723
3.44463
3.37811
3.16531
2.9958
3.32789
3.43555
3.22257
3.24174
3.26584
3.23658
3.29838
3.42252
3.47374
3.30734
3.42092
3.23903
3.43817
3.25016
3.25065
3.45989
3.07891
3.38534
3.29319
3.18189
3.3331
3.2715
3.44559
3.32751
3.32021
3.37332
3.41066
3.20767
3.32993
3.58964
3.14298
3.13332
3.2086
3.53175
3.32425
3.11021
3.34559
3.161
3.51783
3.20809
3.17012
3.14488
3.21638
3.21178
3.32888
3.52616
3.40098
3.37639
3.53455
3.85914
3.23476
3.26495
3.2173
3.37417
3.54334
3.44163
3.18225
3.4803
3.08238
3.23863
3.47706
3.16902
3.19407
3.65077
3.45572
3.12059
3.56993
3.32076
3.47877
3.37813
3.41617
3.46617
3.09457
3.11343
3.13264
3.41482
3.32772
3.27846
3.1426
3.44585
3.23371
3.34457
3.23517
3.47647
3.37995
3.12454
3.07419
3.41861
3.07532
3.24471
3.28966
3.35615
3.35696
3.25466
3.49058
3.51041
3.16673
3.05396
3.31479
3.1664
3.15265
3.23607
3.5828
3.43022
3.36584
3.2098
3.13544
3.44282
3.67697
3.02316
3.40195
3.16666
3.34077
3.46785
3.12117
3.13919
3.44009
3.40751
3.20488
3.51415
3.5614
3.56847
3.33901
3.2537
3.29883
3.65891
3.76147
3.47625
3.22237
3.17056
3.41993
2.98142
3.22169
3.43286
3.18167
3.33815
3.30446
3.11961
3.21207
3.39464
3.58987
3.1933
3.31333
3.4514
3.13465
3.09687
3.33829
3.26935
3.2362
3.33779
3.19207
3.40695
3.3939
3.64277
3.61013
3.15254
3.81032
3.10432
3.28673
3.12394
3.29168
3.20787
3.72928
3.27223
3.42756
3.38532
3.47047
3.38203
2.9548
3.14235
3.2133
3.33326
3.28115
3.26409
3.38973
3.45033
3.17167
3.14678
3.30107
3.31295
3.38376
3.61091
3.42222
3.44864
3.21588
3.35802
3.16246
3.46642
3.65527
3.28835
3.12282
3.35209
3.55893
3.25904
3.72997
3.10818
3.32622
3.46698
3.19339
3.1419
3.64403
3.31897
3.31616
3.40343
3.2473
3.15921
3.27518
3.20172
3.03187
2.95813
3.09309
3.18556
3.85535
3.47159
3.18831
3.40924
3.55919
3.3877
3.30399
3.29709
3.02605
3.29609
3.23007
3.30533
3.73794
3.2657
3.05303
3.44441
3.27951
3.1073
3.257
3.1731
3.35115
3.33948
3.43823
3.33247
3.21986
3.44798
3.17703
3.52038
3.25638
3.25916
3.47405
3.38607
3.10731
3.30445
3.41695
3.22115
3.25214
3.27692
3.59905
3.20456
3.45359
3.12355
3.20382
3.36411
3.44718
3.17362
3.5102
3.27729
3.25416
3.47629
3.4142
3.56924
3.08394
3.28954
3.1018
3.47249
3.6658
3.65997
3.70965
3.1808
3.20789
3.25342
3.19355
3.26094
3.39906
3.41513
2.97788
3.09411
3.26476
3.16657
3.34019
3.33866
3.2575
3.19286
3.23362
3.19628
3.15912
3.32067
3.35956
3.07408
3.32472
3.43373
3.25238
3.24435
3.17186
3.63153
3.15617
3.41664
3.08165
3.10609
3.28176
3.25915
3.39122
3.12924
3.20782
3.18305
3.14454
3.41293
3.65406
3.4506
3.4733
3.42723
3.2661
3.32004
3.25119
3.49258
3.40502
3.2147
3.34057
3.32068
3.36346
3.39715
3.257
3.02956
3.48555
3.3472
3.53024
3.33348
3.16437
3.38316
3.53037
3.15607
3.31157
3.47953
3.20372
3.7275
3.30226
3.11129
3.05222
3.40919
3.24611
3.40377
3.38657
3.56972
3.32878
3.47375
3.16167
3.35757
3.39523
3.02267
3.21553
3.44969
3.60531
3.10305
3.32093
3.14479
3.32457
3.25544
3.47631
3.45544
3.27439
3.44476
3.39961
3.08796
3.30957
3.36458
3.35194
3.43261
3.32094
3.57222
3.3577
3.23532
3.53281
3.12823
3.31197
3.33657
3.31577
3.28346
3.03789
3.65238
3.41015
3.60839
3.20404
3.21704
3.3507
3.39469
3.26864
3.10057
3.15839
3.53506
3.40401
3.49905
3.45702
3.13904
3.25399
3.42771
3.07256
3.57505
3.40174
3.24084
3.40738
3.47843
3.3827
3.0056
3.42922
3.37295
3.287
3.07116
3.23602
3.01969
3.72704
3.08377
3.27191
3.13093
3.32784
3.5109
3.47993
3.28427
3.25794
3.40353
3.35552
3.10644
3.64855
3.46943
3.21524
3.36839
3.32785
3.11928
3.18415
3.46941
3.4994
3.31802
3.32456
3.36797
3.25181
3.2475
3.5866
3.2999
3.52751
3.32243
3.36036
3.4618
3.48906
3.06146
3.50923
3.39233
3.27357
3.13979
3.59146
3.0141
3.61961
3.39287
3.16854
3.23675
3.29891
3.28042
3.36779
3.25935
3.23172
3.41863
3.54616
3.5947
3.32837
3.32172
3.15709
3.52238
3.27866
3.47187
3.15119
3.10189
3.11454
3.32851
3.15911
3.15503
3.28842
3.36585
3.48954
3.26929
3.32935
3.34935
3.55422
3.32302
3.24063
3.16339
3.23185
3.23505
3.07868
3.16287
3.2702
3.38935
3.2155
3.36251
2.84766
3.31009
3.12827
3.62441
3.09105
3.2734
3.17014
3.25933
3.23573
3.35616
3.29397
3.12566
3.38394
3.26706
3.34845
3.2586
3.21662
3.28265
2.9787
3.29331
3.10391
3.40009
3.25433
2.98422
3.37484
3.50981
3.26317
3.15983
3.60786
3.11526
3.40045
3.50022
3.33785
3.44252
3.34006
3.31499
3.20419
3.10865
3.26305
3.26444
3.41947
3.26884
3.4159
3.13412
3.44951
3.20302
3.07696
3.53516
3.23642
3.1996
3.30577
3.42619
3.55783
3.21145
3.38842
3.55473
3.71345
3.33189
3.65303
3.25752
3.51884
3.24973
3.39351
3.37246
3.55771
3.34418
3.26585
3.12181
3.3699
3.37049
3.22843
3.31036
3.37255
3.26836
3.40007
3.07191
3.32644
3.3647
3.18013
3.23164
3.13125
3.29453
3.36044
3.26054
3.208
3.32965
3.20261
3.34986
3.31438
3.40442
3.45182
3.4416
3.27038
3.40881
3.32581
3.12164
3.42229
3.22718
3.22982
3.13888
3.37568
3.16904
3.34549
3.36836
3.15117
3.10709
3.29821
3.36875
3.35475
3.2476
3.43453
3.59497
3.66134
3.2261
3.3201
3.26404
3.20256
3.36489
3.44636
3.37314
3.25536
3.28736
3.05255
3.22145
3.55715
3.49016
3.40481
3.3567
3.38834
3.49217
3.40117
3.72802
3.27946
3.49438
3.25187
3.45385
3.20767
3.38759
3.53315
3.33081
3.24566
3.49716
3.10826
3.61211
3.58736
3.21379
3.16691
3.49115
3.18658
3.29995
3.13371
3.35234
3.44098
3.33244
3.46163
3.36639
3.65394
3.2615
3.19872
3.11747
3.22721
3.26127
3.16649
3.35579
3.29559
3.14344
3.12154
3.31772
3.30396
3.32176
3.12443
3.18191
3.41948
3.28211
3.42113
3.41134
3.311
3.16255
3.14752
3.7165
3.32799
3.01033
3.38992
3.40491
3.0869
3.35503
3.39533
3.73867
3.11796
3.30704
3.25885
3.2162
3.04316
3.13141
3.40965
3.5348
3.65418
3.79176
3.31441
3.39532
3.37461
3.33272
3.44467
3.2578
3.23523
3.66661
3.18683
3.17827
3.56947
3.19705
3.26188
3.72639
3.23928
3.6124
3.3035
3.3333
3.27464
3.22799
3.18364
3.27647
3.30624
3.28846
3.3889
3.51904
3.49624
3.24262
3.34223
3.42536
3.28187
3.5482
3.25846
3.48427
3.3269
3.53097
3.29353
3.31728
3.36748
3.30193
3.42064
3.05246
3.03505
3.26243
3.3673
3.25016
3.053
3.30659
3.43948
3.48496
3.29255
3.6308
3.36176
3.59684
3.25588
3.35913
3.20222
3.17693
3.69563
3.26016
3.30986
3.43064
3.01192
2.89768
3.17915
3.47361
3.16588
3.59003
3.20945
3.54954
3.2591
3.6842
3.19658
3.51882
3.30229
3.20377
3.04809
3.51155
3.35461
3.30666
3.34336
3.24031
3.49382
3.35643
3.24762
3.29301
3.23472
3.55521
3.19818
3.32809
3.07337
3.18292
3.29744
3.59396
3.31189
3.13367
3.7733
3.25607
3.28475
3.41348
3.45441
3.46353
3.51325
3.3883
3.36265
3.82382
3.19881
3.22658
3.31542
3.81905
3.15876
3.23009
3.44515
3.13389
3.16485
3.25906
3.45915
3.16463
3.54383
3.49441
3.30963
3.24179
3.32278
3.14502
3.43417
3.32222
3.37004
3.0497
3.18163
3.17759
3.42676
3.1702
3.27052
3.39268
3.284
3.21439
3.15361
3.35753
3.39855
3.30184
3.31383
3.47956
3.15187
3.04867
3.27846
3.0848
3.42472
3.43334
3.1005
3.45114
3.15487
3.04011
3.35952
3.24
3.20977
3.29298
3.287
3.44096
3.19565
3.08531
3.3343
3.25794
3.20527
3.14471
3.32539
3.35088
3.31607
3.28011
3.34389
3.11612
3.56524
3.1858
3.37219
3.20669
3.17579
3.4307
3.39804
3.28089
3.40031
3.12676
3.23402
3.60882
3.23556
3.14594
3.45326
3.12267
3.26122
3.54588
3.21867
3.31199
3.25058
3.30156
3.38055
3.35655
3.24903
3.17671
3.29452
3.31457
3.35189
3.23891
3.35409
3.12782
3.30269
3.22901
3.04947
3.2387
3.4036
3.41167
3.32658
3.42561
3.6315
3.22849
3.4253
3.37602
3.31164
3.30988
3.29884
3.22606
3.40675
3.5118
3.31743
3.30272
3.5361
3.25555
3.20333
3.19933
3.38629
3.33486
3.40689
3.33645
3.30509
3.2402
3.3184
3.73242
3.18518
3.29024
3.0828
3.35945
3.30166
3.21972
3.31661
3.25514
3.60956
3.18613
3.3293
3.21733
3.27534
3.62364
3.6103
3.34246
3.30963
3.63285
3.29489
3.35465
3.33302
3.54144
3.32028
3.17389
3.15873
3.28667
3.13663
3.67635
3.6274
3.39546
3.22822
3.33374
3.32124
3.35859
3.16706
3.28728
3.39062
3.27349
3.31372
3.29122
3.29136
3.39757
3.40697
3.06328
3.1832
3.30493
3.45345
3.55089
3.31716
3.44593
3.27917
3.13981
3.44666
3.43242
3.36969
3.30854
3.4772
3.25044
3.76508
3.17976
3.36046
3.14569
3.44911
3.27819
3.5071
3.25955
3.1684
3.40271
3.41845
3.18758
3.50201
3.03272
3.32232
3.35598
3.06682
3.25201
3.43618
3.14386
3.43795
3.29341
3.03899
2.99586
3.4518
3.25859
3.30263
3.27817
3.40066
3.15634
3.26268
3.48365
3.24212
3.14385
3.29404
3.2485
3.26595
3.4311
3.46732
3.26582
3.44113
3.49618
3.51299
3.16169
3.27263
3.58754
3.37394
3.4816
3.31715
3.34982
3.44483
3.1214
3.23286
3.32203
3.11468
3.39742
3.28225
3.10325
3.2978
3.7796
3.42681
3.1282
3.60186
3.25386
3.08744
3.32455
3.35914
3.47952
3.2668
3.27369
2.95146
3.27392
3.31573
3.21174
3.09888
3.40188
3.38319
3.17104
3.35362
3.16595
3.42986
3.47572
3.18746
3.28708
3.24512
3.6608
3.47138
3.20435
3.47153
3.50724
3.18654
3.4311
3.10859
3.60983
3.02382
3.48887
3.10684
3.1117
3.32386
3.36709
3.29281
3.57682
3.57148
3.61925
3.10935
3.31155
3.58808
3.27676
3.5122
3.43782
3.33139
3.19025
3.25393
3.37306
3.402
3.17029
3.20147
3.36927
3.16122
3.13531
3.37637
3.30954
3.59515
3.21601
3.14131
3.38961
3.35198
3.4019
3.26869
3.33035
3.16277
3.11617
3.35521
3.28376
3.21183
3.47032
3.3628
3.33343
3.24705
3.49093
3.24933
3.30413
3.20458
3.37647
3.37303
3.37592
3.59264
3.34658
3.33171
3.44169
3.47248
3.25251
3.29425
3.14175
3.26225
3.34155
3.44604
3.34097
3.27768
3.20967
3.65814
3.13316
3.20352
3.30369
3.11931
3.38328
3.24291
3.57969
3.21856
3.21612
3.45489
2.97001
3.11742
3.5706
3.43681
3.26334
3.15675
3.47404
3.20981
3.39651
3.44768
3.19525
3.13806
3.32376
3.20065
3.29859
3.47574
3.35961
3.21923
3.59328
3.2255
3.23711
3.57869
3.23691
3.44549
3.55795
3.23578
3.19938
3.31043
3.47242
3.1535
3.43819
3.42724
3.44047
3.3363
3.29242
3.30884
3.33027
3.3261
3.40331
3.08862
3.22944
3.49038
3.39136
3.07064
3.18132
3.29198
3.35283
3.26382
3.17912
3.91435
3.30807
3.36417
3.32818
3.48344
3.48275
3.34443
3.27354
3.26697
3.5335
3.17755
3.4114
3.25825
3.20272
3.31677
3.50828
3.14206
3.39231
3.21908
3.27599
3.50338
3.22628
3.21372
3.42592
3.37734
3.34336
3.33094
3.2029
3.56012
3.3831
3.52605
3.18031
3.41989
3.41638
3.02801
3.2469
3.19374
3.09014
3.18012
3.2069
3.22117
3.37977
3.47704
3.21287
3.32509
3.28833
3.2444
3.11455
3.4098
3.22696
3.23576
3.06005
3.25762
3.27767
3.04652
3.52108
3.39246
3.30151
3.26414
3.561
3.55879
3.537
3.52811
3.48322
3.50269
3.12469
3.20209
3.41665
3.20099
3.2277
3.37458
3.42198
3.26112
3.18561
3.12667
3.20382
3.52055
3.30575
3.2113
3.3077
3.70001
3.58146
3.32738
3.20632
3.29464
3.19992
3.5929
3.48243
3.20209
3.41077
3.36
3.33201
3.10192
3.42147
3.41216
3.29076
3.23474
3.10889
3.29407
3.19012
3.27042
3.35107
3.18346
3.2598
3.38328
3.21207
3.46325
3.24689
3.58761
3.4316
3.58678
3.17247
3.27247
3.36591
3.45959
3.33727
3.40486
3.40404
3.34594
3.36521
3.25078
3.30768
3.20284
3.40076
3.43764
3.3078
3.40211
3.2078
3.71563
3.67283
3.22194
3.24058
3.14908
3.24443
3.09656
3.24633
3.39916
3.24979
3.01546
3.28859
3.04404
3.48301
3.31226
3.45916
3.30533
3.46048
3.20149
3.27235
3.37569
3.55401
3.23881
3.28772
3.26323
3.21911
3.16562
3.25631
3.41714
3.42422
3.48416
3.56662
3.3678
3.50174
3.39811
3.27446
3.43133
3.39374
3.45671
3.16146
3.16706
3.20847
3.23835
3.33143
3.0841
3.25177
3.09257
3.24563
3.09515
3.7492
3.22779
3.47895
3.00539
3.43834
3.40581
3.1371
3.36618
3.21686
3.38987
3.33749
3.55773
3.37929
3.30096
3.2423
3.24347
3.33073
3.44849
3.07683
3.27439
3.60598
3.39738
3.33555
3.39037
3.48603
3.22565
3.26178
3.46883
3.45864
3.23447
3.31936
3.28378
3.82279
3.45624
3.32567
3.40285
3.25113
3.14428
3.52993
3.2801
3.20122
3.45995
3.27505
3.33284
3.58856
3.31442
3.18657
3.19102
3.55854
3.48249
3.2227
3.16432
3.31033
3.4256
3.41463
3.19477
3.16459
3.35878
3.11253
3.41259
3.42273
3.4909
3.452
3.23826
3.36161
3.31056
3.39698
3.64721
3.19833
3.349
3.25604
3.18446
3.49451
3.29976
3.40434
3.1574
3.15302
3.30181
3.14688
3.49988
3.10598
3.5579
3.11201
3.14253
3.28661
3.29872
3.421
3.39535
3.21792
3.48594
3.39302
3.47906
3.42434
3.42372
3.15352
3.27508
3.05534
3.46507
3.30265
3.55806
3.36015
3.26753
3.55518
3.48795
3.23101
3.43392
3.19417
3.29871
3.14523
3.34815
3.06653
3.62476
3.36942
3.43923
3.30808
3.31886
3.20727
3.19823
3.25226
3.4581
3.52324
3.02278
3.09536
3.17783
3.04176
3.56522
3.37044
3.10805
3.29398
3.4889
3.31397
3.25811
3.26377
3.29936
3.43901
3.33901
3.19713
3.36667
3.31919
3.25285
2.99463
3.27579
3.16549
3.40629
3.25403
3.38949
3.3831
3.13234
3.50264
3.30887
3.17138
3.44267
3.52072
3.30914
3.40697
3.06441
3.21343
3.57117
3.18389
3.24398
3.27217
3.35183
3.24072
3.19578
3.71282
3.40466
3.42496
3.51125
3.43983
3.44697
3.49622
3.38249
3.33981
3.12725
3.30163
3.68171
3.35495
3.26897
3.40713
3.06558
3.41596
3.3857
3.3
3.36056
3.42877
3.16838
3.45422
3.13168
3.10767
3.3047
3.30112
3.34561
3.22935
3.62671
3.35823
3.31504
3.09319
3.2378
3.53296
3.07312
3.05278
3.37059
3.26383
3.39894
3.02422
3.31234
3.38463
3.37601
2.95061
3.28099
3.24651
3.16501
3.04473
3.50692
3.2014
3.05468
3.26062
3.26627
3.5468
3.4599
3.17192
3.32946
3.57535
3.55134
3.38861
3.37783
3.30625
3.18799
3.50805
3.35216
3.20641
3.17537
3.35853
3.24417
3.13779
3.50199
3.28115
3.47568
3.18888
3.10483
3.40692
3.53055
3.27013
3.44699
3.11769
3.37852
3.18673
3.27419
3.10369
3.2059
3.52796
3.13362
3.28264
3.29631
3.2724
3.33011
3.28384
3.13883
3.50101
3.17532
3.24574
3.29395
3.16452
3.22811
3.2108
3.42012
3.248
3.247
3.31382
3.28746
3.09691
3.15519
3.18183
3.78563
3.08787
3.31156
3.42115
3.17385
3.34244
3.3427
3.67676
3.42287
3.1488
3.37921
3.36071
3.20573
3.25366
3.21921
3.72922
3.47454
3.14795
3.37182
3.16663
3.31843
3.20563
3.36774
3.37251
3.25584
3.22036
3.32802
3.39359
3.12213
3.67487
3.26881
3.22862
3.3464
3.33252
3.18497
3.39475
3.27415
3.434
3.08089
3.31943
3.20507
3.34287
3.23475
2.97484
3.41442
3.3887
3.71843
3.15701
3.19497
3.09575
3.11411
3.22846
3.27474
3.30285
3.25164
3.08395
3.2377
3.42417
3.32233
3.14563
3.30871
3.44023
3.11616
3.42147
3.27008
3.49144
3.17163
3.3076
3.24952
3.31069
3.2327
3.24692
3.19557
3.10922
3.23863
3.38009
3.29117
3.32531
3.01754
3.13925
3.38109
3.34254
3.14406
3.23596
3.32673
3.27783
3.34481
3.20464
3.18814
3.02895
3.23936
3.36113
3.17404
3.24399
3.42946
3.2866
3.04729
3.47964
3.24638
3.04327
3.24279
3.48966
3.17273
3.32942
3.54078
3.23612
3.14959
3.30506
3.12116
3.76923
3.03712
3.43552
3.7533
3.17157
3.49478
3.216
3.15221
3.31026
3.37276
3.14443
3.10154
3.32048
3.41769
3.20986
3.07972
3.26988
3.38841
3.17694
3.14485
3.3188
3.5015
3.2744
3.15719
3.24596
3.34235
3.36675
3.16818
3.27611
3.51097
3.55864
3.27068
3.7287
3.24279
3.36327
3.52334
3.35908
3.11383
3.36295
3.52399
3.1169
3.54647
3.19541
3.58231
3.19647
3.34781
3.29143
3.39457
3.27501
3.38005
3.1713
3.33104
3.33925
3.31978
3.37345
3.21482
3.1443
3.1848
3.38286
3.56526
3.47568
3.73522
3.29209
3.59569
3.23187
3.23403
3.27382
3.21351
3.3528
3.44445
3.46162
3.74978
3.45442
3.18458
3.32957
3.26678
3.24715
3.23734
3.16548
3.30882
3.14186
3.36939
3.11548
3.17031
3.32366
3.11621
3.03831
3.20684
3.27731
3.37641
3.41023
3.21291
3.58866
3.1772
3.08277
3.27813
3.04993
3.32101
3.2835
3.42615
3.15189
3.08991
3.14407
3.46795
3.21091
3.3939
3.38493
3.36589
3.19763
3.25264
3.31914
3.53623
3.23139
3.47983
3.2203
3.33174
3.27908
3.30262
3.32403
3.35325
3.24264
3.26871
3.20288
3.42042
3.78558
3.2622
3.45743
3.32429
3.25213
3.75296
3.48068
3.40988
3.18124
3.07599
3.30111
3.20213
3.27024
3.45443
3.28027
3.50522
3.27283
3.23868
3.40817
3.15511
3.17184
3.72743
3.36613
3.3982
3.42444
3.39963
3.49027
3.35585
3.39704
3.36023
3.3187
3.03332
3.33506
3.09784
3.43081
3.12372
3.18662
3.34672
3.28339
3.09172
3.52058
3.46025
3.49436
3.35549
3.37901
3.27954
3.06098
3.30991
3.17785
3.36626
3.32976
3.1834
3.3063
3.92342
3.06402
3.153
3.48815
3.29944
3.18779
3.11994
3.40737
3.00393
3.41766
3.23679
3.43071
3.48726
3.16037
3.16968
3.13396
3.23611
3.44247
3.51104
3.34873
3.46982
3.24385
3.35043
3.4645
3.38414
3.3346
3.03811
3.17527
3.27838
3.13959
3.33796
3.22148
3.29853
3.4553
3.2228
3.23515
3.1905
3.08575
3.28073
3.16686
3.52779
3.12143
2.98965
3.25119
3.20102
3.36153
3.28482
3.0903
3.32267
3.53141
3.2449
3.36972
3.15032
3.30387
3.0926
3.13393
3.2466
3.52626
3.33482
3.30218
3.49609
3.26064
3.30129
3.64798
3.49583
3.58479
3.1398
3.30054
3.30767
2.96601
3.40205
3.44846
3.26015
3.16703
3.48179
3.39897
3.42514
3.59224
3.25961
3.28334
3.32463
3.27056
3.11453
3.36722
3.39954
3.24261
3.38013
3.34517
3.1886
3.39461
3.17215
3.62032
3.08936
3.26086
3.42154
3.16735
3.28939
3.28363
3.25894
3.11718
3.20213
3.21025
3.28228
3.24892
3.29395
3.16541
3.19899
3.3925
3.25711
3.48366
3.16265
3.39686
3.21881
3.72616
3.14184
3.07081
3.18637
3.47889
3.3319
3.59523
3.21639
3.12977
3.41219
3.33094
3.20231
3.17003
3.27191
3.4161
3.3481
3.61829
3.24334
3.599
3.54949
3.28404
3.16429
3.35023
3.26036
3.33648
3.22203
3.19966
3.32717
3.61382
3.18947
3.19047
3.52237
3.42903
3.26324
3.32694
3.53264
3.32305
3.19997
3.72318
3.21362
3.1492
3.20397
3.15301
3.39391
3.26025
3.44077
3.10551
3.19232
3.23228
3.29928
3.57432
3.31015
3.14988
3.31483
3.23161
3.33948
3.2981
3.39426
3.29053
3.13568
3.41082
3.2809
3.4603
3.8327
3.09931
3.55926
3.24443
3.67626
3.32875
3.1605
3.21457
3.14051
3.13515
3.04847
3.27064
3.42153
3.54558
3.43227
3.05114
3.16795
3.45335
3.43817
3.27809
3.54479
3.50615
3.33908
2.99584
3.15814
3.34521
3.29027
2.95466
3.22512
3.25626
3.12047
3.25427
3.38022
3.53965
3.22942
3.35547
3.33329
3.46199
3.32734
3.19443
3.34608
3.13021
3.47849
3.32458
3.25652
3.34173
3.39473
3.53065
3.37879
3.27756
3.26453
3.22317
3.42099
3.74026
3.25938
3.21732
3.19755
3.4452
3.18878
3.04217
3.40725
3.12969
3.22042
3.16156
3.25214
3.34359
3.25494
3.56751
3.33875
3.67979
3.45632
3.12441
3.51135
3.60174
3.41834
3.61336
3.28891
3.41653
3.53568
3.46906
3.29239
3.56917
3.177
3.27135
3.29946
3.36748
3.23404
3.31872
3.12817
3.38689
3.34601
3.41364
3.46115
3.36108
3.23904
3.06978
3.24353
3.49356
3.26703
3.42959
3.09399
3.27911
3.28907
3.42371
3.46325
3.08728
3.3052
3.38652
3.12641
3.31436
3.29783
3.33707
3.50989
3.44529
3.4631
3.03501
3.31132
3.10982
3.1288
3.17002
3.05663
3.07026
3.44043
3.12236
3.25161
3.37149
3.31819
3.34484
3.2074
3.31486
3.32009
3.23582
3.22808
3.37383
3.31018
3.84236
3.0812
3.38974
3.11918
3.17628
3.29332
3.33388
3.30718
3.38909
3.20528
3.40021
3.54304
3.58511
3.20646
3.31194
3.06176
3.30556
3.22908
3.31905
3.27485
3.332
3.68943
3.46739
3.2042
3.42596
3.23909
3.26261
3.17802
3.09933
3.33536
3.46357
3.2218
3.3212
3.41357
3.3319
3.29503
3.26365
3.27263
3.25634
3.14548
3.2398
3.27073
3.16017
3.36758
3.12857
3.3879
3.24103
3.41337
3.5416
3.58776
3.62392
3.21643
3.5346
3.25231
3.54036
3.39744
3.23489
3.2679
3.23522
3.23363
3.38356
3.07503
3.27615
3.33025
3.65551
3.18807
3.28764
3.38811
3.41772
3.29136
3.59804
3.41138
3.42217
3.19535
3.4703
3.31324
3.43269
3.21828
3.45648
3.27545
3.05516
3.13674
3.33458
3.66451
3.14769
3.43306
3.26818
3.42429
3.48083
3.3604
3.22258
3.17705
3.30312
3.30739
3.2224
3.44767
3.33069
3.47909
3.40093
3.24536
3.65012
3.12859
3.16156
3.26488
3.38424
3.15812
3.31869
3.10221
3.34644
3.4083
3.54459
3.29996
3.24933
3.56281
3.10905
3.24719
3.09865
3.2896
3.20074
3.3675
3.3774
3.2074
3.36687
3.25254
3.31596
3.25374
3.47511
3.27392
3.24633
3.19283
3.36984
2.94986
3.40923
3.59673
3.2917
3.24644
3.45194
3.40003
3.08676
3.17486
3.23658
3.17468
3.60037
3.28042
3.09362
3.23406
3.3277
3.13088
3.24747
3.3874
3.28738
3.08409
3.26294
3.36449
3.26669
3.17584
3.21552
3.21057
3.1905
3.33323
3.25113
3.24124
3.19926
3.1877
3.43977
3.36415
3.48191
3.12765
3.78775
3.449
3.23447
3.47971
3.40054
3.36107
3.08884
3.30419
3.44619
3.34398
3.38008
3.1809
3.1114
3.29521
3.26448
3.35447
3.35299
3.49242
3.25379
3.34016
3.22447
3.40848
3.1502
3.19291
3.80292
3.22655
3.20549
3.44872
3.11668
3.46109
3.10033
3.44793
3.19876
3.22833
3.13667
3.25868
3.68265
3.27629
3.19413
3.35409
3.3783
3.221
3.09744
3.45631
3.24315
3.38272
3.25878
3.18746
3.58927
3.42716
3.3857
3.42283
3.26859
3.13459
3.41703
3.99994
3.48091
3.19852
3.50337
3.45806
3.3175
3.35957
3.35767
3.24835
3.21528
3.28983
3.31666
3.1638
3.17372
3.26977
3.45898
3.53158
3.19023
3.15349
3.38531
3.34537
3.55155
3.18896
3.4122
3.3482
3.17455
3.18394
3.54901
3.61045
3.30545
3.68863
3.46015
3.26601
3.42748
3.35742
3.45623
3.27197
3.56948
3.16658
3.01734
3.23369
3.09658
3.32254
3.40204
3.03778
3.57115
3.37917
3.17816
3.431
3.20976
3.12801
3.42235
3.08977
3.42914
3.54771
3.42898
3.29585
3.45674
3.42223
3.35079
3.4418
3.16558
3.60151
3.34176
3.23491
3.1805
3.51866
3.16611
3.3627
3.05133
3.08278
3.06187
3.26968
3.25803
3.45111
3.15996
3.13676
3.2793
3.25646
3.06219
3.42069
3.16792
3.56282
3.28248
3.05709
3.08145
3.39812
3.50208
3.25119
3.13729
3.34096
3.32991
3.19375
3.33863
3.50459
3.16668
3.418
3.34062
3.19656
3.22619
3.53147
2.98972
3.44886
3.25656
3.20579
3.21426
3.21005
3.10513
3.35424
3.14504
3.48893
3.21359
3.42911
3.23478
3.53593
3.17927
3.63429
3.4252
3.47884
3.03711
3.0291
3.14678
3.28181
3.27342
3.08932
3.29965
3.45879
3.18429
3.45371
3.5095
3.16835
3.12233
3.25032
3.45572
3.15858
3.40771
3.19229
3.42074
3.36727
3.39229
3.27425
3.20283
3.4553
3.33486
3.47957
3.44942
3.17233
3.08852
3.45747
3.38422
3.52417
3.4647
3.61891
3.21739
3.63428
3.11765
3.57946
3.16268
3.61375
3.28419
3.21201
3.41587
3.35889
3.46271
3.42122
3.10407
3.32925
3.21076
3.34414
3.31117
3.33195
3.26023
3.36845
3.2663
3.40551
3.11194
3.4327
3.52385
3.31261
3.15003
3.264
3.54762
3.23951
3.06606
3.18038
3.39615
3.08728
3.32127
3.34871
3.41403
3.6616
3.22002
3.29323
3.25785
3.04662
3.51601
3.44205
3.1681
3.5831
3.47479
3.21186
3.27243
3.37575
3.45772
3.42052
3.36798
3.28507
3.31224
3.15871
3.19517
3.26552
3.12276
3.39902
3.13062
3.45479
3.20501
3.26867
3.29361
3.29488
3.18972
2.93214
3.2338
3.30696
3.22104
3.12588
3.14606
3.42458
3.19046
3.08011
3.60453
3.5505
3.2678
3.15824
3.59142
3.38719
3.3857
3.14499
3.58033
3.33373
3.43781
3.54646
3.03074
3.29458
3.15897
3.38404
3.22649
3.27226
3.32942
3.73631
3.43591
3.56666
3.45149
3.23905
3.29429
3.44059
3.37901
3.22355
3.46523
3.35539
3.23178
3.1647
3.31949
3.23806
3.39472
3.31645
3.70365
3.24194
3.38184
3.20747
3.18507
3.61696
3.3443
3.21702
3.1706
3.75794
3.76638
3.42515
3.0844
3.43286
3.59326
3.25577
3.50361
3.39998
3.19895
3.36401
3.29143
3.47611
3.24163
3.45207
3.36933
3.23228
3.27714
3.21994
3.4
3.32073
3.25117
3.1699
3.42
3.36818
3.35996
3.42805
3.17368
3.27318
3.27379
3.4483
3.24
3.44984
3.19516
3.26363
3.41177
3.34972
3.4656
3.25337
3.26553
3.29164
3.2964
3.4898
3.14076
3.28043
3.30278
3.43757
3.34411
3.29871
3.32473
3.23491
3.22105
3.06196
3.33842
3.2392
3.36124
3.25302
3.38943
3.41132
3.45367
3.53699
3.19071
3.34738
3.27154
3.09271
3.23437
3.62678
3.46305
3.2975
3.15092
3.39216
3.44078
3.26159
3.33226
3.44205
3.41977
3.22134
3.21906
3.32443
3.08209
3.0866
3.21351
3.75516
3.22848
3.33317
3.49722
3.27449
3.55327
3.51098
3.63173
3.45466
3.12635
3.19623
3.19098
3.34693
3.34136
3.50131
3.41512
3.42015
3.28149
3.24459
3.17182
3.21356
3.2413
3.17817
3.36568
2.99462
3.37788
3.23839
3.28092
3.26393
3.06863
3.12617
3.28303
3.10676
3.22949
3.13311
3.2544
3.42423
3.42436
3.19119
3.27355
3.3977
3.40494
3.19841
3.43015
3.53453
3.42464
3.28588
3.15778
3.364
3.27615
3.44221
3.06179
3.465
3.23878
3.28997
3.33546
3.11506
3.33602
3.10559
3.3605
3.22898
3.26177
3.32459
3.2993
3.35093
3.35381
3.53809
3.13404
3.16227
3.36475
3.55379
3.12571
3.25486
3.64311
3.34591
3.25975
3.43669
3.21142
3.46337
3.41739
2.84415
3.24237
3.05788
3.51015
3.14718
3.54936
3.23526
3.65973
3.4604
3.32036
3.104
3.51286
3.22348
3.45166
3.23366
3.23843
3.66042
3.28063
3.4775
3.12317
3.48927
3.73021
3.52779
3.15371
3.15957
3.35798
3.06605
3.28874
3.26592
3.17441
3.35743
3.17906
3.43712
3.22845
3.21192
3.88989
3.79337
3.73033
3.75015
3.55412
3.43169
3.16216
3.29319
2.89766
3.29484
3.10191
3.23157
3.56396
3.46231
3.20534
3.11052
2.98346
3.32232
3.49575
3.17803
3.29831
3.38647
3.60128
3.3473
3.3436
3.22541
3.09137
3.37412
3.72716
3.44283
3.38835
3.45022
3.46382
3.36842
3.34581
3.41657
3.29007
3.24982
3.19767
3.53917
3.45946
3.37844
3.14212
3.21944
3.24308
3.38492
3.2832
3.01215
3.19435
3.1311
3.06871
3.34379
3.15618
3.31129
3.21948
3.23201
3.26145
3.34433
3.11762
3.50977
3.13094
3.15459
3.13519
3.29791
3.22426
3.52312
3.2106
3.16501
3.26202
3.38257
3.11371
3.2385
3.73028
3.42483
3.21476
3.33645
3.60099
3.23044
3.29391
3.14625
3.33838
3.29443
3.23475
3.36772
3.36527
3.19419
3.28413
3.29421
3.14794
3.51194
3.49008
3.26469
3.15922
3.29478
3.47171
3.0846
3.25154
3.23245
3.20635
3.37019
3.46553
3.34212
3.16376
3.41332
3.28419
3.28952
3.32032
3.35295
3.55719
3.14384
3.46703
3.37037
3.29375
3.58698
3.13548
3.48775
3.11353
3.19711
3.18703
2.993
3.25495
3.42938
3.30247
3.26044
3.31548
3.23977
3.13171
3.41581
3.3031
3.2738
3.40979
3.21677
3.44125
3.2997
3.40864
3.1915
3.41836
3.33996
3.58685
3.29939
3.34033
3.22946
3.23299
3.25984
3.36798
3.33598
3.17548
3.29076
3.26605
3.59804
3.24456
3.11323
3.59547
3.12921
3.29778
3.12895
3.24744
3.27748
3.19313
3.17352
3.2587
3.35954
3.46115
3.2556
3.22589
3.53671
3.11655
3.35009
3.42771
3.09601
3.4181
3.51747
3.76739
3.39
3.15652
3.2848
3.16398
3.19654
3.16529
3.28086
3.44742
3.43849
3.17165
3.31606
3.26105
3.15077
3.368
3.39709
3.29037
3.09196
3.17352
3.23265
3.171
3.89059
3.38049
3.52055
3.27097
3.28508
3.24164
3.38281
3.31238
3.46138
3.38034
3.58662
3.52391
3.26637
3.30167
3.33028
3.45263
3.31345
3.38192
3.25688
3.23617
3.23882
3.32344
3.20799
3.35413
3.24046
3.17842
3.20639
3.79968
3.18189
3.4444
3.42001
3.4517
3.16711
3.48172
3.40971
3.5996
3.53009
3.35987
3.16261
3.53856
3.25806
3.33245
3.10658
3.26801
3.10028
3.52544
3.22617
3.49018
3.43178
3.61593
3.17707
3.11302
3.30075
3.16598
3.42252
3.34482
3.0902
3.05278
3.09179
3.51547
3.38188
3.60828
3.154
3.2632
3.60797
3.39135
3.42923
3.17278
3.3239
3.31693
3.19395
3.30675
3.26797
3.35466
3.47786
3.46904
3.4183
3.21957
3.43725
3.28173
3.38393
3.31914
3.18011
3.33291
3.44776
3.25908
3.13999
3.29347
3.26592
3.36436
3.31083
3.6032
3.19564
3.12191
3.53007
3.47414
3.04195
3.26082
3.44801
3.29841
3.52015
3.43011
3.3189
3.27339
3.53424
3.20228
3.30122
3.07462
3.35211
3.30291
3.23963
3.25597
3.28123
3.26754
3.23445
3.15785
3.27279
3.27931
3.19994
3.41057
3.3189
3.387
3.61442
3.3341
3.47663
3.67212
3.56967
3.30665
3.33393
3.27723
3.37022
3.04377
3.1803
3.21314
3.19957
3.21112
3.3622
3.27738
3.11037
3.3579
3.33469
3.34316
3.38441
3.19265
3.30037
3.21895
3.37471
3.28987
3.24539
3.43447
3.33373
3.4447
2.98495
3.67201
3.49433
3.45777
3.48598
3.3784
3.46698
3.58623
3.05934
3.3219
3.53462
3.27103
3.10497
3.16762
3.21665
3.3265
3.49309
3.47548
3.40942
3.11896
3.31116
3.19097
3.2086
3.26541
3.30254
3.07867
3.26931
3.36813
3.18749
3.24123
3.17542
3.19968
3.67207
3.39238
3.05692
3.39371
3.35044
3.5129
3.19425
3.25803
3.38756
3.25532
3.09736
3.41755
3.31283
3.2681
3.07309
3.49728
3.09989
3.38909
3.55242
3.15751
3.01383
3.07411
3.18652
3.45324
3.35424
3.11096
3.17964
3.16789
3.64463
3.15788
3.0545
3.41857
3.24236
3.48934
3.23539
3.31389
3.3768
3.36269
3.11661
3.41846
3.11819
3.54318
3.31872
3.37643
3.06863
3.12408
3.31655
3.32166
3.54854
3.81613
3.34894
3.11835
2.90779
3.14332
3.03539
3.36963
3.3967
3.44406
3.55846
3.41916
3.27462
3.54771
3.24942
3.3621
3.61343
3.22037
3.36556
3.12919
3.15779
3.2863
3.39428
3.38247
3.30203
3.03715
3.23709
3.32477
3.37232
3.26414
3.26098
3.457
3.11946
3.64345
3.29739
3.33157
3.25229
3.30369
3.1058
3.45987
3.37647
3.54737
3.5058
3.16958
3.20275
3.39715
3.40412
3.47107
3.29737
3.19309
3.15294
3.30027
3.56809
3.27836
3.55147
3.29339
3.22663
3.22529
3.40881
3.15591
3.4484
3.49039
3.17716
3.4869
3.18709
3.28932
3.43455
3.24785
3.43568
3.07423
3.34082
3.05465
3.53736
3.42515
3.40352
3.38795
3.21705
3.28386
3.07036
3.43258
3.57859
3.52426
3.12802
3.44116
3.2126
3.36182
3.55831
3.61066
3.96017
3.37697
3.30654
3.2525
3.4934
3.28188
3.27661
3.36516
3.29365
3.24173
3.43696
3.6048
3.32107
3.37691
3.50248
3.55191
3.31943
3.47938
3.32798
3.00135
3.2437
3.3354
3.60209
3.33353
3.41428
3.16287
3.23482
3.60266
3.38061
3.48018
3.30784
3.17912
3.23858
3.71977
3.41265
3.38936
2.90444
3.13139
3.45374
3.29178
3.28266
3.47638
3.49893
3.38779
3.55585
3.42068
3.42001
3.46095
3.09626
3.51138
3.6775
3.39703
3.29143
3.08041
3.22524
3.29851
3.32543
3.19398
3.45536
3.24324
3.13188
3.12143
3.53101
3.5906
3.06404
3.13602
3.48723
3.36019
3.15371
3.44996
3.4129
3.40109
3.59108
3.27686
3.2636
3.26036
3.15607
3.16855
3.38417
3.52016
3.20256
3.21835
3.1496
3.37906
3.44557
3.26002
3.33746
3.26665
3.11809
3.11429
3.51761
3.41647
3.39768
3.55531
3.17466
3.31488
3.30858
3.60996
3.29788
3.37059
3.21472
3.35359
3.46642
3.42208
3.42641
3.39334
3.2426
3.30572
3.20508
3.35067
3.34583
3.40172
3.14025
3.09916
3.35242
3.39785
3.31763
3.29965
3.23495
3.49066
3.26612
3.42822
3.55269
3.339
3.22652
3.24243
3.51204
3.45091
3.30423
3.54011
3.31496
3.50475
3.32739
3.16823
3.12223
3.2604
3.45625
3.33281
3.42964
3.50075
3.49029
3.43024
3.25326
3.52981
3.34034
3.16269
3.68806
3.4361
3.18637
3.30803
3.22387
3.36544
3.35471
3.25091
3.37701
3.32868
3.13335
3.3209
3.22516
3.2882
3.53047
3.18572
3.40791
3.40159
3.24273
3.42348
3.30436
3.3365
3.34731
3.15545
3.20087
3.31504
3.45371
3.27734
3.67763
3.59942
3.33002
3.36105
3.76956
3.40329
3.12807
3.31482
3.22985
3.16076
3.13332
3.20083
3.37871
3.15832
3.33411
3.38641
3.38312
3.46512
3.43791
3.38628
3.28882
3.27822
3.41798
3.18689
3.43547
3.28242
3.12943
3.14412
3.33122
3.40675
3.22631
3.25695
3.39825
3.38295
3.13475
3.40543
3.30694
3.2882
3.43415
3.27746
3.85661
3.10605
3.14765
3.44818
3.36884
3.54588
3.35166
3.55203
3.17495
3.41486
3.41286
3.23443
3.31725
3.44204
3.42053
3.4482
3.68484
3.18756
3.16448
3.52016
3.36728
3.5875
3.10919
3.5385
3.40447
3.27766
3.35916
3.31943
3.20647
3.37343
3.20231
3.14023
3.34562
3.12737
3.331
3.24718
3.03916
3.1503
3.26378
3.63558
3.4169
3.37123
3.37437
3.24547
3.37611
3.39992
3.4639
3.19058
3.32801
3.42072
3.16876
3.42807
3.39725
3.47847
3.22346
3.30378
3.40463
3.30564
3.72606
3.3426
3.22977
3.33766
3.52926
3.27917
3.26898
3.34505
3.61947
3.24465
3.54235
3.54
3.343
3.30578
3.57331
3.15521
3.24678
3.60407
3.29968
3.32086
3.24439
3.74884
3.78375
3.28127
3.18361
3.26573
3.26063
3.23201
3.46908
3.27945
3.36004
3.17789
3.54746
3.55846
3.3364
3.36726
3.52585
3.45997
2.93807
3.49069
3.33623
3.25768
3.67494
3.29455
3.30122
3.42064
3.46738
3.31919
3.24284
3.13523
3.48559
3.11947
3.3325
3.6961
3.1363
3.47072
3.18899
3.19592
3.49995
3.18503
3.53877
3.44249
3.37891
3.30135
3.06028
3.36589
3.32861
3.47668
3.07805
3.4981
3.5074
3.32903
3.43724
3.22721
3.3364
3.33304
3.18705
3.23756
3.31814
3.25905
3.20923
3.38053
3.4734
3.44988
3.37989
3.30623
3.44778
3.17198
3.32073
3.49444
3.53291
3.13608
3.36286
3.2444
3.31495
3.42431
3.47738
3.44813
3.25769
3.29748
3.04853
3.23047
3.29318
3.425
3.02372
3.3422
3.37081
3.30723
3.52258
3.28255
3.43747
3.1738
3.29929
3.3266
3.29515
3.47674
3.20172
3.33991
3.22553
3.16723
3.14273
3.13784
3.40897
3.21575
3.15973
3.29941
3.43802
3.27145
3.30895
3.43928
3.06831
3.10847
3.41066
3.42807
3.45354
3.18346
3.4639
3.40182
3.17623
3.30432
3.21868
3.55673
3.32351
3.48866
3.37809
3.21984
3.35115
3.17129
3.57358
3.5638
3.23361
3.62557
3.51675
3.22644
3.64669
3.34764
3.44786
3.35091
3.3954
3.44547
3.38166
3.35148
3.34411
3.27046
3.32088
3.33365
3.2479
3.2474
3.23789
3.33109
3.29389
3.27827
3.41323
3.15042
3.49415
3.36671
3.21194
3.38179
3.48118
3.59684
3.12405
3.53586
3.45853
3.2151
3.25158
3.37007
3.29898
3.37141
3.34449
3.41377
3.45074
3.29342
3.07872
3.48683
3.11422
3.08511
3.16486
3.55275
3.48437
3.06886
3.73386
3.20363
3.66037
3.54142
3.17841
3.03136
3.24025
3.27917
3.68899
3.4019
3.27136
3.46724
3.51992
3.18239
3.37846
3.32624
3.3588
3.33892
3.27173
3.41346
3.30721
3.30444
3.59403
3.35889
3.4012
3.34012
3.20094
3.3378
3.32608
3.17678
3.30306
3.41482
3.3078
3.20786
3.41694
3.5587
3.09203
3.31511
3.2864
3.03814
3.28874
3.40325
3.32474
3.41903
3.4788
3.51819
3.33079
3.50881
3.55877
3.35408
3.55271
3.42638
3.42093
3.43361
3.10933
3.32987
3.32307
3.48156
3.14045
3.24592
3.40108
3.47131
3.41937
3.26643
3.33099
3.42542
3.24186
3.42276
3.27341
3.50589
3.20862
3.29165
3.31916
3.16006
3.43007
3.32977
3.27948
3.07596
3.3879
3.31697
3.00821
3.23684
3.41992
3.29963
3.71203
3.35973
3.03324
3.46273
3.3186
3.34791
3.25177
3.49983
3.52935
3.32557
3.18561
3.24321
3.17843
3.06908
3.373
3.53703
3.47391
3.16516
3.24797
3.27862
3.30507
3.38494
3.21863
3.23157
3.52224
3.25382
3.38562
3.46222
3.03836
3.02743
3.34638
3.27483
3.37443
3.41639
3.23595
3.42628
3.0636
3.10399
3.32584
3.31522
3.18393
3.35342
3.42042
3.28437
3.33527
3.39752
3.2248
3.26517
3.14936
3.39577
3.17731
3.45518
3.14137
3.11213
3.4324
3.31398
3.30956
3.3925
3.26272
3.28462
3.44241
3.47292
3.41238
3.23314
3.22716
3.52555
3.33298
3.23134
3.19273
3.35371
3.34293
3.80764
3.40818
3.33372
3.06096
3.49351
3.10064
3.44089
3.2079
3.1924
3.31074
3.29769
3.13977
3.20497
3.31463
3.19589
3.51393
3.25579
3.52155
3.11825
3.38902
3.32721
3.15595
3.8967
3.2138
3.32032
2.91116
3.26509
3.42996
3.3135
3.28303
3.46952
3.30843
3.51131
3.42973
3.28383
3.24941
3.52006
3.34157
3.35702
3.3897
3.33669
3.40237
3.37199
3.42491
3.59277
3.25933
3.60714
3.47186
3.39626
3.37482
3.473
3.25471
3.13287
3.39048
3.46696
3.47265
3.51842
3.33936
3.28138
3.28292
3.45487
3.37678
3.51259
3.39822
3.41266
3.1642
3.17385
3.48524
3.49885
3.22395
3.27148
3.31554
3.24166
3.41651
3.16937
3.57971
3.07618
3.29644
3.27283
3.19984
3.4465
3.31585
3.52605
3.25685
3.14601
3.501
3.16628
3.32442
3.39471
3.18904
3.09629
3.36127
3.46514
3.12283
3.44298
3.08091
3.42774
3.16862
3.13387
3.20094
3.14469
3.60809
3.23287
3.33094
3.49478
3.23125
3.18264
3.10795
2.99639
3.36719
3.26204
3.35735
3.33506
3.44376
3.17404
3.38456
3.62243
3.5064
3.2237
3.34374
3.31164
3.36894
3.2481
3.12281
3.32173
3.55558
3.23947
3.19593
3.34719
3.48191
3.21312
3.21091
3.27631
3.2828
3.33147
3.36927
3.24778
3.18942
3.26099
3.35652
3.24692
3.50417
3.41429
3.48328
3.29235
3.10822
3.42262
3.11328
3.24285
3.33826
3.37669
3.21646
3.26615
3.62419
3.24665
3.35693
3.54795
3.14869
3.28187
3.11118
3.43287
3.49827
3.08369
3.42536
3.41766
3.55273
3.45933
3.42729
3.131
3.19394
3.40519
3.33637
3.28293
3.20526
3.6926
3.30226
3.46002
3.61312
3.37822
3.33563
3.23045
3.21679
3.35265
3.44834
3.19204
3.26707
3.22119
3.35405
3.47353
3.59722
3.34812
3.28942
3.52849
3.51133
3.34031
3.42282
3.58311
3.25516
3.35532
3.19092
3.39425
3.20322
3.24848
3.3634
3.51937
3.26219
3.20111
3.30159
3.80247
3.24981
3.12803
3.17342
3.23737
3.40613
3.26431
3.59771
3.08502
3.25592
3.23386
3.43307
3.27674
3.47801
3.3914
3.29578
3.34738
3.46298
3.32918
3.03508
3.10746
3.09405
2.98817
3.15493
3.43199
3.11165
3.50505
3.20096
3.38856
3.18537
3.20124
3.22947
3.24963
3.1061
3.37136
3.53607
3.19221
3.25714
3.02681
3.30913
3.31511
3.0302
3.43257
3.25157
3.11726
3.33033
3.6138
3.26703
3.36512
3.26061
3.14907
3.2176
3.47017
3.04767
3.70861
3.52043
3.36321
3.09244
3.24231
3.39191
3.33783
3.34345
3.10932
3.25387
3.32814
3.3166
3.54473
3.46795
3.52194
3.17398
3.12416
3.41162
3.32728
3.1704
3.29924
3.26754
3.35913
3.29362
3.0424
3.24395
3.21936
3.36926
3.25852
3.30331
3.42483
3.38438
3.31389
3.27089
3.20973
3.16326
3.10935
3.39363
3.21273
3.40753
3.09082
3.53364
3.30604
3.10838
3.04455
3.36109
3.22965
3.49232
3.32375
3.21571
3.32795
3.32923
2.93924
3.31374
3.29788
3.19722
3.27503
3.34935
3.33032
3.64102
3.44316
3.19493
3.30666
3.21314
3.14657
3.34038
3.20411
3.4824
3.28537
3.26309
3.5338
3.5254
3.55091
3.42256
3.60603
3.6262
3.40327
3.31438
3.29818
3.21964
3.37353
3.14079
3.22378
3.48578
3.10294
3.32399
3.18165
3.19872
3.43318
3.55472
3.42129
3.2203
3.0387
3.32512
3.27338
3.33279
3.17523
3.37098
2.97326
3.36397
3.17611
3.14994
3.66695
3.32596
3.07858
3.37848
3.25697
3.29754
3.23201
3.3582
3.32359
3.33026
3.4
3.31698
3.58689
3.36935
3.30835
3.5304
3.25446
3.38464
3.57094
3.1978
3.10408
3.34974
3.05047
3.15542
3.32887
3.0847
3.41126
3.46037
3.24571
3.27836
3.38482
3.53123
3.46672
3.58835
3.56985
3.58474
3.36826
3.25657
3.16151
3.09174
3.54756
3.5187
3.21658
3.32982
3.34179
3.33879
3.15014
3.32521
3.31486
3.19993
3.15486
3.27965
3.30953
3.30099
3.20906
3.14243
3.42496
3.39701
3.27783
3.20419
3.22677
3.3219
3.20697
3.14793
3.23754
3.3026
3.26312
3.12451
3.31163
3.2812
3.36777
3.40305
3.40049
3.27605
3.35713
3.36157
3.14083
3.20527
3.32848
3.17534
3.24726
3.21784
3.28095
3.56768
3.53893
3.21587
3.16832
3.24063
3.55378
3.16076
3.27481
3.33166
3.29857
3.18954
3.31666
3.30732
3.48997
3.20325
3.33361
3.27901
3.54414
3.37871
3.22014
3.20842
3.44055
3.21137
3.59769
3.28321
3.35007
3.25707
3.61455
3.27456
3.35034
3.47853
3.45747
3.29638
3.29857
3.2426
3.21816
3.21652
3.30466
3.70506
3.24574
3.41037
3.73852
3.51312
3.27101
3.23639
3.39095
3.21407
3.04666
3.05412
3.25304
3.2914
3.29724
3.41271
3.54533
3.37134
3.20281
3.23833
3.16963
3.48664
3.0985
3.29562
3.507
3.27181
3.23454
3.48649
3.48659
3.23331
3.47348
3.1951
3.19807
3.24045
3.2589
3.42026
3.25016
3.40793
3.61947
3.31984
3.24718
3.47462
3.22706
3.23144
3.29407
3.55975
3.35745
3.2335
3.1952
3.27886
3.46362
3.35939
3.62485
3.49887
3.58729
3.45015
3.42143
3.25347
3.34078
3.3111
3.08178
3.4982
3.18675
3.15361
3.20863
3.14608
3.02043
3.17375
3.18582
3.21346
3.2663
3.5233
2.99273
3.23932
3.36661
3.16638
3.33847
3.35343
3.28886
3.12235
3.42927
3.40135
3.17495
3.25133
3.49142
3.14233
3.27221
3.37251
3.22475
3.42472
3.39799
3.34823
3.37352
3.57721
3.08751
3.42576
3.308
3.40062
3.32458
3.53661
3.4957
3.35807
3.27474
3.27741
3.53828
3.26926
3.44994
3.2224
3.46736
3.41481
3.18567
3.11932
3.14535
3.24957
3.12626
2.95122
3.24879
3.3571
3.21519
3.24406
3.42834
3.25834
3.38369
3.40815
3.17127
3.54648
3.29822
3.13702
3.35382
3.26105
3.4958
3.41928
3.27967
3.38663
3.37012
3.52798
3.31427
3.35414
3.46826
3.47113
3.15831
3.19048
3.50739
3.3032
3.50099
3.08539
3.37692
3.20154
3.55504
3.33346
3.34882
3.37346
3.134
3.18096
3.14961
3.28821
3.45709
3.15129
3.3424
3.21292
3.43832
3.34104
3.63919
3.39929
3.28964
3.39565
3.44524
3.33922
3.32462
3.21907
3.24856
3.58376
3.03649
3.31474
3.13911
3.62095
3.10608
3.43872
3.31625
3.12286
3.32765
3.2946
3.70675
3.1153
3.25935
3.53265
3.48641
3.65153
3.12687
3.55806
3.44525
3.46462
3.65545
3.33223
3.12817
3.3305
3.41313
3.51943
3.27299
3.38547
3.41423
3.31992
3.36062
3.22091
3.31042
3.12147
3.5837
3.46554
3.15554
3.21525
3.40288
3.55538
3.42019
3.12475
3.46282
3.489
3.28009
3.32159
3.1985
3.44109
3.46919
3.29905
3.50747
3.38691
3.27665
3.21671
3.18
3.20811
3.41375
3.45139
3.49815
3.32043
3.16778
3.20411
3.2883
3.26864
3.18375
3.24465
3.31007
3.28811
3.26597
3.20492
3.20787
3.00552
3.11289
3.47945
3.23925
3.37973
3.4141
3.34223
3.29065
3.46311
3.22398
3.13013
3.11527
3.15014
3.34869
3.14706
3.35549
3.12772
3.22547
3.24721
3.40347
3.14815
3.12304
3.15287
3.24895
3.3851
3.36224
3.39025
3.07923
3.40992
3.29703
3.60887
3.59401
3.64606
3.36314
3.19414
3.07598
3.42653
3.33996
3.45506
3.68172
3.42357
3.19624
3.23316
3.48594
3.29236
3.13233
3.27075
3.00883
3.41087
3.06719
3.28508
3.35685
3.12111
3.51171
3.61338
3.38674
3.25809
3.07164
3.555
3.24074
3.26943
3.31774
3.30661
3.11946
3.32144
3.37861
3.39285
3.11213
3.33947
3.33857
3.08843
3.3544
3.58157
3.64874
3.3814
3.66646
3.65628
3.72902
3.37738
3.45977
3.92427
3.26682
3.40087
3.23597
3.22886
3.24985
3.43312
3.58109
3.27653
3.20669
3.52172
3.54753
3.31915
3.41765
3.26054
3.61479
3.25335
3.04327
3.21715
3.19137
3.41582
3.20316
3.18348
3.55547
3.25462
3.25082
3.31881
3.61561
3.30198
3.20035
3.34297
3.30331
3.23989
3.65926
2.99775
3.42479
3.25572
3.46806
3.59067
3.2797
3.36891
3.23059
3.19938
3.17238
3.30591
3.25966
3.51229
3.67876
3.46792
3.23951
3.4428
3.24222
3.53022
3.26027
3.46091
3.64418
3.42964
3.31588
3.42962
3.0876
3.67689
3.22176
3.23945
3.41049
3.09722
3.4571
3.42283
3.19283
3.22572
3.39544
3.42246
3.41265
3.39497
3.55298
3.23524
3.34612
3.33139
3.19998
3.18329
3.21255
3.42942
3.13219
3.46547
3.18013
3.20354
3.3437
3.25039
3.34632
3.50779
3.28332
3.30813
3.19386
3.25725
3.22509
3.42594
3.2646
2.98754
3.29997
3.41972
3.34129
3.25806
3.32069
3.32307
3.40856
3.29159
3.23522
3.2189
3.30297
3.1786
3.31471
3.27779
3.1408
3.18957
3.55972
3.20222
3.30562
3.48969
3.11819
3.32021
3.31963
3.39894
3.25561
3.18511
3.2394
3.62712
3.43396
3.16773
3.19923
3.36878
3.52225
3.22749
3.38135
3.23668
3.22349
3.33065
3.43942
3.52194
3.35662
3.06512
3.37106
3.10754
3.09226
3.53533
3.2219
3.17378
3.09302
3.1879
3.46821
3.18646
3.26329
3.35043
3.2769
3.46825
3.4135
3.34097
3.25418
3.47232
3.42576
3.30716
3.18455
3.23208
3.33613
3.21048
3.33594
3.56152
2.93473
3.12318
3.20947
3.43806
3.03565
3.57882
3.28245
3.38059
3.1524
3.49388
3.27932
3.39703
3.65839
3.31633
3.30819
3.33727
3.16748
3.3371
3.41189
3.18051
3.28511
3.09968
3.31516
3.58206
3.3014
3.2056
3.34457
3.41213
3.32958
3.16668
3.38882
3.30539
3.36389
3.50157
3.18593
3.43391
3.23393
3.58212
3.27319
3.51746
3.28233
3.36227
3.202
3.24026
3.46577
3.56205
3.544
3.45692
3.45201
3.29038
3.48785
3.15641
3.54156
3.42365
3.22428
3.25586
2.9709
3.40136
3.33434
3.53612
3.6918
3.45022
3.21316
3.39877
3.27169
3.48219
3.40818
3.13558
3.27903
3.22679
3.29848
3.26437
3.44366
3.36855
3.56233
3.16637
3.08245
3.10094
3.24761
3.24191
3.10494
3.56953
3.14705
3.04051
3.14738
3.19665
3.44155
3.45586
2.99942
3.31073
3.23745
3.38741
3.53111
3.25054
3.31702
3.47897
3.64254
3.3796
3.10672
3.36909
3.27788
3.46496
3.00402
3.27019
3.49633
3.48487
3.23248
3.21541
3.38782
3.16933
3.11763
3.20521
3.39161
3.36978
3.38078
3.56432
3.42864
3.44625
3.23562
3.22125
3.54279
3.38946
3.18803
3.52263
3.2029
3.49509
3.39174
3.36977
3.41346
3.26658
3.16606
3.32788
3.03967
3.32969
3.2046
3.38179
3.15529
3.57987
3.12116
3.3717
3.30684
3.27557
3.21493
3.3648
3.39515
3.13952
3.44831
3.077
3.2927
3.4188
3.31511
3.13596
3.23551
3.29424
3.25974
3.38787
3.44088
3.23961
3.4218
3.37834
3.31536
3.34421
3.27357
3.21242
3.38417
3.46652
3.20776
3.41803
3.3849
3.31835
3.22604
3.20041
3.69316
3.26958
3.29634
3.51338
3.2015
3.25642
3.31194
3.4045
3.39559
3.64727
3.23282
3.55045
3.30523
3.16364
3.46862
3.27825
3.48538
3.30699
3.3156
3.21783
3.50059
3.16805
3.37328
3.35294
3.30418
3.5474
3.15636
3.32122
3.41402
3.45429
3.38534
3.28039
3.65039
3.44466
3.23701
3.41894
3.34326
3.72737
3.46316
3.27061
3.49424
3.47809
3.31557
3.35929
3.5664
3.1807
3.22566
3.36231
3.31649
3.32174
3.6121
3.34082
3.32623
3.29336
3.13477
3.30239
3.25093
3.29585
2.99456
3.25475
3.43458
3.2429
3.39198
3.4025
3.21425
3.4016
3.26962
3.1462
3.18731
3.27752
3.35771
3.18437
3.2212
3.44326
3.25875
3.38895
3.2569
3.2469
3.29877
3.24514
3.2088
3.5146
3.32937
3.35235
3.44062
3.27268
3.21425
3.1812
3.19302
3.2093
3.43298
3.08422
3.1899
3.26431
3.49949
3.28814
3.27446
3.35811
3.79266
3.24894
3.14206
3.34851
3.49773
3.65958
3.21875
3.13299
3.16469
3.20597
3.35322
3.02388
3.58238
3.47704
3.21803
3.17368
3.46886
3.36156
3.38809
3.49184
3.29873
3.43271
3.53837
3.26392
3.44588
3.48294
3.32319
3.32393
3.29783
3.35713
3.2156
3.3336
3.11563
3.1959
3.30209
3.33286
3.22135
3.48491
3.53219
3.43386
3.42739
3.25897
3.41979
3.51951
3.40296
3.30639
3.3992
3.23854
3.0289
3.41161
3.12218
3.39277
2.96241
3.128
3.26908
3.62485
3.1854
3.28872
3.21206
3.04967
3.30481
3.5303
3.5049
3.39476
3.32992
3.13814
3.08112
3.32294
3.24883
3.37377
3.19633
3.63382
3.2539
3.34026
3.3793
3.25081
3.29041
3.22989
3.60852
3.43951
3.47695
3.20214
3.37005
3.26721
3.10041
3.49553
3.30586
3.49836
3.30273
3.32505
3.32596
3.17211
3.53223
3.21839
3.39705
3.36804
3.57784
3.75138
3.44361
3.17818
3.52423
3.73994
3.25298
3.1855
3.34217
3.2199
3.46047
3.54611
3.25196
3.25645
3.49563
3.08095
3.17631
3.33281
2.91295
3.36653
3.22166
3.2894
3.10845
3.35481
3.45149
3.34797
3.1776
3.83366
3.41468
3.17437
3.34939
3.73779
3.30428
3.60021
3.20119
3.34458
3.70983
3.62522
3.08627
3.20149
3.28377
3.42419
3.35898
3.36612
3.12884
3.12488
3.20768
3.4566
3.18452
3.09866
3.57606
3.22805
3.18286
3.33178
3.50272
3.32962
3.30126
3.48693
3.1733
3.47412
3.46218
3.58791
3.28122
3.34977
3.25837
3.20642
3.2407
3.41302
3.36554
3.0464
3.28758
3.37044
3.56151
3.33461
3.21556
3.24305
3.29853
3.36095
3.19265
3.11403
3.55957
3.31064
3.57818
3.92819
3.30891
3.29747
3.41129
3.31117
3.00884
3.55689
3.08341
3.30673
3.44106
3.28027
3.49668
3.43452
3.23136
3.55622
3.49334
3.38653
3.26198
3.51855
3.58169
3.14428
3.32666
3.6354
3.33148
3.39957
3.1304
3.12066
3.46519
3.3285
3.48748
3.29255
3.32206
3.17219
3.29351
3.23218
3.16549
3.22828
3.28068
3.30602
3.0426
3.09082
3.47915
3.16396
3.36849
3.17575
3.31283
3.02086
3.5113
3.45399
3.41295
3.41393
3.33398
3.37577
3.44734
2.94065
3.26029
3.49197
3.31443
3.57177
3.30905
3.35274
3.51194
3.3907
3.37394
3.26595
3.39503
3.48048
3.2522
3.56045
3.09752
3.41281
3.39376
3.27351
3.26304
3.1736
3.28679
3.26545
3.16155
2.92816
3.17277
3.45938
3.33767
3.31205
3.44092
3.30395
3.41023
3.43516
3.2702
3.17705
3.23687
3.26537
3.45834
3.61317
3.31862
3.28443
3.28563
3.34432
3.21275
3.34233
3.33561
3.09991
3.53821
2.99387
3.29363
3.46375
3.17
3.1685
3.19341
3.83308
3.31521
3.22466
3.25398
3.31995
3.68439
3.01318
3.44498
3.47277
3.25169
3.33398
3.2085
3.27129
3.2118
3.14997
3.05332
3.29648
3.34165
3.5013
3.18844
3.20281
3.33151
3.44797
3.50018
3.41317
3.65109
3.51332
3.19327
3.33731
3.16306
3.44154
3.01704
3.35398
3.37702
3.46809
3.592
3.43104
3.25992
3.33348
3.38456
3.418
3.36876
3.00968
3.18158
3.05599
3.15896
3.36278
3.4538
3.69459
3.61331
3.1956
3.26086
3.30504
3.41583
3.31749
3.18111
3.24632
3.25363
3.51224
3.52999
3.32031
3.35866
3.2251
3.53193
3.32656
3.19775
3.38641
3.33872
3.1522
3.52983
3.02553
3.48386
3.12111
3.32362
3.11573
3.23162
3.34859
3.24839
3.18316
3.25504
3.30195
3.11266
3.0077
3.36746
3.10529
3.20161
3.20541
3.47415
3.31362
3.35176
3.47379
3.30824
3.57343
3.55921
3.50297
3.14875
3.24915
3.30733
3.2792
3.18468
3.22056
3.17685
3.38569
3.28571
2.95754
3.24792
3.32551
3.43817
3.21619
3.35412
3.31521
3.24709
3.31475
3.39156
3.19204
3.15633
3.28232
3.18229
3.34382
3.51707
3.3883
3.09563
3.35627
3.06027
3.22167
3.59354
3.21135
3.28181
3.45365
3.3647
3.34328
3.3837
3.43257
3.1074
3.54517
3.1849
3.13475
3.1691
3.21062
3.27153
3.38997
3.36922
3.30291
3.46601
3.53142
3.31072
3.24195
3.29997
3.24813
3.6149
3.63126
3.15932
3.22022
3.29781
3.38168
3.36162
3.14985
3.12716
3.117
3.11858
3.49534
3.25432
3.16996
3.67613
3.45799
3.33811
3.54012
3.77297
3.3502
3.53686
3.32786
3.21967
3.37841
3.35742
3.40724
3.27433
3.2015
3.22509
3.34542
3.30571
3.28699
3.33838
3.30884
3.56184
3.25627
3.42155
3.02001
3.31811
3.12899
3.39261
3.23678
3.36175
3.2689
3.22311
3.19609
3.24494
3.32867
3.30234
2.97607
3.35288
3.27141
3.28915
3.56666
3.32256
3.20885
3.43824
3.25374
3.35937
3.12624
3.64658
3.26898
3.56958
3.09397
3.46428
3.36728
3.17187
3.34507
3.32184
3.45998
3.29618
3.23325
3.09016
3.67125
3.43596
3.21401
3.63575
3.16903
3.30058
3.35495
3.19221
3.15621
3.11589
3.45767
3.22567
3.33094
3.2231
3.59501
3.17544
3.13326
3.70059
3.5219
3.27444
3.37703
3.31938
3.21974
3.42587
3.36535
3.37736
3.19269
3.11965
3.34184
3.33735
3.50311
3.3022
3.35788
3.38013
3.69538
3.26393
3.56238
3.33714
3.28968
3.42654
3.02496
3.29199
3.47348
3.09952
3.36697
3.09694
3.26958
3.47937
3.32314
3.16123
3.60178
3.3139
3.38406
3.39546
3.67758
3.58136
3.18719
3.61988
3.26122
3.22619
3.33668
3.45735
3.30679
3.49852
3.31778
3.2745
3.12318
3.39033
3.42777
3.27403
3.60959
3.19653
3.22959
3.44477
3.14779
3.43146
3.05001
3.28852
3.16286
3.34411
3.15206
3.39862
3.46202
3.35322
3.44369
3.22762
3.35455
3.60356
3.20836
3.33052
3.36609
3.49329
3.21492
3.365
3.1702
3.41014
3.40003
3.29488
3.15936
3.66697
3.34209
3.55095
3.34909
3.15578
3.21992
3.18155
3.32316
3.37078
3.26795
3.26888
3.26753
3.24091
3.56387
3.39754
3.51397
3.24984
3.3185
3.65268
3.07462
3.35386
3.61845
3.3097
3.30156
3.59808
3.1206
3.34236
3.31177
3.34306
3.21738
3.36089
3.35771
3.28328
3.13424
3.46927
3.5372
3.37394
2.88834
3.15199
3.07864
3.29974
3.38483
3.48416
3.11994
3.32251
3.23933
3.32321
3.22197
3.45557
3.58487
3.46925
3.43764
3.39521
3.3369
3.40477
3.53559
3.33092
3.14489
3.29802
3.28374
3.63348
3.24369
3.33401
3.29389
3.24785
3.36048
3.32813
3.32355
3.41888
3.21
3.31718
3.67105
3.0287
3.26335
3.13821
3.10879
3.40381
3.26036
3.49691
3.2298
3.41093
3.24618
3.17396
3.44524
3.20201
3.08627
3.40522
3.52023
3.53951
3.26205
3.18658
3.40339
3.44934
3.13057
3.08944
3.3469
3.20782
3.51557
3.39662
3.65501
3.32605
3.06919
3.31141
3.45992
3.39575
3.39624
3.15187
3.35265
3.25662
3.15547
3.08876
3.2712
3.3054
3.40993
3.29406
3.17224
3.28296
3.09564
3.17732
3.36005
3.24038
3.16642
3.32095
3.38147
3.49001
3.20287
3.51162
3.12707
3.25662
3.36616
3.18321
3.15449
3.28319
3.42048
3.43592
3.33776
3.41958
3.27772
3.31626
3.50722
3.16343
3.52513
3.21416
3.20857
3.42115
3.75846
3.4846
3.28317
3.22618
3.20132
3.4794
3.49181
3.39603
3.2227
3.37623
3.30007
3.51348
3.49794
3.44347
3.2263
3.24934
3.17205
3.14817
3.31869
3.39658
3.32674
3.32893
3.63606
3.29758
3.33536
3.30913
3.23216
3.37956
3.34041
3.33312
3.27573
3.44398
3.25348
3.24854
3.4945
3.09649
3.1874
3.33763
3.20926
3.49618
3.29513
3.43053
3.1796
3.37978
3.459
3.23427
3.78864
3.20387
3.56573
3.5873
3.24069
3.34827
3.24483
3.26653
3.40469
3.22372
3.52922
3.281
3.55134
3.54393
3.36751
3.47707
3.30776
3.3452
3.44576
3.34933
3.39826
3.44539
3.22345
3.29446
3.45147
3.25183
3.27956
3.57926
3.40076
3.25573
3.2051
3.27722
3.29417
3.15232
3.26787
3.69461
3.21106
3.4916
3.16127
3.14949
3.49731
3.41667
3.38433
3.32708
3.33624
3.37066
3.29586
3.36353
3.15636
3.29107
3.25175
3.42419
3.48331
3.15353
3.38635
3.52654
3.2387
3.3111
3.38291
3.46999
3.16208
3.24562
3.42487
3.4227
3.29457
3.50284
3.42491
3.30491
3.51923
3.22958
3.32729
3.19852
3.06786
3.41856
3.30495
3.53616
3.63299
3.52166
3.20951
3.21778
3.40457
3.52402
3.58935
3.49187
3.19572
3.51078
3.53919
3.23968
3.37525
3.43082
3.35912
3.16312
3.28477
3.13412
3.45578
3.25386
3.37271
3.35307
3.21955
3.29169
3.47888
3.19078
3.36129
3.22858
3.33235
3.36011
3.22705
3.36133
3.13023
3.24401
3.37154
3.42915
3.11866
3.55879
3.24961
3.28844
3.44044
3.23083
3.23065
3.28391
3.19721
2.99207
3.37945
3.2886
3.53492
3.25591
3.24051
3.23679
3.3213
3.21301
3.3206
3.27539
3.22941
2.93007
3.20733
3.3629
3.25696
3.29058
3.1917
3.1105
3.03112
3.27077
3.16029
3.3377
3.37001
3.15913
3.2513
3.22731
3.20822
3.44175
3.22353
3.28768
3.2371
3.31805
3.351
3.37186
3.55269
3.26019
3.95142
3.36869
3.43493
3.23907
3.35023
3.055
3.24998
3.3312
3.17456
3.22154
3.02043
3.32445
3.2965
3.43033
3.87704
3.61112
3.49709
3.31773
3.30475
3.39516
3.28335
3.38269
3.42877
3.22001
3.1731
3.30376
3.12622
3.35807
3.46004
3.24695
3.555
3.67194
3.15856
3.37547
3.46514
3.24683
3.50802
3.2393
3.70025
3.23346
3.52541
3.21842
3.33429
3.40047
3.94862
3.77545
3.38231
3.30236
3.14952
3.48899
3.37663
3.26382
3.19607
3.37167
3.32994
3.34647
3.93128
3.15999
3.32688
3.45405
3.22678
3.26362
3.47904
3.20061
3.01821
3.36936
3.44411
3.36071
3.08999
3.28036
3.09641
3.14489
3.16944
3.12814
3.58968
3.33668
3.40072
3.41265
3.3174
3.53699
3.16299
3.28111
3.24852
3.46838
3.4683
3.15101
3.40713
3.29793
3.46028
3.40241
3.66327
3.38873
3.24437
3.10723
3.28734
3.44707
3.36201
3.35175
3.26717
3.39104
3.4518
3.11983
3.12216
3.12648
3.28561
3.3328
3.50921
3.26328
3.42478
3.55179
3.42305
3.30453
3.26442
3.17706
3.4681
3.28319
3.43039
3.21612
3.24315
3.36286
3.22029
3.42056
3.28861
3.13142
3.3284
3.13711
3.25314
3.23323
3.01229
2.99767
3.28716
3.41737
3.4995
3.32987
3.25335
3.26702
3.15229
3.4633
3.17321
3.48202
3.32033
3.23678
3.32993
3.10777
3.0816
3.19366
3.32693
3.22722
3.25226
2.96252
3.27734
3.12621
3.32675
3.53912
3.398
3.45095
3.26257
3.30392
3.33369
3.17184
3.1736
3.26404
3.21823
3.22475
3.41508
3.57639
3.12194
3.23518
3.64128
3.12683
3.3329
3.23624
3.49271
3.21218
3.20497
3.45472
3.22662
3.30428
3.5303
3.30408
3.14392
3.18193
3.10548
3.20356
3.08794
3.2394
3.56028
3.14511
3.21865
3.3267
3.27608
3.2335
3.4339
3.49473
3.58563
3.06196
3.09369
3.06472
3.50864
3.21439
3.65143
3.38432
3.49101
3.42203
3.43173
3.15572
3.2941
3.36004
3.26055
3.44222
3.50245
3.185
3.26151
3.21405
3.46226
3.14257
3.37839
3.37245
3.27557
3.20088
3.55622
3.36296
3.42573
3.23396
3.17234
3.49624
3.2195
3.21447
3.46087
3.39798
3.46328
3.4201
3.1324
3.40267
3.41272
3.14922
3.10577
3.31799
3.47746
3.20767
3.39056
3.14329
3.48778
2.99249
3.43762
3.41145
3.28853
3.23105
3.56413
3.14903
3.41064
3.45929
3.22771
3.57726
3.52258
3.24474
3.42197
3.3302
3.48356
3.43618
3.7453
3.14952
3.34752
3.322
3.30893
3.50248
3.21615
3.31537
3.43553
3.17572
3.2128
3.33535
3.43235
3.28161
3.20702
3.50454
3.02105
3.34445
3.24936
3.28321
3.21695
3.42063
3.30224
3.21071
3.37878
3.25685
3.11383
3.25428
3.25439
3.45451
3.43046
3.43656
3.26134
3.38351
3.24962
3.20439
3.37625
3.3752
3.40255
3.04262
3.37471
3.36801
3.27951
3.08589
3.49902
3.50928
3.34865
3.1794
3.54008
3.32361
3.06415
3.02318
3.47639
3.21809
3.15091
3.28241
3.44261
3.31075
3.40079
3.41091
3.31794
3.18982
3.37699
3.11941
3.18901
3.37083
3.27675
3.62545
3.15454
3.34783
3.20073
3.40834
3.1109
3.27353
3.29768
3.26834
3.66763
3.30513
3.44014
3.25692
3.02607
3.25115
3.30262
3.33792
3.13729
3.39922
3.36381
3.55642
3.52104
3.24558
3.21076
3.33504
3.49594
3.21478
3.56778
3.52895
3.14504
3.40393
3.1132
3.37648
3.44249
3.45158
3.37581
3.20622
3.24349
3.20138
3.20732
3.4158
3.51149
3.31955
3.15086
3.20787
3.48528
3.21887
3.20702
3.20356
3.2547
3.22395
3.22003
3.26889
3.18263
3.22769
3.62767
3.13502
3.25052
3.14249
3.22428
3.19629
3.21793
3.32866
3.21851
3.45779
3.25114
3.08648
3.30972
3.21768
3.17891
3.27883
3.30574
3.13487
3.38858
3.34785
3.21468
3.2107
3.34175
3.21572
3.3688
3.14296
3.39855
3.36083
3.44073
3.42247
3.37204
3.23295
3.34732
3.27445
3.60618
3.34507
3.19584
3.39068
3.3765
3.17539
2.97682
3.16977
3.26394
3.49325
3.59079
3.1432
3.41766
3.40712
3.13602
3.29379
3.26984
3.33342
3.28345
3.32784
3.61768
3.0622
3.56848
3.4784
3.2058
3.2769
3.15931
3.22243
3.12672
3.40378
3.47634
3.47613
3.61552
3.28658
3.26137
3.16144
3.26516
3.19797
3.17141
3.21412
3.41358
3.16671
3.1687
3.20373
3.06565
3.07883
3.47449
3.21959
3.08335
3.24942
3.14694
3.36828
3.34425
3.20203
3.47139
3.17013
3.61735
3.42002
3.14233
3.05313
3.13681
3.13201
3.4463
3.20632
3.40115
3.29275
3.57257
3.27349
3.16289
3.18993
3.21599
3.25175
3.35316
3.31345
3.28284
3.47337
3.55951
3.41182
3.41217
3.02777
3.37772
3.18647
3.20326
3.39743
3.39006
3.29745
3.3125
3.40891
3.09949
2.96452
3.32835
3.5624
3.42331
3.50111
3.2433
3.30262
3.4418
3.18076
3.23744
3.54492
3.26251
3.49007
3.28199
3.47455
3.38367
3.36361
2.94841
3.07083
3.58978
3.28662
3.42663
3.59567
3.78787
3.12035
3.09443
3.28794
3.42095
3.27977
3.26978
3.09522
3.34268
3.6226
3.53261
3.30527
3.42222
3.35711
3.28582
3.55593
3.6125
3.21488
3.51032
3.28123
3.472
3.08998
3.19238
3.20951
3.55648
3.50616
3.1782
3.47943
3.63723
3.32031
3.21903
3.34052
3.37079
3.57464
3.28398
3.2794
3.21885
3.31876
3.07131
3.35611
3.3019
3.54266
3.4317
3.1541
3.27304
3.35021
3.07951
3.43089
3.16722
3.19962
4.0049
3.2391
3.6198
3.09366
3.40395
3.44329
3.12774
3.28884
3.54361
3.28094
3.27476
3.48196
3.3624
3.44779
3.39418
3.34133
3.44073
3.24946
3.15424
3.53345
3.25946
3.35587
3.39873
3.25942
3.44677
3.12232
3.44013
3.34681
3.23472
3.47861
3.62856
3.35274
3.38284
3.29421
3.23753
3.41791
3.38648
3.41009
3.49153
3.41035
3.02635
3.10283
3.15109
3.29161
3.40986
3.19714
3.39996
3.33153
3.30305
3.18859
3.41666
3.39402
3.33198
3.51044
3.30575
3.20132
3.16774
3.08886
3.26004
3.50284
3.22603
3.26665
3.4541
3.64132
3.37195
3.10833
3.24582
3.27665
3.22091
3.4528
3.28532
3.18923
3.49237
3.32499
3.30864
3.1065
3.26377
3.36207
3.13966
3.16848
3.10409
3.31707
3.22316
3.38228
3.18549
3.42528
3.26477
3.33013
3.342
3.3709
3.24719
3.24043
3.28141
3.19006
3.41803
3.24244
3.19501
3.3038
3.13078
3.27591
3.23284
3.19811
3.13472
3.43359
3.21743
3.21556
3.30977
3.30695
3.39618
3.21837
3.1769
3.27505
3.63003
3.38261
3.30667
3.60118
3.00203
3.11509
3.55894
3.26008
3.47828
3.30104
3.17109
3.16674
3.42938
3.34343
3.36646
3.39939
3.26062
3.25883
3.29771
3.1806
3.12219
3.26468
3.32982
3.16652
3.6456
3.37273
3.71963
3.23
3.12436
3.12934
3.05137
3.6127
3.28649
3.10379
3.33402
3.0805
3.40148
3.47131
3.01053
3.19238
3.47852
3.08951
3.33346
3.4072
3.38013
3.60941
3.59893
3.70327
3.4734
3.11939
3.2275
3.38248
3.21022
3.32485
3.34416
3.52735
3.1473
3.35729
3.17219
3.01302
3.68724
3.49382
3.2196
3.29062
3.59415
3.2842
3.18339
3.49407
3.36391
3.30866
3.37805
3.12579
3.32789
3.43979
3.0693
3.13179
3.34515
3.04579
3.01698
3.41154
3.61499
3.27633
3.35323
3.5904
3.36127
3.36267
3.3958
3.42401
3.37121
3.61274
3.3646
3.32431
3.07524
3.09987
3.41069
3.38096
3.38997
3.29113
3.39761
3.34548
2.95444
3.26498
3.22573
3.29429
3.24725
3.43522
3.22103
3.19251
3.22591
3.27438
3.58053
3.19772
3.34679
3.28737
3.52233
3.32951
3.26659
3.50475
3.16239
3.40834
3.53544
3.30612
3.27756
3.185
3.18414
3.16085
3.46029
3.49796
3.24669
3.43793
3.44698
3.34353
3.20557
3.29509
3.13414
3.32505
3.08303
3.06942
3.40874
3.11755
3.48554
3.94255
3.1339
3.09913
3.53716
3.41654
3.29142
3.42568
3.36257
3.25151
3.18384
3.66776
3.63486
3.35676
3.32573
3.33685
3.41807
3.22587
3.67659
3.23804
3.21538
3.21077
3.41926
3.41053
3.11723
3.24416
3.26743
3.36011
3.321
3.46099
3.23513
3.17853
3.35893
3.14334
3.53135
3.47704
3.37765
3.3257
3.0212
3.24436
3.31474
3.15696
3.19343
3.31427
3.33163
3.29335
3.14851
3.12583
3.22567
3.2874
3.21777
3.20394
3.42784
3.35429
3.06971
3.48146
3.36477
3.25775
3.29317
3.36726
3.15348
3.23956
3.62695
3.64187
3.36218
3.4759
3.22476
3.53232
3.69307
3.41019
3.28594
3.55413
3.46127
3.6342
3.10606
3.26917
3.21817
3.18092
3.10907
3.36674
3.42147
3.5386
3.03273
3.33174
3.2938
3.43582
3.31174
3.47318
3.24048
3.26489
3.26525
3.1627
3.30367
3.34012
3.22706
3.04909
3.25108
3.27163
3.51223
3.67108
3.22134
3.43388
3.76047
3.42873
3.07847
3.30836
3.30597
3.36809
3.34984
3.54227
3.17962
3.23414
3.29833
3.22611
3.21869
3.11993
3.31851
3.26932
3.17264
3.38544
3.27272
3.3512
3.25296
3.29255
3.40029
3.28977
3.30872
3.38008
3.30494
3.46219
3.39095
3.29905
3.2386
3.51701
3.38285
3.27293
3.59589
3.18729
3.25989
3.38027
3.40129
3.17493
3.39585
2.97555
3.34297
3.13507
3.41963
3.31672
3.41095
3.29281
3.82253
3.34188
3.1877
3.18564
3.55217
3.31227
3.59665
3.12284
3.32361
3.21587
3.24001
3.24499
3.43049
3.39056
3.36143
3.16563
3.40716
3.4633
3.53256
3.32087
3.18314
3.53716
3.38929
3.17693
3.18354
3.25622
3.38158
3.36755
3.07243
3.32737
3.3223
3.30584
3.42671
3.42148
3.44241
3.34319
3.18923
3.35476
3.27397
3.48399
3.31804
3.21222
3.15182
3.36717
3.08125
3.16538
3.55397
3.23984
3.31226
3.38932
3.4177
3.37543
3.32238
3.29458
3.24824
3.32029
3.36275
3.32985
3.35815
3.16368
3.12304
3.15297
3.26387
3.01682
3.30556
3.0714
3.45774
3.29519
3.46599
3.58052
3.04386
3.39359
3.06132
3.1782
3.28107
3.24359
2.99852
3.55573
3.38911
3.35752
3.30153
3.33714
3.34846
3.25506
3.1826
3.31509
3.35014
3.17054
3.40481
3.59318
3.33726
3.80185
3.45508
3.17943
3.36782
3.57936
3.41538
3.1476
3.22728
3.27998
3.41556
3.29052
3.4684
3.4494
3.36494
3.37306
3.34151
3.09834
3.33798
3.49389
3.3143
2.97494
3.30181
3.27723
3.35554
3.3629
3.55695
3.45136
3.11834
3.38117
3.13179
3.2139
3.32549
3.48525
3.53662
3.28308
3.28964
3.15846
3.25713
3.21857
3.3804
3.19
3.42932
3.26726
3.44436
3.4472
3.15749
3.42632
3.44341
3.33844
3.07686
3.53491
3.32742
3.33562
3.23686
3.42069
3.33952
3.34634
3.24851
3.74401
3.47854
3.14955
3.15975
3.1644
3.35312
3.15718
3.56103
3.21938
3.59937
3.23728
3.45618
3.49428
3.36674
3.03397
3.4569
3.27909
3.27891
3.47709
3.24974
3.31692
3.2201
3.25348
2.91497
3.50993
3.3038
3.40594
3.17922
3.33486
3.3299
3.217
3.44149
3.58788
3.45301
3.52717
3.22426
3.46743
3.54165
3.28785
3.25151
2.86896
3.05634
3.27533
3.18716
3.09819
3.229
3.47126
2.99809
3.51422
3.26149
3.2998
3.42626
3.29475
3.29731
3.26385
3.34711
3.48617
3.47573
3.35635
3.19834
3.1981
3.3465
3.50485
3.21763
3.324
3.22567
3.27619
3.57766
3.4207
3.26161
3.39867
3.29924
3.45323
3.38316
3.25624
3.28687
3.46127
3.34187
3.30305
3.12376
3.13971
3.56273
3.17689
3.13168
3.34955
3.20415
3.36812
3.47233
3.1336
2.93019
3.45036
3.46257
3.17139
3.3908
3.1434
3.03152
3.28515
3.32642
3.38577
3.77068
3.45269
3.5683
3.41566
3.11965
3.30497
3.49061
3.28585
3.0873
3.36999
3.25121
3.31933
3.59189
3.29944
3.21403
3.27608
3.20462
3.13943
3.1114
3.22661
3.33813
3.20408
3.20635
3.25774
3.34528
3.53915
3.42656
3.35268
3.59255
3.72216
3.36521
2.99548
3.34004
3.3619
3.25842
3.4126
3.22039
3.40546
3.38704
3.28744
3.1686
3.41531
3.27668
3.31089
3.14999
3.21448
3.45232
3.24035
3.19955
3.38176
3.25272
3.12029
3.2877
3.30682
3.28391
3.12041
3.26711
3.17982
3.31291
3.17963
3.39172
3.28718
3.01322
3.18699
3.56569
3.22518
3.3362
3.39633
3.39343
3.37815
3.25101
3.84458
3.21385
3.22441
3.06951
3.281
3.17504
3.25237
3.40485
3.32751
3.52028
3.38257
3.18313
3.29347
3.36609
3.33163
3.19611
3.092
3.57969
3.17685
3.2372
3.39343
3.40254
3.45594
3.24634
3.1793
3.49452
3.07521
3.35593
3.64463
3.31969
3.21641
3.21148
3.37444
3.16392
3.18496
3.54934
3.22185
3.43844
3.21968
3.15469
3.10583
3.22602
3.39431
3.34395
3.24045
3.13623
3.44314
3.03431
3.26698
2.95387
3.01155
3.38915
3.45122
3.07899
3.22768
3.31275
3.18756
3.3901
3.19435
3.22757
3.22442
3.27378
3.3047
3.42126
3.29458
3.29535
3.2286
3.46389
3.38852
3.53402
3.20527
3.24486
3.11309
3.4514
3.14179
3.19035
3.36943
3.26094
3.43201
3.46226
3.36235
3.53869
3.20866
3.32085
2.97646
2.91786
3.09786
3.47452
3.1997
3.44051
3.45693
3.5155
3.14819
3.29627
3.31671
3.15047
3.46737
3.46099
3.24926
3.39071
3.3093
3.55782
3.29198
3.57386
3.28375
3.57698
3.65851
3.41826
3.28436
3.2644
3.53498
3.23045
3.18072
3.1248
3.2353
3.42612
3.27296
3.55364
3.08583
3.28795
3.16557
3.29682
3.26506
3.31256
3.46605
3.1037
3.04777
3.64491
3.65394
3.4065
3.04204
3.3173
3.46438
3.32796
3.47216
3.38028
3.11159
3.35863
3.18355
3.279
3.4123
3.30405
3.59342
3.22611
3.47086
3.39683
3.10862
3.27975
3.36643
3.30877
2.9946
3.49067
3.21973
3.09464
3.11631
3.4064
3.41486
3.11973
3.44125
3.11512
3.3256
3.40103
3.38828
3.4736
3.22086
3.20438
3.46835
3.18244
3.12264
3.38547
3.16532
3.32327
3.1848
3.38245
3.18016
3.39395
3.3039
3.40313
3.3302
3.23222
3.05771
3.26933
3.43614
3.28309
3.31003
3.843
3.17804
3.22555
3.2866
3.36735
3.2663
3.33295
3.16806
3.36174
3.28884
3.24913
3.31188
3.69029
3.33206
3.1756
3.61294
3.27424
3.43437
3.50822
3.46789
3.09367
3.20449
3.21129
3.18589
3.23682
3.54804
3.13027
3.54143
3.23762
3.01673
3.27652
3.34632
3.37029
3.52155
3.45217
3.37402
3.20765
3.3787
3.2829
3.15984
3.27965
3.49211
3.3763
3.30294
3.15699
3.25434
3.37005
3.3471
3.41609
3.26463
3.28895
3.21553
3.40333
3.25487
3.34825
3.32455
3.18326
3.27396
3.25488
3.29018
3.06101
3.3782
3.14856
3.35112
3.58723
3.59281
3.54148
3.21267
3.20205
3.19389
3.31861
3.45496
3.55115
3.22573
3.23823
3.42306
3.45792
3.37165
3.26333
2.98105
3.46333
3.46223
3.26489
3.2761
3.18582
3.18746
3.16445
3.31296
3.14221
3.42733
3.19379
3.54515
3.25267
3.21762
3.46826
3.22413
3.29242
3.44907
3.08069
3.56567
3.2808
3.63894
3.51099
3.32235
3.36428
3.38604
3.33591
3.43969
3.7928
3.40134
3.11958
3.31806
3.38999
3.33593
3.41075
3.41592
3.48515
3.33063
3.28413
3.10359
3.42162
3.22384
3.38168
3.17395
3.50664
3.79158
3.1626
3.16985
3.13048
3.30322
3.33414
3.46362
3.4245
3.28094
3.26867
3.30893
3.27961
3.31117
3.20596
3.43177
3.30327
3.32399
3.2094
3.24228
3.37078
3.17843
3.25267
3.26565
3.40983
3.51063
3.27945
3.38798
3.40932
3.40512
3.34401
3.18926
3.4275
3.2436
3.14985
3.41248
3.18759
3.29217
3.28628
3.80468
3.2635
3.18254
3.1663
3.13083
3.14533
3.93006
3.12164
3.37005
3.13438
3.27076
2.9927
3.09852
3.38312
3.0973
3.43768
3.27267
3.24785
3.55836
3.24524
3.58971
3.24438
3.41803
3.19752
3.38318
3.35045
3.5736
3.3705
3.21462
3.35116
3.21977
3.29534
3.35163
3.26761
3.83313
3.15041
3.46199
3.28334
3.18276
3.32405
3.31743
3.3078
3.09122
3.14668
3.2715
3.34174
3.27391
3.3862
3.34548
3.28352
3.26075
3.39672
3.5588
3.44712
3.37521
3.43745
3.45775
3.46228
3.38827
3.24306
3.38275
3.16682
3.33271
3.68688
3.27152
3.06935
3.35828
3.2505
3.04463
3.48528
3.46291
3.37579
3.50916
3.38246
3.2614
3.3392
3.10869
3.4723
3.43093
3.22026
3.16563
3.16358
3.58739
3.31017
3.13986
3.47389
3.18861
3.42765
3.38332
3.34403
3.25557
3.29883
3.26661
3.29557
3.21125
2.99225
3.4172
3.27411
3.21359
3.41675
3.62411
3.45466
3.5993
3.20134
3.42884
3.3824
3.39244
3.24287
3.0447
3.20288
3.29156
3.23237
3.36755
3.34196
3.27757
3.45191
3.56009
3.38706
2.95948
3.67745
3.2552
3.20996
3.42819
3.09346
3.16706
3.20067
3.30199
3.52656
3.60283
3.21126
3.46561
3.35702
3.23581
3.11664
3.49073
3.51443
3.49892
3.3438
3.44927
3.20311
3.37095
3.0307
3.28312
3.66934
3.25913
3.30048
3.14731
3.17851
3.20378
3.42458
3.27339
3.17959
3.09479
3.5401
3.17178
3.30969
3.40345
3.32787
3.31847
3.13336
3.21147
3.36685
3.09907
3.38859
3.28056
3.4465
3.20747
3.29262
3.31409
3.42592
3.63341
3.3981
3.49283
3.43948
3.48974
3.2621
3.17501
3.33013
3.11428
3.22757
3.47916
3.16655
3.32415
3.14848
3.26205
3.6785
3.1681
3.16622
3.52575
3.3668
3.34186
3.01462
3.07974
3.39406
3.18473
3.35306
3.3002
3.25097
3.07542
3.35879
3.28856
3.19027
3.03442
3.30806
3.21287
3.20494
3.43311
3.38001
3.29572
3.05659
3.16135
3.33141
3.29608
3.41027
3.06957
3.24773
3.484
3.28012
3.24883
3.34959
3.18341
3.11754
3.32352
3.28876
3.33393
3.18908
3.4621
3.50758
3.37171
3.34681
3.23002
3.23802
3.21148
3.03111
3.30389
3.42229
3.26292
3.38688
3.33608
3.3236
3.41687
3.11747
3.49419
3.42115
3.27781
3.36203
3.18291
3.35821
3.34371
2.95442
3.42558
3.36091
3.28785
3.4625
3.42309
3.37453
3.22057
3.11915
3.65836
3.23781
3.22171
3.1296
3.1354
3.38194
3.44931
3.22285
3.34233
3.42159
3.29043
3.46054
3.09374
3.44261
3.74794
3.28663
3.10019
3.28269
2.95796
3.30144
3.19852
3.2394
3.18603
3.41553
3.12744
3.13409
3.06925
3.30144
3.42598
3.38281
3.60431
3.66648
3.41545
3.3851
3.42952
3.49546
3.35642
3.49612
3.36386
3.16554
3.43332
3.49101
3.33528
3.14707
3.02274
3.42096
3.32334
3.37498
3.38232
3.19205
3.19785
3.18918
3.78636
3.50051
3.35124
3.34807
3.04239
3.19925
3.42164
3.07488
3.25907
3.81267
3.11158
3.24632
3.2208
3.033
3.48159
3.24826
3.3422
3.36131
3.06105
3.52756
3.47803
3.0767
3.40619
3.41708
3.38385
3.13558
3.22199
3.23078
3.31454
3.3497
3.36954
3.37443
3.65027
3.24846
3.29614
3.26656
3.39228
3.5233
3.30471
2.95684
3.43867
3.23376
3.56315
3.30238
3.28118
3.31001
3.36111
3.16719
3.40423
3.1055
3.29009
3.22771
3.34
3.35449
3.20345
3.37274
3.2866
3.43333
3.17468
3.31142
3.94644
3.32604
3.25657
3.29326
3.31648
3.64438
3.30201
3.3617
3.2421
3.34507
3.4924
3.40986
3.23064
3.09155
3.4211
3.38893
3.48223
3.24983
3.23329
3.25481
3.15403
3.34822
3.35363
3.08656
3.36182
3.43677
3.51466
3.16583
3.3922
3.23354
3.5554
3.23414
2.9341
3.31905
3.47313
3.25135
3.28308
3.50598
3.24566
3.35656
3.20532
3.41061
3.6755
3.29906
3.51817
3.4354
3.4724
3.35824
3.27227
3.47127
3.34538
3.50139
3.31106
3.25774
3.24238
3.46871
3.47268
3.10339
3.19193
3.31142
3.37533
3.51898
3.28374
3.16402
3.38956
3.25772
3.52874
3.43184
3.11786
3.76959
3.27345
3.23285
3.18055
3.50543
3.53846
3.21557
3.18868
3.33706
3.44582
3.36868
3.12464
3.41233
3.2795
3.10399
3.18397
3.43383
3.46825
3.30463
3.208
3.40803
3.11611
3.59657
3.75531
3.19375
3.28812
3.38794
3.36923
3.24501
3.33546
3.13236
3.41853
3.44787
3.43675
3.30299
3.37494
3.1667
3.17602
3.24094
3.54575
3.29445
3.63833
3.5308
3.4684
3.38237
3.3816
3.27718
3.4405
3.58372
3.12309
3.27851
3.17524
3.41793
3.48221
3.18534
3.11012
3.31207
3.31574
3.19672
3.22043
3.69899
3.22304
3.51478
3.22263
3.32037
3.26437
3.62336
3.36485
3.55798
3.13988
3.31761
3.30393
3.40635
3.28494
3.52002
3.46716
3.4303
3.54916
3.13258
3.2348
3.29925
3.44264
3.53569
3.13143
3.23887
3.28622
3.35831
3.29178
3.3815
3.42455
3.29893
3.56067
3.17541
3.20089
3.23849
3.17407
3.03957
3.09301
3.28301
3.36031
3.33674
3.16837
3.35309
3.52833
3.35651
3.25517
3.40871
3.18974
3.26339
3.24496
3.19014
3.1216
3.57387
3.63918
3.4728
3.55556
3.35201
3.26323
3.27796
3.23929
3.35219
3.43713
3.3769
3.37671
3.29955
2.99223
3.18959
3.23649
3.54231
3.29549
3.27036
3.29385
3.17295
3.60709
3.22564
3.1532
3.10634
3.30785
3.73182
3.18925
3.37507
3.60506
3.21998
3.42825
3.46585
3.22369
3.46487
3.22333
3.16974
3.50347
3.16211
3.76166
3.49587
3.37291
3.42287
3.39298
3.3982
3.26802
3.25085
3.10302
3.41035
3.38322
3.50997
3.12698
3.31691
3.46241
3.26961
3.30688
3.4028
3.36312
3.33693
2.97028
3.65932
3.29392
3.32883
3.08891
3.59906
3.23104
3.39021
3.28118
3.28697
3.42826
3.45193
3.36094
3.2002
3.43567
3.52872
3.1526
3.32636
3.44472
3.19314
3.15243
3.31332
3.21457
3.30377
3.19306
3.43356
3.07496
3.14248
3.52151
3.08806
3.47841
3.08936
3.32691
3.44418
3.17568
3.47273
3.38524
3.54236
3.13011
3.30258
3.49057
3.54083
3.19011
3.4982
3.28173
3.50343
3.48033
3.23656
3.48593
3.04374
3.03252
3.28423
3.11841
3.29877
3.05683
3.50398
3.42273
3.30019
3.13691
3.29073
3.21594
3.48865
3.34458
3.57489
3.13227
3.371
3.16881
3.30281
3.27119
3.35076
3.30501
3.19068
3.42492
3.518
3.45269
3.37853
3.17142
3.04651
3.00188
3.25246
3.29076
3.26326
3.19145
3.37137
3.39826
3.46966
3.0777
3.19121
3.15033
3.23691
3.20217
3.55319
3.37342
3.35577
3.16752
3.18626
3.51838
3.39124
3.19837
3.16774
3.40929
3.47281
3.34911
3.33311
3.25785
3.2905
3.08974
3.52211
3.08828
3.4685
3.23264
3.69691
3.18656
3.49713
3.07039
3.42958
3.41623
3.5753
3.37031
3.3194
3.47512
3.30129
3.40832
3.46692
3.30219
3.26366
3.19772
3.37133
3.40865
3.11306
3.59333
3.52893
3.12934
3.19042
3.31266
3.48286
3.30335
3.20515
3.10928
3.25537
3.55752
3.35946
3.34486
3.27325
3.06034
3.32434
3.03935
3.40866
3.46073
3.24259
3.29698
3.50744
3.14639
3.24788
3.55572
3.21662
3.36453
3.30968
3.36039
3.59264
3.40629
3.1628
3.0772
3.09377
3.16939
3.30795
3.23163
3.40047
3.5775
3.58944
3.06147
3.33448
3.50154
3.42374
3.31491
3.36195
3.42339
3.28875
3.1453
2.99186
3.16458
3.20198
3.29328
3.52071
3.23807
3.33776
3.41469
3.31415
3.60007
3.18575
3.26944
3.61362
3.29538
3.23356
3.40103
3.29179
3.32204
3.27872
3.30376
3.15969
3.18021
3.38495
2.94254
3.18614
3.54637
3.32589
3.64824
3.35974
3.40056
3.37669
3.5821
3.23065
3.50128
3.67349
3.32652
3.36897
3.21641
3.42593
3.37874
3.31606
3.25846
3.15005
3.3179
3.1571
3.28659
3.32637
3.2821
3.60378
3.14136
3.47752
3.16946
3.22678
3.08291
3.28093
3.26078
3.45665
3.17613
3.58025
3.25524
3.36491
3.48495
3.6481
3.39697
3.60102
3.2014
3.32154
3.1577
3.4
3.15821
3.15152
3.07168
3.38052
3.33077
3.48298
3.30375
3.19563
3.42193
3.30326
3.15829
3.62955
3.41885
3.26201
3.187
3.08319
3.4044
3.59503
3.30856
3.27884
3.26509
3.51078
3.45724
3.34162
3.35449
3.46557
3.28793
3.21357
3.38373
3.49099
3.40996
3.21503
3.6977
3.30781
3.17247
3.19223
3.22284
3.26267
3.3069
3.19098
3.376
3.74765
3.68492
3.30975
3.40674
3.12139
3.44653
3.43406
3.36331
3.10225
3.46263
3.43107
3.28614
3.11259
3.60162
3.37715
3.42334
3.46664
3.42394
3.23008
3.13841
3.36009
3.28543
2.93403
3.57217
3.20003
3.31898
3.23847
3.59457
3.24518
3.27856
3.53617
3.06374
3.17753
3.19206
3.44927
3.3867
3.30794
3.15695
3.34121
3.71429
3.2267
2.97972
3.59056
3.30346
3.11819
3.15826
3.27977
3.47509
3.05306
3.16132
3.50386
3.24373
3.63687
3.3483
3.37326
3.49434
3.52608
3.394
3.35678
3.04597
3.14242
3.47533
3.46283
3.30374
3.31483
3.49044
3.24466
3.06733
3.42589
3.38053
3.40073
3.54445
3.31757
3.02484
3.5616
3.33613
3.46324
3.6162
3.50732
3.14927
3.42867
3.03257
3.15911
3.27585
3.03648
3.3095
3.36316
3.35811
3.33054
3.43968
3.3122
3.34081
3.30527
3.05423
3.06122
3.28366
3.30873
3.16087
3.31691
3.36768
3.349
3.3189
3.1335
3.04736
3.20392
3.40215
3.37168
3.28079
3.32214
3.11813
3.1466
3.20066
3.33626
3.48751
3.24547
3.35661
3.49076
3.38394
3.42812
3.45904
3.19601
3.02814
3.47558
3.21697
3.44594
3.40088
3.42435
3.3828
3.2724
3.01903
3.13937
3.17895
3.33642
3.27053
3.19485
3.15474
3.79896
3.08659
3.25462
3.2388
3.53887
3.16253
3.34916
3.54224
3.21264
3.46508
3.3316
3.12571
3.2887
3.22489
3.47515
3.12196
3.31798
3.3634
3.15701
3.62354
3.27933
3.36776
3.15411
3.37441
3.09671
3.3924
3.328
3.35939
3.39715
3.54939
3.06174
3.45863
3.09013
3.05538
3.68583
3.2171
3.42415
3.10862
3.43917
3.23361
3.28007
3.17512
3.3667
3.24983
3.44375
3.39207
3.26485
3.24493
3.22474
3.48961
3.28473
2.96366
3.53391
3.46571
3.29423
3.14627
3.41805
3.36344
3.3063
3.37013
3.07725
3.43448
3.25281
3.43588
3.2463
3.61119
3.46044
3.13891
2.9449
3.70457
3.5075
3.18386
3.45293
3.47467
3.35672
3.13413
3.52961
3.22239
3.03015
3.12899
3.26517
3.17056
3.43534
3.36751
3.25209
3.05317
3.36727
3.3012
3.52641
3.43666
3.49082
3.27709
3.21479
3.24251
3.52788
3.17096
3.29954
3.19837
3.12356
3.33411
3.28028
3.4048
3.45503
3.53389
3.5129
3.45818
3.23376
3.30458
3.31087
3.16681
3.53011
3.28069
3.4213
3.38676
3.42764
3.21254
3.03335
3.14093
3.22981
3.25609
3.29235
3.34581
3.49188
3.0251
3.43338
3.32485
3.28095
3.31444
3.18102
3.43572
3.33329
3.49515
3.18999
3.3182
3.59504
3.20378
3.24989
3.30573
3.14135
3.54016
3.12727
3.35225
3.50311
3.31286
3.30945
3.24978
3.43671
3.34742
3.21903
3.06779
3.47227
3.29817
3.46604
3.26622
3.54648
3.51686
3.07619
3.38356
3.07079
3.36105
3.22478
3.20415
3.67231
3.09398
3.4229
3.15937
3.21909
3.23125
3.19868
3.48323
3.75283
3.47776
3.39374
3.3864
3.16009
3.19287
3.23962
3.18798
3.28273
3.55392
3.35113
3.38206
3.54142
3.24397
3.03133
3.14121
3.35404
3.04813
3.2524
3.86134
3.28418
3.07759
3.45924
3.18542
3.35979
3.46964
3.22778
3.13958
3.35141
3.1445
3.22929
3.2744
3.4018
3.12596
3.33095
3.39873
3.229
3.5127
3.57469
3.55726
3.39517
3.25592
3.18522
3.77447
3.21774
3.12315
3.20619
3.23809
3.2774
3.12283
3.42878
3.34471
3.28557
3.05157
3.19644
3.55265
3.31238
2.94485
3.23529
3.46746
3.15268
3.23624
3.62599
3.40512
3.27739
3.41637
3.20668
3.47115
3.20571
3.39732
3.42306
3.25122
3.3592
3.31458
3.21703
3.15047
3.09317
3.37235
3.17461
3.27318
3.297
3.19355
3.21236
3.25894
3.16613
3.22988
3.38616
3.16701
3.41446
3.59857
3.29476
3.41529
3.55654
3.38613
3.29923
3.34868
3.1574
3.27646
3.22683
3.40192
3.20449
3.68818
3.27272
3.27493
3.39691
3.21721
3.59853
3.26803
3.70912
3.43903
3.00993
3.36264
3.57234
3.29714
3.28188
3.35778
3.37489
3.50924
3.32017
3.43899
3.48349
3.29831
3.53891
3.30405
3.33137
3.24509
3.25126
3.27308
3.3075
3.25265
3.28193
3.25095
3.5039
3.33838
3.47358
3.31541
3.44374
3.31273
3.3832
3.26394
3.27948
3.41366
3.87096
3.28755
3.28043
3.36834
3.33637
3.3743
3.21393
3.49724
3.25419
3.47156
3.37147
3.3088
3.43793
3.17095
3.33056
3.06574
3.2143
3.17903
3.42361
3.40767
3.36966
3.24186
3.51606
3.2412
3.20619
3.21901
3.1909
3.34546
3.48702
3.27199
3.42719
3.33214
3.37691
3.33655
3.30163
3.38338
3.40781
3.24465
3.1014
3.34597
3.42118
3.33152
3.12861
3.33046
3.2775
3.30166
3.10724
3.4821
3.37271
3.49959
3.33622
3.02792
3.0217
3.61841
3.17591
3.00223
3.42093
3.40305
3.73761
3.34871
3.48385
3.43308
3.24036
3.30985
3.21585
3.13509
3.27359
3.35988
3.26625
3.23661
3.27836
3.21728
3.484
3.66704
3.16684
3.23096
3.22492
3.30717
3.06565
3.2956
3.3023
3.49271
3.61707
3.08321
3.49378
3.36236
3.4711
3.28251
3.57429
3.15548
3.37405
3.42503
3.2474
3.58195
3.34086
3.15927
3.29737
3.41687
3.04912
3.30602
3.19312
3.38197
3.60018
3.42081
3.40652
2.96135
3.3909
3.0969
3.18781
3.34798
3.31759
3.33083
3.43452
3.4142
3.41338
3.34024
3.47138
3.35786
3.37785
3.47724
3.01286
3.29082
3.37606
3.46644
3.30204
3.72876
3.58199
3.44883
3.44578
3.36318
3.41106
3.60656
3.24882
3.47822
3.28772
3.49483
3.17502
3.2956
3.39134
3.61297
3.18162
3.22736
3.2201
3.50926
3.15106
3.12649
3.26702
3.36842
3.19752
3.24707
3.44943
3.19971
3.31328
3.48846
3.2381
3.46228
3.3422
3.15988
3.43317
3.43503
3.27909
3.20268
3.42608
3.25037
3.4539
3.19027
3.55112
3.52729
3.38752
3.5817
3.46731
3.25786
3.22317
3.30006
3.43009
3.46908
3.52346
3.56612
3.13075
3.07564
3.55719
3.53335
3.33913
3.4301
3.13235
3.26559
3.06277
3.08653
3.4701
3.40931
3.31919
3.10653
3.18973
3.51549
3.41751
3.23776
3.20617
3.38852
3.22496
3.37925
3.45847
3.35825
3.08842
3.51752
3.4723
3.5837
3.34466
3.30362
3.0527
3.28671
3.35559
3.4312
3.27183
3.21196
3.2645
3.26383
3.15739
3.59802
3.26091
3.44242
3.68666
3.21125
3.38345
3.35466
3.21919
3.52803
3.59721
3.34307
3.22197
3.25654
3.22344
2.98827
3.4757
3.37079
3.31653
3.25575
3.24821
3.40955
3.16964
3.51071
3.26392
3.22203
3.22832
3.21866
3.50273
3.30746
3.27554
3.25315
3.27493
3.67182
3.31592
3.31522
3.24122
3.24247
3.43698
3.35568
3.27653
3.30419
3.05813
3.41897
3.34776
3.30076
3.40765
3.06431
3.17028
3.39771
3.25805
3.44235
3.46153
3.30555
3.34203
3.3896
3.26768
3.18551
3.37201
3.45676
3.29511
3.15481
3.24042
3.32438
3.11903
3.10428
3.34004
3.2538
3.27589
3.24476
3.19444
3.1466
3.33665
3.41166
3.30633
3.32837
3.17813
3.08237
3.35943
3.21987
3.52727
3.41086
3.62255
3.26812
3.44412
3.30909
3.47651
3.1497
3.41085
3.35432
3.29235
3.25494
3.54888
3.48213
3.64891
3.42845
3.29119
3.48939
3.03329
3.72603
3.24295
3.24375
3.40577
3.28995
3.28919
3.19472
3.33858
3.38819
3.45231
3.22496
3.43
3.28169
3.44848
3.38944
3.60296
3.24413
3.25064
3.27381
3.19987
3.30028
3.39754
3.30803
3.23861
3.25934
3.17159
3.66042
3.46484
3.19758
3.40607
3.47792
3.25089
3.62887
3.33879
3.53526
3.49201
3.40636
3.12213
3.27397
3.50936
3.68112
3.2197
3.77608
3.25627
3.37431
3.26332
3.49354
3.33299
3.14114
3.24711
3.23832
3.35733
3.25762
3.42894
3.15757
3.2375
3.22112
3.62494
3.4878
3.39283
3.29198
3.55408
3.38547
3.27756
3.18239
3.49044
3.3749
3.21426
3.32351
3.24072
3.42737
3.13419
3.22898
3.28192
3.38108
3.34862
3.13682
3.52344
3.26858
3.40793
3.20101
3.32319
3.25574
3.2698
3.22431
3.22178
3.31159
3.29506
3.10467
3.38849
3.57148
3.21165
3.59634
3.27264
3.40398
3.39034
3.26509
3.06938
3.25116
3.34387
3.24636
3.36517
3.46276
3.17927
3.44576
3.91746
3.30865
3.11745
3.26902
3.32337
3.26714
3.43595
3.34047
3.29624
3.09781
3.29149
3.15847
3.22596
3.27774
3.28335
3.74988
3.22978
3.52798
3.4908
3.05574
3.19547
3.0997
2.99105
3.52005
3.00491
3.42196
3.36988
3.13962
3.72814
3.24648
3.23633
3.2493
3.22943
3.2922
3.45959
3.32363
3.376
3.0711
3.14969
3.33589
3.05725
3.3039
3.09802
3.23179
3.35892
3.18709
3.08477
3.24013
3.33018
3.32583
3.35321
3.66277
3.82171
3.4478
3.31774
3.37935
3.14776
3.34306
3.43135
3.32952
3.27713
3.39999
3.41165
3.37643
3.13094
3.42534
3.5399
3.22328
3.56801
3.3497
3.35991
3.08182
3.57159
2.8993
3.45929
3.36977
3.49819
3.31356
3.25898
3.094
3.39809
2.99137
3.10528
3.51421
3.48123
3.50875
3.50754
3.49147
3.19965
3.15085
3.15905
3.21041
3.63287
3.29815
3.68142
3.42386
3.30897
3.26886
3.43071
3.02821
3.24792
3.20052
3.23461
3.28894
3.48345
3.08743
3.36109
3.11588
3.40743
3.30219
3.55577
3.59854
3.4408
3.68139
3.37417
3.06519
3.12495
3.35794
3.43591
3.2215
3.43965
3.53095
3.14036
3.57304
3.08133
3.09433
3.17749
3.2283
3.33694
3.06618
3.19575
3.33271
3.25936
3.51781
3.30701
3.23605
3.24248
3.42579
3.33342
3.32291
3.25384
3.42875
3.41726
3.20033
3.6548
3.15662
3.40016
3.31396
3.36632
3.38937
3.38962
3.34271
3.40942
3.60704
3.5201
3.2844
3.44183
3.48284
3.15296
3.28895
3.24058
3.23789
3.1626
3.15168
3.32036
4.09937
3.21644
3.18584
3.27019
3.8073
3.10033
3.3567
3.29298
3.33558
3.46913
3.47597
3.28079
3.2854
3.45729
3.26785
3.32395
3.03848
3.25914
3.32568
3.15423
3.41009
3.19082
3.24228
3.10506
