21.5757
18.8998
18.5706
15.2382
19.0959
15.2696
16.1693
16.5937
19.346
22.0279
15.2538
23.2728
18.8155
16.5056
22.6112
18.3508
14.957
26.3105
18.8311
19.1035
18.8278
16.5025
15.8077
17.9297
21.4909
23.1243
16.5175
16.7199
15.3346
17.061
18.0864
17.3018
18.0658
20.989
19.2646
19.6853
19.0428
24.0718
22.0917
17.6085
17.4594
18.6423
19.8254
22.6637
16.8454
16.5181
17.29
16.8124
18.2404
18.1402
19.9281
16.5706
16.1346
17.739
19.0701
17.4023
19.0132
17.3525
21.7299
18.9608
19.4687
15.8974
21.2383
21.285
19.8344
16.8532
20.0174
17.9313
20.6477
17.7905
19.8352
14.7753
21.4961
19.3515
16.231
15.4671
14.5815
20.1443
17.4834
19.4228
18.0936
17.0705
15.0269
20.6813
17.1666
16.4932
15.6985
17.101
18.1011
20.3647
20.6329
19.48
18.1044
20.5975
16.4144
17.0437
21.305
20.489
16.5679
18.0075
16.7001
18.917
19.9732
20.4308
17.2064
17.5697
18.1324
19.1758
15.8664
16.7169
18.4607
18.0905
18.9368
21.9282
22.652
18.1293
18.5243
18.47
17.1019
26.1357
19.4262
15.7492
15.4783
18.1999
22.4246
19.8466
17.5701
23.6378
21.0642
20.0617
18.8196
19.0838
19.3464
19.8777
19.9359
15.5423
16.5069
16.4667
17.5325
16.8879
16.6406
16.3121
24.3467
16.6219
21.9549
19.7064
16.2525
15.471
16.3908
16.7023
19.3592
19.8567
19.6251
18.6875
18.0263
23.0698
16.8586
17.6597
15.8344
14.5128
16.6938
19.5282
16.8953
15.9138
17.1022
16.6981
17.7089
19.1782
14.9133
22.1602
20.143
17.5543
17.6599
17.0864
18.4876
18.3378
15.8902
18.2
25.3179
16.063
17.7578
18.7536
20.1799
18.2776
18.452
19.081
19.4762
16.3829
23.1891
16.8839
17.6897
14.1522
16.3782
17.0691
24.1224
15.8859
18.6574
15.2356
20.8109
19.6542
16.6202
17.8122
19.0166
19.558
15.7712
15.0431
19.0767
17.3659
18.2856
19.1914
17.4091
21.2524
21.2912
17.8095
21.47
17.0864
28.7259
20.5021
19.391
16.5482
30.1529
23.4053
19.0211
15.8377
17.8974
14.8289
17.1729
16.0728
19.4972
20.6808
17.1918
15.2256
18.1463
17.7938
17.8025
20.9081
18.6113
22.0741
16.422
19.6753
19.6838
16.3709
18.397
17.1245
19.4498
22.0589
16.3877
20.1966
18.6043
24.315
17.3815
18.7233
15.1975
16.774
16.671
20.1722
18.8868
21.5377
15.6279
19.8761
21.6057
19.0712
14.9317
19.6929
17.325
22.2028
17.9951
25.3615
16.6858
19.0727
16.6277
17.0765
16.972
20.6622
17.9244
20.7973
19.6252
17.768
21.0571
18.9488
22.0537
15.9996
22.8583
18.9842
16.6225
22.3925
17.4059
18.4159
22.9353
19.5366
18.5037
19.4452
15.3069
16.5831
17.8979
16.7848
16.5865
19.4803
17.547
17.4969
21.7514
21.1178
18.1329
26.2568
15.7306
20.2002
20.736
18.6214
19.5731
19.1184
18.3692
17.7714
21.0672
18.7047
22.7236
19.4677
23.4868
15.8635
16.3919
17.4838
15.6629
15.7966
17.6789
17.0209
15.5409
19.8598
19.3049
15.8418
17.8853
18.4245
19.5445
15.4079
19.6761
15.3412
21.3204
21.9619
21.3112
18.0614
26.7559
18.6573
20.7968
17.4858
17.1221
17.4352
15.8137
19.3159
16.3454
15.5175
16.9413
16.522
22.9885
23.3544
16.8193
18.6488
21.9855
16.9356
17.1896
21.5867
21.1231
19.2322
19.2014
18.1691
14.7789
19.7591
17.1889
18.0216
17.4096
17.1212
25.458
17.6448
24.5289
17.843
15.8085
20.6567
18.8344
21.8217
18.5691
17.6376
16.9428
18.4534
20.456
16.7831
17.7513
17.6086
16.0785
15.8439
16.1994
19.452
22.4895
16.4374
19.2826
18.3208
19.1258
20.8921
17.7444
17.0975
16.8556
16.7387
16.5883
16.5606
17.8871
17.3014
14.8484
20.0282
20.338
16.2644
16.8032
15.9866
21.2365
19.0551
17.3543
21.1425
17.5039
15.3464
20.4474
18.2629
18.2248
18.7537
16.4858
16.4679
15.8501
20.4975
17.4866
19.7226
23.7784
16.8048
16.8353
14.91
17.9086
16.7444
16.1073
15.9484
14.8524
21.8271
19.158
18.1979
18.3234
19.7079
17.6742
19.9806
17.6444
19.7403
18.9552
17.3664
18.6441
17.287
17.2792
17.3717
15.4493
19.156
17.5339
16.4942
20.0654
18.4617
22.2502
17.0206
20.3141
18.4005
18.1767
17.9959
16.3023
18.2508
19.3073
22.2075
21.3597
22.7757
18.5127
24.5962
18.902
18.0438
17.6223
15.2336
16.2445
18.4014
16.0899
14.5953
16.1687
20.6719
31.413
15.7229
20.6056
24.1099
16.8007
18.5003
20.575
21.5695
17.9353
20.7361
20.1664
19.9782
15.8945
16.5783
18.9787
19.5756
19.7801
16.0679
17.5141
20.8811
17.4464
19.8807
16.9888
18.7299
19.6746
14.3099
15.9654
19.9806
23.9693
18.9805
16.9323
16.1444
14.9441
17.3161
18.9492
17.8866
23.4148
18.1612
21.053
19.015
22.9313
17.6622
16.3402
18.3227
20.0317
16.1866
17.0186
15.6905
16.6044
21.1388
16.1324
22.4596
17.4832
18.1107
19.5122
17.0884
20.7585
16.5588
17.6499
18.5142
16.4012
16.2983
19.4924
16.652
16.9407
16.7186
15.656
16.5781
15.3649
21.6214
17.1535
25.6353
17.5483
16.8838
19.6596
21.1275
23.5091
22.0205
18.4993
17.4284
17.4046
25.4385
18.4407
16.2869
18.4037
18.1356
19.3911
17.7975
15.892
21.2165
18.6095
15.1851
17.6804
19.5214
17.9634
15.3818
16.9153
19.7212
22.7777
17.0175
15.965
16.9047
23.9415
19.6212
16.8844
22.0528
15.6674
16.6411
17.8508
19.367
20.2719
23.7796
17.2608
20.9013
20.4529
15.8431
23.377
17.3134
16.8388
17.3339
17.1676
19.346
19.5168
17.1858
17.0265
18.113
19.2124
18.4703
19.2551
20.107
17.4909
17.476
20.4604
20.6782
20.7266
14.9651
24.2637
18.9787
23.347
19.7924
18.9342
21.5345
22.5409
18.0591
22.5462
17.3919
18.7849
18.2846
16.674
16.7427
18.8902
20.9146
17.577
17.6899
18.6195
22.6617
16.8243
23.5019
17.3478
15.5537
19.9121
19.0887
22.3822
18.1113
21.4655
15.9517
22.5025
16.4444
18.6736
20.6135
18.6865
16.6075
21.0869
21.1979
20.9117
17.3691
17.6474
18.3072
21.9498
17.9563
16.7758
18.2174
16.3378
14.9738
20.9042
19.3663
19.8768
18.6901
17.0289
15.8434
20.266
16.8171
16.674
18.4622
21.3459
18.5295
18.3634
20.1082
18.8856
19.6714
17.8606
22.574
19.7847
20.4733
18.886
15.5613
15.3853
15.5885
20.1906
18.7962
16.3064
20.0805
16.4307
18.3361
18.0736
26.3157
16.6133
17.0923
16.7148
19.8949
21.3042
18.4063
17.4457
18.7393
21.0553
17.1707
23.2619
17.8873
19.2589
19.7876
21.4042
20.7374
17.2232
15.7916
17.2785
17.5838
21.8433
16.9487
18.0313
21.8179
16.1719
17.7456
18.7921
18.3735
18.6981
20.6127
17.6803
17.3933
18.2544
20.395
17.5804
18.8257
18.9134
16.0269
19.0651
21.0687
19.0913
16.3742
19.9296
17.8255
15.6827
17.9015
21.8426
18.2885
16.5835
22.1207
18.4783
18.1546
20.192
17.9732
19.9445
20.5152
14.7237
23.3606
19.4437
18.1073
16.8345
18.6486
19.9971
18.8648
17.9343
20.37
17.9998
26.3494
16.7438
16.6785
19.7172
17.3283
20.8076
20.1906
21.6417
19.2374
17.9221
17.9037
16.974
22.3446
17.7941
17.4219
19.3649
16.4249
19.022
17.1337
18.2614
15.0886
17.5352
17.936
20.2139
19.554
17.142
19.1944
16.5723
17.7928
16.4794
17.6461
16.4204
19.5919
21.8396
17.7036
17.485
14.7962
16.4873
16.7234
17.8367
18.8026
16.1428
19.2547
17.2367
19.8373
18.5324
16.339
22.8371
16.0556
20.2578
17.0387
18.157
18.1308
17.5851
22.0044
18.6917
17.7945
19.8263
16.5238
27.6825
17.4679
14.4141
17.18
19.3399
17.1105
19.178
17.9732
20.4236
17.0724
16.1075
18.203
19.7399
18.7894
17.6919
21.0458
20.313
18.3253
18.7057
17.3438
14.8397
16.9076
17.6449
18.0596
17.2134
20.3766
17.0529
20.348
17.6468
19.67
22.1014
23.1673
16.146
17.1167
16.7991
18.0961
18.1517
16.6535
19.1736
18.8696
15.3162
16.0102
15.7667
14.5169
16.4752
14.8188
15.9455
18.2881
20.1656
17.0763
20.9254
16.8649
18.8785
26.8085
18.7721
19.1452
17.295
26.4953
23.1085
17.351
18.1842
23.5456
17.8353
19.8469
19.1167
19.1571
16.1972
17.1374
18.3916
19.6561
18.7254
16.7828
15.573
17.5547
17.4278
17.324
18.2412
15.0298
15.2585
16.3
18.7074
13.1694
20.4615
20.2923
17.5362
18.8695
17.5979
17.1049
18.7033
20.18
16.6726
17.5346
16.6078
17.6233
16.7672
18.5545
18.9166
19.2647
15.9171
19.9048
17.1207
16.1578
19.9276
15.3044
18.9529
20.1983
17.0848
20.1308
16.7894
16.7028
16.7237
21.0784
18.4146
17.1156
18.5023
27.4345
19.2905
17.3503
20.0828
18.9016
18.4131
21.4444
16.295
21.027
18.487
16.8356
17.3376
16.0917
25.6181
16.5333
23.6626
15.5987
20.7897
17.1165
18.297
18.5138
22.55
16.667
17.0834
16.0959
18.8177
16.9782
16.0867
18.5295
17.5636
20.2575
17.3853
17.0218
19.9002
21.8762
16.8051
22.0724
19.5118
18.2084
17.607
16.1302
23.3557
19.8302
19.7609
18.8921
20.9067
16.3572
18.6293
17.4735
21.6398
17.8547
16.7978
17.2575
18.7099
17.4084
17.7888
21.588
13.8226
15.7106
17.9165
18.4987
16.6089
16.3392
18.7547
20.4065
22.9151
16.7198
16.7792
17.9651
17.1646
18.5744
17.2731
14.7536
17.5256
18.6742
19.1614
17.1709
20.4029
19.6877
17.0558
18.2443
27.1855
18.4823
20.2203
17.6527
15.8412
16.4367
20.6094
19.2195
15.4098
17.1535
19.6575
17.426
15.7152
17.6823
18.5515
18.5476
25.1131
19.3111
16.2696
18.7798
19.5118
20.003
16.6215
22.2636
23.6073
16.1626
15.9821
14.7845
21.1173
17.0392
21.6561
18.9537
18.4168
18.0899
15.7843
16.194
16.9076
15.8709
20.0011
19.0537
18.8669
20.4356
15.3263
21.2978
19.1002
19.5644
16.7636
20.5248
18.2344
19.2139
16.1025
18.8798
21.3293
22.3569
15.361
18.1639
18.3638
19.801
21.131
17.7683
20.3706
22.5274
17.1039
22.7418
16.3188
25.5328
15.6289
20.2801
24.5079
18.6071
19.691
19.5268
17.5199
21.8632
24.2001
15.9563
18.9319
16.678
19.2802
17.5169
17.6269
20.5645
22.2949
23.2687
24.7896
14.4504
16.4994
22.098
16.697
19.598
21.7667
15.7515
17.6294
18.4412
17.3481
17.7864
20.2583
21.8536
19.0306
24.8575
18.7701
18.0971
15.4922
20.1041
20.3097
23.5289
17.4483
22.7632
18.0209
20.3765
20.4475
18.0308
19.9799
17.4344
16.1804
23.256
15.9691
17.4721
17.6622
17.4549
17.2595
19.4564
20.5125
16.5019
20.4098
15.1917
18.6336
15.7715
17.7138
14.6429
20.2284
17.4538
16.7389
17.8301
19.7348
15.9351
17.7983
17.4754
18.1337
18.4452
23.4607
18.9496
17.9274
19.6857
18.6229
16.893
17.4999
18.397
16.42
17.7372
17.7786
16.4966
19.9379
15.2749
19.308
18.6898
16.0796
17.8874
17.2583
16.0147
20.9498
17.476
16.6301
17.9664
19.4003
17.5238
16.3774
25.802
17.8635
19.0139
16.2132
16.977
18.8202
16.0855
18.5305
20.8977
18.2062
19.8551
16.5861
14.6793
18.7801
18.7212
20.7295
16.7527
18.9355
15.3541
15.6999
17.4914
18.4067
17.4333
16.9787
20.3915
17.1266
21.9513
20.0484
21.2768
19.47
16.9664
16.2442
15.8157
18.4817
18.0889
16.5703
20.7686
18.4744
19.0228
16.7228
19.6334
16.0238
19.1121
16.4189
15.9802
17.5113
17.3079
19.2232
15.7742
20.2152
16.4625
20.0084
17.4094
19.4569
18.7788
22.4572
19.0688
17.7151
19.7457
19.2155
16.7234
16.2962
19.0165
21.6972
18.4013
20.2667
17.6831
19.5087
20.4396
17.5743
18.2291
22.7378
18.9221
19.5873
19.6004
16.0751
18.1493
19.3149
17.0029
19.4747
19.6975
21.3171
24.0218
17.7546
16.195
26.6471
20.9251
20.0959
17.8451
17.0202
18.6321
18.0817
18.006
17.9817
16.2603
23.4272
20.276
19.8353
19.8518
20.346
17.891
17.0191
16.6234
23.9322
15.6798
19.7696
18.0403
15.6724
18.3457
23.3155
20.6103
22.1346
18.8456
18.4736
19.6602
17.8924
16.1844
19.4057
19.2463
19.2637
16.9797
16.222
15.245
18.6555
19.169
15.0226
15.4604
15.759
24.1222
22.4297
16.503
18.0035
20.4777
15.6492
20.2889
17.4056
16.4854
17.3219
17.6041
16.9818
21.7027
27.5879
18.4531
18.7907
20.8363
17.7753
17.7724
18.5533
18.0155
20.7011
17.3165
15.6029
20.1108
20.2344
29.8891
20.5938
18.376
16.0455
18.1172
16.7465
17.1849
17.0796
23.0776
17.191
16.6399
19.5191
15.6869
17.0903
24.147
17.3078
17.4902
20.2548
26.1053
21.5429
18.5634
17.3143
16.533
19.9882
18.0997
19.5572
17.8421
17.9868
20.603
20.926
18.0466
16.3361
19.9137
22.6147
17.0473
18.8385
15.5036
19.6356
17.2329
21.8298
15.2454
25.2688
20.1433
19.2046
19.1298
24.2866
20.6877
16.8496
18.1539
19.9193
14.3151
17.8505
19.241
14.7469
17.7995
17.9242
20.8321
16.943
17.2145
15.4401
18.299
18.7423
16.8095
18.4545
19.1866
16.4155
17.884
18.9773
15.1354
20.2441
18.3821
17.1466
16.8605
16.473
15.787
17.9874
17.1805
17.9376
18.2946
16.4805
17.2742
18.1525
18.5371
17.9223
18.4889
16.3152
15.7619
19.513
15.5202
22.1263
24.3187
16.1568
15.9998
22.7128
18.1705
19.1081
23.6679
19.9214
20.1563
17.8031
22.278
17.6295
15.9477
17.3516
17.471
18.3935
23.057
18.3565
19.8353
20.7154
17.5844
16.8158
17.8637
22.7548
17.1345
20.5135
16.9926
18.5275
19.0171
17.9921
18.2527
20.0592
20.8741
14.9499
17.7676
19.2185
19.4993
19.8517
17.0093
18.7583
20.5662
22.4397
20.4433
18.139
19.8894
19.9425
19.3999
18.0197
16.8776
15.5622
16.6985
15.9511
14.7015
17.0185
16.6437
15.9281
23.0846
17.1227
21.802
18.8555
18.7896
19.1628
23.5255
19.8288
16.8087
20.1367
20.7402
17.405
19.9291
18.7633
17.666
22.0166
20.3323
17.0963
17.6537
20.6676
18.1506
17.2485
16.8933
24.5235
17.1456
19.6709
21.6253
20.2203
17.8534
17.6781
15.9104
25.5152
19.8235
18.8089
18.2757
16.8299
19.9306
17.5894
21.393
21.6411
24.753
16.8794
16.4776
16.2471
19.21
17.8279
18.905
17.6397
19.6139
17.2286
14.5648
16.5289
15.6397
18.5326
17.9162
15.4554
17.9341
17.316
17.7603
21.4356
19.4355
19.0229
19.701
18.2116
16.1353
17.139
20.0823
20.7191
19.4368
15.001
15.9693
20.2017
17.3462
15.2633
16.7776
22.234
16.2007
15.8637
16.9158
19.4763
15.0726
20.6057
18.6225
17.5796
16.3434
18.0414
15.9626
20.7046
16.69
19.1271
16.2602
18.1661
21.1815
15.7594
16.7243
19.0056
18.8
18.8706
20.1796
23.9232
20.7257
19.3347
21.0535
20.3405
17.8747
19.4847
16.7719
24.2857
17.9274
19.834
17.4753
18.5589
18.3048
22.9343
17.2806
28.1
18.9254
19.2058
16.592
17.9726
17.5955
17.9282
18.4103
17.8463
18.3293
14.3685
17.1994
17.6728
22.6447
16.9317
18.824
18.3213
24.0442
16.6572
14.7489
20.0263
17.6571
21.1343
19.5116
21.3596
15.7973
15.4563
16.3551
17.3843
18.0763
18.6168
20.7823
22.2127
17.9125
17.743
19.3492
15.1772
19.5338
14.6317
21.0303
21.4387
18.3096
18.8823
20.8796
15.7123
15.7895
17.6901
22.0593
18.3738
18.9863
17.8153
18.3865
15.8962
19.0634
16.0587
19.6749
20.726
18.4008
20.9576
18.856
19.1229
16.7231
17.5287
19.6757
18.8297
18.7781
20.6373
17.7255
15.76
17.6021
20.6475
19.7267
20.2883
25.4042
20.3982
23.7435
17.6197
17.4409
18.2235
20.8816
26.6617
17.9004
26.8195
18.5888
16.2603
18.0562
19.0793
16.6078
16.2701
16.8446
19.6418
17.5464
20.8355
27.8258
17.3017
24.9304
24.6133
21.1474
16.0404
17.5215
16.5682
16.4784
15.9489
21.4209
20.0219
17.8756
18.8339
16.3795
17.53
16.0377
22.44
16.7316
16.986
23.5252
16.4688
17.5078
22.5807
19.6211
18.2308
20.0042
15.8712
21.4039
21.0936
22.753
20.1138
20.8226
19.0791
17.9335
16.592
15.5929
15.9026
14.6477
18.4273
15.496
18.5693
20.4394
19.1872
19.6049
16.888
22.2212
19.4645
19.1206
16.9473
19.2846
16.4386
19.9801
17.637
16.7825
19.1305
19.477
24.3574
17.7928
16.8774
20.6204
16.2683
17.1889
16.7423
19.3203
19.3141
17.8451
19.1692
16.3477
21.1771
16.2356
17.4709
21.3603
20.1907
18.5439
21.0628
19.3968
19.3161
15.4324
18.0544
17.8368
17.8904
16.2112
18.8203
25.3052
22.7593
24.3433
18.2476
15.8311
18.7955
15.9091
16.7952
16.6561
15.539
17.1387
19.2798
20.1479
19.3542
20.7631
18.8551
16.9226
16.4982
21.1861
18.0728
18.5198
20.973
22.8877
21.1253
16.858
17.1022
14.8813
17.2478
21.7442
19.9906
18.711
21.6285
15.8947
17.9965
19.5873
19.6901
16.023
18.6679
18.9393
15.9143
18.7238
21.9995
16.8741
18.4144
18.7023
16.7253
15.9025
15.3103
19.5551
17.6094
24.2498
19.755
16.5438
23.9855
21.1006
22.4784
18.5896
24.9685
17.4191
20.9485
19.6105
15.823
18.2097
17.3904
16.549
25.4478
20.4986
18.0819
18.9995
17.5499
15.2651
21.2128
17.7687
21.567
22.8007
16.7267
17.4098
19.4629
19.5933
23.0949
15.6937
17.2978
18.3056
21.1259
21.8489
20.0166
19.1852
15.3156
19.7353
17.7669
17.3673
18.2094
16.1779
20.9515
16.453
20.469
18.5225
18.2684
18.2378
18.972
17.8222
19.6006
24.0193
17.6626
13.7245
18.5258
20.3169
14.8124
23.7677
18.968
18.6753
17.3354
16.4347
21.1609
23.231
17.1459
18.0303
17.1222
20.4751
16.4481
33.3919
19.8548
17.5876
23.2895
19.3294
16.5863
15.7643
18.3247
17.3792
16.9285
19.078
16.5639
20.6348
18.6256
18.3181
17.0042
20.1458
18.4331
17.2274
17.1485
20.5424
17.0981
16.5304
20.9117
18.6823
17.4192
21.7484
17.1198
18.0881
19.853
20.1748
17.8231
20.1671
23.7294
16.7199
17.3544
18.2249
19.5734
15.6939
16.3311
18.3724
19.847
20.376
18.5471
16.0131
18.1747
17.1393
19.0206
18.4606
18.3517
20.2352
18.3141
22.534
16.0013
15.8839
17.1497
20.3013
22.4069
27.3911
20.573
20.7013
14.4406
17.4339
18.5169
16.4338
19.0024
16.4333
15.0786
22.4176
18.4074
20.3295
16.1103
17.9955
16.7748
17.4559
17.2193
20.1194
17.8253
16.0724
21.1184
15.5245
19.6968
25.5368
20.0996
18.1193
17.4213
17.0926
19.6354
20.4369
17.895
19.0496
16.1881
18.0303
22.4764
17.2094
16.1775
15.7753
21.7131
18.0289
19.4851
16.8816
19.5887
21.4563
20.3233
15.3671
17.9101
16.8072
16.7583
19.4422
17.3836
19.2466
20.8763
17.1626
17.1135
19.6983
16.6945
18.0112
18.7068
16.9941
16.9385
16.6838
18.4552
17.411
18.3477
15.9272
20.6075
16.2159
20.8045
23.1693
20.1188
19.0072
21.3873
21.5247
16.0642
18.1275
15.8308
17.4286
17.4781
22.5221
18.5049
16.8113
20.1706
19.1986
15.7334
17.612
18.3123
16.9626
16.3999
24.3553
19.791
15.5057
23.1846
20.3733
18.345
16.934
19.2909
17.9521
15.5392
19.3357
22.7965
17.835
19.6944
19.7792
20.4364
19.5853
16.912
15.1615
19.0629
16.7619
16.8257
18.701
17.0738
17.6258
18.9463
20.1581
16.3191
17.4764
19.9357
14.8887
16.3783
18.8656
19.175
17.9977
19.7019
16.771
19.3639
21.9025
18.2063
18.5214
20.7944
18.8793
16.545
19.0559
18.3477
19.1603
17.2011
17.1165
18.5794
17.8752
17.9854
20.7163
19.241
16.5641
17.5917
20.7339
19.52
22.4873
18.0205
17.7778
17.1022
20.8022
17.9794
19.7833
16.2292
16.3522
18.2296
15.5598
19.9629
17.8772
16.2272
21.0824
18.4493
17.6828
16.7885
18.8003
20.7044
17.1546
18.8222
18.1015
18.0291
20.9471
18.1334
15.7263
17.7429
16.8027
18.7083
15.1706
17.8311
16.8107
16.0987
16.1983
19.5853
24.3939
20.6784
20.5385
21.5612
19.0756
16.8647
17.2729
19.1213
20.0975
23.8585
18.4771
16.5494
23.474
20.8863
18.7138
18.3974
15.2468
15.8869
23.5661
18.8691
17.7329
16.7841
17.5814
20.8181
21.621
19.0787
17.263
23.8292
18.3305
24.7449
18.8363
15.9298
15.8432
21.2523
16.2628
16.2343
20.3584
20.0228
15.8793
19.6842
15.6658
22.4826
18.908
17.2164
20.269
19.2829
19.2093
17.7919
19.2866
17.067
17.0459
20.8697
19.1165
16.604
20.4682
14.2322
19.8137
15.9152
17.5069
21.53
17.7932
19.1079
18.0649
17.9781
15.6741
15.7152
18.0885
18.642
20.9564
15.0972
19.3389
20.3296
17.2286
16.3288
16.1271
19.7151
17.3286
21.5098
19.2265
16.2687
22.0634
17.1511
15.2506
22.624
14.2649
17.1404
15.4481
18.7278
20.7335
16.0936
15.4853
15.2872
17.0127
18.2234
16.0791
18.8496
20.4364
17.7519
17.6741
19.8003
23.0092
17.0756
21.5805
15.9796
15.2952
20.0659
16.0146
23.1143
17.9931
17.1498
18.7436
18.2043
17.5697
22.708
22.1659
17.2024
19.2573
17.0503
17.0629
17.0119
17.6683
19.0838
19.4963
24.2958
16.4959
18.0747
23.4226
17.0844
20.7905
20.3576
19.1143
16.7421
19.101
19.9886
16.0042
21.9175
17.9279
16.8741
16.3411
17.6316
18.2952
14.9787
16.2173
19.0895
14.6508
16.2161
18.5267
17.2294
15.4169
18.1778
15.6439
20.2341
23.3064
18.5824
17.2916
18.5928
17.7551
19.5521
17.4219
14.8282
20.8032
17.5182
19.1629
18.3485
21.0788
24.387
18.7525
17.6709
15.2322
17.9561
14.8783
17.1514
17.9537
19.5152
17.6486
19.5074
18.2929
14.8359
16.3495
17.5994
16.1145
20.1265
18.6379
18.7338
20.517
16.8994
22.2355
25.0346
22.1076
17.2117
16.8276
16.0542
18.2584
18.9386
19.5863
16.9606
17.7925
17.1623
17.0543
16.6861
18.2442
19.2885
18.1735
17.8754
18.6653
18.8904
18.8891
17.8626
20.3101
15.4548
24.0854
17.4046
21.1413
17.9537
19.4799
17.075
20.3644
24.6438
20.8045
18.3937
17.307
17.0504
21.3238
17.1277
16.8228
16.0542
19.3722
16.3417
23.548
15.9471
16.6088
20.1335
17.8004
21.5221
21.7489
19.3745
15.8513
16.8064
25.0707
18.9654
17.3383
16.6972
16.0805
16.3879
24.5043
20.9222
19.4405
19.4443
18.2536
18.0207
16.3574
18.7944
17.0667
25.9426
14.5559
18.6046
17.4991
17.4653
19.4344
18.9784
16.2597
15.8734
22.1059
13.6113
34.6518
16.7538
21.2715
16.1233
18.466
21.6216
15.4785
17.6593
18.5014
19.0582
23.6977
18.2137
17.7382
17.5364
16.3097
16.9366
17
18.8328
19.141
16.7364
18.3379
21.1081
24.0437
20.2184
20.9049
16.9006
18.737
18.8544
16.9605
19.8777
15.8388
15.4629
18.2677
18.6151
17.3386
16.9241
19.4669
21.434
26.6611
18.2901
21.9072
16.9815
16.5325
17.2004
17.2095
17.8166
18.1338
16.1575
16.681
20.0224
18.945
16.8563
18.9471
21.3815
18.9442
18.007
23.4822
22.8182
18.1069
19.0158
20.2027
19.7301
17.1008
17.9373
16.2874
17.0544
18.1633
20.8376
15.4898
19.1276
23.917
18.4898
18.3621
16.5372
17.2194
20.557
20.091
19.3088
21.8093
16.3885
20.7444
18.8364
23.6843
18.4418
20.4838
22.4584
18.8993
19.8
16.929
14.8854
17.5701
16.8528
20.2203
15.8341
21.9032
27.6235
18.1423
17.473
18.5244
18.5358
17.1499
21.4233
18.8395
17.9412
22.0474
17.4137
19.8692
14.9508
17.2146
19.4327
17.8269
16.1204
17.168
21.068
18.5272
18.1745
20.954
22.7827
22.3601
16.7434
16.0455
18.8635
17.3005
23.6888
17.7142
17.1662
16.2433
25.4414
19.6953
23.9517
18.1304
20.8035
15.9431
19.2032
23.2055
17.6039
17.8035
17.8508
20.6456
17.1308
19.0054
16.7683
20.1874
20.4395
18.3113
19.4569
18.0053
21.3804
19.766
14.8722
18.8325
18.7626
17.1586
14.8211
19.6595
19.8882
20.9844
17.8512
21.334
21.9461
17.7406
22.8692
21.4114
16.6244
16.8487
16.9468
15.4569
14.5545
22.2863
17.0979
17.3041
19.3634
19.7431
22.5566
18.5818
18.2241
22.6171
23.5058
18.7079
17.9767
17.6221
20.0378
16.4284
17.8958
17.2906
17.5264
16.8774
19.8465
20.7632
16.8264
26.1666
17.9543
16.7221
16.6442
16.6171
17.872
16.4853
16.4839
23.2271
15.4001
19.0838
15.847
15.4961
19.4024
17.9976
18.8562
20.8324
17.9254
17.0508
16.5819
15.9983
16.2874
19.2475
16.2029
16.7886
16.6868
16.8901
16.1376
17.6917
17.0488
19.9798
17.3348
17.5514
18.4468
20.7237
21.6884
20.3055
16.4019
16.0735
14.3124
18.8777
16.962
15.9906
16.234
18.0119
17.5895
17.4208
18.237
16.8745
21.365
16.3802
17.9838
17.4993
19.0778
20.2184
15.6224
20.3473
16.8665
22.1114
17.2927
25.049
15.7203
19.6513
18.4398
16.3345
15.696
17.9427
18.1729
15.4446
19.7558
21.4317
16.1666
20.7953
15.5065
17.5459
19.4645
17.1121
20.2334
16.5207
16.2288
15.1063
17.7879
19.6686
18.0257
20.1794
19.8932
16.46
21.473
16.1609
23.038
16.8183
17.2864
18.3752
17.5094
16.5999
15.3084
16.4576
21.2176
17.2259
21.4939
20.0459
18.5898
17.9067
20.9522
16.9819
17.0507
18.0151
18.1669
16.6933
18.7693
17.6963
24.2398
15.8006
17.0924
17.0646
18.8611
20.5204
16.0022
18.6604
17.8485
21.5017
20.3447
18.1524
21.8537
25.8946
20.6213
15.5751
19.9425
18.7831
16.5377
15.9126
16.5019
15.9251
19.1324
16.7858
17.7502
17.1669
24.5763
19.7324
18.3019
17.2465
17.9137
17.1631
17.2145
16.9378
16.8959
17.3353
16.1732
16.3642
18.8549
19.5314
19.4394
18.3575
16.5645
17.7753
18.0724
19.3106
15.7224
18.7488
22.6663
19.4269
22.103
19.1583
15.9536
19.0253
17.3344
17.8519
20.5286
19.6224
17.7501
21.7402
20.9997
15.6901
19.2506
21.6451
17.5471
19.9687
19.4912
17.0218
17.0808
16.5006
21.2639
23.0316
17.9996
16.7708
21.5028
20.493
16.7221
17.1876
17.7693
18.9973
17.8093
15.8107
18.0751
20.2114
16.975
19.3253
14.947
15.8689
23.2913
19.5472
21.4866
18.0908
20.837
16.2426
18.648
23.3638
17.8619
16.2495
17.8015
16.0358
15.4137
21.5693
18.3526
20.0909
17.1517
20.4723
22.1348
17.5199
17.4239
19.7997
18.6354
15.9177
15.1421
17.5913
20.1407
18.8239
20.3495
19.7615
18.4548
20.262
21.9637
16.5754
15.5823
18.0497
15.5436
21.3255
21.6159
15.8547
19.8663
20.6575
18.8729
14.8761
19.0917
20.7591
17.4978
17.3793
17.4179
15.8246
17.6322
15.3081
18.2371
19.9981
18.5566
18.325
21.3487
23.691
20.4838
14.9926
15.9519
22.2489
18.3013
16.1914
22.3013
20.059
20.4591
18.7585
20.1936
16.964
14.991
16.1601
18.8534
19.5397
20.1072
17.6862
17.182
21.0675
18.0439
14.7513
18.965
18.6845
16.0334
15.5513
16.8731
17.3127
19.117
16.6053
14.3402
14.9018
17.1991
18.4024
17.5672
17.3054
17.0858
20.7873
18.4429
17.9537
21.6922
18.5155
16.088
22.4285
17.6263
16.1955
22.8817
17.6922
16.99
15.4246
17.1195
17.5993
17.9239
21.938
19.8537
19.8954
22.0317
18.9149
17.6858
17.7376
17.7307
25.1223
16.9926
19.0465
15.9996
18.5779
18.9458
17.4417
17.368
18.4836
21.1207
20.9693
15.2157
17.6319
17.3849
15.8149
15.7678
22.7894
16.9458
16.3199
15.4267
25.9307
16.706
15.7342
22.0226
17.9229
24.1894
15.5986
22.198
18.1049
17.5852
15.9919
18.8818
18.3404
25.563
16.0561
18.7336
20.9774
18.8732
16.6983
16.3316
16.9452
19.13
25.9912
26.8667
15.4104
21.4163
27.782
17.9353
15.298
20.7525
14.8854
18.1931
18.2752
16.4515
20.3393
24.2007
16.4816
19.1912
20.9724
16.2985
17.8226
13.2146
19.7044
19.1725
26.8799
20.3612
19.4369
15.8125
17.4627
17.727
16.8235
16.6059
17.1579
16.6144
18.2472
16.8556
20.4426
19.214
15.1415
16.5591
17.6221
15.7214
16.7364
15.1262
21.3245
16.0155
17.9198
20.6714
16.9436
17.711
14.6766
16.7362
15.4408
21.0534
18.3435
16.694
20.7005
15.8855
14.6333
16.3176
20.9784
17.3916
22.4188
18.6924
19.1751
16.8193
21.3411
24.0164
19.3513
17.625
16.0416
19.2295
17.0799
18.4278
18.7892
21.9698
18.9616
18.8202
16.7875
21.2312
15.9338
18.7267
19.2945
20.0785
16.0836
25.8183
15.6832
17.0701
19.4251
16.8633
17.9127
15.1193
16.0986
16.8092
20.9404
22.3515
17.9528
17.0538
23.4981
20.6461
19.0557
21.5893
22.079
18.8081
17.8573
19.619
17.1959
17.9888
19.2594
16.3974
17.2128
16.6374
18.353
18.7043
16.622
24.6131
17.5028
18.4861
17.9844
20.0558
15.1897
19.5101
20.8138
18.2383
15.0669
16.676
18.0147
16.1769
25.3079
18.4653
16.6079
18.4478
18.206
18.9061
17.402
16.5582
15.9698
15.0438
24.0451
15.7253
17.4523
19.8672
16.0017
16.8067
16.1318
17.8932
18.6633
18.8189
15.7186
20.1237
16.3841
20.7163
17.1297
18.2972
18.625
21.6145
14.5203
16.1632
21.2245
19.9247
16.6863
20.2667
20.5818
16.4347
23.5488
20.1271
18.5545
16.835
16.9563
23.3892
16.7277
19.5859
17.237
18.1529
17.5001
18.9628
21.4765
17.9823
17.8425
16.9478
18.9929
19.3397
20.3497
20.4674
19.5939
13.9516
17.4118
23.6388
15.2994
15.2156
16.8104
20.0256
20.2375
21.719
17.98
24.4345
17.2288
17.4714
15.7073
17.0087
20.1503
18.6177
23.971
18.5951
17.6021
20.7251
15.0271
17.6469
17.5847
19.6055
17.8665
17.4491
22.8688
17.3413
16.7868
23.7934
18.3507
16.4649
17.5834
17.676
17.5006
18.7587
17.5181
22.0958
22.6683
15.7324
19.8117
15.7609
16.9285
17.2901
19.088
15.9146
17.0363
17.6325
16.1545
20.9702
17.5269
17.369
25.6959
18.9571
16.6266
15.759
16.0886
17.5653
19.3678
20.6417
22.3059
18.1962
18.605
16.8072
18.5855
16.7054
15.4025
16.3788
20.6526
21.6219
20.348
14.6695
15.5969
20.4629
20.0468
16.471
17.622
20.1787
19.8061
17.6302
18.7529
19.7248
18.7501
15.7877
19.0904
15.5087
22.543
18.7177
21.8327
20.246
15.8519
16.9019
18.8348
17.4065
17.3771
18.7102
16.0724
18.3687
22.6808
16.4415
16.5104
20.5705
21.9229
15.669
25.0294
18.8245
17.8376
16.2603
15.6981
16.763
20.5625
17.6334
21.0903
17.585
16.7965
17.5604
20.4959
16.7192
17.2219
21.0755
17.492
17.6557
17.9596
14.7118
18.4632
16.8128
17.2042
16.7128
19.2092
17.0867
17.2187
21.1447
19.8836
16.6935
18.9878
16.1803
16.6169
16.8827
25.1074
17.2814
16.1143
15.4026
23.1392
17.9594
21.23
18.9374
16.6777
21.8875
17.9524
17.6707
23.275
19.0522
21.4487
15.4982
16.9458
20.4609
20.2843
18.2665
16.6704
21.8455
17.6298
19.8384
18.0821
17.9918
17.7341
16.2981
18.5464
18.647
16.9117
15.9349
27.0299
17.5911
17.0352
14.8962
16.6247
16.6797
15.4614
18.1086
16.4268
19.9629
21.0248
15.732
21.5046
17.5243
16.0086
21.655
17.6117
15.5174
17.5144
19.9867
15.8972
18.8462
17.6087
20.1246
21.3753
16.7491
24.0124
17.6678
18.5074
15.9738
17.6615
18.9926
19.9759
18.6733
17.3981
17.7233
17.131
18.7599
22.877
19.5662
17.3157
16.4874
17.222
23.3877
17.3228
20.3964
19.8444
16.4708
26.166
17.8377
16.9194
19.626
15.9816
15.7038
16.8301
19.2992
14.7167
16.165
17.152
16.748
17.8291
17.3183
19.6432
19.1169
15.8477
20.2917
15.5707
21.4896
18.2187
15.2128
17.5369
16.2994
19.4422
19.197
18.7289
15.3827
17.7568
17.2404
16.3434
20.2404
16.338
19.2415
17.8879
25.8889
16.9232
16.0043
20.3013
20.4375
16.5907
18.9066
16.5763
17.4153
18.3932
19.0129
20.1127
14.5781
17.8797
18.6119
18.3
17.2081
17.7902
17.7164
15.9562
17.4764
19.5922
16.0278
18.6725
26.4315
20.2096
18.7334
18.4828
17.2264
15.6183
18.3445
17.7453
24.0498
16.271
15.7101
16.4297
16.249
18.676
19.619
18.0464
15.4177
21.952
15.4629
20.2815
16.1355
18.3652
15.8611
23.591
17.969
17.5242
17.9254
17.1645
22.9072
17.5697
18.0101
19.3782
15.988
16.8654
18.0726
18.5875
15.0052
18.3729
18.0447
18.5832
17.8313
24.1503
20.5318
18.2877
17.5999
15.1992
18.6632
15.1614
18.7772
16.6474
14.8223
15.6832
21.3719
19.8716
19.2366
23.6706
17.6809
16.4453
17.1724
16.362
18.7278
21.0977
16.2786
15.8512
17.4003
16.1874
18.8747
17.2324
17.7275
17.1146
18.342
17.9949
18.2242
22.9747
15.5135
22.3215
21.5573
19.7411
21.9414
17.3475
21.8813
21.5258
17.1453
15.3304
15.5117
19.4325
17.8078
16.2624
19.0717
18.4596
17.4576
17.3638
19.2169
17.0249
21.8859
18.2096
21.5418
18.9745
19.3074
16.5918
17.239
16.7055
16.5796
17.8318
17.1863
18.0713
17.4871
16.3299
14.3868
19.6016
18.2105
20.7731
17.8682
17.1521
17.4217
15.6224
15.4398
17.3845
18.957
18.0546
18.0912
21.3497
15.9713
17.1326
18.6069
16.6969
18.6207
20.869
19.572
14.9543
20.2754
20.2106
15.5757
18.2012
18.1025
16.7469
18.6748
20.5025
20.8355
14.9405
16.9608
16.6675
18.0913
17.9286
16.6443
14.7241
17.9484
18.3434
16.6299
22.2074
18.8106
20.1585
17.2231
18.1679
16.553
21.2911
19.843
15.3759
17.2801
18.0376
19.9847
16.4438
19.8106
18.6549
15.5219
21.0497
16.2184
17.964
23.5323
19.3314
15.2418
17.5698
17.84
18.003
18.0012
17.6796
17.7018
18.4314
18.3915
21.4612
18.5301
18.759
16.8781
17.6381
18.311
19.4281
19.2769
17.9539
20.5125
17.0438
16.2496
20.0331
15.2686
16.0277
16.9433
17.7268
19.9278
18.5327
17.9078
23.1777
20.994
15.7988
16.4233
16.4611
18.9451
19.281
19.2579
19.0143
17.3699
19.9302
22.4385
16.7311
19.1724
18.8329
21.2438
15.8922
17.0427
18.1069
17.0616
16.5861
17.5794
16.6686
14.9177
24.7933
22.5212
18.3121
19.1947
20.8229
17.8978
19.1208
16.7556
16.7039
15.4144
15.4881
17.7939
16.3734
14.5916
22.4632
20.0452
25.7469
25.3001
21.0098
21.5515
18.0982
15.1877
18.8677
18.9175
18.243
17.236
18.772
15.2412
15.7463
16.6677
18.0232
20.3808
17.9172
22.0292
18.1122
24.8974
19.3267
18.8597
16.605
19.0069
18.1964
17.4457
15.9352
22.1655
20.1848
19.325
21.6824
20.3524
18.9115
16.4834
16.0054
18.0675
16.7751
19.6215
22.8837
18.8564
18.9195
16.3787
22.9586
16.6811
18.2242
16.6952
20.9103
16.578
16.0929
21.776
17.1227
17.5289
22.1228
19.9734
15.2705
21.8817
17.1338
18.1507
18.2849
19.5414
16.4048
15.3236
18.1455
18.8251
18.5561
15.8977
15.0774
18.6535
18.2537
15.0608
15.9225
18.1522
24.3291
17.307
25.3875
18.5564
17.0889
17.552
19.8559
16.9369
18.4628
21.4445
17.0188
23.592
18.0811
20.8347
18.4914
19.3624
23.819
18.6822
17.7211
18.607
27.007
18.4124
17.5928
17.2138
17.9709
19.7298
20.6208
17.307
15.9289
17.5142
18.5946
19.8246
17.4784
20.2861
18.6936
16.8161
15.3871
16.4803
18.2653
17.5686
19.1281
16.1481
18.9
18.3902
17.4068
21.1656
16.5384
16.2167
17.1904
19.6187
17.8556
18.9358
16.1738
15.9554
15.0192
19.8748
16.4123
21.9708
18.4073
16.4582
19.4707
16.9104
19.6488
21.3526
17.6125
17.4516
19.4057
16.7683
17.2168
20.7368
19.7708
20.0953
19.8663
19.3906
16.2728
17.1645
16.5186
23.628
16.5154
15.7827
20.468
16.8104
22.9194
17.4288
21.4072
19.0338
18.611
18.0176
18.3164
17.0306
18.6095
15.0075
15.5727
20.0552
17.3502
18.1389
16.2003
19.1527
17.6977
17.7439
18.0587
17.443
17.2615
17.0374
16.9618
20.859
24.7872
17.1684
18.5126
18.2706
17.7213
18.4002
18.1718
17.9141
19.7624
21.3715
17.4846
18.5325
17.548
17.9357
17.6246
22.2228
20.0092
19.7592
27.0847
17.6221
16.1668
21.3851
18.1483
16.8714
18.0963
15.7402
18.7648
14.9125
18.3702
24.8357
17.2194
16.5073
17.4016
18.1114
20.4562
17.2601
23.7173
17.5556
15.5287
16.5213
19.537
16.0035
17.8588
18.8755
17.6708
17.0153
19.6426
22.524
18.7728
24.4483
20.2989
17.0738
17.6188
16.7023
17.7094
19.3724
17.5622
19.6559
16.9039
16.2881
18.7715
19.8238
18.3098
16.4018
18.9015
16.8033
17.9456
16.1355
24.5954
17.7098
17.1171
17.4744
17.7382
18.3544
20.1128
17.5145
18.3128
18.8915
15.6364
16.1117
20.2024
17.4069
15.6885
18.4127
18.5023
28.4304
19.505
18.2813
17.0371
19.7531
14.7371
23.8009
15.2539
22.6731
14.5358
25.2619
20.1446
17.3939
16.8827
15.4899
20.5004
16.5153
18.4504
25.6293
24.7735
18.0673
15.7146
17.6992
19.497
17.5818
20.6595
16.8507
19.3073
17.8692
16.4822
17.5352
18.5098
17.9744
17.5421
31.8794
15.9231
18.4194
17.0865
17.4851
17.4911
19.5052
17.6037
18.1477
17.9204
16.7421
16.8843
18.689
16.8851
19.8854
23.7103
19.4401
20.0033
15.2208
15.6472
20.3318
22.906
15.7446
17.6473
20.3001
17.5007
16.1748
15.5851
17.4574
17.7738
17.924
16.4601
25.4535
19.2142
16.87
21.7595
17.4485
17.7991
17.8343
15.5594
18.3348
19.8646
21.5095
21.0611
18.128
28.947
15.5046
15.22
16.6033
17.6069
16.6085
20.8705
19.3448
14.153
19.2645
22.3954
25.945
21.2087
17.8996
20.5604
16.479
18.2336
17.6517
24.0339
16.9978
17.3843
19.5984
20.2359
17.933
17.2218
19.4312
16.635
17.6037
17.94
19.5106
19.0571
18.7813
22.1884
17.9484
16.5412
18.8497
22.396
19.2071
18.078
15.5969
17.2347
17.1024
16.2154
20.4568
17.0304
16.6454
14.6965
19.4976
19.6787
17.0182
15.3175
16.0942
19.7063
20.8239
19.0628
20.1074
17.4086
21.613
20.838
18.1743
18.9405
19.242
17.2854
19.7492
18.1316
19.3114
20.4152
15.3972
22.5206
27.4146
18.5125
16.6183
17.5206
19.1236
15.8145
15.4933
16.1469
17.8268
18.67
16.7481
18.5481
16.0559
17.724
20.2506
18.1429
16.405
16.0704
14.9396
18.2298
16.9477
18.5415
19.0406
16.3817
16.1121
22.0798
19.4861
18.4338
16.3702
21.1929
16.7156
18.7233
16.6574
24.5465
18.1955
24.9722
16.4018
14.9985
19.1593
18.1175
19.8848
15.1108
17.4007
18.4378
14.7864
15.6171
15.4146
23.7194
18.4122
26.0938
23.1336
16.8236
20.2258
19.8864
16.983
17.0109
18.8239
18.7185
20.4352
17.9947
19.2497
18.6079
22.6549
17.521
19.269
20.767
18.761
19.8457
16.3247
16.085
20.0054
16.6827
18.7772
16.9208
17.3374
20.4473
25.0652
17.6094
15.6863
16.2604
16.3214
17.7392
22.5799
16.9286
18.5313
15.5697
18.0449
18.0844
17.9222
17.7673
20.7829
17.4861
24.4138
21.64
17.1604
17.5961
18.6497
22.1318
19.4185
20.3063
17.699
15.8936
17.2805
17.5303
17.3776
16.0858
17.8045
19.8584
18.8063
19.1675
16.1644
20.6379
22.5701
17.2673
17.3028
16.7494
16.9737
17.1761
17.9785
19.5309
16.6787
18.9288
17.5731
17.3321
20.7321
18.4622
18.9102
20.0007
17.3771
16.6126
17.0832
22.1305
21.7569
16.8045
16.7735
19.5282
16.4889
21.431
16.9085
17.7295
18.4716
22.7186
15.4478
19.0926
18.4134
22.016
19.9662
16.4084
15.8874
15.511
18.5447
29.6422
18.1686
20.0768
16.6954
17.9802
16.4033
20.9066
15.7237
19.2561
22.3848
16.374
20.5736
17.8901
17.1724
15.9778
17.8901
17.6354
22.0203
19.6222
16.6458
20.8663
15.839
21.3356
18.5504
19.2715
18.9993
18.3397
19.2724
18.1436
18.5548
23.5956
17.7078
16.3962
18.3992
15.626
16.7559
20.1524
16.7704
21.8557
17.5199
20.4472
19.0005
22.2083
18.5381
16.949
16.269
18.7583
17.0949
23.4782
18.49
15.9059
17.5955
19.8341
16.3774
21.1799
16.1137
18.1143
16.3063
17.5663
27.1638
17.954
20.4484
17.5725
17.5804
15.6114
18.5083
14.5593
16.3876
16.2583
16.8885
18.9355
19.2044
20.2576
20.5852
17.3648
25.6505
17.2531
18.3601
18.8881
19.4295
18.0958
17.0438
19.1417
16.9519
17.2979
20.6508
19.7829
20.459
17.1561
20.2132
20.3061
16.6156
21.1243
20.2796
19.4935
18.728
20.8395
17.4501
16.4408
16.1857
16.1524
16.6551
20.7353
17.3741
17.3455
16.8617
16.0378
18.3988
16.9727
21.3954
16.4791
19.6975
16.3263
22.0088
19.0619
16.3078
15.1036
19.0293
23.6388
18.151
19.3404
20.0807
19.8465
16.5434
17.0463
16.0296
16.0644
17.1576
17.2804
18.5474
15.4303
20.5737
19.221
21.0506
19.422
18.6499
17.4008
17.3843
21.1328
18.6028
16.1254
18.8604
22.7564
16.3336
24.6734
18.861
20.7821
21.0636
22.2545
18.8765
20.2883
18.1
19.0041
17.0335
23.0044
24.7916
18.308
17.3758
18.6222
16.2372
16.9536
16.2812
18.2397
19.949
17.542
18.2807
21.1578
18.9635
17.1348
18.0651
18.8201
16.6375
24.0451
17.4955
21.2697
19.524
18.3582
18.2932
19.2674
17.7061
17.1756
18.7298
17.7149
17.2817
19.5466
17.6434
15.1758
23.6954
17.7487
21.2519
21.4724
20.302
17.4566
16.6357
18.8297
17.2948
17.6211
18.3805
20.0825
16.775
18.4322
18.7286
16.4206
16.1388
21.3782
17.4141
17.7699
21.0352
24.3115
17.7021
16.2469
17.975
15.6651
16.3
17.5145
20.5638
24.2928
16.1416
16.9906
22.8566
17.831
24.4073
16.1856
20.0318
15.4343
15.0037
17.3083
17.0474
17.9977
20.4311
17.8609
17.0532
15.5155
17.9054
21.5367
20.2211
19.6893
18.1658
19.9835
16.778
15.0046
21.1211
17.7719
19.4801
18.2601
17.1943
17.9322
22.642
19.0294
20.2945
18.3196
18.3467
19.7052
19.8147
16.5078
20.6021
18.2585
15.7068
24.1806
18.7934
16.3377
22.4221
15.02
18.74
20.7297
22.6403
18.2605
15.1024
22.3748
16.3792
21.789
18.9482
16.217
16.0737
16.8933
17.3871
17.4255
15.2144
23.8374
16.8788
18.6237
16.3782
22.6842
15.0842
17.6602
17.5832
15.7514
20.3463
17.7404
21.1853
16.5881
22.9979
20.925
20.64
21.3778
18.587
20.5759
17.3004
19.6699
21.9322
17.1591
19.5111
16.5217
22.3159
17.9773
17.2915
17.9993
19.0723
19.0202
16.416
17.0069
20.5377
16.8479
20.108
20.6447
15.9246
19.89
19.3381
17.6478
17.5437
17.9733
16.9192
16.1037
17.4799
21.7662
18.1175
17.4196
17.1181
18.6291
22.99
17.7545
17.495
24.5342
17.3409
20.0214
21.057
17.7744
17.4284
19.5151
17.3475
14.7582
16.3855
20.4862
20.5993
20.4078
15.5396
17.4209
15.7975
17.7051
16.7117
15.6678
21.537
23.0428
17.513
17.2827
19.6317
20.5524
14.9781
22.0686
16.7494
19.7463
16.098
17.9059
15.9454
18.2013
16.916
19.2297
15.328
18.2594
16.0986
20.5278
16.4095
14.8538
15.7427
20.9424
19.4885
18.5978
17.3442
17.0512
17.909
17.1819
17.5257
20.9834
15.2143
20.9307
17.4196
21.1477
15.5048
15.8386
16.5019
15.3026
20.4093
16.5551
15.8406
18.3889
16.8061
17.3527
18.7271
16.6246
15.3395
19.3106
17.4428
17.1353
17.0505
22.3033
15.2636
16.4129
18.3329
18.2176
16.2263
19.9754
20.3481
19.4503
19.6235
17.2276
20.3285
19.592
18.1707
18.692
22.1825
20.0251
15.1809
19.8319
19.4199
17.1393
20.0845
22.0938
20.0393
16.8686
17.2681
19.908
15.7029
16.5381
17.5376
17.6054
16.2597
14.4977
15.2845
20.2664
16.3052
17.8546
20.5092
21.4427
21.15
13.9237
18.9966
15.1365
19.8576
17.2615
21.0326
18.1749
17.1231
19.1981
16.7508
16.2734
21.2435
18.7902
17.2088
16.9298
18.9037
20.3663
23.6318
19.7447
19.8291
17.1881
17.3826
16.2258
16.9095
21.9378
27.1372
17.448
17.6978
19.9876
19.1866
19.1506
16.7491
15.7509
17.9946
19.2282
15.5219
15.6792
19.7801
16.5317
20.4396
17.4417
16.4244
17.8398
24.2536
18.9591
19.0621
17.8983
16.6644
18.9637
15.832
17.749
18.3209
20.2488
21.1794
19.3693
17.4233
16.5139
17.6938
17.1766
17.0745
23.7815
22.334
18.7327
19.4625
15.7088
20.1621
18.2411
21.6531
20.6787
20.0384
18.9816
21.5555
17.401
18.5526
15.7225
16.7354
21.8099
17.9719
19.3593
19.6199
18.1525
17.6236
21.483
20.1488
16.8997
16.0231
15.7531
19.2579
18.1675
18.2132
18.8609
15.8728
16.3735
20.4045
17.8241
19.8626
16.4133
17.412
19.2285
18.3592
14.7898
18.5411
19.374
17.8462
17.4423
19.2232
19.3373
16.8848
20.3724
18.8881
15.2803
19.7486
14.8825
23.2491
17.8096
18.7496
17.1651
19.6646
18.4671
18.4329
18.4126
22.0938
16.0051
15.0391
16.8541
17.3316
17.299
16.7558
16.3843
21.1691
18.5193
21.4149
22.3268
16.367
19.7518
17.3387
15.4267
16.234
16.4434
18.6824
24.8175
17.6639
21.4034
17.1628
19.9868
19.2033
19.0768
18.9151
19.4729
15.4874
20.951
15.2063
16.7315
16.1491
19.3877
14.3989
16.4241
23.6702
17.1594
16.7566
16.524
16.2426
18.6893
16.0867
19.267
18.5657
15.7417
19.6536
19.6683
15.0298
17.3549
19.6951
18.8898
22.2081
15.3316
17.7839
15.6532
16.5191
17.5853
17.0321
20.4111
21.5892
15.6466
17.8539
17.3026
23.6657
20.2747
14.6362
19.7231
16.0907
22.536
16.9405
16.8462
16.3514
15.0297
15.9167
19.1866
15.3195
16.7276
16.5956
15.4343
21.3343
16.543
15.405
20.3084
24.0786
17.1897
15.9788
15.9627
17.8402
19.517
18.3222
17.4908
18.6285
19.4835
16.3891
18.1716
18.5271
19.4522
20.6249
25.3018
24.1381
17.9999
18.4527
17.6659
20.6509
20.7205
19.3033
16.2484
19.1325
20.5502
15.6747
18.7871
20.8406
14.2891
14.4477
15.3963
18.1754
16.6738
18.6321
19.1019
16.7349
21.6057
16.602
17.4635
16.1002
17.8098
15.6004
18.836
19.5336
21.3711
18.8628
25.1886
16.1222
22.7589
16.9726
17.4193
17.5837
18.7958
17.0271
16.5929
18.6012
19.1088
16.358
18.0425
16.5729
18.9819
18.4426
17.6075
16.016
20.4879
18.2931
19.5436
23.0754
18.5781
18.7835
19.9907
17.9227
18.892
18.3799
16.4489
17.2542
22.2222
22.0267
20.5338
16.2454
18.4192
20.2974
15.9086
17.3732
16.816
19.9638
19.3684
19.7274
18.93
15.154
14.6376
18.5156
17.2795
17.9803
15.4777
19.5819
21.7224
15.4114
18.7302
19.4638
16.6542
18.9664
21.6784
16.6953
16.3889
18.048
24.1683
22.2402
17.5322
22.1106
17.5418
18.0676
16.7887
16.525
15.3752
18.0837
23.2331
17.1055
19.6093
15.3091
16.8816
17.3694
16.589
17.7756
19.7333
17.108
19.4923
16.6855
17.8721
16.7891
22.2523
18.6446
16.7437
15.1014
17.5008
15.2195
23.4755
19.3371
19.5622
18.9534
15.3237
18.1286
16.6737
22.9301
14.7845
20.5412
17.3637
17.407
18.7215
17.494
17.6387
18.5579
17.8678
19.4437
17.7755
17.5783
16.1413
20.642
17.3567
18.2895
21.8697
17.8484
16.0452
16.8282
22.6733
19.3251
17.56
16.9704
19.1737
16.5439
20.4666
17.2427
16.1881
15.7604
16.8484
20.7838
23.1553
14.4779
17.6691
19.8084
18.4678
17.8897
19.0485
21.9418
16.6061
16.9774
18.1065
16.9881
21.1252
21.7242
17.9863
19.6182
19.1066
19.1539
19.8536
17.103
17.8686
17.8257
16.6424
17.4591
24.048
18.744
19.7104
16.8308
16.4657
21.9139
16.1888
16.0982
28.9917
17.7652
17.1643
19.4753
16.9542
20.4648
19.5101
16.7967
16.7275
18.8655
19.8422
22.9414
16.5665
15.07
17.9281
16.545
15.9764
20.0303
19.1124
17.9805
18.4746
26.4944
18.8595
16.4582
17.6302
19.9731
19.8185
18.2117
17.9397
18.2302
19.5
15.7569
17.4657
17.8669
16.5621
18.5631
25.8771
18.9303
18.7486
18.4802
21.5636
19.057
19.6835
21.6659
16.4936
15.5668
18.0081
17.8014
22.614
17.413
15.3248
18.7423
16.0827
20.147
15.3496
19.0636
18.4676
21.8067
17.9536
16.985
17.9382
22.5676
24.4196
20.237
16.2243
16.6527
16.5187
19.0932
23.3403
16.5317
16.033
16.0525
19.6147
18.3759
15.5744
24.3408
20.6785
17.6682
16.0079
22.9996
20.4568
16.2327
16.4293
22.0814
15.0307
20.5469
15.5337
17.2808
20.2196
15.3032
18.3416
19.3054
19.2424
17.6893
18.5407
18.883
18.6576
17.0885
21.1912
16.8972
17.0549
17.7958
16.3646
17.275
20.5763
17.15
18.5527
15.8462
19.5306
17.4568
21.4172
17.81
17.1631
19.7983
15.9563
16.4409
19.4056
16.4476
15.5543
15.5479
15.8889
16.8713
15.8814
20.3055
16.5187
20.7848
16.5574
18.5588
16.5416
15.1903
22.3611
16.8296
19.5695
19.4203
17.9493
15.3697
17.5866
19.9483
26.4441
19.7481
18.6416
17.9367
23.039
17.8869
20.6255
16.5488
21.5515
24.3943
15.5262
20.8229
15.2994
17.6478
15.8882
24.6816
16.5428
18.8324
16.1065
14.783
23.5511
18.2552
21.5051
15.8044
16.8177
18.2403
22.2575
20.2901
19.2962
16.1209
15.612
16.4145
17.0152
18.8489
17.0807
14.6619
22.4047
24.0304
21.6119
17.8118
19.9986
16.3874
16.4178
22.1653
16.3986
24.4798
16.4255
15.6985
16.5612
17.7122
16.3551
15.6923
16.4469
16.8032
19.2058
21.3736
19.5471
18.6718
19.6339
16.2931
19.0547
18.2672
14.3666
16.4444
14.838
19.1525
18.586
18.8527
21.1436
20.1666
17.3043
17.1291
24.9394
16.7483
15.2282
19.1457
17.6941
20.1556
16.8573
19.0393
17.6161
17.6948
15.5293
15.6016
16.9379
16.7322
19.2995
18.1477
16.7576
17.8356
16.9095
23.9318
29.675
18.598
28.0696
21.8965
20.7111
18.8478
19.4607
17.0949
23.3838
17.1201
17.636
18.4745
16.8764
17.7771
18.4473
18.7497
19.5836
17.5921
22.2711
19.9625
17.222
17.8089
20.9873
18.2687
22.3831
16.5495
17.8593
20.3036
18.2925
17.9044
17.8748
21.0648
13.6562
15.8402
20.8569
19.5215
21.6426
15.9129
20.9901
16.6965
17.2587
17.3332
18.9882
14.6794
17.3977
18.5586
17.5584
20.4444
17.7065
19.5926
18.5883
23.6088
21.1305
16.3473
22.6411
16.0731
19.1559
18.6545
24.5969
20.5063
19.1847
15.9223
17.1127
15.9186
16.25
18.1105
22.8505
20.4288
17.4324
16.8338
21.3711
18.5339
16.003
16.7138
16.6039
21.2806
17.4674
31.6164
15.5347
23.6133
17.5409
19.8556
17.268
20.4855
14.4745
18.5822
17.9413
19.7328
17.1458
15.9366
15.35
18.8011
22.6221
22.0502
18.5792
16.0373
20.1929
18.0832
18.234
18.3573
15.1359
15.7856
20.0621
20.2206
15.8454
17.5122
16.6574
19.8473
15.8709
18.7466
18.5604
20.9301
20.2914
16.9932
17.4966
18.1058
15.9628
21.417
17.7953
20.3218
16.7211
17.1328
18.9237
17.4419
16.5862
18.4553
16.4758
19.2105
16.2434
17.8685
19.3384
18.5108
19.8676
18.1815
16.6946
17.8753
16.4517
19.109
17.196
16.5315
18.5072
19.2777
16.8391
16.7802
16.5425
17.8296
24.8719
21.2194
19.2776
18.5857
17.6121
21.0221
17.0076
23.9442
14.7321
21.2513
20.4451
16.7486
17.8987
17.7507
20.2329
21.8629
21.0526
17.609
17.6997
15.3393
16.4686
18.9352
24.1251
18.355
15.1602
23.7936
19.1515
18.1237
16.8142
18.4063
14.8588
19.6699
21.5777
18.9537
19.9124
19.8157
18.3554
16.1967
20.6649
16.7498
21.6806
16.446
15.4201
17.9696
17.0145
24.7911
19.4573
17.5809
16.5108
17.9099
17.2945
18.1866
16.5347
19.2805
20.2447
23.6633
16.8413
18.654
16.9176
15.947
21.5484
16.227
16.4277
15.9009
16.747
15.9416
17.625
17.8661
19.4499
18.8164
16.1058
14.9878
17.7961
21.2561
21.2218
18.4674
19.6268
19.4555
16.6426
16.8171
17.5888
20.7674
22.9991
17.8625
17.2474
16.8292
17.5756
14.9165
21.4274
15.8346
24.848
18.0646
19.6665
18.1998
20.9323
19.6684
16.8679
17.0939
18.543
18.6454
20.4726
18.3533
16.9115
16.3262
19.0167
20.2131
19.1899
18.8212
15.8007
28.3422
19.6826
17.6373
16.5815
17.838
19.6961
21.2369
21.4484
16.7281
24.0401
18.5576
16.4913
15.0114
22.539
17.7325
21.0738
17.0164
22.4783
17.2558
16.7074
16.2948
18.6277
16.1465
17.6431
17.0887
17.4535
21.5802
16.9529
19.0239
17.2967
15.2033
20.8137
15.0679
27.0111
20.5251
18.741
19.6457
17.4725
17.8051
18.4337
18.5975
15.3485
16.362
23.2989
20.4418
17.7889
27.9221
18.0716
21.0408
19.2892
16.9505
19.9312
21.6998
16.5419
18.0304
15.4485
19.2636
15.5232
18.3378
18.5632
14.8544
16.3052
18.1966
18.1585
16.5801
16.9207
20.1644
16.3044
20.0752
23.6224
16.7502
18.3644
16.2794
17.6792
17.7398
19.5434
16.9605
17.6629
17.9421
18.3622
17.222
18.8541
16.3522
20.8749
19.0518
17.2653
18.1788
17.4807
16.6098
20.3359
15.2503
17.307
15.5884
17.8521
20.1521
16.3851
20.3788
19.0263
16.8756
16.112
19.4576
18.715
18.8727
17.6684
14.2198
17.0198
19.048
15.3398
18.094
18.8703
19.8028
19.5665
20.062
18.4782
22.201
19.678
14.6649
18.2334
17.9274
17.8521
18.1719
16.5915
18.3794
18.7844
18.0883
14.8127
18.2499
15.5506
17.588
20.2495
17.2142
16.462
16.298
20.758
16.5237
17.9167
15.3994
16.16
16.1326
21.2215
17.0508
16.7868
15.715
17.4983
18.0968
20.148
16.4323
24.6594
19.5654
16.0269
20.9112
21.8587
15.847
22.0552
17.4411
19.7541
17.4366
16.3849
23.3952
19.5266
20.6808
18.7121
17.6886
16.8815
16.4785
20.0094
17.5024
18.7643
17.2569
19.5247
19.1864
16.7144
20.3248
21.1448
15.2054
17.2858
18.1833
19.9342
18.1614
15.7419
19.1347
19.8842
15.6421
18.1815
16.0928
16.9693
21.5699
20.4052
17.2897
18.3281
20.5186
17.2413
20.0976
19.2581
25.5047
18.2376
19.4588
18.4883
18.5791
18.6783
15.7383
18.085
16.9641
16.2616
16.4248
19.4644
18.5326
19.5937
16.0996
16.6794
19.6936
20.1997
17.4247
22.4167
15.5838
19.8121
16.7833
26.6301
18.7089
14.8342
15.7997
16.6285
16.9481
20.3823
21.474
17.5236
16.4335
18.9256
18.3022
18.4633
16.9544
18.7128
18.6021
23.6683
18.6316
17.0159
15.3742
14.9718
19.4074
18.6784
15.0598
18.0471
16.3717
19.8327
19.758
20.5006
17.1495
23.5522
16.1702
15.9972
18.9174
19.7259
21.3598
15.3258
16.5106
17.2062
17.2725
16.6063
17.8679
20.0688
17.9769
24.8021
15.4604
16.7479
18.3374
18.1484
17.2359
21.4039
19.9755
19.7032
16.7953
16.5541
20.04
25.4702
16.1363
20.6477
20.3261
24.6637
18.3209
16.2165
18.2237
17.8804
16.6469
23.3125
22.3634
16.2664
18.4442
19.7619
19.7949
17.5192
21.7237
16.2893
20.3729
19.4599
17.3629
20.2061
19.8342
16.319
16.3662
20.6775
16.9713
20.6452
22.1737
18.7661
19.7184
16.1454
16.4762
17.5535
23.2032
19.7981
15.8083
19.0508
15.1464
23.1683
18.6917
17.8399
18.7786
21.7484
26.6088
19.1641
22.7382
21.7507
14.867
19.8645
18.3768
20.8472
16.1755
16.3566
17.2337
16.7572
16.9287
19.2705
18.5811
21.7628
16.8017
19.0256
18.1131
19.5995
13.9822
17.6891
20.71
17.3223
23.1782
19.6053
19.5922
17.6023
24.1515
17.2768
15.8826
18.7934
19.1555
15.4956
19.0377
18.6165
15.2222
17.9822
15.2063
17.7237
18.7327
18.9316
22.8793
17.2068
20.3768
15.3043
18.8273
22.8973
20.9993
19.7639
19.7323
19.9148
18.9838
20.8789
14.9961
18.8496
18.7153
18.4074
23.5138
17.0388
18.663
17.6433
22.6164
19.3114
16.7618
18.5521
23.7738
18.1092
17.8258
16.9164
24.0322
16.809
17.6107
18.8594
14.9358
18.539
20.0212
19.3198
17.261
19.3477
17.5772
17.5094
16.5246
18.6193
17.4833
18.4473
16.4968
19.159
18.2342
20.7001
21.7965
16.6604
16.6198
21.9099
20.5057
21.3111
17.4678
17.1349
18.9595
18.318
17.628
17.7956
15.8125
16.9645
20.3287
18.2829
16.9498
16.543
22.184
16.8717
16.6992
18.6624
17.6313
16.6395
17.2742
16.0627
19.872
16.6571
18.5474
18.9884
18.1093
15.8635
15.2589
18.3057
20.2883
20.8434
17.388
16.7203
14.796
22.3015
20.2371
18.2519
19.0183
20.2502
18.4636
17.7895
19.3254
14.0277
17.4764
18.1028
25.037
17.3385
16.9422
21.9704
23.4447
19.9458
15.8379
17.6605
16.8012
18.293
15.4858
17.7525
16.6329
16.4128
23.5538
18.3669
17.0938
17.6865
17.0149
16.3847
18.1395
15.8971
18.9847
18.8812
17.5826
18.9639
24.1078
19.6881
18.7049
23.6545
20.625
17.7681
19.9085
15.9271
17.0355
17.7174
20.0554
17.3513
16.8592
17.9486
16.4808
17.9476
14.7877
18.7657
19.3006
22.0789
16.9847
18.6835
23.0313
17.1082
20.927
14.7991
18.6446
14.7886
19.0958
14.9726
21.5106
22.8228
17.0153
15.2455
17.9676
17.1154
18.9992
17.6849
21.4295
16.7758
14.8788
24.549
15.5692
16.7165
16.0309
19.0916
16.7133
19.1652
17.8457
15.3522
18.77
17.9375
21.159
14.5923
15.8954
18.1548
18.7254
17.9335
18.0225
22.8477
25.319
18.1517
18.2063
22.5738
18.1478
15.7136
17.8116
26.5388
21.0672
18.2372
17.7617
15.8276
17.3253
14.9908
19.683
16.447
17.4041
16.5579
16.6464
20.5182
16.9229
17.064
18.2363
16.6576
22.301
19.1042
16.3355
17.8295
17.0092
15.8505
19.6073
20.3125
19.3758
19.9826
20.1755
18.7037
16.4082
17.6572
16.7837
21.6137
18.0115
18.5023
22.4592
21.3074
20.6861
16.0652
17.3658
19.7801
17.0622
18.6188
18.3114
19.4311
16.0662
18.9134
18.9285
21.2019
19.7119
17.1312
16.5093
21.1662
15.5288
16.5289
17.5884
16.7231
15.3588
15.7201
17.0456
18.3014
19.3556
17.583
13.3547
20.8239
17.7162
21.3447
20.373
17.0914
20.7884
22.0495
18.9599
19.1352
23.4439
17.0292
17.0619
21.914
18.7421
17.0263
19.0043
19.9011
15.4677
21.2813
18.7727
16.1907
16.1034
15.0483
18.8927
16.0496
19.5916
18.2258
18.6399
17.8896
15.2496
15.8013
19.1745
21.3083
18.6598
18.4092
17.5627
16.4492
18.3628
15.5461
18.9568
17.7462
16.8021
22.7393
21.6508
16.1012
18.2666
16.9747
16.4837
19.2126
16.564
22.4538
22.8941
17.2603
17.4149
22.1745
20.7635
18.1819
17.2417
19.6041
21.2202
19.5937
19.5958
20.0009
15.5486
14.7569
17.5344
17.6903
22.1898
17.6263
18.4852
18.1599
21.7815
18.9569
18.4353
17.6834
20.5728
20.2304
19.0296
21.8167
16.587
20.0947
20.9492
21.8014
18.2408
15.4356
18.5362
16.2908
16.9156
16.6892
18.7545
19.9039
17.1237
16.8625
14.7163
19.3537
16.7576
17.4665
18.334
19.7147
18.0685
17.4945
15.0952
21.5233
20.2652
16.5297
15.7232
17.4088
21.2295
16.0901
17.9804
20.1466
15.6141
18.6154
15.896
17.5803
23.2575
24.1894
14.8784
19.7527
22.4821
15.2385
20.1013
15.1549
18.069
17.5535
25.0704
16.4289
18.3221
18.1368
23.7868
17.6262
18.4069
26.1918
17.2328
16.2784
17.7106
22.3633
22.6746
28.9249
17.2541
19.2157
18.423
16.8819
16.2403
21.7984
16.4658
18.0581
17.6563
18.2822
18.7337
16.7425
19.1575
21.4477
21.7793
20.2443
17.2665
19.4541
19.19
22.0974
24.8146
17.7064
20.0659
16.2718
16.954
21.2689
19.277
17.4879
19.3389
15.308
20.4028
19.6611
16.2542
18.5099
19.9838
15.7667
21.3479
19.587
18.0529
19.5166
19.3194
24.1658
14.8677
14.8456
18.874
18.1748
18.0568
18.3497
21.1021
17.6616
15.0446
16.4826
17.6104
17.9043
17.5677
17.8645
18.4025
17.6609
20.0914
22.6446
22.3503
16.7367
27.5502
24.8056
16.9319
17.8627
15.4885
20.3533
16.4557
20.5357
19.1013
19.8957
21.4696
16.1501
17.8795
21.0938
18.4723
17.0844
19.4902
20.0323
20.344
22.5133
20.2385
17.7856
16.185
17.9946
17.7724
17.5374
22.9468
18.8452
23.3944
18.2207
18.5914
20.7983
16.5232
17.317
17.4408
19.615
21.2388
19.5251
16.4423
16.5207
18.214
19.5938
17.9636
18.0697
24.7882
16.1261
17.2228
17.7503
17.4385
21.0785
16.4001
16.2264
17.8281
19.895
21.7096
14.9436
16.7123
18.5474
23.1673
19.5475
18.6528
17.8921
18.2172
16.6766
17.1527
16.7936
18.1662
18.285
18.9161
21.25
18.6028
17.7434
19.392
16.42
17.286
17.1638
18.5642
20.7255
17.5825
24.5166
19.3139
17.0528
15.6567
17.7974
17.6757
24.0927
18.5056
20.5535
17.355
18.6059
21.4462
18.8678
17.1606
16.6942
18.763
19.6535
19.6279
15.9109
20.9067
19.6717
15.8954
18.6337
18.9621
16.264
18.6901
17.0756
20.0486
16.2868
19.6511
16.3078
17.0813
15.9525
16.8075
14.9453
24.2479
15.4647
19.0114
18.0547
17.2865
20.0623
16.8627
16.8824
19.0194
18.3042
17.8999
19.4702
16.5127
20.6028
18.9718
17.2608
18.8076
16.5307
21.1754
16.3918
16.9898
14.0886
18.2779
23.9661
22.3648
17.5051
16.7057
19.4082
18.638
19.6898
25.8384
22.6753
19.3473
19.2849
18.9891
19.7607
23.3077
22.1039
15.9187
15.4163
19.7289
20.3437
19.0842
17.2594
16.681
18.513
17.2526
17.698
18.6395
15.8134
16.9752
18.6029
17.4654
14.9683
17.3311
19.3366
20.7916
18.6677
20.4242
21.8203
19.8995
16.0308
18.2814
17.1788
19.4077
15.4479
17.5324
18.0599
18.541
14.4123
15.8373
17.8828
16.2228
18.2108
21.9139
18.9696
23.5521
22.4653
17.6674
19.6768
14.8571
23.6846
18.6154
15.8651
20.7822
20.934
18.4052
19.985
15.6293
17.8961
19.7369
17.8614
17.8063
15.071
21.3803
14.9293
17.2645
16.2616
23.4834
15.8038
23.3384
17.6948
20.4055
20.8824
17.2801
17.7333
19.4598
18.1788
19.0611
15.614
19.0955
17.2451
20.1588
21.6265
16.5613
16.1999
14.7532
18.7971
17.742
19.6746
18.2089
18.9703
15.3719
16.4371
18.8972
20.524
17.1745
16.6541
14.7211
17.4149
15.9337
17.9969
18.7563
19.7623
15.6068
17.8551
16.4069
16.8616
19.0836
16.0473
16.5399
17.3418
19.6169
16.6231
18.8854
16.7276
20.1465
17.9568
16.7115
15.0431
17.5131
17.1986
20.9096
17.2693
16.3547
18.8191
18.3217
14.5006
18.2196
17.8533
16.7249
16.4543
16.5849
27.3257
16.443
19.8134
19.8151
17.8684
17.0317
18.193
23.9632
18.6587
19.2134
18.3318
16.9543
15.6656
18.1139
18.1703
17.5755
19.4758
17.8106
19.425
18.5494
17.7383
18.9303
14.9985
17.9662
16.6002
19.7046
18.4971
15.2839
18.972
24.8335
19.149
27.5515
20.7738
18.0706
16.3337
18.7505
21.9175
22.2966
16.6113
16.7995
19.0912
18.2505
20.4168
16.4595
14.3672
19.0259
20.7557
16.4794
18.9009
18.9289
18.0366
15.1781
20.2657
18.2312
21.433
17.4542
16.999
16.8043
18.4562
19.9072
18.9658
17.7438
18.6401
18.8538
16.6206
17.3686
17.8975
22.4978
14.3258
15.7102
19.0526
18.763
18.8884
17.1348
16.8696
15.6591
16.5648
23.89
16.7276
17.1304
17.762
18.0035
16.5355
18.4338
22.1436
15.5017
17.4533
15.4181
17.1427
20.7428
15.6911
16.2305
22.0413
18.3063
19.9458
21.6814
18.1368
17.6351
18.6607
20.2003
16.056
17.3846
18.3086
15.9559
16.7332
18.2752
16.587
22.3153
18.6634
23.0223
19.5386
16.3198
16.2222
23.3874
16.8707
15.4322
19.9017
16.5019
15.6452
21.6063
19.9747
22.0429
15.8292
18.5653
22.5598
22.3718
22.4935
17.7229
22.3799
19.2818
19.0506
22.2176
17.9921
17.4389
17.6978
15.4384
15.085
19.6674
21.4875
19.34
18.5634
19.3337
19.1894
21.9661
16.0371
16.2228
15.1253
17.3927
18.5964
18.5705
19.6288
19.8284
15.9677
20.0215
20.1654
18.8961
22.0724
18.9779
14.9681
19.5656
17.2209
20.3345
16.4511
19.9491
21.8138
20.5699
15.1108
18.169
15.0762
22.2953
15.9527
17.321
17.9754
18.653
19.0157
17.7466
19.7872
17.0073
19.2367
17.0596
14.625
19.04
21.0249
24.2676
24.7856
24.527
15.2179
17.2587
17.3784
17.1359
17.2041
19.5128
17.5366
17.1629
22.492
20.5114
17.3605
25.4488
16.7522
17.2908
25.0965
18.7656
18.9507
17.3223
19.7829
14.2857
17.85
20.9378
18.9888
15.4178
16.9509
18.3427
15.0736
17.7098
16.8032
19.4995
17.0293
16.5024
16.8403
19.0221
17.9692
15.9879
18.8527
17.9093
17.1311
16.7361
15.4355
16.6348
20.7231
18.0122
22.3899
17.9223
19.3483
16.2087
19.9326
17.8983
23.6028
17.8172
21.8139
16.123
17.1279
17.1293
14.7553
16.4991
17.7162
17.3339
18.248
20.673
17.2557
17.7011
16.7092
16.149
18.2814
18.075
19.3186
18.5799
15.1922
18.2717
19.6044
18.3516
18.9997
16.7669
15.3377
16.5669
17.5245
17.4847
18.6849
19.8105
15.63
15.7145
16.0398
17.5705
19.1199
15.7592
16.0791
17.944
16.9859
17.6395
18.3141
18.8623
18.4569
22.3725
20.3551
19.7742
16.9891
19.9125
15.3433
21.397
17.5912
15.0748
20.0003
20.24
15.7285
18.2514
16.496
22.4199
18.3854
15.9214
19.2848
23.416
19.0303
16.7099
15.5734
22.1113
14.3925
16.6204
19.0722
21.0004
15.5916
20.5595
15.0462
21.801
19.1838
17.0455
19.5931
16.265
16.8042
16.3858
15.4127
17.192
16.9905
20.288
18.9205
20.3934
18.7752
19.4625
15.1008
16.8072
17.4864
17.1511
15.881
19.2989
24.4762
25.7269
16.4457
18.8545
19.1553
18.7493
18.6736
23.3749
18.0498
18.3995
17.9708
15.2897
26.3084
15.4493
17.6878
19.8429
21.0762
18.7636
17.7832
20.0983
15.8936
19.2331
14.5161
20.3238
19.0769
19.0505
19.4565
20.6153
18.3615
15.4766
18.0956
19.2665
18.0875
18.7096
21.2713
18.0339
17.0747
17.4698
19.3591
19.0118
20.011
17.5035
26.2058
16.9954
16.4341
17.7612
18.8629
16.9196
15.5118
15.7061
19.9192
17.9047
21.0786
20.4538
16.8273
23.566
26.0035
17.1996
16.097
18.6046
21.513
17.3294
20.2645
14.684
17.603
17.1432
21.5281
19.211
20.9637
17.4394
18.6708
18.6038
17.8678
16.6385
19.9492
16.8614
18.6693
20.3159
17.553
17.3625
16.5718
20.6377
14.5708
23.9953
19.2594
17.4076
22.0786
18.315
23.7916
17.0495
16.783
17.0672
18.5706
15.5493
19.7626
19.2289
17.7511
16.1113
18.5633
20.3233
16.0318
17.4591
23.7494
19.092
17.5625
15.8401
15.1747
18.4303
18.7427
18.2711
24.4483
17.0919
21.5236
18.7488
19.5894
19.0122
16.405
20.4495
18.4261
18.0333
16.2457
16.3932
18.9113
15.3855
21.5548
17.3151
17.1973
18.0086
21.3249
22.3274
21.0437
17.9146
17.2764
21.1918
15.159
16.8501
19.208
19.8674
17.9535
16.3632
15.117
22.1155
15.7873
17.2415
18.0855
14.7806
21.2375
17.339
16.5649
16.719
20.0976
19.7756
19.1335
18.9921
16.878
18.1446
16.3619
21.0567
17.5932
16.8669
19.1465
19.6749
15.0399
17.1188
17.2909
26.3078
16.4264
17.4535
22.3822
22.5666
17.9478
15.7559
24.7206
17.4555
16.8327
17.8181
19.5959
16.4985
21.8283
17.8416
16.6263
17.4877
18.7633
19.3459
17.8935
18.0493
16.2286
19.657
22.8502
17.874
17.979
17.5855
16.5266
22.9153
22.8376
17.3465
16.909
17.4929
18.505
17.6654
22.6543
16.3921
20.3855
16.5297
16.6757
21.1116
16.3966
24.0072
17.8534
18.6144
21.6451
17.5882
24.6235
20.2771
16.3217
16.242
21.6526
23.0349
15.0561
19.7702
18.5371
19.8917
22.4351
17.4436
15.7111
23.797
23.176
20.3861
19.5054
22.4073
19.5922
17.5436
17.0453
18.4953
16.9576
17.3916
15.6315
20.3255
17.7687
16.7381
15.9584
19.7386
21.8234
19.8759
16.7161
18.8078
20.1295
16.7893
17.6175
18.8203
36.6275
17.9284
20.0871
18.6057
16.162
17.5296
19.344
22.0915
16.9053
16.3751
15.0328
19.4362
17.1706
17.2419
17.701
21.2349
15.2713
20.5893
23.2465
15.9575
18.1612
16.8553
17.7674
19.2431
17.9217
19.1233
19.9528
16.7963
17.5064
17.38
21.3617
17.3759
15.3484
15.7713
17.4608
17.2817
20.689
20.8039
18.5707
22.1558
21.6825
17.0552
16.053
18.6469
21.3974
17.2709
21.2657
18.478
23.8293
17.6655
18.0057
23.0509
18.7984
17.6472
16.5193
16.691
24.1479
19.7057
18.6986
17.5821
13.96
18.5567
15.4387
20.3824
17.8928
17.4642
19.8209
18.9895
19.3293
17.2177
16.5432
15.4516
17.7423
18.157
15.6532
17.3467
19.4961
21.1162
19.4295
16.3223
21.1143
15.4968
15.6486
16.3479
16.2665
15.6228
17.6822
21.7588
20.0698
16.8472
19.3628
18.0894
22.8552
17.815
21.0769
16.6082
17.8615
18.0968
21.1455
19.7952
21.1738
21.283
19.8267
18.7062
21.6614
16.1498
16.0947
22.0264
16.6553
18.9271
22.1463
21.0441
19.7562
16.2956
17.2988
20.6156
18.7943
18.8824
17.6006
17.52
16.6078
21.2541
15.7073
15.2083
18.2764
16.5573
17.3168
14.9125
15.7013
14.2354
16.7447
17.5587
17.926
19.0769
19.2943
17.3747
16.2825
15.0144
16.7491
18.7149
19.6424
18.929
20.5344
16.971
20.1211
17.9984
18.6485
21.2089
16.4806
16.6012
22.5175
19.3047
18.6045
19.214
18.8007
18.4789
19.2579
15.3269
25.0532
19.5289
18.2248
20.4532
16.7162
20.005
20.8871
21.165
21.0675
17.7662
17.067
18.7814
17.2634
18.2501
19.824
19.8699
16.8495
15.2862
18.4418
17.1759
20.7781
16.8176
16.8367
17.8505
21.2477
17.9899
16.7522
17.4643
17.1864
17.3903
18.2955
16.8504
22.7148
15.4306
18.5007
20.1025
22.6102
17.7892
15.1072
17.8373
17.7329
21.0526
17.504
18.2708
19.6795
20.14
16.2744
16.8507
15.1206
21.2967
16.7332
18.0599
19.2925
19.0489
18.1177
19.7946
19.2638
18.3528
21.1529
16.9861
19.1393
17.1852
18.9237
17.766
21.5436
16.4401
16.6394
15.9
17.7472
17.9026
17.3884
17.2742
18.2703
17.4539
15.9446
17.1548
21.7923
18.4479
20.5053
20.1843
18.0548
19.1314
14.3222
19.3745
16.9017
17.5584
20.4664
17.9228
15.4504
19.6712
16.3074
19.4952
18.5148
17.2031
16.0643
17.2012
25.6818
17.2026
18.537
15.8988
16.2344
18.8336
20.4388
17.9693
19.5508
20.1758
21.8626
16.8242
18.9647
17.9622
21.3136
16.4645
18.3575
18.0353
15.2192
18.4127
17.5578
15.3214
20.2818
16.3559
20.4612
15.7883
15.8371
25.2731
17.7789
19.7401
15.1011
17.4168
17.9839
18.3836
16.3718
17.8814
20.592
16.875
17.6663
20.693
18.8936
16.9936
17.8157
16.6993
15.7359
20.8542
18.6643
18.1349
17.9381
18.0094
17.2065
16.5256
21.7679
19.1246
17.8601
19.8966
21.9647
19.2417
19.6804
16.7355
17.7563
27.4802
17.6564
14.7048
17.6006
17.7374
20.515
21.4444
20.5037
14.5918
17.7058
23.8941
18.2199
20.3132
20.5821
18.2822
17.4951
15.2343
16.6964
19.5868
20.1487
18.1277
17.5864
17.5568
20.6697
17.0006
21.8363
18.0024
20.678
16.9109
20.5432
22.7384
18.9131
19.0706
17.9745
23.251
17.6138
14.891
17.0847
20.0242
20.206
16.5063
18.0433
17.9779
17.2787
19.0784
23.3712
19.9626
16.6825
19.8886
17.6031
17.56
19.0623
20.6837
17.2875
18.2312
16.1254
23.7377
18.8672
17.6149
17.1968
19.2598
16.1917
21.3278
20.3619
14.9195
18.3062
17.4168
16.4302
18.9428
16.9368
17.5381
22.397
20.8252
19.8361
27.842
24.2083
17.5925
17.3004
17.2046
22.5095
23.1485
19.089
18.5878
17.3288
19.0499
27.0499
24.068
15.5264
22.6693
18.135
16.3155
17.0028
21.4654
25.7892
17.8451
15.2877
18.4484
17.3513
16.7833
18.3552
18.6776
16.1874
15.5567
17.5083
17.4472
16.935
21.9437
16.1754
14.7353
18.3907
19.1155
20.7069
18.9844
15.9759
15.8969
17.5867
20.0687
16.8045
17.6945
21.3047
15.9876
17.7414
19.0237
17.7695
16.9167
15.2304
17.7291
16.0213
19.0255
18.8528
23.5026
17.4558
21.2411
19.9129
20.4691
19.9557
21.0289
18.5909
18.1438
21.3604
22.5985
17.4936
16.6613
18.2908
20.4215
24.0853
20.203
20.787
23.7401
20.1224
18.3321
20.2818
21.0972
21.1721
18.0065
17.3217
17.4522
18.3243
16.4269
23.8837
19.8248
16.4009
16.8166
15.8351
15.6587
20.9358
15.5179
16.4766
23.5074
16.4015
15.4959
17.5134
17.8009
17.0494
16.6421
19.1535
17.0598
17.4061
19.3499
19.3326
21.5878
18.1375
18.1823
16.9478
16.4994
18.6081
17.5614
16.0152
20.8144
23.78
16.3034
18.8304
26.0491
16.0422
17.7598
15.5761
24.6225
20.4987
15.8781
17.594
20.4465
16.5777
18.2896
22.827
21.2642
18.624
17.1911
18.9509
20.6822
18.0759
18.3394
17.8752
15.6089
20.4203
17.6297
20.8838
22.1619
17.2619
16.0526
20.8261
16.5721
17.284
18.8644
18.6592
16.9873
18.1787
19.293
17.741
19.737
21.6051
22.4466
19.6231
18.5825
15.4244
18.8907
19.9271
16.6207
20.5571
17.7396
16.1671
16.409
19.5053
17.3888
15.2449
19.0082
16.499
15.9655
16.65
18.0618
17.8846
15.9289
15.4428
20.4332
18.5615
19.1716
16.5615
15.4806
19.4741
19.1902
17.5789
19.8374
16.9909
16.8387
18.2151
17.5781
15.5141
22.4522
16.8486
17.4093
17.0864
16.6964
17.0906
17.0958
23.1464
21.4968
16.8198
16.376
18.7257
20.3396
18.8714
18.6253
18.7244
18.4391
21.8634
18.1209
17.6898
19.3594
17.2049
21.0469
18.3303
18.4693
17.422
15.0174
16.4788
17.9257
18.756
22.9972
17.6577
24.3843
16.3961
18.5427
16.7173
19.4095
20.4945
16.3425
15.3362
17.1318
19.5686
18.3968
16.778
15.3937
15.8886
15.7871
25.516
20.62
18.6082
19.8562
19.1727
16.4717
20.6828
16.933
16.1976
16.5025
19.8462
19.0343
18.528
17.0575
19.1323
21.5793
17.0956
23.0953
23.7112
15.1663
17.6386
18.156
16.3585
18.5747
18.8355
15.2079
18.3793
22.2463
21.7584
16.0489
21.3071
17.1411
18.1003
19.7206
19.3702
17.9204
20.3243
16.0882
23.3122
15.5632
18.1973
18.4486
17.7148
18.5268
16.5296
19.0105
21.6711
16.3316
14.6177
23.9922
16.9952
19.1839
21.9542
18.6631
17.0403
20.9614
18.2551
17.0454
17.1282
17.3208
17.0792
18.6027
19.4896
16.7085
21.5984
18.0753
17.7402
17.2904
16.4886
20.6068
19.3774
21.0433
18.1151
18.0045
18.9101
19.3821
17.1219
17.4013
23.2893
13.935
17.5236
13.6222
15.8351
16.9436
19.5567
17.7667
22.4355
20.3773
19.36
16.9108
18.7292
18.1634
18.5745
17.1394
17.7381
19.0021
22.4963
20.904
15.0497
17.9948
19.2392
19.3178
19.7705
18.4782
20.5195
19.4754
19.9091
21.1701
20.8935
16.5356
22.7442
20.1813
18.3835
21.8886
18.2326
16.1589
16.1637
17.9432
21.3986
17.4549
18.6866
18.5559
16.6138
20.4815
16.116
20.1434
17.5926
16.0348
18.5399
18.0487
17.615
22.2128
19.1989
18.3923
16.3836
16.4666
15.4975
16.1684
19.3734
16.1189
17.9698
14.5515
17.1724
17.2738
17.8702
18.7229
15.1081
20.0706
16.9371
22.5853
21.159
17.9396
19.8147
21.396
14.6272
18.0554
16.2546
17.1886
14.7997
17.2893
21.4075
17.7503
16.9876
16.4717
19.5545
17.0524
19.4476
14.8324
17.4715
18.6506
17.9504
17.2401
19.8959
18.4
15.9711
18.9287
21.887
17.0936
23.8511
17.5205
16.631
15.6758
19.7219
16.6693
22.3643
17.2941
17.0935
16.0041
15.3069
16.5349
18.0554
20.1359
16.6204
15.8466
18.5405
16.9433
18.9265
17.7425
16.9596
19.8822
17.2322
19.5794
18.0684
17.714
16.4484
17.5036
16.6448
17.6059
18.8814
20.2966
20.0564
18.3657
16.7795
21.6757
16.7865
15.9763
16.5248
19.302
18.0653
17.2796
16.1623
17.2745
18.2802
16.409
17.994
22.15
16.3777
19.9625
18.6148
21.5127
18.376
14.8924
19.9811
16.5835
21.6847
16.9963
17.5719
17.7669
21.6166
21.3015
19.6877
18.7431
16.2164
17.4831
18.3092
19.9216
23.1288
19.669
17.1761
19.6011
14.324
17.2915
19.4299
16.8907
19.4772
18.0344
20.2187
16.521
14.4544
16.5092
21.7731
18.6886
14.8651
18.612
20.5247
19.8868
19.8621
19.2987
16.2592
20.0909
19.0568
16.0618
17.4983
20.0985
23.899
22.6654
16.3092
17.736
17.1295
16.6417
17.3633
18.0593
22.5169
23.0694
22.5822
19.2862
17.8493
16.5327
17.0561
21.0429
18.9576
21.0159
16.921
17.0638
16.6336
16.18
17.3742
24.9138
21.1276
16.2859
16.758
19.8066
18.4017
19.385
18.5066
22.0513
19.6697
20.0576
18.1653
19.6273
21.6663
17.1206
17.2087
16.7075
16.5324
19.9267
16.2956
19.405
17.3659
18.1866
16.1857
15.8435
19.931
20.6347
17.7805
17.0857
18.8366
19.1628
17.7886
17.4881
21.7767
22.2391
18.3764
15.8411
17.8261
20.6229
18.7179
18.0168
20.8525
23.0229
19.6487
15.5366
16.6728
16.0388
21.3872
19.6296
18.5368
18.3879
18.6007
15.945
16.6235
19.518
19.602
27.5802
16.9078
20.6206
24.1504
16.4785
14.9285
20.0072
16.7552
17.9365
19.2586
19.641
19.3319
18.4982
18.7861
18.9901
17.8554
15.8136
18.1018
17.5971
17.6829
16.3979
17.2297
19.3691
17.7672
17.8045
17.1366
19.0841
19.1405
20.8114
17.9924
18.4579
26.2124
20.3053
17.8424
16.5727
22.884
18.001
18.4937
17.4151
16.2324
17.9235
16.4815
19.0529
22.3595
16.072
18.1433
21.0023
18.1984
20.8169
18.3048
18.4229
28.6771
16.934
20.1718
18.0629
24.1315
18.2721
15.8216
15.5996
18.7378
19.239
16.5114
22.6828
19.8127
19.1199
21.875
18.9766
15.1454
22.2701
23.738
15.0321
15.9528
16.2159
20.4138
20.6697
17.0237
18.3518
19.6088
16.5916
15.7199
17.2847
27.203
18.7022
18.6187
19.4727
17.3129
16.7514
20.1921
21.0555
16.2292
22.9626
18.1671
17.1022
17.7865
17.4794
17.6335
21.2249
18.9052
22.231
20.5161
15.0362
22.1235
18.6523
18.865
22.0652
18.1332
17.0302
19.8333
15.0184
19.797
21.579
18.9043
20.9261
15.6156
17.882
20.1298
18.0067
20.9718
15.6785
18.0148
16.7038
17.3116
16.6524
21.4909
17.9271
21.6332
19.8192
17.5734
17.2638
19.2079
20.273
16.6888
17.2229
18.913
14.9082
20.5859
20.8053
19.979
16.7359
18.59
19.7181
18.5054
16.4047
17.7646
16.3187
22.1062
16.5645
19.8281
17.6959
24.5876
18.042
16.7609
19.5772
17.8812
18.1931
19.3444
13.9476
19.7529
20.9661
21.5848
19.5295
19.1286
16.4008
17.0823
17.5876
15.9156
19.7828
21.8728
18.1251
17.5043
18.0085
21.0765
16.3571
17.9875
21.5589
17.5617
19.3057
18.1054
17.9944
18.164
16.3071
17.9085
15.7311
18.2367
16.8497
18.4559
16.6079
19.2697
18.2802
16.818
16.8819
18.9905
18.5173
18.8632
21.2104
21.3963
16.9904
18.5196
20.7767
16.0612
23.2598
19.2627
16.8548
21.2474
16.8605
17.1085
19.0634
16.6639
17.6966
18.2513
17.8866
18.6736
22.8658
20.7318
25.6603
23.0493
18.3859
16.669
19.0338
22.0534
20.2785
23.2318
22.0386
23.4806
23.6209
22.652
19.8955
15.2207
14.6676
20.6951
15.9466
17.1098
16.3555
18.8529
17.9377
22.0505
17.5018
19.6775
16.9869
18.1333
23.035
18.9186
19.1015
14.559
22.0375
19.2195
16.0645
17.9065
19.2487
16.0385
16.2511
16.6274
16.2692
18.2319
17.9706
15.2972
22.0919
17.074
16.5857
17.2326
19.421
20.5611
18.3577
16.6345
15.7262
16.2923
14.6632
20.4556
19.0583
22.1379
17.5272
24.5305
17.4727
21.2
18.8616
25.1627
18.1278
19.0039
16.5853
20.6085
17.0845
16.2354
21.35
18.9445
16.5022
19.19
18.456
16.0226
17.0479
17.8508
16.7322
17.8589
18.7563
22.1189
17.126
17.3711
15.5306
19.0767
16.0847
20.7316
17.4942
15.933
20.6254
16.3616
20.3677
18.8369
19.5474
26.9524
16.5967
15.5546
19.0375
18.6818
17.2569
15.4288
16.5752
22.6581
17.4547
17.0005
18.421
20.8009
18.8481
15.9949
26.2093
19.1052
24.4181
15.8332
20.3423
16.1198
23.6387
18.1102
16.0748
16.8968
23.0876
15.377
16.4296
15.993
17.9998
17.2994
16.4685
17.8064
15.9192
16.3162
17.8793
18.9866
17.7538
17.1366
16.7246
15.7635
17.4866
17.0945
15.6759
16.449
18.0391
18.1099
21.4948
23.1887
16.1172
16.6036
24.6727
19.2313
15.6724
21.5209
16.1106
20.7259
20.4326
15.4311
18.7142
16.4929
17.912
18.9891
18.2509
15.701
18.5875
17.4109
18.5196
16.4668
17.3635
21.0235
21.0381
15.8928
18.0118
23.5409
18.3736
16.165
15.4456
16.8357
16.3299
19.6129
16.3097
14.879
19.5398
18.6035
19.309
16.754
20.0962
14.9104
16.7665
16.1329
17.4798
15.7383
20.4011
19.3429
16.0861
24.1657
18.96
17.9625
19.6943
19.8698
16.5307
17.9339
18.5105
17.4189
20.0345
19.6082
24.9582
15.6378
15.527
17.2177
21.2992
23.2617
17.2894
16.599
19.506
16.181
16.9402
17.3536
17.3953
19.0124
16.7195
20.0443
18.5209
19.0369
18.5938
16.6323
20.9513
14.0724
17.7327
16.7753
15.2938
17.9771
17.0875
16.221
17.0157
16.9249
19.378
17.514
19.5941
17.7757
15.8352
18.5728
29.6266
17.0857
19.7105
18.9815
20.8844
14.8279
17.1872
20.1436
17.8797
18.8865
19.5853
15.4519
24.7006
17.2494
17.6783
19.291
14.9875
17.5076
17.6663
17.4318
17.7277
18.3206
17.065
16.9465
16.4919
19.6951
17.6493
17.7363
19.174
15.9496
19.4607
16.2207
17.6881
18.3618
19.2468
20.1266
18.2933
21.1173
17.7533
22.4526
16.1229
16.4588
18.7469
28.7154
20.4833
20.5798
15.3422
16.189
16.7446
17.6938
20.3037
17.1399
19.6026
16.1992
19.3559
19.0104
16.9093
16.6679
17.7284
18.1033
21.0609
16.8852
18.8161
17.6379
16.2102
19.7679
21.4479
19.8256
16.6533
21.2648
15.5706
22.9122
15.5511
18.7874
20.6127
22.8678
21.8221
16.0774
15.4007
18.5598
18.6947
15.7776
16.0759
18.7383
21.5688
17.3684
18.8146
20.6392
16.8934
15.9993
21.7807
17.2738
21.3716
18.2785
23.0149
17.4721
19.8361
16.6437
18.6714
22.4622
17.3639
21.2439
18.7163
16.6554
17.2791
17.2881
21.1796
16.8217
15.0695
16.986
22.763
18.2551
15.3082
17.8824
18.9182
21.9979
17.9813
16.8326
15.024
15.2855
17.2078
19.1022
17.1099
16.0594
22.3494
16.8556
19.7379
19.7822
20.3477
18.5566
19.627
18.2395
18.2678
15.4383
17.9864
19.0995
20.2394
17.7816
16.6428
19.2917
17.3627
19.0042
17.3129
17.4175
22.2976
17.4222
17.1748
20.1209
23.2644
20.687
18.7287
21.0561
16.0345
24.4324
16.8362
21.6295
17.9366
17.8247
14.9381
20.0618
18.2803
26.8045
15.7901
18.8896
14.8691
18.8411
16.624
18.9693
21.6103
18.1537
15.5044
14.5793
16.2088
20.1497
17.7201
19.4477
17.0012
21.7279
15.4646
18.3327
15.8231
19.8474
15.8672
15.4295
18.4459
23.5201
22.5465
19.7282
18.4599
17.9505
19.3547
16.3043
16.8377
17.2388
16.0653
19.5049
18.573
19.6191
17.6508
19.5273
20.8279
17.0265
19.2846
17.3643
16.5816
18.3368
15.6596
20.5424
17.6367
18.9162
17.0267
18.1138
20.3674
20.1001
17.0026
16.1552
17.1807
18.6142
16.4676
21.3996
21.3452
16.415
17.7849
21.981
16.2148
19.2492
18.0038
20.7029
15.5117
19.1278
22.9578
17.4394
17.5485
19.7234
16.1316
18.5568
16.9367
15.1109
20.8231
14.0806
20.5726
19.0834
16.9374
17.3729
16.5742
15.8122
15.9918
18.6251
20.596
18.7157
15.3714
18.7673
17.8766
17.7746
16.4392
18.9669
20.4507
16.0188
20.0644
16.1226
17.2802
18.1341
21.616
21.9684
19.0342
15.8955
19.9533
23.1197
16.148
19.5151
21.5676
22.792
15.5514
17.7695
19.2917
17.2604
19.1459
19.7076
19.4525
15.9229
16.4376
22.4596
17.8662
17.558
17.4717
16.4592
24.4438
17.3621
18.3507
21.0246
15.5131
19.1787
21.7209
17.3167
16.4077
16.7469
17.5374
23.4794
16.292
18.184
18.7585
20.5043
17.9081
16.8533
23.7183
19.4154
18.0756
15.887
16.5148
19.1363
19.2933
15.7338
18.3401
17.5047
17.8776
16.9512
19.1687
18.5646
22.3276
20.715
19.5279
19.0483
19.977
19.8297
21.5382
22.1009
17.5257
15.958
15.7968
16.5493
17.5898
17.839
19.8049
21.0025
17.6543
17.1226
21.2813
17.7483
17.287
18.2553
16.8334
18.6523
25.836
20.407
21.2891
15.0776
16.7182
14.6123
22.2603
21.9325
17.7063
17.3701
16.2516
17.3685
16.7226
17.3309
18.897
17.1099
16.7437
17.9712
16.441
20.1163
22.2218
18.0003
18.6499
17.3795
20.7018
21.3459
18.3583
18.1895
16.2755
18.2245
18.7392
23.2427
22.2459
21.4103
16.7597
18.5945
21.0479
18.2909
20.5635
16.2242
17.1322
22.5848
16.0928
17.0145
18.3321
19.7622
21.3089
16.1938
23.5294
18.2562
18.6156
21.9009
17.0667
16.6663
17.4218
18.4905
14.8941
17.604
18.0538
22.1738
18.1087
17.2942
17.325
22.0031
19.4015
16.6857
20.7405
17.8503
20.5934
20.0634
18.1194
17.8776
16.3411
18.4264
21.9485
24.6437
19.7271
19.9998
20.4742
17.8221
16.5673
15.3696
17.1897
16.413
17.81
15.9507
21.5454
22.0943
17.7458
18.833
17.7552
16.0363
20.6764
23.7425
20.0648
18.1944
23.7125
18.8338
17.5721
14.6154
15.8763
28.9027
20.6892
18.9113
17.9453
17.7352
16.7786
21.7152
20.1643
14.3945
18.6951
16.6568
16.822
17.9403
20.844
18.6006
16.2874
21.1165
18.6149
18.4352
17.1152
16.3986
19.2443
18.7032
14.6417
21.9217
20.2345
21.2571
16.3192
16.0846
23.4969
19.6771
16.6604
17.9332
22.4769
21.5737
17.1097
21.2278
17.0693
19.0935
19.9072
15.615
15.223
14.299
20.0991
22.5497
17.3388
21.1636
23.5945
20.1255
23.0944
17.3922
18.4852
19.421
23.4168
16.4677
19.2652
18.3367
20.1731
19.2515
22.7324
16.0169
18.2464
19.0821
23.5502
16.8165
19.0213
18.0834
20.3398
14.9845
21.0161
18.3949
20.9765
15.1347
15.5676
21.3732
19.8196
17.448
18.3563
20.3617
20.2585
15.5375
21.4095
16.8146
15.5451
18.2379
18.5318
18.6386
14.9967
18.2283
22.2198
17.8222
18.2605
21.3856
19.3594
22.6205
18.7604
19.4759
16.0703
16.9285
17.8976
19.0326
17.3568
19.1123
18.6245
19.1203
16.7491
17.1483
17.1955
24.2966
16.9696
18.23
18.7893
21.3982
18.9528
18.3711
24.4026
21.3288
17.5016
20.738
26.8524
18.493
19.0767
16.1903
18.6797
16.1528
17.2961
23.063
17.4966
19.1679
20.1258
21.1499
17.1554
17.3468
16.1579
20.1798
16.4243
17.3685
16.1906
17.728
22.9389
15.0527
21.3719
25.4334
16.8047
20.6699
17.5196
19.715
14.6654
17.2259
18.9715
17.0107
17.0868
24.0962
18.0692
16.2772
16.805
21.0678
16.5828
22.6584
18.502
17.5485
19.0488
17.3718
17.2884
24.4899
20.5807
17.9408
14.4246
20.0444
18.0115
19.3876
17.9691
20.0881
15.2658
17.6611
17.4824
16.3666
17.5044
19.8924
19.0275
16.2851
15.609
17.5299
18.3007
18.4111
18.5503
21.5779
21.2067
17.2087
17.6398
17.2716
15.0409
17.7161
21.7282
18.5653
17.257
15.4181
21.6896
16.9882
15.044
17.4366
16.3346
16.9387
19.5242
24.4173
18.3594
20.9725
14.5856
17.4222
18.2652
15.5191
15.3547
19.8397
20.0377
17.5982
21.6433
16.4073
20.5619
17.2171
16.7575
17.5631
20.5486
20.3281
19.9698
22.0778
16.685
18.8711
16.2529
17.183
18.1792
20.4777
23.2312
23.5713
15.3504
20.0335
18.2535
17.9644
17.0711
16.4887
13.9554
17.6257
17.9309
18.8843
19.3013
15.7306
18.8261
21.4783
19.2066
15.5127
19.1245
20.1805
17.6712
21.7218
21.3805
18.2927
15.2008
18.5713
15.439
16.6182
17.5695
17.5185
22.4752
17.4246
20.6414
17.2727
16.5434
17.817
18.7775
24.6038
15.1356
16.745
21.1945
16.8225
16.2785
16.3853
17.6946
21.8908
17.5584
17.105
16.957
16.8044
17.7722
17.0412
18.2486
19.6009
23.5868
17.0685
18.2145
21.8393
20.3663
27.4825
16.0851
22.7386
19.5261
19.4422
18.4012
24.2786
16.8109
20.1732
20.1583
16.3032
16.0084
16.7547
18.6259
15.8285
19.0466
15.5864
18.9024
19.0107
22.6088
18.261
18.8442
19.4862
17.4704
17.0089
16.9328
21.3862
17.3488
16.5525
20.9808
17.7338
21.4188
18.9287
20.622
16.6743
16.3505
21.3722
17.9621
21.6019
19.5834
20.7021
17.0103
15.7959
16.8158
18.2963
19.6441
23.0388
17.7254
14.6592
15.8122
21.3947
18.8252
17.8604
18.6
19.1275
16.0557
17.7302
18.0694
21.3424
19.6451
17.2626
18.4934
20.579
15.903
15.8559
19.1891
19.8872
17.1539
16.9714
15.8618
17.3266
15.6114
24.7551
18.0854
21.7597
15.7233
17.7156
17.4521
19.3418
15.7922
17.8912
16.4566
19.7158
17.416
19.1981
17.5093
20.4649
16.5808
17.6236
14.8772
23.3951
18.6459
18.2696
17.7498
15.2956
18.6275
18.0194
22.3669
20.8838
20.7395
21.3787
18.0911
16.4422
15.9553
14.411
19.9954
16.4463
19.8142
15.8074
19.0224
16.4605
17.6696
20.1963
14.348
16.9634
18.042
18.031
20.6213
16.491
17.458
17.1705
16.3835
16.9675
15.4561
16.5368
20.6697
18.7562
22.8688
21.155
15.9893
15.0735
22.2549
18.0377
19.0644
15.803
19.7573
21.7659
17.5134
14.1335
20.6982
15.2963
18.1506
16.5291
16.2366
19.5765
19.9129
21.144
16.1027
25.2712
17.3599
21.4062
16.8206
19.8886
15.2649
16.4705
18.9068
16.6964
18.4193
19.0565
19.5579
17.0958
23.116
16.2049
21.4335
19.5695
18.9091
18.5001
17.1761
16.9415
20.7212
17.4654
17.5276
16.6915
18.0049
16.572
21.0913
15.3202
19.2722
18.6179
24.2776
18.6415
20.0505
17.4424
19.9036
15.0184
17.6625
17.3192
18.505
20.1117
21.9953
18.3267
16.7932
19.2855
18.4297
19.4261
17.0881
20.4846
26.1876
16.6617
18.9195
19.674
24.436
16.7612
19.535
16.0291
16.52
20.5357
17.6237
17.7331
18.4148
20.5055
16.7476
21.3679
15.7808
19.0249
18.9366
19.0807
18.7728
16.4183
21.2376
20.3475
19.8467
18.449
16.0969
20.3343
25.9948
17.2468
21.0299
18.0297
17.5421
19.684
17.7955
16.5734
15.0084
20.0559
18.1133
17.6928
19.0459
20.074
25.3508
17.3548
18.4483
19.8652
16.1855
20.0503
17.578
19.4232
18.2224
19.2296
19.9119
18.402
16.299
18.5204
15.4021
16.5546
17.7208
18.6847
19.4494
21.1419
22.6846
16.4479
16.9238
21.4702
22.7992
15.8855
20.7238
18.4513
17.8399
19.2403
15.3086
21.6088
22.25
17.3579
15.2347
17.1687
18.9732
18.7103
17.9908
18.5746
18.1768
16.5923
15.8419
16.4164
18.4333
19.0935
17.198
15.9764
19.8057
17.6695
17.6748
19.4554
21.8194
19.4468
21.2354
21.6859
17.3276
22.1682
17.6994
22.0368
15.903
22.6938
18.6313
19.8828
17.8683
22.805
17.9403
17.8613
27.5161
17.9014
16.7745
16.8417
19.6461
14.9401
17.216
18.7991
20.3819
19.7713
17.337
17.1826
19.1294
17.4274
21.8118
30.0581
18.7281
16.7192
17.1467
19.1483
15.5701
20.5215
16.8542
17.3839
19.7281
16.6715
24.4292
23.2581
15.4726
17.5999
23.0059
15.0535
17.7762
20.8104
14.9506
17.503
19.3616
16.7038
19.4768
22.0229
16.0744
17.9318
20.834
16.1822
18.481
20.036
18.6133
22.0401
24.8552
19.2872
16.4101
17.1381
19.2203
18.7937
14.657
18.3879
16.1079
24.7366
17.2548
20.0879
15.481
16.8195
23.0796
19.0772
19.4224
17.5945
19.5825
16.8529
14.1625
17.8897
17.3695
26.3633
17.3563
18.4105
15.1864
19.2666
15.1578
16.9712
17.5054
16.7637
20.9162
17.7696
17.0686
14.8432
18.3316
15.3469
17.2709
16.8994
18.763
16.4137
20.741
18.7084
18.3384
18.1209
18.836
17.973
17.3176
18.5952
18.8106
18.135
19.7957
18.5527
15.0983
20.6958
18.8608
18.2137
19.1738
15.6413
16.805
17.2942
17.5332
19.9649
19.2952
24.8055
17.833
19.5365
20.1456
19.5553
16.6375
17.7626
18.5288
12.7473
19.3492
19.0693
15.4388
18.3157
20.4398
15.6542
18.4043
22.7434
20.218
16.7041
18.2468
21.1836
21.4027
16.577
18.1924
18.3532
21.5421
18.7094
22.4168
15.6164
21.2633
18.0314
18.2914
17.8797
17.4134
18.9658
19.1741
20.5085
20.3587
19.7297
16.4695
15.0717
17.0924
20.7317
16.864
24.1657
21.0067
22.9816
17.6925
21.4696
16.6779
17.2109
19.437
23.2716
18.3658
17.8357
17.2533
18.2543
16.1643
19.2074
20.4925
17.4635
19.4693
19.0591
20.1757
19.5991
17.1288
24.9656
18.4164
17.4314
16.7288
19.3153
19.8793
20.2677
19.3053
22.0466
18.4257
17.35
20.8146
18.1102
20.0543
16.4192
19.685
18.8669
22.4773
21.6219
18.0587
17.444
19.7282
18.9005
20.3993
16.6726
18.4458
15.8241
15.6515
16.5731
16.2378
19.8701
22.476
14.7886
16.3474
16.7737
17.7978
17.3433
23.7591
18.1176
22.7524
18.5863
15.4168
16.0708
18.2676
18.5244
20.4708
19.5328
20.2492
16.2104
16.9665
18.6058
18.0642
18.0488
18.4104
20.7798
18.9615
18.3578
22.7312
20.3829
17.0622
17.5138
16.7787
17.4649
21.4806
20.465
19.6205
17.1045
21.6219
26.4648
16.7088
16.8173
17.8461
21.6516
14.8945
17.281
18.5156
17.5215
15.8843
25.3251
17.8189
15.4347
19.7608
17.1635
19.6238
17.9031
17.5202
16.2112
23.5432
19.6378
17.693
18.5802
18.9771
18.462
23.0649
21.4488
23.0965
19.4843
23.3924
17.9255
16.913
19.0165
15.8818
15.3217
24.9414
16.9832
19.0005
18.593
19.4975
20.1976
18.0161
17.7854
15.0345
19.7054
16.9365
16.6875
15.4603
17.518
21.7685
15.6716
