5.40139
5.47087
5.273
5.18926
5.21958
4.61398
5.32803
6.13384
5.62032
4.85587
6.02039
4.94252
5.09568
6.04132
4.67632
5.88588
6.15435
5.32055
5.54516
5.16377
4.8331
6.28889
5.25234
4.74009
5.38508
5.46889
5.29748
5.54185
5.68818
5.43618
5.01802
6.41869
5.84003
7.47759
5.87411
5.53909
5.63869
5.76544
5.17168
4.67319
6.55898
5.39782
6.04126
5.68081
5.59417
5.06581
5.26402
4.76442
4.44891
5.14444
5.20354
5.63382
5.35831
5.52889
6.08732
6.6964
5.10202
5.28058
5.5024
4.86034
6.37363
5.09988
6.47569
7.28781
5.57406
6.01375
5.74908
5.6022
5.5505
5.61063
7.34261
6.88587
5.46664
5.93458
5.50396
4.83816
6.64118
5.62252
5.4829
4.39784
6.65569
6.58849
6.55218
4.94966
5.09739
5.16256
6.32118
5.20056
5.32053
6.28541
5.95428
5.95433
6.68723
4.82807
5.55591
6.1291
5.25977
4.5514
5.66685
5.68874
4.94018
6.1458
7.63473
6.4581
4.53671
5.00941
5.31137
5.8311
5.6052
4.88247
5.79585
5.19882
5.25054
4.77685
5.11438
6.60505
5.67078
6.39108
6.6139
6.0294
4.73779
5.39881
4.85444
7.40527
5.05478
6.15193
5.68401
5.81166
6.38476
5.04214
5.03174
5.7962
5.02078
4.63958
5.23615
4.72632
5.58237
4.69323
5.35624
5.59044
5.48518
5.94899
6.51577
5.37655
4.25606
5.39557
5.28005
5.07931
5.52764
6.02535
4.4387
5.87604
5.42398
5.6479
5.28861
5.14731
6.50928
5.259
5.38856
5.58367
5.01857
5.13798
4.58474
6.87325
5.24163
6.51325
5.32532
4.67165
5.19487
5.41036
5.32405
5.46926
5.04368
6.45986
7.1004
4.98599
5.67231
5.42109
5.21752
5.66075
4.8595
5.7829
5.46204
4.8546
4.15187
5.58715
5.07164
4.72996
5.04995
5.9686
5.69821
5.96971
5.59861
6.27884
5.92887
6.23716
6.18745
6.19656
6.60593
5.38816
5.28378
5.24996
5.79322
5.49326
5.40482
7.00208
5.12869
5.54089
5.14833
6.24729
6.12712
6.27168
4.89034
4.86561
5.69022
5.37302
5.10366
4.33268
4.81146
7.38447
5.17383
7.30514
5.73217
5.55514
5.00942
6.43651
4.48199
5.29076
6.26246
5.11259
7.13198
5.92429
4.57738
5.47832
6.00661
5.89796
4.75635
4.92656
6.83181
6.51068
5.46696
6.41355
6.28409
5.5884
6.04623
5.84312
5.26417
5.72845
5.46807
4.90121
5.34194
6.06955
6.4895
5.85295
5.15963
6.77364
5.5537
6.26131
5.27379
5.20005
5.44241
5.51908
6.94442
5.7656
6.49582
6.51647
4.79965
5.90761
4.88926
6.18113
5.6049
4.46247
5.26845
5.44797
4.96451
5.01116
5.81441
5.21282
4.61859
4.92003
6.11041
5.22399
6.0158
7.07131
6.49655
4.71733
4.96575
5.0989
5.27337
5.32981
5.3365
5.99885
6.17711
5.74781
5.72459
5.30123
5.42256
6.52584
5.45827
5.29451
4.98244
6.00808
6.61989
4.98062
5.45606
6.47156
5.10323
5.42511
6.62815
5.64956
5.79635
5.6118
5.14025
5.67462
4.59651
4.94024
5.75324
5.6645
5.34995
6.43443
5.72769
5.12971
4.98985
4.82644
5.29235
5.95615
5.25781
4.81035
5.88348
6.48846
5.15582
6.61816
6.58887
5.52175
6.88756
5.65038
5.65483
5.31255
6.78332
5.75465
4.81362
5.54285
5.41947
5.7207
5.13909
5.15824
6.31118
5.28563
5.43447
4.88498
5.62415
6.26645
4.81857
5.44475
6.27108
5.2616
5.6387
5.7494
5.67747
6.39372
5.1678
5.48279
5.15835
5.00079
5.57205
5.45558
6.88528
5.79231
5.9767
6.88625
4.63
5.50122
5.25159
5.32521
5.11323
4.34824
5.09976
5.61818
4.63688
4.94998
5.44967
5.35453
5.90067
5.36204
5.14298
5.18666
6.72155
4.45603
5.69683
5.97418
4.89867
6.0738
4.82998
5.47367
4.82923
5.7456
5.96578
5.39946
6.6889
5.23677
5.14605
4.85337
7.14986
5.03747
5.38049
4.46323
6.91773
5.2837
5.29046
5.41783
4.75464
6.87803
5.54882
5.43635
5.16328
5.81232
5.77081
5.25028
5.95541
5.53944
4.89224
5.76245
6.37787
5.30711
5.68751
5.1078
6.16677
4.92676
5.59457
5.47897
5.03885
5.20006
5.91378
5.64212
5.8036
5.05937
5.4675
5.8576
5.09395
5.93274
7.43086
5.26908
6.10788
6.82691
6.00806
4.59706
5.16698
5.40452
5.40268
4.88748
5.69277
6.09735
5.87497
6.71456
6.85056
4.691
5.77421
7.05877
5.5351
5.61733
6.06327
5.54404
5.16329
5.50583
5.84045
4.95788
5.24566
5.03216
5.10256
5.86297
4.84262
6.49828
4.66985
6.49228
5.91677
5.68942
5.38084
5.45304
6.4999
5.07296
5.42768
4.67104
5.32969
5.46074
5.45369
4.78188
4.68659
6.78867
5.80139
5.72451
4.69319
5.54755
5.00726
4.65612
5.47995
5.55422
6.09759
5.14004
5.52702
6.8005
4.81708
5.27847
4.73216
5.5884
6.98849
4.49972
5.35492
6.64524
5.3754
5.8396
4.93146
5.9494
5.60231
6.72154
6.39166
4.97309
5.7835
5.48375
5.54278
5.25856
5.39293
4.97473
5.69833
5.3128
4.50536
5.518
4.63908
5.50571
5.40205
5.24439
5.45217
5.70325
5.56337
5.42496
6.1281
5.11715
4.64436
5.93847
5.24462
5.79656
6.16871
5.69745
5.03758
5.42624
5.72428
5.33149
5.58025
5.30336
5.40699
4.9277
5.80783
5.18932
5.76645
5.93684
5.60234
6.15265
5.10799
6.16824
5.01538
7.11999
6.32574
5.40659
5.06889
5.93076
5.7476
6.08424
5.92025
5.2491
5.53583
5.39651
7.14631
5.0661
6.55794
4.6692
4.94901
5.45004
4.76215
5.20253
5.28427
5.95398
4.78576
5.69727
4.73444
5.46465
5.67315
6.30226
5.40524
5.65468
5.80637
5.45851
5.20614
5.84829
5.2365
5.25563
5.49739
5.11239
4.60015
5.23415
5.24405
4.8545
5.44874
5.71375
4.99976
5.54368
6.82482
5.37315
5.17648
5.20303
5.03235
4.98338
6.00798
5.55835
4.94304
5.05817
7.54013
5.33947
5.32907
6.02601
6.68978
5.18236
5.9534
4.8456
5.44894
4.53192
4.92337
4.66768
4.60102
4.54876
5.22107
5.66368
5.0548
5.01917
6.55121
5.2671
5.35219
6.50213
6.99361
5.27496
4.55445
5.97831
5.27548
4.64303
4.49582
5.17008
7.47422
4.81854
4.56724
4.66583
6.03312
5.50698
5.46197
5.0303
5.95654
4.87173
5.22179
5.85754
4.70117
4.75079
5.49626
5.20493
7.27386
5.2981
5.32405
5.56872
4.9801
6.55532
4.76908
5.21122
5.49894
5.39251
5.25717
5.18597
5.71861
5.32705
6.2408
5.6108
5.52362
5.26031
4.99124
5.52963
5.87083
5.81452
6.08743
5.93851
5.93348
5.38857
5.42119
5.50114
5.36704
5.33622
5.7332
5.78474
6.41722
4.67587
5.90918
5.0978
5.78593
6.29565
5.96199
8.19769
5.43168
5.5819
6.66163
5.99628
5.29233
5.41342
5.08297
6.68515
5.09149
5.15414
6.3411
5.1527
5.02312
5.38292
4.78081
5.97972
6.65671
5.66777
5.57454
5.21342
4.99859
5.32786
5.56129
5.26746
5.24056
6.43451
5.67435
5.6913
5.14261
5.41451
6.41415
6.2556
4.93141
5.84432
5.73272
6.37734
6.25637
6.13034
5.01658
6.60351
5.752
4.61489
4.80237
4.95753
4.25692
6.47777
6.39865
4.87868
5.5646
4.90563
5.36772
5.41267
5.70241
5.95473
5.44253
5.44657
5.14575
5.64409
5.67775
5.83564
5.24937
5.54308
5.5294
5.41767
6.70433
5.48038
4.46335
5.38021
5.71704
7.55154
5.32808
6.44398
5.17505
5.76483
5.12724
5.03485
6.22871
4.64658
5.99104
4.86924
4.83202
4.67851
6.06661
4.43708
6.78816
5.2792
5.72523
4.86585
5.51099
5.69299
4.95286
4.7518
6.01792
5.42549
5.02344
5.44704
4.89818
5.42292
5.05908
4.58624
5.26726
5.14994
4.95817
5.61903
4.41788
6.34385
4.8807
5.13661
6.18663
5.56448
5.82664
4.5954
6.59933
6.31504
5.33226
8.02273
4.91395
5.44351
5.3559
5.46561
6.25659
5.55929
5.32015
6.10027
5.4003
5.33089
5.46214
4.51667
4.62262
5.42317
4.72465
6.04181
5.68313
4.85481
6.11672
5.37209
6.80452
5.1611
4.74414
5.30025
7.01202
5.44366
6.33951
5.63957
5.21527
6.10791
5.18621
5.00466
5.07884
6.78862
5.49845
7.63267
5.84338
5.49744
4.79056
5.16336
4.64074
4.85868
5.43984
5.20386
5.52248
5.70445
5.59876
6.65901
6.1508
4.74439
4.81421
5.49195
4.67742
4.90125
5.26953
7.03547
4.78617
5.54551
6.15034
5.146
6.42008
5.12882
5.04511
4.73542
5.24756
5.83865
5.98018
5.3117
5.20891
4.90334
5.06976
5.43948
6.60581
5.13157
4.90823
5.88326
6.11786
5.00853
5.56927
4.66559
4.86325
5.5273
4.86981
5.70754
5.92251
5.39665
5.4278
5.08692
6.21143
6.20939
6.36071
5.81626
4.92308
5.28455
5.93759
5.17162
6.15059
5.49785
4.54317
6.35467
5.33229
5.69067
6.73557
6.9188
5.7083
5.00605
5.7571
4.92841
5.47966
5.84189
5.58797
5.08342
5.4031
5.84311
6.68996
5.75388
5.06738
4.97406
4.90884
5.78284
5.25868
5.99188
5.47813
5.72038
6.65836
6.43878
5.38135
6.1748
6.27132
5.63878
5.86555
5.49411
5.2189
5.34796
5.08787
4.89175
4.63323
5.74791
5.21075
5.43559
5.74497
4.81074
5.44258
5.84673
4.81919
5.52945
5.30707
7.08027
5.63851
5.0101
5.10225
5.06903
5.37417
5.28451
4.88006
5.35654
5.82094
4.85321
5.84884
5.76027
5.66987
5.47807
4.91406
5.23725
5.35465
4.85816
5.85024
6.585
5.51628
5.33053
5.47264
5.81448
4.92443
5.25349
5.47872
5.44762
6.73336
5.90316
4.78258
6.00791
5.10143
6.22136
5.79204
4.84053
5.90456
5.26816
6.64519
6.37263
6.25367
5.08173
5.45839
5.34133
6.17878
5.22706
5.82046
5.08497
4.74755
4.99337
5.25353
6.48501
4.89341
5.11422
5.49869
5.99721
6.29728
5.47512
5.12469
5.64675
6.87297
6.13275
5.87803
4.78665
5.36867
6.11585
4.9544
5.53657
5.25857
5.10712
4.83649
5.35396
5.57748
6.05484
5.12328
6.22131
4.81017
5.05337
5.47258
5.57715
6.55469
7.80969
4.72228
5.43077
6.82921
6.64251
5.05159
5.24361
5.06674
4.83589
5.47459
5.99908
5.78891
5.31871
6.00529
4.86752
5.53046
8.00273
5.46517
5.03513
5.18034
7.83591
5.84199
4.82447
6.4773
5.9491
5.71595
6.57132
4.66102
5.30019
5.51174
5.43866
6.68108
6.87759
5.56957
4.27956
5.31816
5.2057
5.22132
5.95516
4.90394
4.80701
5.97538
5.50189
7.89333
5.07311
6.88826
5.492
5.31997
5.5401
4.89189
4.76996
5.70187
5.41556
6.34524
5.20809
5.047
5.6499
5.30566
4.56711
5.45865
5.49689
5.15388
7.23821
4.8603
5.9588
5.12085
5.65008
5.88873
4.60111
5.01122
6.2694
6.27894
5.86025
5.20763
5.63166
6.45968
4.54837
5.39283
6.31076
6.52505
5.53881
5.2299
5.65904
5.68245
5.45004
5.73585
5.83981
4.44159
5.76355
6.26346
6.00034
4.32072
5.04655
5.38492
5.92111
6.06458
6.68306
6.17322
5.23747
4.92887
7.27906
5.0294
5.29248
5.45308
5.09949
5.39792
5.52919
5.10726
6.04721
4.58689
5.719
5.33825
5.04879
4.9151
5.7042
5.13707
5.92287
5.17293
4.95101
6.1546
5.46966
5.58233
5.43026
5.66827
4.94792
5.43388
4.66981
5.63755
5.03627
7.9773
5.30825
5.19768
5.67236
4.75981
5.90446
6.02038
5.12334
5.58999
5.09727
5.49962
4.81146
5.4076
5.83927
5.72842
5.41381
6.13819
5.91175
5.32534
5.51796
5.67696
5.91044
5.3025
5.34726
5.86831
5.76856
5.25174
5.55744
5.23313
6.30366
5.19889
5.38694
4.90234
4.91569
5.87497
4.73695
5.94537
6.19802
4.78572
5.21303
5.22353
5.69125
4.73227
6.19173
5.24041
5.43994
5.85227
8.82199
6.77186
4.97093
4.9919
6.18729
4.85774
5.90022
5.66449
5.8521
6.33353
6.64581
5.8526
7.43848
5.20027
4.83087
5.22628
6.32817
5.75199
4.66457
4.84588
5.20354
5.23428
5.54435
5.24194
5.97949
6.23226
6.98384
5.82492
6.46167
5.42595
5.49353
5.99172
6.49169
5.55873
5.25437
6.83442
6.62314
5.14151
6.11625
5.15797
5.8342
4.85653
5.46773
4.5968
6.4852
6.0564
5.26533
5.09578
5.52694
5.42008
6.09102
5.70485
5.96669
5.48231
5.91296
4.48643
5.37913
5.82341
4.90906
5.29696
5.12477
4.71206
5.46718
5.98993
4.85935
5.90983
5.73304
6.40784
4.97103
5.9162
5.49065
5.37035
5.54813
6.45085
5.09391
4.61354
5.97333
5.64059
6.22561
4.80919
5.15332
5.52352
5.0362
6.17878
5.86302
4.55248
5.3912
8.76732
4.91577
5.939
5.25397
5.97868
5.18154
6.48164
7.64926
6.85633
6.69575
5.6195
5.58305
5.92444
6.03363
4.80491
6.74849
5.6659
5.26941
6.46333
4.46551
5.25628
5.37472
5.05477
5.25361
4.87305
4.90785
6.28254
4.89732
6.1879
5.54043
4.93037
5.0026
4.79901
5.45375
5.7569
6.09197
5.76864
4.62581
4.7894
5.42106
5.30968
4.98835
6.09094
4.69525
5.69802
4.56969
4.9871
4.91172
5.10277
6.08354
5.14344
5.58968
5.41353
5.0738
5.46725
5.20645
5.1191
6.20707
5.12628
5.12851
4.81854
5.64201
5.13967
5.46395
5.8236
5.73173
5.70357
6.21329
4.74154
6.10418
5.3045
5.24737
5.76203
4.7574
5.33224
5.64452
5.68813
4.77023
5.81534
4.9945
5.19689
6.2607
5.77578
5.3957
5.58654
5.27171
4.50116
5.14266
5.58815
5.83597
5.42262
5.00133
5.29201
6.04863
4.85777
5.65382
6.19112
6.46029
5.62157
5.36238
5.81799
5.10981
5.05
6.51418
5.64293
5.47848
4.89357
4.35771
5.01057
4.83536
6.58962
4.99481
4.71416
5.78285
4.29607
6.2987
5.84592
5.23001
6.05096
5.23406
6.63687
5.09536
4.8831
6.15925
4.67061
5.8675
5.80734
5.1233
5.52615
4.49416
4.48657
4.84171
5.85511
5.61262
4.63941
5.79838
5.65791
6.19252
5.32257
5.05822
5.15722
5.97603
5.23154
5.68114
5.17097
5.23092
5.65765
4.92372
6.48924
6.58046
4.64584
6.32922
5.87471
5.39531
4.42816
5.28273
5.51149
5.63396
6.75238
6.10401
6.35874
5.58565
4.84455
6.47264
5.87731
5.56199
5.67086
4.82946
4.64771
5.74881
5.16371
6.55325
5.9819
5.18671
6.127
6.1681
5.44483
4.91862
5.33889
5.96619
5.20534
6.70164
5.73136
4.2779
5.46724
6.41728
6.29347
4.81377
5.59316
5.48388
5.15481
6.05551
5.60672
6.29004
6.97933
5.26604
6.61175
5.47221
6.31071
5.33646
6.50134
5.0244
5.56437
5.64502
4.85737
6.05558
4.81516
5.41353
6.75831
5.50532
5.20283
5.04357
5.72442
4.99722
4.95829
4.46838
6.23965
5.48702
6.56796
5.45126
5.69319
5.5961
6.24112
4.90937
5.11061
5.89113
6.32131
6.39066
5.4246
5.85255
4.9622
4.3364
5.85339
5.51284
5.11114
5.09671
4.69791
5.34722
5.62876
4.71992
5.42324
5.24371
5.63923
5.68878
6.67542
5.49307
4.8283
5.1743
6.24653
5.61214
5.04324
5.70385
5.69829
5.25653
5.33496
5.98356
4.47869
5.34028
5.46809
5.99905
4.69228
5.35814
7.07575
4.79307
5.63775
5.80097
5.214
4.73923
5.44679
5.76909
5.84042
4.73694
5.14214
5.41611
4.95891
5.74594
5.59237
5.50307
6.33378
5.63396
4.37888
6.41181
5.01425
5.5564
5.28071
6.104
7.76892
4.92678
4.52264
5.98298
5.7496
5.73982
6.11967
5.75032
5.26951
5.64103
5.24425
5.13076
5.35092
6.57992
6.26719
5.02726
6.75428
5.79814
5.52316
4.69678
5.51219
5.02863
5.01258
7.71662
5.37275
5.58364
5.32363
5.89577
5.21713
5.46857
5.0339
6.81925
4.66779
4.97692
5.38635
5.09976
5.32609
6.53936
4.49727
6.18319
5.90261
4.80016
5.12959
4.89554
5.89567
5.30936
5.78468
6.01637
4.67773
6.18796
4.97852
5.51407
5.31397
7.52662
5.14791
4.79699
5.90736
6.95011
5.2635
5.54749
6.47977
5.56265
5.92585
5.01721
5.2252
4.80025
4.90986
4.7469
5.68931
4.98667
5.85385
4.7822
6.24799
7.8865
5.66849
6.02992
4.99176
6.52795
6.48855
4.37474
5.99624
7.54074
6.26567
5.644
5.07935
6.01717
5.58685
5.85592
5.06582
5.26096
4.97221
5.14419
5.61332
5.39699
6.41558
5.76277
5.37699
5.55628
5.2825
5.21049
6.17469
5.82989
5.56229
5.13557
5.44326
5.19389
6.17882
5.22824
4.69188
6.48385
6.16395
7.15649
5.87034
6.75944
6.22057
5.46025
6.19026
5.64286
5.29925
5.44079
5.28174
5.40813
5.7153
4.51431
6.41944
5.43108
6.34478
5.69608
4.56385
5.61788
4.98985
5.06672
5.73841
5.31884
5.18524
5.05474
5.12706
5.65673
4.94796
5.15723
5.3456
4.98782
5.50984
5.44336
6.19959
4.89847
5.30577
4.76331
6.91253
4.61813
4.9232
5.85048
6.04056
4.82193
4.69055
5.83176
4.96886
5.46659
5.01585
5.12085
5.61801
5.43757
5.63008
5.3731
5.169
5.66362
6.1174
5.65634
5.98987
5.0514
4.77337
4.84142
7.23668
5.24987
4.89114
6.51143
4.77911
5.06724
5.56048
5.06122
4.89686
5.45078
5.45283
5.73589
5.33465
4.92305
5.14961
4.96136
5.38092
5.6212
5.48033
5.4606
5.04756
6.24478
5.42184
5.13619
5.14664
5.95745
5.37162
5.33073
4.93512
5.64582
6.27766
5.31567
4.90735
4.87778
5.09314
5.50833
5.35062
5.23042
7.0706
5.24029
5.05197
4.83029
5.21909
6.3003
5.04569
4.94956
4.79274
5.85928
4.98757
6.18175
4.9224
5.86502
5.39866
4.96866
5.05761
6.67828
5.54383
5.29125
5.30177
4.90521
4.50625
5.29444
6.19356
5.55963
6.66085
7.29825
5.09003
4.62027
4.98215
5.91361
5.28273
6.00194
8.94217
5.89816
5.43551
5.73568
4.49848
6.25246
5.38355
4.87324
6.07535
5.05306
4.8914
5.12779
4.84669
5.73554
5.1898
5.70523
5.40771
5.85101
5.03511
5.35057
5.78269
6.44
4.78359
5.65406
4.90808
5.28271
5.15681
6.00657
5.49367
5.71567
5.22892
5.48142
4.77376
6.46378
5.07097
7.21792
5.0079
6.20734
6.55482
5.6009
6.04817
6.05701
5.05561
5.57163
5.44149
6.37906
5.8437
5.08689
4.91682
6.34786
5.40355
5.51797
4.78276
5.62564
6.44339
5.1281
5.41469
5.78935
5.04081
5.50546
5.13503
5.35895
5.33622
5.10784
4.96143
5.10137
5.24814
5.78183
5.97391
5.81257
7.07029
4.36501
5.20736
5.96348
4.80182
6.22397
4.68397
5.9663
5.3524
4.6536
5.40827
5.79022
5.2478
5.54013
5.23448
5.25181
5.11191
5.97832
5.8479
5.42689
5.43863
4.95322
5.22566
4.9679
5.18207
5.96347
5.69349
5.19304
5.88118
5.68562
5.43447
5.3263
5.20597
6.33585
5.95983
5.38972
5.34292
5.87948
4.94391
6.58165
6.59174
5.80313
6.66967
6.38734
5.9581
5.5864
5.95357
5.02543
5.44379
4.93118
4.93117
5.46612
5.05896
4.78409
5.00916
5.0777
6.0579
5.17514
5.99222
5.30583
4.87128
6.37893
5.42848
5.53146
6.78681
5.80454
7.26102
5.01178
5.37523
7.98933
6.14452
4.71341
5.50081
5.57503
4.31256
5.87362
6.32172
5.0195
5.51358
5.19767
5.81397
5.80656
5.33438
5.31944
6.09491
4.76197
4.78175
5.5968
5.10226
4.74123
5.12473
5.91766
4.92298
5.04572
4.90673
4.63378
5.85105
5.4145
6.50509
6.06927
4.6234
5.80129
4.90712
4.45693
5.78226
5.82817
5.49283
5.41314
5.48224
5.23093
6.27993
5.68499
5.1845
6.26828
9.26838
4.53667
5.4018
6.03859
5.98387
5.18932
6.22559
7.52626
6.20257
5.70581
5.70598
5.51871
5.77067
5.37072
5.68744
5.67577
5.84692
4.91511
5.49055
4.99296
4.80559
5.31781
5.42802
6.41619
5.19625
4.73101
7.45415
5.03316
5.00346
5.84992
5.58427
5.23346
5.41206
5.59222
6.71184
5.55938
6.03172
6.08965
5.13264
5.01965
5.10889
4.95338
6.21148
5.76689
5.81705
5.07933
6.31518
4.67616
5.26206
5.21099
5.10683
4.86501
5.5731
5.59883
5.67391
4.61863
6.15159
9.52431
5.65221
4.93982
5.64321
6.75276
5.422
5.71706
4.68837
5.31571
5.03447
5.50206
5.11531
5.61807
6.48731
4.98069
5.28101
6.92369
5.88279
4.68538
6.31921
5.51319
4.91041
6.15991
5.31534
6.03962
5.75653
5.17565
5.46091
6.83641
5.28023
5.35036
5.56609
5.39542
4.56424
4.61952
5.43763
5.14859
5.37972
6.04671
5.75635
6.03118
4.68984
5.07796
4.91591
5.01772
5.88034
6.05471
5.32499
5.2578
4.61149
4.80558
5.00333
5.0531
5.06492
5.816
5.24553
5.23711
6.5154
4.73856
5.38667
6.29282
5.325
5.15168
6.35686
5.28933
5.51029
5.18436
5.80903
5.26983
4.93965
4.9511
5.49404
5.71851
5.32294
5.62558
5.0435
5.52095
4.97867
5.38404
5.38279
5.61869
5.68469
6.52324
6.2395
5.19929
5.06482
6.06672
7.2519
5.72044
6.29134
6.45692
5.49735
5.05385
5.04524
5.11495
5.58504
5.36954
4.94804
5.63514
5.45185
5.03341
4.90361
6.30432
5.90422
5.00636
5.59364
5.1196
4.9388
6.50654
5.18076
5.9813
5.4835
5.94654
5.70911
5.65834
5.27299
5.66033
5.9933
5.4436
4.67145
4.91755
4.53943
6.25299
8.30938
4.89685
4.70222
4.98582
5.94263
5.1174
5.3979
5.12014
5.30952
4.99245
6.12956
4.8697
4.52608
6.31636
5.75217
4.99651
5.27399
5.28556
5.86015
5.22715
6.08862
6.4615
5.4512
5.07521
6.16298
5.32256
5.86734
4.84502
5.99048
5.57803
5.6164
5.58807
6.96034
5.51642
5.75861
6.15257
5.00632
5.60398
6.02551
4.93048
5.65267
6.1666
5.24987
6.45047
5.64566
5.07504
4.82159
4.93438
5.60647
5.57724
5.34727
5.10816
4.899
5.00847
5.82818
4.49744
5.54348
4.88279
5.49626
5.58662
5.93839
5.69117
5.0828
6.04654
5.62526
5.40589
5.80739
5.19062
6.53848
5.77706
5.12463
4.96847
5.5452
6.97381
5.28225
5.25382
4.83101
5.27911
5.49849
5.56643
5.52945
5.50647
5.91677
5.45871
6.58399
5.2502
5.56432
5.13583
5.27714
5.41126
5.60503
5.98588
6.26286
5.21418
5.43706
5.48204
6.44169
6.13
5.73293
4.84714
5.94517
4.23855
5.18644
4.73262
5.54878
6.29932
5.76236
4.20738
6.11175
6.79356
5.11132
5.37647
6.03681
4.90337
5.65466
5.09664
5.82217
5.64395
6.49789
5.26206
6.66318
6.10526
5.36151
6.52354
5.72979
4.77484
6.04344
5.4854
5.34114
5.05575
4.84867
5.60535
5.6199
5.28523
5.65043
6.15616
4.32564
4.72993
5.55718
4.68325
5.02033
4.9902
5.47067
5.12388
4.49391
5.59886
5.35608
5.66026
5.33052
5.18893
5.6657
5.37138
5.01049
8.52201
5.41618
6.00253
7.16557
4.95365
7.73088
5.3046
5.74267
7.06048
5.08355
5.21144
5.8725
5.58692
5.90192
6.64326
5.87587
5.79457
5.55284
6.3598
4.59678
5.01734
6.78188
5.07435
6.56402
6.42362
5.50703
5.2747
5.79748
5.18002
7.16778
5.98737
5.84779
5.02105
5.11317
5.88329
5.16464
7.09926
5.47119
7.74265
5.52086
5.92244
6.3113
5.67073
5.27402
5.01114
6.79924
4.94662
4.90232
5.31016
5.71846
5.50278
5.03148
6.05042
5.2669
5.55338
5.63569
5.51332
4.68768
6.14669
5.96467
5.2092
6.97672
6.1609
5.46792
7.14915
5.742
6.3395
5.49388
5.69876
5.58669
5.56554
5.03838
4.90984
5.57444
4.98813
5.53698
5.02955
5.73363
4.95842
5.34886
5.81587
5.35259
4.70351
4.8443
4.85902
4.96519
5.0584
7.2324
6.4943
5.73722
4.50972
6.084
4.9226
6.1935
4.53999
4.48096
5.46032
4.96296
5.63432
4.93974
5.97454
5.10898
7.99218
5.37428
6.05266
4.55676
4.95068
5.76916
4.96756
6.75611
5.57827
5.63502
5.11582
5.11586
5.5028
4.75333
6.01858
5.04099
5.63731
4.93354
5.12784
4.81057
4.29045
5.37645
5.87844
6.59257
5.61597
5.22047
4.50449
5.58619
6.11645
4.68303
6.02684
6.34777
5.82985
5.26783
5.33338
4.62344
7.29432
5.9742
6.40152
5.33263
7.12954
7.00508
4.83737
5.1594
8.32326
5.60569
5.14978
5.32944
5.36171
5.05131
6.05779
5.88799
6.74725
5.27795
4.66755
6.43113
6.13833
5.80287
6.96572
5.6251
5.21588
5.30263
5.71843
4.82946
5.66942
5.41757
5.24432
5.02306
5.64633
5.81085
4.97729
5.11642
4.48862
4.93917
5.14716
5.2388
5.88283
5.37978
6.27528
5.41368
5.34499
5.55012
6.05978
5.12536
5.81116
5.76322
4.79391
4.93638
5.38031
5.49681
6.51183
5.60481
4.82246
5.40426
5.40076
5.01406
6.99288
5.45565
6.87837
4.69402
4.88499
5.53533
5.61226
4.84105
5.16747
4.75806
5.62678
4.98283
6.16649
5.42335
5.1618
5.37006
4.77865
5.37985
6.1603
6.82068
6.05754
5.47286
6.13279
6.3738
5.58186
7.08204
4.78787
5.33182
5.45365
5.75424
5.64607
6.80911
5.18053
6.83432
5.01679
4.84872
4.91339
7.12443
5.81204
5.46799
5.42333
6.11357
4.82154
5.10417
5.6132
5.00766
4.39268
6.13001
6.24402
5.31193
5.29743
4.77588
6.98149
4.82963
5.53769
5.6301
5.04358
5.64269
4.95492
5.98872
5.15234
5.92575
5.33476
5.05683
5.47788
5.55429
5.59639
6.20398
5.62743
5.83796
5.57969
5.02722
5.93725
4.82852
5.19356
5.62846
4.91708
5.14981
5.40824
5.02747
6.40872
5.78824
5.58096
5.62679
6.92664
6.66525
6.20723
4.75278
5.9634
5.5383
5.39076
5.2678
5.33666
5.26657
4.93795
5.24498
5.01719
5.07483
5.23165
5.23297
6.21492
7.01945
5.81508
6.00591
5.10656
5.92671
6.39502
5.19301
6.7616
5.25201
5.14007
6.64586
5.47728
5.98335
6.36956
6.81241
4.82105
4.98254
5.22163
6.00675
4.9533
6.46691
5.06509
6.29978
6.22993
7.47358
5.13492
6.20997
6.0847
4.67084
5.75834
4.94054
5.74834
4.79869
4.88022
6.05779
5.47428
5.3038
5.4309
5.44705
6.13481
5.47726
5.7297
5.72661
5.03718
5.6123
5.08384
5.39486
5.56332
4.71772
5.71734
6.53292
5.55686
5.44469
4.64833
6.16946
6.34501
5.4047
5.47808
4.89732
5.1632
5.46406
6.84925
5.97364
5.46288
6.11886
5.11867
5.36701
5.40303
5.60946
5.11188
5.14865
5.58589
5.7857
4.82106
5.28876
5.87021
5.92627
5.00313
4.83249
5.73249
4.78759
5.61894
4.70089
5.53812
6.37544
5.84066
6.59825
5.28148
4.53726
5.64474
5.27303
6.4095
4.84985
6.06437
5.89422
4.43498
5.60404
6.28941
5.37121
5.2997
4.65979
6.64942
6.29473
5.1977
5.71948
5.34536
5.65972
5.57768
4.90873
4.86646
5.55623
6.28481
4.8632
6.11139
4.83038
5.75753
5.40575
6.43313
5.27853
6.58051
5.28696
5.57203
4.91844
7.35645
5.00642
5.22067
5.23284
4.73103
5.26568
6.50748
4.86154
6.78349
5.37414
4.55028
4.81468
5.68016
5.71759
5.16351
6.12122
6.14774
5.36016
6.3135
6.39187
5.7194
4.93181
5.19159
6.63836
4.55861
6.26791
5.69106
5.14343
5.14326
5.6176
4.75441
4.43096
6.2007
4.35917
4.34312
4.84865
6.06663
6.48061
5.53318
5.25279
6.00889
6.47583
5.32469
4.78455
4.44576
5.24369
5.66225
5.0229
6.60845
5.1656
5.76131
5.47224
4.99062
4.96602
5.89232
5.94421
4.78255
5.52162
5.41527
6.01745
5.53868
4.89442
6.50745
6.32981
4.64266
6.5607
5.51203
5.98034
5.28255
6.60884
5.57081
5.39885
4.7787
4.98736
5.01198
6.2048
4.72447
5.12145
5.86637
6.78033
5.99097
6.07192
6.02832
4.91156
5.4597
5.20949
5.67085
5.91379
5.77969
5.47227
5.02219
5.33138
5.54604
5.92282
5.23389
5.5614
5.05196
5.01872
5.98239
5.29729
5.05854
5.50741
5.2882
4.9079
5.13268
5.55548
5.27047
4.60209
6.0346
5.18945
5.90391
4.76462
5.82532
5.00007
5.94715
5.12682
5.81484
4.69861
5.06307
5.26903
6.25776
5.35021
5.0545
5.42244
5.28304
5.47519
5.96194
5.90141
5.40763
6.10463
5.63667
4.7883
5.65504
5.55261
5.91093
6.01636
5.71656
4.97076
5.57993
6.4441
4.9456
5.48814
4.83662
4.78459
5.76972
4.67953
5.67873
4.67118
5.82014
5.91895
5.38954
5.39346
5.78024
6.12899
5.24249
6.10386
5.32329
7.82728
4.74589
6.05915
6.30725
5.83567
5.07483
5.68251
5.29723
5.10531
5.32547
6.29348
4.90998
5.1505
6.26328
6.20558
6.49434
6.01464
4.91015
5.74503
5.82763
4.57337
6.53176
5.79165
5.29087
5.74036
5.27377
5.63918
4.84387
5.57923
6.01988
5.45407
5.76326
6.31894
4.56288
5.66297
4.72699
5.58365
5.70846
8.30721
5.27759
5.50004
6.62074
6.52127
5.19867
4.98596
5.14494
5.28223
5.87502
5.34341
4.76479
6.86584
5.45811
5.49931
6.38913
5.85888
5.51161
5.11198
4.77437
5.29465
4.99493
5.12655
6.7613
6.172
5.08682
5.03526
6.05434
5.56505
5.41971
5.40588
5.09726
6.11928
5.61572
5.02509
5.59316
5.98424
5.84009
5.09703
4.90161
4.9891
5.32807
5.37201
5.8194
5.56115
5.17903
5.40402
6.43506
5.58834
6.38616
5.1076
6.43791
7.60576
5.25622
5.49335
5.53624
5.52182
5.1994
5.99972
5.58251
5.87019
5.70545
4.93854
5.3921
4.76266
6.37551
5.06801
5.24409
5.15541
5.20875
5.39639
5.7259
6.03712
4.55342
5.56735
5.0187
5.5062
6.19371
5.11905
5.86718
4.76459
5.46816
5.55013
4.71952
5.03298
6.2099
4.79902
5.48529
5.04779
5.33262
7.27587
5.52418
5.75829
5.64415
7.07784
5.36017
5.52721
5.69031
4.48651
6.53864
4.73854
5.63531
4.60797
5.48461
5.38816
5.24919
6.35111
4.8702
5.51677
5.71452
4.70813
5.03154
5.4235
7.89765
5.93495
5.15148
5.07038
5.63676
7.00886
5.11973
5.46952
5.41446
5.0979
4.9606
5.78784
5.34393
6.36695
5.14578
5.73987
5.56444
5.4139
5.96454
4.65494
5.5455
5.16126
5.90542
5.36987
5.69558
5.56115
6.0124
6.96412
6.1612
5.03489
5.81728
5.39758
5.59048
5.2505
5.49118
5.10087
4.67286
6.3118
6.30769
4.82465
5.74353
5.89536
4.86463
5.32194
6.01484
5.28467
6.31119
5.31305
6.16489
6.272
4.61454
5.29867
5.27702
6.15461
5.44974
6.24871
5.51191
5.81305
5.79509
6.0578
5.67587
4.91532
4.83731
4.61798
5.72498
7.81283
5.26691
5.17591
5.52968
5.37518
5.91022
6.32046
4.93564
5.91238
5.97123
6.08568
5.29897
4.96799
5.82583
5.82005
5.67495
5.09805
6.50334
4.88512
5.82488
4.69234
5.67018
5.66877
5.48371
5.23217
4.80931
5.9398
4.95715
5.34354
4.57034
6.22005
4.89635
5.43025
5.42112
5.31998
5.36818
6.29841
5.09601
4.63901
7.45767
5.40549
5.20729
4.8647
6.14413
6.1314
7.24049
5.77248
5.67982
5.07372
4.91964
5.5531
5.76282
4.63664
5.3082
4.86878
6.26544
5.92692
4.73546
4.86681
5.05817
6.23398
5.03212
5.85436
5.46428
4.75772
6.4384
5.76987
5.59376
5.54526
5.24733
6.1823
5.67105
6.35205
5.50283
5.40517
7.41075
4.91322
6.57582
6.90482
4.84664
4.97733
7.31405
5.82161
5.25318
5.33723
5.44144
5.50469
6.20067
5.00159
4.63723
5.06869
5.44765
4.40596
4.44733
5.86889
6.06387
6.15497
5.84407
4.37062
6.33972
4.96537
5.15303
5.39444
5.91465
6.04123
5.56023
5.19298
5.48292
5.02693
6.05243
4.74487
5.291
5.04731
5.13045
7.15028
5.53983
5.2364
4.58689
4.44249
5.19376
4.85417
6.05266
5.1527
6.67199
5.11017
6.73758
5.65508
5.27141
4.57752
4.86186
5.14438
7.66773
4.73821
4.88718
5.60615
4.7607
6.29122
6.36811
5.50517
6.436
4.77688
4.97282
6.07322
5.22901
4.87519
6.44893
4.79211
6.05638
5.2161
5.44948
5.57812
5.9047
4.72074
4.84627
4.77083
5.8147
4.74221
4.92671
5.36158
7.93879
5.61722
5.77388
5.24774
5.47506
4.72741
4.87427
4.84079
5.68371
6.74745
5.06213
5.50001
5.52927
5.72459
5.16838
5.37973
6.19435
4.63497
4.92735
5.32697
4.7781
4.96075
6.22349
4.97781
5.1011
5.66251
6.59676
6.5374
5.02396
5.96018
5.87071
5.90237
6.30475
6.45964
6.22083
5.92688
5.72983
5.66588
5.71606
5.60629
5.65643
4.90411
4.73241
5.70551
5.27591
4.45556
5.05155
5.19172
5.2627
4.81889
5.92881
6.25442
5.48568
6.16805
4.95463
5.32767
5.49133
5.06582
5.32822
5.6644
5.56809
4.66236
5.25761
4.57886
5.39458
5.41564
6.62288
5.30874
7.38617
5.83273
4.89942
5.46224
6.65406
6.13125
4.93665
5.29213
6.07878
4.47366
6.07318
6.61131
4.79868
5.1046
4.55816
5.59465
5.41963
4.93357
4.8343
5.29001
5.05372
4.75318
4.72375
5.42727
5.04818
5.56255
4.90363
5.94991
5.25649
5.88475
6.1736
5.3444
5.34342
5.35521
5.84881
5.2101
6.24024
5.71175
5.37462
5.45999
5.85032
4.82279
5.20049
5.91431
5.5149
4.8903
6.11715
4.807
4.97309
5.44131
4.64799
4.8804
5.22107
5.32672
5.96364
5.54408
5.47016
6.60733
6.06901
5.49815
6.33569
6.81524
5.74949
5.4974
6.35965
4.71808
6.6543
5.00611
6.92732
6.17139
5.77197
5.78501
5.09385
6.322
5.61446
5.36997
5.1678
5.46082
4.71416
5.18168
5.72999
5.63938
5.64525
5.24606
5.55629
5.91502
5.90701
4.82655
5.57434
4.74788
6.29314
5.1845
4.57977
6.07868
4.91805
4.94446
6.01792
4.922
4.80913
6.36177
5.33552
6.48081
6.13001
5.15274
5.42871
5.6503
5.83441
4.84731
4.4165
4.80852
5.72899
4.97272
5.27335
5.89355
6.50385
6.98023
5.48405
5.72933
5.67484
4.5823
4.56081
4.86785
5.94711
5.26417
4.89945
5.22735
5.83932
4.81847
5.14421
5.33527
5.99481
5.70024
5.65793
4.93656
6.65739
6.24863
5.76296
5.57651
5.09875
6.21213
4.82999
4.95358
5.3322
5.42198
5.62837
5.16901
4.83155
4.88434
5.62361
5.39712
5.23012
5.66149
4.7275
6.91219
6.32715
5.42774
6.11029
4.83203
4.62954
4.96045
5.8762
4.4771
5.78575
5.42717
4.67186
5.26846
6.51503
5.85089
5.25313
5.431
4.918
7.17263
6.18399
5.55587
6.33931
4.77513
4.51824
5.84515
6.36251
4.71818
4.86812
7.10503
5.13735
6.07076
4.5725
4.95221
4.7185
5.64117
4.91865
5.64961
5.56158
5.10728
6.46485
5.83457
4.8927
9.02088
6.4012
4.80585
4.87376
4.99874
5.21063
8.55968
5.38433
4.37384
5.96934
6.29266
5.21675
5.64717
5.33357
5.01905
5.41987
6.29322
5.15647
5.47811
5.2574
5.03939
5.11301
5.05744
5.84642
5.33515
4.61103
5.91128
5.00662
4.61157
5.09393
5.35623
5.37757
7.3679
4.94384
5.65189
5.08052
4.92474
5.51898
5.2052
5.06567
5.18551
5.71499
4.89104
6.11586
4.6451
6.17766
4.80371
5.18773
6.28493
5.47024
5.8871
5.26075
5.34414
5.93894
5.35384
4.5941
5.19273
6.32191
5.63702
4.95818
5.19685
4.81194
6.45621
6.05668
5.78368
5.32984
5.20522
5.42863
5.45602
4.52842
7.50485
6.26938
5.78008
5.35825
5.33266
5.59248
6.14939
5.4001
5.30795
5.06898
6.27685
4.83019
5.96784
5.25381
5.56061
6.174
5.36996
5.11931
5.34867
5.44735
5.22904
4.79602
5.39814
5.7724
5.03954
6.11607
4.87121
6.1321
5.66825
6.07753
5.10677
6.5243
4.91295
5.18426
5.22719
5.64209
6.71068
5.19019
5.96098
5.16342
6.10351
5.49183
5.0288
5.61816
5.85362
5.31902
5.00874
6.34135
5.10157
5.60814
6.55275
4.86249
5.48282
5.26252
5.34455
5.64932
5.82812
6.26951
6.19188
5.37526
5.3661
5.25675
5.98512
6.02821
5.38458
5.69681
7.37456
4.91611
5.1859
5.67828
4.51805
5.31192
4.69891
5.8578
5.68462
5.68338
4.63963
4.86486
4.46223
5.70222
4.95214
4.82969
5.69478
5.08786
5.27226
5.91275
6.49624
5.04809
4.95376
5.70896
6.1615
4.72002
6.02482
4.9279
5.34309
5.50397
6.20278
5.67274
5.30539
5.89132
7.2051
5.92082
5.96055
5.60143
4.81834
5.10099
5.67423
5.76473
4.89437
5.68852
5.84589
6.15886
5.32506
4.93048
5.50105
4.67907
5.22264
5.30766
6.06303
4.69377
4.44055
6.11419
5.12357
6.69569
4.82964
4.72037
5.30688
5.09556
5.25535
6.01952
5.67512
5.03443
5.37638
5.78261
5.80474
6.37678
5.57388
6.35203
5.74403
5.82531
6.17372
6.08181
4.44658
5.50264
5.34628
5.18102
5.76522
7.57288
5.8525
5.6208
6.63724
5.77657
4.75285
5.84786
5.94488
6.52938
5.08685
5.15065
4.90991
6.06058
6.06641
5.64486
4.90138
6.13415
5.06527
5.33474
5.48267
5.68359
4.97916
6.15874
5.2899
5.3794
5.04948
6.3672
4.47999
5.88652
4.80367
4.87757
5.4151
5.22778
5.07287
5.59721
7.08044
5.47486
6.09087
4.6375
4.9925
5.04726
4.87919
6.24616
5.47297
5.4332
4.94684
5.49689
6.84527
5.81864
4.63742
5.72318
5.62016
5.37927
4.83488
5.14961
5.93992
5.26237
6.51822
4.74948
5.81347
7.97727
5.6334
5.8135
8.01738
5.68
5.0213
6.13789
5.90051
5.91323
4.83927
5.36391
5.55043
5.11635
5.80237
5.4231
6.76563
4.59679
5.61347
6.35823
5.63572
6.48565
5.23926
6.37397
5.0534
5.52156
4.72201
6.68554
5.88642
5.15841
5.19218
4.83748
5.84586
6.5167
7.111
5.42005
5.33478
5.19745
5.86066
4.99708
4.86932
6.03493
6.32942
5.64054
6.20279
5.24778
4.73035
5.10153
5.42036
6.5853
5.14447
6.07922
4.73608
7.47157
5.73566
5.61593
6.2976
7.26032
5.52745
5.18821
6.13256
6.12949
4.88972
5.23323
4.76699
5.69226
5.13523
4.32269
5.25821
5.78616
5.26849
6.86636
5.37533
5.56567
5.8075
5.47899
5.48464
6.91254
5.4861
5.76257
5.38414
5.56309
5.9801
5.26139
5.3298
5.59618
5.85329
5.32888
5.48084
6.66048
4.87966
6.41773
5.44426
5.02136
5.17258
5.21361
6.39003
6.26387
5.76587
4.88175
5.14394
5.85997
5.00152
6.7124
5.2875
5.68315
4.8753
5.80909
4.96643
5.32903
5.54885
5.36022
4.80852
5.86722
4.76568
5.00607
5.56816
6.13891
6.75833
5.48838
5.30646
5.45096
5.66608
5.1469
4.36309
4.82931
5.8321
5.74578
5.718
5.10178
5.07815
5.47673
5.26647
5.84253
5.83468
7.36158
5.49026
4.55146
6.81766
6.09543
5.59307
5.17922
5.44642
5.33278
5.76113
6.33657
5.28783
4.88376
5.15603
6.05819
5.73793
5.49804
5.81586
5.43342
6.08525
7.71461
5.38389
5.32703
5.50666
5.25744
6.13632
6.14891
5.77619
4.84688
6.44237
5.14359
6.10705
4.73861
5.57742
5.2779
5.93691
6.70396
6.45277
4.9833
5.38106
4.55178
6.13241
5.18149
5.85846
5.21239
5.43153
5.39439
5.10312
5.32408
5.02348
4.82829
5.33622
5.79486
5.13774
5.7614
5.26053
4.85772
5.77202
4.61368
5.77482
5.2566
5.74912
5.2048
5.79448
5.98555
5.31518
5.57377
5.4385
4.56003
6.20218
5.62255
4.68736
5.89638
5.44377
5.9586
5.68797
5.49448
5.29796
4.46274
5.47388
4.79992
5.15061
6.19172
5.30463
5.75855
5.37983
5.45412
5.5496
4.91482
5.16502
5.62297
4.51075
5.04637
4.66874
4.9232
4.97056
4.82488
5.81858
6.21628
5.62053
5.53691
6.13128
5.39613
6.1923
5.5644
6.10296
6.30974
5.04714
5.75644
5.34904
5.2615
4.70783
5.76587
6.51803
5.42376
5.34919
5.54598
4.46094
5.8683
4.34745
5.69638
4.8587
5.12239
5.55237
5.20481
4.80956
5.12163
5.02307
6.02033
5.60071
5.02156
5.2967
4.81205
5.90335
5.59279
5.44353
4.38274
4.54668
5.9745
5.45262
5.18198
5.20782
5.3244
5.27023
5.11547
5.26437
5.3161
5.1934
4.80398
5.23392
5.22175
6.64597
5.28812
5.41648
6.07448
6.85355
4.8577
5.23357
5.0176
6.87835
4.82395
4.92391
5.47672
5.14795
5.58115
6.14314
5.56797
5.50111
5.6351
4.97639
5.0624
5.16106
5.62789
6.57224
5.62679
4.83089
6.12829
4.91652
4.90751
5.33908
5.66442
5.46198
6.43516
5.98717
5.22345
4.91251
5.09626
5.16947
5.38397
4.76525
5.73543
4.91543
5.20664
4.69794
4.81085
5.14294
6.49776
4.57653
5.08792
5.53116
4.88639
5.15815
5.68222
5.87832
5.17717
6.75806
5.52397
4.89007
7.35699
5.89998
5.08686
4.61812
5.78581
5.11123
4.87001
4.82069
5.19735
5.34439
5.23245
6.11808
5.02633
4.77964
5.37279
4.78552
5.80245
6.47457
4.91494
7.30261
5.13826
5.64931
7.2664
5.34234
7.20277
4.96436
5.65461
5.87343
4.98138
5.88371
6.21254
5.60223
5.57155
5.69972
5.34061
6.69584
5.20132
5.54089
5.00107
5.49978
5.04669
5.0715
4.98428
5.79624
5.60711
6.15306
6.69259
6.63932
6.01712
6.05233
5.13323
5.81698
5.97492
5.45703
6.41005
5.08398
4.80899
5.90049
5.53185
4.7819
5.76978
7.19407
5.50622
5.21141
5.35692
4.84709
5.65886
6.15113
5.71299
5.53241
6.06015
6.0541
5.29079
4.90231
5.21495
5.10717
5.37864
5.38438
5.52106
4.6909
4.85623
5.99643
6.70801
4.81445
5.80364
7.36597
5.46779
4.94658
5.88187
6.12074
5.56661
5.54241
5.2943
5.60797
5.22029
5.10344
5.14334
6.21384
6.39294
5.60606
5.34533
5.37606
4.91691
5.06942
6.247
5.67658
5.36958
5.11161
7.20658
5.39425
5.16293
5.71696
5.5852
5.18501
6.72533
5.43554
5.2288
5.36304
6.18018
5.09516
5.37905
5.29678
6.3558
5.84438
5.7358
6.40319
6.12849
5.42561
5.7462
5.97815
5.26694
5.1196
5.12625
4.97491
5.33268
6.31799
5.44277
5.11682
5.63224
4.74743
5.87778
5.90324
6.19978
5.55613
5.20332
5.22935
6.00549
4.77066
4.80503
5.01666
5.25662
6.77564
5.36158
5.934
6.18263
5.84149
5.03802
5.17582
4.67365
4.9234
5.0884
5.42946
5.3348
4.97736
5.56867
5.88781
5.91279
6.42344
6.389
5.92688
5.771
4.8531
4.75889
5.09704
5.48775
5.31346
4.79178
6.64413
6.11399
5.2821
4.85907
5.02062
5.28853
7.65232
5.54985
5.90087
5.28737
5.74137
4.68865
5.5478
5.64086
4.89062
6.30179
5.29851
5.91967
5.3196
5.51325
6.17216
5.73447
5.70063
6.58132
4.7165
5.29799
6.97205
5.44537
5.00798
7.08363
6.56997
5.62529
5.4361
4.86321
6.20792
6.15037
5.32272
4.40705
6.82303
5.05776
4.72275
5.59849
5.22723
6.38835
4.91574
6.2552
6.89028
5.78855
7.77406
5.72767
6.06358
5.81424
6.26673
5.20275
5.62142
5.15712
4.75215
5.02407
5.19626
6.05536
5.41111
5.17214
6.09248
5.33583
4.75423
6.00597
5.1928
5.7579
6.36076
6.04214
5.47857
4.94837
5.29227
5.23523
5.74997
5.37952
5.56662
5.23044
5.17136
5.4249
5.52546
5.42055
5.68321
5.99738
5.51335
5.64918
5.52283
5.91485
5.25755
5.65594
5.45817
6.63213
7.1536
5.15024
4.59802
6.1923
5.05655
4.75907
6.98604
7.09773
6.72333
5.70425
6.22148
5.04472
5.94467
4.83297
4.54291
4.52513
4.93437
5.223
7.1325
5.07377
5.67093
4.95981
5.94672
5.75493
5.71811
6.30289
4.87523
5.66075
6.13852
5.568
6.76892
5.78446
5.40023
4.85773
4.83948
5.33179
6.49072
6.88819
4.42199
5.70404
5.90743
5.17885
5.32759
5.69264
6.51476
5.20179
6.70086
4.65838
4.76151
5.49183
5.44999
4.91004
8.42756
4.40442
6.42568
5.30911
5.78328
5.65968
4.83081
5.85743
5.7529
6.35142
5.26734
5.25673
4.99451
5.08464
5.71759
4.89692
5.59786
5.24228
5.54238
4.62308
5.35265
5.48696
5.25337
5.38232
5.50919
4.48516
4.89824
6.25247
5.44169
7.90496
6.90802
5.55455
4.83948
5.83581
4.90097
5.92305
5.01893
5.76073
6.2262
5.1922
5.18831
5.3747
4.96664
4.94122
5.77911
4.18757
5.01981
5.2264
5.50643
6.37219
4.68242
4.64543
4.86844
4.91547
5.6937
5.36285
7.19403
4.74683
6.27504
5.48946
6.42092
5.92239
5.29201
5.32718
5.12802
6.63508
4.17522
5.78304
5.0041
5.8937
6.27164
5.691
8.13346
5.55851
4.59762
5.79321
5.44642
5.88626
4.77446
4.84296
5.57482
5.23079
5.03585
5.29182
5.57783
5.01993
5.32011
6.86861
6.0181
5.62932
5.11143
4.94819
7.03322
5.77049
5.72716
5.02286
5.10328
6.14603
4.92322
5.70854
5.35954
6.30012
5.61578
5.51571
5.37611
5.8322
6.0134
5.26766
5.07507
5.78939
6.01758
5.72022
4.98236
5.3824
6.85843
5.34872
5.46629
5.6975
5.48982
4.81614
5.6178
6.67921
6.31712
5.90927
7.30947
4.77968
7.66067
5.25636
4.97645
6.75704
5.47283
5.55817
5.37134
6.01579
6.26705
6.25461
7.0975
4.81652
7.43884
5.14783
5.25827
4.86437
5.10693
5.36407
5.6613
5.56908
6.39214
6.49547
5.73453
5.91212
4.86542
5.21176
5.00698
5.4271
5.68089
4.36974
5.18842
5.68564
5.36193
6.04466
5.63962
5.67308
5.55172
4.48066
5.29009
5.10116
5.12244
6.88409
5.39584
4.91468
5.18331
8.23082
4.541
6.22673
5.01706
5.36074
6.22161
5.04202
5.6065
4.74672
5.70231
5.04462
5.3497
5.61154
6.76177
4.7366
6.19262
4.92689
4.83799
4.60792
6.96585
5.28443
5.3538
5.25262
5.70737
5.9282
5.51058
7.28303
6.48043
6.18539
5.06281
5.52141
5.69058
5.29265
6.0779
5.68296
5.68497
4.9952
5.85619
4.94518
5.6632
4.84656
6.00998
5.85197
5.47234
5.3961
5.54749
5.46969
5.3373
6.06277
5.4589
5.32398
4.34036
5.79878
4.82574
5.3667
5.13742
6.47797
5.76187
5.59676
5.72277
8.39999
5.12881
5.81712
6.47021
6.29677
6.20579
5.26087
4.96845
4.63536
5.28732
5.40191
6.00068
5.75789
5.91777
5.77389
6.77862
5.29766
6.09976
4.9895
5.55747
5.27827
5.6406
5.9859
4.57855
4.96275
5.61757
4.74493
5.5593
5.25453
6.24859
5.49652
5.00045
5.35057
6.13437
5.48641
5.16694
4.82575
5.51147
5.71301
5.87813
5.2872
5.11673
5.55661
5.26967
4.7874
5.26652
6.23381
6.36932
4.50472
6.03456
5.37501
5.41152
5.65889
5.05466
4.83283
5.59523
4.82774
4.90654
5.96846
4.89776
4.60187
6.06591
5.87569
5.81699
5.7103
6.46486
6.1584
5.90963
5.1272
5.42351
4.96844
5.04675
5.40984
4.84267
7.70718
5.46835
5.06738
5.07544
6.38817
5.84636
6.42029
5.11029
4.89934
6.18143
5.21868
4.96201
5.84671
5.66142
5.73309
6.32323
4.71633
5.53003
5.75672
4.36779
4.66512
5.63841
6.17574
5.62043
5.23516
4.50906
5.46958
5.10405
4.50714
5.52629
5.06324
8.25391
4.42433
5.83154
5.88107
5.04402
4.91364
5.45174
4.57016
6.94019
6.37384
7.09911
6.10549
5.43321
5.41628
6.53205
4.89233
6.47732
5.4455
5.72966
5.67198
6.44733
6.50248
5.34334
5.65074
5.00336
5.48723
6.63796
5.5704
5.20548
5.88678
6.13028
5.43979
6.07083
4.65351
4.71076
5.81085
5.83073
5.41994
5.16216
5.47064
5.83625
5.47062
5.4744
5.17823
5.23727
5.20108
5.56414
5.60327
5.85414
5.72565
6.68194
4.88402
5.85712
4.81771
5.83058
5.9325
5.37659
5.22686
5.342
5.20187
5.35791
5.18459
6.0479
5.24783
4.84578
4.68613
4.72605
4.69858
5.04992
5.1988
5.35312
6.74129
6.84903
5.08159
5.13432
6.03154
5.80664
4.52963
5.64208
5.18594
6.10793
6.95676
6.4617
6.44913
7.57754
5.3374
5.56412
6.41262
5.647
4.60415
4.97778
6.52689
5.13182
5.86295
4.81185
7.7912
5.49138
6.47551
4.89893
5.54177
5.08
5.86366
5.55003
5.49049
5.38663
4.7978
4.56892
5.16244
4.84917
4.63872
5.81604
5.27356
6.18945
4.42018
4.94757
5.92257
5.53754
5.94249
5.41819
5.8047
5.68298
6.09218
5.45862
4.97793
5.25344
5.52669
7.15713
5.67201
6.43813
5.10602
6.4063
6.14111
5.71909
5.13422
4.99649
5.09973
6.78709
5.08608
4.96818
5.25778
5.24008
5.01104
5.1235
5.78789
5.675
4.94996
4.48426
5.28096
5.55237
5.54162
5.75267
5.4358
4.95123
4.98687
5.94468
6.93345
4.96571
4.63112
7.77022
6.13479
4.88829
5.49731
6.11928
6.34737
6.9292
4.70762
5.01442
4.48146
5.99499
5.41717
5.41555
5.04588
6.45095
5.076
5.89426
5.72944
5.70972
5.09242
5.86426
5.53599
5.13598
6.52592
4.64835
4.59352
4.54621
5.30207
5.07495
5.15052
5.54928
5.34363
4.45741
6.19659
6.41525
6.2505
5.27349
5.277
4.54916
6.49113
4.92017
6.18003
5.55986
5.57428
5.54332
5.28723
5.1793
5.79399
4.68699
5.09045
7.61488
5.01757
5.91956
5.78455
5.37083
5.10382
6.23531
5.37008
6.80722
5.17088
6.75881
5.36951
5.48268
5.26607
4.78935
5.39706
5.30391
6.12391
4.76809
6.13727
6.61243
5.34209
5.76052
5.8982
5.12664
4.78593
4.95089
6.15208
5.31598
5.18195
5.29845
5.61798
5.94304
5.27155
5.35747
4.53584
6.17198
8.19277
5.39729
4.66708
5.28847
4.8425
5.05992
5.17645
5.48351
4.92905
6.31621
5.4144
5.27283
4.84485
4.89983
5.35041
5.38216
6.8527
5.17473
6.18249
5.4501
4.76884
5.43075
4.57277
6.36851
4.58343
5.34777
5.56248
7.02802
4.62747
4.95222
4.99229
6.34623
4.6521
5.22381
5.69167
5.04048
5.24418
5.46903
5.72602
5.45766
6.11305
5.6017
4.90098
5.35277
6.0122
4.73257
5.63273
5.04353
5.31766
5.32942
5.13066
5.03982
6.99941
4.55551
4.84252
5.09451
5.1483
7.61785
5.92684
5.12841
6.27324
6.11858
6.28142
5.33191
6.12227
5.47615
6.21378
6.2595
6.05909
5.26278
8.24928
5.20985
5.30845
5.80845
7.37402
5.24189
5.10561
5.79715
4.89159
5.04406
5.71083
5.78218
5.43707
5.17514
4.30625
5.03846
5.32261
5.93597
6.43707
7.03996
5.13495
5.91608
4.97783
6.1828
4.93667
5.95203
5.42025
4.99254
4.95951
5.08508
5.57745
8.08028
5.32236
5.11744
5.25593
5.08197
6.4684
5.70687
6.7524
4.4267
6.22137
5.44117
5.03757
4.69517
5.46601
5.05662
4.45824
5.63066
4.7602
6.58956
4.98147
5.22546
4.83882
4.74679
5.04156
5.22986
5.03563
5.31987
6.66427
4.8833
4.97547
6.40316
5.16016
4.92905
4.91795
5.21555
6.79338
5.62507
5.69052
6.3428
6.0762
5.81866
5.53655
4.73128
5.20846
5.27313
4.64351
5.72189
6.0558
5.73461
4.99988
5.92856
5.48754
5.66545
4.76425
4.72496
5.71289
5.6072
6.36941
5.96206
5.36415
5.13071
5.52481
5.56911
4.76128
6.09039
5.57499
5.34109
6.16622
4.94761
5.11994
5.00617
4.32527
4.893
6.97053
6.10999
4.74528
5.09564
5.67448
5.63486
5.00078
4.83865
4.79225
5.37904
5.86357
5.13132
5.23956
5.65188
5.18338
5.37468
6.46186
4.94266
5.00104
5.53558
4.80043
4.28802
5.69219
5.06074
4.99493
4.93118
4.92395
5.39806
5.58551
5.7049
4.96318
5.10444
4.96187
5.77241
5.3384
5.12253
4.8462
5.92897
5.18019
6.46381
5.8422
5.33523
5.29234
5.00496
6.10578
6.46607
6.40977
5.79022
4.81707
8.21911
6.06715
5.94478
6.02567
5.52628
5.85505
5.04926
5.7894
5.82822
5.46344
5.42028
5.35611
6.41328
5.64234
5.91144
7.12193
6.2131
6.64171
8.40814
6.37308
6.18065
4.77159
5.48858
4.70444
5.12675
6.06331
7.42634
5.32959
4.86494
5.44282
5.74129
5.46412
6.01605
6.3858
5.93357
6.57975
5.12592
5.16224
4.96731
5.90566
4.76295
4.81894
5.1188
6.10251
5.21841
5.31185
5.40154
5.46696
5.46369
6.19697
7.25113
6.4666
5.61835
6.92542
4.83693
5.40843
4.61117
5.22277
5.66675
4.87019
5.24164
5.68698
5.45073
4.68736
4.88487
4.93288
5.01491
5.32034
5.60355
6.1792
4.81792
6.25817
4.80673
5.31627
5.90357
5.23214
6.0784
6.0057
5.81161
4.70665
4.80313
9.13509
5.94008
4.96387
6.83204
5.358
5.59217
4.86673
5.55105
5.57714
5.93277
4.73327
4.79325
5.8318
5.41312
5.4265
5.68221
4.59841
4.56714
6.12597
5.22236
5.13701
5.86087
4.99935
5.63003
5.18411
4.76206
4.89183
6.38926
6.3632
5.85733
5.50436
6.64762
5.71231
6.45838
4.9964
7.33901
4.63687
4.75993
6.38912
5.46916
6.05985
5.43409
5.59385
6.54684
5.35559
5.8551
6.43219
4.97087
4.85858
5.51473
5.47588
5.02683
5.25527
6.06095
5.66814
5.39217
4.70415
5.74819
5.44336
5.17111
4.84685
5.17937
5.44692
5.31658
5.03763
6.37601
7.0268
4.96654
5.14449
4.94416
5.23773
4.61812
4.84226
4.96209
5.61765
5.98479
4.77049
5.91136
5.43401
5.47413
4.78707
4.177
5.59691
5.92623
5.93369
4.79279
4.74105
4.96481
5.22145
5.58164
4.90499
5.16612
4.97927
4.94224
4.93282
5.50059
6.43209
5.59027
7.08986
5.14143
5.59881
5.60423
5.30517
5.31272
5.28646
5.31187
6.15927
5.49094
4.92686
5.96192
5.9676
6.20853
4.58271
5.47555
5.13144
5.51379
4.84826
5.94509
5.87125
6.44574
4.3931
6.28832
5.16849
5.49135
5.54761
5.85465
5.15183
5.21172
5.67733
6.09063
4.97082
5.23784
5.36398
5.68625
5.33194
5.67131
4.99143
5.11296
5.17824
5.38873
5.26461
5.85777
4.74403
7.35886
6.6701
5.29221
5.41199
4.37906
5.62187
5.90719
5.46457
4.62881
5.59648
5.23666
5.61042
4.72773
5.5316
5.31175
5.6139
5.34096
5.01443
5.01705
5.17928
5.13317
5.74635
5.39761
5.2257
5.02219
5.17928
6.23272
4.73927
5.28021
5.87002
5.47788
5.04578
5.42029
5.0697
5.80317
4.33552
4.99508
4.94802
5.82224
7.49667
6.8948
6.25818
5.83287
5.11186
5.84042
5.78252
5.14045
5.38738
4.90157
5.37376
5.20423
5.05827
5.44187
5.55789
6.2393
5.5037
4.87812
5.39111
4.55905
5.06831
5.271
4.50081
4.7105
5.65848
5.43831
7.91012
5.56915
5.92091
5.21667
6.82085
5.56217
6.28901
4.257
5.48596
5.16467
5.76187
4.99865
6.27263
5.08554
6.01754
5.70604
5.63765
6.72276
5.24098
5.73918
5.11714
4.65592
5.7272
5.04643
5.1364
4.85438
5.75361
5.63682
5.99562
5.28677
5.04645
5.39675
5.81397
6.52088
5.09644
4.81749
5.67445
4.69163
4.64265
5.24031
4.81034
5.37321
6.50364
5.77362
4.61702
4.57455
7.24849
5.79861
4.95014
7.02102
7.36711
4.74245
5.84374
5.14603
5.8125
4.44936
5.42098
7.00754
5.18791
5.10072
5.17369
4.80777
5.12487
4.84191
5.35779
4.88356
6.7817
6.03791
6.2744
4.2563
5.29317
6.65103
7.17733
6.2754
6.79107
5.1259
5.65546
6.17167
6.94484
5.50504
5.09257
5.99159
4.79962
5.38773
5.13746
5.61325
4.58508
5.30573
5.16466
5.37213
5.7423
5.06885
5.34239
4.77841
5.17922
6.88793
5.4882
5.36068
5.27479
5.57429
6.04994
4.97426
5.05025
5.52585
6.01988
5.16598
5.66837
7.66749
6.0467
5.13775
6.86659
5.06406
5.42071
5.6961
6.40248
5.24838
6.26292
4.92519
5.89933
5.71951
4.98264
5.6328
6.56355
5.25109
4.77191
6.85463
5.76746
5.06313
5.28772
5.73884
5.93762
5.35332
5.7754
5.2875
6.33071
5.34981
4.96732
5.02531
5.09997
5.13085
6.37004
5.38722
5.44163
4.86597
6.17254
6.20699
5.7399
5.04338
5.8634
5.26145
5.46367
4.85806
6.05671
5.6179
4.96374
5.24072
5.99394
5.79909
5.67028
5.59425
6.14705
4.56158
5.45823
5.58905
5.60747
4.78997
4.79668
6.02751
5.6495
5.84103
5.61902
5.18341
6.04068
5.805
5.04338
5.49495
5.52726
5.01871
4.95873
5.33452
6.39434
4.84853
4.59277
6.78626
5.25318
4.93349
5.06789
4.91429
5.01455
6.14593
5.23788
5.5761
5.18175
5.18796
5.22276
4.74554
6.05129
5.30312
5.8816
4.84982
5.35382
5.55269
4.90911
4.54866
5.74359
5.03752
5.70307
5.1402
5.91378
5.49655
6.12748
5.21303
5.20237
7.26665
4.64797
5.06449
5.06789
4.94491
5.18834
5.28516
4.63558
5.00422
7.98099
6.69383
6.2026
6.29106
4.94326
4.38881
6.33791
5.62735
5.45116
6.79543
4.42954
5.09945
4.81559
4.46868
5.3636
5.79432
5.68606
6.68347
5.1045
5.5277
5.2778
4.67849
6.82825
5.52271
5.22474
5.57934
5.57446
4.93496
5.55301
6.20167
5.07932
5.99478
6.93363
6.09544
5.6113
5.38311
4.85963
4.98961
5.01089
5.11606
5.81299
5.99108
4.92768
4.78155
6.05726
6.66221
4.97198
5.40204
5.25637
5.72877
5.31196
5.21565
5.30743
6.97945
4.98102
5.47782
5.18197
4.47988
5.4907
5.07214
5.14377
4.82107
5.96123
5.18761
5.34477
5.20929
5.84965
7.04413
6.09751
5.52107
5.06514
5.72564
5.73079
5.51786
6.50062
5.52324
5.61172
5.43799
4.98603
5.98104
7.01191
4.8534
5.43203
6.6318
5.19222
5.4883
5.55987
4.99996
4.8066
4.64397
5.94307
4.67832
5.42838
6.70974
5.31189
5.16768
4.87841
5.55948
5.50386
5.40366
5.72342
6.1391
5.48733
5.25672
5.04753
5.33688
5.48335
5.21328
5.05549
4.94493
4.65791
5.64517
5.555
5.59731
6.24326
5.02919
5.35477
6.31934
4.36081
5.66151
5.28838
5.70561
5.04176
4.96714
5.40354
5.56109
5.84854
6.39037
5.67415
6.04868
5.22538
5.52506
5.13637
5.76592
6.32222
4.81703
5.45392
5.47387
5.67779
5.09737
8.92799
5.57475
5.8859
5.69257
5.65867
5.58164
4.79223
4.84
5.7435
5.58599
5.49328
5.63935
4.81892
5.26369
5.57811
5.31293
6.54407
5.71254
4.89088
5.07988
6.7753
5.52635
4.70618
7.08998
6.26985
5.24669
5.00895
5.43078
5.03998
5.49672
6.10497
5.05914
5.10153
5.69077
5.14391
5.44125
5.07272
5.72011
5.49131
5.27191
6.61057
5.80646
5.38932
6.99726
5.36014
5.18851
5.60183
5.23632
5.4807
5.67328
5.43456
5.33279
4.89716
6.04406
5.17102
5.77427
6.37588
5.433
8.01275
5.09083
6.42422
5.5122
5.87003
6.29211
5.74928
5.41686
5.75743
6.01922
5.43808
7.44831
5.16612
5.24986
5.26934
5.15416
6.37635
5.59342
5.92192
5.76946
5.01319
5.94354
5.1188
4.91476
5.12555
5.4881
5.64433
4.42416
6.223
4.80441
6.34372
5.70677
6.10556
5.13715
5.11215
5.5015
5.6206
6.60735
4.61566
5.25624
5.69505
4.85737
5.81717
5.51188
5.15499
4.84621
4.39584
5.35943
6.54284
5.33319
4.58779
6.12623
6.11422
4.99269
6.42032
5.31048
5.14398
5.9664
5.77493
5.28814
6.5152
6.23443
6.80876
6.09538
5.79397
5.39695
5.42192
5.02525
5.65418
4.57371
5.94056
6.76125
5.27646
5.7981
4.84945
7.00419
4.60993
5.06354
5.35084
5.08242
7.38042
7.60227
6.00552
5.81545
5.43772
5.51303
4.9517
5.21586
4.61085
5.60932
4.99986
7.92107
5.54711
5.15296
6.33862
4.6633
5.09715
6.76754
5.23035
4.87622
5.94099
4.55207
5.67833
4.86459
7.48095
5.07527
5.37102
5.0221
5.53449
5.28047
5.66566
5.46548
5.67808
6.67633
6.38772
4.90008
6.34446
6.16334
5.19833
5.85724
5.0576
4.47543
7.03778
5.173
5.87231
5.84266
5.73507
6.38496
6.91183
6.05905
5.93401
6.51853
5.41845
5.89028
5.1806
4.41302
5.56714
5.12259
4.63503
5.34066
4.96213
5.29347
5.35431
6.75873
5.85426
5.48963
5.53112
5.03642
5.17541
5.09287
5.42906
5.60635
4.81613
4.77855
5.45457
6.44146
6.53564
5.40922
5.17468
5.22694
4.61328
5.22122
6.922
4.90896
5.64147
4.87304
5.83892
5.28099
6.3405
5.35011
5.03997
6.24724
4.59825
5.96894
5.87036
5.01528
4.64078
4.92853
4.79068
5.26356
5.19032
5.67665
4.66264
5.8188
7.40691
5.75892
5.25026
6.47928
5.97361
5.61654
6.48486
4.56006
5.27785
5.0174
6.05831
5.8436
5.73999
6.20013
5.10474
4.98298
5.02652
7.00892
4.35878
5.69881
5.21905
6.14859
6.88909
5.97971
5.12463
6.04972
5.08573
5.30612
5.39479
6.63725
4.92293
5.2206
6.0283
4.44244
5.94982
5.34195
5.40428
6.5509
6.10799
5.33288
4.70396
5.99585
5.46949
6.14777
5.34927
6.37428
5.46337
4.64198
5.97483
5.23872
5.3577
5.61055
4.84389
4.47985
6.38038
4.97335
6.29273
6.14003
6.87136
5.95195
4.64515
5.18069
5.81717
5.51804
5.40656
4.71723
5.37122
5.77587
5.28777
4.95537
6.22503
5.43002
4.76373
5.00709
4.79367
6.16017
5.5064
5.11598
4.84707
5.31806
5.25785
6.7818
5.32398
5.43043
5.4596
6.23046
5.24504
5.38591
5.76488
5.94359
5.00108
4.84118
5.47239
4.29164
5.39801
5.79313
5.26467
6.39382
5.37636
4.4554
5.28958
5.50966
4.67179
5.84224
6.30485
4.96596
5.9691
6.77855
5.27822
5.20057
5.10653
5.65636
6.00316
4.94567
5.67776
4.72871
5.23066
5.54149
5.9203
5.55594
5.15935
6.30214
5.74425
4.83426
5.85863
5.83491
5.08904
5.46623
5.35401
5.66578
6.68617
5.51626
9.01937
5.06113
6.91665
4.74244
5.76224
4.78531
4.85799
4.91058
6.13917
5.11832
5.05573
5.54863
5.4266
4.78508
4.609
4.71223
5.73649
4.94758
4.63395
5.24087
4.74998
5.06272
5.26427
6.75492
5.57904
5.02543
5.43105
4.85765
5.46928
5.76347
5.71589
5.22626
5.98809
4.88291
5.65503
5.20576
5.78695
8.46881
5.76019
5.2447
5.07679
4.90996
4.77508
5.13733
6.12858
4.9208
5.15525
5.18329
4.82338
5.09107
4.90451
5.02776
5.08376
5.80108
5.00966
4.91008
5.07327
6.21134
5.45281
5.097
5.30038
5.49179
5.70202
5.68577
5.08242
4.96495
5.0219
4.76799
5.30108
4.48907
5.33907
6.8426
5.31481
5.78743
5.97142
4.92762
5.78866
5.63489
5.2214
6.62393
5.64763
5.48135
4.84057
4.95026
4.87753
5.63714
6.83836
5.47813
4.4418
4.70857
4.47045
5.75936
5.77409
5.56461
6.11981
5.74697
5.20728
5.19408
5.71071
5.58566
5.10478
5.82028
5.2358
5.80589
5.26307
6.10414
4.78396
5.53477
4.3107
6.84801
4.57227
4.74422
7.30613
6.42978
5.04778
5.35286
5.23994
6.18041
5.05679
5.24558
5.39629
5.06327
6.19121
5.04501
5.1643
4.98951
5.10478
5.82147
5.58116
4.86001
4.93097
4.77345
5.32431
5.72996
5.35139
6.1871
5.93028
4.5587
6.26356
4.5205
5.92191
5.93347
5.81805
6.02024
6.30458
4.40667
5.56627
6.04862
4.76499
5.36018
5.0645
5.15928
6.5301
7.37308
5.65737
5.03945
5.27832
5.0304
5.88443
5.80804
6.37427
6.26824
6.13278
5.17223
5.59028
4.93098
5.32534
5.87183
5.71713
4.95752
4.90392
5.98849
4.67967
5.56173
5.81912
4.83363
4.67775
5.2021
5.25722
5.21351
4.88665
5.72236
5.4879
4.63833
4.74875
5.43805
4.21505
6.2444
6.86657
5.15613
5.13631
5.64565
5.24971
5.06687
4.95656
5.05741
4.66154
6.98928
5.46117
5.16774
6.68466
5.32477
5.54224
5.0557
4.6634
5.18864
5.09071
5.49296
5.98723
5.07439
5.73939
5.2239
5.42879
5.82508
6.57387
5.52702
5.50436
5.63086
5.16415
6.2571
5.26693
4.49411
5.10516
4.6214
4.92749
5.18984
4.78962
5.87137
6.42693
4.70899
6.02197
5.03559
6.12756
5.12557
5.56639
4.86025
4.34983
5.49988
6.62993
5.77337
5.52724
6.05531
4.78112
7.34545
6.38153
4.8072
6.26241
6.04672
5.02772
6.46432
5.64547
4.7443
5.83548
5.20958
5.3198
7.21346
6.07207
5.51757
4.51218
5.0563
4.89106
5.83548
4.90506
5.56971
5.27448
6.88287
5.59693
6.19715
7.16426
5.82969
5.35072
5.81737
5.54093
5.22134
5.42146
5.23015
5.01503
5.67895
5.88432
5.87395
5.33488
5.19601
6.30598
4.76847
6.88706
4.58246
5.09506
6.08571
6.05262
4.96517
5.79014
4.69918
4.58313
6.93747
5.62923
6.18632
5.1327
5.45311
5.62563
5.85387
5.69414
4.9553
5.80849
4.78664
6.11798
5.6426
5.46138
6.08612
5.92994
4.77981
5.06343
5.00466
5.82492
5.77265
5.81043
5.79418
4.57068
5.86366
4.77453
6.07409
4.98433
5.62646
6.23259
5.20871
5.61284
5.2761
5.76149
5.72814
5.27886
5.2497
4.69072
5.68431
4.93337
5.095
4.69843
5.48934
7.3212
5.70755
6.47257
5.82216
5.01873
5.4836
4.97945
5.8978
4.72523
5.27869
5.84215
5.43086
6.08098
5.57769
4.66854
7.38852
4.91469
5.13037
5.38223
5.3577
5.76692
4.78284
5.15723
6.06717
5.27679
5.6511
5.03073
6.21868
4.97964
5.63883
5.51473
4.95198
5.24129
6.15947
6.02871
5.94958
4.86463
6.12715
5.22039
6.28402
4.98935
5.69039
6.3234
5.20423
4.82285
5.21034
6.23655
6.02326
4.4677
5.47897
5.10393
4.79073
6.39231
4.61717
5.4291
6.25283
5.20182
5.48242
6.30667
4.82434
7.37417
4.25795
8.23057
7.63603
5.35514
5.32343
5.14482
4.88703
5.84175
5.54365
6.20465
6.16588
4.53149
6.0604
5.34717
4.66793
6.49564
5.17647
5.61125
5.61308
5.36399
5.55657
6.68321
5.66227
4.78562
4.83019
5.89446
5.08999
4.94158
4.57024
5.2675
4.68927
5.4114
5.51461
4.96491
4.8742
6.25219
4.78111
5.09952
5.47727
8.7304
5.36207
6.63189
5.883
6.60788
5.46544
5.40297
7.37998
6.80753
5.47187
6.22553
4.99814
6.19124
5.88837
5.43805
5.95346
5.27431
5.90107
5.33639
5.3469
5.1274
5.10906
4.7217
5.90459
5.49485
5.12597
6.92301
5.17933
5.29758
5.48663
5.02596
4.72112
5.37417
5.30831
5.50926
5.46152
4.72918
5.68557
5.25398
5.5138
4.84627
5.10058
5.08116
4.88168
5.70101
5.84052
4.84654
5.91104
5.33206
5.08085
4.9235
5.23498
5.54051
5.52542
5.36947
5.85471
5.43794
5.3807
6.75169
4.90029
5.95398
7.18883
5.38431
4.81884
5.24548
5.72969
7.33934
6.12758
5.39932
4.99424
5.30763
5.67479
6.08844
5.68818
5.46492
5.71587
5.0238
5.20397
5.20573
4.77403
5.43007
5.24036
5.71227
5.02654
5.54169
4.97531
4.90572
5.31892
4.90148
5.40952
6.22721
5.0781
5.68415
5.89451
4.99856
5.82167
5.25635
5.23633
5.47844
7.52133
5.55426
4.9003
6.59576
4.84099
5.39189
5.49081
5.13034
5.56755
5.0267
5.39433
5.18132
4.81138
6.40431
4.88538
5.04675
6.06653
6.50021
5.93985
5.87565
5.74719
5.33728
5.00351
5.72182
5.10973
5.5286
5.40651
4.73279
5.08542
4.93443
5.74167
5.34685
5.81477
5.91366
4.79888
5.12527
4.79223
4.89106
7.69405
6.01498
5.07417
5.32577
5.85003
5.32666
5.06949
5.41439
5.16711
5.98412
4.82331
6.45377
6.92628
5.65237
5.88859
5.42261
5.52898
5.47704
5.11036
6.73445
5.10843
5.32939
5.65931
5.89728
5.58303
5.24186
5.5784
4.87404
5.12443
6.25192
5.6757
6.37463
4.88649
5.65826
4.40968
6.21044
6.03789
5.70425
5.17232
4.80164
5.26145
5.18419
5.75062
4.78695
4.79709
5.63506
6.38199
6.09155
4.82976
7.04564
6.49952
5.53396
6.04536
5.86499
5.06825
5.01855
5.72024
5.9995
4.69931
5.007
5.54948
5.5071
5.44637
4.93987
6.44764
5.98133
5.28269
5.3117
5.08487
5.32405
6.12101
4.87016
5.0873
6.25527
5.7017
5.22643
4.97532
6.50194
5.67852
6.86121
5.44003
5.76075
4.99738
5.17498
6.46392
4.85794
5.92526
5.97357
5.40805
5.54732
5.34605
6.25744
4.77543
4.8374
5.72177
4.88145
5.59546
5.07599
5.14236
5.78063
6.18598
4.68563
5.22955
7.15102
7.09081
5.75859
5.92221
5.37614
5.73614
5.95851
6.32663
5.48032
4.83566
5.06693
5.62057
4.82312
5.51482
4.65996
5.23319
5.34687
4.7231
6.03351
5.40295
5.67525
5.72193
5.42171
5.11043
6.16035
5.80898
5.75092
5.35976
6.86481
5.60452
4.98958
4.86126
5.50057
5.20833
5.5242
5.70457
5.40786
5.14723
5.58494
5.00114
4.91991
5.26837
5.06418
4.41641
5.05736
5.08452
5.09785
5.93796
5.17139
5.18328
5.03957
5.59104
5.53601
5.94231
6.14883
4.68399
5.22531
5.51779
5.01464
5.45478
5.52166
5.52833
6.28708
6.21033
6.57918
5.24196
4.60264
5.37583
6.02135
5.46025
4.8017
5.44449
6.51481
5.26542
5.36457
5.19519
5.84362
5.19378
5.84715
4.64469
4.8413
5.60406
6.11953
5.23105
4.744
5.34404
6.14346
5.66382
6.86174
5.70652
6.91219
4.40191
5.73871
5.89587
4.70474
6.14862
6.69087
5.65201
5.57277
6.04867
4.77528
5.63953
5.12098
4.14448
4.84768
5.84313
4.53925
5.52617
4.78415
6.0633
4.71492
5.5792
6.49057
5.69669
5.44241
4.60978
5.64162
5.73173
5.43482
5.63217
6.00566
5.74221
5.4419
5.24299
7.44626
5.7982
5.51008
5.135
5.77087
6.193
4.78142
5.46851
5.41437
5.28131
5.57878
5.19082
5.84475
4.51102
6.87082
5.611
5.73618
4.67352
5.26039
6.52505
4.7129
5.26251
4.76632
5.54988
5.34922
5.80284
5.57749
5.00214
5.11328
5.57908
5.63638
4.50904
5.55109
5.30687
5.38824
5.082
5.25113
5.88154
5.59739
4.88658
5.37512
5.83155
4.83136
5.67966
5.86874
4.76751
5.70505
4.3433
5.24894
5.89852
5.92719
5.89965
5.89876
4.90242
5.88755
5.68816
4.78566
5.26631
5.08866
7.88361
5.88636
5.33485
6.31439
6.04283
4.51975
4.90331
4.65557
5.05379
5.08986
5.18197
5.90704
5.43724
4.77229
5.97411
4.20183
5.53083
5.0145
5.39166
5.13845
5.00629
5.4478
5.3012
5.60975
5.26101
5.29904
5.12747
5.85725
5.03152
6.80887
5.99115
6.22476
6.65009
4.92801
5.28927
6.40972
7.61495
5.52282
7.11635
6.13209
5.66898
6.11639
4.91022
6.66726
7.96318
6.06074
4.98451
5.32263
5.51376
5.35877
5.56976
6.56055
4.99248
5.27221
5.8875
5.4911
5.82682
5.19863
6.0275
7.30924
5.50308
5.36376
5.90382
5.91442
5.16243
6.83741
4.93283
5.2145
5.52235
6.61469
5.52041
5.3003
5.24156
5.75692
6.76514
5.00617
5.49966
4.93026
4.81237
5.57747
4.33401
5.89021
5.0914
5.30589
6.20131
4.90689
5.63176
5.5335
4.63203
5.42701
4.81173
5.14315
6.05723
5.13364
6.06466
6.3329
4.60284
6.06488
5.70601
5.19358
5.37915
4.99185
6.37572
5.5718
5.3252
4.5107
4.99079
5.1235
5.09448
5.62225
5.08209
5.81585
5.11357
4.84388
5.09491
5.78184
4.94127
5.25799
5.37402
4.53893
5.19234
5.41157
6.11452
6.50821
5.45432
5.14364
4.76681
5.16871
6.00301
6.02866
5.05863
6.38798
6.44244
5.12899
5.07368
5.07606
6.1653
6.55512
5.2968
6.19268
4.48651
6.67346
4.87452
5.2253
6.46057
5.16475
5.41582
5.52083
6.07676
5.34489
8.17496
4.98464
4.6581
5.67438
6.36252
6.05549
5.32132
6.05038
6.18168
8.46291
5.23282
5.9805
5.65934
6.87026
5.81587
4.43092
5.90789
6.69421
5.75682
4.51519
4.67976
5.13263
5.54309
6.05217
5.5862
5.23141
5.05536
6.02935
5.48827
5.77107
5.10926
5.20048
6.45305
6.23107
5.98826
4.83759
7.18706
6.1093
5.44004
4.94192
5.86253
5.70083
5.53333
5.79505
5.16224
4.78582
5.08505
5.28765
6.11067
5.17212
5.73515
5.62769
6.26075
5.60878
6.28668
4.99156
5.46992
5.61227
6.78916
5.33245
5.23217
5.3443
6.55014
5.30183
5.76259
6.2003
4.45959
7.06782
5.3975
6.73355
5.53091
5.31829
5.47535
6.25977
4.92335
5.1706
6.05188
5.69137
5.14128
6.84912
5.02738
5.01702
5.31138
5.39127
5.47229
5.49197
7.13957
5.3764
6.16827
5.89575
6.31763
6.527
5.58953
4.53854
4.8574
5.29729
5.40948
5.19157
5.63851
5.23186
4.83334
7.03657
5.28088
4.94672
5.26346
6.61726
4.21375
5.66147
7.17571
6.63455
5.27021
5.35559
5.06375
6.04674
5.18084
5.08395
5.91172
5.77493
4.97392
4.82767
4.73026
4.96041
5.818
5.42421
6.80885
4.66409
5.62702
5.8901
5.55246
6.16842
5.51602
5.00871
5.3383
4.37912
5.3919
5.96163
6.06904
6.19264
5.15213
6.11652
5.0366
4.90574
4.98939
5.30406
6.18209
4.73198
5.27007
5.25385
5.72192
5.38062
7.11756
4.60976
5.25533
4.93593
6.41293
5.11142
5.99348
5.9475
5.19471
5.40817
4.82734
6.6244
5.45869
5.39964
6.51054
4.73761
7.65605
5.46755
4.36618
4.84398
5.90899
5.34069
6.15515
5.53422
5.69485
4.81484
4.52475
4.95677
5.90063
4.86269
6.23565
4.91355
6.16719
5.41171
5.60169
4.8422
6.62754
4.68404
5.12843
4.22036
5.34984
5.98175
5.25472
6.59541
6.33319
5.45909
6.16318
5.15029
5.34545
5.73123
6.41703
4.25451
6.41076
5.58581
6.72433
5.90579
6.53359
5.79351
5.18088
4.66599
4.52879
6.22516
6.83798
5.18397
5.90612
7.24909
5.35534
4.69438
4.54873
6.05556
5.24952
7.40014
4.613
5.71633
6.36615
4.84597
5.36625
4.40114
4.65827
4.86807
5.61249
6.11132
5.00383
5.45944
5.95916
5.48532
4.94665
5.33896
4.51432
4.98534
5.40356
5.12068
5.36625
4.93223
4.55049
6.12757
5.80664
6.46445
6.22163
5.11802
6.12766
6.3448
5.51795
4.76772
5.99314
5.55176
5.35164
6.27385
4.9116
5.55238
5.50238
5.75384
5.20807
5.18786
4.98798
5.50399
5.13534
6.05721
4.93046
5.42559
6.03886
5.60928
5.49377
5.98156
4.37053
4.9434
5.17712
4.71021
5.06444
5.68084
7.18603
5.91893
5.65213
4.70607
4.27328
6.02373
4.06799
5.77702
4.93212
5.76443
5.88321
5.45713
5.66741
5.19827
5.4827
4.81707
4.9988
5.57849
5.92695
5.16093
5.72764
6.15803
4.7113
4.49573
5.57511
6.45693
5.80085
6.77936
4.98446
5.39671
5.28519
5.82369
6.011
5.44129
5.12476
4.8039
6.13169
4.94174
4.44187
6.12195
5.65345
4.69289
4.86271
5.9789
5.72275
4.94471
4.95486
6.72706
5.19808
5.52879
5.024
4.93336
4.96015
4.89495
5.42131
6.51628
7.33629
5.29775
4.71779
5.81333
6.48939
5.29022
5.85903
5.18275
4.88879
6.53656
4.69602
5.37393
5.89243
4.87727
5.267
7.84586
5.7725
4.51308
6.44439
5.83905
5.40123
6.29687
6.47497
5.15675
5.27095
4.96279
4.89649
5.37985
5.50066
5.27683
6.23266
6.09378
6.3484
5.08865
6.09099
5.60011
6.11442
5.09729
6.07158
4.77695
5.20676
5.35567
5.15549
5.96556
5.87933
5.3096
5.39197
4.74457
5.6172
4.57111
4.86132
5.25694
5.5125
5.39572
8.17242
4.65657
5.2794
6.32966
5.39291
4.95747
5.91793
5.84702
5.12332
6.30748
5.79251
4.82355
7.32077
6.16404
5.51804
6.93664
5.12794
5.04644
5.08395
5.75703
4.99345
5.23236
5.472
6.60902
4.67392
5.92989
5.16744
5.05563
4.75095
6.11234
5.74707
7.39793
4.60971
5.15634
6.26715
5.34632
6.01938
5.73285
4.96855
4.74523
5.19867
5.17681
4.83633
6.76048
5.7773
6.59446
4.82406
5.14702
5.24429
5.14715
5.04592
4.66444
5.31177
5.7659
4.95871
5.33802
4.85314
5.11937
5.1272
6.92047
6.13456
4.76718
5.41359
5.2714
5.30329
5.60905
6.37099
4.82617
6.32305
5.35203
5.06125
4.84862
5.41637
5.28606
4.28408
6.51373
4.98911
5.98441
4.85949
5.19973
6.23754
4.79255
5.44819
5.75949
4.87454
6.18507
4.78562
5.78328
6.6024
5.18419
5.40571
5.12706
5.25682
6.01277
5.68762
5.72391
5.48689
5.33336
5.74295
5.05888
4.74295
4.65342
6.64755
5.50801
4.65438
5.43363
5.57485
6.25235
5.17175
5.72925
5.88359
5.50573
5.10393
5.90039
5.08832
6.54406
4.79654
5.66855
4.97522
6.83473
5.52209
4.81761
6.80776
6.03636
5.59124
6.40603
5.60738
5.60672
5.10695
6.1338
7.06891
6.1336
6.23259
4.98434
4.52081
5.80804
5.09131
5.50391
5.76629
5.23979
5.7559
6.05766
5.72509
5.45324
4.73287
5.46545
5.79069
6.40856
4.80694
7.39989
5.75745
5.66701
6.18433
4.73311
6.33417
5.10872
5.49759
5.83869
6.39277
6.19683
5.07846
4.71218
5.07679
5.22148
6.18929
5.50086
6.71811
4.36258
5.38658
5.4479
6.41511
4.63663
6.8865
4.91755
5.43007
5.67536
5.54984
5.61926
5.66382
7.29392
5.04268
5.26795
6.6559
5.01935
5.18508
5.02288
5.98955
5.55526
6.61331
5.78717
6.53983
5.3221
4.43708
4.75339
5.28717
4.76745
4.90905
5.94877
5.0563
6.62345
5.58139
5.00459
6.67119
4.89371
4.93114
6.12623
5.28936
5.74609
5.99645
5.29726
6.54104
5.21784
5.43511
5.67679
5.62005
6.08448
5.3335
5.27959
6.73549
5.6841
5.28626
5.46658
5.03039
6.66687
5.65001
5.8439
4.86941
4.94015
4.90528
4.71175
6.64062
5.29381
5.98881
6.28023
4.92935
5.3018
5.4858
5.12889
5.40007
6.78268
5.58761
5.9605
6.83917
5.61631
5.99323
5.85086
5.60199
5.88536
5.67007
4.88303
4.73421
4.57928
5.64721
5.71066
6.26496
5.70806
5.10295
5.93987
5.71286
5.24034
6.43867
5.11315
5.3689
7.53811
5.57082
5.86401
5.39253
9.78608
5.63379
4.75723
5.91904
5.91242
5.03427
5.54776
8.345
5.35727
5.49924
4.91934
4.87027
5.50686
5.34068
6.01441
7.09973
4.89453
5.38437
5.37935
4.42875
5.03489
5.92491
6.45495
5.86169
5.02298
5.10173
5.34966
5.32908
6.20719
4.89907
5.1735
6.22389
5.37068
5.07516
5.64311
5.48145
5.35047
6.38693
4.96872
4.44407
6.15585
4.83596
4.85612
6.57319
5.63085
6.65441
4.78782
5.39318
7.62997
5.03316
5.29258
5.10871
6.9236
6.24615
5.74753
4.70467
5.5861
5.46857
4.81571
6.06246
5.73063
4.9196
5.67999
5.47981
5.15795
4.77059
5.80872
6.12022
7.24988
5.56746
6.25656
4.84986
5.02463
5.63859
5.07623
5.80891
5.08554
4.66982
5.86264
5.9216
5.18895
6.19876
5.44421
6.47959
5.4541
5.23936
5.01745
5.15703
5.89461
6.05415
4.91454
5.40292
4.99643
6.23741
5.07989
5.60837
5.81914
4.96858
6.47797
7.13829
4.83732
5.13572
6.50471
4.56967
4.9991
5.82654
5.20045
5.39295
5.93586
5.97755
6.0723
4.7594
5.7168
5.86919
4.86378
5.55974
5.38253
5.61933
4.94124
5.1854
5.01142
5.48043
5.02575
6.50149
5.93379
5.15235
5.43188
5.35728
5.3661
5.61655
6.06692
4.9754
5.95808
6.07678
4.89763
5.80329
5.99539
5.3889
4.84499
5.34537
4.98515
4.59891
5.58724
4.73562
6.27359
5.38722
7.08773
5.45426
5.37553
5.15419
5.76083
4.8766
6.18003
5.08921
6.19691
4.9165
4.89546
5.25098
5.37272
6.58568
7.11265
6.61862
5.84832
4.81351
5.59358
5.84776
4.90324
5.25641
4.99916
6.42185
5.07808
5.91201
5.30141
5.82627
6.44382
6.14259
4.64337
4.96431
5.5468
5.64283
5.50803
5.68205
5.28563
6.53374
5.21331
5.24187
4.37901
5.6608
5.73431
4.82294
5.65401
6.03858
5.27812
5.3749
5.87848
6.40633
5.0722
5.66901
5.94926
5.13442
5.35152
4.65126
5.16585
6.23619
4.89304
6.12036
6.62521
6.75974
4.99356
4.64839
4.96105
6.37493
6.95305
4.91716
4.93067
4.40954
4.69887
5.81564
5.09487
5.53717
5.5818
4.92993
5.64017
4.78882
4.80989
5.39624
4.62095
5.74035
5.06803
4.77545
4.95203
6.13271
4.59838
5.52138
6.07697
5.8234
6.55557
5.77096
6.37003
4.99984
5.18296
5.85218
5.05687
5.92964
4.5627
4.99666
6.05355
5.61992
6.43926
5.6128
4.98577
6.68352
4.83328
5.14172
5.10546
4.49384
5.04829
5.06139
5.44995
6.03983
5.74062
7.12844
5.02373
5.25098
6.13128
5.13268
5.35995
5.40204
5.23602
5.54909
5.51731
5.38109
5.46965
5.82744
5.65132
5.59373
5.30827
7.82942
5.47828
4.9416
5.5735
7.16484
5.5114
4.79207
5.26132
5.50295
5.79038
4.42497
5.50618
6.61349
4.60633
5.20236
5.35193
5.10274
5.18245
5.74283
7.18915
6.12249
5.94715
6.06689
5.46793
5.47912
5.23549
5.16193
5.88496
4.73768
5.2966
5.4796
5.6567
6.92228
6.08786
5.00338
5.14573
6.15231
5.1309
5.1365
5.86622
5.21331
5.81084
5.52887
6.15544
5.9503
6.28947
5.13345
6.16634
4.49504
4.84853
5.33643
4.78018
5.01013
6.25477
5.58654
4.09361
4.88819
5.62871
5.47032
5.01635
6.60471
5.06592
5.63257
6.24367
4.96288
5.20457
4.80178
5.12439
6.43137
5.98382
5.03688
5.06249
5.91791
5.14441
4.5891
6.14392
5.24476
5.72594
5.62629
5.65012
7.31758
6.10966
5.35227
5.88331
7.17367
5.11586
4.73099
4.968
5.38021
5.23866
5.01442
5.51525
5.52753
7.00459
6.15889
5.47442
5.95533
4.94058
5.7206
5.51409
4.87558
4.93764
5.36933
4.25489
6.65988
6.55538
4.72105
5.16195
5.19556
6.12862
5.44412
4.67356
5.2206
5.41344
5.98039
5.22276
5.3379
5.10971
5.65486
5.32431
6.22415
4.75656
6.48928
4.5075
6.08181
4.67776
5.11757
5.64325
6.16679
5.13443
5.78387
5.61208
5.6421
5.80569
5.24412
6.3603
5.64997
5.37549
5.07457
7.05144
6.79738
5.00055
5.16783
5.93198
6.05537
5.78059
6.41275
5.51245
5.05198
5.16455
5.51021
4.96195
5.45576
5.06602
5.64381
5.67139
6.16041
5.84542
5.02073
4.6388
5.19444
5.7137
5.48167
4.90948
4.80752
5.81521
5.938
5.32303
5.37424
5.54814
5.62354
4.84936
5.86426
4.76353
5.55062
6.1942
5.31143
4.78563
5.75484
5.16952
6.20561
4.89447
5.03413
5.15644
5.68987
5.96504
5.11311
5.90086
5.68112
6.63917
4.99974
4.85064
5.70748
5.81942
4.6035
5.15225
5.39938
5.26065
5.38483
4.95836
6.10242
4.76477
5.12072
5.99595
5.33407
5.45959
5.0993
5.33801
6.19167
6.488
5.78128
4.5935
5.73186
6.4418
5.65346
5.17562
6.69002
5.73634
5.11154
5.30947
5.78031
6.52288
5.15181
5.8078
4.9152
5.57023
5.53392
5.64844
6.07501
5.27274
4.64348
5.87875
5.48324
5.09763
5.20617
5.75418
5.33674
5.43638
5.04306
5.57771
4.8249
5.28701
5.81883
4.92111
4.703
6.70625
5.66373
5.11207
5.50742
5.99714
4.99549
5.20437
4.60887
6.49411
5.37343
5.31683
5.40838
5.47996
5.54916
5.65017
6.18665
4.43805
5.84579
5.14145
4.80512
5.97338
4.96855
5.62594
5.20242
5.864
4.44842
5.10272
5.82263
5.86846
6.93619
6.53716
5.04319
4.9058
6.09659
5.44381
7.265
5.24733
5.88927
4.8442
4.96725
5.57497
5.42703
4.84766
5.5755
6.04064
5.01792
5.03616
5.64526
5.05559
5.80993
6.06387
5.51524
5.9535
6.35744
5.4266
6.39216
6.79176
5.52738
5.28139
5.68145
6.0076
5.19836
5.20911
7.32276
6.36368
4.78793
5.29207
6.38239
5.17524
4.76984
7.09451
4.42219
6.73656
5.63865
5.13148
5.35902
4.69235
5.10749
5.6243
5.20647
4.53037
6.94799
5.7754
5.47381
6.42754
5.99591
5.15266
5.41616
5.92666
6.1679
5.71431
5.18681
5.14198
5.61599
5.09439
5.90341
5.54923
4.87506
4.89844
5.50477
5.17047
6.65669
5.25409
4.94081
5.5931
6.06301
5.13243
5.68872
5.27605
6.16565
5.66504
4.88343
4.5184
5.65508
6.40976
5.52737
6.67466
4.9236
6.09827
5.20609
5.40712
4.94351
6.65021
5.66308
5.33895
5.82572
5.78848
5.10032
5.64827
5.25442
5.15465
5.20419
6.30222
5.60482
4.88652
5.64001
5.98391
4.98341
5.0762
5.3365
5.43288
6.11762
5.0466
5.44697
5.55823
4.92676
5.85692
4.4954
5.33271
5.87903
6.15592
5.448
5.64347
5.27301
4.88686
5.21568
5.38501
5.44711
5.7299
5.45646
5.48249
5.30491
5.13529
5.98449
5.09941
5.55753
4.73322
5.02834
5.85344
5.3519
5.43939
6.70155
5.36851
5.14206
5.62697
5.02862
6.00812
4.99244
4.94834
5.52443
4.8302
5.33033
5.54971
4.77433
5.28871
5.37658
6.05446
4.8739
5.75905
5.79516
5.50083
4.68617
4.76318
4.90155
5.87206
5.9189
5.4889
5.21643
4.63733
5.42345
5.78611
6.03378
5.39686
6.61664
6.11986
5.36768
4.98087
5.19803
5.96409
6.1579
4.92014
5.48147
5.45859
4.90519
4.95587
5.35789
6.38155
5.38541
4.71117
4.89605
7.68722
5.41609
6.71834
5.25
5.15083
5.16175
5.98781
6.05174
4.71688
6.15117
5.01204
5.50392
6.7401
5.8561
5.22032
5.91849
5.56524
4.56617
5.57439
5.70892
5.26161
5.41403
5.31745
4.57992
4.68438
5.15542
5.79979
6.56233
5.55339
5.40131
5.65707
9.0168
4.66457
5.62485
5.8754
4.59226
5.37119
6.29512
5.29112
5.32825
4.68627
5.60756
6.50142
4.97702
5.72155
5.93718
4.86629
4.52204
4.56542
5.38239
6.64982
5.74459
4.67231
5.36956
4.66703
5.85824
5.94137
7.12971
4.5567
5.68861
5.2292
4.82376
5.47552
5.6725
5.66172
5.32427
4.68874
6.18702
5.0058
4.90405
5.16823
5.3741
5.50223
5.50358
4.76624
5.07029
5.52598
5.4346
5.0122
5.9164
4.99835
4.92979
5.14935
5.81368
5.95917
5.63964
4.9881
5.22213
5.07161
5.37992
6.48891
5.32197
5.28091
5.48409
5.05578
5.21661
4.04169
5.17477
4.7667
5.59365
4.99932
5.32502
5.30896
6.24321
7.10146
6.21272
6.07086
5.20164
4.98303
6.4102
5.73165
4.9438
5.50181
5.52454
5.01463
4.85812
6.14803
5.39137
5.01121
5.28563
5.53785
5.29081
5.21127
5.57024
5.33295
5.24782
5.26249
6.09747
4.52247
5.4795
5.42073
6.1504
5.76099
5.94323
6.61997
4.93044
5.40437
5.51205
5.75058
5.4158
4.28995
6.08947
4.89037
6.67498
4.51913
5.28425
5.26272
5.09147
4.96292
5.31016
5.42168
5.35668
4.35953
5.43167
5.10295
5.67215
5.31423
6.03133
5.84059
4.71181
6.03365
5.31102
5.76612
7.93246
5.07642
5.23565
6.48004
5.68704
6.31207
5.13915
5.14513
5.33115
5.38064
5.93529
5.10787
5.32416
5.05561
6.18272
6.66527
5.57585
6.42249
5.79829
4.75276
5.93295
6.37144
5.02243
4.63404
5.91625
5.0754
5.61546
5.31885
4.9404
5.5738
5.2482
5.87728
5.82915
5.44483
5.63806
5.02686
5.05718
5.74514
5.09294
6.086
6.11069
4.70414
6.0747
5.62761
5.33392
5.41039
5.18561
6.51792
7.07216
5.14277
5.71025
5.77219
5.61805
5.27099
5.16056
5.03868
5.76124
6.09601
8.10423
4.87133
5.20103
4.95998
5.63157
6.35786
5.03136
5.83925
5.53325
6.40129
6.29482
5.29214
6.06526
6.21123
4.61665
5.73575
5.74573
5.23587
4.85279
5.52495
5.2755
5.88542
5.15333
5.43227
6.18519
5.53649
5.81507
5.49561
6.62135
5.22117
5.08823
4.98316
6.55623
4.88372
5.55292
5.54744
5.58318
5.17468
5.5462
6.34353
5.77239
4.92651
4.85014
5.13691
5.13768
6.13199
4.84958
4.82982
5.83476
4.28027
5.3093
5.45684
7.15123
6.30649
5.20228
5.8724
5.74763
5.8806
5.0907
5.11814
5.50155
5.17306
5.91059
7.37205
5.90345
4.75851
5.90497
5.72829
5.1836
5.79647
7.41419
6.10161
5.94513
8.57288
4.76923
5.20823
5.58017
4.77511
5.95176
4.81238
5.62373
5.29122
5.20349
5.17148
5.22071
4.45649
4.82521
5.7413
5.11541
6.12008
5.34507
4.99374
5.61452
5.64446
4.65839
5.77575
6.39879
6.12353
4.97347
6.61552
5.07471
5.35046
5.03892
5.67093
5.86417
4.9708
4.68565
6.15978
5.10501
5.77218
5.53717
5.36071
7.04974
6.26119
5.73054
4.78551
5.54635
5.2193
5.55863
5.39546
5.95842
5.12249
6.13809
4.78848
5.40814
6.15487
5.92712
6.03871
6.06499
5.61567
4.91154
6.42879
4.98177
6.08641
5.14644
6.50335
5.80657
5.89862
5.02796
5.36188
5.56855
4.73941
5.40878
5.6136
5.07528
5.84867
6.43121
5.52165
5.63482
4.98614
6.0369
5.88868
5.84436
6.20475
5.15253
6.16152
5.97744
4.77932
5.31802
4.41756
6.60239
6.69436
5.38711
6.95794
5.29103
5.58293
7.20932
5.25686
5.13126
5.25498
6.19927
5.7452
4.91645
5.25206
5.34957
5.42871
5.18573
4.96174
6.11531
6.2993
6.7396
6.17229
5.00147
5.25388
7.00865
4.4079
5.76699
5.47172
5.85656
5.49236
4.92258
4.95896
5.93067
5.59326
6.23737
5.49788
4.87739
5.29019
5.70423
5.35759
4.20583
5.80745
4.78684
5.30696
5.66197
5.21629
4.55315
6.28698
4.69345
5.17457
5.48639
5.41321
5.51914
8.18795
5.55235
4.86692
6.75932
6.31319
6.10622
6.19536
6.70462
5.66675
5.82493
5.79185
5.12091
5.2408
4.59695
4.46848
6.07764
4.94343
5.5209
5.43198
5.36913
6.96163
6.17002
5.51548
7.26405
5.70837
5.78128
5.58385
6.3081
4.93238
5.08987
6.02968
6.81691
5.65697
5.13646
5.26407
5.13723
8.36487
5.05825
5.11502
5.61548
5.6184
4.83858
5.09958
5.21984
5.87064
6.30423
5.28752
4.66024
5.35969
5.7352
4.96121
5.52737
5.58245
4.87871
4.84797
4.96428
5.05845
5.06327
5.06447
5.78528
5.36251
7.40983
5.1819
5.59193
5.53956
5.5627
5.10944
6.13598
5.73462
5.62041
7.52075
5.05975
5.23309
5.84866
6.41901
6.06533
5.50177
5.21315
5.73304
5.41592
7.52828
4.48339
5.43523
4.66846
5.99867
6.03563
4.84823
4.91804
5.38746
5.42337
6.68714
5.65293
4.81206
5.83691
5.79744
5.47837
4.64308
4.73392
5.85024
5.95173
6.01477
5.18857
5.54779
5.63164
5.93672
5.19702
5.65226
4.84912
5.77367
5.06282
4.98189
4.58052
5.75652
6.09319
5.01172
4.73768
6.0157
5.12053
4.78917
4.90989
4.94063
5.09704
4.89589
5.40973
6.01109
5.72197
5.1379
4.75255
5.05028
5.10071
6.71185
5.83509
6.0887
5.50633
5.6757
5.47501
4.79642
6.94021
5.14085
5.60743
4.43529
5.5319
5.95092
4.72651
4.98904
6.67895
5.94027
4.40532
6.03196
5.19645
5.82355
5.88146
7.28638
6.68543
5.36393
5.22747
5.34912
4.96891
4.81095
5.57646
5.15322
4.90422
4.69446
5.11788
5.61585
5.81522
5.0692
4.54813
7.50941
5.24619
6.79788
4.44408
6.53784
6.4824
5.21116
5.42589
4.99897
5.28833
5.90589
4.93672
5.78945
5.34692
5.66979
5.01983
6.05604
5.04155
6.80127
5.24304
5.05756
6.1505
5.10975
6.43964
5.44226
5.50729
4.30073
5.08884
5.95837
4.79433
5.67325
6.24796
6.60343
5.19898
4.69466
4.9687
5.34699
6.88078
5.37352
5.81131
6.26936
5.37078
5.56584
5.06643
4.85455
6.01696
4.76467
5.545
6.24231
5.53842
4.96227
5.52962
5.44859
5.56355
5.34777
5.59996
5.11868
5.97186
5.5737
5.99202
5.35724
5.61856
6.14467
5.63961
5.69056
5.27004
6.21949
4.88011
6.03761
6.04434
6.23129
5.21101
5.04975
5.2732
4.8063
5.8315
6.09067
6.0884
5.41923
6.35859
6.52628
6.97636
4.73057
4.57199
4.65399
6.82029
5.98162
5.57615
5.31023
5.07704
5.35463
4.93808
5.05739
5.58196
5.52271
5.32967
4.60987
5.95977
5.6301
5.96856
5.03467
6.83158
5.91966
5.22898
5.87002
6.09973
6.31338
4.82199
5.38392
5.8716
6.32484
4.99411
6.79445
4.78793
4.19886
5.31593
6.38556
8.28299
5.41582
5.08931
6.71487
5.36113
4.45479
6.4129
6.1452
5.69184
5.84554
6.19391
6.10787
6.59274
5.89928
7.47324
4.85896
6.1882
6.84247
5.71028
6.85057
5.09997
4.95639
4.55289
5.39362
5.372
4.41733
5.47358
6.12451
5.63179
7.7525
5.18368
5.61541
4.89115
4.89501
4.95563
5.44536
6.20839
5.5883
5.96622
5.50151
5.88673
5.15715
5.33628
5.13968
4.67543
5.47339
5.73761
5.48789
5.21814
5.54527
5.56272
5.81683
5.12391
5.90121
6.34089
5.1843
5.16975
8.22971
5.16619
4.85687
5.15547
5.89629
5.11058
5.99882
5.22603
5.34288
4.81019
4.86236
7.10282
4.82097
5.45912
4.8621
4.84537
4.76551
5.23808
5.10004
5.6706
4.73085
5.90579
5.54678
4.99509
5.79912
6.12777
4.88073
4.64544
4.82581
5.296
5.11511
5.35487
6.24901
6.00267
6.47795
5.38584
6.59657
4.81038
5.54378
6.09754
6.69692
5.5759
6.80185
5.36391
5.19595
4.80895
5.58849
6.35394
5.28371
6.49853
6.28771
5.6675
5.13681
5.08138
5.9953
5.21326
5.51708
5.11251
5.4544
6.07785
6.68717
5.13539
6.07718
5.91772
5.81951
5.6012
5.37517
8.39956
5.24319
6.22281
5.95503
4.59554
6.16435
5.36736
6.49584
5.06013
5.64799
6.6066
5.59126
5.8482
6.24655
5.12508
6.18871
5.35558
4.25956
5.04017
5.03325
6.06377
6.28428
4.8677
5.27907
5.96088
5.99079
5.26257
5.40222
5.90057
4.61005
4.55274
5.54537
4.69615
6.4975
4.97818
4.96426
5.09382
4.8334
5.01038
5.00539
5.77998
6.97491
4.96491
5.18108
5.23975
5.20609
4.70677
6.13384
5.2763
6.0655
4.98935
5.91075
5.07218
5.17897
5.94423
5.3949
5.29534
5.04418
6.73823
5.47506
6.17442
5.04656
4.66381
5.01252
6.23302
5.69771
6.22061
4.66599
6.18501
4.75628
5.35931
6.07504
5.20916
6.08412
5.11434
5.82346
6.26754
8.28606
6.16361
5.02171
5.00658
5.1357
5.76961
6.16503
5.9875
4.44175
6.18956
4.84618
5.03585
5.16129
5.8065
5.35383
6.09282
5.49076
5.6046
5.49687
5.75563
5.61222
4.86532
5.49973
5.77931
5.41632
6.55666
4.77282
5.70287
7.78231
4.95519
6.01946
5.2319
6.37858
5.23618
6.4836
5.44175
4.64964
6.25905
5.47037
5.68706
5.33514
5.09855
4.88291
5.0548
6.48417
5.43992
5.31807
5.1041
5.95134
5.18128
4.86976
5.3335
5.65505
5.24316
5.31376
7.43584
5.50125
5.01882
4.99111
6.478
5.03686
5.83339
5.57855
4.81332
5.5838
5.32161
5.19471
6.65672
5.57834
6.67861
6.0084
5.45452
6.7105
5.29905
4.71675
5.21473
6.01808
6.71234
6.35687
5.50949
4.5555
5.2563
6.48213
4.88251
5.74825
5.05207
7.28254
4.86407
4.69363
5.31653
5.42064
7.26554
5.30489
5.19294
4.52276
5.19078
5.16517
4.63395
5.84917
7.1792
6.53658
6.74618
5.49421
4.97672
5.41888
5.17584
5.50589
5.53493
5.51748
6.31655
6.90039
4.68308
5.345
5.17367
4.62824
5.58683
5.4017
5.09735
5.16943
6.07046
4.95382
5.02677
5.4472
4.48201
5.01315
5.03717
5.12692
5.7015
6.87722
6.32807
5.17609
4.75591
4.69785
4.93619
5.61464
6.59803
5.95003
5.66859
5.47984
6.47826
6.50653
5.15703
5.54862
4.66639
5.03905
5.40746
4.77896
5.5293
4.59958
5.56915
5.23844
5.28474
5.00799
7.20239
5.37407
6.2692
5.53424
5.99119
6.60806
5.99003
4.48685
6.24537
5.88284
5.82513
5.26081
5.5978
5.54041
5.1926
5.99079
6.96266
6.11695
5.09953
5.44723
5.57541
5.83133
6.26635
6.8518
4.88778
5.68687
5.25903
5.25006
4.81997
5.36524
6.03821
5.91538
4.78044
4.95166
5.73382
5.96466
6.34196
5.29285
4.91616
5.62537
5.33041
5.75454
6.84425
4.89409
5.61243
6.21055
5.01515
6.66715
5.74281
4.68786
4.87983
5.70922
5.57745
5.24011
6.16603
5.12474
5.9144
4.90451
6.04116
5.55313
7.24377
5.13581
6.03848
5.61241
5.52094
6.10651
4.41526
6.46391
5.14027
7.14767
4.85293
5.04376
5.25639
5.40714
5.67507
5.21904
4.96575
5.75111
5.17338
5.41832
4.50469
5.3263
6.47532
4.86855
6.2482
5.04022
5.60641
5.41683
4.98582
5.25447
5.16304
6.09411
5.37383
5.33074
5.01354
5.63855
5.70319
5.24151
5.60072
5.67133
6.02672
5.65719
5.44899
5.31964
5.16026
5.61668
5.20172
5.83611
6.23192
5.3373
5.1009
5.14132
5.18701
5.29178
5.24613
5.01505
5.58642
5.40768
6.65684
5.34441
4.7327
5.25666
5.47004
5.25775
5.87907
6.27203
5.26742
5.17671
5.78786
5.42741
5.46312
5.20959
5.25268
6.59792
5.89304
5.62498
5.2303
5.79861
5.98153
5.95228
6.31091
5.39026
6.07929
5.20415
5.39285
6.27117
5.91044
6.67531
4.75682
5.84052
5.27054
5.8473
6.49192
5.10149
5.62841
5.48231
6.23272
5.73237
4.69673
6.57242
5.43176
5.1638
4.59085
5.10947
6.15409
5.87147
6.46705
5.84437
5.64172
6.11671
5.80419
5.0461
5.06776
5.24471
6.31269
7.7456
5.12514
5.36117
