8.42103
9.18392
7.92335
7.88474
10.0916
7.69405
10.5602
10.2696
9.66946
8.15355
8.07494
8.01379
8.86017
11.7657
7.17778
7.90826
7.58842
8.11849
7.86691
8.36504
13.8168
12.0944
9.90712
9.34464
8.03848
9.53079
8.21598
8.20526
8.49467
9.96618
9.19341
8.1117
9.58818
8.43834
8.27671
9.60305
7.52993
9.84894
8.61209
8.57505
7.4228
8.62315
8.30311
7.3706
9.38018
10.4035
7.17127
8.3417
7.22712
10.0493
8.24053
8.08747
10.3074
6.97307
7.50602
6.82137
9.37913
7.13901
8.53501
8.12263
6.18396
8.02782
9.14314
8.79059
10.9448
7.32865
8.56667
8.90359
8.95241
7.82907
7.02591
8.09609
7.34586
6.67778
8.6497
7.29097
7.16374
10.9405
7.9585
7.79697
7.86286
7.20262
8.04433
9.72617
10.3714
7.21062
8.52906
7.51823
7.80803
8.05034
8.48701
8.18477
8.21171
8.03923
7.86572
7.12668
8.91125
9.27706
8.09778
8.40303
8.64958
7.37961
7.34727
8.61733
8.77111
8.31858
9.85218
8.19616
8.21027
8.36428
7.73728
8.0741
8.09489
9.04721
9.16939
10.192
8.10535
8.72005
9.48738
6.62509
8.29273
7.97482
8.26077
8.1743
10.7372
8.59317
11.6728
8.54245
8.66147
8.11733
7.74591
9.82504
8.80212
10.3825
8.23895
7.72386
8.04213
7.67031
7.13621
9.39075
7.49609
9.95799
6.60193
8.20313
10.0431
8.12019
8.09931
8.18624
7.18316
8.12536
7.80676
8.92216
7.97784
8.96528
8.06819
9.0962
6.68654
7.64242
7.34301
9.84493
10.031
8.53406
6.90713
9.04374
8.07308
8.06473
8.27557
6.95864
7.86935
9.02092
7.79999
7.89323
9.31622
11.1428
8.97079
7.78246
7.69317
7.23418
7.42452
10.0462
13.0391
9.8375
8.25871
9.39679
7.50494
9.76242
7.91328
9.45205
7.49322
7.766
7.9036
12.0657
6.8926
8.17086
7.19905
7.24915
7.97528
7.96497
12.6759
6.86418
8.11082
7.79569
10.3865
8.88731
8.64445
8.07659
8.3332
8.52755
7.95099
7.12525
7.48063
8.45814
7.94312
9.06577
8.64055
8.10895
8.02768
8.0525
8.43337
7.51908
8.13246
7.51171
8.61208
9.159
8.32001
9.134
9.56677
8.92997
8.41004
8.36654
9.3632
10.48
8.67079
8.53973
7.70184
10.6906
8.78737
10.6424
6.80206
9.31753
7.37544
8.14855
8.44852
7.47472
7.43212
10.6248
7.71094
8.50224
7.43586
10.6411
8.36952
7.68174
8.53045
9.62299
11.1555
9.0506
12.9204
7.62507
8.37733
8.37758
8.6861
7.66019
8.16687
7.52712
13.1824
9.25606
9.92091
8.69669
8.37734
7.72673
10.6311
9.22339
8.50827
11.69
7.39842
7.103
7.77149
8.02287
7.04207
8.41698
8.13866
8.31748
9.62472
9.88034
7.50781
12.0666
6.97665
7.59486
8.68824
8.82649
7.67267
9.93162
9.15236
8.24701
8.54571
7.7841
8.29006
8.10385
6.99869
8.30964
8.48293
9.75257
8.09454
8.16425
7.99837
8.57913
8.35974
8.80525
8.35579
7.65087
7.91184
11.4223
8.75395
7.42102
8.01
9.74699
7.861
9.00442
8.47904
8.2445
7.51737
9.2055
6.74972
8.22409
8.31381
7.37538
7.74839
8.52724
7.4162
7.98663
8.4175
7.94747
7.60953
8.12416
11.331
9.00521
6.99187
10.9412
10.8946
8.86384
9.67571
7.24573
8.41466
7.7154
7.79863
8.78043
9.0687
8.61783
9.07958
8.14311
6.91245
11.5291
6.85257
8.78443
8.61179
9.43647
7.10817
8.91618
8.0497
10.0964
8.37802
8.36814
7.39273
8.52987
9.00304
8.06199
7.00686
8.1568
8.88526
9.84017
8.63377
8.14429
9.4466
8.15893
8.16543
8.35085
8.96895
8.50726
7.78982
6.82475
8.13945
9.40843
8.80396
8.27493
9.21224
9.20786
7.61765
7.81309
7.53978
7.82168
10.7843
9.46644
7.7885
8.79181
10.0681
9.10451
7.66197
9.36594
7.44495
8.25731
8.92943
7.71767
8.88796
7.91552
10.0193
8.54635
8.28142
7.96016
7.90649
9.214
9.13234
7.82382
9.74507
7.85724
7.61038
8.38958
9.57714
10.1996
10.6498
8.07148
10.697
7.93839
9.7502
8.21269
8.14124
8.67854
6.52688
9.74982
9.58952
13.0722
8.11592
9.26606
7.44873
7.64979
8.93114
11.156
8.36714
7.85215
6.75372
8.27273
9.82444
8.76989
9.83806
6.66618
9.7013
7.37998
8.48864
8.87685
9.57031
12.8832
7.82746
8.0051
10.0953
8.16487
10.5664
7.82013
9.0052
7.89059
8.35085
8.66627
9.66796
8.30188
8.85327
10.6603
9.64239
8.35658
6.54974
7.04816
7.79342
7.5641
10.6077
8.40788
6.8515
8.31444
9.81325
8.35678
7.80086
7.37277
11.52
10.4596
8.30909
9.33201
8.02232
8.76721
10.0187
9.57946
8.3248
9.98671
11.2166
8.10037
8.07371
11.3724
7.28246
7.63222
8.55048
7.74112
9.15302
10.0933
7.35418
9.36395
11.076
8.6093
8.50701
7.98087
9.54285
8.52828
8.90535
7.67411
9.39588
8.17415
8.1532
8.34355
7.92372
7.78514
11.1047
8.12158
7.45073
7.67533
8.80181
9.32579
8.06315
8.20944
7.89572
7.45477
7.45193
9.45644
7.76377
8.54804
12.5694
9.20551
8.61184
9.24788
7.7157
8.55532
8.45606
8.82646
8.15862
7.21153
9.51537
8.62033
11.8059
6.85633
7.65028
10.1044
8.57988
8.7059
8.42222
8.90606
7.38042
10.5636
8.04483
6.85037
8.99337
8.60185
8.45718
7.18769
7.69833
8.27723
7.30687
7.08859
9.31625
8.81825
7.63538
7.93029
7.85041
7.25935
9.35934
8.05889
8.21101
7.58961
10.4018
7.91321
8.14111
9.68621
8.9712
8.65202
8.99502
8.22667
8.68605
7.71953
9.12566
9.40812
7.6083
8.45052
7.83453
11.6061
10.8927
8.22513
8.45169
8.92684
7.896
8.1634
8.72567
8.35919
7.5212
11.5127
7.15883
8.72466
7.03723
12.9326
7.73819
9.20497
9.02447
9.81817
7.92665
7.77777
7.49604
6.45565
7.63711
8.67566
9.31794
8.12222
8.25118
11.28
9.24215
9.30063
12.2379
11.2358
8.37963
7.12862
7.56316
8.25754
8.61211
7.61177
8.02442
9.74614
7.87861
9.47943
7.57708
7.93831
9.3156
9.17026
7.2791
8.5063
8.52741
10.848
7.80003
7.25413
8.31901
10.0233
9.2708
7.45752
6.92984
7.95436
8.24295
8.45322
8.44804
9.92778
8.12113
8.58251
7.08338
8.67267
7.94742
7.01709
10.0802
8.14896
10.0516
7.50313
7.96545
7.52278
8.5301
9.62914
6.45575
8.73833
9.43393
7.99597
11.3876
7.67707
8.15948
8.18378
8.77231
7.56157
8.71567
8.42119
9.05425
9.15037
14.2207
7.36217
7.12664
9.17569
9.22946
7.78953
7.39173
9.91437
8.02576
6.43991
8.62844
7.37896
8.28812
10.1163
10.1634
7.67221
7.84092
7.4461
7.4826
7.74214
8.87068
10.0665
7.63685
7.46751
8.66074
8.5257
8.27946
7.58799
8.85445
7.99322
8.50071
7.41012
8.85989
9.9069
8.93949
7.56131
8.72297
8.95432
7.86424
8.25454
8.64114
7.2392
9.70334
8.29081
6.75626
10.3892
7.22924
8.20044
8.18954
8.74897
9.25057
7.35938
8.36983
8.76681
7.27545
8.09789
8.77259
7.46963
7.38118
6.79909
9.45338
8.75044
7.48591
8.5623
7.28204
8.58336
7.18756
10.5847
9.29479
10.7416
8.54321
8.50637
8.02149
7.70434
8.72444
8.79764
7.9088
7.00556
6.84135
7.62715
8.61542
8.34798
7.43989
9.7013
9.13384
7.27013
7.23282
9.00928
9.58857
9.76878
8.77612
8.83501
11.9594
7.20888
8.17504
9.98638
8.07498
8.88472
9.13161
9.77424
6.96691
9.09405
8.50033
9.02874
8.88132
10.688
8.41486
9.93839
8.56695
7.06223
10.0227
7.47226
8.78547
11.3457
9.18941
7.9302
9.33104
8.67315
9.04648
7.27435
10.0846
9.47734
7.88091
8.20147
10.9228
8.1336
7.42874
7.49117
7.29231
6.6931
8.78541
7.55329
8.69653
8.70117
8.10651
8.32038
9.04769
9.15066
8.7418
11.547
8.00874
9.41337
8.39485
7.43513
8.49279
8.80089
7.34471
8.66682
9.7484
9.0798
10.1862
8.70945
10.4008
9.07037
7.70096
9.55217
6.84235
8.4228
12.145
7.01981
8.0057
11.1721
7.94807
10.3166
6.66115
10.6122
7.77447
7.48504
7.49155
8.8202
7.87419
7.64356
9.46731
8.77374
9.28129
7.0084
8.5319
7.32017
8.62822
6.80523
10.9812
8.04182
8.36531
6.99399
11.0606
7.8789
10.1068
7.3809
10.8004
10.9977
9.05457
8.18136
9.29371
8.45191
8.48355
8.25536
7.66008
7.60497
8.45814
13.1197
7.86732
8.66022
8.10622
8.91549
7.50269
10.0461
9.00122
8.29113
8.08562
8.9458
7.82449
7.8976
7.41421
8.5922
9.38543
7.15349
10.3275
8.83452
7.56081
6.91591
8.25551
9.84295
9.47624
9.89863
7.59265
6.65795
7.72386
7.68005
9.72938
7.25423
8.36546
8.64638
7.69417
7.312
7.86846
8.13531
9.11633
7.42244
7.26692
8.94398
7.66557
9.81813
8.4807
7.80011
9.20302
7.86953
9.72011
8.90719
7.18972
8.98289
11.1872
8.82438
9.75852
8.93157
11.2192
7.18559
6.95769
9.21206
7.83263
8.8121
8.17704
8.86867
10.6431
7.51913
9.02759
7.92798
8.99743
7.35808
6.54019
7.66039
7.06319
10.3546
8.57683
8.21593
8.92028
8.92429
9.14299
9.00389
8.7414
9.10483
8.77195
10.3593
9.01991
7.95203
7.40875
7.63475
8.54242
7.60342
8.77131
7.15822
8.79272
10.6225
7.59259
7.75317
9.17492
11.6435
9.73585
8.03409
9.01476
7.39412
7.87972
9.18273
8.48592
9.64999
6.91621
7.12035
8.58525
8.2267
10.7425
9.8692
11.1194
6.88701
6.64319
9.0364
7.91114
7.35133
6.86771
7.66591
7.91469
7.59428
9.14246
7.41601
8.73552
7.5518
8.88535
7.17725
8.60505
7.79598
10.282
7.16067
7.25081
7.13806
8.36054
9.67203
7.48622
11.2879
8.72649
6.68065
9.82799
8.14923
8.08614
6.94649
6.97321
10.9031
7.48001
8.17932
8.36933
8.03675
8.88788
7.09315
8.95739
8.84814
8.86688
10.2993
9.01863
9.00458
8.61288
9.7275
9.36287
9.4958
7.42418
8.59433
7.87266
8.94383
9.70901
8.22025
8.34724
7.43538
8.79744
7.0912
10.3816
9.71401
8.00956
8.20344
7.88329
10.4933
8.23649
9.16793
7.81946
9.02995
9.26332
7.76856
8.30899
8.63676
8.38268
8.41505
8.89206
9.98116
8.85457
8.21003
9.34888
9.61175
8.11868
9.51814
7.08545
7.10331
8.45711
9.34251
7.32111
8.51369
10.9442
8.26265
7.84179
7.35434
9.07997
8.60035
7.95447
8.42941
8.55491
6.85499
8.27024
7.48288
6.64833
9.11009
8.28942
7.8725
10.3445
8.49488
7.24364
9.98382
7.96615
8.5102
7.8743
8.21852
12.0381
9.81615
8.72471
7.92642
7.38953
11.3895
7.84736
9.99664
7.37989
6.99537
8.27841
8.39446
9.51215
8.41405
8.8836
7.09692
7.45409
8.67895
8.08262
7.34297
7.55828
12.0592
7.62417
7.22756
10.2272
10.3196
8.06911
8.31859
9.96625
7.79507
7.73562
9.49146
8.54606
7.69191
8.75368
7.44494
8.31973
10.3701
7.91787
9.64066
7.31413
7.38565
8.87615
7.52887
7.7962
7.93391
8.32837
9.04199
8.52651
8.65934
7.10967
8.8935
7.93151
9.99855
10.8707
9.45591
8.00521
9.22246
8.34785
7.06193
7.8129
8.13885
10.003
10.8906
8.02384
9.13598
8.00829
9.14821
6.78395
8.58411
7.58363
8.03444
10.8565
9.48164
8.39933
8.16202
8.89855
8.41057
8.10313
11.48
7.79767
11.795
10.3451
10.71
7.92035
8.29764
7.90536
8.28074
7.52583
7.77985
7.11308
9.27269
7.24387
8.72575
9.41208
7.77257
7.16498
7.72467
11.2671
8.88338
8.47948
7.94726
8.33082
6.72971
8.25871
10.0714
9.08271
6.33761
9.37499
8.37023
9.25894
7.86237
11.3484
9.09343
7.82214
9.95254
8.06695
8.87293
8.33807
9.0331
7.421
7.46771
9.2152
8.93289
9.37554
7.46976
8.25025
9.47827
6.70275
7.56786
7.50464
9.58253
8.71487
7.83749
8.96664
8.85647
7.67501
9.1245
8.66337
9.78908
7.15667
7.88386
13.2214
9.59053
6.29651
9.01771
9.1022
8.07931
9.25538
7.71027
8.4946
9.40543
9.79829
9.67129
7.36465
10.6849
8.12317
8.03731
9.56412
8.13358
9.00947
8.9487
7.66428
7.92568
8.3577
7.56513
8.22118
9.89837
9.0413
8.49398
8.2269
8.21652
7.66262
11.3392
7.63776
8.34609
8.48794
10.4694
7.63452
7.30951
13.5581
9.60479
7.85486
11.3358
10.1462
7.61731
7.38053
7.76379
8.45439
8.2964
8.06282
8.25592
9.32656
8.25313
7.38605
7.51108
11.1301
8.61283
7.59399
7.49602
7.5757
7.46771
9.82508
8.21937
7.59529
8.16156
7.82891
8.64799
7.21873
7.96741
9.37652
11.1676
9.07925
9.82423
8.74228
9.06892
8.61774
8.34907
8.61285
7.22661
8.74406
8.27374
7.39472
9.63298
8.21119
6.99765
9.16507
9.05202
9.3214
7.75596
9.4935
11.9383
7.7905
6.78874
8.77772
8.53843
9.04776
8.04502
8.33532
9.13141
9.86417
8.36494
7.14597
7.56301
8.40321
8.45867
9.85136
8.80063
9.25366
10.9193
9.56926
7.92359
8.49143
7.79383
7.07629
8.65392
7.2224
9.21181
8.35937
8.11867
7.58295
10.3465
10.5405
7.29048
8.46187
9.93423
7.81154
8.04638
9.88022
9.53395
8.56081
8.06163
7.4479
8.98381
8.04126
7.11012
7.86561
7.52387
7.53929
7.26556
6.95096
6.78778
9.58608
8.88259
6.59259
8.63214
8.19098
9.3491
7.59647
6.91372
8.613
9.44967
7.54073
10.309
7.24281
9.06475
8.96129
8.38243
10.048
10.0982
9.49257
8.30097
8.70466
8.3965
7.11199
7.69918
8.53674
8.42884
7.18513
7.90663
7.28019
9.07748
8.9518
9.84971
7.74935
6.90416
7.48379
7.82397
9.06975
8.7182
9.84961
12.5403
8.71878
8.47445
8.07795
8.4812
7.43584
6.86186
7.6268
8.31386
7.88915
7.49843
8.46345
12.2945
10.2035
9.44088
9.63157
8.88772
8.80893
7.57698
8.22755
9.59005
8.96293
7.81218
7.48242
7.04474
8.94139
7.58447
8.16898
8.49583
8.57409
11.1368
10.5409
7.63261
9.65389
10.8054
9.58664
8.4151
7.76506
9.92509
9.09647
6.79063
7.36664
9.1772
9.39147
6.65691
8.38031
7.24338
9.21534
7.79367
7.41488
7.80143
7.869
11.4542
8.51282
8.79756
8.99407
8.05767
9.83403
9.49988
8.71938
8.2051
7.84473
8.14398
7.33947
7.45408
8.70856
8.26908
7.87566
9.21405
9.38116
8.36338
7.37794
9.15652
7.864
6.38191
8.51653
7.5112
8.79419
9.80658
7.74569
6.87377
8.472
8.1013
8.2822
7.48662
9.01859
9.00048
11.7241
7.46585
7.11307
8.69685
8.29058
7.36998
8.60608
9.18015
8.71554
7.73135
10.8329
9.87103
8.16413
10.6531
9.21683
8.17043
7.76782
7.71188
7.52497
8.60602
6.95088
9.43408
8.57815
7.3362
7.34103
6.99464
8.27804
7.82955
13.1932
9.71403
9.74256
8.5892
9.40065
8.00418
8.26736
8.85523
7.35823
7.23421
8.68876
9.62343
9.08084
7.17288
8.45961
10.5431
7.72144
7.71334
7.7573
8.44375
10.8839
7.23464
13.4435
8.68799
7.68208
6.3397
10.9638
8.28553
8.60341
7.45157
7.38928
7.86559
7.95742
7.85514
9.2318
8.48748
7.74844
9.10231
8.303
7.5194
7.8152
10.2332
7.77317
9.1639
8.8993
7.46948
6.80545
7.32928
7.48391
8.35678
7.52345
10.0679
8.88358
10.1564
8.49103
10.0563
9.45756
8.12969
10.073
7.98458
7.02487
9.66729
7.73689
7.73354
8.28689
7.48339
7.90606
9.00251
8.99846
10.1927
9.57167
8.79262
7.49671
8.52998
7.573
10.2315
6.95219
8.99169
7.10649
9.15121
7.31488
9.21468
9.18685
8.63224
10.0452
9.93569
8.95854
8.55714
8.65277
8.4289
7.38013
8.36138
9.67677
7.21358
8.13073
7.99926
7.7313
8.5452
8.76585
8.27663
10.9684
8.59054
7.33581
7.77719
9.42555
8.26469
8.63919
9.42908
9.83519
9.92213
8.30374
8.34871
8.73959
9.85767
7.14502
9.77762
7.84258
10.1206
8.06183
8.34391
8.45742
8.6963
7.57573
8.48245
9.05407
7.64336
8.94384
8.81817
12.147
9.47458
8.07307
8.38641
7.62547
7.28125
9.49859
6.98746
7.23442
7.0396
8.53251
9.61245
7.30556
8.89493
10.058
8.43067
7.37394
8.41212
7.83496
11.2945
8.05526
8.28426
7.63087
10.8073
7.44318
10.6483
9.41252
8.30558
8.4688
10.1366
7.84708
8.51271
7.22863
8.76878
10.0346
8.17627
8.62633
7.66618
8.19404
8.65447
9.5837
10.0773
8.9755
9.33765
8.09001
7.65158
8.19837
9.1417
9.34299
8.92459
9.12239
9.33145
7.71271
6.78705
8.55499
8.28118
7.97627
10.351
7.82549
7.25188
8.74825
7.16928
9.12168
8.21962
8.00546
8.17988
8.82834
8.77734
6.95136
10.1547
9.94165
7.4828
6.71866
7.57188
8.56277
9.04902
7.45457
7.40331
7.51527
10.1803
7.31377
7.89415
8.92693
8.23843
9.16978
7.15629
8.02701
8.61898
7.77293
6.54738
8.55263
8.13554
7.82529
8.64707
6.01494
7.54589
6.59137
8.41398
6.90704
9.75966
7.9457
7.50701
7.62854
9.43635
8.55009
9.41288
8.02076
8.60314
7.92148
7.81835
11.5836
9.01614
8.2691
8.79671
7.21478
8.59004
9.14575
7.60321
6.80025
10.1949
8.60912
8.71378
8.31367
8.93282
7.53488
8.33246
10.0394
8.10921
8.87996
6.75063
8.12725
7.80605
9.05971
9.54698
7.52848
8.45375
11.02
6.86006
8.54646
8.84313
7.68899
7.24116
9.51836
8.22958
8.53822
8.67732
8.68626
7.41677
10.4811
9.07397
7.99816
9.00224
8.43728
9.30589
8.98309
8.53103
7.53646
9.1681
8.28903
10.3369
7.99277
9.10347
7.69718
10.3349
8.46805
7.85977
7.746
7.72657
10.1536
7.54233
8.48522
7.59548
9.04472
8.21811
8.03907
8.26817
9.50855
10.1088
9.61566
10.5998
7.17367
9.03578
7.52001
7.96752
8.34671
9.90311
6.80346
9.13034
9.46242
10.2192
7.20122
10.0274
7.91517
12.0602
7.71443
9.14522
10.4376
7.93403
7.68275
7.29499
8.4253
8.65749
10.1156
8.75798
7.71807
9.75583
10.6346
8.14712
9.94895
9.05571
7.93937
7.52261
8.27403
8.09734
8.46168
8.30327
9.4462
10.5365
8.02287
9.54334
7.25416
9.86369
8.7602
7.39407
8.79927
8.89528
10.1807
11.2948
10.9887
7.89589
8.6049
7.80682
8.65115
8.4617
7.51174
10.4323
9.79545
7.63387
8.05487
8.74715
8.40597
7.5471
8.81609
10.1302
7.92414
10.616
7.23367
8.29458
8.98143
8.39816
11.2383
8.69781
9.31274
7.818
9.95558
8.42024
8.66555
8.73549
8.58199
6.90283
8.55319
8.36603
7.79427
9.27282
7.29677
14.1394
9.09853
9.34838
6.74402
9.195
10.1804
11.4117
7.84307
8.39873
6.89203
7.04404
7.46678
7.47704
6.6289
7.7211
7.02467
9.02509
7.51926
10.522
7.50684
8.19078
9.5268
6.94396
8.68286
7.82236
9.34398
8.42505
7.01149
8.33274
9.61408
9.17421
7.57117
8.8596
7.61164
10.3848
9.13627
8.77841
8.44677
8.6685
12.6125
8.46133
7.46912
8.68731
9.17283
10.4285
9.69066
8.62193
8.39934
7.41842
9.26631
7.80968
8.11192
9.72917
8.90825
7.95232
7.88202
7.16522
8.65811
8.96146
7.90157
9.82242
8.00584
6.85598
10.2061
8.79879
7.16358
11.0867
9.54495
8.20293
6.49184
8.98427
9.19698
8.42681
7.6778
9.33026
8.82276
7.34368
9.08216
8.49247
8.0262
7.82952
7.98608
8.86214
8.39584
7.79225
10.9263
8.13119
12.1605
8.70362
10.0075
9.4801
8.96234
8.82326
8.51551
8.28484
9.34971
9.51688
8.76051
9.46121
11.2913
9.64211
8.06009
7.32703
9.43068
8.98444
7.80807
8.32272
6.77812
8.67843
8.79711
8.52589
7.47763
8.75257
8.91593
7.81117
9.21958
9.08862
8.72665
9.5566
9.14832
7.78797
8.24799
8.22572
7.98319
10.4342
9.40323
7.77225
8.48072
8.06272
8.18715
7.79284
8.9948
7.75305
11.2423
8.8105
8.06595
8.34894
11.2418
9.05629
6.94476
8.98073
8.11724
8.95977
8.40888
10.5436
7.71709
9.58258
7.75626
11.5337
9.15469
9.28217
7.38007
8.07256
7.18146
7.97934
12.4145
7.30585
9.0885
6.9918
8.46895
7.06839
7.96064
7.08551
7.57523
10.5643
7.95564
9.40816
6.8059
8.30998
11.1883
9.82836
9.83199
9.66547
6.84375
8.9558
7.96103
7.70755
9.9947
8.33531
7.11285
7.59847
9.83425
7.95515
10.4216
8.0928
8.09072
8.89089
10.7855
10.6416
9.52823
8.73996
9.47236
7.62749
8.49468
8.91937
7.55538
10.3702
11.1722
11.3371
8.73345
10.5802
8.47791
8.37614
8.74822
9.65599
6.96875
7.30171
7.45347
8.57202
8.289
8.53546
9.18675
8.09564
8.64659
8.26267
8.31268
8.53607
7.04072
11.1711
7.80839
7.29585
8.00003
9.10575
9.83044
8.33479
8.29709
7.62456
7.84446
8.47725
7.66245
8.87021
9.97269
8.00448
9.46967
8.09319
7.33677
7.93621
6.60552
7.91608
8.04375
8.0219
7.6216
7.42306
8.61403
9.09885
9.57612
9.07284
7.66254
7.74109
10.5883
8.76052
8.36244
9.46294
8.00898
9.88529
8.18451
7.92078
9.04126
7.85637
8.74858
7.64435
9.25976
9.67201
8.67815
8.42144
10.8044
10.1012
8.96801
9.01439
7.83895
8.85719
8.55383
8.07269
8.65839
7.08512
7.39919
7.31547
9.79446
7.98047
10.0985
6.99295
8.05057
7.92492
8.84782
7.65519
6.91709
8.30395
8.70687
9.05494
8.46721
7.39088
6.89756
8.40603
6.87491
8.8845
9.58049
7.3413
9.3811
7.58519
8.10254
8.41955
7.86644
8.9802
7.28704
9.19386
8.3372
8.94296
8.21898
8.45299
7.83958
12.415
10.9425
7.32329
7.21847
8.15904
7.97339
7.78867
8.98088
12.6745
7.80017
8.7249
7.19578
8.12634
8.85574
7.41945
7.2551
8.24601
6.75222
8.0588
10.3477
7.32053
9.94606
7.96085
11.3452
7.00985
14.1225
9.10123
8.01554
9.36701
7.57989
7.92249
9.04059
8.22898
8.59781
11.7518
10.116
8.39945
9.76016
8.56446
7.73463
8.04931
11.611
8.93387
9.34881
8.62941
8.51879
8.20836
10.3493
7.62697
8.01687
9.32361
8.79031
7.18804
8.47183
8.17569
9.36694
10.203
9.76901
8.44129
6.92123
7.73336
7.14367
8.41096
9.2509
7.28012
7.67754
7.78163
9.66821
7.30016
8.44278
8.73031
6.86681
7.01057
7.4689
9.74974
8.87125
7.9748
8.55168
8.06887
8.50459
8.51115
7.70331
10.2083
7.72576
7.88943
6.54728
9.44651
8.85
8.9995
10.2942
7.88728
8.43322
7.90837
8.88443
8.50009
9.0034
7.79354
6.9458
9.36939
13.6503
8.77646
6.98007
7.82828
8.07475
8.87228
7.24441
8.4046
7.94768
7.46081
6.81807
7.71013
7.85325
8.11484
8.33869
8.59843
8.71067
10.5033
8.48591
8.03546
7.02105
10.3806
10.1322
6.75446
9.06679
7.91146
9.68228
11.1769
10.0363
8.58484
7.85592
8.34451
10.5267
11.1709
9.6059
7.74162
8.29611
10.9285
8.71842
8.1082
7.77762
9.72579
7.58202
8.58898
8.90662
9.18247
8.00895
7.97588
11.6979
8.7309
7.69187
9.61144
8.2247
7.79053
7.58832
7.21383
7.97832
9.21773
9.08627
10.1869
10.1422
6.85913
7.18427
9.16909
8.77869
9.6296
8.23571
9.53539
7.81081
10.4579
7.17658
9.37018
7.06209
7.52522
7.73468
8.16002
10.054
9.84937
7.3307
8.37781
8.06934
6.8227
8.92112
7.00709
8.03983
8.14941
10.2413
7.49188
8.36606
7.20202
8.65057
7.91547
9.06859
8.48875
8.79402
8.0959
9.37197
7.6465
8.50922
8.56161
8.34898
11.3057
8.76342
10.9711
10.1451
7.24914
7.12735
8.30248
8.0009
8.50235
10.1987
9.22225
10.3698
9.40702
10.6145
11.099
9.54552
8.81624
7.25058
8.07274
8.51575
8.00794
8.52267
7.20073
8.82614
7.19722
6.85681
7.73015
10.9334
7.29337
9.34326
7.01775
8.88402
7.54381
8.11973
8.71082
10.4319
6.99994
8.33403
8.23796
6.60909
7.97833
7.18644
8.89336
8.80205
8.16259
8.78792
8.59676
8.18044
9.40071
7.14987
6.71933
7.66414
8.06146
9.77178
7.43985
8.85404
8.43861
9.11326
7.76333
6.76693
8.05331
8.13755
10.027
8.2234
8.00469
9.72987
6.60017
7.78421
8.52865
10.7025
7.19692
8.55625
6.86351
7.73836
10.5431
7.38394
11.4067
10.0061
7.84562
7.13512
6.32441
7.59474
8.53649
8.05375
8.49961
7.03268
11.7885
8.67009
7.56994
8.0116
7.05634
10.1022
11.1143
9.56919
8.18076
8.38743
7.27066
9.30124
9.18308
8.08989
7.55537
7.17882
7.86623
7.92651
8.63653
10.1272
8.45014
9.48672
9.33645
9.95138
7.56344
7.78931
7.63976
7.91125
8.74661
8.41993
8.91487
8.9026
9.25803
8.11007
7.57467
8.65455
7.35959
7.88099
11.2084
8.37157
9.10272
9.02699
8.02013
8.65295
9.47532
7.99018
7.98937
7.70943
8.18797
8.83556
8.87576
9.32068
12.3684
7.48056
7.14361
7.63085
9.96116
7.17456
6.76356
7.51443
8.94019
7.4584
10.8693
8.03824
9.24492
9.18405
7.69885
8.31355
6.46218
9.14278
10.9631
6.57549
9.49902
8.62707
9.19125
7.65682
8.5487
7.33247
9.19448
11.881
7.67972
10.6622
11.2295
8.43839
7.87748
7.01307
6.50383
9.1759
6.73844
8.85382
10.4155
8.16741
8.31787
9.1279
8.49429
7.62674
7.71596
8.09442
9.30571
7.39074
7.41102
8.65656
7.57192
9.18748
8.93278
8.48215
8.29963
9.86289
8.48897
7.22527
7.23601
8.81957
9.18367
8.87047
6.94563
8.65597
10.251
8.91434
8.85849
7.972
7.7856
10.5556
8.17006
9.55898
7.15326
7.61139
7.04859
7.62628
12.2735
7.70457
7.49617
8.58748
8.97465
7.72374
8.38279
12.4187
7.25922
10.4069
8.81274
8.08428
10.4274
8.73341
8.3409
9.01729
9.77428
8.06363
8.53576
7.21127
7.73126
7.6286
10.7019
8.59445
7.84849
9.75179
7.64425
9.87674
8.5839
7.99703
8.95369
8.31581
7.30119
8.23084
7.9709
8.95465
12.9219
8.55286
9.56402
8.06815
8.72113
7.96972
8.15474
10.1351
7.58536
7.92019
6.25131
10.2811
7.41898
8.31674
8.32674
7.23906
7.50913
10.8414
9.85614
9.06292
8.09581
10.0022
8.44746
8.81304
7.47194
7.10056
7.85939
9.50769
9.76829
7.35448
9.31045
7.98576
9.12468
7.07115
7.25718
8.22664
8.3345
9.41661
7.66009
9.38449
7.88923
7.46773
9.36302
7.83813
11.1151
8.57819
7.81098
10.07
8.01397
9.07084
9.004
10.7007
7.45457
8.84623
8.45788
8.95225
7.91843
7.87383
7.34324
8.10709
7.54548
10.7597
9.01098
9.22858
7.86328
9.20183
7.98635
8.17693
7.38028
8.9813
8.84456
9.0678
10.3392
8.0783
7.90767
7.76787
6.93819
8.4144
10.0509
8.52438
9.1177
8.72005
8.36216
8.51986
8.50332
8.17146
8.505
9.64578
7.46071
6.86077
7.36041
7.18386
8.232
8.31173
10.2799
9.43844
7.70147
8.78826
7.96427
10.3556
9.83649
10.5001
7.96917
7.79078
7.80187
10.0324
9.07536
10.4543
8.74397
6.91962
9.8946
9.29361
8.1367
9.26993
9.54693
7.34023
9.92002
7.76295
7.37833
7.84236
7.52756
10.573
9.40923
8.73495
9.28106
9.81768
7.43806
7.60505
8.11828
7.46385
7.90465
7.14349
10.5524
10.6689
7.49641
10.2537
8.31542
7.25437
8.22753
10.4736
9.09279
6.75461
9.39568
9.19949
8.14456
7.86612
9.03672
7.34409
7.62006
9.78595
7.65159
7.77208
9.05877
7.52982
9.18471
10.5557
7.84099
8.74114
8.24902
10.082
9.42192
6.81
9.34169
10.1117
8.14744
11.0708
10.2091
9.41298
6.6679
8.60238
8.54498
8.23609
7.86027
7.53352
8.41137
7.26288
7.84794
9.45696
7.97035
7.68705
7.19714
9.79474
8.01299
8.87513
7.78041
8.35326
8.83807
6.58065
8.71057
7.8731
8.13729
7.45496
8.50419
7.1705
9.85712
9.05036
7.84275
9.04713
8.05017
10.8166
9.52152
9.27371
10.201
8.47572
8.80214
8.13964
9.84519
7.16532
6.85705
8.47853
8.92839
7.75433
8.21136
9.24508
8.18293
7.69701
7.82054
8.86276
11.1673
9.78011
9.19342
9.85129
8.7773
8.74613
7.44431
9.41913
7.26395
7.42911
9.62135
9.31723
8.1452
8.14078
7.77776
8.69318
9.67117
9.78086
7.62683
8.40425
7.67875
9.29103
9.04703
7.29206
7.07011
7.54747
8.3675
8.09288
7.95358
8.87401
8.71823
7.90936
8.57277
7.88876
7.52899
7.4767
8.16545
8.82959
7.13521
10.3896
8.23192
7.49858
9.09588
6.65946
9.93895
6.8986
8.7353
10.0226
8.24058
7.52952
7.87422
10.5387
7.90998
8.7477
9.30643
8.20646
8.5548
8.62336
7.44506
12.4879
9.2507
9.68022
7.45785
7.01771
8.35896
8.47575
7.28113
8.80855
13.6271
7.85662
10.4197
14.1664
7.98342
11.5142
11.9445
8.08054
10.6365
10.4245
7.48764
8.75671
8.24954
7.05098
9.66975
8.54795
7.73594
8.17243
9.48485
9.56167
8.71704
11.1604
7.78232
7.89357
8.316
9.14676
9.37355
11.1541
8.37494
12.7869
8.7842
9.37251
8.79426
8.68175
7.9074
7.48238
9.49085
10.1976
8.33488
7.52283
8.76554
9.58057
7.08541
7.67816
6.93091
8.78328
9.5032
7.82082
8.14306
8.41016
9.38611
7.06784
9.69643
7.64238
9.18365
9.15085
10.7641
9.82973
9.54287
8.02466
8.46397
9.03209
6.68538
9.15428
9.86068
9.34933
8.57357
6.83744
8.6551
10.4442
9.00305
9.22816
9.23938
8.75367
8.25201
8.62627
9.07229
7.59063
8.35458
9.21728
8.6325
7.80825
8.72849
8.05671
10.0568
8.50902
7.69597
8.11956
7.82392
7.4251
9.11293
6.50546
8.67902
8.52882
9.32271
9.28867
8.10894
10.8204
6.79088
10.4481
7.52879
7.98399
7.35638
8.18482
8.40459
8.07038
7.74342
8.05058
10.276
7.72437
8.56413
9.65897
10.0225
10.0614
8.85735
7.57734
9.83993
8.29593
7.43178
8.39007
8.64703
7.60893
9.72623
7.58384
8.95334
7.52706
8.67797
7.69937
8.46353
11.0002
7.69524
8.42496
7.91644
8.21646
8.20666
9.47783
7.77156
7.42581
9.35569
10.1583
7.48626
9.49559
7.00328
10.1434
7.84608
8.41996
7.8448
8.19467
7.71961
7.1623
8.78562
9.06181
8.27604
9.36914
8.65881
9.48524
9.50508
8.54481
7.58116
8.98808
7.90564
9.00564
9.49145
9.84828
6.72727
8.48993
8.08727
7.3346
8.23874
8.17414
7.64525
11.8174
6.78576
8.01884
7.69269
9.82627
8.03056
7.57121
8.9642
9.89959
9.4744
9.69784
11.5948
7.5583
11.1942
9.42654
8.42957
7.97063
8.94412
9.99921
9.62348
9.10352
8.85128
7.88674
7.61627
6.80128
10.1053
7.90906
9.86417
8.53891
6.76245
10.4138
8.50087
9.53451
8.54539
8.19037
8.56393
8.03117
8.6944
10.1388
10.2711
8.0179
9.81115
8.18409
8.20961
9.49547
8.04629
7.79681
8.28328
7.03777
7.73597
9.57786
9.33134
7.29419
9.02424
7.94337
7.43026
6.98644
6.90953
8.66738
7.06265
7.00449
7.51302
7.79608
7.80593
8.70844
7.70368
10.0019
8.93059
8.48659
9.2625
7.47211
8.97944
8.99122
11.3974
8.72349
7.45881
7.50138
7.83604
8.98948
10.2452
7.7294
7.50997
9.02128
10.8126
10.041
6.88337
9.84627
7.49473
8.00886
9.09899
6.79523
7.49958
7.72496
11.2129
7.22625
9.40428
8.11156
8.10013
8.236
8.73083
8.74682
9.66365
11.7631
9.0267
8.0445
8.11118
9.16224
9.07177
6.7783
9.02554
7.80842
8.82698
11.0213
7.91568
8.53366
8.53114
7.5533
10.0032
8.25768
7.63356
8.61781
8.28644
11.4496
8.62103
7.44231
8.00057
11.0178
8.40542
9.41809
8.08925
8.24116
7.39125
8.55426
6.89191
7.84824
8.57496
7.92501
6.6539
7.61151
8.00841
9.09435
7.31151
7.4275
8.0176
7.6312
6.85029
8.08857
8.71751
10.1098
7.86556
8.95759
8.19271
8.47773
7.83215
8.83975
12.8731
7.82706
7.71136
7.70947
7.23552
10.0588
7.71964
8.27889
7.93836
8.54237
8.6551
7.92248
6.89894
8.15778
7.87586
8.06443
9.74781
8.72806
8.28574
7.10226
7.93005
8.56402
10.0138
8.20841
8.38537
9.02581
7.9084
8.2171
8.65602
7.62173
8.22435
8.12023
7.67165
10.3173
6.64117
7.67369
6.95185
11.004
9.89291
9.36555
7.39749
10.7255
8.99248
6.88047
7.80633
7.37398
7.73295
9.34354
9.45062
6.99585
8.10298
8.81859
9.31059
8.99568
7.51748
6.50696
8.45493
8.50692
8.84911
8.55028
7.00256
8.06272
10.7604
8.38424
9.89899
8.46243
7.20298
10.4473
7.47882
7.62242
7.68206
10.2798
7.06284
8.06825
8.15226
9.4886
7.74594
9.86091
7.94919
9.11842
8.01754
12.7377
7.23365
9.65808
7.03305
8.0268
7.43764
6.96811
8.20947
8.18059
8.83606
7.84427
6.97545
9.66302
7.11515
7.30831
9.61192
10.0081
7.63671
8.57452
9.64586
9.54648
7.29629
8.12626
6.84389
9.20607
8.58981
7.93453
7.83227
8.29989
8.18734
6.90614
9.75151
9.90241
7.44049
8.03936
9.05937
9.14156
7.79732
6.68762
9.54349
12.4449
7.14678
10.1017
10.1039
7.10126
8.56349
8.17367
8.33103
8.2687
9.57938
7.36643
10.817
8.39482
9.51961
8.44162
9.65019
7.1186
7.10085
9.19523
8.15305
7.3995
9.0772
8.51843
7.37832
8.09843
7.93247
7.06943
7.64925
7.4307
7.09761
8.25733
9.60493
7.63223
9.82013
6.73103
8.70472
9.26313
8.70468
8.71302
10.3442
7.91534
7.97864
7.44877
7.73144
8.17448
7.2552
8.16612
7.41181
9.07156
7.581
8.01238
6.57051
8.23054
7.50276
7.8306
8.20351
8.31776
8.83849
11.3706
8.76263
7.74278
9.23572
7.33524
8.32283
6.80461
8.19975
6.55351
6.67832
10.6282
8.07479
7.63495
10.6787
9.87859
8.16053
7.63531
10.3713
10.2237
11.1238
9.76219
8.51024
9.30153
9.63546
7.27257
9.74416
8.39464
8.64563
9.02164
7.16315
8.46305
8.78315
7.48421
7.83013
8.76762
8.35798
8.26655
8.11719
8.44038
10.7828
9.00067
8.02221
7.29065
8.15237
6.99429
11.1257
8.99771
9.01852
10.3507
8.55195
8.13451
7.07248
8.51917
9.60712
7.33939
10.0221
8.52167
9.78148
8.81999
9.0531
9.03496
8.12844
9.91976
10.2987
8.37636
9.58159
7.77395
7.49854
9.0399
8.28379
7.91468
7.54059
7.36436
7.10427
8.0653
7.52274
9.63132
9.51787
8.43442
9.47422
8.21268
7.88885
11.7356
9.64223
9.30147
9.8952
8.10087
7.55882
7.74298
8.25117
7.8067
7.78244
10.0762
8.22563
8.43878
9.22368
10.2122
8.50216
7.98365
6.86817
9.09814
8.70545
7.7322
7.87368
8.56564
7.47172
7.86334
9.29508
7.84219
6.74457
10.4066
8.69691
8.06434
11.8348
8.01513
8.56239
7.89932
6.83108
8.94584
8.19688
7.72234
10.0602
8.65769
7.45328
8.13305
10.5013
8.03409
7.51143
9.46327
7.65065
7.95863
9.15551
10.8817
8.21056
9.40243
8.9579
10.2001
9.14631
8.83848
7.83284
8.42163
9.89086
8.09908
8.21112
7.78133
10.6691
9.26598
8.30517
10.2068
8.1254
7.77199
7.86365
6.96643
10.1793
7.10538
7.06309
7.66056
8.46398
7.89233
6.88362
12.0735
7.41851
8.52177
8.53593
8.24345
8.11983
7.39775
8.44242
9.62143
8.41101
8.23765
9.26788
8.26524
7.57421
8.37147
9.16108
7.60618
8.40256
9.03669
7.24775
8.33728
6.50258
6.8168
9.4245
7.9967
8.85467
9.27001
8.22932
8.36564
11.3229
7.67303
7.40195
6.84172
9.19907
7.03394
7.92685
9.47547
8.86439
7.26218
7.91664
8.61848
8.05824
8.53108
8.83145
6.84513
7.81286
7.56376
8.25045
10.1545
10.6995
8.95222
8.48293
8.86718
8.07389
7.57605
15.1748
9.35704
8.68116
7.08893
7.19281
9.66687
7.20655
8.2987
8.20447
10.381
8.20197
6.5772
7.15092
9.73424
9.45716
7.69445
9.72158
7.15644
9.85692
7.74683
8.15866
8.66242
8.40616
7.69432
6.58397
7.37023
7.45891
7.68419
13.918
8.0393
8.36646
8.2443
9.38055
7.79314
7.75394
6.10652
7.42952
6.64223
7.37724
11.375
8.36371
7.88016
8.12176
8.53444
7.62482
8.47246
8.07299
10.8959
8.41801
7.05835
7.10057
7.07899
8.60335
7.50775
9.02642
7.85748
7.45118
6.42726
8.09755
8.36107
8.08102
8.20117
10.2638
8.43812
9.38514
7.74218
8.93688
10.3807
9.7096
7.98738
8.58464
8.16241
7.57503
7.9806
9.9919
9.24573
8.29324
7.5544
8.89278
10.6178
9.1938
6.9484
7.85983
8.45133
8.40626
7.44973
11.7205
8.93905
8.47315
7.12711
8.33973
7.03202
9.00843
8.87242
8.77281
9.08623
7.94925
9.31275
9.433
10.071
7.90477
9.22101
7.19551
8.0155
7.91929
7.57537
8.86927
8.89309
6.99818
8.15753
9.53284
8.90966
8.71307
8.80115
7.92252
9.2592
7.94006
10.1812
8.70168
7.10313
8.55312
9.71699
7.43093
9.04068
10.2252
9.55066
7.53445
9.78538
8.53711
7.37008
8.58923
7.8639
8.23493
7.91667
10.4362
7.94726
10.1198
6.75444
7.40445
8.89263
9.09284
9.45073
9.05143
7.62148
8.09318
7.33946
8.44026
7.88469
7.54082
10.5228
8.01277
8.58884
9.33496
12.0993
8.41506
8.12104
9.35278
9.01555
8.45337
14.2734
7.90821
6.43735
9.20034
8.13708
8.38053
9.25505
9.23297
8.49615
8.3992
7.65894
8.41932
9.52104
9.3799
9.92193
9.01551
7.95444
8.23173
10.824
7.5994
6.93417
9.93085
9.20742
8.24331
8.48226
8.47841
8.11527
9.36591
9.34454
7.98963
7.74331
7.81914
9.85702
9.5114
7.0535
7.28339
8.75224
8.92511
9.09342
12.1941
7.18636
8.26394
9.15649
7.79076
8.7842
7.4809
7.85255
10.054
8.48308
7.69373
7.92401
8.2136
9.93755
7.63818
8.0096
6.51208
7.02004
8.37025
8.88447
7.68457
8.49791
10.8073
7.9791
7.88078
12.4192
8.51739
8.35972
7.23781
7.81244
8.89023
7.73615
8.44462
7.15115
7.18043
7.4849
8.06959
8.74564
9.67037
8.10073
8.80015
9.49845
6.99323
8.80093
9.22428
8.60874
7.46939
10.4732
7.51272
8.41587
8.70266
7.09436
7.49753
7.78402
8.59013
8.43675
7.62257
8.063
9.13154
9.16001
8.32499
7.85445
7.55241
9.13867
9.94601
9.7662
8.46235
8.02519
7.81406
8.12379
7.74328
8.83779
8.71867
7.88447
9.76993
9.02707
7.12429
10.0545
11.0209
8.43357
7.98457
8.41713
7.90119
6.93667
8.04454
8.52528
9.55379
8.40319
9.05097
7.15573
7.16169
7.72518
7.64746
8.35993
8.7693
8.86488
8.93912
7.03698
7.24702
7.36079
7.8401
9.47084
7.63126
8.12707
9.48541
9.58264
7.75127
9.55479
7.7722
7.27635
11.4063
8.78683
8.25932
10.1906
8.61862
14.3351
7.52233
8.54111
9.23009
6.98699
9.43263
8.69445
7.5673
7.375
9.77771
7.22537
7.60847
6.81721
8.17941
10.1166
9.19648
7.85885
8.41011
9.01703
10.22
8.3476
8.31463
7.81919
9.17941
7.75562
9.02888
8.20769
9.33399
6.30409
7.68161
8.06027
8.50242
8.85258
9.43009
9.15769
8.23013
7.1197
9.45718
7.27761
9.71605
7.3397
8.29544
8.73047
7.76721
9.07511
7.44548
7.08562
8.43693
8.25313
7.7229
9.21253
8.53348
8.25684
8.05356
8.11311
7.91824
10.6571
7.41791
8.24753
8.48491
9.78462
7.63082
7.38251
7.96912
7.47669
7.51395
8.20732
9.10844
8.28467
8.57649
8.69441
6.94313
8.95601
7.41806
8.87347
7.67037
7.08886
9.12509
8.82625
8.75318
9.31113
7.69552
6.992
7.84641
7.43182
8.30178
9.23505
7.75765
8.76872
7.3164
7.68838
8.08311
9.363
7.99403
9.57892
8.39368
7.12793
9.07401
8.30293
7.75911
8.52777
7.53476
9.86452
7.24329
8.55351
7.40952
8.8616
8.41876
8.47605
8.92154
7.8669
6.73608
7.25603
6.9359
8.53149
7.56248
8.05048
9.17669
8.55476
7.54832
9.84247
11.676
7.33264
8.44658
7.5569
8.33589
11.8873
8.33853
8.10763
7.02777
9.41049
11.1296
7.35738
7.71741
8.81509
8.12027
8.49288
7.92262
9.31866
8.05648
9.02945
8.60437
7.91697
8.59684
7.65484
9.21097
8.60226
8.96373
7.56398
9.58734
9.34076
8.12214
8.10827
8.11864
9.9403
7.02417
7.97273
7.05656
8.27533
8.41206
7.75638
8.58019
7.77339
10.9538
7.99908
6.51392
8.14079
7.0283
8.70257
7.83543
9.76449
7.62342
7.64623
7.42975
10.7274
8.39487
7.94904
9.05363
7.42156
8.64032
7.87026
8.13917
8.88049
8.90127
8.28224
8.93923
8.91572
9.26049
7.28216
10.929
10.6835
9.01125
10.2977
8.15653
6.79912
9.16456
8.58788
7.5182
7.42378
8.61306
9.2175
7.51781
9.806
7.54616
7.46095
7.52585
7.42195
7.3356
7.35453
8.27112
8.84821
8.46163
8.78743
9.60255
8.2909
8.31589
8.919
8.28925
8.68848
9.84154
9.97386
10.2239
9.50532
7.05657
7.71128
10.9722
7.913
8.16956
9.30103
8.53641
7.98559
8.18303
7.38762
7.60824
9.61445
7.11715
8.8294
9.25236
12.305
8.52232
8.8643
9.79983
7.91286
7.54091
7.68359
11.2883
6.77648
10.0451
8.33661
7.00957
7.90322
8.32236
7.84144
9.46813
7.9031
8.05251
9.80419
8.44673
7.79607
10.9815
7.44984
8.86856
7.84329
9.27989
6.59265
9.56935
8.5714
8.87751
7.08546
9.34376
8.51183
7.7656
9.57405
9.22313
10.5885
9.34344
8.09899
9.54355
8.23781
7.68806
7.29884
8.28792
7.13293
7.339
10.5995
7.40829
9.48549
9.96871
10.5543
10.114
8.01508
8.81929
7.65329
8.66708
7.48699
7.50286
11.0873
9.37598
9.47846
9.55003
8.06722
9.0218
8.66676
8.90092
9.34089
8.71006
7.96739
7.17411
7.18109
8.09917
10.1035
8.56979
8.1426
9.37951
8.57087
8.71835
8.22935
8.72447
7.61233
9.39236
8.91692
9.93558
9.62144
8.28581
7.86071
6.96654
7.34216
7.86268
7.36825
7.8285
10.2826
7.72667
8.17962
9.58256
9.21869
8.3219
7.24289
7.26233
13.0464
8.66458
10.7037
6.74925
7.15803
6.96669
9.28302
6.97309
8.30745
7.80725
7.0673
7.96851
7.76265
7.82217
8.46071
8.3044
7.92223
8.21342
7.85577
9.48249
8.45615
8.08297
10.2638
7.66736
7.65325
6.616
9.0952
7.65133
10.2598
8.45909
8.20596
8.2537
9.68316
6.89891
8.76748
7.48493
8.59418
8.43343
8.75334
8.17448
7.02289
7.44808
7.51882
9.33026
7.05591
11.8579
10.1719
8.65677
8.71248
8.31626
8.53571
6.7055
10.6818
8.79036
6.75413
8.34782
7.04183
9.1375
12.7646
7.44341
10.7963
8.8508
9.41114
6.93232
10.4797
8.05639
9.49614
8.12211
10.5986
8.78868
7.01802
8.92214
9.98256
7.73356
9.12039
10.2558
8.04481
9.68602
8.90612
9.97293
7.33062
7.67539
8.46307
10.5192
7.7803
10.7351
9.5142
7.55888
7.9383
8.27156
7.66934
8.92884
7.60922
8.76255
8.97521
11.0514
8.50759
7.07403
11.362
7.35922
8.18255
9.93698
8.65393
7.25888
11.1533
8.31948
7.40864
7.73739
8.15717
10.1143
9.47832
8.34841
7.37185
7.88924
9.71919
9.93917
8.3158
10.9604
9.43381
7.61893
7.94208
7.84618
7.96495
6.97549
9.55419
10.7732
8.78978
9.14358
8.76904
10.097
8.36914
8.56182
9.32993
9.24853
8.23592
8.70125
7.72873
8.33118
9.47801
10.5983
6.50594
9.95425
8.11489
7.59574
9.68069
7.21589
8.86754
9.72243
8.58936
9.44038
9.54439
7.5121
7.99442
8.03374
6.52817
8.48194
8.2776
8.70009
7.97585
11.1542
9.6892
11.0092
7.52751
9.06158
8.64381
8.31667
8.264
8.79191
8.49438
8.27113
7.65203
8.88728
8.36964
7.39455
8.78761
8.67315
10.0019
7.56959
6.94892
7.01302
9.54235
6.86742
7.03255
7.98187
7.65914
7.89549
7.65138
7.44301
8.31981
7.73785
7.73647
7.44866
8.78674
6.95297
10.7823
9.09124
10.8927
7.63746
10.0915
8.32425
9.60328
8.54627
7.19724
8.18485
10.3655
7.84496
9.59128
8.81859
9.48545
7.58322
9.26127
9.42667
8.99432
8.29344
8.64592
10.2207
7.84781
7.54564
7.60367
10.8404
8.69313
7.14336
8.47948
8.15138
8.57267
8.07784
8.38278
7.3344
7.97309
7.66224
9.85847
8.41444
8.87309
13.0413
7.09065
7.43796
8.01007
8.42463
10.1119
11.3531
7.32652
8.02467
11.5073
8.5717
7.04578
9.53678
10.9439
7.58204
7.81375
8.25565
8.70606
7.48583
7.44056
9.54899
10.2218
8.14217
9.97679
7.98291
8.20966
8.14341
10.8796
8.7682
9.27082
8.95005
9.64209
8.07625
8.93038
6.6496
8.37169
7.60548
8.99044
9.09449
7.33898
7.9903
9.79592
7.14373
9.55854
8.03404
9.62079
7.90189
7.79034
8.29546
9.10148
9.14997
7.0347
9.07688
9.48238
9.01448
10.9901
10.6124
7.70422
7.28796
9.988
7.69938
8.71306
8.61567
10.1917
7.75301
7.44868
9.51442
8.64671
8.52972
11.9443
10.323
7.61341
11.8337
7.91496
7.56937
8.62489
8.94753
8.4844
7.16066
7.65189
10.0542
8.7315
8.72966
10.2012
8.34745
7.85866
7.54044
8.74478
7.18788
9.96425
7.64943
8.21557
8.73873
9.22209
7.94057
9.39638
7.98792
9.83758
7.08762
11.4634
10.3272
10.5651
7.96459
10.8594
8.64036
8.02351
8.18158
9.02634
9.56762
7.75172
8.14194
6.946
8.10963
10.9601
9.13621
7.56351
7.15422
8.49489
7.48707
6.80454
8.42435
7.45541
8.75622
6.97113
8.92886
7.78937
8.82281
7.95723
7.52174
9.30712
10.5448
8.36676
7.43522
8.11468
7.40231
7.95866
9.52341
7.8891
10.2498
6.77738
8.59099
10.7003
10.8978
8.18558
7.70689
8.83173
7.68075
8.12188
8.48172
8.38706
8.35723
8.56364
10.3799
8.34962
7.98438
7.43185
11.232
9.2337
7.66603
8.06071
7.99589
9.62862
9.20386
9.1162
7.60759
7.67888
8.67706
8.67481
9.46626
8.70099
8.35832
7.78716
7.99163
8.04635
8.22483
7.4159
9.2254
9.0805
8.68957
11.7158
7.09666
9.28543
7.61698
8.38112
9.29108
7.83144
11.2847
8.54948
8.20176
7.04422
10.1336
8.29667
8.06928
8.00603
8.26377
11.5689
8.1613
6.87748
8.71371
7.69632
8.22819
7.09969
8.2333
9.19453
6.66153
8.31441
10.021
7.64965
7.56677
8.2593
8.40371
7.69942
8.50807
9.30026
8.85603
9.02749
8.62612
6.93564
10.0502
9.77536
8.29954
9.04017
7.54836
8.48392
8.66688
8.40382
8.32138
10.3846
8.29761
8.04499
10.3095
8.46072
8.89103
8.34673
8.30553
7.32181
10.6785
7.88332
10.461
7.04089
9.53677
8.67018
11.1555
8.8335
10.8784
11.8359
7.11959
12.5538
7.5602
8.06455
7.96182
11.0653
9.39915
7.25834
7.94346
9.4459
8.37645
9.21932
7.06056
10.6582
7.1705
8.37271
7.86033
7.87755
8.62477
8.88637
9.1921
8.91197
8.56824
8.26281
8.0136
9.07804
8.39564
9.26277
10.7709
8.46559
7.44878
8.51487
10.0669
8.40171
8.24134
7.98551
8.05834
7.92536
8.48877
7.65464
8.46812
6.90231
7.66917
8.19106
8.111
8.52079
6.39466
7.09556
6.85724
7.44319
7.62953
8.94658
11.0031
10.2382
8.27953
8.55619
7.83223
7.6979
10.8896
8.98574
7.65721
9.82997
7.25148
7.61065
10.2468
8.00751
8.79103
8.41516
8.31398
7.88042
9.07026
9.48287
8.15068
8.14828
7.29749
8.29114
9.06255
7.03563
9.17457
7.02094
10.1678
8.09218
9.92723
8.10156
9.65181
8.51216
7.92031
9.72783
8.39973
8.6314
7.80113
8.38151
6.67196
7.93079
7.36233
8.66456
8.61542
11.1827
9.18981
9.69043
7.86095
8.91193
8.4786
7.43848
7.65917
8.85378
8.91254
9.27881
10.0513
8.54585
7.97677
8.55215
7.66055
8.64167
9.63044
10.427
8.38081
10.3078
8.90799
8.3076
8.73269
10.3745
8.91321
7.43287
8.40941
9.04444
8.52018
8.09314
9.12411
8.58857
8.92706
8.30809
9.28576
7.5484
9.80983
8.01737
8.05546
7.67111
7.55021
7.66895
9.15766
8.83799
8.76542
8.75882
8.16139
8.10816
7.28007
9.41358
7.54565
10.2624
11.2255
7.77657
9.58003
7.60182
8.29219
9.06348
8.38657
10.3592
9.80404
7.26953
8.41384
7.40923
7.88904
8.42936
10.2212
9.65144
8.80929
10.9265
9.38017
8.3857
9.62848
8.23883
9.06269
7.9041
9.166
8.77325
8.15567
6.92523
10.6996
12.4457
7.1681
7.70054
8.25277
8.21732
7.90719
10.3646
8.08808
10.0418
9.54952
8.24197
8.51308
8.30807
8.38078
9.51035
9.10274
7.84741
7.60918
7.93779
6.97137
8.39184
8.47927
6.4948
8.31949
8.98063
8.00697
6.91299
10.938
8.6618
9.34397
7.63489
7.0115
8.6071
8.56797
9.63168
8.8843
9.13779
7.74857
8.08168
7.78773
7.92707
7.85273
9.40588
10.5353
7.12007
7.90514
8.59036
9.47316
8.13152
7.73511
7.45733
8.4824
8.70213
8.24788
8.85038
8.52643
7.98678
6.86128
8.59657
9.89604
9.08465
9.17641
9.35098
9.19734
8.50006
9.187
7.65917
10.9382
7.07616
6.81551
7.58692
9.61004
7.35012
7.55552
7.95335
9.44182
8.48054
8.78363
8.38804
8.06447
7.70638
8.28375
8.00004
8.1334
7.78465
8.55196
7.31387
8.37591
8.91891
8.12842
9.06717
8.52044
7.34016
8.02693
10.6433
8.44741
10.6466
7.79638
8.47417
9.13196
8.09476
8.76448
9.08687
8.07676
6.5866
12.2387
8.59619
9.6646
6.91703
7.82567
7.20612
9.84644
8.54386
8.37922
8.32044
9.47014
9.85842
7.72623
8.6883
10.0271
7.77175
8.40219
7.91916
10.2293
8.66697
7.10717
6.89634
9.50459
7.58629
8.31683
7.88636
7.66996
12.8932
9.37181
8.55469
7.73959
7.3967
8.94666
7.35953
8.5124
8.56218
7.59442
9.56008
8.50206
7.96155
8.78342
9.34498
9.55498
10.7439
9.38488
8.29189
7.42657
8.09125
9.37704
7.73437
7.08455
8.51146
11.0187
8.19584
7.04244
8.27716
8.74237
9.19661
12.9141
8.7508
8.15742
8.40959
9.56312
7.67113
7.89928
9.2101
6.71604
7.21596
7.8519
10.6383
8.42045
7.68897
6.86527
9.23774
8.43875
7.58467
8.64817
11.0343
7.92807
8.85763
10.8594
7.57925
9.13764
8.01254
9.06151
7.35527
8.46265
9.16283
7.65184
9.25535
8.15794
6.98719
7.55609
7.89816
8.61941
7.282
10.4921
8.38316
8.93129
7.71218
8.51198
7.5603
8.58073
10.1492
9.54956
7.43177
10.2953
9.65432
8.2221
8.78906
7.74092
8.13966
7.56374
9.01383
10.4205
10.8562
7.4264
8.07841
8.00735
8.08975
9.02458
10.0253
7.25099
9.48131
8.00634
7.87987
8.38802
9.34055
7.65185
8.61946
9.44007
7.92651
7.46451
8.98119
6.9634
8.9024
8.12331
8.6998
12.1497
8.68731
7.91224
7.46425
10.1467
9.36604
8.69484
7.80538
8.83022
6.76774
8.32328
9.17161
7.88908
6.93058
7.13064
7.0543
8.29183
8.76071
7.51699
8.8661
7.86444
8.00684
7.23855
9.47198
8.06413
8.29664
8.9102
7.1559
9.03083
8.2535
7.05685
7.84831
8.31291
8.35565
7.05447
7.49053
8.11809
11.8051
7.73084
7.82646
10.2121
7.66344
9.58191
8.0438
8.14563
7.28764
10.045
8.39035
8.47864
9.0151
7.14463
7.84998
8.74578
9.3821
8.04368
10.1138
7.16454
9.29869
7.1183
7.31327
8.79499
8.02593
8.954
8.06915
10.0444
8.47612
7.6657
9.69205
7.5516
8.51653
7.68659
7.33517
7.95342
7.08126
10.6052
9.07953
7.16023
8.06957
9.16986
7.42565
7.21686
8.32034
7.33118
7.36744
7.9838
7.44031
8.79651
7.70465
9.75629
8.92856
8.12662
8.01234
9.99718
8.16038
9.7213
9.16793
12.0339
11.1765
11.3598
8.37124
6.91307
8.98529
8.23689
7.60368
7.49132
9.48284
8.52138
8.01126
7.06736
8.46312
8.34783
9.01306
8.30374
9.36826
8.36908
10.0494
7.55669
10.2106
7.95316
8.23203
8.27607
8.1622
9.27556
11.0998
8.75502
10.1337
9.84532
8.43222
7.5734
7.86634
8.10125
8.03152
6.97522
8.36345
9.35017
7.87016
11.049
6.58751
9.57621
7.46115
8.13569
8.49479
9.34131
8.33012
8.14534
8.12986
9.43902
6.99845
7.38948
8.55153
8.31501
9.43911
6.91909
11.5005
7.62234
7.70272
6.72916
9.79089
9.12313
8.58687
8.74431
8.73312
6.78057
9.67397
10.443
9.71624
8.95323
7.44966
7.70593
7.54931
9.60354
8.25536
8.45518
8.51774
12.2071
9.15509
10.8601
8.86497
8.78125
8.53329
9.49148
7.69992
7.38736
7.91954
7.41303
7.89586
6.55454
9.17912
8.01565
9.88331
8.8704
8.42231
9.53411
9.48479
7.72024
7.97502
9.67495
9.09687
8.77463
7.23784
7.04436
8.61304
8.42821
7.096
7.84365
9.66193
7.13768
8.42669
8.3394
7.52261
8.45593
7.75274
8.91043
10.6285
9.63338
9.58699
7.21592
7.05174
8.89311
7.88397
7.20443
7.34534
8.8626
7.39336
9.93553
6.76324
8.81948
8.68393
9.08618
7.33503
7.18895
9.21216
8.99809
7.6752
7.29109
8.78003
7.36406
7.89988
8.57139
8.56244
7.64652
7.68304
8.50695
8.80734
9.72997
7.96605
8.36859
8.36189
10.2454
8.73757
8.0649
8.12609
7.16443
8.15779
7.66179
7.56821
7.31455
9.73545
7.75201
9.75962
7.70891
7.93549
7.71266
9.23352
7.35641
8.97227
9.3037
12.1395
7.64633
8.16921
8.913
7.78226
9.04859
8.4928
10.0266
7.26127
8.20879
9.54975
7.99197
8.08751
8.75434
7.87519
8.7351
9.82619
9.93867
9.84785
9.20391
7.26198
6.53983
7.04779
7.73534
8.50625
8.87201
7.85516
8.74251
7.69915
6.68054
7.50353
8.74263
7.92365
8.82933
8.02543
9.23231
8.83843
8.43786
9.06124
7.08515
9.55662
8.24096
9.07338
7.90388
7.90014
9.35288
10.189
8.27215
9.91066
7.10594
7.1237
7.69919
7.28366
9.60666
8.26023
8.08517
9.11471
7.6999
12.8346
9.00893
8.4457
7.70556
8.05324
7.55425
8.44857
8.14988
8.52436
8.9426
6.99762
7.39629
8.12006
8.4912
7.15782
7.20806
8.18028
8.04423
8.063
7.92006
8.86614
8.8612
11.1134
6.51187
8.94541
7.75493
8.0002
7.2672
7.90786
8.59727
8.43868
8.3861
9.03648
8.24701
7.13212
9.09668
8.40962
6.78364
9.64888
10.3331
8.29169
7.71031
7.07693
9.61915
9.48475
8.12978
11.213
10.3017
8.75763
7.78011
8.8691
8.46132
7.59862
9.65833
8.08318
7.20583
7.96138
10.5162
9.00789
8.56727
9.04137
8.25864
9.9876
10.672
8.39757
7.68672
8.32895
8.53184
7.143
8.05193
8.25392
8.53368
9.79911
7.34574
9.04175
9.57665
8.42838
9.74566
7.68681
8.29322
7.29268
9.71317
8.55717
9.64217
7.112
7.50083
9.62311
9.14399
7.68985
7.3249
8.83516
7.39864
8.75666
8.56316
8.0766
9.56856
8.77344
9.7824
11.6656
7.42216
7.1274
10.8859
9.34793
9.12479
7.62388
11.277
9.01041
11.2184
10.1876
9.49595
9.0382
9.5585
7.63924
8.49981
8.97731
7.98178
8.48491
7.33242
6.73502
8.30228
7.516
8.70919
8.08971
8.26431
8.1674
7.3173
6.86932
6.92229
9.6416
9.86928
8.31225
9.48193
8.22058
9.12381
7.19333
10.0955
7.37012
8.80112
8.50342
6.75513
8.66331
7.9229
8.55428
11.1511
8.04049
8.06836
8.5399
8.00654
9.03152
10.7571
8.10524
9.794
8.27831
9.77178
7.84112
7.04714
9.80699
11.1791
11.1133
6.91153
7.79626
7.17219
7.64579
10.8745
7.60863
9.78608
10.3778
9.0438
9.12528
9.91609
8.06318
7.96783
9.31381
9.28843
9.14483
9.13657
10.2007
9.15537
10.3753
10.4341
8.05553
7.06151
10.0326
8.50493
8.59695
11.0426
8.23758
8.36145
7.52154
8.5015
9.08159
8.67083
8.40153
8.46386
11.3239
7.42156
9.40413
7.45763
9.30108
9.44096
8.43761
7.35281
8.11475
11.0918
8.76124
8.3018
8.18158
7.60133
8.48618
9.01701
7.64539
9.44186
7.2475
7.65529
7.84852
7.09608
9.10605
6.85537
8.84818
8.12073
7.52116
8.1686
8.46558
7.03508
8.28906
9.97073
6.95506
9.43767
7.99986
11.0883
7.11656
8.47811
8.73254
8.29804
8.18467
10.0675
8.00953
9.53352
7.84097
8.65711
7.13809
8.12612
6.79852
8.16454
9.13077
7.83581
8.56133
7.49867
8.73876
8.41775
8.95029
8.37571
7.96614
7.68872
8.81168
7.00468
7.88526
7.76703
11.2098
11.3631
7.64725
8.06663
8.09841
10.0234
8.59976
7.27526
7.71683
7.64557
7.05103
10.0328
7.81467
8.22911
8.27387
7.38168
7.00651
10.4512
8.1823
7.4564
9.82865
7.99743
8.42134
10.3823
9.54306
7.99722
10.099
10.2765
8.75151
9.02523
8.78274
10.3044
7.19032
8.6996
9.30039
8.5744
8.00028
8.50755
8.67888
8.23919
7.7432
8.0611
7.80501
8.39413
7.09026
8.59503
8.31385
11.1907
9.85019
11.4801
9.05087
10.6072
7.83312
9.59282
7.99477
8.00816
8.52483
7.81556
7.40925
8.26528
8.06943
7.80833
6.76648
8.19779
7.82068
7.70826
8.99522
8.3388
7.86154
8.77066
10.0255
8.45261
8.52491
7.52358
7.92354
10.2559
8.95382
6.96673
8.8215
9.7039
7.9931
8.55629
8.39356
8.97201
11.6292
8.19135
8.50768
8.71031
7.17
6.60963
8.71146
9.96914
8.04619
9.42828
7.51782
9.1397
8.7063
8.81652
8.18676
7.87113
9.1912
8.62192
7.74667
7.87212
9.91269
10.9596
8.71824
7.65423
7.83712
10.7777
9.02317
7.85643
7.94972
7.55504
7.27497
6.96047
7.32064
7.72129
8.33995
7.97627
8.28955
9.96925
9.12224
7.9989
7.72478
8.79036
7.50217
7.3385
7.07524
8.34198
9.71061
8.62144
10.1456
7.15585
7.76212
8.9319
7.23671
8.60196
7.94768
8.36429
9.86167
8.20309
8.36515
7.66651
10.2421
10.5511
10.2451
9.21855
9.42181
7.75758
8.85577
8.80838
9.39796
8.29935
9.8664
7.82005
8.03985
7.14229
7.74053
7.94582
9.80048
7.6927
7.63647
8.22791
9.27701
10.4808
8.37394
8.12278
8.03827
9.11453
7.78537
9.46625
7.42441
6.75973
8.84016
11.6711
8.11475
8.32125
7.86312
8.86791
9.75495
7.61299
8.16967
8.22709
8.63789
7.63163
7.41738
9.45886
7.9273
9.76774
8.33977
9.02267
9.08721
7.85083
7.95314
8.07229
9.18747
9.46312
7.87879
7.02373
6.98043
10.0357
7.35992
8.86326
8.37404
8.86527
7.68253
7.70078
10.2428
7.37353
9.86476
8.04
7.54567
6.17351
7.57184
11.4222
7.83773
6.52389
8.28893
9.00345
7.47847
7.58103
12.3134
9.96645
10.4385
9.60538
8.24023
7.96048
8.33494
8.21772
10.0129
9.20267
7.02147
8.69557
9.95182
7.62558
7.23636
7.70846
9.59489
7.46749
8.56739
8.49302
7.85923
8.12795
7.87425
10.2543
9.13956
8.59298
7.77015
9.64594
8.56555
8.49053
9.04217
8.759
7.57734
7.92674
6.81833
7.37684
7.09575
8.10093
8.05515
7.40679
10.4434
7.7357
9.01724
8.58278
8.26068
7.92823
7.59841
7.61054
8.98425
8.00637
9.24233
6.95771
8.06019
7.89921
9.70608
8.6951
8.43345
10.1157
12.4222
8.58444
7.98392
8.23992
10.6789
7.0722
7.26796
8.56002
9.03656
10.1117
8.40873
8.46169
8.18309
9.02184
6.25115
9.68329
8.83867
8.45627
8.30722
7.41792
9.34556
9.49677
7.27619
8.11291
9.03269
8.75568
8.2932
11.4999
9.17422
8.12935
8.49699
9.17761
8.35806
8.27844
9.18589
9.59439
7.49057
8.68343
6.7611
9.0664
8.70418
6.54736
8.73275
7.30448
7.53968
11.7238
7.08604
7.34793
7.15241
7.44169
7.54481
8.25785
11.1257
7.98638
9.6488
8.58076
7.71776
9.56455
10.5914
8.00154
8.5332
9.53262
8.71111
8.55671
10.0583
8.43087
8.91774
7.763
9.53093
8.30324
9.92573
6.69366
8.63411
10.2424
8.74668
8.63357
6.81518
10.1876
10.7487
7.6937
10.5079
8.43304
7.81326
9.04437
7.80902
10.6084
8.02677
9.14166
7.45484
8.02779
8.366
8.18607
8.56882
9.73156
9.05314
9.50695
7.85922
8.0065
10.4968
7.94202
8.41635
7.63501
7.28375
7.6147
8.41294
8.6192
8.75517
7.03625
7.06401
7.53258
8.57984
8.71768
7.4356
8.71832
7.27067
11.4014
7.6678
8.73551
8.77421
8.80169
10.6225
7.57344
8.31823
8.01373
10.0322
8.39037
9.22733
8.93159
8.20416
7.65926
8.53375
7.54469
7.746
10.9485
7.65779
10.3891
8.2839
8.65905
10.3556
7.73818
8.75422
8.34417
9.4563
9.8457
9.41709
7.85123
7.46911
8.98646
7.96025
8.32196
10.6859
9.42662
7.82856
6.7736
8.84031
8.88944
8.78841
10.9556
8.45464
8.57241
10.0897
8.09067
7.6986
7.70401
7.33049
8.99956
10.136
7.04155
7.27753
7.23436
9.86319
7.31457
8.24531
7.41366
9.70317
7.91921
9.43588
8.25412
8.23066
9.8905
7.54558
6.83165
9.01545
7.30599
7.96514
9.12474
7.97245
7.84382
8.96899
8.15799
9.17533
7.84635
8.83672
8.21893
7.98044
8.82479
7.84941
8.78906
8.47092
9.39193
7.67229
7.98132
7.26263
8.3435
8.93753
9.8301
8.71976
9.07111
7.79002
9.58078
7.49135
8.79278
8.61303
8.51594
8.25751
11.132
7.97049
8.07473
9.22432
8.23436
8.38633
8.43301
7.8459
8.8029
7.58997
7.9088
7.53935
11.1093
8.52536
9.61607
9.18182
7.57829
8.47311
8.12687
7.80881
9.26113
8.96059
9.73338
9.77412
8.18015
7.62507
7.88627
8.35161
8.86911
7.90546
7.69252
7.91153
10.9403
7.88714
7.9455
7.57312
9.65997
8.76657
7.97605
8.60542
9.08308
8.06595
7.57801
8.60548
7.28508
8.46653
8.53648
10.2534
8.26432
8.82551
9.53007
8.41026
12.1002
8.36567
7.66716
7.4321
9.36481
9.55036
9.6206
7.87283
8.45561
11.2916
10.6778
9.09438
7.71018
8.2874
9.21315
7.08612
9.35752
9.04287
8.53709
8.19354
8.07891
7.50867
6.69794
9.64937
8.41174
6.36328
10.9561
7.18862
7.57037
9.08024
9.41296
8.32172
8.90036
7.24391
7.07458
10.538
8.62651
6.59531
11.4127
11.0857
7.40948
7.72663
9.52513
8.59593
8.44409
11.4061
8.35837
7.09207
7.4022
8.13272
9.44475
7.21284
7.81551
8.91818
7.67329
8.09181
8.42579
8.39758
7.47402
6.47514
9.17644
7.40032
9.347
7.53702
7.61901
7.17713
8.34253
7.07912
9.61173
7.74345
8.27634
9.28701
8.70596
10.034
7.828
8.27474
8.36092
7.56904
7.75965
8.41382
9.01353
7.29534
8.37115
8.87328
7.78964
7.62686
9.61679
8.09941
7.88273
8.01989
8.14127
7.33824
8.22713
7.01644
8.31393
8.7428
8.45226
10.4221
8.44092
10.2604
8.35114
8.83613
8.96627
7.19356
10.0633
8.20499
8.5793
7.99383
7.51274
9.20109
8.09576
8.3378
8.35186
7.84118
9.34529
9.32495
9.13615
8.41852
7.8523
8.61644
8.0387
9.03672
9.23033
8.75712
9.67337
8.39561
7.91591
9.68151
7.41278
7.75266
9.07957
7.08935
9.56841
8.13323
7.68561
8.68227
7.48392
6.55643
7.01459
7.29352
7.7417
9.47979
8.10058
7.46441
8.08073
8.08742
7.7156
9.47972
8.84595
9.99554
8.41015
8.25202
7.55111
7.04499
7.22876
7.44932
7.69757
10.5285
8.33464
8.09566
7.0648
6.94966
7.32655
8.05554
9.16168
7.36118
8.92645
6.97995
10.1033
9.62205
9.15343
8.15047
9.71209
8.06292
7.92768
7.19798
8.10393
9.44915
8.49864
8.94627
8.401
8.12868
7.21749
8.90723
8.23614
6.8652
6.55131
7.0534
7.19799
8.97177
11.282
6.4299
7.13649
7.68195
9.19089
7.15217
6.51116
8.7121
10.7697
8.41767
7.64931
8.8461
9.27812
11.5775
9.08692
7.96191
9.97983
7.87409
9.93149
11.2817
7.85199
8.50842
8.95766
8.11293
8.43876
10.2902
9.973
11.7292
8.84835
8.8824
9.83405
9.0765
9.52902
10.0461
7.96056
7.05939
9.28838
7.74058
7.84002
10.3345
8.29798
8.32584
7.44627
9.27597
7.35787
8.40159
8.32195
9.79187
7.98864
7.27955
8.45724
9.08439
8.6569
9.73551
7.52255
7.24115
9.66166
8.48935
6.95518
8.03829
9.38671
7.59082
8.90064
9.28767
8.15152
9.66815
9.09629
8.33586
6.92002
7.5212
8.04626
8.04035
8.70214
9.25173
9.73871
7.19143
7.83595
8.82437
7.95843
7.91808
9.54089
9.03253
9.65989
8.84327
8.51159
11.871
8.46173
10.0298
8.19932
14.4306
9.62194
7.44967
8.87442
9.75971
8.72436
7.37626
9.24314
7.723
9.34548
7.84035
9.42667
7.0858
7.91353
7.19539
9.50091
8.83652
8.54125
8.38286
9.57028
6.69657
8.64367
8.02798
8.19063
9.66679
9.26241
11.2453
8.38453
6.7658
11.4705
10.2992
9.29353
9.24105
8.27176
8.3862
8.39812
9.13467
8.42168
7.63378
12.2508
9.62553
7.84019
9.06181
9.76648
7.2528
8.18574
7.76
7.96374
7.67729
9.48729
8.89653
7.62269
7.39044
7.51811
8.62757
9.2676
7.24104
9.04455
8.19565
8.3086
10.669
8.22985
8.82178
8.20975
7.88452
9.66854
10.7939
10.4743
6.54288
9.29044
8.24691
7.37974
7.84146
9.25728
7.93764
6.65889
8.83828
8.4434
11.0535
7.15383
8.87917
7.35718
9.18775
8.25405
13.1002
8.52831
8.7351
7.355
7.49562
7.38601
6.87107
10.9121
7.93033
7.52973
8.12838
8.08942
8.49012
9.53777
8.75474
8.3899
6.4446
7.20449
8.56965
7.30895
9.85283
7.16438
8.3573
9.26814
8.09846
8.34382
8.40231
7.59376
6.84252
8.30655
11.2304
9.96629
7.52274
7.91499
7.74436
9.41776
7.44381
7.19126
9.58261
7.41254
10.609
8.66502
7.00884
8.5581
10.5257
7.86506
8.41585
8.634
6.43585
8.644
7.28652
7.00379
8.03865
7.60471
7.33773
8.66943
7.66938
8.94035
7.51792
9.1804
9.13146
8.94801
9.08806
8.54697
7.90923
9.54356
7.41909
9.81574
7.02903
8.14828
9.16226
7.88175
11.2074
8.71814
8.28393
7.72109
8.06684
7.72971
9.60829
9.76669
8.2244
8.75765
7.08914
7.63783
8.24344
7.68216
7.99147
8.29558
9.24801
7.87403
8.87354
8.734
8.98273
9.78451
10.4001
7.65204
7.63836
8.6445
8.70671
9.05136
8.96037
9.70312
7.9656
7.93303
7.55771
8.333
9.63183
9.90184
7.60584
7.53875
8.7722
8.81088
9.07316
7.93601
10.1584
8.46912
8.42113
7.7722
7.94664
7.77645
7.98946
7.60646
7.83907
7.62584
7.0802
8.42659
8.0982
8.35398
8.96132
8.54001
9.05885
8.97973
8.44724
6.68299
7.53635
7.72081
9.00102
8.25527
9.06834
8.52119
7.44568
12.0976
10.106
8.30029
9.79565
8.93842
8.0427
7.16079
8.12025
8.21787
8.55287
8.19783
9.19523
7.74826
7.45526
10.952
6.78292
9.25613
7.67543
7.47579
7.38437
7.33522
12.592
8.68978
9.25405
7.13183
8.19613
8.16511
8.99847
7.00621
8.34942
8.55071
9.54702
8.15784
8.8895
7.98352
9.3662
10.6198
7.31271
7.6732
7.76042
7.11361
9.47362
8.41005
7.7037
10.6803
9.56169
7.23889
7.87834
7.56218
10.2855
8.23834
8.02584
8.60885
8.00788
7.19198
8.19434
7.94374
7.07111
8.50125
8.39386
6.55511
9.46107
8.70909
7.9626
9.22842
8.59585
10.3546
6.4177
7.54904
7.89314
7.70693
8.14229
7.03869
9.27206
7.67652
8.15149
9.35374
7.76289
9.64537
7.85293
8.01154
10.1573
7.078
9.00702
8.34878
9.90549
7.60473
8.12496
6.99776
8.84857
8.0306
7.43664
9.75338
9.63968
7.54667
7.90349
8.11647
10.0585
7.84551
7.58064
8.33867
9.09959
9.98493
9.32832
7.40128
7.29637
7.4019
8.25042
9.71795
9.0906
7.65482
7.3345
8.87678
8.01681
7.33736
8.42672
7.47336
7.175
8.47176
8.9842
8.54392
8.0203
7.17108
9.06667
9.43781
10.3018
8.43107
8.00403
9.30273
10.8365
8.08331
6.82806
7.01877
8.47371
7.72537
9.0643
7.37934
7.69373
7.69082
7.92189
9.35442
8.30677
8.5294
8.47146
8.03267
7.45896
10.105
6.86041
9.17367
8.48168
8.02472
13.3293
7.0742
9.00607
8.60967
8.06107
7.61891
7.64516
9.08688
7.60907
8.19765
7.84636
8.38715
6.80167
7.09886
11.0311
9.45157
7.14546
7.05871
8.41936
9.88577
7.23646
7.83087
8.03859
8.51046
8.159
7.80871
7.69875
7.54961
7.66277
8.12417
8.25753
8.86563
11.6022
7.70423
8.04941
7.75291
7.63224
7.71294
10.939
7.88714
8.28798
8.74609
9.82609
9.5762
9.42042
7.47152
8.02426
9.4084
9.28516
10.4484
10.7637
7.71696
8.17473
7.74374
8.98629
8.33104
8.2861
7.0353
10.4652
7.80737
10.0931
9.75168
9.14883
8.1508
8.08489
10.1362
7.97728
10.0958
10.5879
8.82048
9.56872
7.33574
8.28798
9.03027
7.54495
8.47685
8.45162
9.22401
7.54544
8.45993
8.54337
9.16049
10.8857
7.32133
7.82386
8.282
10.2801
8.30751
9.68447
8.44581
8.89316
7.77034
8.13556
7.35013
8.71845
7.62112
8.22243
8.83526
7.47012
7.53062
7.21163
8.54913
9.24449
7.56794
8.78496
11.3846
9.21597
7.45991
9.71114
8.23526
8.15917
10.0032
8.96768
6.95585
9.50495
9.1426
7.80946
9.00217
9.50061
8.0655
9.21916
7.55027
7.42252
8.72427
8.20831
7.97421
11.7561
8.62238
9.17535
7.53902
10.0397
9.89311
7.94643
8.11828
9.44064
11.3924
7.46817
7.98447
8.59258
8.68076
10.1238
9.20432
8.89415
10.1038
7.95848
10.1946
7.49528
7.34787
13.6634
7.97044
7.59717
6.53832
8.16422
10.1188
8.54967
8.60355
8.46772
8.31185
8.94059
7.36703
6.72474
8.37158
7.79589
8.81508
8.69503
12.7651
7.69094
8.11267
7.91535
8.42764
7.66809
6.48564
8.35556
11.3012
7.86971
8.41113
9.99884
7.85657
9.12994
8.36258
9.02865
7.25091
10.1338
7.02785
8.1919
7.37547
8.02151
8.99364
8.26157
10.0115
6.92162
7.21462
8.47145
9.62544
9.48864
7.60529
9.68516
9.56326
8.48719
8.54402
10.5184
8.41352
8.57954
9.02263
7.91368
9.44104
8.1555
8.80519
7.14678
9.48453
7.47287
7.38718
8.31645
7.86136
8.22339
7.87481
7.60728
9.98876
7.45474
6.63109
7.71116
8.23665
8.33791
8.38931
11.4805
7.25891
8.82276
9.40066
9.16292
8.98742
8.28174
8.04918
9.41661
8.67943
9.14731
8.48691
8.11027
9.55767
8.53564
9.04844
8.93027
8.79792
8.18233
7.81505
8.46342
9.63495
9.03516
7.45223
7.40398
7.78931
10.678
9.4271
10.6321
7.53083
8.36892
7.77804
8.17442
7.15552
8.73468
8.29394
10.0256
8.14033
7.22174
8.1692
7.88312
8.19916
7.18089
7.61283
10.5831
7.20961
7.95762
7.53846
7.63427
8.12409
9.31545
8.60172
7.94116
7.69581
9.17052
10.1172
9.06569
7.60751
10.2456
7.82021
9.79151
8.83334
8.24683
8.16672
9.09821
8.26511
7.36758
10.0432
7.88258
7.88831
7.44944
7.5255
8.84979
9.95978
9.20894
7.73246
7.46309
8.67807
8.05916
9.92996
7.90751
7.66
8.03811
9.5264
8.44922
8.90198
7.82378
9.52522
9.54423
8.01352
7.40734
8.85435
9.26769
8.70511
9.56187
7.63818
9.10997
7.88803
9.02701
9.16027
7.1662
6.84924
7.63621
9.89343
8.44589
9.05871
7.35173
7.4159
7.27318
7.5464
8.07125
10.8246
7.70509
9.85573
7.14952
6.92921
6.56914
10.3415
10.1611
7.83395
8.76551
10.8337
8.22057
8.06327
12.2024
9.24002
10.3434
9.60202
8.7743
8.59446
8.77191
8.51591
9.88334
9.34178
7.94604
8.79794
8.28875
9.98491
8.54679
12.145
7.6918
8.34331
8.31426
8.83751
9.78352
8.00577
7.93308
7.74311
7.95341
7.65689
7.97493
8.64758
8.67161
8.28985
7.71615
8.12789
9.23017
8.60791
9.90098
8.56394
7.28357
8.256
9.84656
8.4353
8.46905
8.26125
8.29105
7.73855
8.81826
7.42877
6.95984
5.85123
9.54158
8.91497
11.202
8.2232
8.85105
8.68889
8.26994
9.01442
6.68422
11.0249
7.58319
6.93449
8.05691
8.00022
8.2907
8.03667
9.64241
8.16624
8.82467
7.5438
8.39227
10.1135
7.93063
11.0033
8.3526
9.89787
8.63407
8.1277
8.52478
8.28817
12.1466
7.52689
8.41344
9.23588
7.69199
7.64573
8.1262
7.97694
10.0017
8.62079
7.89964
7.3973
8.56408
8.77952
7.57623
9.2969
7.60052
8.25401
8.22873
8.54294
8.32798
9.74936
8.97222
8.49684
7.18466
8.29888
7.92985
7.8764
8.35408
6.91916
9.78968
11.226
6.94931
9.02599
10.5773
8.88259
8.6814
8.3344
9.06782
8.9073
9.20362
8.98755
11.4828
8.0774
8.90758
9.46236
6.48985
8.38273
6.72296
13.1896
8.64793
8.70445
7.3243
8.1028
7.28155
6.72656
7.786
8.64916
8.82015
9.33939
7.81175
9.80564
7.71886
7.59221
11.3705
10.1897
8.59251
8.44609
7.32722
7.67456
9.14418
7.62981
9.11434
8.19812
7.91516
6.61798
10.9842
7.29387
8.66805
8.3928
8.78525
9.62679
10.8044
7.93957
7.60822
8.03613
7.08934
7.62813
7.27944
7.50382
7.35579
8.00161
8.94427
7.74846
8.02363
11.183
8.07927
8.35781
7.74509
8.20298
6.44534
7.70948
10.307
9.84232
8.98342
7.09288
9.28534
6.94902
7.19786
11.6433
7.69881
6.30474
8.96021
6.95679
10.3348
8.65465
8.6434
10.0466
9.77113
7.84513
11.0349
8.07268
7.83151
9.23158
8.13374
6.97909
7.96551
8.43638
8.20085
8.68907
7.46659
7.62064
7.54107
9.15587
8.38598
8.77567
8.45501
8.14755
7.18837
7.93305
8.94079
9.41149
9.2402
8.48024
9.08208
8.07588
10.0973
8.31112
8.41857
10.8531
9.46708
8.16037
7.97304
8.85396
8.57681
8.42802
8.35945
9.92666
7.62938
7.40584
7.32791
9.3704
8.14016
7.91588
6.49387
8.92833
8.74802
7.43562
10.2119
8.86358
8.68138
7.90357
8.87708
8.17088
7.28611
8.67563
7.94394
8.19259
7.49683
7.37201
7.48485
7.49619
9.09647
7.28075
10.3603
9.68722
8.4442
10.3176
9.27032
8.60918
8.6418
7.26462
7.30175
8.33501
7.61866
9.31637
9.11393
8.17019
7.68589
8.13158
7.24599
8.88615
9.23746
8.73113
8.56679
9.07229
10.3253
7.33339
9.25231
7.62679
9.74533
7.93301
9.01169
7.71008
8.92427
7.79896
9.84539
9.34618
7.14572
9.08159
8.26595
6.92341
7.88064
7.53157
8.16014
7.26136
7.76237
9.0823
9.80597
7.63691
8.97448
7.55456
9.47686
8.50982
8.68969
9.26857
10.3553
8.10515
9.34707
10.3261
10.7355
10.1139
7.878
8.16504
8.23069
10.1918
9.61386
10.3784
7.7634
8.65046
10.4773
7.66035
7.74243
9.75971
6.97201
8.21072
8.91026
9.03851
9.30521
8.31344
12.7134
7.5717
7.29166
9.38186
10.4057
8.57626
7.48994
8.18619
8.96513
8.09757
9.26538
6.97375
9.96955
8.15411
8.21853
8.67959
9.05522
7.66947
9.54166
9.70339
7.94163
8.26033
8.50831
7.87746
7.6189
6.28021
10.3228
8.30712
9.62922
9.14324
7.77685
11.0021
8.8617
8.5894
9.1742
8.01209
8.56127
9.60129
7.98029
8.20431
7.47218
8.01981
9.90435
10.7828
9.69667
10.7346
7.98187
8.02263
7.08594
7.93086
9.35819
7.87392
8.04682
9.10921
9.19576
9.5262
10.3358
10.1382
8.90188
7.19655
6.30895
8.36474
8.07135
7.12838
11.393
8.69041
8.10684
8.08319
9.46192
8.73622
8.55166
8.20205
9.24986
7.82768
8.11818
7.8932
8.59135
8.92536
10.2099
8.2931
8.2926
6.90399
7.83596
9.65604
11.382
12.1015
7.59081
9.21146
6.64617
8.55401
9.48419
10.1859
8.77291
7.47176
7.19353
7.15978
8.55282
8.74321
13.6796
9.06248
9.82858
9.59683
7.36697
9.20309
8.78502
7.57887
7.40071
7.81893
7.84094
10.1099
9.08098
8.43454
8.07233
8.84585
7.46401
9.40094
7.35255
8.8149
9.33929
8.02769
7.73634
8.59985
10.5731
7.63075
8.81915
7.43757
9.51922
8.29509
6.91439
8.95917
9.27743
8.66577
8.39787
9.81154
9.70204
9.26158
8.01672
8.48818
8.77676
8.71933
8.1137
8.49029
7.56659
7.92476
10.0106
7.12125
7.58503
8.50012
7.57485
7.98619
7.82114
10.7312
8.91124
7.93682
10.5342
8.5568
8.91446
9.10693
7.74738
7.46553
8.66581
7.73082
6.95968
7.86312
9.87302
9.74484
11.0448
7.4044
7.57773
10.9369
8.96722
8.22915
9.8829
9.5949
10.0618
11.7168
8.18333
8.13045
8.6331
7.93016
8.52648
7.99178
8.8217
9.22877
8.93269
7.94218
8.78293
9.49445
9.38827
7.78912
8.17244
7.71598
6.9199
10.0313
10.2297
8.25061
8.30802
8.14714
9.02499
9.21663
8.00557
9.83377
6.80158
9.04002
7.99826
7.83269
8.98731
7.21077
9.42193
8.04261
7.84553
8.48774
8.14168
7.99196
10.0596
8.19734
7.79913
9.67489
9.65278
10.0522
8.05212
8.92047
8.75278
10.1124
8.63849
8.44719
9.12976
8.1355
6.74375
8.93874
8.77404
8.76295
12.6624
8.29295
8.40051
8.93094
8.86681
10.4862
8.25848
8.5074
8.91634
7.86685
8.02446
6.67161
7.77146
8.74044
9.70299
8.26826
6.71079
8.98718
9.84596
10.4982
8.0807
7.34525
8.91578
8.56075
7.52638
7.46394
10.6892
8.1168
8.85965
7.76232
7.59816
7.57431
7.81991
8.46806
7.26417
9.62435
7.82603
11.3522
8.50289
10.6147
9.12016
7.88418
7.67221
9.10452
10.1693
8.27436
9.43052
7.65581
6.9626
7.8906
8.51071
8.96495
8.03635
7.66839
8.67421
7.18971
7.4602
8.7863
9.55781
9.01869
6.79162
7.84624
8.77248
9.92324
8.7515
11.9014
9.26044
10.7937
8.50526
7.15597
8.80178
8.81184
8.19918
8.94584
8.70535
10.2464
8.43825
8.77662
9.4737
9.98238
7.86865
7.90904
8.82447
8.77114
7.4193
9.48579
10.1426
10.1121
6.77454
8.22835
8.1495
9.1999
8.26802
6.99938
7.48602
7.96676
8.46672
8.5569
8.17498
8.91018
7.75557
6.55869
7.44693
9.30258
7.18563
8.36231
12.8296
7.25127
8.33938
10.9159
8.54577
7.17558
7.78382
7.43606
8.75863
7.14767
9.59816
7.58896
9.68274
8.73518
8.44619
9.1149
8.43502
8.331
8.1767
7.38251
10.1579
10.7236
7.76284
7.78454
10.2488
7.24673
10.517
6.5234
8.70337
8.21637
8.90646
11.015
8.22114
6.14567
8.17314
7.90123
8.06842
9.55656
8.4633
7.67928
7.95974
8.88675
9.47498
7.9126
9.21598
7.87368
8.44266
7.93999
8.29682
6.86437
7.28479
8.87695
8.25419
9.02578
8.04202
10.0234
8.14565
9.47727
8.36954
7.40799
7.51599
8.94292
10.0505
7.97155
9.01285
6.98717
9.10597
6.80491
8.99815
7.01073
8.68867
7.59088
7.88375
7.00906
8.84339
8.38045
7.71838
7.77118
7.87583
7.55837
9.36241
10.5085
7.648
9.95236
7.59472
7.52501
7.54425
8.34296
8.67332
9.4346
9.7599
9.21903
7.73606
7.99903
9.879
7.89529
8.74313
7.57942
7.92622
6.77764
7.57587
8.83503
7.9302
8.32344
8.90637
8.15909
8.12026
9.68124
9.27393
9.31808
8.02997
9.0877
7.13603
7.89827
8.98824
8.58297
8.24262
6.83155
8.52715
7.22642
7.38352
10.0742
7.78834
9.72147
9.81112
10.0475
9.43379
9.03933
9.1345
10.1309
9.40528
7.2902
8.17811
9.37534
8.12543
9.83613
7.84731
7.27816
9.46782
8.87258
7.50566
7.13095
12.5974
7.83402
8.25192
7.34471
9.26468
9.05148
10.0193
7.42964
7.58309
8.1814
9.34123
7.40749
7.92627
8.32605
9.71013
10.0378
7.57103
7.9008
8.13539
7.48139
9.32909
8.54626
8.21949
8.15678
8.87006
7.34402
8.7325
9.39684
9.06356
10.0714
9.03976
8.03474
8.10474
7.64207
7.97253
8.6978
8.84575
9.39659
7.71459
7.38164
7.66574
7.96135
7.80265
9.18943
7.51142
8.56338
8.72012
7.29328
7.56647
6.44035
7.4184
8.88624
9.6844
8.27772
7.38751
6.95924
8.24332
8.06761
9.01963
8.19526
8.81885
10.8735
7.14599
8.37967
8.76958
9.58671
7.53721
7.05003
8.29959
8.75979
7.64161
11.188
7.82394
7.73141
8.001
7.71104
8.3432
8.10617
7.6892
8.50941
8.15535
8.6179
8.82331
8.7168
9.11419
9.22756
9.02532
11.0534
9.20202
8.18566
9.61114
8.53216
7.52724
7.87478
8.84168
7.87724
7.49151
8.48973
8.47514
7.77234
11.7038
9.59888
9.89214
8.90961
7.47866
10.2461
7.97943
10.1803
8.76894
8.04941
10.2954
6.47578
7.50894
6.65607
8.91326
8.17017
8.18919
9.99247
7.69438
7.93192
9.45628
8.42308
8.78798
9.02123
9.05975
7.34279
7.73085
8.61966
8.14395
7.10766
7.6969
8.25697
9.06363
7.39756
8.0813
6.98311
8.22852
7.15265
8.41946
9.20585
8.74731
8.60322
9.90568
8.57659
7.51968
10.2119
8.8735
9.73127
8.4964
7.9286
9.1478
7.53258
12.5434
8.56235
7.39352
7.62557
12.0534
9.58829
7.55818
7.42543
9.61085
8.37557
8.8962
8.90821
7.90732
8.08756
8.76498
6.60081
8.63659
7.97168
9.57475
8.62247
8.16702
9.10618
8.40575
8.03145
8.68897
8.76729
8.56205
9.24697
8.19385
8.58473
7.3239
8.72561
7.98277
7.88369
9.0341
8.1408
9.30631
7.76897
10.4143
9.99451
9.77994
8.13139
9.15624
8.38879
9.28349
10.3799
8.53756
8.04113
8.32176
10.0099
9.09527
7.19527
7.80975
6.61187
8.60285
7.80505
10.6645
7.98193
7.7594
8.78967
8.10491
9.36501
7.99229
8.03885
9.14941
10.1221
8.97826
8.62465
7.25842
8.84129
7.86723
7.71412
8.94437
9.93962
7.18573
11.6134
8.64272
9.0639
8.67595
9.4848
9.81644
8.50843
9.64424
8.71325
8.73247
8.18271
7.71579
8.77801
7.29604
8.0191
8.99386
7.47574
9.85235
7.58041
10.1037
8.36225
8.97324
10.2812
9.58089
10.4491
8.19001
7.49308
7.37127
9.00922
8.43496
9.53169
7.85751
9.98076
8.69761
9.07798
7.0051
7.65571
7.70542
10.7458
7.38448
7.71664
9.63629
8.68538
7.6317
8.30445
9.26573
9.71404
7.37772
6.9598
9.72479
8.13084
8.31509
7.90208
9.41238
8.75588
10.2389
8.37221
7.95375
9.44317
8.21059
7.00207
9.32132
9.19544
10.2364
8.16976
8.96184
8.34321
8.83049
11.6875
7.39959
10.1862
9.29067
11.5935
7.30478
9.78943
7.26977
8.96585
8.36602
9.28098
11.669
7.08258
8.61471
7.88204
8.46086
8.79994
9.13453
7.39981
7.46573
8.3938
9.01303
7.56332
7.77948
7.54512
8.90017
7.69309
9.61265
7.98902
6.61938
10.4758
7.55381
9.55365
7.89931
7.03511
9.63599
9.33157
7.19952
8.8756
7.95838
7.14691
9.37688
9.15984
7.69579
8.04685
7.11907
8.39992
7.75758
8.5997
7.79847
7.34339
8.66528
9.17024
7.08758
9.55672
8.94856
8.37286
11.8104
7.80391
10.1448
7.69636
8.91612
9.20654
10.9843
7.8257
8.04204
6.88979
10.6168
7.7419
8.65383
8.63099
7.86263
8.13302
8.33532
7.1621
7.82845
7.00094
9.30287
7.23302
7.83026
9.73892
9.37744
7.68371
9.58295
7.17185
9.71583
8.65583
6.38777
7.62602
8.65266
9.53778
7.28726
10.2595
7.45719
8.32044
8.21469
8.0648
10.4782
8.21095
7.91936
9.30717
10.6325
9.62484
8.13081
9.681
9.52548
8.17254
10.4187
8.64263
7.52054
8.74059
8.60081
7.78884
8.974
7.67156
8.72794
8.2348
8.32121
5.9297
9.03541
10.1292
8.88008
9.05662
7.80012
10.876
7.60297
8.4121
8.29203
9.36284
8.66198
8.86277
7.3343
7.69467
7.72946
7.5424
7.17918
8.94491
7.88817
9.45276
7.02163
8.99965
8.51035
7.55508
9.06344
7.17594
8.7927
7.95637
7.55364
8.28203
7.48519
7.38451
7.46064
8.68953
7.53988
9.04989
9.0999
7.52628
8.95067
9.8043
9.07464
8.25287
7.06624
8.42103
9.93129
7.84484
11.1139
7.98774
9.13396
8.23042
7.53568
9.62161
10.6995
8.26467
8.77167
7.85245
7.35361
12.9257
7.3779
8.36836
7.25472
8.31588
7.85031
8.70952
9.14527
10.0052
7.67895
7.99167
7.25618
8.33198
8.28673
9.40547
10.0045
9.06376
10.7815
8.09126
8.74514
7.96897
8.35415
8.30945
7.51817
7.94957
7.78476
8.58055
8.52296
7.53446
9.80128
7.05676
9.26697
12.4199
8.7573
8.48892
8.07363
6.96692
8.4974
7.43593
7.53902
9.69198
6.97845
9.69777
8.4714
7.86676
8.02949
9.37263
7.91349
7.5623
8.9106
9.41551
7.18442
8.5332
8.61839
9.01159
8.21261
10.5449
7.80965
10.1382
8.75555
10.8442
8.84077
7.27971
7.25412
7.4062
9.6276
7.85129
9.33496
7.60915
8.85591
7.36998
8.37411
7.12119
9.91908
7.40795
8.63629
7.79847
8.43217
8.69075
7.14611
9.48211
8.78169
7.44645
9.80102
8.26172
8.67023
9.83373
8.51299
9.52416
7.37106
7.97093
10.0045
8.99281
7.88012
9.85147
9.21415
9.21955
9.77464
9.2434
10.5553
9.93689
7.36967
7.4255
8.32266
7.94249
8.09938
10.6431
7.44855
8.01234
10.8804
8.15729
9.46267
10.0232
9.83538
6.65231
7.79341
7.85961
8.70845
9.91985
9.94648
7.63809
10.4991
8.77654
10.2918
7.81851
8.27803
7.55761
8.14437
9.34771
8.22266
8.42598
7.6534
7.97285
9.20084
8.28061
9.61835
6.99073
9.63675
9.64942
9.57124
6.90059
7.59591
8.33615
7.9676
9.34737
8.97028
8.75832
8.46129
8.7836
8.69088
7.5899
7.85456
10.5976
9.72531
10.5469
9.59981
7.95861
11.1364
8.80238
11.0239
9.5983
9.45813
7.46871
7.29794
8.42146
7.46552
8.09927
9.67912
9.00782
7.11776
8.57361
7.60007
8.2147
7.52414
6.81912
9.30691
8.62164
8.12386
8.04267
9.10666
8.11883
10.7664
9.76891
6.8435
9.11303
9.61
9.48772
7.20863
7.10081
7.97259
7.79952
7.55248
8.04601
8.36288
7.83543
10.6872
7.94313
9.16094
8.77924
9.03705
7.11571
9.97749
8.49826
11.2846
9.32968
8.76905
8.76676
7.74805
7.18052
8.69289
10.3523
9.67464
7.60443
9.24829
8.94057
8.63688
7.82238
8.04314
8.0656
8.58692
7.37854
8.84782
6.98696
9.25223
7.91573
8.63414
9.85092
12.2864
7.76303
7.7531
9.82889
7.60451
8.56011
9.85254
7.62724
7.5301
8.59594
7.65016
8.51441
8.62511
9.57343
8.23076
7.51297
7.111
11.5714
8.18912
8.65772
8.5635
10.322
8.63188
8.29772
6.24303
8.06612
9.08858
8.13485
7.3488
8.68837
8.79041
8.1831
7.71894
8.23297
8.11377
8.11055
9.32487
8.22159
9.02696
8.05081
7.86396
8.05393
9.60772
10.5624
8.52477
7.83475
7.50315
10.5876
9.5661
8.00583
10.9353
10.6707
8.58396
8.0865
7.07964
8.60785
8.42271
11.384
9.0249
7.82807
10.1559
8.30859
11.6269
8.92811
8.73564
7.90515
7.56921
8.25404
6.99289
7.97271
7.35567
9.39614
8.38515
11.3609
8.84527
8.01397
7.70434
9.59058
7.6032
8.97678
8.34186
7.71697
9.88482
7.99676
7.77397
7.93019
6.62907
9.19507
10.5466
8.05637
7.1365
10.4097
8.57058
8.33176
8.16877
7.96327
7.13997
8.51269
7.96937
8.75904
7.13158
7.71137
10.0421
10.3098
10.6797
7.19939
7.73675
7.98457
10.7738
6.81587
8.06247
7.85543
9.84716
8.02946
7.98836
9.77439
7.01131
9.83638
8.16747
8.17852
9.20902
7.40982
8.12469
8.1852
10.9816
8.00417
8.88238
9.38545
7.46095
7.85901
7.72177
6.83991
9.06978
8.46672
7.98298
8.541
7.04868
8.15656
7.21018
8.61583
6.591
8.70601
10.4216
8.66673
7.85251
8.65341
7.63293
7.53192
8.87248
7.64153
8.39022
8.62362
7.45626
9.67439
9.00556
8.20976
7.83564
8.79325
8.91708
8.89291
12.4029
10.4802
8.75481
10.4918
7.94555
6.8473
8.83975
7.92068
6.76257
10.3865
8.41676
8.43201
8.6877
7.7415
7.1495
9.89029
7.9121
9.63752
9.68487
8.55518
8.09034
8.87428
9.04142
6.67748
10.5698
7.35866
8.25586
7.84848
7.28939
7.93428
8.75252
9.90473
7.5345
10.9021
7.84143
9.1696
8.79006
9.10381
9.53358
10.5615
6.70879
9.32177
7.64389
9.01698
9.05093
8.4196
9.38425
7.30214
7.66507
9.31017
7.02817
7.82668
9.39058
8.71958
7.99973
8.1606
8.35343
8.12098
7.75109
15.5694
7.24327
7.59726
8.18507
8.56695
7.80178
8.41648
6.67439
10.0738
8.97993
8.46849
11.0056
9.10837
7.64172
9.12118
10.053
8.01164
6.99793
10.4866
7.81508
9.61237
9.02164
9.83106
7.12714
8.35167
8.79514
9.04769
8.32191
9.01077
8.63972
8.24973
9.29888
10.6757
10.1387
7.99599
8.1591
8.1809
9.49448
8.50898
8.38832
7.68161
8.60968
6.87215
7.34867
9.01618
7.79825
8.27614
10.2064
8.15432
8.05059
7.08036
7.6159
7.76119
7.65426
10.2339
6.92754
7.2585
7.51822
7.59884
7.80378
6.58505
8.1431
8.59866
8.91803
9.55253
8.84818
9.49836
9.1955
8.47383
10.6353
7.76799
8.85373
7.67659
8.23185
8.77564
8.48474
7.16026
8.18717
7.97995
7.17238
7.37337
8.27045
8.11823
6.74878
7.69274
7.70245
7.16269
8.56712
7.88284
7.57795
9.10145
8.84116
7.73221
8.58819
7.19501
12.2395
8.14136
11.2915
7.69339
9.18478
8.37511
7.52507
7.76339
8.0009
7.2154
8.77372
8.30542
8.19095
8.43547
8.42314
8.94614
7.30003
8.27317
7.4565
7.28592
8.6023
7.61392
8.21562
10.0053
8.24554
7.46182
9.46347
9.53485
8.86301
6.69297
9.12108
8.01719
8.38656
8.9951
8.98776
8.55268
8.50061
7.31608
10.4112
8.78051
9.89069
8.41877
8.2209
8.09813
10.1423
8.74672
8.29989
8.0881
8.21975
8.80842
8.61507
7.98493
8.40247
7.76257
8.42702
8.92501
7.48497
8.75265
7.528
11.7564
7.67012
10.0597
9.05018
7.3592
8.39352
7.31772
8.48459
7.32336
6.9624
9.042
8.45616
7.48581
10.5708
8.29235
7.27048
7.94153
9.49378
9.09743
8.56457
7.79917
13.536
8.93809
9.9445
8.21403
7.21977
8.20937
9.61591
8.01758
8.20644
10.4794
9.08237
7.3149
8.59968
8.15891
8.3097
9.41203
8.23371
7.64932
8.93999
8.81529
8.73543
8.88827
10.1742
9.14246
6.89569
8.63432
7.92345
7.47997
8.98643
7.88102
7.91515
8.09888
8.37755
8.22101
8.05871
7.99554
8.72021
7.57004
10.3244
6.93347
7.70002
9.15195
8.73686
8.12168
7.68642
8.83183
6.63769
8.13695
7.35995
12.4715
7.67024
9.13909
9.12625
8.36607
7.49581
8.18942
6.91116
7.42625
8.7153
8.02791
9.72259
7.12197
7.21039
6.85105
8.19756
9.39981
8.71853
8.32877
8.49894
7.06452
9.35538
7.70859
7.35966
7.89732
9.40437
9.53672
8.54327
9.18588
7.58261
7.63054
9.55081
8.96652
8.67599
7.1704
8.32641
8.49382
9.75515
8.65145
9.51504
7.69828
10.1025
10.5809
10.2849
8.61323
7.57827
9.809
8.53893
8.91018
8.61483
7.29423
8.08475
7.84922
7.27583
6.9512
7.77052
9.95338
9.62412
10.3593
8.54962
7.22734
7.49728
9.51469
8.65319
7.75705
7.30171
7.73287
6.47077
9.27482
9.30702
7.96065
7.7123
8.52659
8.58612
11.2637
8.09044
9.68287
8.35532
8.33091
7.39209
7.68332
8.69013
7.53712
8.47705
8.15457
7.62053
10.3134
8.66988
9.99097
8.57863
8.33721
9.1292
10.385
8.57538
8.08208
8.36645
7.38138
8.66865
8.56713
8.01693
11.1269
7.89656
7.92649
9.67154
8.92875
9.04324
7.24775
8.88472
9.67522
9.02807
7.07441
6.7606
7.25393
7.15916
8.32032
14.9075
8.72964
8.89683
8.09304
8.00592
7.19131
11.6431
9.33997
9.03124
6.97793
7.44857
11.6358
10.0436
8.15081
8.67519
8.18412
8.19209
7.21596
7.6132
7.27459
8.27966
10.3663
9.35095
7.94608
8.44263
7.38045
9.99322
7.85741
8.13095
9.52336
10.9211
7.46179
7.33188
8.74289
8.47416
7.10297
8.03239
7.98276
11.4734
7.46349
8.74495
8.14952
7.61414
6.8689
10.1951
9.76775
11.0812
10.614
8.0564
8.36472
7.25197
8.58149
9.20521
9.23433
7.80918
8.1133
7.68524
7.60712
8.07083
8.85045
9.45239
10.8702
9.45531
7.4417
8.58974
8.40036
7.0613
9.15123
7.11875
7.63421
9.01544
7.04168
8.16761
10.8086
8.13218
7.18154
7.86175
7.78382
7.25355
7.77814
7.95389
7.14583
9.81713
7.95046
7.72286
7.75546
8.77087
7.6532
10.4122
7.94628
6.89936
10.3042
8.80257
9.35243
7.32144
8.94131
8.0656
7.20772
6.25462
10.468
7.86628
7.53798
7.80674
9.30649
10.0346
7.22336
8.8487
10.5037
7.53628
7.38697
8.34849
7.9753
8.49272
8.22954
10.1503
9.33211
8.01229
8.50981
10.3661
7.20387
8.11125
7.92147
8.77304
8.49013
8.91847
8.47988
8.22471
10.2732
9.91225
8.61748
9.07598
8.29721
9.68078
11.8098
9.60889
8.03527
7.70206
8.74184
9.06703
10.0065
8.07685
7.35639
7.56759
8.63948
7.98308
8.45188
8.50682
7.86861
9.7798
7.77724
7.93092
9.30816
9.33077
9.04158
8.0309
10.0408
9.07079
8.48545
8.58324
8.63057
7.92396
8.01876
8.49407
10.5662
9.28451
8.13373
8.54252
8.20234
9.44454
10.2118
7.44049
9.00611
7.81343
9.44751
9.28182
10.8378
7.99038
8.92963
8.60408
10.8341
9.13739
7.9156
8.29331
8.53728
9.78775
8.80477
7.81843
7.46935
7.68967
9.36057
8.81083
8.95515
7.69822
8.10086
8.36703
8.44637
7.81225
7.5024
7.5301
7.78088
11.0833
8.54767
7.1251
9.47254
7.69055
8.56127
9.04813
10.8926
9.0959
8.30889
8.77808
8.30103
8.13596
7.42292
7.60363
7.97621
9.781
9.46533
7.68276
7.17299
8.18721
8.04553
10.2055
8.17741
8.0537
8.86571
7.37176
7.59984
7.61814
7.41565
8.19042
10.6714
7.90732
8.46574
8.85303
8.04142
7.60202
9.00323
7.31017
10.4494
8.56692
8.5415
8.40138
7.78393
8.21057
9.46274
10.6505
11.464
10.7846
9.10556
8.18903
7.658
7.85746
11.3244
8.05991
9.27757
7.76559
10.068
8.74083
8.99089
10.2696
9.33147
7.76202
10.2566
7.71217
9.43023
9.26885
7.80372
7.67978
7.75679
8.84158
7.5092
9.7322
7.51554
9.04799
9.78231
8.60147
8.16734
8.80057
10.6659
10.5762
7.72084
7.30917
9.0842
7.27022
7.47163
8.28614
9.74186
7.78642
7.48376
8.06932
10.1894
10.3378
8.6281
9.28852
7.7972
8.40917
11.1028
8.75103
10.0923
8.63822
8.88679
7.78966
7.65517
8.14714
7.23776
8.02909
8.17533
7.55401
8.31554
8.44205
9.44072
9.89681
9.19491
9.52182
8.43395
7.73652
7.20418
8.96317
9.12905
10.0351
7.04366
9.85201
8.67258
8.53248
7.35302
7.14712
11.1471
7.38006
8.05235
7.06195
7.82813
8.61713
7.11752
8.52802
8.92081
7.51905
6.69703
10.351
10.6772
7.11686
7.27267
7.6489
7.10101
8.46804
10.2489
10.2982
7.58487
12.0478
8.16677
7.74411
8.29394
9.21006
8.09725
7.84266
8.8921
7.40967
7.5056
7.49754
8.05768
9.13881
9.58645
9.53276
7.64864
9.82975
8.67886
9.07697
8.04578
7.62324
7.29269
7.82665
10.5534
9.91475
8.33026
10.6613
9.92356
7.46989
8.51744
8.15526
8.10623
6.82608
9.8869
10.6044
6.62008
8.92583
7.36421
10.4557
7.91806
9.55444
7.73433
10.1762
8.59819
8.04362
9.30278
10.6095
8.11717
9.14716
8.46448
7.7815
8.65459
9.27705
7.49904
8.30346
8.3052
7.8487
7.96826
7.9104
11.2242
7.15099
7.97377
11.3038
8.74275
8.27451
9.4262
8.95668
7.69428
8.20408
8.16786
8.56494
7.98145
10.3238
7.80894
10.6947
10.5103
8.38998
8.32727
8.81541
8.91094
8.95789
9.51954
8.04003
8.41982
8.4436
8.11132
7.0537
9.01399
7.433
10.2275
8.90264
9.2284
9.94488
8.05182
8.16584
8.41062
10.1121
9.13948
7.85375
9.46544
12.5101
7.92576
8.58797
9.92455
9.22093
7.92906
8.05619
8.15441
7.77745
7.53219
7.80418
8.52445
8.90358
9.01514
9.80003
9.11673
8.9125
8.20797
9.15618
7.61413
8.20148
9.58063
8.84643
7.84398
7.915
7.40775
8.3526
7.65759
8.59085
8.23014
8.09152
9.19893
9.24028
10.3196
8.3729
9.21797
7.3862
8.27664
10.0434
8.02695
8.70623
9.72015
9.47843
9.65404
9.0641
8.7986
10.0448
7.8086
6.55597
7.46494
8.65443
9.05668
7.81904
7.10439
8.96576
9.65743
7.95987
8.39659
8.85113
9.11554
11.116
10.8734
7.56971
9.91132
8.95089
7.87755
8.27541
9.72299
8.21012
6.82573
7.83164
7.79275
8.4681
9.43473
6.81768
7.26771
8.7856
9.99628
11.3957
10.174
7.45148
10.1605
7.41116
7.32055
6.92
7.48502
8.70731
7.71086
7.95928
9.22296
10.3521
8.46404
7.97176
7.70078
9.61763
8.6227
7.62845
7.18193
