17.1204
18.5585
21.4412
19.0622
18.4151
17.4628
22.8978
19.6033
17.0294
19.7763
27.622
18.8727
21.2055
22.4167
17.3871
16.6177
13.5103
15.8901
19.466
16.2552
24.1811
17.8235
25.8593
21.5183
18.8825
18.9082
17.0032
16.5816
16.0353
20.8232
18.8801
28.2138
16.6838
22.0954
21.0484
28.5759
20.2507
22.1597
20.0942
16.1149
20.6065
19.5526
21.1257
17.2188
17.5269
16.0736
18.3464
22.1733
19.0801
15.1479
22.4501
20.5186
22.0039
19.246
20.6105
17.5221
21.2715
18.8567
13.9245
20.311
18.6287
18.905
22.3382
19.6739
18.3877
20.4282
18.8817
16.6122
16.8941
19.8758
15.4982
27.1253
18.2658
17.8671
16.8122
20.9647
17.9822
23.398
18.3227
23.8754
18.61
24.3234
17.6963
18.9133
17.2082
17.8395
18.9323
19.3229
18.8077
17.4637
20.5518
25.8779
16.3087
19.9612
19.0396
22.527
20.5031
19.9403
18.3745
16.3919
20.1791
15.9751
17.3909
21.0416
17.4387
17.5316
21.4607
18.4669
25.0279
19.7772
18.0497
18.4006
21.0788
15.188
19.5753
21.9301
17.0358
18.7836
19.2435
25.958
20.2939
17.7227
20.599
20.3561
16.7221
19.3637
20.2866
17.9389
20.2747
23.0523
30.3855
16.2389
21.9194
17.8421
19.196
22.3914
24.1074
20.0702
18.03
19.8147
17.8693
17.3511
18.289
17.4076
17.8142
22.7138
17.1479
16.6295
25.6452
19.7046
17.4561
22.6737
18.8451
15.0153
25.0807
20.896
19.2369
15.0951
19.8077
19.3815
19.7735
14.2924
21.5169
19.1693
17.6303
18.1512
25.7197
17.2759
24.5058
18.1329
18.6331
23.7114
22.4902
21.3749
27.3032
24.7825
20.0729
17.7323
17.7948
18.0895
18.5514
16.6475
22.852
18.783
16.705
19.1499
19.6854
18.194
20.4723
18.4002
19.473
18.0262
22.2882
23.9137
20.2314
15.3596
18.3091
19.8216
18.7026
16.4322
16.2075
23.0718
24.062
22.4459
18.3147
21.8908
19.7392
18.2214
20.1589
17.4954
23.3149
15.7183
23.2837
16.666
34.9515
17.953
14.7168
20.9812
16.5601
20.9176
17.471
18.5178
18.4131
19.5533
15.0419
17.3777
18.1068
26.5813
20.3498
25.5273
24.3436
22.1564
22.522
18.7312
17.9912
22.3114
23.3709
17.7612
21.5885
22.2374
17.4253
17.2365
18.6703
15.9194
15.3828
18.8323
22.0673
28.9283
17.5088
20.5892
16.6061
24.7424
15.0775
16.6391
17.4162
21.6982
20.5125
17.5424
16.5082
24.4999
15.6571
23.2061
13.7159
16.9291
24.4696
20.1863
17.7784
21.4325
22.3647
16.979
19.9252
16.1531
13.7072
16.2144
19.8309
20.5277
18.9786
18.2412
15.6476
25.2767
18.4285
19.722
16.5509
18.4093
17.3773
16.5895
21.7292
17.0376
24.1467
19.9405
18.1836
19.8048
18.2996
13.4009
19.6947
19.515
19.5787
21.0259
15.9055
17.0994
19.8994
17.8095
20.1938
15.8467
21.4541
19.2916
18.0198
17.2523
17.5773
24.1034
21.4387
20.0512
20.0193
26.5645
17.6622
20.67
23.0572
14.9215
17.1199
18.9301
15.6034
17.5493
15.6361
20.8862
23.6229
17.5265
21.2455
20.4251
16.8664
23.3236
16.773
20.4333
20.9203
24.4991
23.8998
20.7369
20.6648
16.6363
16.6103
21.3647
14.1828
21.3425
19.001
16.3033
16.9304
17.0375
17.5443
18.837
19.3508
18.4251
18.7584
16.5202
17.9783
20.4852
18.2708
19.2571
24.6377
17.9962
17.3689
24.6871
19.0477
21.7057
18.2338
18.2107
16.0186
15.6211
25.615
18.5286
14.0331
17.06
17.4337
20.5504
21.2436
22.007
17.6446
17.9433
18.9441
20.5149
20.2366
16.2384
17.8015
17.6873
19.4934
17.5002
20.7238
15.7206
18.1895
17.2432
19.0861
18.8118
19.1858
17.5417
21.6533
26.2221
20.928
21.0716
20.2814
20.3527
15.5951
20.904
25.2528
18.0671
17.0275
20.3469
20.043
18.607
18.4969
15.9613
23.9007
21.7055
17.1923
17.9179
17.1819
15.6915
19.1221
16.1438
18.6118
14.4494
21.8302
17.8172
22.7102
22.9022
20.9859
18.6405
18.3513
16.9034
23.2881
16.8812
16.5743
18.8715
21.7261
17.2134
19.1915
17.1606
21.4752
19.7469
16.3468
17.7295
18.9299
17.6906
23.1007
23.1997
17.9476
20.994
17.647
21.9159
22.9227
21.6982
17.2423
19.1459
17.4361
16.8889
16.1748
16.5771
17.0801
25.96
14.1483
19.0139
18.7269
16.6401
16.5394
17.4631
22.7779
20.8007
22.2509
18.2111
19.5894
20.1642
17.5822
18.5895
25.082
16.8785
21.7782
18.4076
19.9528
23.1379
17.7999
20.067
17.8375
16.4791
19.4643
17.7251
19.1773
19.7957
17.8877
18.8643
17.7549
17.1182
21.0796
20.8565
16.8819
17.1533
18.5674
20.87
18.2447
19.075
19.5959
16.1585
17.8249
26.7153
15.7155
28.6745
24.1233
20.0087
20.036
17.2853
16.4231
15.0473
23.7357
17.4132
23.6004
19.7163
21.0725
18.52
18.4885
16.8073
22.0749
17.8957
15.9644
19.124
22.9407
18.5288
19.8019
16.8272
16.2991
15.2622
19.0504
16.7913
22.4103
28.3659
18.3846
23.3122
22.8504
19.2161
21.2107
18.8922
21.8611
22.3097
29.7248
17.6127
18.9064
21.2644
22.0178
18.4394
16.7811
31.887
20.5317
19.5225
17.1242
17.2946
18.9655
18.123
21.2022
16.8104
24.5913
16.8348
19.9661
19.2183
18.3341
18.6284
27.8061
18.1623
19.0312
19.3807
20.9885
27.6774
18.0927
19.0759
16.6066
17.6317
25.6384
19.0574
18.9214
19.1674
22.931
14.0411
19.821
19.2819
22.1123
15.931
25.3897
19.7943
18.6591
18.9845
21.7328
18.5428
23.6359
15.0865
16.9639
21.6238
16.8302
19.2018
15.5206
14.4614
18.5662
18.1047
20.3256
21.0502
16.3294
15.0959
16.5169
15.9564
19.314
21.5221
18.1201
30.0885
14.7961
29.4164
21.7129
23.9507
21.6641
16.4788
17.704
18.6284
15.1261
14.9124
20.7921
15.6205
17.4109
17.7986
16.9819
19.9541
23.02
21.5957
17.1761
16.8048
16.4809
22.6191
22.4168
17.2632
21.6626
18.8573
15.9168
18.1238
21.584
19.8332
18.6592
18.7284
17.7126
21.7792
16.6515
19.5567
18.2249
20.4706
18.7603
18.1727
19.9382
17.8754
16.7546
19.4956
22.3618
21.6477
22.3103
21.4703
18.2421
18.7183
22.2309
28.7563
28.2417
18.6298
16.6381
20.8818
18.4205
17.0473
22.9471
16.1167
16.8651
17.7622
15.6444
21.1525
19.8533
17.9292
15.577
22.9559
22.0292
18.46
21.4399
20.8719
18.2399
16.9389
20.4616
19.1863
20.154
19.2012
18.7854
19.3405
15.6623
17.3152
22.5728
21.184
16.9844
21.1185
16.5929
20.3247
24.9318
18.5237
19.6038
21.0474
17.5262
21.5937
25.7655
22.4578
22.8369
25.3556
15.4643
19.7513
25.3561
18.7739
21.5877
19.4337
14.7987
16.0729
22.6046
20.8121
19.1363
19.3799
20.3402
16.0584
21.0528
18.851
15.0167
18.7357
21.4345
19.2259
18.6007
18.6131
20.9297
16.6247
17.3377
20.4382
20.4825
19.4458
17.848
16.9135
16.0619
18.1154
24.8553
16.0598
16.5394
17.4292
19.0454
16.7231
14.3296
18.4053
32.0851
25.2442
19.2794
19.261
19.7767
18.0378
21.3598
20.7471
25.1801
17.6836
17.9055
17.581
27.1642
16.3117
17.7375
19.6705
17.7078
18.8688
17.6657
16.9078
20.7873
19.3883
19.0198
21.058
22.284
16.3386
21.3282
15.7072
20.6269
18.9761
21.2966
16.558
19.589
19.4939
18.5927
25.2109
17.7319
19.0493
16.8532
17.2816
21.4205
17.0197
18.9452
15.6341
18.4238
21.6674
21.5016
23.4581
17.1864
18.5388
21.0071
17.7785
19.7941
18.4758
21.8975
22.1328
19.9102
17.368
26.9006
20.7608
15.2525
18.5136
21.0026
18.2211
18.2637
24.0614
20.909
18.7328
14.7197
22.4642
19.7302
15.8058
16.5304
27.5327
21.6969
17.147
16.1665
19.7592
20.46
18.3042
21.435
17.9828
16.2186
18.2512
18.5606
15.7442
14.5924
22.0774
21.0656
20.1593
17.2617
18.9926
17.6851
20.376
21.3254
21.5133
19.4012
21.9726
21.8669
19.6894
19.2219
20.8895
16.8776
18.1701
17.0975
19.0038
20.0347
18.674
23.5827
15.1311
21.5323
22.3258
17.1693
18.4016
18.4361
17.7078
19.147
17.6956
20.0299
16.1637
24.0797
16.2664
24.0037
15.2748
16.4414
21.9676
18.6106
22.4008
26.086
20.8298
22.9189
17.8329
17.586
19.701
17.9649
18.0519
14.9368
18.4142
17.0815
15.0973
19.6334
23.75
20.8278
17.447
20.2113
19.7116
15.9895
20.477
17.1533
20.1695
18.4667
16.9473
23.6357
16.5437
15.6412
19.9598
21.0178
20.3289
22.9493
20.5584
16.1474
25.4567
19.2231
17.7305
20.3034
16.5806
20.2202
20.2928
19.1888
15.5831
19.8461
19.5058
17.2762
15.6545
21.3643
17.2303
20.4165
20.5942
17.7856
17.754
19.1583
18.195
17.184
22.7194
15.1944
16.9954
20.1385
23.7439
20.1824
17.8171
18.6092
19.9978
18.8883
13.747
21.1751
15.834
22.2992
15.4123
20.1181
16.9195
15.0764
19.0709
17.9753
25.5966
16.9528
17.7915
17.7691
17.6967
17.1639
19.2181
24.8691
17.5042
27.5604
19.6916
20.3548
22.2564
21.186
22.9021
18.7805
25.3631
17.0691
19.6626
20.7424
16.7842
20.8471
15.9944
16.0302
22.3022
20.4894
17.003
18.0473
17.4157
18.603
17.9116
19.3584
20.9841
20.2796
16.1109
19.4694
18.2675
14.9826
15.9947
16.2533
19.9286
16.8458
18.6062
18.6564
18.8144
18.832
19.8782
17.6774
18.2679
19.8125
18.1434
17.1791
23.6486
24.5576
21.8939
22.3023
21.2372
18.9376
17.4414
16.0829
17.3898
15.717
19.058
16.1763
18.1357
16.901
19.9227
22.2144
18.7303
16.5399
17.5562
24.8921
23.8577
16.0414
21.1102
18.1692
19.9622
19.5902
18.3315
16.902
18.9455
22.2182
15.8651
16.0621
18.7592
18.148
15.9537
23.3842
22.4149
22.4856
22.4671
21.6508
18.3983
19.7414
20.1927
24.9085
17.8646
22.5418
21.124
16.1491
17.5077
17.3658
20.9624
21.876
18.5361
17.315
24.868
20.8966
22.1182
19.2647
21.2957
20.7903
23.739
17.1589
23.6031
23.1079
18.8175
17.6677
19.8826
19.6377
16.669
23.9679
28.8486
18.2733
19.4269
19.2988
19.9974
18.4323
17.4918
16.4344
17.2557
18.7979
22.8481
24.5785
19.0082
26.8578
25.2466
21.6265
18.6295
21.6343
21.3799
15.8858
17.4733
16.1643
14.8783
15.0128
16.4475
22.6641
21.0426
19.5423
19.2267
19.7526
19.4364
16.3277
16.9832
22.958
23.8501
20.279
24.2324
22.6954
17.3701
14.7022
22.2929
17.0821
16.0674
17.7779
17.6968
17.0951
18.6849
23.8521
19.4532
17.4076
25.264
23.5499
21.0534
26.3476
19.1183
23.2315
22.0857
19.5001
20.316
18.3257
24.4595
14.8434
19.6652
18.6199
24.7033
16.7341
21.1401
22.0876
26.7969
17.6017
18.3484
18.1489
14.8167
17.2919
15.2784
16.6925
16.1277
15.8706
18.2678
14.6472
16.2045
16.9802
16.9512
18.986
18.8818
21.8885
17.4154
18.5413
20.0914
23.6686
29.7799
32.2218
16.6556
18.6909
17.8581
19.9906
18.0229
26.08
20.8635
14.5827
19.8223
21.0351
14.7379
15.935
22.5839
20.2322
19.4497
19.0042
19.9482
21.5112
18.4358
23.7276
18.0829
16.5729
14.5375
19.7616
18.3494
17.8957
20.767
23.9708
17.1907
18.1656
19.182
20.1777
16.6467
16.9626
20.1315
25.3624
17.2058
18.3492
15.452
18.0734
19.0719
20.5935
17.1601
16.2115
25.2136
23.8664
17.2122
16.799
16.9572
16.8251
16.5891
18.5931
18.7135
22.5176
14.538
18.8625
17.5489
21.5881
23.0509
18.6871
21.959
24.6707
19.8441
20.8683
15.9638
16.6525
20.9497
19.9239
19.4782
14.9389
18.6533
20.6708
14.5344
17.1879
18.2007
17.686
24.1153
16.3167
22.8381
18.3729
22.3255
16.2239
18.1921
18.5251
24.6893
14.0767
18.0344
17.2635
20.8012
22.1084
20.7714
21.4246
22.9711
17.1483
15.7272
17.8321
17.0609
16.962
16.2519
18.187
17.7121
20.0022
19.1927
19.7342
21.3599
17.0397
19.4386
19.0327
27.1631
19.1099
15.7766
18.6316
18.0037
22.2338
18.6703
17.9648
20.8629
20.7897
19.3487
14.3787
18.4549
17.8845
23.7001
16.3627
21.0255
16.6602
19.5694
19.3648
16.9925
21.3059
24.2164
16.8236
17.2558
17.0599
19.0211
21.1944
21.7706
21.4259
19.1767
20.0717
17.4294
19.7378
17.4206
19.3716
18.9369
17.5674
15.6773
16.846
22.0715
16.3758
16.2458
20.5721
21.7076
22.625
20.3912
20.3509
23.63
15.0102
20.0364
19.2296
17.0398
17.4339
18.5465
15.023
17.8094
15.7575
17.0366
15.6532
16.7254
17.659
30.1413
16.4528
21.5854
22.9107
17.3566
23.6299
17.3049
17.3197
17.7463
18.6706
24.5532
24.0694
22.4708
18.3109
18.6144
18.8287
19.5864
16.2952
22.855
21.3218
14.2605
15.7411
18.3577
16.2314
15.7937
15.7388
18.6958
23.7415
18.2802
19.0584
19.0209
17.8629
26.5017
18.0289
17.5728
20.1627
19.3596
17.8887
18.9146
18.0745
15.7056
16.2461
21.315
21.4898
16.9068
20.1727
17.7179
26.1536
31.2663
16.2684
17.0606
17.3477
17.1766
16.0561
16.7939
18.1265
17.9382
14.6404
19.1001
25.4225
16.6991
16.6803
18.7022
20.4521
19.12
21.2614
17.4661
20.1734
18.9277
16.2922
21.7272
23.6704
21.661
17.2795
19.3447
19.7274
16.7067
21.2474
15.2647
16.787
15.3825
19.459
26.7564
20.9933
21.292
19.8754
16.9585
20.1782
23.1746
20.942
22.9831
19.1647
18.2104
19.8755
19.6998
17.3702
21.1879
16.2338
16.1918
17.5545
16.9134
17.4427
18.6058
23.3009
20.949
21.3613
23.3341
17.7251
16.9157
18.1107
19.4564
28.5234
20.655
20.0963
16.1901
15.7654
18.5682
20.6817
23.3487
18.325
22.2014
14.1714
22.3125
17.7174
18.8299
26.0066
16.7973
23.3152
18.9598
16.0572
18.8537
19.2784
16.8599
17.7708
17.3959
18.3706
14.8714
29.8259
16.8196
20.3122
19.9235
15.9998
16.0705
20.6373
17.9515
15.6503
20.1134
16.1591
17.1684
21.4161
18.3396
17.4573
32.4626
19.7821
16.9879
19.3891
20.0383
19.3946
15.1988
16.6845
20.1275
31.342
14.2072
17.2043
18.3778
16.5781
25.8474
17.826
16.0972
17.6937
18.9422
20.0073
18.2822
18.1716
17.4761
21.2465
28.4695
19.7704
20.6215
20.0104
16.7136
19.5565
18.8139
21.5254
19.1912
22.4111
18.1947
18.5772
22.132
15.5664
16.8741
16.7764
22.8639
18.4999
18.622
16.1378
19.4446
19.4001
18.2718
22.0211
20.2765
16.2708
21.3365
20.873
19.2573
17.4298
17.7501
20.6495
14.1568
17.5405
21.5892
17.6582
25.3937
18.026
21.8031
19.9032
16.9825
16.3132
22.4903
16.975
16.487
18.934
17.7812
27.1995
27.5609
20.9813
19.0995
20.3293
18.9164
19.2638
19.2444
29.3671
16.1144
17.2863
19.1105
39.211
19.4998
18.2447
17.8377
18.6841
18.9936
23.1448
16.5213
18.6712
15.284
17.0641
22.2274
16.2419
20.2206
18.5659
18.55
19.129
18.6939
21.2251
16.8821
14.6074
23.647
16.9027
15.4097
18.9795
14.5802
22.951
15.3876
21.2157
24.7422
22.1401
16.5479
19.1964
24.2163
31.6658
23.5817
19.2076
21.4888
17.6232
24.8263
19.5685
19.3638
21.2921
16.3931
19.0604
16.7821
18.7836
21.0204
21.2162
18.1555
16.9758
27.5505
21.7135
24.9461
22.2196
17.2724
16.1576
15.0432
18.7578
16.4071
20.4306
18.4881
15.7558
24.4633
19.6551
17.6092
22.3325
19.0741
22.1088
19.2171
24.6454
19.8677
20.5306
21.3575
14.514
16.7353
16.8711
17.4169
25.1667
16.6777
21.4948
22.0819
18.3408
21.1723
17.132
19.2689
18.7849
18.4201
17.0827
19.1671
16.8169
26.4715
20.3754
21.2844
16.8276
16.4785
23.2686
21.0005
18.1042
21.462
21.3295
18.3396
18.4926
15.2404
24.5544
16.4214
22.2991
17.8063
24.8521
20.1233
20.0327
22.2792
18.1088
17.5646
16.2712
18.7206
22.6617
19.8706
23.2435
17.1895
24.2939
21.3256
18.0447
21.2577
19.6179
18.7443
18.2714
20.8496
16.3313
15.9939
19.4651
17.1556
24.3594
16.7478
22.0719
18.4036
18.4729
19.2768
17.2877
22.0533
22.4604
18.3133
15.4719
22.0113
21.6097
19.7861
15.249
18.0528
18.7677
18.987
16.8625
16.0857
22.1237
23.2721
17.044
20.1352
16.0738
16.5828
20.3242
17.6933
18.4545
16.6355
21.9196
19.2521
17.2301
15.5894
20.88
22.6732
16.7658
18.1575
15.94
20.9994
27.9165
20.8533
17.1171
16.7127
16.4891
18.0624
22.9858
20.5686
16.958
20.2372
16.8726
16.5809
18.9888
16.4976
23.8132
18.5965
20.0303
23.3969
15.2274
19.8408
21.4061
22.1855
19.7117
18.9321
18.2625
23.5348
23.9261
18.2516
36.3478
17.5691
19.3235
19.1955
17.7763
18.1464
17.0684
26.6102
20.6944
20.5055
24.5717
17.2018
21.6256
17.6248
16.2976
14.2102
20.1309
19.2309
16.88
14.4424
19.081
20.748
15.5111
19.2287
18.5681
19.084
20.7568
27.5511
17.101
18.6203
16.7985
19.878
24.6374
26.6435
23.0756
22.5004
17.2837
16.3764
18.147
19.6896
16.499
20.9015
18.1709
19.5955
21.999
21.7532
16.9494
21.653
17.0192
24.1261
21.4941
22.1557
18.6693
17.2369
18.1459
14.8989
20.0072
25.6053
20.0051
14.775
17.9974
19.5333
20.8103
22.0748
17.6603
15.0221
16.9636
16.389
20.5561
22.8841
17.0068
27.4268
17.7898
20.0198
21.7317
18.1862
19.3098
18.8141
17.7885
18.5017
22.614
17.0671
16.8736
19.6842
16.7275
18.1461
18.7223
26.404
20.7862
18.3172
25.7577
16.3153
24.2465
21.5234
18.7892
15.2006
21.2166
18.9658
23.0086
17.4172
18.9132
18.5395
18.3258
18.5523
17.8434
20.4433
16.7745
17.1377
18.4205
21.0275
20.2375
15.697
19.8794
18.8745
23.8326
19.8238
18.931
16.1602
20.8191
23.1796
18.7581
28.238
22.8805
22.837
19.887
17.5529
22.126
18.0466
21.9787
17.8482
15.9896
17.7038
18.3917
19.0783
17.486
16.274
16.2438
25.6556
25.3532
20.3806
16.0136
15.0362
17.5543
18.4714
13.0359
17.1784
16.4596
17.6301
18.244
17.5947
19.3887
21.2836
22.3898
17.5298
17.2487
17.9531
21.8142
20.9413
21.1282
18.403
18.0516
20.3113
20.0529
16.7136
16.1926
17.7265
18.1442
20.5808
30.336
17.1705
22.3509
21.7575
18.0984
17.3779
16.9342
22.5999
17.6375
14.8252
18.4744
27.6926
18.2146
19.5182
19.1136
16.7352
20.1029
18.9666
15.4566
27.3972
19.1873
18.2223
16.9448
14.7
14.7512
20.8355
16.243
17.4474
17.7487
20.2808
17.5925
25.1194
19.64
16.8602
16.701
23.3162
18.7777
20.3501
17.32
17.156
17.1539
21.5938
17.4691
16.6005
18.9445
16.8791
20.3853
16.8444
18.6056
15.1235
15.9962
18.0148
21.3446
28.1119
15.9568
16.9477
17.2323
17.5964
20.4411
14.7753
19.5609
15.7199
19.794
20.4428
22.3254
19.0578
19.8292
30.8765
18.9845
18.1889
20.6472
17.0348
27.7616
17.0302
16.7587
21.5971
21.3686
18.927
19.3701
17.6866
19.0012
18.4119
18.3802
15.8802
26.8658
20.6289
22.3197
18.4782
15.1179
18.5892
21.8489
20.0004
18.8918
25.9687
21.1308
20.222
16.0978
21.9922
17.7904
19.522
24.2549
15.5686
25.6898
15.3276
20.7942
19.4925
15.9635
16.4142
14.974
17.3257
20.8357
26.8812
17.3811
22.9398
16.9683
17.762
18.789
17.4664
18.0502
25.9175
15.9178
20.4294
20.5453
23.4798
16.9035
17.2058
22.1348
18.2049
18.6099
17.6422
18.8873
19.9441
17.0771
27.9328
22.29
16.3819
15.6704
18.4701
20.6973
20.9899
25.5625
17.2437
19.4133
24.0931
19.0832
21.3174
14.7562
16.2283
19.5264
17.7212
25.9952
17.3959
16.9185
14.514
18.9493
19.2696
17.9549
16.3854
18.9672
19.7425
21.319
20.1278
16.8056
16.6421
24.1772
22.1313
22.1416
19.9006
18.3173
18.8683
18.7877
19.354
19.0302
18.5535
18.6503
17.9831
14.7106
20.2564
20.1588
23.8692
16.8756
17.8276
15.7273
19.1639
23.016
21.8671
20.3043
19.68
24.822
21.0606
16.962
16.7545
20.4282
19.1085
17.2852
18.8318
24.2682
18.9174
14.5966
18.0835
18.2309
17.4413
17.362
17.8012
18.235
24.6811
18.1562
16.291
17.9016
20.9592
17.231
18.8434
28.8652
20.3381
16.6832
16.5804
18.0588
26.0657
14.4122
24.2887
22.8704
16.0358
26.7192
16.1126
17.4289
16.5114
18.0886
16.4912
16.3451
17.3109
15.4388
22.2794
27.5492
17.6444
18.9748
16.8523
25.6825
16.8981
20.7781
21.9758
20.5811
21.2518
19.8634
20.4758
14.4896
18.922
19.6327
20.2784
22.5355
17.0937
22.2615
16.8527
17.5833
22.696
16.5488
17.5278
19.846
17.4537
19.1333
15.1103
19.9113
14.4634
19.4172
15.3635
17.9337
19.4846
16.4078
20.2822
15.34
20.7984
17.3511
17.2708
17.6617
22.6935
16.3768
20.0734
18.5071
25.0194
22.6696
16.7873
16.4712
20.4932
21.9249
17.3197
20.4804
18.8378
20.2713
22.5277
18.8924
25.4833
18.6175
18.0325
27.4551
16.7367
18.8212
18.7195
19.9069
22.6046
21.1358
23.05
22.0653
19.1931
19.7323
18.1866
24.8358
21.2281
18.5095
20.2514
22.3246
21.4718
20.3934
14.4391
16.0282
25.9507
17.8868
14.6443
19.7894
18.7672
17.5187
18.1139
14.444
19.116
18.8977
19.6281
18.3771
17.4613
26.3946
19.2852
18.8303
18.5011
20.9615
19.2947
20.6627
19.7265
19.6593
19.2104
18.5847
20.998
17.8189
19.1118
19.1878
14.9247
15.3503
18.885
25.0358
18.0962
20.1094
18.3197
16.0485
16.1137
21.699
17.3699
17.9598
20.1307
18.5993
18.6029
19.7983
17.5183
15.6065
19.616
18.4608
21.7786
27.559
22.1145
21.4727
28.6029
18.3475
18.4209
19.4302
20.3882
16.6795
15.3164
16.6497
20.6168
18.2016
16.0449
16.5221
16.2572
21.6101
18.1652
15.475
23.1292
15.508
17.6077
17.8924
33.6487
17.0393
21.6041
18.3676
17.5064
24.1295
26.2004
16.816
26.5912
20.2778
17.6563
18.7288
19.368
17.8143
17.4148
20.5431
18.0934
17.7085
16.8854
19.3899
17.7692
23.6572
16.6432
17.2881
20.2782
18.8984
16.2995
24.1651
15.9756
21.3207
17.3957
26.1607
19.8346
21.8277
20.7136
19.0149
30.5685
21.3562
13.7228
17.9405
17.8101
19.9851
15.5326
19.2892
24.5315
19.7294
17.6785
22.4023
15.5151
21.1415
17.8419
23.9928
22.3033
17.2902
16.6759
18.4544
19.6791
23.729
19.8543
20.9061
17.7478
16.2981
17.5066
21.8783
17.6654
14.7048
18.3728
21.631
22.5318
20.5456
15.735
19.1089
19.9125
20.3106
19.6217
16.439
21.3815
17.9751
20.11
20.1533
21.9149
19.5484
18.467
18.8863
17.0551
18.4908
16.2598
23.2383
17.4603
21.5273
17.5444
16.8139
17.8676
14.9978
17.2025
22.6116
22.1709
17.153
20.5149
18.5773
21.7616
15.6391
19.4903
16.2515
19.0016
18.204
17.5024
19.317
25.8674
21.2881
27.8802
21.8579
18.1854
21.0379
17.8446
17.1506
18.2523
15.4285
17.3373
17.7332
19.1706
15.9419
24.2237
18.1212
17.9886
23.2964
16.2675
23.3929
20.9953
21.2936
19.3084
16.1892
19.9393
21.062
24.2287
19.743
16.9445
23.7469
22.0813
23.3542
18.8715
23.0297
18.6544
20.4234
24.7424
21.433
20.4189
24.1762
18.3316
20.5611
16.6818
21.8346
17.0096
17.4012
15.7952
16.1614
23.9727
19.4124
20.5464
17.5617
17.0183
16.5786
16.4251
17.1085
14.5318
28.1017
22.4547
17.1559
15.9408
18.8351
18.3678
19.1455
19.5884
18.5059
16.2098
24.7974
21.021
18.8515
22.3502
17.8494
19.9911
20.0955
20.3703
15.766
16.0043
18.2073
21.9328
17.165
19.9947
18.6842
18.0548
25.5378
21.2105
17.1256
27.4591
19.2065
15.8801
19.5336
18.4899
20.3169
15.832
19.1891
18.6692
15.429
15.0145
24.8998
25.2701
17.8563
26.0543
16.5295
16.8105
18.3653
16.3008
17.1111
22.659
17.8717
18.9284
18.1012
18.094
19.3662
16.0779
16.821
18.502
23.5905
17.1917
17.9729
19.8182
20.354
17.7178
15.5126
16.2989
25.8833
18.0007
19.9226
18.0854
19.1427
23.161
16.9645
22.1104
22.3864
25.1595
26.8723
17.8346
17.3026
18.3881
16.5188
23.4697
20.0219
21.0161
24.2701
16.8588
20.1983
16.3184
15.5428
18.0387
17.0026
16.5619
17.9042
19.4992
17.2965
18.303
18.129
24.5604
24.6248
15.2316
15.6846
21.2216
18.202
17.3901
24.9416
14.4851
19.8828
18.7113
17.3383
17.6465
26.4496
17.6579
20.6242
17.2816
17.126
19.3533
22.0684
20.3057
20.9979
18.859
18.8246
15.9624
24.2123
22.1936
18.6123
20.7914
18.7068
22.4456
16.2334
20.23
22.1168
23.1674
15.0099
18.203
20.0873
19.2375
18.8726
15.5535
17.9757
22.1734
16.6851
15.8821
15.4175
23.1521
18.2522
17.9868
19.9091
18.6523
19.9556
18.1434
20.2276
17.8482
15.3922
15.4335
19.9058
15.6576
21.5179
21.658
19.802
19.0004
15.5627
16.0349
18.1294
23.2291
19.2543
18.4405
16.4624
26.1485
17.7045
23.1937
20.3073
15.2719
18.9076
19.0485
21.4911
16.3715
24.4574
21.4556
18.0612
16.2936
17.1822
18.7346
23.6209
18.7633
19.8368
19.1945
20.9495
15.5042
20.5858
16.492
17.9961
19.554
19.0608
15.0473
18.0075
21.0332
24.5023
19.7568
19.0446
21.4979
19.2145
25.4651
17.9968
19.0922
18.8508
16.1579
19.6164
17.6003
20.4605
21.127
19.9925
16.3057
16.3748
15.9558
18.0022
17.5303
15.4638
17.3822
18.9088
19.2087
25.2291
23.6004
23.4757
23.8662
15.4932
21.5116
17.6321
19.4257
22.0175
24.2354
18.2781
20.6136
17.9352
16.7984
16.7694
15.2019
19.1622
27.0697
16.724
17.4656
20.903
28.5417
15.1466
23.2653
18.5939
22.1481
20.8166
20.0789
16.8673
14.9745
19.6424
17.7399
22.5473
20.1325
14.9527
19.7258
21.403
17.7249
16.2085
20.4913
18.3038
20.0028
18.3574
16.0116
14.9853
21.5525
17.756
17.8061
26.6022
16.271
18.4991
23.7791
18.4809
24.103
20.2361
18.7377
20.3336
17.9642
23.1738
18.2432
20.269
22.0205
17.155
17.6377
18.681
18.8699
16.1107
20.4454
26.1488
23.7941
15.1639
17.6264
19.1745
20.2232
17.8921
18.0282
22.245
18.6407
21.0238
15.2469
20.0067
20.9446
17.8618
21.1288
16.1303
14.2846
18.9846
26.1358
21.8052
26.942
21.657
20.5502
18.6223
17.3553
20.4778
19.2553
18.8274
22.1753
15.4442
16.8757
16.4699
18.4625
17.9702
20.1078
30.6161
23.8612
17.5922
17.6738
26.5934
21.0401
22.0847
19.5474
23.6782
20.2181
20.4149
22.5112
18.928
18.7693
20.9674
15.7765
23.0405
19.3795
14.5051
16.4679
18.2874
19.461
20.9071
16.3254
25.6089
23.423
18.6277
17.3482
18.034
18.3003
16.1052
24.6535
21.6293
18.9213
17.0373
18.4391
15.8127
18.1034
28.9574
25.0931
17.7884
21.7147
17.0665
18.1053
24.7494
16.8082
18.8427
19.8344
25.7311
16.2227
17.5712
19.2099
18.5778
18.7708
21.5609
15.6602
18.8238
16.7557
19.9676
17.5135
26.0514
16.6855
14.938
21.4543
16.1663
21.0757
18.5386
18.8499
20.9787
22.7826
15.8526
20.1783
16.8409
20.695
18.727
20.8433
16.5597
25.5162
15.06
21.0721
17.2944
14.3768
19.4549
20.3147
16.4086
18.4375
19.569
23.4146
17.3573
29.1854
17.1889
21.5282
16.0091
18.179
23.6447
21.7596
26.0672
18.5082
19.2328
20.9708
21.2956
18.489
17.1345
21.8266
16.8729
21.2635
22.3278
23.5135
24.6255
22.2076
16.5932
19.2627
17.9006
20.2741
17.34
20.0139
22.9056
20.3166
19.5494
20.7472
22.2493
19.3505
20.0349
22.1819
14.876
15.4208
17.9871
16.7866
20.2067
16.8918
18.2004
17.3713
20.4669
19.2306
17.6587
20.6032
22.5624
24.8253
15.4
23.0156
20.3893
27.0241
21.0879
17.0014
16.1539
18.3763
23.088
20.3763
23.5215
19.2457
15.8992
19.6133
18.9777
18.7434
15.5325
16.0349
30.7913
28.0106
25.2457
18.3516
21.301
20.0391
20.7888
19.1751
17.365
16.7997
17.1768
21.5592
18.0897
17.9863
16.9201
19.0224
18.3418
21.4671
16.4327
17.5784
38.0933
20.1372
16.2453
17.1188
18.113
15.8468
19.1732
19.6588
21.5649
18.1414
20.5894
17.8679
15.6152
15.9912
17.6935
22.3713
16.5987
16.9047
20.5997
16.8788
17.7866
26.8001
21.7595
21.1446
21.9093
16.7912
15.9636
26.4709
19.7784
15.1983
17.1544
18.9634
22.1644
18.8847
26.5627
13.9272
25.7971
20.2988
14.312
16.2191
17.185
21.5471
17.3579
18.6105
23.0899
18.7662
24.1502
17.4372
22.092
34.5655
19.9404
16.6547
17.5374
18.1878
21.1988
22.0161
22.1507
16.4225
21.5623
22.0584
22.6492
16.7797
13.9953
19.851
15.7149
16.2222
17.911
23.2156
17.208
16.6627
21.5683
16.791
18.0124
16.5051
14.9156
29.5618
20.0781
17.6577
17.0363
17.8009
16.6534
22.109
19.3967
19.9071
21.0165
27.5915
17.6292
15.0976
20.4396
18.5259
16.6759
21.8951
19.1687
16.6348
28.9037
16.6988
20.3918
20.6255
22.881
15.8699
24.0784
16.808
22.6754
19.2855
19.6661
17.9991
19.0851
15.3284
20.0762
18.6235
13.9266
18.7971
16.9124
19.4527
17.852
19.5069
16.3632
16.6324
27.8648
17.7049
21.0289
16.9268
24.0404
21.5881
20.7262
17.7392
20.7125
23.9009
16.6719
19.433
17.097
20.9688
17.3781
21.9475
16.1545
19.9148
19.4981
20.4827
18.8098
23.3236
19.3506
25.3226
15.9536
17.5851
26.5552
19.3479
19.8364
17.9712
19.2408
18.4427
21.9163
16.2101
19.0482
18.9328
18.269
16.0455
22.0977
17.3876
16.7729
24.8473
19.1429
16.6569
16.663
19.7244
17.7886
21.69
16.2904
22.6052
17.2326
16.4914
19.1013
16.7503
15.3913
19.5864
16.0026
27.0148
19.975
18.7983
16.5702
20.2672
19.5758
20.7178
20.8484
23.9147
21.6933
17.4617
18.4628
17.9449
24.5234
17.6828
17.2312
17.8253
23.1706
19.8204
22.0432
20.0476
16.1466
16.8351
18.1812
18.4866
20.2474
20.55
24.3311
17.8385
26.7082
14.4215
18.6132
30.0934
23.2471
19.4172
20.0208
18.692
18.6458
22.5794
18.5746
17.8852
26.1258
17.4265
15.34
19.1714
21.2823
18.9961
20.177
20.2794
15.2753
18.7893
21.0033
14.7862
18.3789
20.1026
21.4721
18.1445
21.0954
15.6719
16.5084
18.9854
16.533
17.9955
18.4941
20.6383
22.5183
19.9237
19.5468
17.203
15.8756
23.4922
21.5558
24.5401
27.3929
22.8084
13.781
21.6568
18.8143
22.5085
20.9052
20.0471
15.4633
19.5034
19.5622
17.7382
15.8313
15.0279
20.7781
13.7768
18.8334
16.5625
19.0992
23.3531
20.5203
17.5128
17.83
19.654
25.777
21.4139
29.0046
16.652
21.3033
16.3223
18.2671
16.7654
18.6311
19.0702
18.321
15.9119
21.0036
18.848
18.6083
16.981
21.2767
17.4435
14.2334
19.5331
16.0123
18.9964
20.5148
16.6014
24.8742
20.1665
18.3545
20.882
20.9007
22.4088
17.3061
20.9845
21.3016
21.4287
23.6064
18.7782
15.0689
24.4248
14.9673
16.1158
16.3499
24.6323
21.2098
20.4163
15.5303
20.013
17.8565
17.4439
20.673
15.921
18.7111
16.4691
20.0194
18.1168
21.0612
19.3915
20.5921
19.2116
22.4047
20.7347
15.2728
25.8467
24.8456
17.4896
22.2103
18.7424
18.8605
17.26
15.1582
14.8092
17.2909
24.7825
17.7971
16.4484
17.4204
17.7515
17.8695
18.5548
18.3141
16.1607
21.2393
17.5707
17.3584
18.6152
20.5587
15.965
17.8083
18.1262
19.0866
17.4173
21.0979
17.278
21.4168
21.0544
19.4685
23.7996
14.5491
17.1145
16.5928
16.7758
24.6707
22.9705
23.3298
17.3849
17.6042
27.632
17.607
20.38
20.5478
15.9722
15.1704
18.9361
21.5976
17.6026
20.5914
19.8882
16.6709
16.1403
18.5408
30.6052
19.8392
21.7557
23.2792
21.3149
18.5984
16.1199
22.3322
15.5486
19.8674
24.939
16.1362
20.9649
23.8195
22.4329
26.2386
18.2182
21.8384
22.9849
20.5367
24.6947
18.0445
19.9243
20.8989
20.2656
15.5252
19.1696
17.6482
17.5015
18.4028
22.742
16.7173
17.6512
19.641
20.7941
24.782
17.0151
18.6475
23.9184
20.632
23.4316
22.7075
18.876
16.2989
17.0515
22.8281
19.6208
15.3349
23.1712
20.4569
18.2237
20.6814
15.7908
17.8365
17.5527
17.489
21.3349
19.9027
19.7469
14.3791
18.7744
21.4139
16.0809
14.4405
23.8298
15.6645
22.7105
17.7968
15.6718
17.7989
22.5794
24.6001
20.7975
19.3253
17.2507
15.747
16.7463
35.5532
20.7449
22.9443
15.7985
19.0101
27.7329
20.9201
21.4319
16.7089
21.8823
19.2342
18.1116
22.059
19.276
18.3602
18.7688
19.898
15.9853
18.6374
16.6784
16.6498
19.9651
20.0293
20.7514
18.8184
16.2842
17.6428
18.7115
20.595
26.5517
22.0319
15.1907
23.7333
19.8523
20.3598
18.3683
23.1877
19.4987
20.638
19.311
20.5834
16.608
17.3915
26.7668
24.7011
24.3406
17.9522
18.1347
19.1979
20.1947
16.1553
18.4517
18.5921
18.8747
14.8472
21.4553
15.9754
18.3234
24.3001
25.9258
16.8485
20.8546
19.0263
14.3232
19.8898
21.2385
19.209
21.214
17.8642
17.1252
22.1901
16.0315
21.2529
21.4004
16.4805
15.6291
17.4639
13.135
18.8835
22.8547
23.517
20.5616
17.7483
14.1111
16.1093
16.0518
17.9811
21.5797
14.3049
18.629
16.7415
19.9302
17.7557
22.5286
19.0225
19.4943
20.9732
17.8911
18.0047
18.2973
20.193
17.5625
19.1075
15.7429
18.8443
18.2668
22.2989
19.3928
23.9399
20.5462
23.1329
18.4411
19.4891
20.0774
18.3722
19.2717
20.2961
18.0283
27.5299
18.3325
24.6353
15.8204
22.1329
16.2139
18.1496
19.3266
21.0401
17.3105
22.077
20.4518
21.771
18.0019
15.7941
18.0074
18.0356
20.8082
22.248
20.0013
17.3016
23.6869
19.6441
24.6788
15.2978
19.9859
17.8707
17.0034
17.8525
18.2369
18.5507
16.5942
20.6171
31.3532
17.9569
16.3781
18.828
27.8358
17.7715
18.75
16.4848
20.9008
21.6618
14.352
19.0863
18.6662
18.8017
18.0268
22.5051
20.4544
19.1014
18.9857
18.4397
18.4993
17.4078
22.3427
15.9434
27.5588
21.2478
19.7997
21.8888
18.4431
20.113
24.6196
19.8379
17.9982
17.4633
20.3518
22.6088
14.4719
17.9941
21.3302
18.6114
22.2814
19.5897
17.8157
21.5142
15.071
16.2783
21.1787
17.4995
17.0867
23.9962
21.6001
21.1731
20.9583
23.1492
23.8299
17.3427
21.3366
17.4671
19.3118
18.1311
17.9937
16.7334
22.8154
17.7969
21.0421
20.6995
19.9546
33.4996
15.3363
29.9407
18.2378
16.7267
16.1376
16.3594
17.203
20.8743
14.668
27.3876
17.4485
20.6013
17.0036
20.0728
16.2758
18.1565
20.5156
19.1627
18.4446
23.191
19.1997
20.7615
31.3634
20.4673
22.1814
22.8593
21.3931
16.2063
19.6022
16.6207
17.7349
17.109
17.8618
19.6267
18.8377
18.8585
21.9992
17.0774
22.4859
16.5033
25.2901
17.7374
21.2063
13.4348
20.4198
18.6199
24.6083
16.8975
17.4222
20.8765
21.0508
19.7888
17.1325
17.8154
22.4203
22.2758
19.0898
24.2976
14.6047
15.8841
25.4056
14.2437
23.7431
24.3657
18.3522
15.1074
25.1436
19.2524
20.8254
20.5198
17.9132
19.2418
19.3476
18.6304
21.3522
32.5969
20.7116
18.185
18.466
16.8566
17.6651
16.7822
22.236
24.6261
21.3277
22.4214
21.4044
21.3145
17.1868
17.4527
26.0567
18.0879
24.2718
16.133
17.4722
19.4254
27.0775
18.8422
15.2552
16.5758
16.7106
18.7676
17.5926
17.1084
15.3492
19.0148
17.0737
17.0481
19.7845
17.1258
17.8558
21.0042
18.4641
16.3689
18.7033
19.3474
18.2658
15.8107
17.197
21.0122
19.0667
19.0556
16.4418
16.7571
24.8584
17.7352
19.4268
19.012
21.7021
21.6397
17.1889
25.2015
18.6464
24.3975
18.3005
23.8585
18.1497
15.5777
17.7408
19.9605
21.1889
20.2998
24.4231
18.3584
21.8249
18.1737
18.8673
19.7679
15.0648
21.0494
32.6224
22.3564
20.4666
19.6748
22.1137
24.1507
18.2373
16.4398
20.3966
15.2596
19.6978
16.1284
19.6637
19.6614
20.1365
25.7935
19.8124
14.2071
16.9847
16.8886
20.6386
19.1219
16.3025
17.378
18.47
19.5266
16.7462
16.6204
27.4133
21.9172
17.4188
19.1558
18.2911
16.1176
18.6464
20.8674
15.3533
19.5052
15.5772
22.1767
17.981
21.1302
23.7308
17.6756
16.7091
18.9662
15.4447
18.9332
21.2205
15.6424
14.6642
18.8547
21.1707
17.3591
19.6939
20.8249
16.6652
18.7239
18.9774
17.3097
17.9215
19.5048
19.7436
18.4145
20.7792
17.6838
17.9793
18.0845
20.2383
20.4557
22.0399
13.9578
18.8283
21.5822
19.8808
20.2185
20.1918
24.5015
19.3758
16.6018
21.47
23.175
19.4783
17.2968
21.1797
26.0847
20.2613
17.6772
19.597
20.5639
18.8368
27.7945
15.2674
16.0826
18.109
19.9395
17.4616
16.0436
16.2481
19.7273
18.4138
22.7379
18.3759
20.3243
20.5299
23.2419
18.8773
18.6075
17.0665
16.4559
20.3865
22.1608
20.039
17.4648
18.7782
23.8054
20.8863
16.4722
20.4322
17.197
22.2292
15.8514
25.7343
21.8969
20.5933
17.0201
26.4446
16.7041
17.282
16.0083
18.9721
15.0726
18.9949
17.1
22.4717
15.5757
21.8775
18.8509
21.9312
20.008
20.7243
19.4947
21.9325
18.2127
15.9209
21.9768
16.1608
20.8858
26.9963
18.4711
18.028
23.0439
20.603
20.5276
19.0692
19.4386
24.076
17.1847
21.9894
18.2447
29.4483
17.291
16.5166
14.8519
18.7
18.8666
22.2594
21.1855
15.9289
16.5948
18.3789
20.5221
15.9603
17.862
17.4321
24.904
21.7202
18.4299
35.2392
20.8702
18.4566
17.1227
18.169
19.9792
17.2331
17.5896
21.8522
20.8667
23.8483
18.4466
19.1888
23.8774
27.1962
17.6588
19.683
18.8917
17.8994
21.9039
21.6543
20.4098
19.5071
16.8067
17.9411
19.8908
19.2503
18.7631
20.6886
21.7754
15.8088
23.2665
18.644
17.6103
14.8826
20.3691
19.2464
24.3368
15.3867
14.9138
19.1618
22.2047
24.3128
16.7453
16.5907
17.0451
20.2001
15.9048
16.692
20.1694
18.3892
21.6899
18.5557
23.3754
24.4437
20.7811
16.5667
18.9519
17.7498
16.2814
19.1972
21.2548
19.0302
18.4959
15.1694
20.3441
22.5068
21.0602
21.5424
17.6308
16.0423
19.0993
19.189
16.9335
14.0688
23.003
16.1208
20.4577
24.9879
19.2204
22.8494
15.7846
19.8454
18.1352
21.8894
20.0232
14.5826
18.9395
17.1419
19.1856
24.3351
15.8862
19.9269
18.3202
18.2283
19.3808
17.1749
23.747
15.9617
15.6457
19.1275
18.6873
18.9894
18.9496
24.6734
16.4897
19.3592
17.9112
20.738
20.3406
19.0863
17.89
21.9783
15.756
20.2664
15.8375
17.5407
20.6612
21.9784
21.6238
21.1798
18.5728
16.6743
19.3799
19.1424
23.541
16.3543
19.9237
19.4981
16.5823
26.1066
16.2717
17.8692
20.0503
25.4248
17.4149
18.0637
18.9172
18.7513
14.4991
23.6539
21.3236
26.2321
20.55
21.2646
20.8901
19.5001
17.1381
19.9925
16.3585
16.3273
20.449
25.6495
18.1924
18.824
23.5483
16.6005
15.026
14.551
18.7766
21.7305
16.5832
17.6125
19.5274
16.9047
17.7483
23.0264
19.3996
20.9624
19.4041
22.5131
24.8265
16.8886
18.6595
16.328
18.5183
22.6064
16.4991
19.4762
27.806
18.5276
20.5526
18.8279
17.4652
20.0605
23.7281
21.8044
17.4177
19.704
15.4076
17.5626
24.1881
14.2128
20.2872
17.2482
17.908
17.3451
16.0444
17.9161
28.2628
17.9251
16.0483
13.4795
17.3892
17.5913
17.6234
23.1149
18.2391
19.2149
25.7226
19.6506
18.1593
17.5667
20.4625
17.6322
18.1598
18.5917
23.0399
17.3024
17.4068
26.9235
18.7566
20.1583
16.984
23.898
27.6512
22.8877
17.4701
16.0199
18.2084
16.1897
15.9563
21.4487
16.8262
17.4781
19.0169
21.3859
16.6997
17.8199
23.3119
17.7478
20.8962
20.1159
18.926
19.7586
20.1553
15.1185
17.8363
19.5831
21.7376
16.1741
19.8762
23.1808
24.8204
20.4253
21.5825
19.0181
21.8505
19.0567
17.3639
16.1755
19.0346
21.0396
26.6927
17.4006
20.0626
17.9738
18.5222
18.2064
22.1912
21.5045
16.6885
16.4969
18.7416
17.5949
16.7321
20.1985
26.91
21.7511
21.408
22.6828
19.5955
24.2605
16.0305
17.8898
17.5221
18.2831
14.6485
18.2284
23.6354
15.2008
27.1335
16.0894
15.9831
17.7601
18.7125
22.874
16.8554
23.7363
15.2771
18.8374
17.9922
17.6511
20.7649
17.1084
19.6902
18.2839
19.8329
18.8284
24.6276
20.9422
20.8223
20.2179
18.5169
19.1188
23.4666
19.2476
18.1193
17.1323
15.0058
20.4967
22.844
21.223
14.8304
21.7828
22.6835
23.8835
17.9221
18.1619
27.7026
17.3459
19.9172
17.3185
21.88
16.4094
14.9999
20.4576
18.6857
18.5841
27.6381
18.6033
21.9308
17.5802
20.6973
18.5747
19.1929
17.5721
16.3561
23.5856
15.3526
17.218
18.6633
18.7572
18.7208
20.5137
15.8613
20.4097
15.899
12.9858
18.8573
18.8955
20.7622
16.5594
17.6559
19.8093
16.8974
20.6899
18.1782
29.7713
16.79
18.1113
21.1469
24.9685
18.1055
25.8253
17.701
18.2384
21.0558
21.6336
19.1049
17.1726
19.819
18.2006
17.646
17.073
17.926
16.1007
23.4925
20.0037
15.5747
17.7189
17.4656
15.7102
18.9746
19.2599
18.9475
14.4196
16.833
22.5499
17.9274
18.1487
16.4896
20.519
19.3013
23.283
23.5507
19.1892
18.2819
21.9595
26.1662
22.428
17.7669
15.7538
17.083
17.4516
20.6163
24.8624
19.6761
20.5332
17.3026
20.8884
19.4236
19.1555
21.0164
16.0207
16.7241
20.0704
16.4852
16.9014
21.6294
19.4042
16.648
17.8899
16.8544
22.6617
17.0654
21.4496
23.5142
17.3753
20.3838
18.0951
19.7789
20.2197
18.6921
23.5385
18.3608
17.7422
25.7817
22.8318
16.6348
18.5221
16.6449
18.4874
23.8348
14.3361
22.6592
22.9708
14.9413
16.2546
20.0584
21.2281
18.7395
17.4602
17.5255
18.8293
18.0887
26.9348
17.388
17.1338
21.4542
19.4632
18.3762
26.0316
18.7176
15.8231
14.3056
25.4752
20.5342
17.6705
19.7259
17.308
19.5961
18.0823
18.4338
18.1925
20.0178
20.2341
17.5098
26.0519
22.1693
16.9172
20.4272
26.3172
18.7694
19.7476
15.8031
19.0424
20.1397
24.8305
22.162
18.0944
21.2018
21.238
19.9287
25.1939
18.8242
18.2248
18.4195
18.7975
19.1678
17.3015
18.3201
19.2634
15.5218
17.5426
19.3986
17.835
18.6075
17.9984
18.3203
18.6302
20.1695
15.083
16.2947
19.9397
21.6185
20.1515
17.9366
23.0119
24.6933
18.8983
14.5018
22.9567
15.8691
17.4441
15.8719
17.724
21.5341
17.2793
17.0507
23.7078
17.8641
15.8844
18.5351
16.5839
21.8659
22.0784
15.2996
18.4679
21.3304
20.6643
20.9179
23.4202
19.4744
23.4002
20.1367
23.6977
17.4848
15.6027
17.5674
26.8871
16.3609
16.0928
20.2326
26.684
21.8083
17.9732
21.3626
16.7264
20.5989
23.0271
16.9397
21.9138
22.5759
19.0461
18.5654
18.8409
18.1482
18.4674
21.1186
16.0085
18.6979
16.6144
16.0837
17.1446
17.303
18.8657
21.3333
20.3894
19.3055
21.3138
18.7476
20.6176
27.8826
21.4004
15.5525
24.4636
22.7599
20.3287
22.9659
20.6396
17.4518
16.3451
29.3208
22.9027
16.0898
17.853
18.7972
18.7741
25.929
20.299
19.4686
14.452
22.0331
14.9876
16.1872
15.7799
21.8679
19.7229
22.3748
14.7675
23.3145
24.1788
22.9086
23.5507
14.0965
24.4299
15.1315
17.8937
18.5842
14.3334
14.8063
16.4028
22.3808
23.3972
19.8425
16.2351
19.9072
15.6583
18.5125
16.7729
19.2164
27.2693
17.381
20.2683
19.0108
16.5305
15.7059
16.5727
16.5549
15.3086
18.6975
19.4103
17.1613
15.4566
24.988
19.6947
17.4763
25.5567
19.4532
16.3401
18.2429
19.7106
22.4526
19.6797
17.6645
20.811
19.0115
26.3577
21.029
22.0187
19.4219
20.5412
20.4961
28.9501
21.5005
21.4452
18.9371
16.1403
19.0299
16.2096
22.276
19.1353
22.0592
21.1137
20.7103
17.5825
15.4724
21.4469
17.3088
17.015
17.6842
16.2094
15.2586
16.3002
17.2283
18.6238
24.7365
18.8672
19.4657
21.3324
29.9385
19.9882
17.6761
26.5168
26.2015
17.9825
21.499
18.8406
22.9384
18.8546
17.164
18.089
22.3849
18.4514
15.2927
25.4437
20.793
19.8191
26.1627
16.8236
22.2881
21.4767
15.914
21.4588
17.9481
18.8772
25.0033
15.5797
18.8571
21.6704
21.3761
24.9625
16.2372
19.7335
17.2986
28.3539
18.2662
23.0792
18.2948
21.4587
18.1164
16.9196
23.4708
17.0454
19.1829
15.471
16.4709
17.7409
17.6323
23.4702
17.2552
18.5118
18.4043
17.8374
18.2677
16.8294
23.5298
20.3978
17.4611
29.0443
15.5662
18.9218
16.6428
18.7536
20.4315
20.1584
14.2077
15.6025
18.9773
17.1705
26.5104
17.9124
17.3886
18.3222
21.2765
17.7595
22.2055
21.1202
15.8653
18.2011
28.0022
18.6599
19.9195
16.7023
16.6438
15.7748
17.1437
18.3574
25.0572
16.5655
20.2561
21.258
19.0372
21.6326
22.0719
17.8138
16.3587
23.7603
23.5532
17.7948
19.3104
22.1722
18.0249
16.7052
15.6138
14.9235
16.1883
19.6319
21.7602
22.3935
17.0557
19.0933
17.5493
28.5249
16.1133
19.8163
16.328
24.2673
16.5697
15.2304
17.8356
23.6672
16.4997
22.1405
18.364
16.9989
18.4935
19.281
19.401
15.1143
17.9535
21.5131
16.2952
20.0206
22.5554
17.9848
18.714
18.8432
14.9917
22.0072
25.0561
15.5414
18.7189
20.9191
18.3262
19.2436
25.4753
14.8392
16.718
22.6589
18.1815
16.7856
22.4482
16.7386
17.3755
19.6995
18.6197
17.4483
16.6578
21.3734
17.9692
20.7376
20.3961
15.9622
22.0787
19.1561
20.6706
22.1774
17.9523
15.7336
20.0626
14.0491
18.3197
24.6974
20.4564
15.9567
18.9315
19.7376
16.2269
18.7728
16.7908
15.7959
18.5285
16.3753
19.4015
18.7573
21.375
27.0569
23.5082
19.7092
20.022
15.7274
18.6068
15.5015
22.2776
15.4386
22.9623
22.6153
25.4864
18.7335
19.4353
18.1742
19.673
19.5372
18.061
18.8948
15.5358
18.6894
19.257
18.6598
21.4771
17.9172
20.7302
23.3116
19.0182
19.8311
17.071
20.4259
17.994
17.7777
20.9291
21.7773
18.9956
16.8677
23.5009
18.4257
22.8142
18.3365
17.6124
17.518
21.1867
15.706
24.9918
25.6345
15.8515
26.9305
28.091
22.4061
16.1665
22.6466
23.2988
19.1096
16.5608
17.0924
21.046
20.3016
17.5947
19.2015
18.0312
16.2431
18.2669
24.4413
17.8996
19.2368
19.4913
20.4836
23.3423
18.6542
15.5449
24.2568
19.6715
22.196
24.0376
17.0971
27.4583
18.6078
19.4459
22.1803
20.8665
20.6278
14.4547
26.0625
15.5914
19.4786
27.47
21.9312
16.3756
21.288
24.7985
23.7297
18.2217
15.2611
19.1397
16.7934
17.4008
18.1339
16.9369
19.1331
16.8327
21.3069
16.4365
18.4969
16.0115
18.4137
17.6658
22.3903
17.5389
18.3965
20.888
28.8155
20.1402
23.9197
20.1397
14.4133
38.3732
19.8058
21.8494
18.1259
24.9816
22.818
17.117
16.8608
21.1243
21.9594
20.6422
22.0952
20.724
22.1183
17.6251
16.0457
17.6288
21.6771
30.3227
20.4139
25.717
19.5868
15.9489
19.4359
15.7408
17.6313
19.6836
15.3745
18.9044
14.9724
18.6686
15.2084
18.5952
17.34
23.4297
18.6485
20.8932
14.3061
16.4783
20.4333
19.1296
19.5769
20.9404
19.0097
22.3222
23.3984
17.9954
21.8787
16.188
17.2165
17.4563
19.9626
15.7748
21.9834
25.2848
17.9903
16.0129
17.6322
24.986
17.2338
24.5999
19.8779
20.4255
22.3943
16.8874
17.2119
18.0132
15.6707
21.1623
17.4966
23.2426
18.0168
19.1959
19.9166
27.3418
16.303
16.7143
21.3429
18.196
23.0572
16.9534
18.4054
22.1774
15.631
21.0353
17.5961
14.9162
21.9866
21.4882
22.9652
19.3122
19.9918
20.282
18.0511
21.405
24.3691
28.9923
18.3519
19.3789
24.1498
21.9896
15.6871
23.4395
19.1593
15.6856
18.1254
17.1588
19.2065
26.6752
16.3874
15.7866
19.8017
23.5816
20.4425
15.7793
15.5039
20.6918
20.8019
21.8055
18.0213
18.6706
20.5142
15.6398
23.3857
18.7112
19.1101
22.6155
17.7438
14.186
17.7968
18.9124
23.6375
31.762
19.121
18.8442
22.0537
24.513
17.7918
17.8865
22.8963
16.7561
17.5071
22.7202
17.2828
17.9941
18.9997
15.5732
16.543
14.8282
26.1241
17.3871
16.6206
20.7308
23.9435
18.0421
18.9486
15.6103
21.6689
16.3021
16.6837
21.7159
19.358
14.9248
18.2582
19.9309
20.021
17.0877
18.254
19.2896
17.0847
23.5749
21.0721
21.0488
18.1892
21.8211
17.761
20.8506
21.0337
16.9918
19.4918
19.6322
19.1876
19.2435
14.7869
21.9228
18.0447
17.2316
17.7045
19.0565
20.2863
18.7114
19.8141
19.0274
16.589
21.8685
20.1055
16.3909
18.6996
16.1114
19.9645
17.0603
22.0164
18.3478
19.0009
21.8835
16.0241
23.2982
17.1025
19.5482
23.5456
18.777
23.6532
21.9091
20.2248
17.2449
17.9252
17.3605
22.3077
15.2645
22.5106
18.5549
17.134
16.0796
22.508
18.2439
17.001
22.2141
18.2017
16.2073
22.2608
17.8687
17.1734
17.4847
17.2713
16.4494
19.9697
18.0842
16.7436
16.8133
19.6684
20.3441
13.4984
22.2951
25.1502
22.3296
19.3876
26.4544
19.1597
17.641
15.7681
30.3822
19.7318
27.0204
16.1792
24.1225
15.3112
25.2191
22.9001
20.4875
15.8246
17.2651
21.2374
21.9167
18.2944
18.1647
19.2981
20.3426
23.1286
21.8021
22.8745
18.2885
21.301
16.5236
21.4525
15.0999
24.1817
19.0265
20.7687
18.3603
17.5939
16.2403
21.4864
18.1445
15.3191
17.1646
18.2545
17.6682
18.6414
19.9976
19.9422
17.0489
17.736
21.8858
20.0014
22.3593
23.1153
14.5655
20.9156
17.4288
19.5907
17.621
19.6822
16.4326
17.4051
16.1572
18.3934
22.3028
19.0025
18.8846
23.0413
24.0594
17.043
18.6174
18.2399
15.8816
16.7427
19.7588
19.0839
22.2203
18.6118
19.6903
19.0141
17.9698
15.8524
16.9448
18.951
15.7386
16.6612
19.3038
16.3927
18.5983
19.5341
22.4343
23.997
18.7712
17.6293
19.2098
18.7102
19.7364
16.9284
16.1999
14.2905
21.2127
23.4552
18.5067
22.0897
18.2585
20.7503
19.6781
24.9727
18.2241
16.5498
16.6926
19.1705
22.0049
20.0786
20.8602
20.7986
18.0561
26.6295
16.7113
16.6066
19.3112
20.6158
15.1094
22.0928
22.9952
15.2371
17.4088
20.5344
23.9238
17.3852
23.0511
22.3981
17.6093
17.7844
19.7641
24.2832
20.7299
17.436
20.2496
26.8965
26.1874
15.4003
19.516
22.462
15.4553
17.7711
28.2377
17.112
18.3773
16.6035
19.599
18.0233
18.7784
17.3237
21.2075
23.5895
18.5251
18.4518
19.4912
16.5562
16.1356
21.5953
20.3148
23.4214
18.0703
17.9096
19.879
21.6989
19.4328
18.2081
24.2776
15.7654
21.473
18.9585
18.449
22.5482
21.906
19.5846
18.0843
19.0147
20.8546
16.6956
18.6708
16.2106
20.5891
16.7955
17.2853
21.4694
17.7217
15.1724
22.21
19.5443
18.005
16.7551
18.4346
24.1666
16.4924
15.4794
17.0975
20.3304
18.8224
16.8018
20.387
21.3829
15.1726
17.8912
17.7725
18.1222
17.9303
20.4129
26.9482
19.3516
21.8277
19.8943
16.1571
16.1379
18.077
19.8083
28.0661
17.0376
21.2037
20.8414
17.277
20.1926
19.0747
20.3803
19.1037
17.312
19.7203
16.9044
17.0335
18.0109
15.6002
23.6456
21.4007
16.3288
19.7941
20.194
17.2614
19.0139
18.4591
15.6023
18.7538
17.8236
18.7363
16.4451
16.8681
18.5955
24.0179
17.9365
23.237
21.2615
18.9775
15.4105
15.9194
20.9294
16.1877
15.2096
20.9708
21.9199
17.2077
19.7128
20.0928
17.6431
14.7777
17.8048
20.348
20.0515
18.6851
18.9852
18.1741
17.3232
17.4772
15.0651
17.7821
21.112
17.3331
13.7011
19.0013
18.7637
26.782
18.3673
21.6788
19.311
17.0559
24.8606
14.8591
20.228
21.022
20.242
17.4108
22.8118
18.41
16.0131
17.8004
16.2722
17.5647
19.4643
16.8385
21.2051
17.3178
22.886
18.8114
20.4917
24.2924
17.538
22.9545
16.9585
21.466
18.7092
19.6171
26.7041
30.0385
19.0484
18.9323
18.3367
20.9807
20.5542
22.2111
21.2909
20.9496
16.8878
16.2765
15.2808
17.0556
19.0655
20.5228
22.667
18.5433
18.9647
19.9923
21.0162
18.0192
19.3228
16.7745
16.7912
21.6499
18.5136
16.411
17.512
19.4763
19.37
21.6584
22.568
14.6303
20.6122
16.7565
16.5498
17.1802
23.0565
19.7994
23.6732
16.5698
21.0598
20.0719
16.008
19.2046
15.1283
20.5977
19.4453
21.3904
19.6593
27.1578
26.6982
18.7323
21.2852
15.0109
15.3854
22.6956
20.7397
24.3783
16.2717
25.0366
17.1335
18.4544
16.837
15.156
19.4132
20.995
20.0801
20.2269
20.6061
15.3122
17.7809
19.5836
16.6084
14.3705
19.2189
23.641
13.44
20.7872
15.9334
20.3372
19.2554
25.9868
19.176
20.5173
17.0243
21.6654
19.6546
19.3112
19.5898
19.5202
19.9376
17.3685
16.5667
22.007
18.9827
23.4866
17.7515
18.9261
18.4384
20.6111
17.8803
23.8091
18.9157
18.3194
15.7768
24.129
22.4367
18.529
16.8415
17.6768
20.5802
22.1773
17.2536
18.8561
15.3474
15.6831
19.2278
20.4046
20.4671
17.7001
16.5933
20.9995
20.4811
18.5939
19.2086
23.3863
14.5329
19.7502
21.3597
15.3129
14.9392
22.3409
16.3474
22.1189
21.881
16.4643
25.2168
21.1243
16.7316
15.4136
16.4218
17.6766
16.5456
25.6339
16.9252
17.7572
19.6828
23.4644
16.2095
18.8157
22.5051
18.1617
17.1451
17.9412
20.6126
19.9351
18.1227
21.2032
19.3567
19.4033
17.4581
19.6291
21.9146
24.3577
19.273
16.4542
15.3571
17.2369
18.4527
18.5739
16.5905
16.9095
17.4991
16.1291
20.4415
16.9219
19.4732
18.4654
21.85
30.0056
17.4687
17.7938
22.1208
23.971
19.8518
18.5597
20.8111
22.8665
16.5695
19.0852
24.5158
16.3811
17.7793
18.3834
15.0221
20.9831
20.0177
27.1712
18.6455
21.1283
16.8072
18.6424
15.4424
18.3177
22.021
20.3652
20.5452
15.9736
18.5671
18.5033
17.8478
17.0075
20.6825
19.4171
27.3947
18.4295
19.1388
22.2994
16.9345
24.6808
17.6473
23.1087
22.5784
16.5276
19.7537
19.7919
20.1111
17.9411
18.0739
19.8342
17.8301
17.1756
22.3559
19.9447
17.0805
17.6641
16.1167
16.7111
19.5221
19.2579
20.4181
20.4075
16.4364
15.0685
18.0339
17.9036
20.7212
21.2287
19.0447
22.1213
23.0327
16.3969
24.3468
19.9204
13.8336
19.7646
19.9213
19.9715
23.2048
18.9504
17.756
16.2328
17.8075
20.4892
18.4259
16.5568
14.4529
19.8915
17.1721
19.5324
17.2863
16.394
17.6626
22.5738
21.8147
22.6634
23.7736
15.6438
16.6635
18.8731
17.0794
37.1366
18.7398
19.8892
17.0751
18.1254
15.2849
23.2771
21.9608
21.6197
21.7917
16.0828
19.2428
24.5734
18.0103
20.6102
17.1661
19.5222
24.6726
16.7851
14.8025
20.824
18.2224
17.0204
21.3926
16.13
23.5389
18.9063
14.9521
14.2118
19.3326
20.678
20.401
18.8435
18.5162
19.4927
16.168
18.8332
20.6431
16.7106
19.2862
15.5775
17.6926
22.2544
25.958
17.3514
20.5432
23.784
16.4532
18.0696
21.4964
24.0121
22.9342
17.6421
19.7999
16.2714
20.2522
17.4277
18.5919
23.3741
17.9553
15.6963
20.7906
16.8995
22.61
23.9029
18.6487
18.9412
18.8112
20.6922
22.3447
15.1068
18.3957
19.6258
17.883
20.554
14.8679
15.838
18.23
16.8399
16.7938
16.8375
24.8546
18.765
22.367
17.2575
17.6832
21.6523
19.4312
17.907
21.7952
17.1751
17.5139
20.8148
22.0822
27.6522
24.5676
16.3885
17.159
17.7303
19.0511
16.2334
19.0458
29.9766
17.2417
19.4939
19.4784
14.9619
18.0724
19.5295
18.4088
18.9432
22.9229
14.5657
23.764
15.6721
18.5772
18.2325
25.5455
18.8137
22.3307
24.5169
25.4795
23.8621
17.9068
22.1195
22.1279
20.1392
19.7797
17.6439
18.2457
26.6226
19.7259
26.4422
22.31
23.076
28.0516
15.7604
20.1689
25.0082
18.1353
21.5854
21.2877
27.8974
20.1994
19.5702
17.0382
20.949
28.1826
16.2149
18.738
16.5374
15.6472
19.0841
18.9165
22.0865
16.8278
17.2637
16.6673
21.3242
16.8123
20.3668
17.9645
22.9209
15.7596
19.2089
18.1879
15.7765
22.3396
15.772
19.4207
21.5538
18.1457
16.8986
20.8357
16.3136
17.4614
19.6712
16.2931
21.639
18.5835
28.8364
19.627
20.2528
16.0325
16.6693
14.8977
27.302
18.0914
17.2332
16.4151
16.6689
16.3029
15.1388
29.8393
18.7186
22.9675
20.4892
16.7165
24.158
18.3716
14.8929
20.3661
19.9097
20.1892
21.5698
18.311
14.88
22.3179
15.4997
15.4931
17.6417
19.7985
14.7044
19.081
16.4894
15.3721
15.3428
23.694
18.9789
20.0281
20.8248
16.797
24.4956
18.6031
23.0536
16.9973
18.2375
17.8813
19.6819
23.8813
15.5362
17.3501
18.8462
25.8046
23.0343
16.6057
20.4589
23.1597
17.0206
17.7409
17.4217
16.2409
18.0235
19.4567
15.0612
20.9402
19.9446
21.613
22.2043
17.8866
17.7148
16.8742
17.7005
20.0686
20.9144
18.8262
18.655
22.239
16.5086
19.0609
16.4122
15.4154
18.607
16.7352
18.1701
24.3531
27.4174
18.562
16.9613
27.7637
20.9148
20.2106
18.6221
19.1366
20.2264
17.9392
19.737
27.9941
19.8473
19.2552
20.6706
16.9977
18.6177
19.5105
13.9513
23.5637
16.585
18.5553
18.9143
17.7378
19.3005
19.6539
22.0354
22.0655
20.9074
17.9408
21.0597
19.8565
16.1717
20.0778
19.752
19.5454
22.2672
18.4236
16.283
21.0831
22.6847
20.1058
17.4848
16.926
20.174
17.8773
20.3763
18.9729
18.7564
22.0532
17.2
19.2094
20.856
15.1813
18.7566
21.2497
14.2115
16.6797
17.3371
17.0903
18.9903
21.2734
21.0063
20.2014
17.4711
17.2364
20.1565
17.5318
20.5535
20.9775
17.967
22.8509
20.2615
15.398
14.6898
19.0738
24.1271
15.9652
19.3946
18.7568
28.6009
26.5851
19.5574
19.7745
21.5238
16.301
23.3104
13.9001
19.6075
17.0432
18.291
18.1581
16.9472
18.3836
23.0607
18.05
19.5407
14.8205
18.3694
22.8187
19.8135
16.2189
20.4379
23.2802
18.6715
21.533
21.7232
17.9948
19.5282
20.2632
18.6035
17.8856
20.5055
18.2788
19.2504
19.0365
24.8638
22.266
22.3127
26.6787
27.2499
19.2078
20.9082
22.5462
20.603
16.5158
16.7579
18.6283
20.5698
19.4275
17.5591
18.2137
15.6602
18.1811
26.3592
25.2363
21.3479
17.4923
23.292
21.4665
19.3502
18.2579
20.9562
18.7807
27.4313
16.8166
16.5929
20.3262
19.6337
15.1264
19.1648
16.5799
17.9046
22.216
26.6411
18.3506
21.8006
19.2816
22.1639
16.9723
17.9458
17.901
17.6732
19.8646
19.9867
18.5018
17.3133
17.783
16.1443
20.2043
28.5214
16.4861
19.7302
22.864
18.6903
16.9849
17.5129
17.5103
28.8368
19.1545
18.093
16.2286
17.5364
18.7649
17.6503
18.9499
18.5396
15.0522
19.331
20.42
20.491
18.0163
18.8829
22.3247
17.3742
20.2428
18.6752
18.1614
16.3505
23.7376
14.5926
20.0329
16.7018
17.0527
20.0023
18.4651
16.3727
19.3311
18.7588
14.9954
19.8036
18.9467
20.8423
16.5369
24.9538
17.7451
19.7408
25.0216
21.2159
16.4089
15.9584
21.3448
20.5702
18.1449
15.5304
15.5115
18.4449
17.6297
20.7583
21.5632
15.1893
17.3536
22.9865
16.7076
17.4783
17.5469
15.0548
24.2993
16.3549
22.767
17.2062
16.6457
20.4069
14.7932
24.9132
22.6654
16.9155
16.1837
19.941
18.2293
19.8899
24.0374
16.1503
16.1064
20.6349
16.5293
15.3223
23.14
23.3193
14.6545
19.4053
16.4396
17.3112
17.4679
19.1887
25.0064
14.2996
29.1663
19.8963
17.5717
16.7015
17.3406
25.6261
14.5855
22.1332
20.6036
18.1164
19.1636
19.9407
26.0217
18.7837
28.3856
17.9483
21.2215
21.7892
17.5283
16.4938
20.6854
23.8896
20.8202
20.7948
19.2273
20.8057
17.6307
20.4543
18.2191
17.1909
17.104
19.3908
18.799
23.2458
17.4369
18.0466
18.5901
18.4964
21.0783
19.7224
20.5196
18.8959
17.1898
20.1377
23.032
19.3811
18.5959
19.31
15.9997
20.536
21.783
15.4473
18.1109
21.5919
19.0204
15.4524
18.9219
18.6498
18.2112
22.2243
15.6856
18.9096
16.4033
21.6302
17.2659
32.0587
18.7653
18.765
20.326
16.3124
18.3639
17.635
23.8479
14.7965
18.8765
19.9534
19.4604
13.4621
25.5218
21.1783
24.0066
21.9598
16.3873
18.8922
23.703
17.1576
17.164
20.534
20.766
16.3846
16.303
21.0631
15.9272
19.528
20.8147
25.8902
27.0672
19.0307
16.9229
25.2757
14.1261
17.1871
15.9696
20.3148
16.8985
16.0626
16.5196
17.5194
16.0962
24.0539
19.0078
20.9047
18.6143
17.5405
21.3436
18.5613
18.8691
19.8819
20.9688
15.096
17.1212
19.7146
26.4599
20.1365
17.9127
21.3118
18.6865
15.4813
17.9212
16.7818
16.3533
24.0923
14.4383
19.6876
18.5037
21.4416
16.4271
22.4834
18.9506
18.2113
20.5565
18.643
21.6648
16.0524
22.6214
19.2955
18.1366
19.1843
20.9792
20.2092
18.0516
17.6016
19.4676
15.7612
20.1972
27.3371
20.4457
18.5302
18.5249
19.2062
17.2915
20.7585
20.3978
20.1662
18.5733
21.9281
17.0711
20.0052
15.4788
16.9216
22.0978
16.9186
23.7187
24.1086
17.9598
18.2174
19.5221
19.0809
25.0994
22.2513
23.0123
25.3878
15.5328
22.8454
18.9741
17.7727
20.5852
20.6925
14.9939
16.8887
17.5118
22.0493
15.3915
20.4575
16.4406
19.1505
17.9561
21.1693
17.1402
22.0149
16.8362
19.242
15.7741
17.0919
17.5048
20.2962
18.1849
21.0311
20.1304
21.643
16.3168
19.675
15.2308
18.3335
20.6125
22.0155
19.2572
17.7978
22.4433
18.9381
17.5349
16.7942
22.0593
22.4596
13.9869
18.4108
18.6378
18.2295
18.3722
22.8149
19.9445
24.6131
21.8815
17.4902
18.1069
16.1889
15.0025
18.745
19.506
19.6805
14.976
19.4444
16.2955
21.5183
16.4785
19.0046
18.3723
25.3213
23.5593
18.7388
16.6168
19.5934
16.277
19.3882
21.0377
13.5029
25.6784
16.2768
18.6538
16.7278
18.8133
21.6423
18.9445
18.9847
19.0871
21.109
20.1418
17.8663
23.9119
15.6547
16.1739
28.3368
20.5588
17.8873
17.0295
16.2866
22.952
32.3823
13.4821
16.9136
16.6379
21.6348
20.3694
19.5244
17.9778
27.7212
17.8564
15.5612
21.8045
16.3004
18.5554
21.8845
18.1105
17.6435
20.2825
18.1921
17.0556
19.8161
20.0872
22.4797
22.4664
17.1538
19.7337
26.4396
20.6735
21.1111
17.2755
19.2336
24.1761
19.7329
17.7372
26.3437
18.0539
19.0079
20.1973
24.6002
18.7635
19.7344
17.0445
19.2435
23.8004
24.7713
19.9533
17.8178
18.2731
21.1671
20.1432
19.105
19.0053
15.0836
21.6108
16.8018
18.2266
21.0303
24.4379
19.6254
24.7772
21.0263
16.485
19.1887
19.4807
16.0307
16.2069
20.1368
22.1453
21.0461
18.3037
31.0196
24.5618
16.6402
16.9956
19.8005
18.5088
22.9845
15.7099
21.7744
18.5473
19.0128
18.087
19.4069
20.981
20.4427
19.1482
19.1514
23.168
18.7692
17.1688
27.6431
16.6846
16.281
16.2882
16.3937
17.2157
19.6756
31.4314
16.6654
19.1298
14.6782
16.536
20.2659
24.891
19.2447
21.4444
28.725
19.7248
15.043
15.8075
21.2203
16.5701
22.1703
22.8053
19.1343
16.5251
17.2023
21.607
20.0632
18.3667
18.0195
18.5323
26.2972
24.862
17.1732
16.4446
18.9516
22.9119
16.4213
25.2795
18.594
15.7028
18.4972
17.704
17.5636
28.2189
14.8152
20.6196
17.1612
19.2121
27.7417
14.8672
21.7315
15.9645
17.0526
18.4381
16.5525
18.0037
19.4918
19.8994
17.2684
18.6155
23.3993
18.9959
25.9764
15.1141
19.7363
18.3607
19.5707
16.0483
14.934
29.0814
16.5788
15.5865
17.9818
23.3011
15.4228
25.3843
16.4338
17.8959
18.3384
17.5871
15.8917
18.7284
18.6861
21.137
16.8878
16.0393
18.5755
18.7332
24.0902
23.5553
20.9661
24.3805
18.0598
19.8937
18.8053
15.2464
16.4744
18.3987
16.2124
20.6528
17.496
19.3581
20.7085
17.8637
17.8052
18.144
15.5971
20.8039
15.913
19.0577
14.6785
19.3772
30.6852
18.3251
21.6272
19.5995
17.4964
19.6105
20.7382
17.4288
21.3973
18.9168
16.7479
22.4359
21.2416
21.3803
24.0803
24.3374
16.1468
19.8337
15.5986
16.1501
17.181
16.0831
17.6644
21.3649
18.7255
25.1846
20.0361
15.4644
20.4128
15.1354
18.8079
19.6409
17.6286
19.0379
18.6602
22.3312
21.6943
15.3103
16.2346
17.6977
19.5998
17.2759
24.3562
17.5964
20.0456
15.9598
20.6218
17.1033
20.11
21.3093
15.3182
19.8982
19.3391
14.9673
20.8069
24.1771
21.9485
18.9186
27.7157
18.8653
15.6728
16.8329
16.9533
18.8208
16.6781
20.6462
14.8713
17.4365
17.615
15.2195
27.5309
24.8664
16.4567
21.6662
20.7076
21.8294
20.763
22.4924
18.2481
19.6334
21.2315
14.8305
19.5719
18.0529
16.4759
15.4077
16.1169
18.9745
19.8465
20.0323
15.4947
26.8929
20.8381
15.7907
23.068
21.7879
16.0502
16.0469
17.1438
20.6543
19.6478
17.6342
21.9786
19.5465
16.0868
17.2456
21.7546
17.9073
22.0615
15.5516
15.5533
15.9683
21.1204
15.4535
18.1791
16.9396
21.4479
20.7156
24.0251
17.5667
22.5004
24.0228
16.446
17.3433
20.259
17.8164
20.607
16.7972
18.768
31.0648
25.9299
20.8146
23.1705
16.1012
16.9414
21.1499
19.5863
17.494
26.5571
17.4912
19.5394
16.6617
17.9508
23.4483
21.2731
18.0306
19.0076
20.9409
18.4061
14.8801
19.1054
17.9613
19.1135
17.6014
16.8208
16.2399
18.7712
23.7595
15.8084
18.5496
21.48
23.8671
17.3076
19.1137
18.8733
22.9553
20.2863
16.5954
16.8986
22.5075
25.2509
23.0104
30.8021
21.6127
23.5331
22.1266
16.7787
22.8393
15.7713
16.4335
24.8735
21.6935
22.8751
17.6498
17.5548
18.5279
15.6926
21.7835
18.1267
18.6848
16.4866
19.3553
16.7709
18.9659
18.0114
19.5245
16.1325
18.8621
17.876
18.3732
18.058
21.966
16.093
15.3991
19.9472
18.6301
19.3253
18.2411
16.8905
24.6137
30.3413
20.8663
16.8917
27.8528
23.5598
30.1871
16.2927
18.1585
28.5448
23.5218
16.934
15.2147
19.6764
17.0542
19.4455
20.5786
17.5209
19.9152
17.5569
19.8373
19.7705
18.3746
24.1149
22.7849
18.7623
18.1185
26.4878
18.3305
17.3451
27.1713
19.5904
18.1043
21.7316
17.9171
19.8062
20.9787
22.8796
20.9325
17.1055
17.9022
20.7421
16.079
19.5594
23.0888
18.0921
22.9234
18.7838
16.4304
21.2096
20.8698
18.377
24.6831
15.4807
14.0448
14.883
16.9738
18.0675
15.103
16.4132
15.8992
14.4656
18.0445
17.4786
18.429
21.5681
18.6121
21.2211
17.5846
19.8607
19.0061
17.5373
15.829
22.8032
16.525
20.5928
17.1123
15.8094
18.3152
20.5031
17.5576
20.2058
16.6175
19.369
21.1754
21.2851
20.8094
32.9396
22.2355
19.7683
26.7653
16.0799
22.025
13.7336
19.053
19.6478
13.7733
19.6217
15.0907
22.6724
17.0988
17.6603
18.4926
15.591
20.689
18.2209
17.4067
23.1826
18.0086
20.1486
18.4989
15.674
17.9054
15.8671
16.2499
22.5947
21.5865
17.4414
17.0015
19.6126
17.2219
18.4401
19.6205
20.8665
20.2295
22.7721
24.9764
26.9577
22.9457
15.8426
16.8631
19.2849
18.9225
19.8388
20.588
19.5167
18.7868
16.3866
21.7451
19.0936
17.9839
18.6449
24.1008
16.6833
20.0881
20.5413
16.1812
15.8952
18.8797
20.4674
16.1015
18.4095
20.929
19.0469
15.8032
21.2685
16.3918
17.0917
18.3525
18.9834
18.7196
25.0964
21.3052
16.0227
20.1194
16.124
17.4102
23.8365
16.8832
19.017
16.7071
16.6179
18.679
17.4932
19.1537
19.9062
22.3753
20.0631
21.4662
14.76
18.8367
20.8858
18.6705
20.5937
18.3594
25.3544
17.7789
18.7317
15.5019
16.4009
15.2201
22.9269
18.4605
17.3927
16.6943
16.804
15.4543
15.9818
21.779
17.1763
22.9207
18.0412
20.2299
17.5284
16.0155
19.4673
21.2804
18.2229
17.1129
19.1553
20.4025
22.0058
21.7835
17.5355
21.6977
18.4756
20.3216
16.5634
21.3115
18.9795
16.3773
17.2758
15.3182
17.4475
22.69
21.5227
16.4773
20.3251
17.578
18.7524
18.3524
15.7359
24.2441
17.9185
20.1817
22.7736
17.6759
20.1158
25.6675
22.2903
17.0894
18.1637
16.9507
20.3194
18.8277
28.276
19.6078
18.0785
14.6948
20.3703
18.7536
19.7244
23.9757
20.7964
16.4805
16.8998
25.0584
21.0504
17.5557
21.0255
19.2558
18.5517
21.7552
21.7296
16.8574
17.5105
18.2595
22.9601
15.4447
22.2896
18.7713
17.3674
17.2138
19.4493
15.479
18.7663
17.1604
19.9882
20.2431
17.7206
21.1713
23.9022
19.1202
19.7081
17.7303
24.4598
15.1447
16.8385
17.0084
20.1706
16.9236
19.0157
24.1879
15.4986
17.2888
22.1104
17.2852
23.5119
16.8976
25.6188
18.1725
16.5706
25.2705
22.167
22.6034
23.7045
18.932
21.0559
22.7439
18.9425
17.5065
16.6497
17.0343
23.8034
19.6116
22.7103
19.7476
18.5471
18.7263
19.0661
21.9123
21.9026
20.422
17.7295
18.5493
18.9115
27.2118
16.4842
21.9838
28.7102
19.7471
16.9159
19.8604
18.1028
17.726
18.0616
23.1261
24.1621
18.9235
19.1298
20.7496
16.647
18.3265
20.1931
16.8669
18.7587
21.4557
18.9069
17.2249
16.0434
24.3584
17.8551
18.908
16.9773
15.7478
25.6792
17.1671
24.6119
16.3673
16.601
21.7382
19.3658
21.2643
19.0311
17.7077
16.7905
20.8954
19.3846
21.055
17.4843
18.1694
18.2039
17.5183
24.1032
15.9134
23.4997
21.4529
18.4815
17.0269
19.9343
22.0618
18.2152
19.7787
24.9972
25.5232
18.1182
17.2485
21.1571
23.4973
23.9393
22.4142
18.6477
18.8623
21.6091
17.8357
22.174
20.2677
21.5018
21.5879
16.3314
20.0105
23.4885
21.9791
22.1253
15.7967
19.0267
15.2435
17.8371
23.5834
27.1486
19.171
23.7325
16.4567
36.4532
17.1011
18.5649
16.6669
16.7863
23.9033
18.2757
25.5596
18.8342
22.9407
15.0351
19.4678
18.2609
20.4895
15.8067
18.3217
12.8957
17.2656
18.4531
18.5339
20.9499
22.0331
18.4229
23.4092
22.7718
17.5749
21.0198
18.2114
19.9917
19.6358
16.2567
20.1614
16.0025
16.1356
24.4394
21.0056
14.8875
18.0337
17.9277
15.9738
20.1181
17.2214
20.6473
19.315
16.8204
21.674
24.5436
17.7183
22.8387
19.4458
16.7185
23.5464
21.3392
20.4891
17.9829
25.8784
18.7465
25.2508
27.2966
20.2505
19.0202
25.5546
21.3622
14.8489
17.0728
21.6659
24.2348
20.618
20.7943
20.8456
15.5555
19.8859
17.8762
19.9949
16.2661
23.7087
18.5897
21.4742
16.4257
19.1371
15.977
18.318
18.5243
19.4483
15.5352
14.2441
16.4573
25.3208
23.619
18.7342
25.7813
22.5692
19.8571
23.465
18.0154
14.2031
22.1988
24.7724
17.5205
24.3678
20.4298
20.5741
20.2723
16.6086
16.4297
18.5693
17.9058
20.186
22.6671
17.9026
18.859
15.9234
18.5337
19.7744
18.2506
18.583
24.4059
21.9203
20.5543
14.1633
18.2391
17.6186
22.6944
18.4429
16.4575
15.1274
19.0932
20.6905
26.7583
23.1095
24.8087
23.5664
19.7744
19.069
18.6293
14.6942
17.6482
27.0062
19.0495
18.2411
20.0255
17.6683
17.4321
25.1998
22.4841
15.917
15.7049
19.1476
18.877
27.4611
15.9059
21.7666
16.9988
20.2906
20.3187
20.3918
17.6081
18.8613
15.272
21.4922
19.8311
16.6203
19.273
16.3517
18.57
19.3123
19.1914
21.1093
19.1434
16.3679
15.4682
16.9331
17.579
20.8356
17.9481
30.4016
23.8416
21.364
20.7904
20.1653
21.6766
19.082
27.6022
16.4172
20.6103
19.4873
15.7341
21.789
18.0863
18.1647
16.8651
18.3293
22.5641
22.5553
22.8489
18.6702
15.7146
19.3443
18.2051
18.6995
20.2605
18.5903
19.6794
18.3949
17.6191
18.8985
20.3023
16.5974
19.4133
19.6854
25.4328
17.2265
20.3981
15.8527
18.9825
16.6024
19.1879
19.2785
19.4917
16.7943
17.0744
20.1591
16.2161
20.4816
20.5018
15.362
17.7542
18.2872
25.3099
17.208
19.4854
16.7489
20.4571
16.899
21.6716
18.1752
21.4867
26.506
21.734
16.0386
21.7968
20.0281
20.5366
16.8387
18.5182
17.4214
19.3068
20.934
15.8401
15.5286
16.265
20.0656
20.831
15.5591
16.0883
16.0115
19.9326
19.063
18.1131
20.4228
18.199
16.1181
16.5357
19.2376
23.8092
27.4038
18.225
18.7441
20.2806
17.4117
20.5102
23.1088
19.8354
17.8981
16.2536
16.5426
15.5701
22.1571
18.2219
17.8064
17.8869
18.2337
20.2799
24.4147
24.642
22.5602
18.8323
19.5432
17.2241
21.7496
16.5098
21.0431
16.6909
21.7482
19.5799
16.0115
22.2992
19.4426
20.4559
20.4111
19.2634
18.6836
18.7489
21.8565
20.3572
19.0516
15.6161
18.818
19.8372
17.43
16.6172
18.4679
15.9632
18.9289
19.9048
17.8718
26.1387
16.1452
19.193
22.8295
20.8713
17.9794
20.9968
19.0131
15.4236
17.2847
17.5687
19.5139
24.8653
19.1647
23.5658
22.4761
21.0943
19.9207
20.8182
18.1144
17.7755
15.2101
22.7712
15.3866
20.7595
15.2778
22.385
17.9686
16.786
15.2357
24.8906
17.1851
20.1779
22.7299
15.849
19.9958
20.3417
15.7078
17.0649
22.4269
19.7028
18.923
18.8389
19.4761
18.4064
21.286
17.9267
18.9498
17.6324
16.2769
18.9404
19.1675
18.5679
20.4414
20.4353
16.7575
16.0441
20.7522
21.8696
17.3914
18.0055
21.8259
16.7918
19.8428
19.3239
14.7614
18.3153
19.5915
21.7035
17.9899
18.5275
17.1673
17.8911
20.7429
25.2432
16.0799
14.9164
18.9719
15.9126
18.2558
16.7406
26.0344
20.868
19.9381
15.0899
19.328
16.8987
16.8755
14.9063
22.1589
21.2864
18.4136
20.8667
24.3301
16.48
23.4109
24.7343
16.1315
19.9247
16.4221
15.2196
19.9441
15.657
20.0445
19.1348
20.9132
22.063
26.3385
20.1965
15.8973
15.0997
22.2798
18.3149
18.9417
19.424
26.2483
18.7581
25.2819
21.4583
19.6146
21.2974
17.5366
23.9357
19.6522
16.6075
18.0634
23.8939
23.0123
16.8689
21.0075
18.5242
19.4686
18.2451
21.8018
15.8057
23.3001
23.3235
17.7718
15.4917
18.2906
17.8669
20.0189
14.2978
22.848
20.0474
18.9065
22.8333
16.4205
18.9464
17.5925
19.0733
17.1139
24.1929
16.1926
21.1242
18.4088
30.719
23.3563
22.6231
22.2692
15.4031
33.1499
17.297
21.8109
18.5158
17.7441
16.9735
20.7862
19.4729
18.504
18.1946
15.6828
14.9827
22.5972
17.7219
21.1656
17.1055
15.1209
23.2505
20.6426
16.1311
20.9217
19.7807
20.1761
26.2726
29.3045
18.2802
17.3871
17.536
17.5823
21.2217
18.0487
18.6552
17.9052
17.8924
18.1604
18.8356
26.3961
15.0121
17.4363
17.7295
25.3488
19.0416
18.9911
21.5483
19.0887
19.0703
13.7401
17.3301
16.9104
16.1669
19.8473
17.156
19.7767
16.1869
15.7013
22.8288
19.4067
24.3508
17.6354
25.4796
19.1764
20.4883
22.426
21.8481
19.0346
21.2148
18.1823
18.4772
16.6885
16.2221
19.7976
18.5365
21.4055
20.1617
19.9982
21.0358
17.4463
18.7003
17.5226
21.1401
23.3952
19.4579
17.8254
20.017
16.8488
20.6715
18.1506
18.867
26.7761
17.7285
15.3089
20.7321
18.9417
16.5992
17.8508
20.691
21.153
21.7621
17.0581
20.6412
18.3003
15.7413
23.1209
17.946
19.677
22.7331
17.7525
20.6767
16.4765
15.7219
22.556
17.4013
16.0024
16.5367
16.9667
23.4776
15.7533
21.4554
19.7368
20.2681
20.4348
15.5746
14.9847
21.176
17.3445
16.2018
20.1755
15.9796
18.1188
15.771
16.4353
15.1031
15.8357
20.271
25.7664
18.7083
22.0367
19.5492
17.8713
17.9511
17.75
24.7006
19.2213
15.2289
19.848
22.5222
19.2568
20.796
20.1871
18.6727
16.0213
17.6506
17.4898
14.9015
17.8673
21.8167
17.1262
28.995
29.74
20.0859
22.5743
18.341
19.3407
19.6433
21.607
17.4511
22.1914
23.3618
16.9009
18.5878
18.4128
31.3271
17.6917
24.8018
16.9143
25.9408
17.8179
16.3292
18.0495
16.4045
17.4522
20.7342
16.4581
16.0979
21.2181
23.5117
20.7097
15.8941
16.5839
18.8939
18.792
25.8169
20.2663
15.5041
20.704
18.9929
17.453
26.9131
18.5099
22.3472
19.0057
20.6209
19.449
17.847
18.1108
19.884
24.1435
19.0813
22.1575
21.9002
19.9607
18.6596
21.8772
19.2619
17.3432
19.7539
24.8525
21.4175
18.5472
23.0454
15.3306
15.3825
16.5715
20.3631
19.5793
17.0541
19.1076
19.0806
24.8084
18.9989
15.5729
19.8842
18.9546
16.986
19.3837
26.1237
19.9493
26.7992
17.797
15.8161
18.4597
19.2125
20.7403
21.9696
21.3081
17.111
20.1867
25.2197
18.1703
25.7799
20.4789
20.0895
23.6808
22.0473
17.6716
30.5523
19.3748
23.6565
18.9495
20.6497
19.2443
17.2821
16.6155
16.6482
17.5207
20.9504
15.5394
14.118
19.1435
23.2745
19.3182
17.9324
17.8969
18.6197
17.8043
16.0098
19.9077
23.0615
19.6474
18.6987
26.5339
16.3936
17.8332
19.3505
17.8019
17.6543
20.2585
17.088
18.4622
21.6773
16.9811
23.2949
18.1042
18.6476
22.4021
20.3894
19.7794
23.9107
24.7966
18.7153
20.8316
17.0277
21.6827
20.2064
16.5567
18.5785
16.0873
20.4007
16.5322
18.4485
22.5119
20.4492
23.06
21.6619
16.535
19.4835
18.5395
17.5594
21.4271
22.7975
23.7386
20.958
19.669
25.2753
19.2467
17.5082
16.3681
17.9542
21.0104
18.9885
17.9724
30.2562
20.5213
21.1641
22.1949
22.9751
16.9389
18.5345
18.6601
17.0434
20.2316
22.7923
19.1709
16.7612
17.5683
37.1293
17.8414
20.319
17.0158
16.0401
23.1324
17.7592
19.7493
16.1878
17.0487
26.7907
18.2152
19.514
21.7653
19.6519
18.8577
15.663
18.9349
20.4357
17.4285
16.687
17.606
24.63
16.3637
17.5355
22.363
14.7358
19.0631
20.6472
15.1964
14.9203
19.257
20.4491
18.8514
19.2358
18.761
18.7473
21.9598
17.4896
17.7732
24.6731
25.7675
17.2484
17.3749
22.2485
15.8314
16.4388
19.2522
24.4059
18.4926
17.7736
18.9599
28.3664
16.3003
19.5136
19.0861
21.1845
15.1695
18.2484
17.8966
18.1023
19.6465
19.5298
19.2624
18.138
17.7674
20.4902
18.3778
21.448
17.4734
19.6113
17.4692
16.5687
17.9096
18.0787
18.8456
19.4898
20.1245
22.0173
24.6913
15.5379
28.0629
19.7733
16.3673
19.0752
22.1873
19.0715
18.884
21.0836
18.1086
19.842
26.2103
18.8637
18.3862
19.2626
17.0746
19.2787
16.9638
16.6648
16.3775
19.681
17.9426
18.8091
17.2033
20.0159
15.8367
31.6432
17.3623
18.975
20.3809
18.3288
18.1252
23.1723
18.9151
18.3803
18.1634
28.4509
18.3315
16.8157
20.2687
25.7953
22.7419
16.9231
20.955
20.9046
16.8572
17.1465
21.9296
14.7465
17.8039
15.9436
20.8581
18.2836
17.3635
17.6253
21.5641
20.2867
18.7035
17.3177
20.0875
22.9787
23.9172
25.7643
22.8342
21.6613
17.0327
17.7205
24.3837
17.448
16.1272
21.2165
17.0194
20.2059
15.9106
21.7702
20.655
16.1313
22.5865
23.2425
16.8608
17.7156
17.7759
24.8692
19.0086
17.4686
23.9488
21.2715
22.1122
16.59
20.1017
18.9294
16.5509
19.7741
15.1102
15.2164
18.9921
18.4068
21.8178
22.4239
19.7307
16.1899
16.8839
18.3659
23.5908
24.0227
23.7305
18.3397
18.7807
17.2718
17.7198
19.7982
19.2832
20.8324
15.3986
18.6379
19.772
21.4365
22.6635
14.3893
14.4449
21.829
15.7453
22.5763
31.7985
20.6838
17.0595
20.3101
29.0086
19.0165
19.512
17.3346
24.2871
16.2023
19.8226
17.3966
17.2808
22.1365
17.2529
20.5727
20.6577
15.0848
16.7081
15.3583
17.4877
19.9539
22.2717
16.9932
20.1508
17.4957
19.9718
21.6793
19.1962
20.4579
22.4598
21.7255
16.7077
18.0071
19.1209
27.3352
15.1773
18.6218
13.8227
22.6321
19.0415
18.0295
31.3679
25.7372
19.7083
15.6121
19.0189
24.6919
17.7799
19.4699
19.185
16.0839
23.1332
17.5832
16.7947
20.1418
21.2366
20.046
16.794
16.1783
19.1197
22.3873
18.1285
18.2467
20.2314
21.9466
20.5817
15.3081
24.198
19.8557
18.9584
17.3357
23.9721
18.4028
17.151
19.5059
19.5616
20.369
17.5739
16.2788
21.1301
21.5428
17.6699
24.1667
18.8798
23.0721
25.0376
15.05
24.2072
19.3959
16.9266
17.4508
17.9965
16.1134
18.9439
16.6087
15.424
22.1559
20.6644
21.8046
19.0343
16.9762
20.7195
19.2364
20.7508
21.9215
20.5936
23.2467
20.4198
25.4322
18.7657
18.2009
20.2886
21.9537
15.5798
19.3928
19.8367
18.1765
21.6297
21.4731
15.6301
18.5001
18.9974
15.6836
25.0311
18.9291
19.2356
20.2714
17.983
16.8968
16.7524
17.1339
15.9388
24.8621
20.727
19.6155
17.3605
17.7338
22.4583
18.0325
19.0072
18.4377
18.71
17.1538
18.2118
18.3235
17.3244
17.7177
19.0872
17.3603
22.1947
16.7106
24.3758
15.8599
15.7103
21.0466
18.0027
18.065
18.5149
16.0492
20.093
18.7278
20.2658
16.9773
15.1143
19.5566
16.9265
20.1882
19.4133
18.7168
18.5453
18.0214
20.8313
14.6882
20.0716
21.4466
22.5891
18.2833
18.4139
17.8159
22.7382
15.428
19.9929
21.946
16.5238
19.41
19.7636
15.7743
19.534
19.4152
17.6762
18.0482
18.8661
18.8619
19.6153
21.3891
18.3944
15.5697
15.8922
14.5109
17.7995
16.8101
18.5591
21.2802
19.4557
19.229
21.3951
18.9182
23.5774
18.3657
14.4095
18.9363
16.577
18.7943
19.1053
18.7751
16.9514
16.823
16.4254
20.8678
18.7655
20.3127
21.4572
20.1153
29.0961
21.5313
21.2833
25.7822
19.8754
22.9467
21.8388
17.4546
20.0909
21.8099
18.6364
22.465
18.6995
21.3794
24.839
17.8932
24.2208
23.0366
16.1382
17.5807
23.4838
18.0963
18.8801
17.2779
15.7339
18.0015
14.6424
17.2683
16.3485
17.1714
20.0353
22.0116
19.3284
16.5324
19.4307
25.8205
18.1682
18.9446
16.6975
15.6514
17.0494
27.2069
18.9425
17.3265
17.3377
20.6332
14.3905
18.7819
19.5005
24.9604
23.2344
17.5951
17.1768
26.869
18.8647
15.5188
20.0614
20.1859
24.7234
17.9386
20.3198
26.5715
17.5452
14.7063
27.2251
19.7448
19.9796
16.7894
19.6887
19.4836
16.8323
15.7552
16.4283
25.5896
20.6393
18.3819
23.9015
17.0121
19.5715
17.3064
16.9277
20.2466
25.2891
17.8822
20.4386
20.411
16.3068
22.2025
21.2436
20.5902
16.7684
17.3704
19.9664
17.7472
15.9706
18.2041
22.0079
16.7064
19.1772
16.0715
23.0584
19.469
14.7107
15.1431
17.5286
15.6683
16.5711
17.328
23.3854
18.6653
18.854
25.4266
22.6176
20.1338
19.3609
18.5168
19.006
22.926
21.1926
15.5702
27.6653
18.3312
16.6248
14.9379
24.3268
18.2142
16.4395
19.9843
21.4552
18.7211
21.9426
17.9284
24.1552
16.7523
18.0996
17.9168
20.3068
15.1499
25.5514
20.3179
17.7208
17.9649
25.3379
16.6809
20.1021
16.2201
20.4509
22.5573
18.1778
25.938
16.4543
15.497
18.8076
22.3662
16.957
16.4351
16.9465
14.3532
23.8989
16.3268
18.3352
24.9768
24.3203
18.0992
20.3136
20.8948
23.2955
15.9354
23.428
19.4366
19.8045
15.6102
15.6176
15.9787
19.078
16.8685
19.2294
18.0616
14.9985
17.4684
19.4514
20.5114
24.2664
15.0269
16.9237
24.5241
16.7298
18.8762
19.6253
18.15
18.1358
22.0876
18.5573
24.8892
24.5822
20.4155
18.1127
17.6634
23.4594
21.8857
16.5814
16.5594
24.2626
16.9271
18.5417
17.0053
22.4402
18.0132
15.4556
16.1637
20.2406
18.3556
18.6926
15.6497
16.4452
18.8727
17.4403
22.248
14.1458
21.3778
19.7309
24.8651
19.8477
16.5234
18.0147
20.1235
22.4913
19.3931
20.1605
15.5368
18.5156
24.5375
15.6717
19.1807
14.6658
19.9614
18.0681
24.9221
15.9763
17.1972
19.5561
23.1148
18.0234
17.686
19.0523
17.2884
19.4691
17.2529
20.2496
19.8355
22.7262
18.915
15.4578
17.8103
17.7862
19.8818
20.0191
16.8258
18.6438
15.57
17.0272
18.5852
18.2522
14.8525
16.9894
19.733
15.6546
19.7328
19.114
20.1194
15.597
24.2638
17.8554
18.4575
22.7272
17.8604
18.4887
17.1318
23.6266
23.2493
17.3532
14.2842
21.2774
20.582
15.4761
20.921
17.746
19.2983
15.848
16.9706
20.6583
22.7055
18.4722
18.2994
16.8502
18.5713
22.0868
23.2338
18.3005
16.5811
21.5742
22.7459
18.914
16.6146
27.6236
22.289
17.4034
17.5332
16.3601
22.4863
21.252
17.198
20.8951
29.371
26.2249
17.5174
23.0344
22.6473
18.1173
20.4372
19.653
16.5458
20.116
16.8038
18.871
21.2688
32.0532
17.0754
21.0667
14.7613
20.4698
24.0331
18.3476
23.4617
17.5468
19.6982
18.1847
22.7729
19.9177
25.871
17.0573
16.2478
19.7439
22.5739
18.1832
20.1976
19.5254
26.5587
25.9404
18.6967
21.5746
18.1897
23.2883
21.4043
22.2287
18.6411
22.4244
20.183
18.6337
17.2712
14.7594
17.2044
23.3465
21.2675
19.4005
18.7821
21.8747
17.8281
18.5144
17.266
18.9432
15.3779
18.3851
16.6898
20.5089
23.5435
20.7445
16.1924
16.4397
18.2499
19.4184
18.3377
20.4946
18.7518
17.1171
17.0248
21.5957
16.2472
16.0644
18.1201
17.6044
20.0989
16.0558
18.7004
20.0453
18.0071
23.5263
18.3819
24.8481
19.4787
16.8263
26.281
15.7023
20.5046
14.5827
21.0135
20.2571
17.2448
22.7741
17.8206
19.6717
23.3205
17.0691
18.817
23.5398
17.7241
15.8047
21.5887
17.555
21.2934
19.7773
18.7579
22.6225
19.4018
17.1851
28.3936
15.8755
20.4015
21.4624
27.5917
16.9798
17.1411
18.5992
24.6572
25.511
21.3265
15.9327
20.2112
15.7615
15.1751
17.6787
18.4919
18.1721
22.243
17.652
20.1869
16.2393
20.9954
19.8598
18.7509
17.546
25.4908
20.8275
25.5632
21.6532
21.3312
20.6546
19.7947
18.8748
16.9044
19.6658
23.7263
19.8697
25.038
22.9185
22.7455
20.6992
20.4332
22.6002
16.1061
19.2424
20.3256
16.409
15.8268
19.2942
16.7747
17.3433
18.4379
24.5892
18.7745
18.6512
18.6436
20.8982
22.3527
17.6507
18.0471
19.0144
23.4237
23.1898
13.7207
18.4301
15.6165
20.0224
20.0158
18.687
17.6882
21.4261
16.986
22.1424
17.6109
25.5542
19.7011
22.3703
19.0505
15.0857
19.7603
17.6446
17.2471
21.5201
24.0455
20.3004
20.5085
21.599
15.5138
16.0149
16.3361
18.0998
17.3769
19.0385
16.7069
18.9881
20.1231
23.4992
19.44
19.4229
20.402
22.6501
22.516
17.6212
19.0927
15.5508
16.6157
18.2087
20.8253
18.6392
19.3083
24.3668
15.0426
21.6511
23.0812
22.1269
20.0198
17.3899
27.1065
15.5829
20.8044
16.8296
18.4037
18.7708
16.2519
16.5183
22.9108
18.0489
20.8313
21.887
18.3252
17.8016
23.3383
18.7295
17.3357
14.6683
14.1067
19.4639
19.9711
19.6292
15.8256
17.8564
17.702
20.7601
18.0226
19.3801
20.8164
18.5442
23.9088
18.6829
16.2306
21.0504
18.3503
17.5452
20.44
15.7925
20.3273
19.0185
18.5171
24.1011
21.2195
16.857
18.3785
19.3129
23.7575
22.1964
19.7396
25.5741
14.8475
22.5133
23.8578
17.3573
16.3493
16.8694
18.1028
17.8754
17.5183
18.6606
22.4056
17.9188
20.6244
19.8723
15.6395
22.0206
18.6978
19.5089
16.706
23.1325
20.5978
18.7166
21.4751
19.0719
19.7072
18.8585
16.9572
16.0885
21.9084
19.4643
15.9591
17.2373
18.6752
21.8262
22.4319
19.1844
20.7416
18.3927
17.6328
19.5249
20.3203
21.1626
16.2176
23.6621
18.7251
17.6133
28.0144
18.662
18.2362
29.6336
15.4292
20.9615
17.695
21.9488
17.637
20.8342
22.6287
23.9139
18.1716
17.5662
18.6562
13.5539
15.9105
18.4418
19.7213
21.8174
18.4074
26.8436
20.3762
24.8031
18.4921
18.5167
16.7334
17.7361
20.7102
21.4175
15.4819
24.3567
14.2867
16.0159
14.7287
16.6234
20.0937
18.8681
15.9559
20.0887
16.9508
18.9422
16.9061
25.2077
17.2843
16.9681
19.5673
22.2726
21.549
20.3277
22.0829
22.2779
14.4244
23.2429
20.8956
19.7298
25.0234
20.1091
21.39
19.2993
15.9053
23.0333
20.6315
21.5861
22.5164
18.2934
17.6734
18.01
18.3721
18.676
15.715
22.4401
26.2565
22.7289
15.4169
19.1187
18.3925
17.3887
16.3108
17.5616
15.7997
19.2211
20.814
21.0862
15.4518
17.5328
17.6278
15.3289
23.0541
23.4828
27.0102
18.2691
21.6351
23.9185
17.8719
20.1521
15.453
19.1988
16.8567
18.206
16.6034
16.9695
18.1945
17.4225
19.1742
15.6159
15.7945
24.018
17.1697
13.8294
20.4221
14.9936
15.6344
18.5292
23.5737
15.7254
22.9553
20.5943
21.5892
16.8586
17.5938
20.7344
21.0876
19.522
15.9252
16.2256
20.223
14.9199
18.6123
16.8476
18.7235
21.7843
17.1478
15.2972
15.8089
19.6672
23.9634
19.5631
21.3502
21.3084
21.6562
19.5216
19.9351
27.698
17.1492
17.8754
21.4616
23.0706
19.3127
17.4461
19.6394
17.0135
17.3241
17.8795
16.2157
16.7959
24.1878
15.8275
14.6132
18.0018
15.7548
20.0018
18.9327
21.3566
19.4446
16.631
19.3342
23.425
19.9517
24.6424
19.3998
19.8218
23.6337
17.2658
18.9438
20.1567
16.0187
17.0208
18.9264
15.426
18.8185
16.1648
23.6786
18.8594
16.083
20.7173
15.3115
24.1876
17.5616
16.9905
17.4435
18.6342
18.0326
22.38
26.1237
18.3444
16.7785
19.6309
16.2618
18.2571
18.8646
19.7216
16.5404
17.429
17.969
19.9505
20.0256
14.8562
19.1059
19.2689
21.4763
17.2287
19.4936
18.6607
19.6777
19.6464
16.3556
15.2821
16.8317
20.9951
14.9594
21.0569
17.9364
17.4763
18.6492
20.9069
19.7682
18.0809
20.1667
16.3645
21.3796
18.5236
25.9412
25.6062
18.4952
16.8115
17.724
22.7468
20.1207
18.5106
19.7508
18.9486
17.0933
17.8659
18.9123
19.0503
14.9276
18.9227
23.5213
19.5363
26.1449
19.372
23.2128
20.5634
21.7119
17.0575
18.5259
19.0591
23.7695
17.7378
17.42
15.2742
22.716
19.8559
19.9637
17.6263
16.4053
16.6456
17.8804
20.3495
20.4058
16.6093
18.5495
18.2677
21.6092
15.8668
19.9186
18.8385
18.5447
18.3642
20.3712
16.2623
26.4716
18.5241
14.593
19.4556
17.8576
17.1898
14.9816
18.7946
18.8977
18.9668
22.0576
16.5037
20.5268
19.7883
18.3957
16.5146
26.4658
20.1369
18.2431
18.6035
18.1914
26.8525
17.4174
19.2246
18.0795
21.0803
17.2055
19.8224
20.3389
17.2885
22.4834
28.8008
17.6481
25.2512
18.4002
22.1801
19.2803
24.0059
25.562
19.6183
16.6276
14.8277
21.0489
15.5044
16.4748
21.9288
18.6042
16.5502
15.5899
28.2038
22.2587
22.2482
16.2931
16.4034
20.6032
24.5332
17.3515
17.5274
19.4701
17.3109
21.262
19.5051
18.4523
17.7983
18.832
19.5859
23.8338
15.3751
23.267
24.8877
18.8001
20.3799
18.6889
16.248
19.7323
21.4576
25.3482
28.4522
21.6007
15.7913
16.8553
25.27
17.2796
22.2549
19.1858
16.0723
23.4917
17.2432
22.292
19.5903
31.6503
22.3628
16.867
17.9992
21.4216
32.4105
15.6593
19.4609
16.4015
21.7042
25.6928
18.5604
19.1337
16.2134
15.2029
22.6801
26.1129
18.5478
17.6467
21.7543
17.7186
15.911
17.3906
19.5735
16.6673
19.3931
16.2541
17.8226
32.2612
18.4575
16.8813
18.0043
15.5204
22.0267
14.4638
16.6673
27.5688
19.2358
17.7114
17.1711
25.046
17.2787
17.1441
16.8654
18.8556
18.005
19.874
19.4552
14.8387
22.7309
25.03
22.6976
23.5703
17.7968
17.6134
16.9603
19.3855
17.1783
21.2548
19.6966
14.8367
19.2242
24.2825
17.5955
18.8381
19.0688
18.0926
16.8147
24.8386
24.0921
17.5959
27.2276
23.2407
17.3772
23.667
19.6553
18.9984
18.2047
16.8816
15.0924
15.8432
15.519
18.9225
16.2799
20.9972
19.0739
16.4171
18.4027
21.9068
17.4559
19.3352
19.822
22.753
17.095
20.3505
15.3446
17.4475
16.574
15.6136
17.0476
20.7831
16.658
17.381
19.5052
21.3754
17.5112
19.1808
16.6783
16.3461
22.1677
23.969
20.2097
15.8576
16.788
18.5843
17.8987
17.2643
14.1822
17.9055
22.0115
17.371
24.3415
19.0656
20.9114
18.7868
23.547
16.3544
19.5929
16.2845
26.3059
14.5613
24.9619
19.7554
28.0481
18.8673
16.3285
18.2744
31.2392
16.1325
20.2248
19.052
19.3212
20.42
19.7961
21.6073
18.7655
21.2211
18.732
19.742
16.2306
17.1739
17.5353
16.9068
16.2413
21.3561
18.433
20.5094
22.2201
20.0357
22.0762
20.8309
18.1482
19.0112
16.2349
23.6852
19.2125
28.6197
16.6371
22.7126
19.2973
21.4596
23.4076
18.1267
16.4476
21.168
17.8473
18.318
20.9337
20.6839
18.7055
17.6757
16.7371
26.1194
26.4126
17.7174
20.9993
18.9665
19.0965
20.734
25.9172
17.9328
19.5203
29.2118
19.9195
21.2859
15.906
18.9836
18.4542
17.6792
19.0356
18.0888
20.7819
18.488
24.2137
17.5083
19.4248
17.9295
22.4422
18.8794
23.0181
15.8424
19.974
16.1934
22.404
17.6542
21.3905
21.9031
19.9918
30.55
21.4863
18.4131
18.4168
19.5162
17.6386
18.2793
21.3738
18.6407
23.6178
20.0343
19.5181
15.5859
18.0971
22.3135
15.664
20.4718
19.9939
19.4266
15.8381
22.015
22.8554
21.4817
20.1621
28.042
20.1958
25.4118
18.7729
18.1263
19.861
14.9961
17.5655
17.4258
14.9925
22.2375
22.4994
19.1266
18.1068
18.1841
19.0739
17.4208
18.4646
27.4615
20.3516
17.8176
14.6223
